/*--------------------------------*- C++ -*----------------------------------*\
  =========                 |
  \\      /  F ield         | OpenFOAM: The Open Source CFD Toolbox
   \\    /   O peration     | Website:  https://openfoam.org
    \\  /    A nd           | Version:  12
     \\/     M anipulation  |
\*---------------------------------------------------------------------------*/
FoamFile
{
    format      ascii;
    class       volScalarField;
    location    "9.1";
    object      rho;
}
// * * * * * * * * * * * * * * * * * * * * * * * * * * * * * * * * * * * * * //

dimensions      [1 -3 0 0 0 0 0];

internalField   nonuniform List<scalar> 
9801
(
1.06967
1.07548
1.07845
1.07996
1.08021
1.0827
1.08635
1.09277
1.10394
1.11323
1.11929
1.12386
1.12784
1.13125
1.13223
1.1319
1.13438
1.13834
1.14458
1.15643
1.16765
1.17458
1.17964
1.18405
1.18767
1.1874
1.1862
1.18863
1.1928
1.19925
1.21214
1.2249
1.23268
1.23825
1.24289
1.24643
1.2443
1.2429
1.24579
1.25065
1.25808
1.27282
1.28663
1.29506
1.30076
1.30608
1.3083
1.30372
1.3038
1.30779
1.31334
1.32355
1.34122
1.35537
1.36373
1.36977
1.37538
1.37269
1.36654
1.36873
1.37489
1.38251
1.39932
1.421
1.43468
1.44334
1.45067
1.45434
1.44491
1.4387
1.4431
1.45183
1.46637
1.49518
1.5186
1.53168
1.54173
1.55064
1.54686
1.53044
1.52919
1.5394
1.5568
1.59413
1.6321
1.65569
1.67272
1.68869
1.6928
1.66904
1.65823
1.67597
1.70968
1.78117
1.86155
1.9387
2.01143
2.77766
7.41959
1.07566
1.08172
1.08429
1.08569
1.0862
1.08849
1.09174
1.09755
1.10943
1.11942
1.12547
1.12987
1.13361
1.13678
1.13775
1.13769
1.13996
1.14347
1.14902
1.16135
1.17315
1.18014
1.18507
1.18919
1.19249
1.19238
1.19149
1.1938
1.19761
1.20341
1.21664
1.22988
1.23766
1.24303
1.24746
1.25066
1.24878
1.24758
1.25037
1.25478
1.26153
1.27675
1.29119
1.2996
1.3053
1.31036
1.3124
1.30813
1.30765
1.31115
1.31619
1.32542
1.3439
1.35897
1.3676
1.37384
1.37927
1.37737
1.37103
1.37229
1.37756
1.38411
1.39989
1.42233
1.43667
1.44571
1.45315
1.45779
1.44982
1.44268
1.44587
1.45367
1.46597
1.49307
1.51804
1.53269
1.54327
1.55246
1.55086
1.53433
1.53113
1.54037
1.55384
1.58457
1.62323
1.64897
1.6675
1.68487
1.69459
1.67618
1.66167
1.67438
1.7038
1.75566
1.8183
1.87581
1.92224
2.67389
7.43561
1.07465
1.08086
1.08342
1.08499
1.08553
1.08767
1.09077
1.09602
1.10796
1.11843
1.12452
1.12894
1.13275
1.13605
1.13725
1.13711
1.13911
1.14243
1.14745
1.15954
1.17171
1.17874
1.18366
1.18778
1.19124
1.19151
1.19076
1.19295
1.19663
1.2019
1.21457
1.22798
1.23575
1.24108
1.24556
1.24904
1.24764
1.24646
1.24917
1.25348
1.25968
1.27439
1.28911
1.29747
1.30313
1.30815
1.31079
1.30662
1.30524
1.30855
1.31363
1.32211
1.34051
1.35648
1.36533
1.37165
1.37725
1.3771
1.3702
1.36966
1.37417
1.38019
1.39303
1.41613
1.43255
1.44226
1.44987
1.45564
1.45023
1.44109
1.44252
1.44959
1.45875
1.48099
1.50972
1.52663
1.53734
1.5465
1.54858
1.53323
1.52596
1.53291
1.5449
1.56617
1.60731
1.64003
1.66005
1.67669
1.68909
1.67595
1.6572
1.66262
1.68796
1.7277
1.78501
1.83705
1.86814
2.63148
7.3526
1.07488
1.08111
1.0835
1.08482
1.08522
1.08722
1.09026
1.09502
1.10672
1.11807
1.12447
1.12892
1.13271
1.13595
1.13687
1.13642
1.13823
1.14148
1.14605
1.15742
1.17027
1.17766
1.18264
1.1868
1.19034
1.19074
1.1898
1.19175
1.19527
1.19998
1.21148
1.22555
1.23381
1.23926
1.24384
1.24758
1.2466
1.24511
1.24751
1.25158
1.25686
1.2699
1.28556
1.29455
1.3004
1.30544
1.30872
1.30498
1.30262
1.30566
1.31069
1.31776
1.33469
1.35224
1.36173
1.36809
1.37361
1.37487
1.36717
1.36477
1.36895
1.37509
1.38525
1.40794
1.42732
1.43765
1.44505
1.45111
1.44863
1.43668
1.43516
1.44162
1.45004
1.46675
1.49721
1.51773
1.52912
1.5383
1.54444
1.53327
1.51936
1.52177
1.53319
1.5479
1.58025
1.61787
1.64161
1.65886
1.67453
1.67334
1.65287
1.64648
1.66358
1.69308
1.73709
1.78631
1.80999
2.62319
7.29702
1.07443
1.0807
1.08302
1.08407
1.08425
1.08618
1.08922
1.09369
1.105
1.11706
1.12374
1.12817
1.13184
1.13482
1.13533
1.13477
1.13655
1.13976
1.14401
1.15452
1.16807
1.17596
1.18095
1.18501
1.18843
1.18881
1.18755
1.18924
1.19263
1.19696
1.20709
1.22208
1.23121
1.23679
1.24132
1.24504
1.24449
1.24222
1.24392
1.24759
1.25228
1.26321
1.28016
1.29058
1.29682
1.30188
1.30573
1.30326
1.29954
1.30142
1.30586
1.31154
1.32535
1.34464
1.35574
1.36252
1.3681
1.37137
1.36531
1.36039
1.36327
1.36899
1.37687
1.39574
1.41771
1.42967
1.43736
1.444
1.44612
1.43489
1.42845
1.43286
1.44076
1.45241
1.47966
1.5063
1.52045
1.53018
1.53873
1.53551
1.51756
1.51192
1.52024
1.53307
1.55508
1.59346
1.62488
1.6457
1.66311
1.67366
1.65939
1.64496
1.64671
1.66728
1.70001
1.7432
1.76563
2.62508
7.27381
1.07392
1.08022
1.0825
1.08339
1.08349
1.08545
1.08854
1.09286
1.10365
1.11602
1.12283
1.12719
1.13072
1.13364
1.1342
1.13357
1.13525
1.13842
1.14241
1.15184
1.16583
1.17428
1.17937
1.18342
1.18692
1.18764
1.18577
1.18694
1.19022
1.19442
1.20336
1.21874
1.22882
1.23467
1.23921
1.24315
1.24352
1.23987
1.24029
1.24369
1.24839
1.25795
1.27536
1.28732
1.2941
1.29929
1.30374
1.30321
1.29688
1.29638
1.30016
1.30569
1.31713
1.3374
1.35091
1.35853
1.36447
1.36954
1.36712
1.35863
1.3578
1.36243
1.36914
1.3833
1.40801
1.42403
1.43272
1.43966
1.44515
1.43779
1.42617
1.42619
1.43292
1.44201
1.46179
1.49375
1.51447
1.52592
1.53512
1.53878
1.523
1.50988
1.51234
1.52345
1.53827
1.56841
1.60459
1.63038
1.64998
1.66766
1.6712
1.65403
1.64412
1.65107
1.6701
1.70582
1.73107
2.63346
7.27154
1.07358
1.07992
1.08226
1.08322
1.08315
1.08505
1.08815
1.09223
1.10224
1.11474
1.12181
1.12627
1.12989
1.133
1.13396
1.13293
1.13423
1.13726
1.14113
1.14967
1.1638
1.17283
1.17811
1.18228
1.18596
1.18731
1.18471
1.18494
1.18799
1.19218
1.20049
1.21604
1.22705
1.23312
1.23777
1.2419
1.24353
1.23917
1.23755
1.24056
1.24517
1.25387
1.27147
1.28505
1.29217
1.29734
1.30196
1.3036
1.29697
1.29334
1.29636
1.30157
1.31084
1.33108
1.34801
1.35664
1.36263
1.36812
1.36943
1.35986
1.35504
1.35795
1.36402
1.37366
1.39732
1.41996
1.43127
1.43862
1.44499
1.44268
1.42859
1.42352
1.4279
1.43593
1.44798
1.47681
1.50661
1.52268
1.53294
1.54145
1.53728
1.51785
1.51107
1.51709
1.52895
1.54841
1.5827
1.61426
1.63758
1.6567
1.67245
1.66954
1.65325
1.64544
1.65233
1.67348
1.7002
2.6366
7.27602
1.07378
1.08023
1.08275
1.08406
1.08373
1.0853
1.08826
1.09208
1.101
1.11359
1.12126
1.12611
1.13
1.13338
1.13515
1.1336
1.13397
1.13672
1.14046
1.14798
1.16217
1.17219
1.17789
1.18224
1.18603
1.18834
1.18565
1.18439
1.18693
1.19096
1.19805
1.21348
1.22609
1.23281
1.23764
1.24183
1.24465
1.24094
1.23753
1.2395
1.24383
1.25055
1.26703
1.28328
1.29158
1.29697
1.3016
1.30469
1.29959
1.29407
1.29569
1.3005
1.30695
1.32377
1.3453
1.35662
1.36295
1.36829
1.37146
1.36391
1.35548
1.35639
1.36201
1.36906
1.38605
1.41412
1.43128
1.43988
1.44643
1.449
1.43676
1.42532
1.42575
1.43262
1.44123
1.45892
1.49247
1.51752
1.53127
1.54153
1.54848
1.53664
1.51739
1.51528
1.52406
1.53708
1.56143
1.59513
1.62232
1.6436
1.66249
1.67413
1.66887
1.65233
1.64271
1.64848
1.66554
2.63349
7.28342
1.07472
1.08144
1.08418
1.08603
1.08545
1.08642
1.08906
1.09249
1.10005
1.11314
1.12184
1.12694
1.13094
1.1345
1.13705
1.13564
1.13499
1.13727
1.14079
1.14685
1.1607
1.17236
1.17859
1.18303
1.18693
1.19006
1.18833
1.18579
1.18756
1.19126
1.19655
1.21018
1.22539
1.23342
1.23847
1.24278
1.24643
1.2445
1.23962
1.24043
1.24414
1.2491
1.26126
1.28066
1.29194
1.29802
1.30289
1.30706
1.30459
1.29738
1.29695
1.30076
1.30606
1.31616
1.3391
1.35593
1.36383
1.36935
1.37398
1.37069
1.35995
1.35773
1.36207
1.3683
1.3775
1.40238
1.42781
1.44009
1.44735
1.45325
1.45046
1.4343
1.42749
1.43067
1.43854
1.44852
1.47357
1.50736
1.52828
1.54058
1.55044
1.55342
1.53634
1.52103
1.52222
1.53193
1.54661
1.57501
1.60669
1.63073
1.64971
1.66671
1.67307
1.66558
1.64769
1.63323
1.62991
2.61677
7.29329
1.07647
1.08351
1.08641
1.08874
1.08808
1.08833
1.09054
1.09366
1.09952
1.11278
1.12317
1.12876
1.13285
1.13644
1.13941
1.13874
1.13726
1.13897
1.14214
1.14671
1.15892
1.17279
1.18018
1.18491
1.18891
1.19246
1.19218
1.18873
1.18958
1.1927
1.19679
1.20656
1.22395
1.23468
1.2404
1.24486
1.24892
1.24927
1.24369
1.24259
1.24528
1.24951
1.25697
1.276
1.29239
1.30022
1.30539
1.31005
1.311
1.30335
1.29965
1.30141
1.30574
1.31182
1.32929
1.35299
1.36511
1.37175
1.37744
1.37979
1.36996
1.3624
1.36297
1.36716
1.37348
1.38781
1.41783
1.43886
1.44911
1.45659
1.46195
1.45154
1.43481
1.43209
1.43725
1.44543
1.45767
1.48808
1.51899
1.53658
1.54813
1.55786
1.55869
1.53912
1.52613
1.52939
1.53984
1.55689
1.58725
1.6157
1.63687
1.65399
1.66781
1.66997
1.65927
1.6368
1.61033
2.58329
7.30529
1.07893
1.08632
1.0893
1.09196
1.09139
1.09073
1.09258
1.09558
1.10011
1.11229
1.12468
1.13116
1.13544
1.13912
1.1424
1.14269
1.14039
1.14136
1.1442
1.14788
1.15703
1.17275
1.18227
1.1875
1.19166
1.19545
1.19685
1.19301
1.19215
1.19458
1.1982
1.2043
1.22078
1.23566
1.24287
1.24761
1.25183
1.25433
1.24937
1.24534
1.24693
1.25069
1.25582
1.26985
1.29091
1.30221
1.30826
1.31304
1.31652
1.31107
1.30288
1.30239
1.30564
1.31085
1.32106
1.34614
1.36596
1.37493
1.38107
1.38602
1.38197
1.36842
1.36357
1.36586
1.37148
1.3796
1.4024
1.43347
1.45017
1.45858
1.46554
1.46794
1.45257
1.4384
1.43765
1.44298
1.4512
1.46775
1.5019
1.52975
1.54568
1.55687
1.56526
1.56161
1.54206
1.53175
1.53587
1.54649
1.56645
1.59776
1.62365
1.64197
1.65626
1.66499
1.66465
1.64713
1.61069
2.54317
7.31881
1.08178
1.08957
1.09254
1.0953
1.09499
1.0936
1.09508
1.09796
1.10169
1.11157
1.1259
1.13389
1.13852
1.14231
1.14579
1.14713
1.14429
1.14406
1.14647
1.14985
1.156
1.17157
1.18431
1.19059
1.19488
1.19873
1.20143
1.19823
1.19507
1.19656
1.19994
1.20439
1.21681
1.23542
1.24532
1.25067
1.25499
1.25863
1.25611
1.24937
1.24919
1.25247
1.25685
1.26503
1.28598
1.303
1.31071
1.31579
1.32024
1.3197
1.30925
1.30472
1.3071
1.31185
1.31832
1.33609
1.36278
1.3771
1.38432
1.38981
1.39248
1.38042
1.36781
1.36716
1.37189
1.37851
1.38928
1.41841
1.4459
1.45896
1.46681
1.47398
1.47304
1.45338
1.44121
1.4428
1.44982
1.4589
1.47922
1.51348
1.53786
1.55223
1.56331
1.57128
1.56596
1.54558
1.53637
1.5409
1.55161
1.57404
1.60551
1.62897
1.64484
1.65597
1.66121
1.65527
1.6261
2.51143
7.33162
1.08462
1.09285
1.09578
1.09861
1.09895
1.09708
1.09795
1.10056
1.10387
1.11096
1.12618
1.13666
1.14194
1.14589
1.14939
1.15156
1.14874
1.14692
1.14882
1.15213
1.15659
1.16927
1.18538
1.19351
1.19815
1.20202
1.20538
1.20405
1.19884
1.1989
1.2019
1.20589
1.21368
1.23263
1.24702
1.2537
1.25819
1.26224
1.26314
1.25576
1.25235
1.25448
1.2583
1.26336
1.278
1.30063
1.31234
1.3184
1.3233
1.32685
1.31983
1.3102
1.31028
1.31417
1.31906
1.32718
1.35122
1.37453
1.38456
1.39072
1.39643
1.39659
1.38152
1.3726
1.37383
1.37853
1.38524
1.39969
1.43192
1.45579
1.46701
1.47447
1.48064
1.47663
1.45712
1.44766
1.44972
1.45632
1.46595
1.49022
1.52372
1.54573
1.55927
1.5701
1.57628
1.56847
1.54854
1.53991
1.54396
1.55453
1.57945
1.61097
1.63231
1.64512
1.65274
1.65404
1.64318
2.49888
7.34266
1.08702
1.09598
1.09898
1.10198
1.10326
1.10117
1.10101
1.10328
1.10648
1.11148
1.1253
1.13887
1.14545
1.14939
1.1527
1.1553
1.1535
1.15031
1.15158
1.15474
1.15856
1.16687
1.18429
1.19571
1.20125
1.20522
1.2088
1.20972
1.20399
1.20182
1.2042
1.20794
1.21282
1.22716
1.24666
1.25621
1.26138
1.26556
1.26881
1.26428
1.25674
1.25643
1.25949
1.26383
1.27162
1.2933
1.31276
1.32139
1.32673
1.33148
1.3314
1.3198
1.31374
1.31485
1.31829
1.32352
1.33603
1.3649
1.38483
1.39387
1.4003
1.40571
1.40033
1.38285
1.37622
1.37847
1.38357
1.39044
1.40853
1.44225
1.46354
1.47406
1.48214
1.48871
1.4816
1.46032
1.45185
1.45515
1.46265
1.47364
1.50068
1.53223
1.55194
1.56478
1.57535
1.58104
1.5716
1.55053
1.54188
1.5454
1.55563
1.58211
1.6132
1.63224
1.64245
1.64557
1.65225
2.50715
7.35218
1.08875
1.09896
1.1022
1.10535
1.10751
1.10581
1.10443
1.10635
1.1095
1.1134
1.12366
1.13934
1.14777
1.15221
1.15561
1.15863
1.15894
1.15516
1.15498
1.15762
1.16105
1.16584
1.18028
1.19638
1.20386
1.20825
1.212
1.21472
1.21085
1.20583
1.20679
1.21009
1.21409
1.22198
1.24212
1.25743
1.26422
1.26869
1.27272
1.27308
1.26384
1.25926
1.26123
1.26513
1.26999
1.28291
1.30822
1.32332
1.33022
1.335
1.33889
1.33296
1.31952
1.31565
1.31814
1.32273
1.32921
1.34869
1.3791
1.39559
1.40333
1.40896
1.41288
1.403
1.38541
1.38025
1.38268
1.38801
1.39584
1.41985
1.45484
1.474
1.48306
1.48999
1.49433
1.48436
1.46459
1.45773
1.46109
1.46838
1.4811
1.51117
1.54091
1.55858
1.57025
1.58012
1.58472
1.57409
1.55231
1.5428
1.54543
1.55493
1.58246
1.61261
1.62967
1.63511
1.65049
2.53433
7.36224
1.08981
1.10181
1.10531
1.10863
1.11141
1.11122
1.10886
1.10999
1.1128
1.11607
1.12191
1.13683
1.14879
1.15456
1.15861
1.16219
1.16473
1.16178
1.15896
1.16029
1.16314
1.16676
1.17566
1.19432
1.20587
1.2113
1.21518
1.21871
1.21858
1.21183
1.20986
1.21216
1.21574
1.22024
1.23378
1.25539
1.26641
1.27188
1.27608
1.27953
1.27439
1.2648
1.26364
1.26643
1.27056
1.27668
1.2962
1.32088
1.33249
1.33877
1.34341
1.34508
1.33257
1.32082
1.32043
1.32445
1.3295
1.33677
1.36088
1.3897
1.40296
1.41011
1.41646
1.4196
1.40511
1.38783
1.3849
1.3893
1.39568
1.40418
1.43063
1.46313
1.47932
1.48818
1.49579
1.50088
1.48934
1.46909
1.46281
1.46685
1.47468
1.48934
1.52009
1.5473
1.56363
1.57514
1.58467
1.58938
1.57698
1.55303
1.54227
1.54405
1.55277
1.58076
1.60935
1.62201
1.64177
2.57241
7.37338
1.08998
1.10427
1.10841
1.11199
1.11516
1.11704
1.11463
1.11393
1.11574
1.11836
1.12175
1.13238
1.1487
1.15735
1.16203
1.16587
1.16934
1.16907
1.16356
1.16272
1.16516
1.16858
1.17358
1.18885
1.20606
1.2139
1.21839
1.22228
1.22525
1.2206
1.2142
1.21438
1.21718
1.22088
1.2275
1.24775
1.26667
1.27472
1.27953
1.28369
1.28489
1.27472
1.26725
1.26799
1.27138
1.27589
1.28458
1.30973
1.33133
1.34036
1.34593
1.35066
1.35037
1.33568
1.32622
1.32629
1.32932
1.33436
1.34428
1.37305
1.39919
1.41089
1.41741
1.42273
1.4248
1.40972
1.3947
1.39264
1.39554
1.40075
1.41065
1.44061
1.47158
1.48702
1.49573
1.50273
1.50601
1.49424
1.47528
1.46889
1.47195
1.47879
1.49478
1.52784
1.55471
1.57006
1.5804
1.58885
1.59234
1.57887
1.55332
1.54064
1.54126
1.54941
1.57811
1.60114
1.62626
2.61313
7.38308
1.08908
1.10605
1.11166
1.11562
1.11898
1.12202
1.12118
1.11734
1.11741
1.11978
1.12309
1.12976
1.14667
1.15962
1.16562
1.16946
1.17288
1.17492
1.16991
1.16605
1.16751
1.1706
1.17422
1.18283
1.20267
1.21587
1.22191
1.22598
1.22977
1.22992
1.22114
1.21708
1.21876
1.22223
1.22655
1.23801
1.26191
1.27654
1.28306
1.28731
1.29121
1.28786
1.27522
1.2709
1.27287
1.27649
1.2813
1.29372
1.32205
1.34068
1.3488
1.35451
1.35926
1.35472
1.33697
1.32889
1.33062
1.33508
1.3405
1.35156
1.38179
1.4064
1.41763
1.42514
1.43147
1.43175
1.41362
1.39804
1.39615
1.40078
1.40731
1.41845
1.44894
1.47778
1.49215
1.50103
1.5089
1.51299
1.50004
1.4791
1.47204
1.47548
1.48329
1.50145
1.53434
1.55948
1.57383
1.58395
1.59201
1.59507
1.58093
1.55336
1.53797
1.53689
1.54546
1.57089
1.60323
2.6461
7.38778
1.08782
1.1068
1.11497
1.11925
1.12265
1.12577
1.12671
1.12176
1.12007
1.12218
1.12536
1.12975
1.1428
1.15993
1.16809
1.17242
1.1759
1.17903
1.17768
1.17125
1.17028
1.17259
1.17594
1.18058
1.19559
1.21552
1.22471
1.22948
1.23326
1.23622
1.23082
1.22172
1.22109
1.22422
1.22816
1.23332
1.25038
1.27394
1.28496
1.29066
1.29494
1.2979
1.28963
1.27726
1.27496
1.27738
1.28144
1.28707
1.30498
1.33404
1.34951
1.35648
1.36111
1.36489
1.35874
1.34171
1.3351
1.33612
1.33963
1.34507
1.3598
1.39337
1.41657
1.42625
1.43194
1.43664
1.4366
1.4193
1.40467
1.40287
1.40625
1.41213
1.42508
1.45841
1.48659
1.49983
1.50766
1.51412
1.51733
1.50526
1.48506
1.4777
1.47985
1.48619
1.50423
1.53801
1.56342
1.57764
1.58726
1.59446
1.59669
1.58269
1.55325
1.5337
1.53109
1.53723
1.57436
2.66377
7.39134
1.08747
1.10543
1.11722
1.12246
1.12591
1.129
1.13117
1.12776
1.12401
1.12524
1.12809
1.13145
1.13896
1.15687
1.16957
1.17529
1.17913
1.18263
1.18466
1.17872
1.17372
1.17487
1.17802
1.18176
1.18946
1.20996
1.22577
1.2324
1.2364
1.24006
1.2406
1.23089
1.22521
1.22659
1.22981
1.23366
1.24078
1.2631
1.28428
1.29349
1.29889
1.30309
1.30352
1.28965
1.27916
1.27964
1.28367
1.28811
1.29398
1.31485
1.343
1.35628
1.36312
1.36892
1.37299
1.36294
1.34407
1.3385
1.34162
1.34694
1.35263
1.36816
1.4012
1.42158
1.4306
1.43742
1.44366
1.44312
1.42422
1.40895
1.40739
1.41216
1.41907
1.4334
1.46605
1.49124
1.50347
1.5121
1.51995
1.52408
1.51097
1.48845
1.47952
1.48163
1.4884
1.50677
1.54071
1.56636
1.58047
1.58946
1.59549
1.5966
1.58326
1.55312
1.52992
1.5189
1.5413
2.65303
7.39663
1.08841
1.10191
1.11793
1.12522
1.12914
1.13242
1.13528
1.13439
1.12907
1.12846
1.13067
1.13368
1.13778
1.15083
1.16933
1.17821
1.18267
1.1862
1.18939
1.18741
1.17931
1.17785
1.18037
1.18387
1.18799
1.2004
1.22261
1.23431
1.23978
1.24358
1.24696
1.24336
1.23224
1.22923
1.23148
1.23515
1.23932
1.24957
1.27533
1.29329
1.30072
1.3057
1.30978
1.30794
1.29318
1.28563
1.28628
1.28882
1.29302
1.30061
1.32588
1.35266
1.36456
1.37054
1.37493
1.37837
1.36802
1.35104
1.34661
1.34804
1.35149
1.35733
1.37644
1.41037
1.42979
1.43824
1.44389
1.44923
1.44887
1.43093
1.41632
1.41443
1.41766
1.42335
1.43872
1.47331
1.49895
1.51094
1.51829
1.52467
1.5282
1.51579
1.4933
1.48374
1.48489
1.49075
1.50814
1.54177
1.56768
1.58159
1.5898
1.59473
1.59506
1.58273
1.55343
1.52245
1.5157
2.61448
7.40488
1.09048
1.09839
1.11598
1.12745
1.13253
1.13584
1.13876
1.14027
1.13545
1.13182
1.13315
1.13613
1.1395
1.1463
1.16475
1.17965
1.18596
1.18962
1.1929
1.19482
1.18822
1.18218
1.18293
1.18577
1.18927
1.19476
1.21265
1.23352
1.24269
1.24739
1.25106
1.25342
1.24488
1.23484
1.23414
1.23697
1.2406
1.24502
1.25885
1.28595
1.30157
1.3086
1.31374
1.3178
1.31219
1.29532
1.28869
1.29073
1.2947
1.29912
1.3073
1.33441
1.35966
1.37049
1.37731
1.38319
1.38602
1.37251
1.35447
1.34975
1.35282
1.35797
1.36413
1.38356
1.41598
1.43423
1.44341
1.45093
1.45694
1.45566
1.43657
1.42053
1.41797
1.42233
1.42899
1.44494
1.47823
1.50218
1.51378
1.52246
1.53027
1.53509
1.52276
1.49865
1.48706
1.48722
1.49205
1.50749
1.54091
1.56738
1.58136
1.58904
1.59302
1.59248
1.5816
1.54733
1.51388
2.55497
7.4167
1.09316
1.09802
1.11088
1.12753
1.13507
1.13887
1.14198
1.14479
1.14342
1.13734
1.1366
1.139
1.14219
1.14585
1.15668
1.17696
1.18798
1.193
1.19643
1.19973
1.19863
1.18929
1.18604
1.18804
1.19143
1.19509
1.20251
1.22452
1.24295
1.25064
1.25523
1.25896
1.25881
1.24658
1.23869
1.23903
1.24181
1.24568
1.25112
1.26935
1.29622
1.3096
1.31578
1.32013
1.32357
1.31698
1.30117
1.29559
1.2963
1.29906
1.30375
1.31487
1.34535
1.3693
1.37906
1.38423
1.38813
1.39067
1.37886
1.36202
1.35726
1.35851
1.36207
1.36854
1.39159
1.42586
1.44365
1.45139
1.45661
1.46155
1.46146
1.44397
1.42737
1.42377
1.42617
1.43141
1.44745
1.48336
1.5101
1.52271
1.53021
1.5367
1.54038
1.52875
1.50358
1.4893
1.48803
1.49229
1.50611
1.53922
1.56708
1.58112
1.5876
1.58984
1.5892
1.57421
1.54066
2.50532
7.43094
1.09631
1.09995
1.10581
1.12297
1.13634
1.14219
1.14569
1.14892
1.1511
1.14619
1.1413
1.14199
1.14439
1.14736
1.15192
1.1678
1.18741
1.19598
1.20036
1.20376
1.2065
1.20077
1.19181
1.19099
1.19333
1.19651
1.20048
1.21126
1.23613
1.25206
1.25886
1.26317
1.26659
1.26254
1.24775
1.24196
1.24402
1.24796
1.25192
1.25759
1.27834
1.30443
1.31648
1.32282
1.32814
1.33174
1.32147
1.30336
1.2983
1.30121
1.3059
1.31081
1.32226
1.35232
1.37411
1.38335
1.38993
1.39572
1.39826
1.38488
1.36599
1.36036
1.36343
1.3689
1.37633
1.39925
1.43075
1.44692
1.4553
1.46217
1.46814
1.46807
1.44976
1.43107
1.42651
1.4304
1.43711
1.45375
1.48824
1.51426
1.52694
1.53472
1.54112
1.54439
1.53338
1.50788
1.49168
1.48906
1.49238
1.50497
1.53739
1.56534
1.57884
1.58385
1.58597
1.58142
1.57464
2.48939
7.44557
1.09956
1.10204
1.10513
1.1153
1.13462
1.145
1.14973
1.15302
1.15614
1.15582
1.14785
1.14465
1.14627
1.14927
1.1526
1.15961
1.18024
1.19724
1.20407
1.20792
1.21129
1.21193
1.20186
1.19465
1.19528
1.19845
1.20212
1.20677
1.2213
1.24649
1.25984
1.26596
1.27027
1.27317
1.26614
1.25235
1.24868
1.25024
1.253
1.25696
1.26421
1.28836
1.3135
1.32446
1.32993
1.33353
1.33632
1.32654
1.31056
1.30639
1.30768
1.31059
1.31549
1.32918
1.36082
1.38244
1.39132
1.39618
1.40045
1.4039
1.39244
1.374
1.36851
1.36987
1.37353
1.38024
1.40443
1.43744
1.45433
1.46181
1.46671
1.47242
1.4748
1.45847
1.43938
1.43418
1.43582
1.44018
1.45408
1.48849
1.51637
1.52988
1.53744
1.54344
1.54754
1.53972
1.51431
1.4951
1.49037
1.49236
1.50186
1.53317
1.56166
1.57462
1.57976
1.5774
1.59199
2.50423
7.45685
1.10286
1.1045
1.10724
1.11184
1.12739
1.14524
1.15285
1.15662
1.15973
1.16235
1.15805
1.14991
1.1491
1.15155
1.15483
1.15868
1.16933
1.19207
1.20581
1.2117
1.21504
1.21827
1.21573
1.20359
1.19918
1.20105
1.20437
1.20789
1.21275
1.23026
1.25525
1.26741
1.27339
1.27784
1.28029
1.27043
1.25566
1.25232
1.25518
1.25915
1.26308
1.27055
1.29607
1.3199
1.32984
1.33591
1.34125
1.34403
1.33204
1.31451
1.30968
1.3125
1.31717
1.32227
1.33516
1.36558
1.38627
1.39563
1.40264
1.40834
1.41119
1.39862
1.37875
1.37169
1.37402
1.37925
1.38659
1.40916
1.43984
1.45644
1.46623
1.47448
1.48055
1.48202
1.46516
1.44343
1.43552
1.43724
1.44257
1.45526
1.48799
1.51776
1.53278
1.54123
1.54801
1.55254
1.54645
1.52012
1.4967
1.48893
1.49003
1.49793
1.52814
1.55667
1.5705
1.57127
1.59483
2.54221
7.46778
1.10725
1.10715
1.10954
1.11257
1.11982
1.1395
1.15397
1.16002
1.16345
1.1667
1.16805
1.15987
1.15386
1.15476
1.15755
1.16063
1.16461
1.17836
1.20155
1.21343
1.21912
1.22283
1.22566
1.21887
1.20688
1.20437
1.20622
1.20917
1.21302
1.21919
1.23965
1.26359
1.2745
1.27998
1.28419
1.28631
1.27613
1.2626
1.25959
1.26077
1.26342
1.26769
1.27753
1.30556
1.32843
1.33779
1.34262
1.34626
1.34939
1.33949
1.32296
1.31794
1.31868
1.32125
1.32612
1.34087
1.37377
1.39523
1.40366
1.40837
1.41257
1.41626
1.40642
1.387
1.37933
1.37984
1.38325
1.38951
1.41262
1.44721
1.46601
1.47412
1.47941
1.48439
1.48714
1.47311
1.45054
1.44079
1.44083
1.44497
1.45595
1.48797
1.52074
1.53755
1.54523
1.55066
1.55398
1.54976
1.52505
1.49823
1.48749
1.48718
1.49411
1.523
1.5513
1.56084
1.58984
2.59095
7.47768
1.11291
1.10991
1.11166
1.11449
1.11808
1.12941
1.15093
1.16252
1.16772
1.17109
1.17427
1.17249
1.16226
1.15857
1.15962
1.16184
1.16504
1.17034
1.18815
1.21128
1.22183
1.22701
1.23046
1.23197
1.22149
1.21
1.20883
1.21176
1.21536
1.21889
1.2252
1.24774
1.27123
1.28152
1.28715
1.29191
1.29382
1.28094
1.26532
1.26254
1.26568
1.26993
1.27419
1.28397
1.31193
1.33344
1.34253
1.34887
1.3542
1.35712
1.34579
1.32696
1.32051
1.32272
1.32733
1.33285
1.3474
1.37821
1.39801
1.40713
1.41409
1.41992
1.42344
1.41362
1.39287
1.38306
1.3841
1.38916
1.39617
1.41699
1.44904
1.46725
1.47667
1.48444
1.49095
1.49428
1.48098
1.45656
1.44486
1.44497
1.4493
1.45886
1.48784
1.52028
1.53727
1.54529
1.55111
1.55543
1.5533
1.53014
1.50021
1.48592
1.48428
1.48972
1.51781
1.53956
1.57503
2.64008
7.48418
1.12009
1.11355
1.1142
1.1169
1.11987
1.1248
1.1411
1.16193
1.17112
1.17533
1.17842
1.18079
1.17408
1.16335
1.16168
1.16418
1.16749
1.17105
1.17778
1.19853
1.21973
1.22888
1.23401
1.23773
1.23784
1.22541
1.21583
1.21518
1.21696
1.21992
1.22398
1.23237
1.25734
1.2795
1.2888
1.29365
1.297
1.29831
1.28658
1.27294
1.27034
1.27175
1.27444
1.27882
1.2906
1.32046
1.34197
1.35055
1.35514
1.35841
1.36136
1.35267
1.33509
1.32853
1.32926
1.33187
1.33664
1.3518
1.38464
1.40605
1.41481
1.41962
1.42403
1.42886
1.42261
1.40242
1.39158
1.39047
1.3923
1.39746
1.4167
1.45223
1.47488
1.48467
1.49045
1.49545
1.4994
1.48997
1.46634
1.45197
1.44946
1.45188
1.45772
1.48306
1.51831
1.53817
1.54715
1.55271
1.55668
1.55642
1.53614
1.5029
1.48391
1.48005
1.48496
1.5066
1.55055
2.67662
7.48617
1.12817
1.12022
1.11785
1.11994
1.12287
1.12603
1.13275
1.15272
1.17083
1.17829
1.18204
1.18487
1.18548
1.17477
1.16687
1.16767
1.17065
1.17386
1.17722
1.18448
1.20737
1.22781
1.23644
1.24137
1.24509
1.24378
1.22887
1.2188
1.21907
1.22257
1.22647
1.23033
1.23892
1.26475
1.28547
1.2939
1.29933
1.30417
1.3058
1.29241
1.27676
1.27355
1.27661
1.28094
1.28547
1.29686
1.32534
1.34536
1.35404
1.3602
1.36554
1.36892
1.36027
1.34113
1.33217
1.33329
1.33779
1.34338
1.35728
1.38707
1.40766
1.41778
1.4257
1.43203
1.43651
1.43033
1.40843
1.39391
1.39236
1.3966
1.40296
1.42004
1.4531
1.47592
1.48693
1.49533
1.50247
1.50702
1.49877
1.47282
1.45392
1.4494
1.45222
1.45853
1.4815
1.51671
1.53856
1.54865
1.55422
1.55757
1.55743
1.54057
1.50632
1.48151
1.47489
1.47449
1.51971
2.6879
7.48773
1.13477
1.131
1.12349
1.12376
1.12622
1.12905
1.13211
1.13993
1.16186
1.17837
1.18526
1.18933
1.19253
1.19033
1.17786
1.17249
1.17339
1.17553
1.17865
1.18272
1.19216
1.21652
1.23513
1.24279
1.24735
1.25085
1.2487
1.23446
1.22629
1.22641
1.2282
1.23114
1.23531
1.24605
1.27307
1.29303
1.30125
1.30559
1.30882
1.31082
1.2999
1.28532
1.28184
1.28281
1.28522
1.2896
1.30194
1.33152
1.35268
1.36158
1.36623
1.37019
1.37473
1.36998
1.35137
1.3414
1.34049
1.34221
1.34641
1.35935
1.39123
1.41572
1.4262
1.43156
1.43565
1.44076
1.43893
1.41888
1.4034
1.4001
1.40126
1.40529
1.41845
1.45267
1.48157
1.49468
1.50111
1.50572
1.50945
1.5049
1.48154
1.46082
1.45437
1.45517
1.45952
1.47865
1.51403
1.53788
1.54867
1.554
1.5569
1.55651
1.54317
1.51004
1.48189
1.46456
1.48593
2.66619
7.48784
1.13932
1.1426
1.13368
1.12875
1.12929
1.13104
1.13352
1.13723
1.14773
1.1714
1.18681
1.19324
1.19691
1.19954
1.19397
1.18037
1.17617
1.17834
1.1818
1.18513
1.18874
1.19862
1.22395
1.2417
1.24909
1.25382
1.25784
1.25546
1.2397
1.22997
1.23028
1.23377
1.23768
1.24159
1.25169
1.27849
1.29777
1.30584
1.31154
1.31639
1.31863
1.30677
1.28973
1.28467
1.28708
1.29132
1.29615
1.30699
1.33436
1.35556
1.36558
1.373
1.37862
1.38262
1.37747
1.35728
1.34425
1.34341
1.34743
1.35287
1.36434
1.39286
1.41656
1.42818
1.43694
1.44389
1.4489
1.44713
1.42668
1.40722
1.40198
1.40498
1.41035
1.42145
1.45153
1.48036
1.4941
1.50215
1.50949
1.51471
1.51298
1.49065
1.46613
1.45647
1.45653
1.46006
1.47511
1.50938
1.53524
1.54704
1.55241
1.55501
1.55488
1.54453
1.51488
1.47654
1.46953
2.60928
7.49176
1.144
1.15003
1.14721
1.13642
1.13238
1.13365
1.13642
1.13938
1.14332
1.15494
1.17901
1.19318
1.19945
1.20342
1.20591
1.19842
1.18602
1.1834
1.18477
1.18662
1.18965
1.19408
1.20623
1.23189
1.24851
1.2555
1.25971
1.26302
1.26135
1.24743
1.23848
1.2379
1.23916
1.24182
1.24605
1.25782
1.28598
1.30552
1.31331
1.31735
1.32054
1.32369
1.31518
1.29893
1.29335
1.29383
1.29585
1.29994
1.31068
1.34054
1.36445
1.37419
1.37903
1.38204
1.38579
1.38392
1.36666
1.35359
1.35135
1.3526
1.3562
1.36535
1.39478
1.42413
1.43771
1.44411
1.44834
1.45243
1.45301
1.43639
1.41696
1.41015
1.40994
1.41232
1.41946
1.44726
1.48251
1.50132
1.50916
1.5143
1.51827
1.51757
1.49901
1.47272
1.45928
1.45724
1.45964
1.47058
1.50345
1.53235
1.54594
1.55121
1.55305
1.55208
1.54481
1.51263
1.47957
2.54018
7.50409
1.14774
1.15534
1.15707
1.1497
1.1389
1.13729
1.1393
1.14175
1.14397
1.14761
1.16081
1.18611
1.20062
1.20705
1.21155
1.21369
1.20422
1.19012
1.18674
1.18914
1.19255
1.19592
1.19981
1.21199
1.23805
1.25412
1.26094
1.26607
1.27037
1.26903
1.25336
1.24169
1.24094
1.24413
1.24805
1.25214
1.26297
1.29022
1.30903
1.31718
1.32324
1.32824
1.33144
1.32288
1.30469
1.29662
1.29785
1.30196
1.30665
1.31566
1.34263
1.36537
1.3757
1.38252
1.38848
1.39329
1.39239
1.37499
1.3585
1.35449
1.35747
1.36248
1.37025
1.39526
1.42363
1.43794
1.44622
1.45338
1.45926
1.4614
1.44627
1.42268
1.41176
1.41202
1.41641
1.42377
1.44723
1.48143
1.50137
1.5105
1.51639
1.5211
1.52199
1.50632
1.47835
1.46102
1.45699
1.45874
1.46747
1.49841
1.52914
1.54401
1.54908
1.54985
1.54944
1.53883
1.51966
2.49517
7.51889
1.1494
1.15999
1.16235
1.16234
1.15132
1.14185
1.14046
1.14198
1.14493
1.1485
1.15341
1.17001
1.19606
1.20918
1.21473
1.21868
1.21978
1.20915
1.19646
1.1939
1.19514
1.19699
1.20026
1.20499
1.21954
1.2461
1.26155
1.26787
1.27154
1.27443
1.2741
1.261
1.24999
1.24847
1.24964
1.25206
1.25616
1.26825
1.2971
1.3171
1.32504
1.32926
1.33222
1.33609
1.33127
1.31427
1.30559
1.30462
1.30528
1.30872
1.31762
1.34502
1.37164
1.38385
1.38962
1.39347
1.39793
1.39988
1.38602
1.36881
1.36297
1.36209
1.36361
1.36951
1.39239
1.42599
1.44583
1.45436
1.45948
1.46341
1.46646
1.45682
1.43408
1.42119
1.41875
1.41951
1.42327
1.44152
1.47801
1.50301
1.51374
1.51902
1.52287
1.52485
1.51365
1.48571
1.46497
1.45843
1.45863
1.46408
1.49212
1.52467
1.54087
1.5454
1.54692
1.54176
1.55288
2.49643
7.53144
1.14495
1.16178
1.16568
1.16848
1.1671
1.15366
1.14484
1.14509
1.14811
1.15183
1.15566
1.16113
1.17976
1.20399
1.21507
1.2204
1.22445
1.22631
1.21562
1.20083
1.19716
1.19963
1.20325
1.20691
1.21127
1.2255
1.25137
1.26572
1.27206
1.27723
1.28167
1.282
1.26783
1.25398
1.25145
1.25429
1.25837
1.26295
1.27401
1.30049
1.31953
1.32816
1.33449
1.33991
1.344
1.33939
1.32005
1.30759
1.30678
1.31033
1.31529
1.3243
1.34887
1.37443
1.38695
1.3943
1.40114
1.40625
1.40817
1.39443
1.37259
1.3631
1.36384
1.36804
1.37493
1.39514
1.42793
1.44818
1.45735
1.46427
1.47043
1.4742
1.46641
1.44146
1.42305
1.4184
1.42074
1.42574
1.44147
1.47604
1.50327
1.51539
1.52097
1.52515
1.52832
1.5215
1.49378
1.46796
1.4577
1.45676
1.46025
1.48521
1.51902
1.53619
1.54222
1.53836
1.56584
2.52651
7.54206
1.13208
1.1586
1.1667
1.17182
1.1754
1.17351
1.15971
1.15283
1.15364
1.156
1.15872
1.16174
1.16703
1.18626
1.20961
1.22046
1.22552
1.22904
1.23071
1.22169
1.2086
1.20555
1.20687
1.20863
1.21158
1.21638
1.23172
1.2579
1.27275
1.27899
1.28254
1.2855
1.2873
1.27674
1.26326
1.26012
1.26108
1.26305
1.2669
1.2772
1.3042
1.32609
1.33573
1.34047
1.34367
1.34806
1.34695
1.33032
1.3182
1.31649
1.31815
1.32132
1.32767
1.35004
1.37895
1.39461
1.40131
1.40479
1.40858
1.41253
1.40422
1.38397
1.37383
1.37292
1.37528
1.37966
1.3942
1.42674
1.45217
1.46363
1.46889
1.47223
1.47637
1.47421
1.4532
1.43315
1.4262
1.42591
1.42855
1.43865
1.4709
1.50222
1.51736
1.52355
1.52729
1.52957
1.5256
1.50114
1.4714
1.45713
1.45446
1.45682
1.47901
1.51236
1.53119
1.53301
1.56605
2.57653
7.55201
1.11982
1.14482
1.16601
1.17471
1.17968
1.18336
1.17991
1.16527
1.15786
1.15791
1.16001
1.1624
1.16558
1.17186
1.19217
1.21513
1.22546
1.23046
1.23471
1.23765
1.22956
1.21448
1.20919
1.21097
1.21448
1.21814
1.22235
1.23591
1.26134
1.27617
1.28291
1.28838
1.29302
1.29527
1.28482
1.26869
1.26304
1.26484
1.26861
1.27297
1.28108
1.30512
1.32744
1.33819
1.34613
1.35246
1.35697
1.35585
1.34035
1.32429
1.31951
1.32189
1.32605
1.33102
1.34903
1.37733
1.39388
1.40301
1.41161
1.41765
1.4218
1.41586
1.39502
1.37951
1.37594
1.37812
1.3816
1.39162
1.42151
1.4488
1.46177
1.47077
1.47865
1.48369
1.48345
1.46451
1.43956
1.42753
1.42626
1.42948
1.43697
1.46606
1.50028
1.51708
1.52344
1.52749
1.5306
1.52932
1.50832
1.47573
1.45684
1.45217
1.45355
1.47282
1.50568
1.51934
1.55816
2.63101
7.55862
1.11877
1.12972
1.15592
1.17469
1.18257
1.18696
1.18969
1.18537
1.17116
1.16352
1.16298
1.16513
1.16814
1.17164
1.17814
1.19852
1.22089
1.23123
1.23617
1.23932
1.24207
1.23716
1.22379
1.21804
1.21823
1.21934
1.22201
1.22644
1.24025
1.26682
1.2832
1.29001
1.29381
1.29708
1.30061
1.29415
1.27843
1.27171
1.27152
1.2727
1.276
1.28323
1.30882
1.33608
1.34861
1.35452
1.35872
1.36272
1.36378
1.34917
1.33088
1.32459
1.32521
1.3283
1.33285
1.34796
1.38033
1.40353
1.41346
1.41908
1.4236
1.42791
1.425
1.40389
1.3845
1.3781
1.37949
1.38343
1.39117
1.41844
1.45304
1.47123
1.47865
1.48342
1.48721
1.48782
1.47241
1.44653
1.43203
1.42906
1.43131
1.43726
1.46162
1.49677
1.51668
1.52453
1.52847
1.53148
1.53213
1.51581
1.48102
1.45657
1.44952
1.44974
1.46791
1.49273
1.53897
2.67841
7.55993
1.12215
1.12834
1.14056
1.16444
1.18163
1.18856
1.19278
1.19595
1.19209
1.17777
1.16933
1.16916
1.17138
1.17397
1.17699
1.18255
1.20182
1.22441
1.23532
1.24136
1.24639
1.24992
1.2457
1.23013
1.22097
1.22106
1.22412
1.22784
1.2319
1.24343
1.26895
1.28589
1.29385
1.3002
1.30504
1.30846
1.30277
1.28525
1.27502
1.27491
1.27848
1.28338
1.28967
1.31102
1.33721
1.35023
1.35656
1.36115
1.36525
1.36801
1.35875
1.33987
1.33018
1.33033
1.33441
1.33983
1.35116
1.38007
1.40399
1.41534
1.42142
1.42613
1.42994
1.43063
1.41506
1.39364
1.38503
1.38596
1.39024
1.39695
1.41828
1.45106
1.47018
1.47859
1.48396
1.48869
1.49171
1.48259
1.45761
1.43837
1.43264
1.43333
1.43689
1.45585
1.49218
1.51564
1.52514
1.52941
1.532
1.53276
1.52118
1.48731
1.45735
1.44624
1.44634
1.45715
1.51099
2.70581
7.55924
1.1291
1.13444
1.13812
1.14707
1.17071
1.18765
1.19486
1.19897
1.202
1.19882
1.18351
1.17434
1.1732
1.17471
1.17715
1.18092
1.18726
1.20783
1.23206
1.24334
1.24828
1.25147
1.25425
1.25239
1.23891
1.22931
1.228
1.229
1.23144
1.23547
1.24753
1.27512
1.29428
1.30203
1.30619
1.30906
1.31306
1.3116
1.29602
1.28507
1.28368
1.28411
1.28619
1.29116
1.30894
1.33695
1.35366
1.36185
1.36859
1.37394
1.37741
1.37058
1.35172
1.34058
1.33883
1.339
1.34157
1.34932
1.37537
1.40352
1.41818
1.42589
1.43307
1.43834
1.44063
1.42816
1.40579
1.39451
1.39273
1.39303
1.3963
1.41151
1.44551
1.4706
1.48226
1.48947
1.49524
1.49867
1.49222
1.46603
1.44242
1.43383
1.43393
1.43707
1.4519
1.48681
1.51292
1.52395
1.52887
1.53174
1.5326
1.52455
1.49423
1.46013
1.44398
1.43507
1.47785
2.69691
7.55603
1.13693
1.14002
1.14098
1.14323
1.15019
1.17227
1.18966
1.19673
1.20053
1.20367
1.20344
1.19041
1.17968
1.1782
1.18074
1.18435
1.18809
1.19378
1.21285
1.23586
1.24662
1.25235
1.25745
1.26148
1.26069
1.24624
1.23322
1.23115
1.23403
1.2384
1.24294
1.25284
1.27753
1.29611
1.30481
1.31128
1.3169
1.32112
1.32009
1.30299
1.28763
1.28421
1.28645
1.2902
1.29529
1.31039
1.34054
1.36178
1.37108
1.37631
1.38062
1.38468
1.38077
1.35982
1.34294
1.33873
1.34092
1.34529
1.35213
1.37397
1.40598
1.42571
1.43435
1.43955
1.44391
1.44727
1.43862
1.41339
1.39574
1.39156
1.39389
1.39852
1.41123
1.4436
1.47357
1.4877
1.4935
1.49706
1.49957
1.49688
1.47548
1.44957
1.43733
1.43561
1.4375
1.44698
1.47941
1.50948
1.5232
1.52858
1.53094
1.53144
1.52625
1.50079
1.46535
1.43699
1.45149
2.65296
7.55314
1.14599
1.142
1.14057
1.14031
1.14178
1.14948
1.17318
1.19247
1.2014
1.20723
1.21164
1.2128
1.20107
1.18928
1.18721
1.18822
1.18971
1.19266
1.1986
1.21743
1.24124
1.25332
1.25887
1.26205
1.26509
1.26694
1.25619
1.2435
1.24097
1.24194
1.24334
1.24663
1.25541
1.28004
1.30231
1.31264
1.31762
1.32023
1.32309
1.32431
1.31219
1.29682
1.29229
1.29427
1.29842
1.30321
1.31376
1.34074
1.36331
1.37376
1.37937
1.38315
1.38656
1.38673
1.3712
1.35364
1.34797
1.34916
1.35261
1.3572
1.37251
1.40386
1.42621
1.4365
1.44231
1.44619
1.44897
1.44559
1.42415
1.40521
1.3997
1.40087
1.404
1.41125
1.43876
1.46991
1.48522
1.49244
1.49869
1.50331
1.50334
1.48477
1.45563
1.43923
1.43547
1.43702
1.44414
1.47319
1.50529
1.52158
1.52777
1.5297
1.52963
1.52556
1.50655
1.46446
1.44776
2.58109
7.55855
1.15637
1.13933
1.13493
1.13558
1.13781
1.14169
1.15276
1.18012
1.20185
1.21085
1.21608
1.2204
1.22097
1.20756
1.19285
1.18964
1.19202
1.19523
1.19891
1.20451
1.22065
1.24347
1.25598
1.26267
1.26865
1.27328
1.27532
1.26398
1.24813
1.24269
1.24445
1.24794
1.25238
1.25995
1.28072
1.30255
1.31338
1.32012
1.32667
1.33164
1.33409
1.32504
1.30821
1.30083
1.30099
1.30226
1.30484
1.31189
1.33558
1.36143
1.37475
1.38244
1.38982
1.39494
1.39688
1.3851
1.36507
1.35479
1.35322
1.35407
1.3571
1.36788
1.39824
1.42527
1.43796
1.44458
1.45108
1.45564
1.45554
1.4379
1.41514
1.40432
1.40259
1.40466
1.40915
1.4315
1.4677
1.48954
1.49792
1.50204
1.50477
1.50539
1.49309
1.46487
1.44435
1.43771
1.43754
1.44091
1.46514
1.50003
1.51938
1.52612
1.52765
1.5268
1.5243
1.50401
1.47714
2.51786
7.57274
1.17065
1.14064
1.13397
1.13538
1.13817
1.14268
1.14931
1.16343
1.19253
1.21115
1.21809
1.22181
1.22421
1.22399
1.21332
1.20064
1.19772
1.19913
1.20116
1.20388
1.20839
1.22308
1.24792
1.2633
1.27025
1.27419
1.2767
1.27953
1.27185
1.25658
1.2511
1.25192
1.25352
1.25592
1.2611
1.27957
1.30588
1.32179
1.3295
1.33486
1.33954
1.34342
1.33643
1.31622
1.30376
1.30147
1.30364
1.30725
1.31284
1.33355
1.36519
1.38383
1.39176
1.39675
1.40103
1.40434
1.39632
1.37339
1.3576
1.35371
1.35586
1.36007
1.36851
1.39543
1.4278
1.44534
1.45254
1.45718
1.46139
1.46296
1.44802
1.42203
1.40695
1.40412
1.407
1.4122
1.42969
1.46355
1.48684
1.49669
1.50259
1.50754
1.51006
1.50209
1.47364
1.4476
1.43726
1.43601
1.43842
1.45836
1.4943
1.51623
1.5236
1.52445
1.52474
1.51816
1.52131
2.49704
7.58693
1.16741
1.15091
1.13946
1.13899
1.1425
1.14937
1.15715
1.16504
1.17768
1.20007
1.21493
1.22122
1.22488
1.22872
1.2308
1.22193
1.20758
1.20168
1.2028
1.20612
1.21005
1.21424
1.22483
1.24823
1.26461
1.27288
1.27958
1.28493
1.28809
1.28232
1.26645
1.25618
1.25447
1.25713
1.2609
1.26588
1.27993
1.30648
1.32502
1.33435
1.33997
1.34384
1.34672
1.3437
1.32576
1.31085
1.30737
1.30974
1.31393
1.31928
1.33499
1.36511
1.38527
1.39454
1.39975
1.40339
1.40651
1.4041
1.38519
1.36716
1.36173
1.36324
1.36705
1.373
1.39365
1.42632
1.4463
1.45513
1.45994
1.46286
1.46537
1.45796
1.4341
1.41631
1.4111
1.41056
1.41231
1.42295
1.45681
1.48816
1.50187
1.50667
1.50957
1.51085
1.5057
1.48122
1.45235
1.43846
1.4353
1.43632
1.45155
1.48761
1.51251
1.52078
1.52298
1.5174
1.5447
2.51446
7.5957
1.16306
1.16458
1.15946
1.15511
1.15675
1.16147
1.16624
1.17034
1.17377
1.1802
1.1994
1.21675
1.22549
1.23039
1.23303
1.23509
1.22939
1.21585
1.20978
1.21029
1.21171
1.2136
1.21713
1.22648
1.25092
1.27199
1.28231
1.28783
1.29198
1.29549
1.29195
1.27424
1.26217
1.26075
1.26268
1.26481
1.26865
1.27971
1.30606
1.32767
1.33771
1.34351
1.34926
1.35369
1.35388
1.33959
1.32237
1.31666
1.3173
1.31853
1.32173
1.3321
1.36002
1.38447
1.39632
1.40336
1.41
1.4145
1.41467
1.39869
1.37758
1.36867
1.36842
1.37003
1.37344
1.38747
1.41954
1.44369
1.45464
1.46216
1.46838
1.47199
1.46751
1.44383
1.42021
1.41114
1.41144
1.41499
1.42415
1.45311
1.48484
1.49976
1.50519
1.50838
1.51089
1.50984
1.49053
1.45872
1.43938
1.43388
1.43405
1.44625
1.48157
1.50749
1.51773
1.51465
1.55034
2.55847
7.60469
1.16065
1.17518
1.18262
1.18494
1.18035
1.17514
1.17315
1.17291
1.17298
1.17365
1.1775
1.19356
1.21374
1.22531
1.2325
1.23777
1.24146
1.23991
1.22687
1.21598
1.21375
1.21616
1.21983
1.224
1.23114
1.25262
1.27495
1.28606
1.29166
1.29548
1.29849
1.29801
1.28393
1.2689
1.26447
1.26646
1.27011
1.27439
1.28246
1.30487
1.3307
1.34504
1.35182
1.35651
1.36098
1.3632
1.35088
1.32969
1.31884
1.318
1.3209
1.32496
1.33251
1.35733
1.38772
1.40401
1.411
1.41543
1.41923
1.42162
1.41052
1.38701
1.37257
1.3693
1.37127
1.37514
1.38519
1.4152
1.44664
1.46134
1.46721
1.47053
1.47313
1.47269
1.4552
1.43115
1.41962
1.41664
1.41621
1.41986
1.44286
1.47871
1.4987
1.50615
1.51017
1.51327
1.51401
1.49951
1.46585
1.44111
1.43289
1.43212
1.44142
1.47451
1.50127
1.507
1.54758
2.61401
7.61148
1.15628
1.19079
1.20479
1.21063
1.21018
1.19759
1.18328
1.17425
1.16814
1.1664
1.16769
1.1721
1.18942
1.21575
1.23188
1.24007
1.24638
1.25073
1.25175
1.23972
1.22605
1.22274
1.22377
1.22527
1.22768
1.23256
1.25065
1.27491
1.28855
1.29541
1.30121
1.30574
1.30714
1.2964
1.28049
1.27392
1.2739
1.27567
1.27872
1.28459
1.30489
1.33242
1.34872
1.35647
1.36093
1.36313
1.36528
1.35954
1.34068
1.32793
1.32569
1.3282
1.33196
1.33719
1.35521
1.3853
1.40375
1.41235
1.41763
1.42207
1.42513
1.42035
1.39934
1.38112
1.37558
1.37689
1.3804
1.38786
1.41234
1.44301
1.45879
1.4667
1.4738
1.47879
1.48023
1.466
1.43764
1.4189
1.414
1.41543
1.41948
1.43886
1.47559
1.50009
1.50893
1.51193
1.51405
1.51501
1.50548
1.47302
1.44251
1.43069
1.42952
1.43713
1.46843
1.48832
1.53533
2.6682
7.61272
1.14985
1.20523
1.21868
1.22374
1.22596
1.22024
1.19797
1.17383
1.16403
1.16253
1.16436
1.16824
1.17596
1.19621
1.22566
1.24317
1.25112
1.25649
1.2605
1.26054
1.24768
1.23057
1.22317
1.22321
1.22574
1.22898
1.23417
1.2513
1.27924
1.29656
1.30385
1.30819
1.31185
1.31484
1.30783
1.28942
1.2785
1.27726
1.28016
1.28436
1.28866
1.30134
1.32772
1.34751
1.35649
1.36244
1.36834
1.37281
1.37195
1.35639
1.33961
1.33337
1.33262
1.33291
1.33652
1.34965
1.3805
1.40466
1.4159
1.42241
1.42867
1.43282
1.43115
1.41192
1.39036
1.38195
1.38142
1.38249
1.3865
1.40522
1.4406
1.46413
1.47344
1.47773
1.48021
1.48154
1.47305
1.44723
1.42672
1.41988
1.41958
1.42158
1.43507
1.4701
1.49667
1.5068
1.51086
1.51353
1.51496
1.50929
1.48064
1.44578
1.42957
1.42675
1.43435
1.45739
1.51237
2.70654
7.61135
1.15672
1.20641
1.22114
1.22578
1.22648
1.21975
1.20676
1.1839
1.16556
1.16315
1.16564
1.17042
1.1778
1.18811
1.20886
1.23816
1.2527
1.25832
1.26115
1.26217
1.2622
1.25261
1.23441
1.22682
1.22761
1.23092
1.23578
1.24191
1.25518
1.2803
1.29863
1.30728
1.31222
1.31517
1.31808
1.31702
1.30262
1.28909
1.28452
1.2841
1.2857
1.2891
1.2984
1.32499
1.35128
1.36474
1.37133
1.37638
1.38111
1.38258
1.36857
1.34602
1.33414
1.33291
1.33578
1.34042
1.35048
1.37805
1.40723
1.4223
1.42878
1.43293
1.43619
1.43725
1.42344
1.39874
1.38466
1.38265
1.38557
1.39047
1.40447
1.43633
1.46099
1.47126
1.47684
1.48223
1.48606
1.48284
1.45959
1.43381
1.42178
1.41995
1.42123
1.42884
1.46071
1.49206
1.50516
1.51005
1.51325
1.5153
1.51285
1.489
1.45151
1.4293
1.42461
1.42437
1.48246
2.71628
7.60674
1.16648
1.19394
1.20842
1.21304
1.20974
1.20281
1.19656
1.1901
1.18
1.17368
1.17549
1.18199
1.19024
1.19795
1.20582
1.21967
1.24047
1.25158
1.25549
1.25706
1.25813
1.25952
1.25705
1.24559
1.2381
1.23805
1.24097
1.2438
1.24666
1.25414
1.27625
1.29787
1.30898
1.31587
1.32258
1.32718
1.32804
1.31473
1.29634
1.28771
1.28734
1.29053
1.29498
1.3024
1.32421
1.35254
1.369
1.37659
1.3807
1.38317
1.38542
1.37811
1.35725
1.34365
1.34112
1.34304
1.34633
1.35212
1.37352
1.40405
1.4217
1.42982
1.43512
1.43945
1.44217
1.43305
1.4104
1.39462
1.39006
1.38921
1.39061
1.39868
1.42904
1.46139
1.47717
1.48317
1.48687
1.48999
1.48914
1.46842
1.43852
1.42213
1.41859
1.42019
1.42685
1.45487
1.48855
1.50549
1.51188
1.51441
1.51548
1.51383
1.49572
1.45842
1.4316
1.41518
1.4489
2.69245
7.60112
1.17299
1.1784
1.17813
1.17927
1.18451
1.19008
1.19373
1.19634
1.1991
1.20028
1.19971
1.20012
1.20252
1.20608
1.20918
1.21049
1.21509
1.22879
1.24271
1.25136
1.25798
1.26456
1.26938
1.2704
1.26058
1.24901
1.24429
1.2442
1.24622
1.24938
1.25479
1.27345
1.30024
1.31629
1.32351
1.32761
1.33033
1.33299
1.32633
1.30841
1.29733
1.296
1.29805
1.30048
1.3045
1.31953
1.34779
1.36744
1.37638
1.38303
1.38903
1.39307
1.38986
1.37032
1.35194
1.34551
1.34597
1.34836
1.35224
1.36802
1.40125
1.42492
1.43513
1.44009
1.44397
1.44781
1.44375
1.4208
1.39844
1.38988
1.39027
1.39384
1.4013
1.42656
1.45993
1.47781
1.48461
1.4879
1.48974
1.49041
1.47682
1.44734
1.42782
1.42221
1.42225
1.4256
1.44869
1.48393
1.50367
1.51113
1.51381
1.51424
1.51228
1.49903
1.46683
1.42814
1.43354
2.63038
7.60001
1.17677
1.15863
1.14713
1.14703
1.15641
1.17382
1.18978
1.20335
1.2181
1.22871
1.23217
1.22723
1.21876
1.21322
1.20839
1.20217
1.19935
1.20265
1.21646
1.23785
1.25568
1.26788
1.27648
1.28213
1.28506
1.2777
1.26128
1.25128
1.2495
1.25099
1.25363
1.25738
1.27109
1.29788
1.31604
1.32507
1.33229
1.33812
1.34186
1.33791
1.31891
1.3029
1.2978
1.29889
1.30184
1.30536
1.3159
1.3448
1.37205
1.38462
1.39036
1.39435
1.39751
1.39734
1.38174
1.36051
1.35031
1.34947
1.35268
1.35749
1.36843
1.39651
1.4238
1.43768
1.44363
1.44694
1.4494
1.44942
1.43322
1.4101
1.39917
1.39693
1.39731
1.40016
1.4179
1.45189
1.47365
1.48238
1.48831
1.49305
1.49507
1.48626
1.4574
1.43279
1.42347
1.42253
1.42427
1.44135
1.47699
1.49999
1.50866
1.51125
1.51201
1.51079
1.5026
1.46787
1.44462
2.556
7.6112
1.17052
1.13545
1.12651
1.12737
1.13209
1.14732
1.17766
1.21236
1.23857
1.25167
1.25705
1.25673
1.24322
1.2211
1.20324
1.19243
1.18932
1.19105
1.19618
1.21222
1.24328
1.26849
1.2821
1.29016
1.29517
1.29717
1.28872
1.26861
1.25568
1.25262
1.2528
1.25485
1.25889
1.27027
1.29799
1.32241
1.33363
1.33895
1.34193
1.34404
1.34392
1.331
1.31247
1.30352
1.30308
1.30657
1.31139
1.31991
1.34343
1.37072
1.38492
1.39141
1.39553
1.39906
1.40194
1.39439
1.37401
1.36074
1.35751
1.35698
1.3585
1.3648
1.38952
1.4211
1.43715
1.4442
1.45101
1.45586
1.45744
1.44449
1.41783
1.39985
1.39484
1.39626
1.39957
1.41133
1.44568
1.47569
1.48809
1.4926
1.4955
1.49717
1.49217
1.46665
1.4378
1.42406
1.42124
1.42225
1.43402
1.46931
1.49718
1.5083
1.51099
1.51058
1.51014
1.49926
1.48734
2.50704
7.62537
1.17151
1.12554
1.12074
1.12305
1.12732
1.13615
1.16078
1.21279
1.24886
1.25976
1.26432
1.26514
1.26009
1.23965
1.2064
1.18968
1.18792
1.1902
1.19515
1.20464
1.22444
1.26092
1.28496
1.29365
1.29742
1.29939
1.29979
1.29347
1.27288
1.25723
1.25441
1.25666
1.26076
1.26651
1.27548
1.29714
1.32098
1.3336
1.34021
1.34604
1.35075
1.35315
1.34465
1.3257
1.31443
1.31304
1.31435
1.31574
1.31968
1.33603
1.36495
1.38469
1.39443
1.40158
1.40764
1.4111
1.40637
1.38471
1.36481
1.35788
1.35889
1.36256
1.36812
1.3865
1.41928
1.44168
1.45073
1.45479
1.45719
1.45908
1.4526
1.42803
1.4063
1.39889
1.39939
1.40247
1.41201
1.44207
1.47286
1.48694
1.49274
1.49588
1.49756
1.49467
1.47439
1.44317
1.42535
1.42039
1.42059
1.43016
1.46406
1.49462
1.50722
1.50948
1.50998
1.50411
1.52368
2.50663
7.6353
1.1671
1.13052
1.12474
1.12628
1.13181
1.15119
1.18293
1.21678
1.24422
1.25804
1.2627
1.25861
1.24423
1.22825
1.21302
1.1987
1.19402
1.19641
1.20481
1.21847
1.23223
1.2478
1.27172
1.28761
1.29335
1.29464
1.29296
1.29087
1.28928
1.27978
1.26809
1.26479
1.26651
1.26919
1.27178
1.27635
1.29295
1.321
1.33947
1.34799
1.35277
1.35646
1.36009
1.35737
1.33941
1.32189
1.31458
1.31475
1.31762
1.32148
1.3325
1.36113
1.38847
1.40154
1.40704
1.4102
1.41283
1.41266
1.39733
1.37637
1.36675
1.365
1.3654
1.36815
1.38103
1.41312
1.43802
1.44878
1.45514
1.46068
1.46422
1.46184
1.44034
1.4159
1.40521
1.40334
1.40367
1.40778
1.43284
1.4681
1.4864
1.49257
1.49532
1.4977
1.49797
1.48342
1.45141
1.42887
1.42135
1.42021
1.42584
1.45779
1.49054
1.50393
1.50774
1.50239
1.53864
2.53689
7.64255
1.16955
1.14764
1.14151
1.14488
1.16065
1.18376
1.2
1.21054
1.22283
1.23365
1.23556
1.23051
1.22636
1.22546
1.22423
1.22002
1.21655
1.21916
1.2268
1.23483
1.2406
1.24448
1.24881
1.25934
1.27255
1.28114
1.28622
1.29128
1.29714
1.30049
1.29594
1.28306
1.27434
1.27221
1.27444
1.27881
1.28291
1.29132
1.31485
1.33725
1.34941
1.35665
1.36166
1.36531
1.36555
1.35158
1.33102
1.32111
1.32044
1.32317
1.32652
1.33397
1.3582
1.38613
1.40025
1.40762
1.4143
1.41914
1.4209
1.40857
1.38344
1.36808
1.36476
1.36652
1.37004
1.37893
1.40797
1.43988
1.45561
1.4616
1.46533
1.46847
1.46814
1.45012
1.4219
1.4058
1.40218
1.40372
1.40818
1.42882
1.46455
1.48682
1.49485
1.49772
1.49991
1.50107
1.49087
1.45901
1.43083
1.41953
1.41809
1.42256
1.45177
1.48462
1.50027
1.49968
1.54054
2.58739
7.64807
1.17119
1.17303
1.17251
1.1827
1.19706
1.20609
1.21003
1.21171
1.20595
1.196
1.19495
1.20313
1.21435
1.22314
1.23097
1.24138
1.25139
1.25551
1.25361
1.24996
1.24656
1.24098
1.23374
1.23211
1.23911
1.2571
1.27691
1.29072
1.29965
1.30713
1.31346
1.3148
1.30413
1.29048
1.28426
1.28125
1.27874
1.28004
1.28578
1.30672
1.3352
1.35198
1.35936
1.36403
1.36834
1.37166
1.3641
1.34383
1.32989
1.32643
1.32698
1.32887
1.33368
1.35336
1.38601
1.40627
1.4143
1.41804
1.41991
1.42201
1.4175
1.39674
1.37846
1.37239
1.3731
1.37627
1.38224
1.40361
1.43569
1.45405
1.46169
1.46572
1.46794
1.46984
1.46064
1.43407
1.41459
1.40823
1.40737
1.40914
1.42312
1.45833
1.48486
1.49499
1.49814
1.4996
1.50044
1.49566
1.46795
1.43478
1.41917
1.41646
1.41981
1.4464
1.47945
1.49005
1.53589
2.64194
7.65092
1.16772
1.19478
1.21789
1.2291
1.22991
1.22604
1.21875
1.20383
1.17947
1.16537
1.16506
1.17301
1.19159
1.21491
1.23953
1.26689
1.28331
1.2885
1.28559
1.27159
1.25165
1.23368
1.22084
1.21696
1.21877
1.22607
1.24877
1.27885
1.29967
1.31563
1.32545
1.33049
1.33135
1.31885
1.29568
1.2807
1.27703
1.27836
1.28132
1.28619
1.30235
1.33254
1.35403
1.36455
1.37106
1.37609
1.37943
1.37524
1.35418
1.3349
1.32867
1.33007
1.33403
1.33964
1.35316
1.38128
1.40252
1.41218
1.41904
1.42563
1.42959
1.42836
1.41036
1.38859
1.37929
1.37783
1.37719
1.37985
1.39515
1.42828
1.45107
1.46095
1.46828
1.47376
1.47634
1.47048
1.44467
1.41916
1.40817
1.40668
1.40789
1.4165
1.45003
1.4806
1.49208
1.49633
1.50026
1.50258
1.5006
1.4765
1.43909
1.41877
1.41482
1.41719
1.44311
1.46763
1.52027
2.69181
7.64938
1.16141
1.2251
1.25491
1.26334
1.26403
1.25289
1.22648
1.18934
1.16094
1.15201
1.15272
1.15686
1.16652
1.19138
1.2434
1.28319
1.29653
1.30203
1.30359
1.29659
1.27124
1.23341
1.21569
1.2135
1.21566
1.2211
1.23148
1.25769
1.29877
1.3203
1.32827
1.3324
1.33443
1.3336
1.32262
1.29729
1.28181
1.27861
1.28075
1.28449
1.29004
1.30289
1.33345
1.35928
1.37083
1.37589
1.3783
1.37942
1.37895
1.36594
1.34752
1.33952
1.33852
1.33849
1.3406
1.34861
1.37509
1.40436
1.41933
1.42578
1.42959
1.4326
1.43403
1.42145
1.39646
1.38078
1.37693
1.37822
1.38179
1.39331
1.42491
1.45457
1.46769
1.4728
1.47575
1.47756
1.47484
1.45243
1.42331
1.40861
1.40574
1.40734
1.41459
1.44445
1.47891
1.49476
1.49947
1.50161
1.50309
1.50226
1.48347
1.44476
1.41919
1.41285
1.41592
1.4341
1.49513
2.7234
7.64601
1.15149
1.23821
1.264
1.26995
1.27259
1.26695
1.23676
1.18727
1.15975
1.15262
1.15324
1.15743
1.16939
1.20101
1.24727
1.28205
1.29712
1.30259
1.30075
1.28579
1.26247
1.2398
1.22254
1.21776
1.21983
1.22772
1.24406
1.26377
1.28592
1.31038
1.3237
1.32894
1.32932
1.32683
1.32466
1.32079
1.30344
1.28909
1.28649
1.28971
1.29579
1.30313
1.31126
1.33088
1.35514
1.36826
1.37454
1.3803
1.38541
1.38794
1.3793
1.358
1.34338
1.33958
1.34166
1.34573
1.35147
1.37013
1.39943
1.41729
1.42547
1.43061
1.43492
1.43819
1.43158
1.40894
1.39026
1.38394
1.38374
1.38574
1.39226
1.41906
1.45003
1.46495
1.47101
1.47485
1.4778
1.47773
1.46195
1.4324
1.41434
1.40966
1.40993
1.41401
1.43937
1.4746
1.49188
1.49784
1.50106
1.50306
1.50301
1.48904
1.45237
1.42196
1.41193
1.40696
1.46399
2.72125
7.63938
1.1699
1.23082
1.25756
1.26601
1.26376
1.24241
1.21496
1.19275
1.17327
1.1639
1.16426
1.17308
1.19584
1.22042
1.24022
1.26288
1.27881
1.2824
1.27499
1.26524
1.25897
1.25321
1.24483
1.23927
1.24158
1.25096
1.26137
1.26783
1.27314
1.28388
1.29929
1.31047
1.31599
1.31889
1.32088
1.32283
1.3254
1.32085
1.31015
1.30448
1.30404
1.30431
1.30403
1.30769
1.3221
1.3502
1.37086
1.38039
1.38488
1.38753
1.39073
1.38961
1.37273
1.3555
1.34902
1.3469
1.34605
1.34908
1.36306
1.39532
1.42034
1.43142
1.43714
1.44218
1.44546
1.44198
1.41984
1.39564
1.38532
1.38382
1.38506
1.38877
1.41072
1.44633
1.46644
1.47424
1.47907
1.48258
1.48376
1.47194
1.44107
1.41797
1.41056
1.41039
1.41192
1.43047
1.46767
1.48991
1.49804
1.50132
1.50301
1.50318
1.49362
1.4609
1.42771
1.40516
1.43389
2.68496
7.63436
1.18425
1.20943
1.22426
1.23035
1.22396
1.21435
1.20894
1.20503
1.19725
1.19062
1.1927
1.20678
1.22438
1.2348
1.23937
1.242
1.24208
1.24173
1.24534
1.25163
1.25683
1.26106
1.26752
1.2744
1.27841
1.2785
1.27662
1.27438
1.27218
1.26815
1.26696
1.27455
1.29115
1.30698
1.31781
1.32794
1.33897
1.34566
1.3451
1.33224
1.31638
1.30679
1.30502
1.30687
1.30941
1.31676
1.34111
1.36572
1.37825
1.38703
1.39519
1.39999
1.40062
1.38517
1.36114
1.34851
1.34685
1.34948
1.35392
1.3642
1.39268
1.42192
1.43619
1.44147
1.4441
1.44591
1.44513
1.42818
1.40195
1.38768
1.38498
1.38698
1.39168
1.40963
1.44456
1.4687
1.47801
1.48137
1.48335
1.48431
1.4766
1.44787
1.42084
1.40992
1.40894
1.41123
1.42715
1.46321
1.48832
1.49843
1.50192
1.50281
1.50222
1.49497
1.46956
1.42737
1.42619
2.61481
7.63647
1.19344
1.19811
1.18852
1.17855
1.18095
1.19205
1.20245
1.20813
1.21489
1.22735
1.24129
1.2471
1.24715
1.24603
1.24004
1.22145
1.20591
1.2038
1.21224
1.23032
1.25028
1.26835
1.29013
1.3077
1.31448
1.31248
1.30094
1.28504
1.26836
1.25185
1.24505
1.24656
1.25563
1.27957
1.30932
1.33254
1.34891
1.35872
1.36375
1.36404
1.34912
1.3257
1.31247
1.30693
1.30402
1.30561
1.31175
1.33475
1.36835
1.38835
1.39616
1.40049
1.40321
1.40409
1.39461
1.37273
1.35869
1.35518
1.35557
1.35725
1.36256
1.38541
1.41648
1.43266
1.43906
1.44323
1.44715
1.44938
1.43847
1.41365
1.3971
1.39244
1.39253
1.39416
1.40457
1.43697
1.46368
1.47434
1.47898
1.48231
1.48467
1.48117
1.45785
1.42857
1.41482
1.41176
1.41206
1.42181
1.4561
1.48465
1.49676
1.50057
1.50144
1.50075
1.49694
1.47027
1.44702
2.54366
7.6498
1.19995
1.17707
1.15195
1.1433
1.14627
1.16037
1.18371
1.20741
1.23603
1.26887
1.28313
1.28479
1.27573
1.25799
1.23184
1.20297
1.1861
1.18378
1.18726
1.19877
1.22774
1.27041
1.30707
1.32639
1.33355
1.3358
1.32989
1.30711
1.26797
1.24527
1.24033
1.24197
1.24658
1.25602
1.28286
1.32729
1.35288
1.36256
1.36733
1.36971
1.36887
1.35555
1.32475
1.30599
1.30304
1.30519
1.30932
1.31692
1.33891
1.37178
1.39058
1.39824
1.40257
1.40686
1.40983
1.40474
1.3823
1.36186
1.35448
1.35499
1.35805
1.3622
1.37872
1.41235
1.4352
1.4447
1.44942
1.45356
1.45601
1.44928
1.42473
1.40148
1.39198
1.39125
1.3933
1.39942
1.4285
1.46104
1.47608
1.48203
1.48625
1.48871
1.48729
1.46774
1.43513
1.41575
1.4102
1.41031
1.41624
1.44794
1.48114
1.49606
1.50037
1.50061
1.50075
1.49312
1.4926
2.50767
7.66326
1.20958
1.16024
1.13517
1.13023
1.13155
1.13707
1.15013
1.18608
1.25045
1.28718
1.29794
1.30257
1.30142
1.28393
1.23818
1.1972
1.18313
1.18212
1.18501
1.19206
1.21108
1.26066
1.31068
1.32916
1.33562
1.33724
1.32766
1.30404
1.27553
1.25201
1.24373
1.24461
1.2499
1.26293
1.28284
1.31109
1.34372
1.36033
1.36634
1.36743
1.36265
1.35535
1.34513
1.32479
1.31232
1.31126
1.31522
1.32136
1.32709
1.33999
1.36957
1.39222
1.40196
1.40611
1.40754
1.40813
1.40712
1.39236
1.37127
1.36105
1.35961
1.36211
1.36641
1.3779
1.40748
1.43412
1.44719
1.45242
1.45495
1.45689
1.45492
1.43467
1.40804
1.39501
1.39264
1.39445
1.39995
1.42405
1.45867
1.47828
1.4852
1.48766
1.48887
1.48828
1.47474
1.44206
1.41758
1.40914
1.40833
1.41322
1.44282
1.47864
1.49562
1.49971
1.50082
1.49553
1.52323
2.51541
7.67052
1.2231
1.15992
1.13605
1.13231
1.13357
1.13895
1.15568
1.1967
1.24998
1.28476
1.29746
1.30098
1.29261
1.26462
1.23347
1.20821
1.19238
1.18925
1.19303
1.20771
1.23343
1.26114
1.29213
1.3152
1.32307
1.31985
1.30744
1.29596
1.28718
1.27479
1.26432
1.26325
1.27023
1.28132
1.29097
1.29864
1.31345
1.33437
1.34665
1.35006
1.35024
1.35129
1.35362
1.35267
1.34197
1.33097
1.32698
1.32763
1.33072
1.33505
1.34198
1.36076
1.38343
1.39608
1.40239
1.40801
1.41326
1.41578
1.40696
1.38581
1.37129
1.36699
1.3658
1.36643
1.37244
1.39803
1.42898
1.44437
1.45117
1.45656
1.46039
1.46124
1.44589
1.4178
1.4011
1.39666
1.39605
1.39797
1.41619
1.45321
1.47559
1.4832
1.48668
1.48905
1.49004
1.48068
1.44947
1.42111
1.40996
1.40804
1.41111
1.43883
1.4759
1.49346
1.49912
1.49434
1.53453
2.55033
7.67658
1.21594
1.17914
1.15358
1.14702
1.14894
1.15976
1.18187
1.20596
1.23089
1.25841
1.27323
1.27381
1.26205
1.25032
1.24229
1.22994
1.2178
1.21342
1.21973
1.23672
1.25326
1.26217
1.26824
1.27824
1.28688
1.28939
1.28928
1.2907
1.29361
1.29636
1.29744
1.29826
1.29898
1.29936
1.30009
1.3002
1.29736
1.29674
1.30653
1.32437
1.33908
1.34887
1.35755
1.36637
1.37099
1.36706
1.35343
1.34214
1.33703
1.33346
1.33015
1.33277
1.3466
1.3752
1.39743
1.40864
1.41542
1.42118
1.42509
1.42136
1.39868
1.37528
1.36541
1.36454
1.36675
1.37117
1.39145
1.42743
1.44958
1.45806
1.46214
1.46539
1.4669
1.45438
1.42407
1.40154
1.3945
1.39487
1.39746
1.41161
1.44843
1.47632
1.486
1.48856
1.48998
1.49125
1.48649
1.45799
1.42494
1.4099
1.40743
1.40978
1.43512
1.47111
1.48997
1.49088
1.53496
2.60223
7.68125
1.21226
1.20546
1.18763
1.17764
1.17844
1.18964
1.20468
1.21363
1.21833
1.22421
1.22984
1.23283
1.23567
1.24061
1.24475
1.24786
1.24968
1.25503
1.26251
1.26564
1.26662
1.26686
1.25843
1.24524
1.24183
1.25028
1.26648
1.28243
1.29563
1.31137
1.3287
1.33752
1.33639
1.32651
1.31354
1.2987
1.28175
1.27287
1.27386
1.28456
1.31078
1.33873
1.35921
1.37403
1.38515
1.39087
1.38941
1.37268
1.34943
1.33299
1.32681
1.32654
1.329
1.33864
1.36726
1.3967
1.41319
1.42191
1.42667
1.42975
1.42869
1.40964
1.38323
1.3704
1.3681
1.36986
1.37402
1.3906
1.42513
1.45014
1.46021
1.4642
1.46565
1.46604
1.45912
1.43259
1.40798
1.39876
1.39789
1.39967
1.41064
1.4447
1.47428
1.48574
1.48903
1.49053
1.49162
1.48925
1.46585
1.42965
1.4103
1.40643
1.40867
1.43163
1.46646
1.47933
1.52841
2.6567
7.68194
1.20488
1.21346
1.21845
1.2219
1.22321
1.22212
1.22082
1.22018
1.21365
1.19753
1.18802
1.19083
1.20351
1.22321
1.24212
1.25962
1.28339
1.29997
1.30378
1.29754
1.28352
1.2667
1.24475
1.22294
1.21585
1.21796
1.22986
1.25653
1.29122
1.32556
1.35121
1.36143
1.36479
1.35932
1.33575
1.30135
1.27646
1.26755
1.26784
1.27119
1.28061
1.30869
1.34999
1.3786
1.39236
1.39857
1.4017
1.39831
1.3777
1.3449
1.32762
1.32409
1.32584
1.32958
1.33811
1.36751
1.40405
1.42152
1.42778
1.43185
1.43473
1.43399
1.41799
1.39004
1.37465
1.37216
1.37417
1.37627
1.38636
1.41921
1.44736
1.45804
1.46213
1.46617
1.46869
1.46589
1.4432
1.41582
1.40318
1.40064
1.40101
1.4062
1.43612
1.46978
1.48359
1.48752
1.49004
1.49223
1.49217
1.47406
1.43592
1.41129
1.40548
1.40693
1.4295
1.4557
1.51127
2.70386
7.67828
1.18575
1.22011
1.24161
1.25955
1.26465
1.2591
1.24332
1.22595
1.2052
1.18111
1.16879
1.16847
1.17381
1.18952
1.22233
1.26648
1.30334
1.32057
1.32637
1.3268
1.31727
1.28611
1.24103
1.2172
1.21258
1.21456
1.21929
1.23146
1.27068
1.32911
1.35626
1.36449
1.36824
1.36711
1.35364
1.31819
1.28277
1.26938
1.26851
1.27151
1.27862
1.29364
1.32914
1.37365
1.39235
1.39817
1.39887
1.39322
1.38379
1.36675
1.34136
1.32885
1.32815
1.33185
1.33955
1.35099
1.37642
1.40887
1.42541
1.43122
1.43311
1.4335
1.43318
1.42277
1.39812
1.38065
1.37505
1.37592
1.37919
1.38748
1.41513
1.44624
1.46104
1.46605
1.46864
1.4707
1.47045
1.45297
1.42257
1.40424
1.39931
1.40019
1.40483
1.43006
1.46493
1.48221
1.48823
1.49148
1.49394
1.49482
1.48147
1.44274
1.41261
1.40395
1.40608
1.42178
1.48565
2.73265
7.67304
1.15382
1.20697
1.24933
1.26722
1.27452
1.27795
1.27563
1.25376
1.20949
1.17876
1.16856
1.16833
1.17151
1.17932
1.20103
1.25593
1.30391
1.32158
1.327
1.32668
1.3122
1.28174
1.24943
1.22596
1.21834
1.21948
1.22726
1.2466
1.27543
1.31199
1.34436
1.35726
1.35934
1.35141
1.33816
1.32558
1.30703
1.28843
1.28241
1.28565
1.2958
1.3109
1.32645
1.34669
1.36933
1.37974
1.38109
1.37965
1.37881
1.37818
1.37106
1.35643
1.34738
1.34692
1.35044
1.35433
1.3581
1.3725
1.39939
1.41703
1.42403
1.42744
1.43014
1.43262
1.431
1.41382
1.39241
1.3829
1.38099
1.38155
1.38504
1.40684
1.43964
1.45794
1.46514
1.46928
1.4724
1.47399
1.46291
1.4323
1.40938
1.40171
1.40048
1.40216
1.42163
1.45944
1.48148
1.48962
1.49317
1.49494
1.49557
1.48563
1.4501
1.41617
1.40377
1.3971
1.45442
2.72776
7.66598
1.15454
1.18395
1.2335
1.2627
1.27209
1.27392
1.26724
1.25021
1.22467
1.1944
1.17916
1.17795
1.18344
1.19691
1.2164
1.2395
1.27553
1.30161
1.30946
1.30694
1.29681
1.28435
1.26845
1.25141
1.24154
1.24183
1.25136
1.26752
1.28033
1.29024
1.30703
1.32419
1.33114
1.33039
1.32843
1.32862
1.32898
1.32306
1.31526
1.31359
1.31744
1.32227
1.3257
1.32697
1.33026
1.34249
1.35823
1.36906
1.37553
1.38101
1.38781
1.39063
1.38377
1.37085
1.36199
1.3576
1.35484
1.35387
1.35988
1.38292
1.40823
1.42214
1.43025
1.43804
1.4429
1.44339
1.4272
1.40008
1.38416
1.37963
1.38004
1.38219
1.3974
1.43336
1.45837
1.46804
1.47296
1.47713
1.47891
1.46992
1.43794
1.40987
1.39977
1.39912
1.40113
1.41764
1.45582
1.48078
1.48985
1.49343
1.49548
1.49604
1.48847
1.45739
1.42247
1.39776
1.42658
2.6874
7.66263
1.16529
1.17448
1.19422
1.22726
1.24906
1.2554
1.25534
1.25272
1.24555
1.22799
1.20966
1.20333
1.20671
1.21666
1.22762
1.23521
1.2435
1.25882
1.27377
1.28057
1.28212
1.28284
1.28415
1.2827
1.27864
1.27733
1.27995
1.28339
1.28578
1.28616
1.28009
1.27796
1.28663
1.30315
1.31723
1.32674
1.33651
1.35
1.35774
1.35519
1.34543
1.33505
1.32502
1.31435
1.30602
1.30657
1.31915
1.34435
1.36679
1.38307
1.39725
1.40932
1.41452
1.40921
1.38944
1.36811
1.35278
1.34506
1.34379
1.3479
1.36803
1.4021
1.42659
1.43755
1.44271
1.44662
1.44927
1.43876
1.40978
1.38774
1.38022
1.38033
1.38274
1.3952
1.43036
1.45994
1.47189
1.47573
1.47763
1.47835
1.47265
1.44499
1.41503
1.40264
1.40078
1.4018
1.41473
1.45231
1.48005
1.49078
1.49442
1.49546
1.49479
1.48804
1.46451
1.42263
1.42225
2.61588
7.66801
1.17311
1.17545
1.17805
1.18592
1.20652
1.22821
1.24178
1.24833
1.25075
1.25353
1.25173
1.24446
1.23791
1.23527
1.23565
1.23608
1.2295
1.22303
1.22607
1.24123
1.26102
1.27712
1.28985
1.30403
1.31688
1.32083
1.31502
1.30347
1.29145
1.27783
1.25972
1.24881
1.24969
1.26188
1.28908
1.31825
1.34593
1.3712
1.38448
1.38876
1.38283
1.36194
1.33357
1.30874
1.29441
1.29174
1.29454
1.30681
1.33933
1.377
1.40455
1.41988
1.42618
1.42857
1.42121
1.39142
1.35819
1.34244
1.33958
1.34126
1.34533
1.36464
1.40487
1.43149
1.4426
1.4496
1.45382
1.45462
1.44463
1.4143
1.38985
1.38268
1.38277
1.38414
1.39236
1.42609
1.45812
1.46999
1.47441
1.47805
1.48002
1.4766
1.45221
1.42014
1.40472
1.40175
1.40257
1.41243
1.44733
1.47665
1.48866
1.49241
1.49343
1.49296
1.4898
1.46506
1.44538
2.54728
7.68337
1.18429
1.17548
1.17388
1.17148
1.17202
1.18284
1.20827
1.23419
1.25319
1.2678
1.28013
1.28466
1.27822
1.26143
1.24626
1.23411
1.21997
1.20637
1.20303
1.20692
1.22311
1.25406
1.28769
1.31708
1.3377
1.34631
1.34784
1.33764
1.31231
1.27899
1.2524
1.24248
1.24309
1.24647
1.25581
1.28831
1.34358
1.37719
1.38908
1.39368
1.3954
1.38839
1.3566
1.31262
1.29392
1.29151
1.2937
1.29972
1.31487
1.35785
1.40327
1.42054
1.42611
1.42721
1.42187
1.40982
1.38079
1.35189
1.3413
1.34154
1.34564
1.35411
1.37468
1.41497
1.44105
1.44945
1.45211
1.45269
1.45171
1.4444
1.41833
1.39294
1.38363
1.38378
1.3869
1.39557
1.42534
1.45821
1.47289
1.47718
1.47866
1.47913
1.47744
1.45988
1.42789
1.40818
1.40259
1.40252
1.40855
1.44027
1.47308
1.48786
1.49234
1.49273
1.49307
1.48621
1.48976
2.51412
7.69652
1.20885
1.18248
1.17159
1.16483
1.16374
1.16624
1.17357
1.19745
1.2393
1.27087
1.2856
1.29258
1.2961
1.29501
1.27788
1.24709
1.21978
1.2057
1.20302
1.20494
1.20953
1.2235
1.26538
1.31585
1.34034
1.34837
1.35166
1.35043
1.33387
1.29243
1.25827
1.24579
1.2454
1.24953
1.26082
1.28329
1.32435
1.36768
1.38597
1.39142
1.38932
1.37625
1.35742
1.33298
1.30912
1.30122
1.30325
1.31148
1.32566
1.34494
1.37658
1.40357
1.41331
1.41389
1.41035
1.40727
1.40298
1.38319
1.36209
1.35567
1.35866
1.36476
1.37125
1.38413
1.41245
1.43463
1.44328
1.44638
1.44832
1.45028
1.44772
1.42694
1.40301
1.39271
1.39103
1.39193
1.39462
1.41718
1.45077
1.4677
1.47405
1.47813
1.48096
1.48143
1.46845
1.43561
1.41089
1.40211
1.40112
1.40558
1.43448
1.46961
1.4866
1.49131
1.49322
1.48852
1.51953
2.52279
7.70234
1.23566
1.20181
1.1763
1.16698
1.16618
1.16919
1.17709
1.18963
1.21051
1.24831
1.27868
1.29079
1.29461
1.29441
1.28871
1.2695
1.23772
1.21599
1.21051
1.21314
1.22082
1.23231
1.24772
1.28358
1.32256
1.33775
1.34074
1.33705
1.32817
1.31307
1.28654
1.26772
1.26345
1.26777
1.27781
1.29064
1.30505
1.33118
1.35729
1.36782
1.36738
1.3633
1.36033
1.35555
1.34249
1.32893
1.32514
1.32914
1.3364
1.34188
1.34828
1.36492
1.38384
1.3946
1.39974
1.40265
1.40465
1.40587
1.3998
1.38713
1.37824
1.37444
1.373
1.373
1.37683
1.39692
1.4234
1.43785
1.44432
1.44808
1.45114
1.45296
1.4418
1.41623
1.39793
1.39088
1.3901
1.39224
1.40799
1.44369
1.46827
1.47762
1.48032
1.48166
1.48282
1.47557
1.44445
1.41442
1.40209
1.39966
1.40193
1.42873
1.46689
1.48561
1.49235
1.48825
1.53059
2.55708
7.70631
1.23691
1.23211
1.20807
1.1888
1.18264
1.18428
1.18828
1.19216
1.19677
1.20913
1.24224
1.27158
1.28274
1.28552
1.2855
1.28359
1.27203
1.24959
1.23469
1.23147
1.23449
1.24014
1.24682
1.25579
1.278
1.30477
1.31823
1.32226
1.32251
1.32252
1.31817
1.30536
1.29467
1.29195
1.29455
1.29905
1.30278
1.30608
1.31303
1.32669
1.34155
1.35239
1.35838
1.36273
1.36903
1.37026
1.36342
1.35484
1.34919
1.34516
1.34034
1.33547
1.33969
1.35802
1.3802
1.39495
1.40507
1.41763
1.42706
1.42748
1.41352
1.3929
1.37735
1.36968
1.36679
1.36718
1.37987
1.4088
1.43122
1.44377
1.45352
1.4612
1.46494
1.45753
1.42936
1.40328
1.39234
1.38966
1.39059
1.4017
1.43693
1.46573
1.47667
1.48149
1.48482
1.48643
1.48178
1.45175
1.41587
1.39976
1.39725
1.39996
1.42706
1.46534
1.48492
1.48629
1.53217
2.60554
7.70954
1.23255
1.24025
1.24223
1.23313
1.21399
1.20069
1.19491
1.19442
1.1968
1.20034
1.20662
1.2266
1.25411
1.27152
1.2797
1.2834
1.28767
1.28901
1.27781
1.26068
1.2506
1.24807
1.2495
1.25032
1.24918
1.2552
1.27596
1.29921
1.31416
1.32314
1.33194
1.33957
1.33899
1.32906
1.31769
1.30909
1.30124
1.2918
1.28438
1.2861
1.30087
1.32824
1.35197
1.36918
1.38565
1.39799
1.40119
1.39236
1.37318
1.3526
1.33215
1.31802
1.31523
1.31994
1.34099
1.3752
1.40568
1.42828
1.44203
1.4474
1.44686
1.42861
1.39666
1.37253
1.35967
1.35518
1.35678
1.36813
1.40299
1.43848
1.45795
1.46751
1.47212
1.47365
1.4655
1.43469
1.40376
1.39056
1.38737
1.38726
1.3955
1.43291
1.4693
1.48225
1.4851
1.48659
1.48722
1.48345
1.45581
1.41739
1.39936
1.39683
1.40033
1.42823
1.46395
1.47596
1.52675
2.65638
7.71137
1.22139
1.24718
1.25827
1.26317
1.25918
1.23838
1.21618
1.20472
1.20084
1.19815
1.19451
1.19566
1.20705
1.23654
1.26595
1.28502
1.29705
1.30623
1.3103
1.30352
1.28202
1.2632
1.2524
1.24509
1.23728
1.23432
1.23817
1.25724
1.29144
1.32032
1.34046
1.35574
1.36437
1.36579
1.35418
1.33152
1.30729
1.28578
1.27375
1.27201
1.27522
1.28905
1.32394
1.36425
1.39308
1.40859
1.41502
1.41732
1.40832
1.37407
1.33392
1.31595
1.31333
1.31564
1.32016
1.3389
1.38888
1.42922
1.44369
1.44864
1.45094
1.44827
1.42723
1.38583
1.36093
1.35531
1.35621
1.35979
1.37159
1.4131
1.45289
1.4674
1.4713
1.47273
1.4719
1.46437
1.43297
1.39988
1.38756
1.3867
1.38937
1.40029
1.43683
1.47082
1.48217
1.48485
1.48571
1.48606
1.48411
1.46089
1.4216
1.40114
1.39874
1.40215
1.42955
1.4539
1.51042
2.7018
7.70952
1.19668
1.24741
1.26136
1.26687
1.27072
1.27153
1.25733
1.23064
1.20861
1.19471
1.18964
1.19039
1.19341
1.20166
1.22908
1.27035
1.29723
1.3089
1.31438
1.3179
1.3168
1.29902
1.27136
1.24846
1.23582
1.23334
1.23552
1.23964
1.25383
1.29366
1.33548
1.35794
1.36675
1.37086
1.37305
1.36451
1.32808
1.29011
1.27462
1.27294
1.27589
1.28229
1.29692
1.3407
1.38857
1.40886
1.41481
1.41638
1.40918
1.38857
1.35354
1.32586
1.31739
1.31843
1.32386
1.33605
1.36338
1.40995
1.43636
1.44408
1.44505
1.43958
1.42964
1.41138
1.38308
1.36644
1.3635
1.36652
1.37311
1.38595
1.42267
1.45333
1.4637
1.46601
1.46567
1.46272
1.45579
1.43365
1.4075
1.39595
1.39453
1.396
1.40129
1.43198
1.46593
1.47867
1.48221
1.48396
1.48523
1.48522
1.46785
1.42908
1.40437
1.39927
1.40336
1.42122
1.48528
2.73027
7.70509
1.16982
1.21699
1.25272
1.26701
1.27241
1.2754
1.27574
1.26478
1.23243
1.20363
1.19346
1.19331
1.19683
1.20506
1.21603
1.23566
1.2719
1.30117
1.31364
1.31822
1.32062
1.31952
1.30366
1.26999
1.24646
1.23967
1.24137
1.24676
1.25441
1.26572
1.30074
1.34293
1.36155
1.36667
1.36669
1.36031
1.34728
1.31844
1.29286
1.28526
1.28731
1.29326
1.30208
1.31618
1.35381
1.38868
1.40057
1.40168
1.39779
1.39274
1.38138
1.35669
1.33773
1.33333
1.33756
1.34634
1.35616
1.37351
1.40422
1.42332
1.42895
1.42894
1.42826
1.42708
1.41567
1.39357
1.38062
1.37852
1.38172
1.38626
1.39262
1.41594
1.44267
1.45474
1.45838
1.45931
1.46072
1.4606
1.44632
1.41893
1.40142
1.39611
1.39687
1.40186
1.42644
1.45869
1.47416
1.48015
1.48349
1.4859
1.48681
1.47512
1.43867
1.40818
1.39876
1.39319
1.45472
2.73119
7.69682
1.16802
1.17921
1.21734
1.25168
1.26496
1.26833
1.26611
1.26047
1.25458
1.23887
1.21935
1.21016
1.20973
1.21264
1.21602
1.22068
1.2338
1.26663
1.29621
1.30818
1.31121
1.31071
1.30958
1.30474
1.28429
1.26327
1.25471
1.25467
1.25784
1.26246
1.27155
1.30025
1.33403
1.34926
1.35332
1.35386
1.35503
1.35184
1.33256
1.31144
1.30349
1.30426
1.30908
1.31557
1.32428
1.3455
1.36954
1.38216
1.38732
1.38991
1.39179
1.38935
1.37622
1.36285
1.35766
1.35751
1.35903
1.36007
1.36296
1.38004
1.40256
1.41664
1.42323
1.42612
1.42901
1.43005
1.4209
1.40616
1.395
1.388
1.38372
1.38376
1.39756
1.42569
1.44535
1.45473
1.46054
1.46562
1.46886
1.46131
1.43356
1.40987
1.39982
1.39608
1.39655
1.414
1.4487
1.47029
1.47978
1.48546
1.48916
1.49008
1.4814
1.44696
1.41295
1.39053
1.42278
2.69949
7.69147
1.17591
1.18214
1.1877
1.20378
1.23031
1.24811
1.25604
1.2605
1.26641
1.26925
1.26112
1.24033
1.22526
1.22033
1.22163
1.2266
1.22987
1.2322
1.24648
1.27516
1.29565
1.30636
1.31491
1.32099
1.32171
1.30556
1.28159
1.26926
1.26655
1.26843
1.27138
1.27269
1.28228
1.30894
1.33344
1.34758
1.35608
1.36294
1.36617
1.35593
1.33626
1.32432
1.32045
1.31978
1.3165
1.31319
1.32108
1.34546
1.3697
1.3847
1.39482
1.40511
1.41087
1.40592
1.38971
1.37397
1.3616
1.35047
1.34241
1.34302
1.35825
1.38886
1.4118
1.42589
1.44131
1.45262
1.45527
1.44452
1.41827
1.3931
1.37707
1.36913
1.36872
1.37989
1.41277
1.44198
1.45867
1.47139
1.47936
1.48215
1.47514
1.44322
1.40927
1.39414
1.39096
1.39109
1.40456
1.44351
1.47258
1.485
1.48992
1.49183
1.49171
1.48269
1.4519
1.40841
1.41271
2.63533
7.69496
1.19064
1.18379
1.17638
1.17604
1.18338
1.20831
1.23993
1.26008
1.2688
1.27358
1.27798
1.27966
1.26804
1.24925
1.23847
1.23243
1.22236
1.21603
1.21738
1.22774
1.26101
1.29729
1.31581
1.3225
1.32646
1.33083
1.32722
1.3073
1.28838
1.27632
1.26463
1.25758
1.25847
1.2664
1.29439
1.33125
1.35483
1.36629
1.37415
1.38008
1.37816
1.36037
1.3394
1.32199
1.30746
1.29963
1.29978
1.30658
1.33227
1.36773
1.39494
1.41296
1.4257
1.43112
1.42822
1.40696
1.37565
1.3491
1.33567
1.33243
1.33441
1.34702
1.38322
1.42239
1.44736
1.46006
1.46542
1.46716
1.45488
1.41727
1.38128
1.36652
1.36427
1.36585
1.37407
1.4104
1.45356
1.47483
1.48239
1.48558
1.48656
1.4786
1.4435
1.40576
1.39063
1.38853
1.38971
1.40357
1.44641
1.47757
1.48846
1.49159
1.49219
1.48937
1.48091
1.4475
1.42852
2.56671
7.71066
1.20624
1.18084
1.17485
1.17416
1.17621
1.18017
1.19663
1.2309
1.25805
1.27436
1.28935
1.29811
1.30058
1.29011
1.26018
1.23265
1.21969
1.21569
1.21661
1.21932
1.22613
1.25484
1.29426
1.31711
1.33168
1.34277
1.34729
1.3448
1.32065
1.28568
1.26484
1.25879
1.2592
1.2622
1.26833
1.28963
1.32803
1.35929
1.37772
1.3873
1.3919
1.39175
1.37455
1.33831
1.31054
1.30036
1.29987
1.30275
1.30836
1.33007
1.37403
1.41148
1.42772
1.43298
1.43589
1.43334
1.40657
1.36255
1.33771
1.33212
1.33358
1.33766
1.35139
1.39762
1.44291
1.46045
1.46542
1.46697
1.46367
1.44611
1.40474
1.37379
1.36481
1.36515
1.36876
1.38219
1.42732
1.46777
1.48137
1.48475
1.48524
1.48204
1.47185
1.43766
1.40302
1.39023
1.38929
1.39193
1.40986
1.45205
1.47968
1.48838
1.49009
1.48848
1.48683
1.47368
1.46931
2.52504
7.72812
1.23563
1.19774
1.18022
1.17575
1.17652
1.17936
1.18399
1.19527
1.22985
1.27082
1.29175
1.29924
1.30255
1.30211
1.29177
1.26063
1.23251
1.22055
1.21829
1.22032
1.22366
1.22884
1.25223
1.30209
1.33336
1.34344
1.34736
1.34644
1.33882
1.31689
1.28691
1.26972
1.26485
1.26602
1.26927
1.2734
1.28775
1.33227
1.37277
1.38697
1.39084
1.38895
1.38019
1.36488
1.33671
1.31431
1.30687
1.30749
1.31072
1.31509
1.33518
1.38661
1.41952
1.42867
1.43
1.42598
1.4184
1.3957
1.3605
1.34307
1.34131
1.34525
1.35267
1.36798
1.41132
1.44531
1.4558
1.4569
1.45431
1.45019
1.43681
1.40309
1.37998
1.37508
1.37883
1.38601
1.39814
1.43374
1.46416
1.47418
1.47541
1.4735
1.46993
1.46396
1.43975
1.41086
1.39849
1.39725
1.39917
1.41332
1.45007
1.47503
1.48337
1.48401
1.48389
1.47765
1.50356
2.52559
7.73886
1.24739
1.23642
1.20774
1.18904
1.18341
1.18492
1.1886
1.19416
1.20388
1.23388
1.27004
1.28638
1.29153
1.29296
1.29382
1.29207
1.27139
1.24221
1.22699
1.22477
1.22767
1.235
1.24716
1.2667
1.30221
1.32528
1.33338
1.3358
1.3379
1.33903
1.32788
1.29927
1.27777
1.27157
1.27316
1.27905
1.28945
1.30208
1.3324
1.36255
1.3744
1.37766
1.38013
1.38157
1.3738
1.34625
1.322
1.31459
1.31614
1.32269
1.33277
1.34793
1.38174
1.40662
1.41554
1.41808
1.41921
1.41781
1.4007
1.37237
1.35817
1.35679
1.3611
1.36748
1.37677
1.40386
1.43078
1.44232
1.44575
1.44637
1.44529
1.43839
1.41754
1.39988
1.39324
1.39261
1.39445
1.39879
1.42243
1.45004
1.46236
1.4657
1.46614
1.46651
1.46651
1.45461
1.42718
1.40842
1.40211
1.4017
1.40985
1.44086
1.4668
1.4769
1.48025
1.47553
1.51852
2.55692
7.73932
1.24679
1.25338
1.2483
1.22384
1.20229
1.1958
1.19694
1.20227
1.20691
1.21002
1.22236
1.25165
1.27593
1.28828
1.29365
1.29633
1.29732
1.28402
1.25927
1.24543
1.24317
1.246
1.24914
1.25081
1.25685
1.28084
1.31081
1.32958
1.338
1.34149
1.34256
1.33581
1.315
1.29656
1.28996
1.29077
1.29328
1.29323
1.29506
1.31318
1.3476
1.37109
1.38019
1.38347
1.38438
1.37964
1.3604
1.34081
1.33321
1.33311
1.33375
1.33176
1.33603
1.36087
1.39257
1.40998
1.41678
1.41984
1.42294
1.4166
1.3961
1.3802
1.37354
1.37021
1.36543
1.36585
1.38267
1.41296
1.43208
1.44044
1.4464
1.45368
1.45558
1.44285
1.42037
1.40349
1.39371
1.38847
1.3882
1.4034
1.43344
1.45305
1.46235
1.47012
1.4776
1.48038
1.47132
1.44066
1.4132
1.40018
1.3962
1.39995
1.42868
1.45944
1.47454
1.47469
1.52186
2.60616
7.73751
1.24068
1.25354
1.25601
1.25739
1.24631
1.22661
1.21536
1.21144
1.20651
1.20023
1.20075
1.20798
1.23518
1.26822
1.28684
1.2946
1.29875
1.30471
1.30496
1.28847
1.26729
1.25362
1.24591
1.24189
1.24092
1.24435
1.26289
1.29901
1.32525
1.33607
1.34245
1.35115
1.35455
1.34287
1.31933
1.30101
1.29028
1.28476
1.28268
1.28505
1.2996
1.33718
1.36636
1.37786
1.38519
1.39439
1.39773
1.38535
1.36024
1.34043
1.32859
1.32281
1.32134
1.32468
1.34671
1.38462
1.40926
1.4214
1.42996
1.43725
1.43707
1.4186
1.39207
1.37078
1.35841
1.35361
1.35414
1.36736
1.40118
1.43028
1.44851
1.46165
1.47101
1.47357
1.46215
1.43109
1.40079
1.38287
1.37571
1.37512
1.38732
1.42314
1.45566
1.47425
1.48471
1.49002
1.49215
1.48415
1.448
1.40938
1.39196
1.38798
1.39109
1.42368
1.45956
1.47001
1.52226
2.6587
7.73575
1.21616
1.24849
1.26155
1.27224
1.27587
1.26955
1.24464
1.21952
1.20608
1.20142
1.20094
1.20271
1.20554
1.22157
1.25575
1.28459
1.30366
1.31704
1.32387
1.32494
1.30926
1.27712
1.25222
1.24172
1.2394
1.24027
1.24261
1.25248
1.28523
1.32292
1.34736
1.36088
1.368
1.3707
1.36065
1.32888
1.29869
1.28493
1.28198
1.28317
1.28567
1.29406
1.32669
1.36633
1.39072
1.40293
1.40901
1.41136
1.3993
1.36564
1.33595
1.32275
1.31994
1.32141
1.32412
1.33891
1.37724
1.41278
1.43402
1.44481
1.44933
1.44869
1.42783
1.38933
1.36228
1.35228
1.35105
1.35258
1.36069
1.39432
1.43754
1.46422
1.47513
1.47881
1.47971
1.46805
1.42745
1.3893
1.37457
1.37248
1.3737
1.38371
1.42662
1.46994
1.48659
1.49148
1.49375
1.49384
1.48419
1.44244
1.39967
1.38443
1.38362
1.3921
1.43109
1.4561
1.51373
2.70482
7.73691
1.18389
1.23514
1.26351
1.27344
1.27782
1.27924
1.27474
1.25334
1.22627
1.21037
1.20327
1.20051
1.20128
1.20422
1.21532
1.25376
1.29754
1.31742
1.3242
1.32726
1.32667
1.31369
1.28234
1.25493
1.24223
1.23908
1.24047
1.24344
1.25114
1.28413
1.33463
1.35976
1.36754
1.3708
1.37014
1.36011
1.33063
1.30042
1.28602
1.28275
1.2841
1.28711
1.29541
1.32993
1.37862
1.40131
1.40828
1.41068
1.40896
1.39758
1.36706
1.33723
1.32329
1.32056
1.32223
1.32532
1.33911
1.38529
1.42792
1.44311
1.44727
1.44704
1.4419
1.42338
1.38729
1.35999
1.35126
1.35152
1.35405
1.36417
1.40814
1.45602
1.47274
1.47648
1.47555
1.47029
1.45617
1.41856
1.38459
1.37394
1.37384
1.3774
1.39622
1.44746
1.48076
1.48879
1.4905
1.48889
1.48448
1.47289
1.43363
1.3949
1.38352
1.38469
1.40515
1.43423
1.49686
2.72831
7.74386
1.1795
1.19887
1.2333
1.25907
1.27007
1.27405
1.2767
1.27833
1.26634
1.23455
1.20966
1.20177
1.20294
1.20857
1.21867
1.22994
1.25737
1.29446
1.31334
1.31966
1.32234
1.3247
1.32022
1.29039
1.25651
1.2431
1.243
1.24803
1.25875
1.27002
1.29251
1.33099
1.35377
1.36121
1.36389
1.36583
1.36299
1.33661
1.30225
1.28788
1.2874
1.29316
1.30415
1.31422
1.33633
1.37362
1.39459
1.40106
1.40377
1.40612
1.40193
1.37221
1.33861
1.32586
1.32612
1.33303
1.34275
1.35423
1.3875
1.422
1.43514
1.43879
1.44124
1.44153
1.42521
1.38596
1.36192
1.35772
1.36212
1.37112
1.3829
1.41549
1.45034
1.46328
1.46627
1.46756
1.46658
1.45186
1.41513
1.39011
1.38473
1.38809
1.39415
1.41049
1.4493
1.47324
1.4794
1.48011
1.47852
1.47516
1.46653
1.43658
1.40441
1.39504
1.39923
1.41179
1.47699
2.72117
7.7432
1.18343
1.1854
1.19229
1.21908
1.25119
1.26795
1.27415
1.27655
1.27591
1.2692
1.24651
1.22543
1.21871
1.21989
1.22251
1.22429
1.22798
1.24663
1.28326
1.30815
1.31785
1.32142
1.32152
1.31779
1.2981
1.27242
1.26149
1.2615
1.2645
1.2671
1.27002
1.28391
1.31851
1.34613
1.3576
1.3617
1.36191
1.35874
1.34293
1.31897
1.30739
1.30643
1.30861
1.30921
1.31156
1.32591
1.36152
1.38836
1.39871
1.40207
1.40147
1.39873
1.38195
1.35699
1.34495
1.34312
1.34322
1.34365
1.34901
1.37742
1.41417
1.43124
1.43636
1.43675
1.43476
1.42604
1.40059
1.38089
1.37461
1.37425
1.37476
1.37896
1.40673
1.442
1.45705
1.46105
1.45974
1.45737
1.45215
1.43256
1.41096
1.39957
1.39658
1.39715
1.40656
1.44015
1.46288
1.46983
1.47044
1.46979
1.4709
1.4717
1.45624
1.42555
1.40862
1.3983
1.44656
2.69785
7.7389
1.18486
1.18416
1.18602
1.18852
1.20431
1.23716
1.2598
1.26894
1.27507
1.28269
1.28543
1.27211
1.24533
1.22687
1.22144
1.22304
1.2254
1.22745
1.23657
1.26776
1.29791
1.31115
1.31667
1.32311
1.32868
1.32199
1.29639
1.27395
1.26494
1.26552
1.2681
1.27028
1.2761
1.30218
1.33383
1.34956
1.35646
1.36445
1.37148
1.36702
1.34258
1.31885
1.30826
1.30731
1.30837
1.30881
1.31585
1.34659
1.37783
1.39141
1.39908
1.40945
1.41482
1.40519
1.37483
1.35035
1.34169
1.34175
1.3431
1.34513
1.36573
1.40253
1.4222
1.42995
1.43859
1.44629
1.44458
1.41987
1.38951
1.37478
1.37277
1.37414
1.37612
1.396
1.42894
1.44562
1.45204
1.46022
1.46947
1.47051
1.45183
1.41953
1.39968
1.39532
1.39632
1.40131
1.42449
1.44705
1.45848
1.46658
1.47786
1.48481
1.48496
1.46968
1.43849
1.40432
1.42069
2.64747
7.73503
1.20127
1.18472
1.18014
1.17906
1.18185
1.19247
1.22473
1.25758
1.27758
1.28943
1.29593
1.29867
1.29067
1.26194
1.238
1.22768
1.22206
1.21966
1.2215
1.22784
1.25429
1.29132
1.31542
1.32948
1.33768
1.34159
1.3388
1.31417
1.28617
1.27281
1.2664
1.26201
1.26238
1.26687
1.28845
1.32617
1.35398
1.37126
1.38109
1.38536
1.38312
1.35863
1.32922
1.31377
1.30486
1.29918
1.29967
1.30576
1.33431
1.37451
1.40165
1.41679
1.42348
1.42589
1.41808
1.38617
1.35796
1.34411
1.33615
1.33411
1.33711
1.35548
1.39631
1.42792
1.4454
1.45301
1.45577
1.45373
1.43007
1.39749
1.37901
1.36901
1.36484
1.36687
1.38393
1.42048
1.44901
1.46674
1.47547
1.47838
1.47797
1.4607
1.427
1.40405
1.3914
1.38519
1.38701
1.40638
1.44011
1.46787
1.48428
1.49005
1.49074
1.48863
1.47671
1.43709
1.41835
2.57508
7.7338
1.23523
1.20149
1.18661
1.18233
1.18315
1.18577
1.19157
1.21382
1.25133
1.27928
1.29205
1.29741
1.30049
1.2991
1.28056
1.25253
1.23241
1.22433
1.22372
1.22594
1.23008
1.24578
1.28097
1.31438
1.33204
1.33942
1.34308
1.34419
1.33075
1.30274
1.27902
1.26725
1.2646
1.26628
1.26945
1.28172
1.31703
1.35521
1.37529
1.38311
1.38687
1.38792
1.37312
1.34151
1.31511
1.30331
1.30128
1.30324
1.30714
1.3276
1.37199
1.40517
1.41851
1.42386
1.42662
1.42296
1.39767
1.36315
1.3427
1.33703
1.33766
1.34042
1.3532
1.3927
1.43006
1.44626
1.45243
1.45549
1.45499
1.43875
1.40498
1.37815
1.36807
1.3672
1.36932
1.38037
1.41556
1.45143
1.46868
1.47507
1.47771
1.47785
1.46686
1.43569
1.40351
1.38777
1.38394
1.38482
1.40087
1.44308
1.4743
1.4856
1.48842
1.48845
1.48719
1.47096
1.45578
2.52527
7.74532
)
;

boundaryField
{
    back
    {
        type            empty;
    }
    outlet
    {
        type            calculated;
        value           nonuniform List<scalar> 
99
(
1.0696
1.07558
1.07458
1.0748
1.07435
1.07384
1.07351
1.07373
1.0747
1.07648
1.07898
1.08188
1.08477
1.08728
1.08918
1.09048
1.09089
1.09014
1.08874
1.08798
1.08855
1.09044
1.0931
1.09619
1.09933
1.10248
1.10659
1.1119
1.11881
1.12717
1.13439
1.13912
1.14386
1.14781
1.14988
1.14635
1.13411
1.12055
1.11888
1.12225
1.12929
1.13697
1.14518
1.15394
1.16771
1.16553
1.16257
1.16136
1.159
1.15483
1.16129
1.16845
1.17311
1.17543
1.16687
1.16544
1.16274
1.1672
1.17085
1.16922
1.16632
1.15836
1.17507
1.18594
1.1934
1.19815
1.20501
1.21749
1.21273
1.21147
1.20565
1.18899
1.15677
1.1559
1.1658
1.17293
1.18258
1.20538
1.23298
1.23641
1.23264
1.22374
1.20175
1.17235
1.16824
1.17622
1.18966
1.20275
1.23187
1.24705
1.24668
1.24168
1.21951
1.18729
1.18043
1.1834
1.18421
1.19887
1.23183
)
;
    }
    top
    {
        type            calculated;
        value           nonuniform List<scalar> 
99
(
1.23523
1.20149
1.18661
1.18233
1.18315
1.18577
1.19157
1.21382
1.25133
1.27928
1.29205
1.29741
1.30049
1.2991
1.28056
1.25253
1.23241
1.22433
1.22372
1.22594
1.23008
1.24578
1.28097
1.31438
1.33204
1.33942
1.34308
1.34419
1.33075
1.30274
1.27902
1.26725
1.2646
1.26628
1.26945
1.28172
1.31703
1.35521
1.37529
1.38311
1.38687
1.38792
1.37312
1.34151
1.31511
1.30331
1.30128
1.30324
1.30714
1.3276
1.37199
1.40517
1.41851
1.42386
1.42662
1.42296
1.39767
1.36315
1.3427
1.33703
1.33766
1.34042
1.3532
1.3927
1.43006
1.44626
1.45243
1.45549
1.45499
1.43875
1.40498
1.37815
1.36807
1.3672
1.36932
1.38037
1.41556
1.45143
1.46868
1.47507
1.47771
1.47785
1.46686
1.43569
1.40351
1.38777
1.38394
1.38482
1.40087
1.44308
1.4743
1.4856
1.48842
1.48845
1.48719
1.47096
1.45578
2.52527
7.74532
)
;
    }
    inlet
    {
        type            calculated;
        value           uniform 1.40001;
    }
    bottom
    {
        type            calculated;
        value           nonuniform List<scalar> 
99
(
1.06967
1.07548
1.07845
1.07996
1.08021
1.0827
1.08635
1.09277
1.10394
1.11323
1.11929
1.12386
1.12784
1.13125
1.13223
1.1319
1.13438
1.13834
1.14458
1.15643
1.16765
1.17458
1.17964
1.18405
1.18767
1.1874
1.1862
1.18863
1.1928
1.19925
1.21214
1.2249
1.23268
1.23825
1.24289
1.24643
1.2443
1.2429
1.24579
1.25065
1.25808
1.27282
1.28663
1.29506
1.30076
1.30608
1.3083
1.30372
1.3038
1.30779
1.31334
1.32355
1.34122
1.35537
1.36373
1.36977
1.37538
1.37269
1.36654
1.36873
1.37489
1.38251
1.39932
1.421
1.43468
1.44334
1.45067
1.45434
1.44491
1.4387
1.4431
1.45183
1.46637
1.49518
1.5186
1.53168
1.54173
1.55064
1.54686
1.53044
1.52919
1.5394
1.5568
1.59413
1.6321
1.65569
1.67272
1.68869
1.6928
1.66904
1.65823
1.67597
1.70968
1.78117
1.86155
1.9387
2.01143
2.77766
7.41959
)
;
    }
    front
    {
        type            empty;
    }
}


// ************************************************************************* //
