/*--------------------------------*- C++ -*----------------------------------*\
  =========                 |
  \\      /  F ield         | OpenFOAM: The Open Source CFD Toolbox
   \\    /   O peration     | Website:  https://openfoam.org
    \\  /    A nd           | Version:  12
     \\/     M anipulation  |
\*---------------------------------------------------------------------------*/
FoamFile
{
    format      ascii;
    class       volScalarField;
    location    "13.2";
    object      T;
}
// * * * * * * * * * * * * * * * * * * * * * * * * * * * * * * * * * * * * * //

dimensions      [0 0 0 1 0 0 0];

internalField   nonuniform List<scalar> 
9801
(
0.836686
0.83935
0.840678
0.841952
0.842968
0.843152
0.842655
0.843166
0.844193
0.845605
0.848696
0.852697
0.855292
0.85689
0.858219
0.859386
0.860258
0.85979
0.859664
0.860507
0.861733
0.863633
0.867507
0.871237
0.873393
0.87489
0.876195
0.877295
0.877039
0.876091
0.876647
0.877813
0.879388
0.882829
0.887465
0.890419
0.892208
0.893556
0.894608
0.894168
0.892689
0.893112
0.8943
0.8959
0.898876
0.904053
0.907865
0.909967
0.911462
0.912661
0.912583
0.910374
0.910169
0.911334
0.912929
0.91567
0.921418
0.926385
0.929086
0.930867
0.93237
0.932516
0.929291
0.927878
0.928933
0.930802
0.93427
0.941377
0.947477
0.950664
0.952665
0.954409
0.954474
0.949742
0.947438
0.948796
0.951459
0.957194
0.966534
0.973105
0.976808
0.979317
0.981427
0.979338
0.97211
0.970333
0.973458
0.978982
0.99138
1.00397
1.01201
1.01871
1.02422
1.02466
1.01834
1.01642
1.0204
1.17895
1.56262
0.840445
0.843376
0.844614
0.845721
0.846619
0.846896
0.846576
0.847093
0.848025
0.849201
0.852012
0.856242
0.858989
0.860638
0.861928
0.863034
0.863859
0.863541
0.863436
0.864137
0.865151
0.866732
0.870644
0.874624
0.876886
0.878403
0.87965
0.880687
0.880547
0.879736
0.88022
0.881209
0.882476
0.885565
0.890364
0.893475
0.895304
0.896659
0.897785
0.897731
0.896427
0.896654
0.897634
0.898901
0.901295
0.906415
0.910506
0.912802
0.914403
0.915703
0.916048
0.914102
0.91356
0.914426
0.915756
0.917979
0.923618
0.928805
0.931717
0.933639
0.935214
0.935734
0.93289
0.931267
0.932065
0.933708
0.936584
0.943402
0.94983
0.953279
0.955395
0.957206
0.957602
0.953451
0.951013
0.952175
0.954515
0.958912
0.967925
0.975222
0.979415
0.982421
0.985027
0.984513
0.977616
0.974983
0.977613
0.982093
0.992042
1.00419
1.01247
1.01949
1.02598
1.02783
1.02207
1.01672
1.01268
1.172
1.58181
0.844458
0.84748
0.848686
0.849757
0.850675
0.851376
0.851403
0.851536
0.852263
0.853302
0.855724
0.860146
0.863164
0.864912
0.866239
0.867367
0.868327
0.868302
0.867914
0.86838
0.869303
0.870702
0.874467
0.878738
0.881177
0.882763
0.884041
0.885164
0.885439
0.88461
0.88473
0.885564
0.886699
0.889284
0.894136
0.897578
0.899568
0.901031
0.902339
0.903077
0.901884
0.901365
0.902054
0.903186
0.905065
0.909975
0.914669
0.917298
0.919044
0.9205
0.921461
0.919893
0.918549
0.919115
0.920361
0.922216
0.927293
0.933138
0.936485
0.93859
0.940314
0.941364
0.939248
0.937171
0.937641
0.939212
0.94142
0.947089
0.954427
0.95856
0.960971
0.963029
0.96421
0.961192
0.958285
0.958922
0.961207
0.964394
0.972625
0.981991
0.987194
0.990513
0.993439
0.99421
0.988511
0.984635
0.986585
0.991105
0.998485
1.01135
1.02207
1.02996
1.03766
1.04211
1.03865
1.03436
1.02782
1.18067
1.60253
0.849735
0.852941
0.854214
0.855352
0.856321
0.857022
0.856826
0.856952
0.857733
0.858813
0.861011
0.865558
0.868904
0.870759
0.872117
0.873262
0.874214
0.874068
0.873431
0.873934
0.874973
0.876391
0.880028
0.884651
0.88731
0.888952
0.890254
0.891393
0.891712
0.890536
0.890474
0.891391
0.892649
0.89493
0.89997
0.904055
0.906244
0.907768
0.909114
0.910002
0.908525
0.907336
0.907974
0.909299
0.911196
0.916049
0.921687
0.924696
0.92647
0.927939
0.928997
0.92732
0.925322
0.925798
0.927304
0.929249
0.933916
0.940658
0.944595
0.946792
0.948557
0.949868
0.948254
0.945399
0.945505
0.947282
0.949552
0.954184
0.962433
0.967717
0.970516
0.972816
0.974677
0.97286
0.968615
0.968361
0.970772
0.973873
0.980049
0.990493
0.997461
1.00142
1.0047
1.00707
1.00381
0.998401
0.998277
1.00293
1.00893
1.01921
1.03118
1.04016
1.04842
1.05564
1.0557
1.05245
1.04206
1.18629
1.62068
0.855765
0.859021
0.860317
0.861519
0.862534
0.863159
0.862942
0.863174
0.864018
0.865135
0.867255
0.871812
0.875359
0.877288
0.878654
0.879787
0.880671
0.880421
0.879892
0.880448
0.88152
0.882936
0.886409
0.891304
0.894201
0.895894
0.897192
0.898298
0.898597
0.897532
0.897466
0.898385
0.899676
0.9017
0.906643
0.91129
0.913689
0.915248
0.916557
0.91739
0.916133
0.914989
0.915652
0.917046
0.91882
0.923041
0.929095
0.932534
0.934436
0.935939
0.93711
0.936011
0.933898
0.934145
0.93563
0.937517
0.941214
0.948175
0.952994
0.955538
0.957435
0.959096
0.958582
0.95514
0.954341
0.956006
0.95834
0.961961
0.969972
0.976776
0.980227
0.982709
0.985005
0.984998
0.980348
0.977947
0.979774
0.98298
0.987429
0.997115
1.00675
1.01215
1.01579
1.01915
1.01901
1.01317
1.00987
1.01199
1.01742
1.02515
1.03671
1.04693
1.05532
1.063
1.06675
1.06419
1.051
1.18884
1.6318
0.862078
0.865446
0.866755
0.867979
0.869044
0.869624
0.869288
0.869566
0.87045
0.871582
0.873589
0.878151
0.881896
0.883944
0.885364
0.88654
0.887485
0.88723
0.886765
0.887355
0.888436
0.88976
0.892848
0.897894
0.901058
0.902864
0.904219
0.905401
0.905872
0.904889
0.904779
0.90566
0.906929
0.908717
0.913292
0.918237
0.920891
0.922583
0.92398
0.925016
0.924104
0.922765
0.923271
0.924577
0.926224
0.929731
0.935857
0.939844
0.942043
0.94374
0.94524
0.945032
0.942425
0.94182
0.943118
0.944966
0.947901
0.954579
0.960515
0.963546
0.965602
0.967469
0.968325
0.965137
0.962517
0.963347
0.965582
0.968484
0.975243
0.983722
0.988417
0.991068
0.993412
0.994825
0.991347
0.987186
0.987132
0.989851
0.993284
1.00001
1.01082
1.01841
1.02322
1.02708
1.0295
1.02612
1.02033
1.01906
1.02233
1.02785
1.03641
1.04669
1.05523
1.06269
1.06819
1.06902
1.0596
1.1889
1.63832
0.867958
0.871327
0.872653
0.873933
0.875064
0.875618
0.875185
0.875498
0.876445
0.877641
0.879684
0.884132
0.887776
0.8898
0.891264
0.892522
0.893574
0.893365
0.892804
0.893407
0.894543
0.895932
0.89883
0.90378
0.907005
0.908844
0.910274
0.911565
0.912302
0.911215
0.910724
0.911579
0.912932
0.914774
0.919146
0.924198
0.926994
0.928771
0.930259
0.93158
0.931301
0.929313
0.929128
0.930343
0.932007
0.935075
0.94118
0.945808
0.948235
0.950019
0.95166
0.952509
0.950169
0.948233
0.948869
0.950578
0.95286
0.958472
0.965619
0.969524
0.971667
0.973514
0.975125
0.973436
0.969788
0.969248
0.970923
0.973248
0.977578
0.986494
0.993395
0.997024
0.999462
1.00161
1.0005
0.995387
0.99287
0.993963
0.996911
1.00103
1.01008
1.02046
1.0269
1.03109
1.03467
1.03543
1.03015
1.02574
1.02576
1.02916
1.03484
1.04404
1.05321
1.06041
1.06585
1.0686
1.06415
1.19102
1.64262
0.873137
0.876562
0.877836
0.879072
0.880164
0.88067
0.880096
0.880286
0.881237
0.882504
0.884653
0.889172
0.892897
0.894871
0.896289
0.897536
0.898662
0.898738
0.897843
0.898098
0.89918
0.900608
0.903397
0.908488
0.91203
0.913908
0.915337
0.916639
0.917672
0.916896
0.915617
0.916049
0.917331
0.919093
0.923222
0.928748
0.931919
0.933726
0.93521
0.936617
0.937147
0.935058
0.933908
0.934704
0.936213
0.938547
0.944275
0.950042
0.952986
0.954797
0.956417
0.95781
0.956527
0.953656
0.953275
0.954542
0.95636
0.960049
0.967786
0.973454
0.976254
0.978162
0.980013
0.97995
0.976
0.973747
0.974301
0.976303
0.979036
0.985908
0.995296
1.00069
1.00378
1.00614
1.00732
1.00298
0.997973
0.997228
0.999216
1.00222
1.00735
1.01781
1.02688
1.03237
1.03627
1.0396
1.03942
1.03361
1.02967
1.03029
1.03381
1.03977
1.04884
1.05678
1.06265
1.06649
1.06663
1.19518
1.6458
0.877231
0.881052
0.882324
0.883521
0.884564
0.88512
0.884477
0.884363
0.885132
0.886274
0.888011
0.892429
0.896942
0.899199
0.900607
0.90183
0.902983
0.903374
0.902275
0.902024
0.90283
0.90406
0.906129
0.911248
0.915864
0.918109
0.919534
0.920805
0.921965
0.921621
0.919885
0.919716
0.92071
0.922125
0.925143
0.931224
0.935539
0.93764
0.939116
0.940505
0.941416
0.939778
0.937911
0.938104
0.939314
0.940953
0.945148
0.952099
0.956313
0.958455
0.960074
0.961575
0.961451
0.958237
0.956682
0.957252
0.958798
0.961048
0.967422
0.975349
0.979496
0.981755
0.983593
0.984587
0.981475
0.977327
0.976711
0.978217
0.98046
0.984262
0.993656
1.00206
1.00618
1.00877
1.01091
1.01066
1.00492
1.00101
1.00098
1.00301
1.00612
1.01272
1.0236
1.03192
1.0371
1.04086
1.04339
1.04192
1.03632
1.03279
1.03357
1.03712
1.04349
1.05247
1.05952
1.06402
1.06722
1.20065
1.64869
0.880003
0.884615
0.886022
0.887198
0.888202
0.88885
0.888269
0.887856
0.888391
0.889387
0.890676
0.894102
0.899519
0.902601
0.904174
0.905387
0.906507
0.907129
0.90605
0.9053
0.905785
0.906842
0.90829
0.912409
0.918168
0.921239
0.922859
0.924132
0.925298
0.925463
0.923529
0.922775
0.92342
0.924636
0.926482
0.931834
0.937608
0.940496
0.942155
0.943561
0.944762
0.943946
0.941353
0.940799
0.941603
0.942993
0.945412
0.952097
0.958202
0.961139
0.96289
0.964416
0.965295
0.962561
0.959497
0.959356
0.960615
0.962416
0.966165
0.974842
0.981264
0.984277
0.986201
0.987748
0.986989
0.981974
0.979373
0.979806
0.981679
0.983961
0.989397
1
1.00703
1.01054
1.01324
1.01548
1.01347
1.00644
1.00326
1.00397
1.00642
1.00993
1.01761
1.0281
1.03558
1.04036
1.04395
1.04606
1.04419
1.03857
1.03515
1.03594
1.03925
1.04602
1.05491
1.06123
1.06655
1.20728
1.65155
0.88161
0.887075
0.888875
0.890137
0.891129
0.891929
0.891575
0.890695
0.890965
0.891865
0.893008
0.895251
0.900681
0.904834
0.906836
0.908156
0.909277
0.910158
0.909442
0.907997
0.908174
0.909112
0.910329
0.913009
0.919033
0.923238
0.925242
0.926621
0.927836
0.928589
0.926988
0.925322
0.925628
0.926666
0.928019
0.931469
0.938202
0.942393
0.944442
0.945916
0.947242
0.947537
0.944778
0.943012
0.943429
0.944651
0.946282
0.950909
0.958637
0.962972
0.965097
0.966651
0.967934
0.966845
0.962776
0.9614
0.962245
0.963867
0.965918
0.972014
0.980976
0.985636
0.988009
0.9898
0.991179
0.988554
0.983292
0.981695
0.982395
0.984311
0.986973
0.994568
1.00555
1.01173
1.01481
1.01713
1.01855
1.01505
1.00857
1.00627
1.00719
1.00969
1.01364
1.02221
1.03203
1.03873
1.0432
1.04661
1.04808
1.04594
1.04035
1.03678
1.03721
1.04004
1.04764
1.0564
1.0641
1.21477
1.65442
0.882642
0.888617
0.890874
0.892339
0.89343
0.894383
0.894607
0.893376
0.893153
0.893916
0.894992
0.896559
0.901083
0.906142
0.908683
0.9102
0.911416
0.912501
0.912572
0.910707
0.910247
0.911019
0.912137
0.913848
0.918987
0.924394
0.927015
0.928567
0.929851
0.930972
0.930414
0.927986
0.927521
0.928344
0.929575
0.931548
0.937571
0.943492
0.946268
0.947895
0.949245
0.950268
0.948548
0.945478
0.945151
0.946161
0.947607
0.950042
0.95722
0.963848
0.966844
0.968569
0.970023
0.970741
0.967441
0.964095
0.963861
0.964925
0.966636
0.969509
0.977876
0.985974
0.989752
0.992057
0.993918
0.994516
0.989462
0.984478
0.9838
0.985089
0.987203
0.990359
0.999397
1.00981
1.01491
1.01775
1.02041
1.02204
1.01764
1.01104
1.00911
1.01033
1.01302
1.01746
1.02644
1.03538
1.04141
1.04561
1.04883
1.04996
1.04741
1.04149
1.03735
1.03718
1.03991
1.04857
1.05918
1.22228
1.65695
0.883591
0.889631
0.89234
0.893993
0.895218
0.896294
0.897098
0.896235
0.89531
0.895811
0.896794
0.898023
0.901344
0.906855
0.910079
0.911812
0.91314
0.914323
0.915098
0.913663
0.912344
0.912782
0.913797
0.915091
0.918676
0.924857
0.928421
0.930229
0.931601
0.932845
0.933366
0.931081
0.929499
0.92998
0.9311
0.932495
0.936385
0.943523
0.947621
0.949599
0.951023
0.952296
0.952247
0.948873
0.947148
0.947675
0.948922
0.950468
0.954752
0.963101
0.96805
0.970368
0.971969
0.973415
0.972766
0.96804
0.965554
0.965888
0.967331
0.969197
0.973653
0.983684
0.990576
0.993488
0.995327
0.997043
0.996889
0.991058
0.986848
0.98643
0.987504
0.989578
0.993599
1.00411
1.01409
1.01903
1.02177
1.02404
1.02455
1.01963
1.01376
1.01214
1.01333
1.01602
1.0211
1.03055
1.03883
1.04416
1.04781
1.0506
1.05143
1.04857
1.04193
1.03677
1.0361
1.03945
1.05168
1.22753
1.65871
0.884578
0.890394
0.893626
0.895477
0.896822
0.897989
0.899039
0.898985
0.897613
0.897673
0.898505
0.899591
0.901829
0.907212
0.911299
0.913316
0.914735
0.915964
0.917035
0.916558
0.914639
0.914549
0.915432
0.916602
0.918766
0.924638
0.929526
0.931821
0.933295
0.934575
0.935654
0.934531
0.931946
0.931686
0.932587
0.933826
0.935864
0.94223
0.948418
0.951202
0.952794
0.954157
0.95523
0.953259
0.949823
0.949219
0.949998
0.951406
0.953526
0.960313
0.9683
0.97205
0.974109
0.975642
0.976777
0.973966
0.968951
0.967632
0.968379
0.969903
0.971959
0.978209
0.98856
0.994162
0.996959
0.999192
1.00104
0.999334
0.992278
0.988594
0.988839
0.990479
0.992798
0.997335
1.00813
1.01727
1.02162
1.02425
1.02676
1.02744
1.02235
1.01637
1.01474
1.016
1.01886
1.02468
1.03429
1.0418
1.04648
1.04977
1.05223
1.05265
1.04924
1.04165
1.03542
1.03396
1.0415
1.22864
1.6595
0.885615
0.890947
0.894936
0.897057
0.898478
0.899689
0.900798
0.901345
0.899999
0.899494
0.900156
0.901187
0.902724
0.907275
0.912341
0.914857
0.916363
0.917623
0.918783
0.919164
0.917249
0.916428
0.917082
0.918159
0.919538
0.923805
0.930081
0.933344
0.935025
0.936356
0.937587
0.937837
0.935105
0.93357
0.934006
0.935083
0.936479
0.940386
0.948076
0.952593
0.954676
0.956074
0.957384
0.957451
0.953559
0.951022
0.951299
0.952518
0.954063
0.957396
0.966098
0.972734
0.975511
0.977237
0.978796
0.979544
0.975262
0.970653
0.969808
0.970513
0.972098
0.974691
0.983017
0.993404
0.998283
1.00051
1.00213
1.00365
1.00142
0.994776
0.991792
0.99193
0.993115
0.995297
1.00064
1.01183
1.02044
1.02478
1.02747
1.02964
1.02971
1.0247
1.01895
1.01717
1.01826
1.02107
1.0277
1.03755
1.04451
1.04853
1.05138
1.0534
1.05338
1.0495
1.04069
1.03304
1.03141
1.22461
1.65927
0.886844
0.891293
0.896182
0.8988
0.900252
0.901463
0.90257
0.903401
0.902366
0.901318
0.901778
0.902752
0.903951
0.907091
0.912927
0.916401
0.918103
0.919407
0.920591
0.921492
0.920205
0.918497
0.918671
0.91956
0.920747
0.923147
0.92961
0.934607
0.936845
0.938221
0.939456
0.940472
0.938855
0.935861
0.935467
0.936345
0.93763
0.939583
0.945956
0.953138
0.956374
0.958072
0.959353
0.960457
0.958616
0.954337
0.953129
0.953711
0.954968
0.956683
0.961831
0.9713
0.976652
0.979153
0.98095
0.982465
0.981895
0.975995
0.972057
0.971975
0.973219
0.974888
0.977774
0.987085
0.996628
1.00077
1.00337
1.00571
1.00726
1.00386
0.996702
0.993703
0.994182
0.995898
0.998349
1.004
1.01493
1.023
1.02709
1.02975
1.03201
1.03222
1.02695
1.02083
1.01884
1.01992
1.02283
1.03016
1.03999
1.04631
1.0499
1.05267
1.05425
1.05384
1.04886
1.03724
1.02725
1.21564
1.65849
0.888272
0.891578
0.896957
0.900516
0.902116
0.903322
0.904412
0.905358
0.904815
0.903309
0.903409
0.904243
0.905321
0.90712
0.912577
0.91769
0.920003
0.921332
0.922516
0.923591
0.923283
0.920903
0.920224
0.920887
0.921997
0.923439
0.928053
0.935002
0.938458
0.940111
0.941346
0.942521
0.942553
0.939198
0.937334
0.937779
0.938878
0.940217
0.943355
0.951491
0.95729
0.959734
0.96126
0.96259
0.963267
0.959618
0.955583
0.954983
0.95584
0.957281
0.959479
0.966757
0.976086
0.980343
0.982239
0.983597
0.985193
0.984097
0.977949
0.974746
0.974535
0.975314
0.976978
0.980616
0.991225
1.00075
1.00471
1.00672
1.00838
1.00964
1.00625
0.999492
0.996735
0.996938
0.99822
1.00058
1.0072
1.01834
1.02575
1.02954
1.03208
1.03409
1.03404
1.02891
1.02264
1.02036
1.02117
1.02401
1.03184
1.04172
1.04766
1.05096
1.05352
1.05462
1.05375
1.04533
1.03074
1.20518
1.65792
0.889716
0.892064
0.896783
0.901836
0.904043
0.905274
0.906357
0.907344
0.907389
0.905598
0.905025
0.905639
0.906659
0.907906
0.911446
0.918044
0.921679
0.923325
0.924492
0.925574
0.926116
0.92397
0.922085
0.922344
0.923316
0.924503
0.926667
0.933477
0.939413
0.941906
0.943258
0.94446
0.945475
0.943713
0.940152
0.939367
0.939983
0.941127
0.942696
0.947825
0.956516
0.961103
0.963273
0.964794
0.966089
0.965463
0.960238
0.95713
0.957278
0.958425
0.959831
0.962375
0.971004
0.979556
0.983178
0.985421
0.987271
0.988672
0.985993
0.979131
0.976204
0.976642
0.97806
0.979798
0.983549
0.99429
1.003
1.00662
1.00912
1.01144
1.01273
1.00872
1.00155
0.998567
0.99903
1.00084
1.00357
1.0105
1.02101
1.02777
1.03141
1.03403
1.03623
1.03638
1.03064
1.02375
1.02127
1.02204
1.02488
1.03296
1.0427
1.04829
1.05156
1.05383
1.05473
1.05143
1.04024
1.19793
1.6581
0.89106
0.893036
0.895938
0.902253
0.905737
0.907265
0.908342
0.909321
0.909908
0.908388
0.906846
0.907114
0.908046
0.909159
0.910862
0.916666
0.922594
0.925154
0.926456
0.927574
0.928553
0.927739
0.924801
0.924002
0.924618
0.925626
0.926882
0.930726
0.938703
0.943208
0.945198
0.946433
0.947627
0.947948
0.944348
0.941281
0.941225
0.942231
0.943539
0.945583
0.95273
0.960887
0.964383
0.966162
0.967538
0.968928
0.967458
0.961869
0.959431
0.959532
0.96041
0.961903
0.96539
0.975373
0.98354
0.986752
0.988358
0.989718
0.991152
0.988257
0.98175
0.979243
0.979228
0.980003
0.981656
0.986146
0.997745
1.00658
1.01014
1.01211
1.01381
1.01487
1.01126
1.00455
1.00159
1.00163
1.00291
1.00549
1.01329
1.02395
1.0304
1.03378
1.0362
1.03812
1.03809
1.03227
1.02502
1.02224
1.02274
1.02537
1.03344
1.04295
1.04846
1.05179
1.05403
1.05368
1.04924
1.19661
1.65936
0.892393
0.894292
0.8957
0.901171
0.906699
0.90911
0.910289
0.9113
0.912201
0.911742
0.909393
0.908771
0.909409
0.9104
0.911536
0.914601
0.921895
0.926399
0.928374
0.929552
0.930635
0.9312
0.928707
0.926018
0.925915
0.926801
0.927955
0.929601
0.935586
0.94326
0.946666
0.948378
0.949547
0.95069
0.949612
0.945016
0.943133
0.943592
0.944588
0.945841
0.948589
0.957229
0.964476
0.96748
0.969399
0.970988
0.972069
0.968856
0.96288
0.960986
0.961706
0.963018
0.964466
0.968261
0.978609
0.98594
0.988977
0.991315
0.993255
0.994354
0.990381
0.983356
0.980663
0.981188
0.982659
0.984488
0.988922
1.0001
1.00826
1.01172
1.01422
1.0165
1.0177
1.01401
1.00674
1.00312
1.00313
1.00483
1.00782
1.01598
1.02619
1.03215
1.03551
1.03819
1.04027
1.0402
1.03377
1.0259
1.02281
1.02315
1.02545
1.03319
1.04264
1.04835
1.05207
1.05329
1.05505
1.2007
1.66161
0.893827
0.895604
0.896501
0.899477
0.906196
0.910268
0.912081
0.913206
0.914251
0.914924
0.913043
0.910792
0.910763
0.911584
0.912684
0.914169
0.919469
0.926585
0.92976
0.931344
0.932455
0.933493
0.933055
0.929326
0.927603
0.928123
0.929215
0.930364
0.932686
0.940405
0.947056
0.949736
0.951341
0.952582
0.953542
0.950975
0.946297
0.94501
0.945546
0.946597
0.948018
0.952032
0.961644
0.968039
0.970564
0.972033
0.973371
0.974468
0.970794
0.965191
0.963666
0.963898
0.964788
0.966381
0.971181
0.982338
0.989681
0.992499
0.994007
0.995396
0.996603
0.99303
0.986379
0.983841
0.9838
0.984482
0.986142
0.991159
1.00307
1.01157
1.01499
1.01692
1.01864
1.01971
1.01647
1.00925
1.00542
1.00506
1.00631
1.00919
1.01798
1.02872
1.03491
1.03808
1.04026
1.0418
1.04146
1.03508
1.0268
1.0232
1.0232
1.02502
1.0325
1.04208
1.04854
1.05132
1.05756
1.20911
1.6645
0.895366
0.896831
0.897667
0.899146
0.904269
0.910668
0.913537
0.91501
0.916081
0.917075
0.916942
0.913902
0.91243
0.912945
0.913996
0.915148
0.917505
0.924602
0.930346
0.932661
0.934012
0.93517
0.936124
0.93423
0.930464
0.929702
0.930343
0.931334
0.932578
0.936279
0.945005
0.950547
0.952926
0.954524
0.955795
0.956207
0.951956
0.947495
0.946884
0.947849
0.949039
0.950431
0.955234
0.965168
0.970764
0.973227
0.975137
0.97676
0.977222
0.972243
0.966422
0.965108
0.966031
0.967422
0.968986
0.973804
0.984701
0.991413
0.994304
0.996681
0.998611
0.999586
0.995529
0.988339
0.985205
0.985481
0.986923
0.988926
0.993959
1.00522
1.013
1.01638
1.01874
1.02085
1.02207
1.01874
1.01114
1.00683
1.00642
1.00799
1.01113
1.01988
1.03023
1.03615
1.03935
1.04157
1.04311
1.04289
1.03655
1.02774
1.02339
1.02283
1.02412
1.03156
1.04165
1.04763
1.05757
1.21923
1.66757
0.897286
0.898155
0.899044
0.900135
0.902741
0.909503
0.914342
0.916367
0.91759
0.918669
0.9196
0.918195
0.91506
0.914587
0.915329
0.916348
0.917546
0.921445
0.929364
0.933715
0.935611
0.936814
0.937947
0.938408
0.934965
0.931668
0.931512
0.932475
0.933646
0.935068
0.940291
0.949184
0.953695
0.955687
0.95711
0.958428
0.958457
0.953545
0.949689
0.949309
0.949879
0.950961
0.952663
0.95877
0.96893
0.974182
0.976314
0.977542
0.978919
0.979549
0.974603
0.969213
0.968012
0.968204
0.969041
0.97069
0.97633
0.987931
0.99498
0.997635
0.999078
1.00044
1.00166
0.998408
0.99142
0.988329
0.988179
0.988858
0.990491
0.995888
1.0078
1.01587
1.01914
1.02093
1.02261
1.02416
1.02158
1.01392
1.0092
1.00835
1.00925
1.01164
1.02019
1.03111
1.03761
1.04101
1.04306
1.04431
1.04415
1.03806
1.02863
1.0232
1.02191
1.02265
1.03067
1.04035
1.05403
1.22937
1.67025
0.899934
0.899772
0.900511
0.901506
0.902782
0.907199
0.914087
0.917428
0.919051
0.920196
0.921277
0.921778
0.918959
0.916533
0.916638
0.91754
0.918641
0.920294
0.926111
0.933587
0.936856
0.938424
0.939515
0.940655
0.940097
0.935592
0.933412
0.933791
0.934761
0.935846
0.937543
0.944205
0.952778
0.956634
0.958596
0.960166
0.961476
0.960539
0.9546
0.951005
0.951055
0.952221
0.953461
0.955097
0.961675
0.971558
0.976267
0.97859
0.980553
0.982128
0.982186
0.97654
0.970694
0.969299
0.97017
0.971615
0.973332
0.978671
0.989717
0.996219
0.999066
1.00141
1.00329
1.00436
1.00105
0.993751
0.989805
0.989564
0.990881
0.992923
0.998324
1.00945
1.0169
1.02041
1.02312
1.02526
1.02661
1.02373
1.01546
1.00985
1.00868
1.00978
1.01231
1.02068
1.03211
1.03911
1.04246
1.04413
1.04508
1.04488
1.03936
1.0295
1.02259
1.02024
1.0211
1.02932
1.04678
1.23752
1.67195
0.903261
0.901744
0.902001
0.902837
0.903834
0.905815
0.912094
0.917948
0.920338
0.921628
0.922717
0.923792
0.923226
0.919605
0.918307
0.918901
0.919944
0.921022
0.923187
0.930499
0.937103
0.939731
0.941202
0.942344
0.943366
0.941375
0.936716
0.935266
0.935724
0.936693
0.937918
0.940235
0.948169
0.956165
0.959477
0.961116
0.962311
0.963622
0.962557
0.956696
0.953672
0.953565
0.954096
0.955238
0.957246
0.964774
0.974906
0.979627
0.98154
0.982674
0.984092
0.98463
0.979397
0.973723
0.972281
0.97241
0.973137
0.974793
0.980675
0.992423
0.999486
1.00213
1.00354
1.00492
1.00641
1.00411
0.996797
0.992585
0.991983
0.992577
0.994133
0.999596
1.01155
1.01989
1.02334
1.02515
1.02665
1.02808
1.02584
1.01767
1.01174
1.0103
1.01098
1.0131
1.02115
1.03278
1.03996
1.04309
1.04454
1.04547
1.04538
1.04068
1.03052
1.02158
1.0182
1.01854
1.03618
1.24149
1.67245
0.906621
0.904314
0.903556
0.904237
0.905234
0.906306
0.90941
0.916643
0.921142
0.923046
0.924236
0.925375
0.926282
0.924159
0.920831
0.920406
0.921062
0.921993
0.923144
0.926316
0.934681
0.940416
0.94275
0.944137
0.945269
0.945926
0.942354
0.937782
0.937016
0.93792
0.939103
0.940246
0.942806
0.951484
0.958925
0.961906
0.963746
0.965331
0.966539
0.9645
0.958098
0.954948
0.955209
0.95641
0.957697
0.959584
0.96709
0.976815
0.981214
0.983572
0.985556
0.987112
0.987254
0.981853
0.975482
0.973464
0.974093
0.975524
0.977324
0.982773
0.99379
1.0004
1.00337
1.00574
1.00762
1.00891
1.00661
0.999159
0.99406
0.993098
0.994205
0.996151
1.00151
1.01284
1.02067
1.02417
1.02674
1.02893
1.03044
1.02848
1.02021
1.01356
1.01143
1.0118
1.01338
1.02077
1.03286
1.04034
1.04332
1.04468
1.04577
1.04586
1.04189
1.03114
1.02062
1.01467
1.02264
1.23854
1.67141
0.909321
0.907884
0.905565
0.905716
0.906491
0.907387
0.908584
0.91328
0.920826
0.924376
0.926007
0.927118
0.928188
0.928335
0.924709
0.922062
0.92215
0.92308
0.924165
0.925408
0.929701
0.93847
0.943362
0.945463
0.946871
0.948032
0.948257
0.943936
0.940016
0.939526
0.94003
0.940958
0.942259
0.94565
0.955005
0.962044
0.964819
0.966223
0.967338
0.968663
0.966877
0.960666
0.957827
0.957688
0.958116
0.959268
0.961425
0.969681
0.979932
0.98451
0.986345
0.987429
0.988846
0.989661
0.98505
0.978588
0.976447
0.976455
0.977053
0.978592
0.984215
0.996051
1.0035
1.00632
1.00777
1.00911
1.01075
1.0095
1.00218
0.996625
0.99532
0.995696
0.997048
1.00197
1.01403
1.02326
1.02728
1.02926
1.03095
1.03231
1.03056
1.02225
1.01465
1.01182
1.01201
1.01362
1.02062
1.03281
1.04052
1.0434
1.04475
1.04595
1.04607
1.04255
1.03118
1.01744
1.01371
1.22867
1.66921
0.911288
0.911676
0.908323
0.907003
0.90739
0.908289
0.909363
0.911283
0.917844
0.924734
0.927529
0.928861
0.92983
0.930818
0.929778
0.925433
0.923799
0.924273
0.925191
0.926172
0.927536
0.932934
0.941789
0.946228
0.948288
0.949809
0.951065
0.950692
0.945332
0.94133
0.941114
0.942155
0.943349
0.944544
0.948054
0.957619
0.964184
0.966838
0.96878
0.970386
0.971522
0.969094
0.962394
0.959013
0.959155
0.960328
0.961705
0.963717
0.971564
0.981294
0.985687
0.988055
0.990091
0.991671
0.992247
0.987748
0.980707
0.977629
0.977832
0.979166
0.980983
0.986282
0.997236
1.00423
1.00741
1.00984
1.01173
1.01313
1.01186
1.00456
0.998178
0.996287
0.997026
0.998785
1.00335
1.01471
1.02407
1.02828
1.03049
1.03218
1.03345
1.03236
1.02475
1.01653
1.01298
1.01264
1.01385
1.02022
1.03238
1.04013
1.04299
1.04462
1.04599
1.04606
1.04247
1.02784
1.01384
1.2147
1.66747
0.913013
0.914289
0.912048
0.908888
0.908598
0.909437
0.910527
0.911641
0.914275
0.921996
0.928011
0.930431
0.931743
0.932731
0.933508
0.930937
0.926601
0.925528
0.925997
0.926914
0.928079
0.92983
0.936309
0.944953
0.948928
0.950731
0.952022
0.953224
0.952847
0.9476
0.944019
0.943658
0.944071
0.944956
0.946353
0.950632
0.960683
0.967294
0.969817
0.971092
0.972179
0.973541
0.971774
0.965303
0.96204
0.961757
0.962077
0.963106
0.965201
0.973568
0.984095
0.988871
0.99076
0.991834
0.993173
0.994372
0.991017
0.983824
0.980558
0.980299
0.980818
0.982199
0.987238
0.99904
1.00716
1.0103
1.01182
1.01311
1.01478
1.0146
1.00781
1.00085
0.998514
0.998467
0.999465
1.00311
1.01449
1.02487
1.02948
1.03162
1.03358
1.03526
1.03474
1.02731
1.01793
1.0134
1.01278
1.01383
1.01953
1.03149
1.03935
1.04242
1.04446
1.04589
1.04604
1.03921
1.02472
1.20318
1.66684
0.914649
0.916036
0.915952
0.91244
0.910431
0.910765
0.91162
0.912589
0.913789
0.917322
0.925812
0.931222
0.933385
0.934601
0.93556
0.935905
0.931941
0.927667
0.927122
0.928056
0.92925
0.930312
0.93207
0.939206
0.947671
0.951344
0.953232
0.954806
0.956104
0.955179
0.949187
0.94521
0.945022
0.946072
0.947285
0.948565
0.952721
0.962654
0.968878
0.971459
0.973454
0.975076
0.976267
0.974303
0.967513
0.96333
0.962951
0.964001
0.965436
0.967497
0.975151
0.985063
0.989728
0.992146
0.994239
0.995834
0.996806
0.993735
0.986289
0.98195
0.981504
0.982667
0.984427
0.989069
0.999826
1.00752
1.01108
1.01376
1.01578
1.0173
1.01693
1.01017
1.00238
0.999164
0.999271
1.00069
1.00412
1.01451
1.02567
1.03139
1.03373
1.03532
1.03661
1.03606
1.02911
1.01908
1.01375
1.01281
1.01378
1.01882
1.0303
1.03828
1.04193
1.04431
1.04592
1.04411
1.0379
1.19904
1.66762
0.91641
0.917687
0.918553
0.917225
0.913315
0.912098
0.912666
0.913704
0.914772
0.916112
0.920578
0.929167
0.933893
0.935938
0.937242
0.938274
0.938125
0.933526
0.929924
0.92961
0.930138
0.931032
0.93222
0.934512
0.942389
0.950588
0.954066
0.955684
0.956726
0.957923
0.957395
0.951767
0.948034
0.947614
0.947923
0.948755
0.95018
0.954853
0.965256
0.971891
0.974385
0.975629
0.976725
0.978145
0.977185
0.970747
0.966414
0.965701
0.965905
0.966757
0.968675
0.976469
0.987398
0.992767
0.994818
0.995941
0.997242
0.99869
0.996896
0.989557
0.984873
0.983997
0.984247
0.985354
0.989359
1.0008
1.01027
1.01414
1.01585
1.01701
1.01859
1.01921
1.01352
1.00517
1.00144
1.00092
1.00165
1.00405
1.01387
1.02589
1.03193
1.03442
1.03604
1.03724
1.03711
1.03123
1.02066
1.01434
1.01302
1.01363
1.01776
1.02866
1.03701
1.04128
1.04424
1.04467
1.04665
1.2024
1.66973
0.91758
0.919332
0.920247
0.921043
0.918539
0.914772
0.914191
0.91493
0.915911
0.916869
0.918187
0.923321
0.932046
0.936504
0.9385
0.939914
0.941053
0.940581
0.935259
0.931368
0.93118
0.932225
0.933436
0.934519
0.936683
0.944845
0.952786
0.955992
0.957849
0.959458
0.960739
0.959806
0.953712
0.949291
0.948805
0.949792
0.951065
0.952414
0.956622
0.966639
0.973031
0.975746
0.977854
0.979506
0.98079
0.979826
0.973434
0.968007
0.966733
0.967562
0.968934
0.970925
0.977792
0.988038
0.993334
0.995971
0.998217
0.999884
1.00115
0.9995
0.992183
0.986361
0.984916
0.985758
0.987344
0.990992
1.00124
1.01027
1.01444
1.0172
1.01948
1.0211
1.02151
1.01601
1.0071
1.00228
1.00143
1.00245
1.00477
1.0134
1.0254
1.03198
1.03484
1.03683
1.03829
1.03854
1.03309
1.02193
1.01465
1.01283
1.01315
1.01641
1.02676
1.03555
1.04111
1.04304
1.05103
1.21131
1.67268
0.917547
0.921071
0.922236
0.923369
0.923641
0.919799
0.916413
0.916096
0.916681
0.917568
0.918678
0.920337
0.926148
0.934698
0.938845
0.94067
0.942018
0.943162
0.942748
0.937709
0.934185
0.933866
0.934281
0.935097
0.936289
0.938955
0.947602
0.955536
0.958767
0.960262
0.961194
0.962461
0.96222
0.956661
0.952294
0.951557
0.951755
0.952429
0.953794
0.958234
0.96885
0.976017
0.9787
0.980004
0.981021
0.982464
0.982552
0.976899
0.971139
0.969584
0.969671
0.970303
0.971876
0.978477
0.98987
0.996315
0.998757
0.999992
1.00122
1.00279
1.00238
0.99561
0.989353
0.987511
0.987403
0.988138
0.990851
1.00101
1.01224
1.01752
1.01959
1.02079
1.02218
1.02329
1.01932
1.01006
1.00428
1.00287
1.00328
1.00483
1.01214
1.02497
1.03309
1.03643
1.03793
1.03875
1.03889
1.03445
1.02351
1.01526
1.01255
1.01229
1.01472
1.02475
1.03476
1.03957
1.05241
1.22273
1.67594
0.914783
0.922071
0.924003
0.925275
0.926242
0.925735
0.920937
0.917828
0.91782
0.918735
0.919765
0.920717
0.922208
0.928527
0.937195
0.941178
0.943048
0.944545
0.945798
0.945209
0.939645
0.935557
0.935232
0.936217
0.937398
0.938496
0.940879
0.949461
0.957187
0.960297
0.962236
0.963888
0.965204
0.964813
0.959135
0.953827
0.952591
0.953383
0.954656
0.95609
0.959954
0.969881
0.976799
0.979749
0.981924
0.983672
0.985057
0.985129
0.979834
0.973138
0.970628
0.971019
0.972293
0.974108
0.979761
0.990272
0.996589
0.999609
1.00209
1.00392
1.00533
1.00489
0.998369
0.99102
0.988175
0.988447
0.989836
0.992476
1.00123
1.01198
1.01743
1.02036
1.02283
1.02452
1.02541
1.02166
1.01217
1.00544
1.0035
1.00409
1.0057
1.01199
1.02432
1.03274
1.03634
1.03811
1.03905
1.0394
1.03587
1.02522
1.01586
1.01189
1.01087
1.01275
1.02343
1.03265
1.05009
1.23428
1.67885
0.910104
0.92045
0.924758
0.926694
0.927935
0.928879
0.927653
0.922604
0.919997
0.919957
0.920398
0.92126
0.922451
0.924512
0.93152
0.93989
0.943669
0.945376
0.946508
0.947573
0.947352
0.942333
0.93843
0.937891
0.938151
0.938834
0.940024
0.942806
0.951761
0.959858
0.963142
0.964611
0.965546
0.966861
0.96729
0.962464
0.956982
0.955526
0.955601
0.956046
0.957272
0.961025
0.971379
0.979507
0.982687
0.984131
0.985098
0.98649
0.987402
0.983354
0.976393
0.973573
0.973343
0.973723
0.974981
0.979933
0.991379
0.999472
1.00262
1.00409
1.00514
1.00662
1.00726
1.00193
0.994177
0.99093
0.990404
0.990825
0.992465
1.00006
1.01265
1.02005
1.02281
1.02415
1.02531
1.02664
1.02472
1.0157
1.00792
1.00522
1.00499
1.00568
1.01037
1.02296
1.03296
1.03734
1.03883
1.03928
1.03945
1.03684
1.0271
1.01652
1.01083
1.00889
1.01111
1.02128
1.04312
1.24376
1.68065
0.908027
0.914911
0.923135
0.927239
0.929206
0.930554
0.931495
0.929885
0.924118
0.921183
0.921411
0.922455
0.923654
0.924775
0.926651
0.93377
0.941998
0.94557
0.9474
0.948987
0.950308
0.949938
0.944404
0.939724
0.938983
0.939862
0.941043
0.942214
0.94457
0.953111
0.961041
0.964362
0.966446
0.968185
0.969561
0.96989
0.965351
0.958987
0.956523
0.956877
0.958031
0.959472
0.962661
0.972067
0.979956
0.983402
0.985711
0.987615
0.989068
0.98987
0.986305
0.978845
0.974758
0.97439
0.975498
0.977128
0.981311
0.991598
0.999464
1.00303
1.00562
1.0077
1.00919
1.0097
1.0049
0.99644
0.991772
0.991089
0.992182
0.994026
1.00015
1.01181
1.01938
1.02296
1.02574
1.02769
1.02879
1.02685
1.01767
1.00873
1.00505
1.00483
1.00579
1.01005
1.02221
1.03277
1.03733
1.0387
1.03915
1.03937
1.03756
1.02905
1.01728
1.00923
1.0067
1.00833
1.03232
1.24911
1.68123
0.908897
0.911288
0.917053
0.925508
0.929481
0.931224
0.932501
0.933387
0.931827
0.926527
0.92402
0.924125
0.924675
0.925458
0.926594
0.928747
0.936143
0.944441
0.948135
0.949773
0.950738
0.951807
0.952053
0.947336
0.942724
0.941764
0.94194
0.942434
0.943564
0.946094
0.954894
0.963647
0.967317
0.96888
0.969801
0.971041
0.972053
0.968809
0.9623
0.959544
0.959315
0.959569
0.960574
0.963352
0.972832
0.982297
0.986392
0.988102
0.989094
0.990401
0.991737
0.989678
0.982346
0.977845
0.97697
0.97707
0.97798
0.981162
0.991562
1.00164
1.00608
1.00793
1.00896
1.0103
1.01156
1.00848
0.999989
0.994628
0.993232
0.993182
0.994137
0.998767
1.0113
1.02148
1.02563
1.02727
1.02809
1.02907
1.02835
1.02062
1.01131
1.00689
1.00588
1.00621
1.00909
1.02085
1.03236
1.03719
1.03837
1.0388
1.03914
1.03814
1.031
1.01795
1.00788
1.00225
1.01772
1.24708
1.67996
0.910015
0.911713
0.912902
0.919198
0.927703
0.931624
0.933411
0.934686
0.935671
0.934346
0.92891
0.925682
0.925614
0.926621
0.927757
0.928772
0.930521
0.937718
0.946032
0.949625
0.951532
0.953205
0.954573
0.954719
0.949971
0.944386
0.942744
0.943366
0.94453
0.945791
0.947968
0.955955
0.964456
0.968214
0.970381
0.972245
0.973681
0.974603
0.971833
0.964875
0.960761
0.960331
0.961319
0.962707
0.965179
0.973372
0.982474
0.986797
0.989308
0.991501
0.993061
0.994224
0.992499
0.985164
0.979277
0.977732
0.978474
0.979926
0.982692
0.991501
1.00126
1.00605
1.00882
1.01121
1.01284
1.0139
1.01135
1.0027
0.995847
0.993761
0.994341
0.995803
0.999266
1.01006
1.02023
1.02479
1.02736
1.02958
1.03088
1.03063
1.02369
1.01319
1.00715
1.00552
1.00586
1.00834
1.01962
1.0316
1.0365
1.03767
1.03842
1.03915
1.03876
1.03237
1.01787
1.00432
1.00619
1.23735
1.67708
0.910781
0.912443
0.913161
0.914886
0.921234
0.929606
0.933566
0.935379
0.936727
0.937876
0.937197
0.932083
0.928692
0.928256
0.928452
0.929106
0.930243
0.932303
0.93963
0.948294
0.952256
0.953953
0.95494
0.956121
0.956923
0.953324
0.947633
0.945744
0.945757
0.94606
0.947037
0.949077
0.956976
0.966578
0.971089
0.972889
0.973883
0.975035
0.976373
0.975109
0.968488
0.96394
0.963069
0.963209
0.963916
0.965774
0.97339
0.984164
0.989808
0.992003
0.993149
0.994257
0.99569
0.995389
0.988938
0.982546
0.980543
0.980317
0.980773
0.982528
0.990359
1.00217
1.00886
1.01143
1.01265
1.01383
1.01526
1.01447
1.00673
0.999142
0.996279
0.99536
0.995579
0.997989
1.00847
1.02124
1.02763
1.02975
1.03089
1.03188
1.03177
1.02566
1.01491
1.00797
1.00573
1.00579
1.00782
1.01828
1.03053
1.0357
1.03712
1.03825
1.03913
1.03889
1.03254
1.01436
1.00375
1.22225
1.6746
0.911691
0.913267
0.913823
0.914637
0.916176
0.922917
0.931717
0.935877
0.937899
0.939487
0.940706
0.940015
0.934268
0.929823
0.929272
0.930122
0.931231
0.932292
0.933922
0.940748
0.949486
0.953503
0.955652
0.957464
0.958846
0.959589
0.956288
0.9499
0.946827
0.946863
0.94786
0.949128
0.950898
0.95763
0.966996
0.971656
0.974053
0.976137
0.977653
0.978857
0.977919
0.971526
0.96567
0.963996
0.964633
0.965921
0.967826
0.973995
0.984105
0.98985
0.9927
0.99514
0.996925
0.998239
0.998063
0.992117
0.984496
0.981179
0.981177
0.982381
0.984236
0.990282
1.00128
1.00825
1.01172
1.01451
1.01644
1.01768
1.01684
1.00922
1.00012
0.996088
0.995843
0.997031
0.999307
1.00809
1.02076
1.02734
1.02971
1.03097
1.03207
1.03247
1.02824
1.01748
1.00891
1.00578
1.00561
1.00713
1.01674
1.02912
1.0345
1.03628
1.03798
1.03912
1.03881
1.02842
1.01349
1.20829
1.67339
0.913798
0.913275
0.913647
0.914663
0.916042
0.918507
0.926245
0.934987
0.938716
0.940268
0.941206
0.941954
0.941663
0.936968
0.93274
0.931869
0.931981
0.932426
0.933507
0.935376
0.94251
0.951966
0.956452
0.958239
0.959236
0.960277
0.961472
0.959639
0.95338
0.949906
0.94941
0.949515
0.950203
0.951757
0.958078
0.968635
0.974544
0.976785
0.977937
0.978912
0.980297
0.980582
0.975314
0.969012
0.966974
0.966874
0.967217
0.968473
0.97357
0.984695
0.992538
0.995675
0.997146
0.998042
0.999361
1.00019
0.995947
0.988037
0.984155
0.983306
0.983339
0.984348
0.98893
1.00095
1.01065
1.01457
1.01615
1.01693
1.01815
1.01868
1.01285
1.00382
0.999372
0.998052
0.997816
0.998816
1.00584
1.01912
1.02712
1.03002
1.03182
1.03337
1.03393
1.03019
1.01907
1.00927
1.00554
1.00525
1.00671
1.01525
1.0273
1.03313
1.03572
1.03779
1.03921
1.03595
1.02858
1.20179
1.6738
0.916906
0.914051
0.914631
0.915748
0.917257
0.919038
0.921631
0.928951
0.936669
0.939943
0.941554
0.943027
0.94432
0.944377
0.939488
0.934107
0.932704
0.933357
0.934504
0.935838
0.937569
0.943836
0.952873
0.957341
0.95955
0.961483
0.962945
0.964052
0.962573
0.956111
0.9512
0.950207
0.950969
0.95219
0.953813
0.958988
0.96885
0.974803
0.977538
0.979768
0.981492
0.982809
0.983166
0.978505
0.971305
0.967961
0.967907
0.969015
0.970588
0.974504
0.984329
0.992207
0.995833
0.998355
1.0005
1.00194
1.00275
0.999239
0.990815
0.985204
0.983932
0.98475
0.986221
0.989536
0.999662
1.00929
1.0138
1.01664
1.01912
1.02068
1.02113
1.01594
1.00577
0.999101
0.997314
0.997743
0.999015
1.005
1.01835
1.02787
1.03137
1.03265
1.03351
1.03387
1.03151
1.0212
1.01018
1.00571
1.00523
1.00621
1.01335
1.02499
1.03159
1.03507
1.03767
1.03756
1.03962
1.20437
1.67577
0.922655
0.918328
0.917262
0.918009
0.91925
0.920474
0.921643
0.923609
0.930261
0.938245
0.942
0.943659
0.944491
0.945243
0.945918
0.9425
0.937332
0.935802
0.936032
0.936471
0.93733
0.938836
0.944744
0.954555
0.96005
0.962192
0.963305
0.964173
0.965429
0.965267
0.959719
0.954398
0.953051
0.953146
0.953575
0.954786
0.959129
0.969574
0.977359
0.980471
0.981903
0.982744
0.98397
0.985077
0.982167
0.975011
0.97122
0.970543
0.970514
0.971265
0.973985
0.983475
0.99377
0.998748
1.00077
1.00181
1.00302
1.0044
1.00288
0.995015
0.988674
0.986618
0.985897
0.986226
0.988397
0.998087
1.01056
1.01697
1.0193
1.02047
1.02126
1.02188
1.01825
1.00857
1.0015
0.999208
0.999137
0.999945
1.00441
1.01685
1.02661
1.03038
1.03237
1.03395
1.03462
1.03286
1.02299
1.01106
1.00575
1.00496
1.00544
1.01115
1.02245
1.03002
1.035
1.03643
1.04578
1.21305
1.67874
0.926813
0.927012
0.92346
0.921228
0.921299
0.922156
0.923
0.92364
0.9249
0.930546
0.938789
0.942815
0.944761
0.946425
0.947877
0.948629
0.945798
0.940102
0.937307
0.937313
0.938295
0.939452
0.940704
0.945394
0.954918
0.960571
0.963082
0.965048
0.96661
0.967863
0.967897
0.962889
0.956477
0.954022
0.954341
0.955471
0.957044
0.960501
0.969609
0.977333
0.980797
0.983076
0.985131
0.986572
0.987587
0.985396
0.978032
0.972554
0.97113
0.971777
0.973083
0.975321
0.98285
0.992931
0.998373
1.00139
1.00404
1.00579
1.00698
1.00573
0.997891
0.989836
0.98667
0.986763
0.988096
0.990211
0.997727
1.00969
1.01634
1.01897
1.02072
1.02232
1.02354
1.02152
1.0123
1.00338
0.999713
0.99932
0.999979
1.00295
1.0148
1.02657
1.03179
1.03357
1.03433
1.03452
1.03334
1.02474
1.01241
1.00607
1.00442
1.00425
1.00884
1.02012
1.02949
1.03347
1.04816
1.22464
1.68205
0.930601
0.933065
0.932928
0.928738
0.92535
0.924203
0.923579
0.923359
0.923894
0.92518
0.930746
0.939896
0.944969
0.947114
0.948424
0.949902
0.951226
0.949915
0.944218
0.940664
0.939968
0.939874
0.940398
0.941626
0.945897
0.955877
0.962956
0.965729
0.967031
0.967849
0.9691
0.970022
0.96671
0.960174
0.95733
0.957098
0.957332
0.958176
0.960574
0.969057
0.978769
0.983589
0.985559
0.986582
0.987641
0.988997
0.988519
0.982138
0.975964
0.973942
0.973564
0.9738
0.975166
0.981327
0.99322
1.00113
1.00426
1.0056
1.0064
1.0077
1.00805
1.00198
0.993726
0.990153
0.989153
0.988757
0.98972
0.995485
1.00835
1.01758
1.02144
1.02313
1.02444
1.02541
1.02375
1.01486
1.00498
1.00041
0.999766
1.00064
1.00321
1.0135
1.02538
1.03104
1.03327
1.03422
1.03453
1.03388
1.02653
1.01399
1.00632
1.00347
1.00261
1.00662
1.01888
1.02712
1.0471
1.23669
1.68509
0.934329
0.937228
0.938426
0.937741
0.932327
0.926127
0.923556
0.92333
0.923866
0.924651
0.92592
0.931081
0.940422
0.946024
0.949134
0.951707
0.953328
0.954468
0.953237
0.946827
0.941615
0.940532
0.941183
0.94225
0.943551
0.946816
0.955869
0.963077
0.96624
0.968468
0.970336
0.97171
0.972608
0.970069
0.963251
0.958803
0.957995
0.958826
0.960093
0.962039
0.968597
0.978154
0.983408
0.98615
0.988609
0.990356
0.99164
0.991494
0.985726
0.978138
0.974592
0.974383
0.975501
0.977042
0.98126
0.991808
0.999998
1.00379
1.00661
1.00894
1.01037
1.01073
1.00522
0.995574
0.989799
0.988533
0.989246
0.990691
0.995407
1.00753
1.01788
1.02223
1.02381
1.02457
1.02548
1.02555
1.01857
1.00797
1.00249
1.00097
1.00074
1.00174
1.01077
1.02417
1.03157
1.03408
1.03445
1.03435
1.03372
1.02801
1.0159
1.00658
1.00213
1.00049
1.00513
1.01631
1.04115
1.24712
1.68705
0.936314
0.938906
0.93963
0.940225
0.939269
0.932654
0.925567
0.923513
0.923646
0.924397
0.925537
0.927311
0.932811
0.943642
0.95015
0.952577
0.953948
0.954875
0.955487
0.95491
0.949806
0.944639
0.943183
0.943234
0.943566
0.944574
0.94727
0.956187
0.9652
0.969253
0.97098
0.971975
0.972964
0.974215
0.973367
0.967219
0.962054
0.960665
0.960539
0.960907
0.962237
0.967583
0.978527
0.986081
0.989136
0.990576
0.991466
0.992798
0.993758
0.990001
0.982108
0.977882
0.976759
0.9763
0.976981
0.979988
0.990609
1.00185
1.00712
1.00915
1.01021
1.01095
1.01161
1.00813
0.998957
0.992827
0.991116
0.991129
0.991635
0.994179
1.00487
1.01605
1.02117
1.024
1.0263
1.02739
1.02715
1.02054
1.00906
1.00206
1.00011
1.00033
1.00157
1.0097
1.02327
1.03124
1.03367
1.03392
1.03379
1.03347
1.02937
1.01815
1.0068
1.0001
0.998328
1.00227
1.03082
1.25365
1.68778
0.934872
0.938886
0.939671
0.939317
0.937748
0.935788
0.93142
0.926137
0.924758
0.925371
0.926703
0.928723
0.931274
0.936753
0.946209
0.951667
0.953806
0.955024
0.956196
0.957332
0.957413
0.952951
0.94666
0.944074
0.944297
0.945348
0.946872
0.949348
0.956677
0.965303
0.969605
0.971862
0.973935
0.975563
0.976768
0.976335
0.970523
0.963898
0.961344
0.961587
0.962765
0.964354
0.968088
0.977685
0.985506
0.989171
0.991766
0.994059
0.995532
0.9964
0.993362
0.984787
0.978613
0.977012
0.977659
0.979157
0.98152
0.989812
1.00092
1.0066
1.00907
1.011
1.01273
1.0139
1.01195
1.00324
0.994799
0.991155
0.990805
0.991637
0.99363
1.00323
1.0167
1.0237
1.02597
1.02673
1.02704
1.02723
1.02262
1.01181
1.00419
1.00144
1.00084
1.00113
1.00754
1.02173
1.0307
1.03312
1.03321
1.03323
1.03322
1.03063
1.02042
1.00688
0.997974
0.993498
1.01666
1.25329
1.68677
0.927316
0.933202
0.934741
0.935068
0.934583
0.934733
0.935522
0.934348
0.930774
0.929515
0.930256
0.931565
0.932863
0.934164
0.937937
0.946371
0.952344
0.954925
0.956236
0.956759
0.957766
0.958759
0.95644
0.950481
0.947552
0.947397
0.94787
0.948573
0.950073
0.955905
0.965662
0.971774
0.974385
0.97566
0.976441
0.977763
0.978572
0.974735
0.967859
0.964749
0.964166
0.964034
0.964778
0.967358
0.976493
0.986947
0.992168
0.994251
0.995232
0.99623
0.997528
0.996572
0.989089
0.982498
0.980378
0.979759
0.979636
0.980927
0.987518
1.00008
1.00849
1.01193
1.01355
1.01481
1.0159
1.01468
1.0065
0.997165
0.992964
0.99244
0.993246
0.994883
1.00241
1.01514
1.02223
1.02499
1.02689
1.02814
1.02865
1.02529
1.01449
1.00493
1.00081
1.00007
1.00046
1.00624
1.02047
1.02994
1.03231
1.03244
1.03274
1.03315
1.03174
1.02207
1.0065
0.993865
1.00293
1.24524
1.68383
0.919782
0.921555
0.926739
0.931305
0.933969
0.936135
0.938255
0.940254
0.940778
0.937977
0.935071
0.934256
0.934653
0.935209
0.935728
0.937376
0.943863
0.950822
0.954415
0.956742
0.958874
0.96045
0.961517
0.960138
0.95438
0.949872
0.948684
0.949342
0.950469
0.951766
0.955431
0.96439
0.97116
0.974406
0.977056
0.979181
0.980548
0.981345
0.978285
0.970652
0.965623
0.96459
0.96535
0.966709
0.968745
0.975631
0.985849
0.991513
0.994424
0.997097
0.99897
1.00019
0.999535
0.992297
0.983754
0.979878
0.979535
0.980531
0.982209
0.987315
0.999261
1.00886
1.01288
1.01452
1.01535
1.01632
1.01671
1.01092
1.00088
0.99538
0.993837
0.993388
0.994169
1.00005
1.01388
1.02373
1.02722
1.02818
1.02881
1.02923
1.02681
1.01676
1.00638
1.00141
1.00011
1.00023
1.00494
1.01886
1.02859
1.03106
1.03158
1.03253
1.03333
1.03225
1.0224
1.00251
0.997432
1.23037
1.68086
0.913041
0.913292
0.916597
0.924313
0.932275
0.937572
0.941977
0.945492
0.94774
0.948152
0.944395
0.93944
0.936808
0.935041
0.933555
0.933654
0.935163
0.941519
0.951196
0.956918
0.959324
0.960862
0.962545
0.964122
0.96427
0.959384
0.95374
0.951671
0.951049
0.950878
0.951798
0.95467
0.963761
0.973195
0.977729
0.979633
0.980613
0.981514
0.982722
0.981687
0.975004
0.969329
0.967587
0.967181
0.967298
0.968549
0.973954
0.985679
0.994185
0.99765
0.999184
0.999888
1.0006
1.00081
0.995872
0.987414
0.983132
0.982295
0.982448
0.983052
0.985919
0.996561
1.00736
1.01236
1.01497
1.0172
1.01847
1.01874
1.0135
1.0027
0.995542
0.993573
0.993954
0.995135
0.999875
1.01277
1.02302
1.02664
1.02785
1.02871
1.0295
1.02834
1.01976
1.008
1.00135
0.999613
0.999722
1.00357
1.01698
1.02714
1.02995
1.031
1.03246
1.03351
1.03226
1.01766
1.00396
1.21481
1.6792
0.909043
0.909642
0.911304
0.915556
0.926778
0.938853
0.94622
0.950271
0.952227
0.95332
0.952595
0.94711
0.938934
0.934056
0.932503
0.932686
0.933514
0.935388
0.941596
0.951727
0.95774
0.961241
0.964348
0.96618
0.967379
0.96749
0.962729
0.955309
0.951791
0.951563
0.952452
0.953724
0.955686
0.962884
0.972493
0.977518
0.98014
0.982584
0.984383
0.985613
0.985146
0.978804
0.971242
0.967995
0.967923
0.969031
0.970577
0.974057
0.98412
0.99316
0.997199
0.999359
1.00146
1.00302
1.00384
1.00059
0.991788
0.984887
0.98236
0.982438
0.983381
0.985487
0.994768
1.00771
1.01456
1.01685
1.0177
1.01836
1.01924
1.01619
1.0063
0.998767
0.99603
0.995215
0.99528
0.998035
1.01015
1.02197
1.02665
1.02829
1.02972
1.03061
1.02974
1.02159
1.00882
1.00111
0.999083
0.9993
1.0029
1.01523
1.02522
1.02863
1.03058
1.03257
1.03389
1.02817
1.01911
1.20548
1.67906
0.90786
0.909062
0.911193
0.914521
0.922207
0.936712
0.947981
0.951803
0.953383
0.953997
0.953742
0.952103
0.946232
0.936747
0.932819
0.932784
0.93378
0.935318
0.937766
0.943417
0.954716
0.962177
0.965105
0.966633
0.967511
0.967746
0.96796
0.965232
0.9586
0.954746
0.953922
0.953809
0.954353
0.955865
0.961784
0.972878
0.980403
0.983462
0.98498
0.985973
0.986753
0.987099
0.982894
0.975242
0.971412
0.970485
0.969978
0.970497
0.972787
0.981782
0.993342
0.999801
1.00241
1.00393
1.00518
1.00621
1.0041
0.995438
0.987376
0.98428
0.984179
0.985034
0.986521
0.993377
1.0057
1.01297
1.01605
1.01857
1.02034
1.02126
1.01898
1.00932
0.999554
0.995159
0.994481
0.995093
0.997593
1.00868
1.02175
1.02748
1.02905
1.02981
1.0302
1.02989
1.02371
1.01048
1.00148
0.999236
0.999353
1.00165
1.01274
1.02303
1.02754
1.0304
1.03255
1.03172
1.03191
1.20588
1.6805
0.910536
0.911698
0.915255
0.922131
0.929237
0.936381
0.944539
0.949992
0.951956
0.951735
0.949642
0.947551
0.946005
0.943231
0.937998
0.935932
0.936621
0.938432
0.940986
0.944093
0.94825
0.956245
0.96264
0.965527
0.966899
0.968028
0.969317
0.970211
0.968357
0.961188
0.955657
0.954361
0.955017
0.956402
0.958407
0.962911
0.973021
0.980772
0.984123
0.985927
0.987621
0.989101
0.989872
0.986611
0.978104
0.972033
0.970307
0.970709
0.971919
0.973954
0.980868
0.992841
1.00045
1.0035
1.00495
1.00588
1.00706
1.007
1.00033
0.990961
0.986386
0.985222
0.985026
0.985897
0.991309
1.00496
1.0152
1.01894
1.02033
1.02119
1.02175
1.02034
1.01186
1.00166
0.996803
0.995743
0.996058
0.997735
1.00725
1.02008
1.02599
1.02812
1.02988
1.0308
1.03061
1.02496
1.01141
1.0015
0.998759
0.998828
1.00071
1.01046
1.02072
1.02642
1.03037
1.03107
1.04024
1.21285
1.68316
0.918715
0.92065
0.925824
0.930621
0.933254
0.934811
0.936727
0.940163
0.94327
0.944644
0.944974
0.945114
0.945598
0.946818
0.947553
0.945989
0.943851
0.943405
0.944066
0.944845
0.945545
0.947464
0.953718
0.961198
0.965509
0.967597
0.968506
0.969161
0.970412
0.970639
0.96585
0.960323
0.95856
0.958649
0.959019
0.959741
0.962141
0.970722
0.980357
0.985504
0.987746
0.988789
0.989597
0.990798
0.989871
0.982686
0.975904
0.973519
0.973202
0.973498
0.974415
0.978875
0.990514
0.999599
1.00352
1.00606
1.00813
1.00937
1.00932
1.00332
0.992974
0.986889
0.985595
0.986351
0.987874
0.991987
1.00395
1.01429
1.01835
1.01992
1.02111
1.02222
1.02213
1.01561
1.00438
0.997733
0.996
0.996206
0.997197
1.00477
1.01882
1.02676
1.02925
1.0301
1.03024
1.03017
1.02608
1.01339
1.00266
0.999169
0.998513
0.999186
1.00762
1.01836
1.02611
1.02904
1.0439
1.22383
1.68631
0.931466
0.936588
0.937447
0.937447
0.936361
0.934134
0.930624
0.928641
0.930049
0.935009
0.940362
0.943968
0.947008
0.950698
0.954444
0.956429
0.955356
0.95116
0.947568
0.945964
0.945602
0.945333
0.94565
0.949319
0.957504
0.963721
0.966934
0.96985
0.972612
0.97446
0.975134
0.971424
0.964501
0.960282
0.958994
0.959175
0.959872
0.961411
0.968169
0.978709
0.984808
0.987636
0.990421
0.992556
0.993889
0.993446
0.987088
0.978698
0.974269
0.973247
0.973767
0.974822
0.977964
0.989078
1.00079
1.00604
1.00789
1.00858
1.00932
1.01012
1.00652
0.99687
0.990469
0.988572
0.987981
0.988139
0.990568
1.00143
1.01364
1.01923
1.0215
1.02305
1.02394
1.02388
1.018
1.00626
0.998548
0.996266
0.996504
0.997657
1.00397
1.01705
1.02514
1.02814
1.02982
1.03048
1.03034
1.02694
1.01505
1.00361
0.998895
0.997284
0.997383
1.00515
1.01739
1.02381
1.04464
1.2358
1.68942
0.946401
0.949753
0.948427
0.944692
0.938253
0.930256
0.922951
0.920076
0.920357
0.923209
0.930897
0.940607
0.948756
0.955876
0.960807
0.963231
0.964367
0.962199
0.955371
0.949142
0.945077
0.942273
0.941798
0.94274
0.946197
0.95585
0.965742
0.971179
0.974256
0.976674
0.978344
0.979248
0.976021
0.967857
0.961982
0.95997
0.959939
0.960635
0.96183
0.966391
0.977693
0.986969
0.991058
0.993021
0.994327
0.995512
0.996043
0.991242
0.981972
0.976274
0.974848
0.975425
0.976555
0.978717
0.987395
0.998838
1.00461
1.00736
1.00983
1.01143
1.01225
1.00949
0.999727
0.991129
0.987839
0.987756
0.988762
0.991008
1.00027
1.01337
1.02025
1.02242
1.02315
1.02366
1.02414
1.02046
1.00925
1.00055
0.997698
0.997066
0.997134
1.00141
1.01499
1.02552
1.02947
1.0302
1.03007
1.02946
1.02712
1.01726
1.00522
0.998738
0.995656
0.995036
1.00371
1.01454
1.04085
1.24715
1.69174
0.955879
0.958257
0.957497
0.953441
0.943078
0.927476
0.919111
0.917272
0.91776
0.919255
0.922686
0.931527
0.947925
0.959722
0.964346
0.966449
0.967445
0.96717
0.96414
0.954658
0.944961
0.941756
0.941708
0.942567
0.944134
0.947331
0.95687
0.968436
0.974693
0.977508
0.979046
0.980207
0.980931
0.979042
0.971893
0.964535
0.961295
0.960996
0.961705
0.96285
0.966372
0.976528
0.986513
0.991415
0.993787
0.995324
0.996599
0.99736
0.994961
0.98654
0.9794
0.97693
0.976436
0.976524
0.97793
0.984996
0.998344
1.00701
1.01013
1.01141
1.01204
1.01268
1.01146
1.00319
0.9941
0.990411
0.989776
0.990107
0.991067
0.998256
1.01131
1.01858
1.02146
1.02358
1.02483
1.02522
1.02202
1.01113
1.00125
0.997255
0.996729
0.997175
1.00078
1.01344
1.02434
1.02839
1.02928
1.02936
1.02914
1.02769
1.01941
1.00675
0.997802
0.993263
0.992966
1.00112
1.03215
1.25519
1.69297
0.957468
0.959589
0.957768
0.950253
0.938648
0.927921
0.920409
0.918029
0.918313
0.919807
0.92436
0.934095
0.947301
0.959239
0.964882
0.966912
0.967085
0.964797
0.96115
0.957145
0.950631
0.944754
0.943314
0.944052
0.945935
0.948605
0.951675
0.959118
0.970299
0.976657
0.979134
0.980265
0.981217
0.982285
0.981552
0.974739
0.965725
0.961981
0.961849
0.96297
0.96412
0.966114
0.974864
0.986988
0.993405
0.995885
0.997284
0.998828
0.999806
0.998339
0.990143
0.981191
0.97733
0.977149
0.978269
0.979979
0.985004
0.997059
1.00608
1.00959
1.01149
1.01327
1.01442
1.01414
1.00724
0.99693
0.991142
0.989647
0.990026
0.990951
0.996295
1.01
1.01984
1.02321
1.02421
1.02456
1.0251
1.02376
1.0143
1.0036
0.998774
0.997088
0.996417
0.998409
1.01082
1.02376
1.02887
1.02945
1.02887
1.02844
1.02768
1.02147
1.00849
0.996454
0.990614
0.988637
1.0196
1.2579
1.69256
0.954166
0.95493
0.948918
0.940827
0.935368
0.931162
0.926441
0.923376
0.923481
0.927132
0.934425
0.940774
0.945307
0.951387
0.95797
0.960837
0.960543
0.958988
0.957865
0.957514
0.956912
0.953865
0.950177
0.949087
0.949903
0.951501
0.953274
0.955201
0.959585
0.969199
0.976399
0.979401
0.9806
0.980345
0.980231
0.980425
0.977276
0.969912
0.965403
0.964362
0.965116
0.966801
0.968888
0.974645
0.985897
0.993905
0.997254
0.998504
0.998955
0.99994
1.00032
0.994487
0.985302
0.981097
0.980189
0.979895
0.980402
0.983411
0.994804
1.00652
1.01182
1.01368
1.0148
1.01577
1.01591
1.01032
0.999601
0.992701
0.990627
0.990785
0.991686
0.995935
1.0083
1.01812
1.02208
1.02435
1.02577
1.02632
1.02497
1.01606
1.00419
0.997765
0.995803
0.995709
0.997808
1.00987
1.02313
1.02788
1.02813
1.02788
1.02817
1.02814
1.02316
1.00938
0.995033
0.985589
1.00393
1.25335
1.69015
0.94055
0.939815
0.936344
0.934962
0.935189
0.935365
0.934453
0.933598
0.935223
0.939777
0.943744
0.945765
0.946646
0.945823
0.945201
0.947105
0.950851
0.954089
0.956312
0.958218
0.960392
0.962356
0.962724
0.960252
0.957192
0.955549
0.955146
0.955109
0.955168
0.956559
0.963367
0.971834
0.976198
0.978298
0.980472
0.982602
0.984218
0.983226
0.976628
0.970725
0.968824
0.968453
0.968143
0.968724
0.971952
0.982337
0.991868
0.996034
0.998615
1.001
1.00244
1.00291
0.998162
0.98829
0.981719
0.97982
0.980264
0.981391
0.983922
0.993524
1.00581
1.01184
1.01401
1.01515
1.01603
1.01678
1.01369
1.00335
0.99497
0.992
0.991473
0.991637
0.994196
1.00641
1.01909
1.02417
1.02534
1.02548
1.02584
1.02566
1.01872
1.00658
0.999139
0.996399
0.995731
0.99685
1.00819
1.0222
1.02718
1.02748
1.02727
1.02781
1.02806
1.02389
1.0093
0.990854
0.994613
1.24077
1.68685
0.924163
0.92093
0.924333
0.929389
0.933531
0.936246
0.940891
0.947693
0.952645
0.953818
0.952768
0.950481
0.946408
0.939411
0.934493
0.933916
0.937347
0.945066
0.952683
0.958305
0.963947
0.969377
0.972505
0.972951
0.968994
0.962339
0.957494
0.954135
0.951199
0.950377
0.951622
0.957849
0.969226
0.977635
0.981978
0.985116
0.987828
0.989395
0.989021
0.982602
0.974021
0.968996
0.967374
0.967269
0.967859
0.970063
0.979918
0.992428
0.998756
1.0011
1.00229
1.00323
1.00407
1.00135
0.992124
0.984828
0.982479
0.982118
0.982166
0.983263
0.990699
1.00382
1.01138
1.01434
1.0164
1.01773
1.01835
1.01584
1.00587
0.996141
0.992053
0.991636
0.99239
0.994853
1.00551
1.01764
1.02276
1.02475
1.02624
1.02698
1.02668
1.02037
1.00765
0.99858
0.995261
0.994888
0.996322
1.00708
1.02065
1.02527
1.02568
1.0262
1.0278
1.02838
1.02405
1.0044
0.995263
1.2244
1.68449
0.910368
0.908664
0.911808
0.918991
0.928138
0.93815
0.951158
0.962075
0.965884
0.966089
0.962522
0.95444
0.94332
0.933446
0.927999
0.927129
0.928064
0.932172
0.943203
0.957335
0.968276
0.975238
0.978284
0.979749
0.9791
0.972934
0.962077
0.95384
0.950012
0.949122
0.949688
0.95111
0.956268
0.969061
0.980397
0.986144
0.988858
0.990469
0.991618
0.991738
0.986707
0.976538
0.96967
0.967722
0.968096
0.969136
0.971004
0.978544
0.990832
0.997999
1.00112
1.00333
1.00503
1.0061
1.00471
0.996622
0.987257
0.982512
0.981647
0.982282
0.983439
0.989372
1.00307
1.01286
1.01623
1.01729
1.01779
1.01848
1.0176
1.0091
0.998725
0.994078
0.992823
0.992673
0.993884
1.00344
1.01775
1.0245
1.02593
1.02622
1.02635
1.02621
1.02164
1.00947
0.999364
0.995426
0.994935
0.995962
1.00543
1.01854
1.02356
1.02479
1.02616
1.02814
1.02891
1.01856
1.00774
1.2118
1.68362
0.904404
0.903874
0.905349
0.908586
0.916025
0.935503
0.959459
0.968762
0.971525
0.972588
0.970563
0.962102
0.945266
0.931373
0.92656
0.926217
0.927194
0.929613
0.935353
0.950566
0.969128
0.976856
0.979403
0.980576
0.980314
0.978051
0.971535
0.959226
0.951287
0.94931
0.949844
0.951402
0.954328
0.959435
0.971904
0.983681
0.989045
0.991092
0.992137
0.992671
0.992405
0.987888
0.978268
0.971678
0.969666
0.969507
0.969896
0.971116
0.976994
0.990669
1.00054
1.00431
1.00582
1.00682
1.00777
1.00723
0.999767
0.989232
0.983973
0.983035
0.983629
0.984608
0.989088
1.00168
1.0115
1.01538
1.01752
1.01902
1.01974
1.01894
1.01119
1.00007
0.994071
0.9928
0.993361
0.994815
1.00252
1.0158
1.02242
1.02429
1.02541
1.02648
1.02694
1.02378
1.01182
0.99987
0.995077
0.994652
0.995633
1.00374
1.01604
1.02152
1.02394
1.02631
1.0283
1.02616
1.0222
1.20766
1.6843
0.905058
0.904031
0.905531
0.908631
0.918545
0.94059
0.959916
0.968635
0.971668
0.971655
0.9654
0.95436
0.944192
0.93535
0.929709
0.92854
0.929677
0.934253
0.942361
0.951753
0.963241
0.973224
0.977347
0.978126
0.976074
0.972821
0.970245
0.966877
0.959464
0.954458
0.953859
0.955634
0.958183
0.960533
0.963099
0.972248
0.983716
0.988966
0.9906
0.990813
0.990687
0.990958
0.989489
0.9817
0.973788
0.970655
0.97069
0.972116
0.974498
0.978742
0.98997
1.00036
1.00485
1.00648
1.00709
1.00741
1.00761
1.00285
0.992638
0.986106
0.9843
0.984514
0.985294
0.988189
1.00005
1.01235
1.0173
1.01858
1.01889
1.01952
1.01991
1.01441
1.00322
0.996432
0.994062
0.993117
0.993478
0.999754
1.01398
1.02279
1.02561
1.02669
1.02754
1.02779
1.02503
1.01321
1.00024
0.995068
0.99464
0.995086
1.00139
1.01319
1.01981
1.02369
1.02664
1.02667
1.03367
1.21155
1.68642
0.909944
0.908394
0.910428
0.917627
0.930906
0.942525
0.952892
0.961071
0.963844
0.960723
0.954581
0.950482
0.947367
0.942743
0.938404
0.93676
0.938774
0.94419
0.949619
0.95291
0.955442
0.960673
0.966353
0.968912
0.969152
0.968948
0.969036
0.969472
0.969608
0.967128
0.963753
0.962137
0.96202
0.962927
0.964416
0.965528
0.969141
0.977789
0.98443
0.987467
0.988841
0.989865
0.991335
0.992071
0.987696
0.97983
0.975946
0.97524
0.975131
0.975442
0.977415
0.98663
0.998233
1.00374
1.00583
1.00751
1.00868
1.00921
1.00582
0.996084
0.988337
0.985543
0.985587
0.986631
0.989112
0.998791
1.01041
1.0157
1.01813
1.02017
1.02122
1.02133
1.01612
1.004
0.995403
0.992825
0.992846
0.994005
0.99935
1.01265
1.02226
1.02564
1.0268
1.02718
1.02726
1.02551
1.01478
1.00102
0.995013
0.994108
0.994154
0.999201
1.0105
1.01842
1.02399
1.02576
1.03956
1.22079
1.68928
0.919754
0.918064
0.92192
0.932667
0.941009
0.944239
0.945512
0.946701
0.945874
0.944927
0.945797
0.947497
0.948598
0.949378
0.949469
0.950924
0.953873
0.955589
0.956051
0.955877
0.954
0.950233
0.949138
0.952684
0.95924
0.964662
0.968226
0.972002
0.976227
0.978912
0.978457
0.973915
0.969069
0.96639
0.964272
0.961264
0.960115
0.962377
0.971372
0.981392
0.986959
0.990529
0.994055
0.996219
0.997127
0.993892
0.984978
0.977917
0.97505
0.974684
0.975225
0.976422
0.983819
0.997032
1.00468
1.00723
1.00821
1.00901
1.0101
1.00908
1.00061
0.991566
0.987916
0.987037
0.986967
0.988218
0.996523
1.01028
1.01764
1.01976
1.0203
1.02059
1.02104
1.01786
1.00701
0.998157
0.994967
0.994195
0.994094
0.997216
1.00997
1.02056
1.02448
1.02624
1.02728
1.02739
1.02571
1.0158
1.00191
0.995391
0.993641
0.992891
0.996926
1.00807
1.01805
1.02242
1.04204
1.23208
1.69228
0.933046
0.935658
0.941596
0.945543
0.946418
0.946486
0.941385
0.931898
0.92743
0.928834
0.93469
0.942288
0.947903
0.953034
0.960952
0.967525
0.969614
0.96814
0.964062
0.958215
0.949207
0.940402
0.937325
0.938157
0.943784
0.955031
0.966102
0.974955
0.982398
0.98682
0.98868
0.987865
0.981241
0.971248
0.962943
0.957999
0.956245
0.95664
0.958817
0.968001
0.982178
0.991389
0.995554
0.997984
0.999578
1.00057
0.998261
0.988583
0.979344
0.975536
0.97503
0.975736
0.976861
0.982277
0.994479
1.00292
1.00673
1.00964
1.01151
1.01242
1.01143
1.00357
0.993217
0.988039
0.987181
0.98797
0.989222
0.99525
1.00797
1.0155
1.0184
1.02073
1.02228
1.02287
1.0205
1.00989
0.99879
0.99397
0.993145
0.993499
0.99601
1.00802
1.02035
1.02552
1.02688
1.02704
1.02659
1.02497
1.01699
1.0036
0.9959
0.992713
0.99107
0.994607
1.00718
1.01543
1.04107
1.24354
1.69493
0.947251
0.956812
0.958055
0.956314
0.951316
0.943905
0.932666
0.92113
0.916976
0.917232
0.920526
0.929597
0.94279
0.957661
0.972294
0.979549
0.981758
0.981147
0.975143
0.961399
0.945973
0.936565
0.934042
0.934447
0.936179
0.94138
0.956125
0.974584
0.985411
0.989993
0.992106
0.99294
0.991202
0.98295
0.967314
0.958117
0.956044
0.956502
0.957792
0.960617
0.969888
0.985673
0.99516
0.998985
1.00054
1.00152
1.00176
0.999504
0.989752
0.980059
0.976077
0.975475
0.97587
0.97669
0.98067
0.993712
1.00546
1.0099
1.01133
1.01196
1.01274
1.01298
1.00704
0.996373
0.990466
0.98846
0.987533
0.987998
0.992919
1.00671
1.01734
1.02122
1.02249
1.02309
1.02338
1.02168
1.01173
1.00006
0.994856
0.993742
0.993763
0.9956
1.00651
1.01909
1.02458
1.02603
1.02627
1.02596
1.02474
1.01838
1.00554
0.996166
0.99104
0.988698
0.993253
1.00436
1.03526
1.2536
1.69662
0.957679
0.968298
0.969931
0.968844
0.962898
0.947588
0.928142
0.917802
0.915206
0.915641
0.916932
0.919796
0.93062
0.957627
0.976557
0.982215
0.983954
0.984245
0.980611
0.967674
0.94857
0.93752
0.934667
0.93494
0.936633
0.940789
0.949748
0.968582
0.98488
0.990666
0.99256
0.992435
0.988715
0.982105
0.974046
0.964454
0.959433
0.958745
0.960042
0.962621
0.965999
0.973722
0.988774
0.997459
1.00019
1.00102
1.00056
0.999543
0.998335
0.991857
0.982533
0.977502
0.97645
0.977268
0.979065
0.982786
0.993652
1.00449
1.00921
1.01151
1.01339
1.01443
1.01452
1.00885
0.996998
0.989452
0.987567
0.987925
0.989169
0.993219
1.00584
1.01687
1.02097
1.02225
1.02279
1.02313
1.02262
1.0144
1.00209
0.995749
0.993913
0.993377
0.994095
1.00413
1.01842
1.02512
1.0264
1.02592
1.02495
1.02399
1.01948
1.00778
0.99628
0.988747
0.986273
0.990204
1.02509
1.25986
1.69719
0.958781
0.969036
0.970896
0.970069
0.961756
0.94513
0.93034
0.920459
0.917054
0.917071
0.918843
0.923914
0.935554
0.954484
0.972744
0.980618
0.982665
0.979982
0.971137
0.962
0.954342
0.945894
0.940912
0.940267
0.942509
0.948047
0.955372
0.962915
0.974692
0.983953
0.986749
0.985289
0.982092
0.980263
0.979111
0.975362
0.968927
0.96521
0.965061
0.966952
0.969931
0.973267
0.977499
0.986268
0.993254
0.996003
0.996782
0.997023
0.997754
0.998925
0.996231
0.987591
0.981664
0.980237
0.98027
0.980792
0.982571
0.991832
1.00469
1.01109
1.01303
1.01344
1.01356
1.01393
1.01056
1.00006
0.992528
0.990154
0.989633
0.989681
0.991887
1.00354
1.01587
1.02088
1.02261
1.02372
1.02411
1.0234
1.01575
1.00301
0.995586
0.993297
0.993069
0.994065
1.00344
1.01762
1.02422
1.0251
1.02442
1.0239
1.02366
1.02105
1.0102
0.996026
0.98624
0.980887
1.01106
1.25963
1.69597
0.948698
0.962342
0.964066
0.961838
0.955663
0.947236
0.937246
0.929118
0.924777
0.924335
0.926815
0.933812
0.942845
0.949997
0.958735
0.967173
0.969972
0.967483
0.964073
0.962281
0.960497
0.956933
0.952321
0.950511
0.952488
0.95711
0.961248
0.963393
0.964719
0.967647
0.971762
0.97494
0.977188
0.978958
0.98046
0.981851
0.981725
0.979125
0.976234
0.974829
0.974486
0.973835
0.972115
0.972327
0.977628
0.986681
0.992764
0.996149
0.999278
1.00151
1.00259
1.00114
0.993263
0.985392
0.98204
0.981815
0.982702
0.9837
0.989641
1.00177
1.00866
1.01136
1.01355
1.01512
1.01592
1.01341
1.00312
0.993467
0.989626
0.989201
0.98977
0.991829
1.00245
1.0159
1.02203
1.02338
1.02346
1.02328
1.02292
1.01751
1.00561
0.997442
0.994218
0.992911
0.992815
1.00097
1.01624
1.02342
1.02421
1.02361
1.02349
1.0241
1.02255
1.01178
0.99503
0.981173
0.996665
1.25216
1.69304
0.934362
0.944265
0.949322
0.95072
0.949971
0.948921
0.946679
0.941701
0.937236
0.936173
0.938894
0.944167
0.947983
0.949488
0.950234
0.949434
0.949611
0.9529
0.957689
0.960884
0.962134
0.963806
0.966071
0.968196
0.968695
0.967891
0.966875
0.964739
0.95873
0.953805
0.953971
0.95962
0.968932
0.976231
0.980796
0.985403
0.990342
0.9928
0.991257
0.985641
0.979034
0.972706
0.967525
0.965031
0.965544
0.970743
0.983492
0.994362
0.999269
1.00169
1.00418
1.00643
1.00644
0.99928
0.989674
0.984814
0.982272
0.980732
0.981201
0.986281
0.99978
1.00996
1.01385
1.01526
1.01603
1.01666
1.01528
1.00622
0.996149
0.991762
0.990827
0.990976
0.991931
1.00069
1.01393
1.02015
1.02201
1.02325
1.02396
1.02404
1.0196
1.00733
0.997093
0.992687
0.991737
0.992254
1.00046
1.01555
1.0225
1.0231
1.02283
1.02341
1.02464
1.02329
1.01156
0.989556
0.990251
1.23807
1.69007
0.928821
0.926853
0.927633
0.934784
0.943011
0.947517
0.949104
0.951315
0.953368
0.954624
0.954222
0.953062
0.951826
0.948959
0.942116
0.935249
0.933546
0.936573
0.945422
0.955658
0.962965
0.970277
0.978992
0.983612
0.983802
0.979815
0.972647
0.963111
0.952617
0.945871
0.944568
0.945901
0.952738
0.966038
0.978791
0.989371
0.997175
1.00062
1.00187
0.999292
0.98893
0.975288
0.96638
0.963218
0.963172
0.964203
0.968858
0.982723
0.995292
1.00219
1.00696
1.00934
1.01049
1.00947
1.00114
0.988324
0.981357
0.979953
0.980371
0.981365
0.98546
0.998524
1.00962
1.01383
1.01551
1.01689
1.01796
1.01765
1.0101
0.998794
0.99248
0.990432
0.990058
0.990658
0.997944
1.01261
1.02126
1.02348
1.02381
1.02405
1.02411
1.02107
1.00954
0.998252
0.993144
0.991826
0.991855
0.999036
1.01407
1.02088
1.02167
1.02201
1.02379
1.02513
1.02317
1.00434
0.994443
1.22255
1.68823
0.9224
0.916606
0.915773
0.918435
0.928414
0.941322
0.950478
0.95849
0.966843
0.970316
0.969629
0.964446
0.957494
0.948827
0.937328
0.928662
0.926399
0.927144
0.930546
0.941159
0.958073
0.974578
0.986291
0.991223
0.992726
0.991793
0.984969
0.967661
0.950944
0.944257
0.943414
0.944292
0.946282
0.952061
0.970658
0.990677
0.999444
1.00229
1.00355
1.00299
0.997775
0.983533
0.969273
0.963994
0.963403
0.964132
0.966041
0.971317
0.987459
1.00236
1.00781
1.0096
1.01038
1.01002
1.00765
0.999244
0.987467
0.981933
0.980821
0.981256
0.982206
0.985427
0.998033
1.01071
1.01629
1.01814
1.0191
1.0197
1.01901
1.01185
0.999642
0.992143
0.989922
0.990039
0.991029
0.997374
1.0116
1.02021
1.02251
1.02346
1.02449
1.02502
1.02287
1.01161
0.998324
0.991928
0.990824
0.991281
0.99815
1.01233
1.01895
1.02041
1.02174
1.02416
1.02548
1.01693
1.00761
1.21232
1.68777
0.919815
0.913856
0.913449
0.914355
0.916254
0.924464
0.943007
0.960597
0.970518
0.974684
0.976355
0.976198
0.971093
0.955102
0.936743
0.92825
0.926488
0.927079
0.928957
0.932925
0.94619
0.972586
0.987406
0.99178
0.993257
0.99193
0.983986
0.970299
0.955995
0.947437
0.94526
0.945742
0.947945
0.952991
0.963414
0.983762
0.997503
1.00155
1.00236
0.998914
0.993103
0.987153
0.97865
0.970133
0.966836
0.966935
0.968997
0.973164
0.979589
0.992966
1.00342
1.00688
1.00737
1.00601
1.00457
1.00345
0.99921
0.990306
0.98434
0.982769
0.983358
0.984689
0.987415
0.998703
1.01151
1.0169
1.01837
1.01827
1.0181
1.01823
1.01368
1.00229
0.994265
0.991527
0.990852
0.99091
0.995341
1.00962
1.02009
1.0234
1.02437
1.0251
1.02543
1.02375
1.01296
0.998365
0.991478
0.990554
0.991087
0.996837
1.01002
1.01681
1.01942
1.02185
1.02394
1.02193
1.02165
1.21051
1.68866
0.922373
0.915296
0.915001
0.916483
0.919265
0.923586
0.931708
0.952466
0.969489
0.975012
0.97626
0.974868
0.967838
0.956915
0.943887
0.933815
0.930646
0.931203
0.933819
0.938756
0.946914
0.960796
0.978407
0.986211
0.987487
0.984822
0.979759
0.974047
0.965899
0.957041
0.952292
0.95189
0.954386
0.960119
0.966987
0.974339
0.984786
0.991829
0.99313
0.991581
0.990453
0.989898
0.987919
0.981527
0.975242
0.973481
0.97503
0.978244
0.98079
0.98287
0.98912
0.996983
1.00123
1.00294
1.00393
1.00505
1.00574
1.00307
0.995046
0.988835
0.986733
0.986963
0.988044
0.989035
0.995919
1.00767
1.01377
1.01598
1.01783
1.01915
1.01966
1.01606
1.00449
0.99449
0.990577
0.990068
0.990591
0.994721
1.00881
1.0199
1.02336
1.0245
1.02516
1.02525
1.02367
1.01294
0.997802
0.990949
0.990232
0.99073
0.995816
1.00764
1.01488
1.01908
1.02199
1.02174
1.03169
1.21553
1.69074
0.93397
0.923346
0.921501
0.921838
0.92325
0.926091
0.930297
0.938018
0.954444
0.965538
0.968121
0.967069
0.964641
0.961527
0.955697
0.94709
0.940714
0.939184
0.940803
0.945543
0.950942
0.954597
0.960523
0.969727
0.975193
0.976485
0.97621
0.975644
0.974402
0.970276
0.965214
0.963147
0.96432
0.96717
0.969187
0.97026
0.97116
0.97361
0.978623
0.984095
0.987659
0.989139
0.990021
0.99069
0.990191
0.988025
0.985549
0.983864
0.981879
0.978399
0.977223
0.980506
0.989821
0.998482
1.00279
1.0047
1.00635
1.00852
1.00893
1.00335
0.995181
0.99009
0.98711
0.985234
0.985605
0.99153
1.00512
1.01442
1.01777
1.01885
1.01949
1.02007
1.01781
1.00686
0.996091
0.991841
0.991153
0.991436
0.9947
1.00776
1.019
1.02277
1.02394
1.02423
1.02405
1.02264
1.01325
0.998586
0.991695
0.990691
0.990511
0.994283
1.00491
1.01314
1.01892
1.02061
1.03673
1.22505
1.69347
0.948867
0.938272
0.93082
0.928366
0.928793
0.931342
0.93381
0.935012
0.936803
0.944399
0.954219
0.959869
0.962188
0.963161
0.964212
0.962663
0.956855
0.952205
0.951065
0.952187
0.953506
0.953871
0.951493
0.950578
0.955407
0.964682
0.9716
0.97485
0.976635
0.979581
0.981389
0.980259
0.976901
0.973762
0.970931
0.967127
0.962124
0.959777
0.961929
0.970538
0.98099
0.987208
0.991619
0.997787
1.00196
1.00242
0.998161
0.990294
0.981938
0.975454
0.971676
0.971073
0.973948
0.984876
0.996515
1.00315
1.00856
1.01333
1.01555
1.0157
1.00933
0.997019
0.987704
0.984229
0.983566
0.983999
0.988623
1.00271
1.01334
1.01703
1.0189
1.02046
1.02154
1.02023
1.0098
0.997463
0.992179
0.991309
0.991436
0.993582
1.00575
1.01755
1.02187
1.0232
1.02389
1.02402
1.02287
1.01447
1.00033
0.992777
0.99068
0.989602
0.992252
1.00245
1.01264
1.01708
1.039
1.23617
1.6963
0.953628
0.953737
0.949511
0.942538
0.938415
0.937073
0.936171
0.932443
0.928699
0.928571
0.933612
0.946128
0.957852
0.964065
0.966846
0.969811
0.971859
0.970126
0.964401
0.958888
0.954528
0.950337
0.944739
0.940988
0.941407
0.946843
0.959695
0.971106
0.979137
0.986591
0.992425
0.994159
0.991546
0.984047
0.975203
0.965581
0.957021
0.953239
0.953242
0.955783
0.965671
0.98062
0.993791
1.00334
1.00832
1.01007
1.00952
1.00215
0.987779
0.975624
0.969779
0.968504
0.969041
0.971491
0.982808
0.999948
1.01086
1.01563
1.01764
1.01861
1.01784
1.00999
0.99495
0.985524
0.982683
0.982491
0.983138
0.987803
1.00283
1.0152
1.02007
1.02214
1.02323
1.02328
1.02101
1.01025
0.997507
0.992057
0.991254
0.991663
0.993815
1.00452
1.01678
1.0224
1.02402
1.0242
1.02378
1.02238
1.01575
1.00254
0.99396
0.990141
0.987898
0.989863
1.00138
1.0096
1.03759
1.24745
1.69881
0.957031
0.961959
0.963722
0.96081
0.951699
0.942292
0.935263
0.930111
0.926161
0.924992
0.925608
0.929135
0.941536
0.956825
0.967061
0.974287
0.979658
0.981589
0.980132
0.971979
0.960839
0.950345
0.942513
0.93907
0.939054
0.940117
0.943678
0.956838
0.975457
0.989037
0.995749
0.998316
0.999378
0.997248
0.986384
0.968136
0.956685
0.953113
0.953095
0.954118
0.956457
0.967017
0.990192
1.00473
1.00925
1.01077
1.01105
1.00837
0.997605
0.980622
0.971136
0.96884
0.969148
0.970443
0.974091
0.989076
1.00843
1.01591
1.01783
1.01835
1.01738
1.01431
1.00565
0.991775
0.984314
0.982864
0.983445
0.985238
0.990746
1.00634
1.01834
1.0219
1.02265
1.0225
1.02184
1.0198
1.01098
0.999283
0.993648
0.992276
0.991928
0.992709
1.00243
1.01587
1.02228
1.0239
1.0239
1.02302
1.02164
1.01716
1.00529
0.994978
0.988706
0.985267
0.987846
0.998062
1.03142
1.25718
1.70035
0.95674
0.964013
0.965445
0.966292
0.965376
0.956672
0.941716
0.931368
0.926682
0.925566
0.926082
0.927423
0.930111
0.940517
0.96042
0.975051
0.980572
0.982433
0.983274
0.981842
0.972098
0.955675
0.944518
0.940226
0.939902
0.941152
0.94376
0.948082
0.962885
0.985309
0.995747
0.998354
0.998769
0.995773
0.987972
0.975939
0.962966
0.956556
0.955417
0.956449
0.959132
0.964974
0.979238
0.998803
1.00685
1.00866
1.00731
1.00349
0.998862
0.990662
0.97912
0.973006
0.97208
0.973529
0.977326
0.983879
0.997023
1.00949
1.01379
1.01421
1.01286
1.01124
1.00944
1.00371
0.993544
0.98795
0.987221
0.988483
0.990425
0.994848
1.0071
1.01658
1.01978
1.02058
1.02089
1.02098
1.02005
1.01253
1.00048
0.993808
0.991817
0.991662
0.992577
1.00138
1.01514
1.02217
1.02356
1.02307
1.02225
1.02145
1.01866
1.00799
0.995211
0.985906
0.981921
0.983668
1.021
1.26338
1.70088
0.945116
0.961619
0.96461
0.965452
0.964153
0.960196
0.95276
0.941137
0.932365
0.928931
0.928725
0.929795
0.93183
0.935226
0.944305
0.963329
0.975614
0.979237
0.979591
0.978155
0.975412
0.968481
0.956031
0.947417
0.944831
0.945317
0.947113
0.950506
0.956049
0.969262
0.985223
0.991527
0.992228
0.990968
0.988917
0.984833
0.975773
0.966004
0.961793
0.961909
0.964811
0.969761
0.97501
0.983515
0.994567
0.99981
1.00069
1.00019
0.999508
0.997939
0.991271
0.982666
0.979058
0.979703
0.982839
0.985351
0.987116
0.993455
1.00263
1.00766
1.00943
1.01008
1.01056
1.0105
1.00681
0.999054
0.993913
0.99209
0.991774
0.992044
0.993612
1.00273
1.0133
1.01819
1.0196
1.01967
1.0198
1.01987
1.01506
1.00374
0.996005
0.992872
0.991372
0.991223
0.998824
1.01388
1.02178
1.02309
1.02233
1.02143
1.02121
1.01988
1.00984
0.994182
0.982144
0.975468
1.00658
1.26289
1.69968
0.929676
0.944545
0.955028
0.959451
0.960427
0.960783
0.960788
0.956541
0.945495
0.936494
0.933491
0.933886
0.936644
0.940194
0.941893
0.94508
0.956832
0.968642
0.973852
0.975504
0.976246
0.97661
0.972179
0.960807
0.953011
0.951078
0.952175
0.955321
0.957564
0.958976
0.964617
0.97627
0.983911
0.986913
0.987958
0.988326
0.986871
0.980937
0.974453
0.971738
0.971965
0.973267
0.974232
0.974429
0.976497
0.983887
0.991824
0.996215
0.997919
0.998583
0.998959
0.997613
0.994186
0.991118
0.989135
0.987026
0.983718
0.982361
0.985505
0.995113
1.00365
1.00792
1.00995
1.01167
1.01362
1.01372
1.00821
1.00015
0.994359
0.991156
0.989504
0.989801
0.996936
1.00888
1.01557
1.01854
1.02073
1.02188
1.02223
1.01846
1.00666
0.996311
0.99139
0.989769
0.98979
0.997224
1.01318
1.02098
1.02164
1.02089
1.02072
1.02147
1.02044
1.00971
0.991375
0.975711
0.993538
1.25497
1.6968
0.924755
0.927407
0.934179
0.947025
0.955575
0.959222
0.960286
0.960751
0.959969
0.954441
0.947021
0.943092
0.942419
0.94264
0.941192
0.93948
0.940178
0.947565
0.961656
0.971576
0.975739
0.977175
0.978164
0.977097
0.970427
0.963512
0.96043
0.959706
0.958562
0.9549
0.953569
0.956417
0.967647
0.979483
0.98581
0.988569
0.990691
0.992764
0.991668
0.985879
0.979755
0.975482
0.972357
0.96942
0.967001
0.967984
0.975815
0.987507
0.994774
0.999035
1.00415
1.00825
1.00881
1.00443
0.996303
0.98792
0.981535
0.977923
0.976833
0.979129
0.989224
1.0007
1.00772
1.01325
1.01861
1.02109
1.02073
1.01346
1.00102
0.991563
0.986755
0.984873
0.985308
0.992358
1.00758
1.01756
1.0211
1.02285
1.02419
1.02477
1.02139
1.00837
0.995872
0.990361
0.988754
0.988566
0.996122
1.01283
1.02005
1.02043
1.01993
1.02043
1.02154
1.01976
1.00719
0.984348
0.98857
1.24043
1.69372
0.922752
0.921905
0.921724
0.92571
0.938624
0.95136
0.958189
0.963239
0.96844
0.970203
0.966651
0.956429
0.947095
0.941936
0.939394
0.93681
0.935262
0.935788
0.940925
0.956154
0.969788
0.976729
0.981528
0.985251
0.986088
0.980865
0.971146
0.96299
0.957091
0.952827
0.950072
0.949789
0.951693
0.961789
0.976546
0.986897
0.993785
0.999205
1.00163
1.00087
0.993387
0.982927
0.973934
0.966929
0.962677
0.961944
0.963339
0.970905
0.985488
0.998632
1.00804
1.0137
1.01568
1.01545
1.00911
0.995716
0.983245
0.976337
0.973809
0.973743
0.975634
0.985523
1.00226
1.01523
1.02152
1.02371
1.02444
1.02284
1.01284
0.996807
0.98713
0.984437
0.98425
0.984889
0.991323
1.00819
1.01961
1.0239
1.02547
1.02604
1.02557
1.0213
1.00749
0.994039
0.988462
0.987584
0.98805
0.996767
1.01284
1.01877
1.01903
1.01893
1.02043
1.02116
1.01903
0.998448
0.992184
1.22482
1.6916
0.923016
0.919352
0.917774
0.918221
0.920712
0.932449
0.951683
0.965567
0.972033
0.97498
0.976222
0.973619
0.961407
0.947903
0.940274
0.936276
0.934297
0.934269
0.935145
0.938479
0.952797
0.972281
0.983555
0.987729
0.989493
0.990231
0.986364
0.974175
0.961331
0.95364
0.950169
0.949659
0.950377
0.951787
0.959068
0.977285
0.993516
1.00054
1.00273
1.00385
1.00363
0.996275
0.98049
0.968321
0.963117
0.962079
0.962736
0.964056
0.970589
0.990774
1.00802
1.01418
1.01596
1.01664
1.01551
1.00711
0.990122
0.977731
0.973603
0.973409
0.9742
0.976695
0.990484
1.01235
1.02123
1.0233
1.02366
1.02232
1.01874
1.00821
0.993878
0.986115
0.98415
0.984198
0.985381
0.994755
1.01455
1.02386
1.02542
1.02546
1.02493
1.02377
1.0192
1.00553
0.99266
0.987843
0.987388
0.988701
0.998419
1.01234
1.01712
1.01779
1.0185
1.02011
1.02088
1.01165
1.00394
1.21462
1.69082
0.926858
0.918929
0.917644
0.91815
0.919335
0.922801
0.934734
0.957571
0.971071
0.975097
0.976421
0.976283
0.973068
0.961469
0.94723
0.938196
0.934592
0.934241
0.935048
0.937033
0.942111
0.957503
0.977936
0.986872
0.989301
0.989774
0.987806
0.982914
0.972709
0.960663
0.95306
0.950608
0.950879
0.95212
0.954867
0.962865
0.982641
0.99723
1.00168
1.00266
1.00161
0.998575
0.991726
0.978338
0.967888
0.964388
0.964404
0.965731
0.968739
0.977787
0.998325
1.01051
1.0136
1.01378
1.01236
1.00999
1.00215
0.98681
0.977686
0.975864
0.976843
0.980256
0.987292
1.00061
1.01421
1.01924
1.02005
1.01954
1.01849
1.01589
1.00566
0.992584
0.98695
0.986294
0.988338
0.992589
1.00177
1.01577
1.0219
1.02274
1.02231
1.02143
1.02035
1.01723
1.00552
0.993562
0.989219
0.98922
0.990618
0.998731
1.0102
1.01491
1.01649
1.01793
1.01926
1.01588
1.01846
1.21322
1.6918
0.938161
0.922688
0.920331
0.92111
0.92404
0.928253
0.932065
0.939499
0.956581
0.968642
0.972414
0.973398
0.973734
0.972527
0.962635
0.947203
0.939241
0.937719
0.939118
0.94305
0.947076
0.950259
0.958971
0.974496
0.982941
0.985124
0.985668
0.985926
0.984124
0.974498
0.961626
0.955263
0.954419
0.956454
0.960371
0.963195
0.967046
0.980645
0.993285
0.997715
0.998676
0.999114
0.998711
0.992323
0.978575
0.969919
0.96813
0.969596
0.973049
0.976454
0.982419
0.996319
1.00584
1.00884
1.00935
1.00883
1.00696
1.00014
0.989039
0.98337
0.982951
0.985002
0.98685
0.98943
0.998779
1.01014
1.01536
1.01665
1.0163
1.0146
1.01237
1.00638
0.998436
0.994463
0.99363
0.993712
0.99409
0.999736
1.01201
1.01844
1.01977
1.01959
1.01931
1.0191
1.01767
1.00877
0.997078
0.991773
0.991311
0.991839
0.99712
1.00692
1.0124
1.01551
1.01733
1.01561
1.0285
1.21915
1.69411
0.950997
0.937807
0.930928
0.928795
0.929248
0.930453
0.931639
0.933098
0.93778
0.952043
0.964776
0.969773
0.971109
0.970301
0.968207
0.963178
0.954168
0.948385
0.946816
0.947346
0.948293
0.948754
0.949641
0.954823
0.968289
0.978726
0.982865
0.984017
0.983345
0.98243
0.978105
0.969875
0.964453
0.962955
0.963113
0.962632
0.962432
0.964452
0.975102
0.988611
0.995145
0.997271
0.997643
0.997191
0.993956
0.985354
0.978893
0.976727
0.976581
0.97643
0.97583
0.978319
0.9895
1.00045
1.00529
1.00679
1.00746
1.00772
1.00479
0.998023
0.992701
0.989771
0.987973
0.987324
0.987516
0.993269
1.0043
1.0108
1.0128
1.01338
1.01449
1.01596
1.01474
1.00788
0.999911
0.99468
0.992801
0.992568
0.995969
1.00659
1.01423
1.01711
1.01865
1.02052
1.0218
1.02135
1.01379
1.0008
0.993627
0.991609
0.990736
0.993184
1.00233
1.00998
1.01509
1.01607
1.03427
1.22927
1.6971
0.958241
0.957615
0.949972
0.939835
0.933839
0.931698
0.932048
0.933384
0.934447
0.935679
0.94298
0.955478
0.963222
0.966732
0.970431
0.973664
0.973265
0.966144
0.956837
0.950647
0.948231
0.948333
0.948698
0.948163
0.949564
0.95961
0.972537
0.979112
0.982701
0.987156
0.989647
0.988088
0.979268
0.969486
0.963801
0.961823
0.961294
0.960676
0.961298
0.968793
0.983236
0.991975
0.995749
0.999466
1.00259
1.00233
0.994794
0.984971
0.978332
0.974606
0.972767
0.972072
0.973715
0.98342
0.996538
1.00399
1.00772
1.01075
1.01354
1.01311
1.00641
0.997102
0.989937
0.985442
0.983219
0.983095
0.987533
0.999187
1.00849
1.01344
1.01726
1.0215
1.0233
1.02143
1.01188
0.999953
0.992834
0.989884
0.988765
0.99076
1.0008
1.01136
1.0176
1.02219
1.02514
1.02578
1.02464
1.01652
1.00199
0.992916
0.989574
0.987117
0.988474
0.999002
1.00987
1.01451
1.03826
1.24053
1.70022
0.961695
0.963438
0.964246
0.958962
0.947366
0.938835
0.935712
0.934449
0.931184
0.928873
0.92954
0.935106
0.949955
0.964606
0.972879
0.977312
0.979998
0.980689
0.974959
0.962979
0.954224
0.950373
0.947212
0.943361
0.942584
0.944095
0.95341
0.97062
0.983533
0.990175
0.993926
0.995635
0.99464
0.985025
0.972109
0.964608
0.960898
0.957668
0.9565
0.957343
0.963889
0.980405
0.994715
1.00262
1.00662
1.00838
1.00787
0.999659
0.986546
0.977182
0.972414
0.970042
0.969295
0.970265
0.978381
0.993692
1.0058
1.01352
1.01769
1.01916
1.01817
1.00992
0.996961
0.986929
0.981856
0.979841
0.97966
0.982863
0.995033
1.00911
1.01892
1.02442
1.02643
1.02685
1.02389
1.01195
0.997366
0.989076
0.986143
0.985256
0.986408
0.997373
1.01327
1.02292
1.02682
1.02748
1.02693
1.02467
1.01648
1.00097
0.990719
0.986438
0.983528
0.985711
0.999293
1.00828
1.03857
1.25125
1.70278
0.95963
0.964853
0.96658
0.96784
0.965517
0.954406
0.941605
0.93302
0.92883
0.927458
0.927944
0.929044
0.933004
0.9484
0.967621
0.977392
0.980899
0.982389
0.983339
0.980335
0.968086
0.954073
0.945441
0.942224
0.942003
0.942865
0.944434
0.952487
0.973549
0.988962
0.994342
0.996055
0.997066
0.996465
0.987384
0.97215
0.961124
0.956617
0.955958
0.956664
0.957937
0.963935
0.983657
1.00073
1.00656
1.00833
1.00908
1.00815
1.00059
0.986733
0.975316
0.969581
0.968232
0.968832
0.970132
0.977873
0.998438
1.01294
1.01743
1.01893
1.01935
1.01821
1.00972
0.994804
0.983398
0.97901
0.978588
0.979206
0.982151
0.998331
1.01721
1.02412
1.02591
1.02638
1.02589
1.02238
1.00881
0.99285
0.985627
0.984314
0.984404
0.986675
1.00226
1.01984
1.02591
1.02681
1.02634
1.02468
1.02195
1.01344
0.998141
0.98803
0.982596
0.980274
0.986793
0.998414
1.03312
1.2585
1.70421
0.947929
0.963805
0.967366
0.968754
0.969487
0.967791
0.956219
0.939467
0.930814
0.928706
0.929179
0.931253
0.934148
0.937804
0.949858
0.969395
0.979807
0.982786
0.983949
0.984314
0.981074
0.966637
0.950684
0.944291
0.943394
0.944417
0.946959
0.950499
0.958304
0.97683
0.990727
0.995096
0.996371
0.996782
0.99581
0.986561
0.969383
0.959767
0.957637
0.958216
0.960666
0.964514
0.971011
0.98704
1.00115
1.00601
1.0073
1.00777
1.00737
1.0007
0.984584
0.973045
0.969758
0.970043
0.972392
0.976694
0.98521
1.0022
1.01316
1.01638
1.01729
1.0174
1.01652
1.00791
0.991155
0.981475
0.979564
0.980364
0.983402
0.990084
1.00545
1.01868
1.02292
1.02382
1.02383
1.023
1.01882
1.00382
0.990248
0.986139
0.986074
0.987928
0.993386
1.00813
1.02045
1.02403
1.02412
1.02245
1.01963
1.01661
1.00975
0.996891
0.986334
0.980604
0.980185
0.987178
1.02285
1.26012
1.70354
0.930184
0.951534
0.962925
0.966253
0.966663
0.965474
0.963311
0.956249
0.943855
0.936283
0.934362
0.934761
0.935682
0.936837
0.93945
0.950639
0.969496
0.978977
0.981151
0.980738
0.97876
0.976207
0.967265
0.955376
0.949829
0.949096
0.950041
0.951382
0.953175
0.959683
0.976928
0.989731
0.993649
0.994148
0.992436
0.990331
0.984934
0.973101
0.965353
0.96351
0.964257
0.965506
0.966834
0.971264
0.986301
1.00002
1.00483
1.00584
1.00478
1.00287
0.998254
0.986742
0.978204
0.975909
0.976477
0.97754
0.978755
0.985024
1.00102
1.01166
1.01485
1.01543
1.01471
1.01265
1.00511
0.992738
0.986445
0.985651
0.986737
0.987716
0.99131
1.00455
1.0167
1.02085
1.02157
1.02087
1.01852
1.01364
1.00322
0.994897
0.991976
0.991709
0.991854
0.994532
1.00749
1.01816
1.02077
1.02013
1.01735
1.01504
1.01392
1.01043
0.999796
0.988026
0.981585
0.978275
1.01078
1.25707
1.7007
0.927344
0.931921
0.943528
0.956792
0.962721
0.964755
0.966473
0.967409
0.963515
0.951527
0.941975
0.938447
0.938368
0.94018
0.942313
0.943377
0.948126
0.96245
0.973398
0.977229
0.978579
0.980252
0.98052
0.973915
0.962329
0.95575
0.953906
0.954277
0.955877
0.957216
0.959688
0.970727
0.983201
0.988534
0.990276
0.992232
0.993447
0.990743
0.980808
0.972219
0.9684
0.96764
0.968475
0.969739
0.97161
0.981264
0.994213
1.00021
1.00197
1.00352
1.00493
1.00333
0.994398
0.98507
0.980225
0.978585
0.978753
0.979609
0.983726
0.997035
1.00767
1.01147
1.01257
1.01338
1.01386
1.00991
1.00011
0.992633
0.989135
0.988115
0.988377
0.990596
1.00203
1.01297
1.01689
1.01754
1.01741
1.01727
1.01643
1.01122
1.00267
0.996079
0.992966
0.992299
0.994169
1.00525
1.01406
1.01629
1.01576
1.01418
1.01411
1.01528
1.01485
1.00643
0.991901
0.978498
0.995663
1.25023
1.69766
0.926181
0.925677
0.926678
0.936537
0.953941
0.964504
0.967704
0.968891
0.96991
0.969196
0.960603
0.950069
0.94531
0.944335
0.943351
0.940627
0.939865
0.942693
0.956584
0.972466
0.979356
0.981185
0.9823
0.983571
0.981035
0.971103
0.962797
0.95947
0.958191
0.955795
0.953611
0.954653
0.964236
0.980717
0.990302
0.993232
0.994634
0.996645
0.996898
0.989414
0.978742
0.972944
0.970757
0.968468
0.96607
0.966856
0.975684
0.991755
1.00137
1.00489
1.0072
1.00979
1.00965
1.00124
0.989235
0.982356
0.979713
0.978367
0.977503
0.980117
0.992673
1.00561
1.01189
1.01505
1.01783
1.01949
1.01654
1.00529
0.994632
0.989734
0.98855
0.988493
0.989112
0.997542
1.00885
1.01475
1.01779
1.02107
1.02329
1.02312
1.01725
1.00543
0.996676
0.9932
0.992258
0.992334
0.999404
1.00905
1.01372
1.01506
1.01685
1.01894
1.01975
1.01907
1.01008
0.986958
0.989119
1.2383
1.69548
0.924867
0.924324
0.924939
0.92614
0.932957
0.950212
0.962638
0.969113
0.973954
0.976029
0.976039
0.968783
0.956041
0.947147
0.941975
0.93932
0.938419
0.938982
0.940995
0.952768
0.969717
0.978813
0.984626
0.988504
0.989824
0.988028
0.977905
0.966559
0.958992
0.95412
0.95179
0.951585
0.952742
0.960616
0.977877
0.98942
0.996205
1.00112
1.00302
1.00293
0.995587
0.982778
0.972967
0.966534
0.963722
0.963514
0.964688
0.972494
0.989702
1.00224
1.00958
1.01337
1.01457
1.01395
1.0054
0.991966
0.982308
0.976559
0.974798
0.975195
0.977676
0.989678
1.00518
1.01535
1.02064
1.02225
1.02261
1.01962
1.00842
0.997064
0.990207
0.986272
0.985069
0.985891
0.993601
1.00722
1.01766
1.02367
1.02545
1.02568
1.02531
1.02026
1.00852
0.998262
0.991014
0.987281
0.987268
0.994431
1.00822
1.01725
1.02008
1.02079
1.02187
1.02343
1.02308
1.00305
0.993086
1.22268
1.69391
0.932525
0.927352
0.926547
0.926839
0.92779
0.931331
0.94515
0.962744
0.972331
0.975462
0.97668
0.977275
0.973692
0.962902
0.951574
0.944528
0.941123
0.940268
0.940779
0.942037
0.949286
0.966881
0.981513
0.987498
0.989509
0.990509
0.990269
0.983783
0.971681
0.96114
0.955282
0.953177
0.95325
0.954148
0.95876
0.97485
0.992002
0.999913
1.00249
1.00366
1.0041
0.99965
0.986935
0.974008
0.967167
0.965101
0.965226
0.966133
0.97135
0.988829
1.00538
1.01186
1.01382
1.01474
1.01452
1.00803
0.99405
0.982415
0.977435
0.976457
0.976903
0.978565
0.988415
1.00624
1.01714
1.02063
1.02183
1.02226
1.02042
1.01139
0.99852
0.989754
0.986529
0.986087
0.986706
0.99248
1.00769
1.01949
1.02348
1.0247
1.0254
1.02529
1.02211
1.01096
0.996669
0.988694
0.987269
0.987932
0.99433
1.00921
1.01689
1.01938
1.02141
1.02382
1.02536
1.01536
1.00567
1.21372
1.69367
)
;

boundaryField
{
    back
    {
        type            empty;
    }
    outlet
    {
        type            inletOutlet;
        inletValue      uniform 1;
        value           nonuniform List<scalar> 
99
(
0.836319
0.840058
0.844069
0.849329
0.855372
0.861664
0.867535
0.872665
0.876598
0.879172
0.880698
0.881807
0.882926
0.884126
0.885399
0.886806
0.888293
0.889754
0.891143
0.892497
0.893981
0.895697
0.897879
0.900758
0.904249
0.907388
0.909638
0.911452
0.913202
0.914861
0.91644
0.91742
0.916592
0.912814
0.908521
0.907737
0.90889
0.910126
0.910985
0.912106
0.914889
0.919013
0.92404
0.926988
0.930135
0.933505
0.935167
0.933281
0.926053
0.920244
0.914072
0.910006
0.908748
0.911531
0.919469
0.93065
0.944928
0.954802
0.956586
0.953155
0.940188
0.92603
0.912544
0.906188
0.906801
0.911898
0.921737
0.933262
0.944497
0.953565
0.953916
0.943729
0.932923
0.929676
0.92457
0.922703
0.925953
0.937755
0.95064
0.953749
0.955408
0.952841
0.939089
0.927994
0.925196
0.923551
0.924782
0.930451
0.943564
0.953502
0.957979
0.960932
0.956991
0.942458
0.926836
0.927242
0.927194
0.926177
0.93522
)
;
    }
    top
    {
        type            zeroGradient;
    }
    inlet
    {
        type            fixedValue;
        value           uniform 1;
    }
    bottom
    {
        type            zeroGradient;
    }
    front
    {
        type            empty;
    }
}


// ************************************************************************* //
