/*--------------------------------*- C++ -*----------------------------------*\
  =========                 |
  \\      /  F ield         | OpenFOAM: The Open Source CFD Toolbox
   \\    /   O peration     | Website:  https://openfoam.org
    \\  /    A nd           | Version:  12
     \\/     M anipulation  |
\*---------------------------------------------------------------------------*/
FoamFile
{
    format      ascii;
    class       volScalarField;
    location    "24";
    object      T;
}
// * * * * * * * * * * * * * * * * * * * * * * * * * * * * * * * * * * * * * //

dimensions      [0 0 0 1 0 0 0];

internalField   nonuniform List<scalar> 
9801
(
0.803866
0.807447
0.808832
0.810067
0.811042
0.812071
0.8127
0.811445
0.810313
0.810485
0.811188
0.812112
0.813649
0.817949
0.823442
0.827024
0.829481
0.831419
0.833011
0.834623
0.83519
0.832876
0.831397
0.831416
0.83187
0.832704
0.835972
0.841431
0.845408
0.848047
0.849979
0.851622
0.852872
0.851039
0.847657
0.846852
0.847555
0.848722
0.851805
0.859137
0.864272
0.866701
0.868213
0.869379
0.869009
0.864713
0.862564
0.863286
0.864682
0.866942
0.872645
0.880344
0.884636
0.886673
0.887693
0.888002
0.887469
0.882759
0.879521
0.879987
0.881609
0.883675
0.888814
0.898003
0.904322
0.907234
0.908998
0.910106
0.910916
0.907321
0.900502
0.898816
0.900375
0.903034
0.90936
0.921131
0.92949
0.933561
0.936055
0.938053
0.939246
0.93324
0.923902
0.922033
0.92487
0.930088
0.943778
0.959063
0.967335
0.972986
0.97856
0.982202
0.977807
0.966252
0.95953
0.961356
0.98451
1.17306
1.54817
0.806614
0.811265
0.8131
0.814581
0.81572
0.816759
0.81757
0.816309
0.814297
0.814157
0.814809
0.815736
0.817535
0.823365
0.829441
0.83258
0.834546
0.836144
0.837461
0.838207
0.836293
0.833228
0.832539
0.833154
0.834242
0.836741
0.842559
0.847889
0.850949
0.852964
0.854357
0.855396
0.854703
0.851184
0.849547
0.850191
0.851261
0.852971
0.858058
0.864895
0.868795
0.870557
0.871527
0.872142
0.871025
0.868136
0.867501
0.868476
0.869865
0.871472
0.876214
0.883301
0.887267
0.889178
0.890187
0.890976
0.891722
0.888889
0.885698
0.885398
0.886463
0.887933
0.891748
0.900388
0.906861
0.910183
0.912393
0.914042
0.91555
0.912987
0.906068
0.903846
0.905094
0.907381
0.912263
0.923587
0.932781
0.937482
0.940537
0.943073
0.94517
0.940206
0.930638
0.928122
0.930711
0.935198
0.945689
0.960746
0.970603
0.977182
0.983615
0.988626
0.986308
0.976842
0.968571
0.968896
0.974378
1.16217
1.57008
0.81021
0.816448
0.818961
0.820586
0.821734
0.822789
0.823376
0.820956
0.818597
0.818902
0.819902
0.82137
0.824474
0.831683
0.837533
0.840198
0.8417
0.842775
0.842997
0.840894
0.837534
0.836631
0.837225
0.838319
0.840054
0.84486
0.852083
0.856553
0.858492
0.859573
0.860265
0.859696
0.857349
0.855779
0.855971
0.85727
0.858818
0.861227
0.866897
0.872184
0.874502
0.875597
0.876337
0.877164
0.877571
0.876518
0.876387
0.877144
0.878358
0.879599
0.881873
0.887346
0.891767
0.89467
0.896918
0.898729
0.900496
0.899801
0.896142
0.894829
0.895254
0.896347
0.898411
0.90543
0.913936
0.918694
0.921545
0.923684
0.9256
0.92444
0.917994
0.915013
0.915982
0.918369
0.921974
0.932416
0.944093
0.950048
0.953525
0.956458
0.958688
0.955646
0.946843
0.943101
0.945247
0.950116
0.957928
0.974169
0.988832
0.997055
1.00365
1.01041
1.01055
1.0048
0.99864
0.998231
0.997909
1.17597
1.60232
0.817842
0.825113
0.82751
0.828954
0.829989
0.830834
0.830282
0.827885
0.827429
0.828293
0.829524
0.831198
0.83533
0.842613
0.847438
0.849219
0.849923
0.849476
0.848231
0.846478
0.845274
0.845674
0.847012
0.848619
0.851056
0.85621
0.862836
0.866167
0.867394
0.868044
0.868423
0.867829
0.866331
0.86648
0.86775
0.869003
0.870325
0.872007
0.876078
0.880112
0.88268
0.885212
0.887423
0.889184
0.890892
0.890908
0.889438
0.888476
0.887834
0.888213
0.889857
0.895508
0.903352
0.908428
0.911663
0.913983
0.915952
0.916087
0.910626
0.906745
0.906808
0.908501
0.910982
0.917414
0.928295
0.934806
0.93806
0.940457
0.942566
0.94253
0.936633
0.932531
0.933279
0.936126
0.939488
0.947318
0.960252
0.968149
0.972358
0.975794
0.97912
0.979353
0.97245
0.966425
0.966381
0.971217
0.977804
0.99009
1.00678
1.01843
1.0265
1.0348
1.03879
1.03601
1.02947
1.02513
1.01809
1.19329
1.63642
0.828401
0.835224
0.837353
0.838685
0.839709
0.840438
0.839856
0.839081
0.839717
0.841072
0.842654
0.844464
0.84825
0.853827
0.856799
0.85798
0.858335
0.858588
0.858764
0.858118
0.857881
0.85884
0.860307
0.861908
0.863568
0.867495
0.873253
0.876612
0.878388
0.879771
0.881058
0.881768
0.880768
0.880202
0.880532
0.880862
0.881369
0.882437
0.88559
0.891803
0.896906
0.900555
0.903351
0.905534
0.907504
0.90751
0.902615
0.899304
0.899242
0.90084
0.903114
0.908979
0.919538
0.92611
0.929131
0.931103
0.93266
0.932065
0.925997
0.922022
0.922685
0.925068
0.927971
0.933481
0.944355
0.952193
0.955942
0.958484
0.960751
0.962022
0.958066
0.952199
0.951414
0.954214
0.957777
0.963211
0.975492
0.986584
0.992128
0.995881
0.99957
1.0019
0.99788
0.990365
0.986698
0.988762
0.994995
1.00384
1.01879
1.03371
1.04397
1.05254
1.05985
1.06047
1.05504
1.04691
1.02952
1.20607
1.66247
0.839963
0.845991
0.848087
0.849649
0.851102
0.852436
0.852625
0.852793
0.853796
0.855084
0.856389
0.857532
0.85909
0.862935
0.865995
0.867879
0.86952
0.870964
0.872367
0.872826
0.872345
0.872908
0.873893
0.874688
0.875704
0.87764
0.883417
0.889007
0.891996
0.89393
0.89555
0.89712
0.897271
0.894464
0.892042
0.891684
0.892841
0.894528
0.897438
0.905604
0.913714
0.91782
0.919993
0.92168
0.92276
0.920197
0.913945
0.911985
0.913335
0.915531
0.918258
0.924258
0.935333
0.942216
0.944929
0.94658
0.947415
0.946721
0.942371
0.938039
0.938054
0.94057
0.943517
0.947941
0.957487
0.966503
0.970881
0.973557
0.976006
0.978417
0.977715
0.971114
0.967355
0.968482
0.971915
0.976057
0.984811
0.997996
1.00665
1.01162
1.01528
1.01848
1.01721
1.01015
1.00492
1.00386
1.00691
1.01294
1.02225
1.03596
1.04776
1.0568
1.06471
1.0695
1.0681
1.0618
1.04246
1.20847
1.67829
0.850904
0.856822
0.858891
0.860582
0.862245
0.863835
0.86475
0.865237
0.866281
0.867298
0.867375
0.867238
0.867954
0.870735
0.875504
0.879037
0.881744
0.883873
0.885689
0.887112
0.886718
0.885876
0.885401
0.885304
0.886069
0.887479
0.891869
0.900075
0.904858
0.907029
0.90855
0.910081
0.910611
0.906322
0.902129
0.902102
0.903798
0.905872
0.908791
0.91706
0.927205
0.93155
0.93332
0.934302
0.933693
0.93058
0.925819
0.923741
0.924926
0.927493
0.930787
0.936738
0.946817
0.953272
0.955641
0.956924
0.957819
0.958481
0.956963
0.952437
0.950494
0.952053
0.95462
0.957565
0.964372
0.974605
0.980932
0.984199
0.98686
0.989498
0.991397
0.987153
0.980541
0.978682
0.98066
0.984049
0.988901
1.00041
1.01337
1.02056
1.02499
1.02859
1.03065
1.02696
1.02073
1.01678
1.01585
1.0185
1.02417
1.03381
1.0459
1.05563
1.06364
1.07003
1.0722
1.06918
1.05547
1.21036
1.68869
0.859448
0.866702
0.86937
0.871051
0.872502
0.873931
0.875107
0.875436
0.875605
0.875338
0.874546
0.874494
0.875438
0.877881
0.884381
0.889807
0.892818
0.894837
0.896528
0.898238
0.898568
0.895525
0.89335
0.893314
0.894416
0.895931
0.899181
0.90793
0.914385
0.916984
0.918531
0.919673
0.919527
0.915836
0.911807
0.911209
0.912532
0.914509
0.917733
0.925602
0.935429
0.939672
0.941195
0.941374
0.94095
0.940136
0.937224
0.934514
0.934832
0.937035
0.939813
0.944157
0.951803
0.958309
0.961701
0.963824
0.96581
0.967781
0.968793
0.964922
0.960811
0.959799
0.961027
0.963214
0.966853
0.976652
0.986514
0.991689
0.994674
0.997232
0.999619
0.998823
0.99157
0.986747
0.985952
0.988086
0.991619
0.997949
1.0115
1.02335
1.02977
1.03429
1.03835
1.03968
1.03429
1.02732
1.02366
1.02359
1.0264
1.032
1.04115
1.05151
1.05986
1.06694
1.071
1.07157
1.06513
1.21588
1.69661
0.86539
0.873599
0.877716
0.879722
0.881056
0.882273
0.883503
0.883923
0.882024
0.879549
0.87907
0.880143
0.881737
0.884533
0.891806
0.898529
0.90163
0.903402
0.904909
0.90625
0.905729
0.901333
0.899002
0.899534
0.90096
0.902803
0.906178
0.914058
0.920576
0.923255
0.924669
0.925474
0.925666
0.923887
0.920295
0.919411
0.920544
0.922454
0.925103
0.930832
0.938311
0.942628
0.944646
0.94591
0.947431
0.948511
0.947152
0.94487
0.944344
0.944825
0.945759
0.947224
0.950859
0.95921
0.965765
0.969563
0.972403
0.974608
0.976512
0.975264
0.968728
0.964792
0.96431
0.966199
0.968835
0.975449
0.987936
0.996373
1.00057
1.00304
1.00508
1.00617
1.00129
0.993791
0.990712
0.990942
0.993423
0.996931
1.00484
1.01961
1.03122
1.03783
1.04202
1.04534
1.04492
1.03978
1.03375
1.03013
1.02975
1.03224
1.03757
1.04616
1.05573
1.06364
1.06947
1.07213
1.07069
1.22348
1.70261
0.87081
0.877636
0.883179
0.885674
0.887045
0.888125
0.889187
0.889665
0.88635
0.882751
0.882778
0.884037
0.885727
0.888899
0.897049
0.905049
0.908384
0.910032
0.91124
0.911542
0.909626
0.905742
0.903869
0.904368
0.905748
0.907525
0.910954
0.917909
0.923875
0.926583
0.928003
0.92917
0.930316
0.930307
0.927972
0.926944
0.927926
0.929319
0.930633
0.932378
0.937812
0.943773
0.947367
0.950284
0.952886
0.954942
0.956042
0.953615
0.95014
0.948018
0.947194
0.948068
0.9504
0.958199
0.968666
0.974745
0.977923
0.979846
0.981507
0.982156
0.976155
0.969028
0.96738
0.968548
0.971087
0.974885
0.985319
0.997815
1.00394
1.00663
1.00856
1.01055
1.01019
1.00308
0.997121
0.99569
0.996345
0.998295
1.00151
1.00973
1.02481
1.03625
1.04257
1.0469
1.05029
1.05046
1.04593
1.03937
1.03475
1.03385
1.03633
1.04128
1.05016
1.06017
1.06781
1.07207
1.07458
1.23176
1.70761
0.875405
0.880631
0.886752
0.889727
0.891174
0.892259
0.893229
0.893178
0.889806
0.887087
0.88729
0.888523
0.889953
0.892616
0.900856
0.909305
0.912661
0.914012
0.914331
0.914029
0.913012
0.910404
0.908426
0.908796
0.910025
0.911467
0.91343
0.918894
0.925121
0.928582
0.930856
0.932878
0.934469
0.93591
0.935031
0.932885
0.932233
0.931965
0.931792
0.932836
0.936327
0.944401
0.951248
0.955702
0.95843
0.960038
0.961582
0.960908
0.95422
0.948741
0.947416
0.948808
0.9512
0.9569
0.969339
0.978203
0.981753
0.983542
0.984664
0.985381
0.983016
0.975505
0.971643
0.971944
0.974061
0.976377
0.980647
0.993263
1.00424
1.00895
1.01189
1.01448
1.01698
1.01501
1.00683
1.00152
0.999734
0.999683
1.00164
1.00528
1.01468
1.02975
1.04132
1.04801
1.05248
1.05464
1.05419
1.05048
1.04379
1.0382
1.03666
1.03868
1.04339
1.05356
1.06417
1.07109
1.07653
1.24029
1.71212
0.878009
0.882664
0.889304
0.892774
0.894234
0.895294
0.896124
0.895964
0.893459
0.891298
0.891605
0.892972
0.894702
0.897304
0.903603
0.91076
0.914069
0.91542
0.91604
0.916608
0.916879
0.915301
0.913263
0.91294
0.913481
0.914227
0.915357
0.918217
0.925413
0.931323
0.934789
0.93718
0.939007
0.940521
0.941225
0.938146
0.934207
0.932134
0.932391
0.933958
0.93646
0.944345
0.954693
0.960219
0.962783
0.964417
0.965349
0.964909
0.959327
0.952106
0.950233
0.951254
0.953387
0.957058
0.967093
0.978545
0.983494
0.985513
0.986804
0.988273
0.989157
0.984544
0.978149
0.976066
0.975838
0.977038
0.979611
0.985849
1.00011
1.01061
1.01537
1.01871
1.02147
1.02319
1.01822
1.00849
1.00325
1.00258
1.00396
1.00642
1.01027
1.01937
1.03352
1.04449
1.05098
1.05522
1.05724
1.05685
1.05353
1.04679
1.0405
1.03823
1.03936
1.04425
1.05594
1.06653
1.0756
1.2494
1.71609
0.879432
0.884109
0.891242
0.895359
0.89692
0.897924
0.898775
0.899034
0.897113
0.895713
0.896153
0.897353
0.898782
0.900417
0.904286
0.910492
0.914241
0.916278
0.917914
0.91925
0.920467
0.920381
0.917757
0.915809
0.915167
0.915525
0.9167
0.918498
0.924697
0.933819
0.939148
0.941791
0.943284
0.944561
0.945757
0.943495
0.93642
0.933342
0.933657
0.935333
0.937695
0.944071
0.955651
0.962514
0.965216
0.966496
0.966597
0.966675
0.964427
0.958156
0.955137
0.955777
0.957495
0.959055
0.963062
0.974811
0.983889
0.987575
0.989815
0.991769
0.99346
0.992906
0.985582
0.979261
0.97731
0.977599
0.979564
0.982603
0.991114
1.00694
1.01701
1.02107
1.02324
1.02508
1.02617
1.02135
1.01303
1.00878
1.00809
1.0088
1.01066
1.01438
1.0236
1.03693
1.04699
1.05323
1.05736
1.05906
1.05863
1.05551
1.04862
1.0415
1.03848
1.03892
1.04502
1.05773
1.07105
1.25834
1.71953
0.880751
0.88547
0.892898
0.897656
0.899535
0.900679
0.901675
0.902452
0.901532
0.900163
0.900031
0.900501
0.901256
0.902318
0.904231
0.909966
0.915764
0.918787
0.92067
0.922155
0.923318
0.924267
0.922224
0.917872
0.9162
0.916597
0.918054
0.919821
0.92427
0.934846
0.942414
0.945401
0.946991
0.947965
0.948344
0.946678
0.940576
0.93631
0.936292
0.937622
0.939596
0.94359
0.953627
0.962088
0.965227
0.966605
0.967923
0.969464
0.970049
0.966121
0.961034
0.959504
0.959511
0.960387
0.962301
0.96864
0.981695
0.989795
0.993491
0.995747
0.997224
0.998447
0.994936
0.985885
0.981235
0.981123
0.982801
0.98441
0.987073
0.995485
1.01109
1.01994
1.02361
1.02698
1.03008
1.03159
1.02643
1.01797
1.01303
1.01173
1.01265
1.01469
1.01864
1.02814
1.04049
1.04939
1.05505
1.05891
1.06049
1.05987
1.05658
1.04933
1.04123
1.03754
1.03818
1.0464
1.06353
1.26629
1.72242
0.882278
0.886487
0.893891
0.899681
0.902242
0.903697
0.904788
0.905762
0.905943
0.904079
0.902739
0.902278
0.90261
0.903721
0.905174
0.909203
0.916907
0.921606
0.923666
0.924922
0.925889
0.926698
0.926405
0.921741
0.918656
0.918872
0.920216
0.921945
0.925057
0.934598
0.944092
0.947905
0.949588
0.950363
0.950651
0.95019
0.946281
0.941241
0.940104
0.940924
0.942234
0.943977
0.949285
0.959997
0.966419
0.969194
0.971016
0.972578
0.974047
0.973277
0.966927
0.961948
0.960665
0.961245
0.96297
0.965876
0.975425
0.989116
0.995535
0.997673
0.998882
1.0007
1.00233
0.997714
0.989624
0.986472
0.985735
0.985802
0.987106
0.989752
0.998526
1.01469
1.02527
1.02972
1.03235
1.03495
1.03547
1.03106
1.02316
1.01762
1.01586
1.01656
1.01864
1.02309
1.03267
1.04399
1.05173
1.05656
1.05993
1.06132
1.06083
1.05747
1.04935
1.03971
1.03578
1.03739
1.05235
1.27115
1.72433
0.884665
0.887855
0.893994
0.90129
0.905005
0.906762
0.90792
0.908812
0.909536
0.908008
0.904948
0.903874
0.904041
0.905121
0.906532
0.908886
0.916197
0.923101
0.926039
0.927455
0.928476
0.929461
0.930272
0.927414
0.922761
0.922167
0.923347
0.92493
0.926883
0.933037
0.943615
0.948928
0.95101
0.952099
0.95277
0.953455
0.952071
0.946657
0.943378
0.942869
0.943426
0.945061
0.947577
0.955786
0.967069
0.972488
0.974824
0.976298
0.977326
0.978262
0.974684
0.966747
0.963347
0.963548
0.965264
0.967174
0.970295
0.981284
0.99365
0.998728
1.00176
1.00436
1.00643
1.00728
1.00124
0.992759
0.988849
0.988174
0.988738
0.99005
0.992517
1.00099
1.0175
1.02813
1.0328
1.03591
1.03865
1.0389
1.03536
1.02829
1.02241
1.0201
1.02057
1.02237
1.02648
1.0362
1.04681
1.05383
1.05824
1.06128
1.06285
1.06203
1.05819
1.04788
1.03738
1.03354
1.03653
1.27166
1.7251
0.887278
0.889899
0.893693
0.901906
0.907276
0.909544
0.91062
0.911233
0.911698
0.911767
0.908894
0.906386
0.906093
0.906692
0.907756
0.909233
0.914286
0.923278
0.927971
0.930094
0.93156
0.932724
0.933801
0.933164
0.927919
0.925414
0.925958
0.927346
0.929004
0.931874
0.94098
0.949689
0.953016
0.954581
0.955276
0.955508
0.955697
0.952754
0.94724
0.945001
0.945262
0.946671
0.948548
0.951915
0.962791
0.972912
0.976764
0.978247
0.979135
0.980426
0.9812
0.975796
0.968978
0.967204
0.967292
0.968048
0.969668
0.973287
0.985833
0.99881
1.00465
1.00739
1.0096
1.01182
1.0121
1.00477
0.99597
0.992167
0.991158
0.991318
0.992699
0.99507
1.00362
1.01959
1.0308
1.0361
1.03927
1.04136
1.04225
1.04066
1.03423
1.02721
1.02327
1.02284
1.02438
1.02882
1.03918
1.0499
1.05665
1.06074
1.06336
1.06382
1.06244
1.05694
1.04448
1.03283
1.02568
1.26671
1.7248
0.890033
0.892536
0.894355
0.900878
0.908152
0.911258
0.912561
0.913455
0.914272
0.915139
0.9145
0.910544
0.90838
0.907982
0.908696
0.910038
0.913055
0.922185
0.929906
0.933244
0.935038
0.936291
0.937201
0.937515
0.933523
0.928781
0.928213
0.929475
0.931245
0.933096
0.93744
0.947536
0.953974
0.956147
0.956863
0.957383
0.958503
0.959158
0.95477
0.949685
0.948566
0.948989
0.949962
0.951498
0.955921
0.968506
0.977075
0.980116
0.98197
0.983329
0.98487
0.984522
0.976875
0.970373
0.968743
0.968959
0.969969
0.971945
0.976572
0.990475
1.00325
1.00867
1.01151
1.0138
1.01601
1.01585
1.00765
0.998521
0.994599
0.994227
0.995204
0.996473
0.99843
1.00498
1.0197
1.03207
1.03866
1.04265
1.04545
1.04634
1.04505
1.03814
1.02921
1.0243
1.02394
1.02587
1.03093
1.04222
1.05317
1.05926
1.06239
1.06386
1.06344
1.0617
1.05359
1.03766
1.02241
1.25693
1.72363
0.892568
0.895069
0.896401
0.899328
0.907115
0.912482
0.914678
0.916003
0.917073
0.918112
0.919116
0.915941
0.910307
0.908756
0.909555
0.911
0.913172
0.920567
0.931269
0.936248
0.938306
0.939468
0.939638
0.939573
0.938757
0.934318
0.93173
0.93212
0.933604
0.934819
0.936198
0.941213
0.951498
0.956709
0.958927
0.960546
0.962066
0.963472
0.963343
0.957084
0.952048
0.950756
0.950614
0.951689
0.953738
0.960756
0.974524
0.982122
0.984928
0.986786
0.988177
0.989414
0.986502
0.97715
0.971789
0.970779
0.971648
0.973455
0.975786
0.979927
0.993496
1.00681
1.01227
1.01442
1.01619
1.01874
1.01935
1.01314
1.00449
1.00008
0.998609
0.998203
0.998523
1.00024
1.00689
1.02167
1.03469
1.04163
1.04521
1.04728
1.04816
1.04691
1.03985
1.03112
1.02633
1.02546
1.02727
1.0327
1.04471
1.05492
1.05974
1.06234
1.06304
1.06276
1.06003
1.04654
1.02772
1.24517
1.72252
0.895159
0.896873
0.89767
0.899191
0.904614
0.913226
0.917299
0.919045
0.920171
0.92114
0.922213
0.920545
0.913251
0.910554
0.911376
0.912949
0.915088
0.919713
0.930096
0.937731
0.940346
0.941154
0.941175
0.941804
0.942842
0.941739
0.93702
0.935155
0.935005
0.9348
0.935564
0.937647
0.945623
0.956519
0.961667
0.964415
0.966058
0.967147
0.968239
0.96549
0.956947
0.952462
0.951975
0.952923
0.954545
0.956988
0.965957
0.979758
0.986039
0.988
0.988535
0.989471
0.991115
0.988654
0.980308
0.976031
0.975786
0.976982
0.97764
0.978598
0.981735
0.994305
1.00797
1.01429
1.01776
1.021
1.02381
1.02412
1.01755
1.00789
1.00188
1.00011
1.00046
1.00185
1.00415
1.00942
1.02308
1.03579
1.04253
1.04606
1.04834
1.04987
1.04946
1.04264
1.03274
1.02716
1.02605
1.02802
1.03391
1.04615
1.05529
1.05967
1.06242
1.06273
1.06236
1.05403
1.03873
1.23626
1.7222
0.897331
0.897873
0.898553
0.900001
0.903338
0.912789
0.91958
0.921941
0.923126
0.923879
0.923898
0.921573
0.916879
0.913832
0.914211
0.916095
0.918858
0.921298
0.926282
0.935451
0.940249
0.941919
0.943083
0.944326
0.945744
0.946798
0.943824
0.937911
0.935139
0.934426
0.935253
0.936899
0.940372
0.952114
0.963098
0.967347
0.969281
0.970317
0.970845
0.971094
0.965344
0.956928
0.954556
0.955374
0.957184
0.958645
0.960511
0.969195
0.982334
0.987919
0.990201
0.99245
0.994497
0.996338
0.993363
0.984911
0.980409
0.979145
0.978639
0.979248
0.980681
0.983516
0.995052
1.01062
1.01884
1.02203
1.02414
1.02539
1.02598
1.02224
1.01334
1.00673
1.00424
1.00382
1.00386
1.00557
1.0111
1.02509
1.03773
1.04446
1.04839
1.05124
1.05285
1.05162
1.04313
1.03307
1.02758
1.02668
1.02887
1.03498
1.04695
1.05546
1.05991
1.06174
1.06228
1.05813
1.04887
1.23313
1.72301
0.898905
0.898487
0.899492
0.900991
0.903442
0.911634
0.920718
0.923883
0.924829
0.92484
0.924045
0.923612
0.921659
0.918864
0.918312
0.919707
0.921581
0.922907
0.924316
0.929445
0.93871
0.943549
0.945859
0.947308
0.948497
0.949564
0.949778
0.943611
0.937187
0.935681
0.93646
0.938012
0.939916
0.945896
0.960201
0.968623
0.971031
0.971678
0.971861
0.9728
0.972719
0.965615
0.959347
0.958342
0.959004
0.959346
0.960168
0.962431
0.971844
0.985455
0.992416
0.995535
0.998162
1.00054
1.00205
0.998184
0.988698
0.98263
0.981051
0.981877
0.982766
0.98344
0.985261
0.994744
1.01005
1.01866
1.02258
1.02579
1.02895
1.03005
1.02688
1.01779
1.00923
1.00496
1.00419
1.00511
1.00726
1.01367
1.02848
1.04085
1.04711
1.05033
1.05217
1.05294
1.05176
1.04457
1.03423
1.02838
1.02743
1.02931
1.03512
1.04652
1.05477
1.05921
1.06102
1.06029
1.05588
1.23588
1.72518
0.901004
0.900001
0.901115
0.902759
0.904981
0.909936
0.918983
0.923783
0.924887
0.925
0.925432
0.926217
0.927125
0.925516
0.922682
0.922167
0.922525
0.922852
0.923769
0.925753
0.933445
0.943746
0.948102
0.949829
0.950757
0.951722
0.952753
0.95067
0.942161
0.938209
0.938519
0.940201
0.942291
0.944765
0.952561
0.965388
0.971002
0.972502
0.973511
0.974253
0.975301
0.974618
0.967411
0.961837
0.960294
0.960274
0.960923
0.962147
0.964126
0.973222
0.988123
0.996229
0.999528
1.00136
1.00355
1.00579
1.003
0.993942
0.987846
0.985668
0.98437
0.983941
0.984633
0.986339
0.994557
1.0108
1.02231
1.02716
1.02973
1.03119
1.03189
1.03024
1.02189
1.0125
1.00746
1.00611
1.0068
1.00912
1.01572
1.03061
1.0423
1.04801
1.05155
1.05422
1.05489
1.05338
1.04654
1.03498
1.02845
1.02743
1.02848
1.03359
1.04537
1.05428
1.05863
1.05949
1.0616
1.24313
1.72833
0.903915
0.902118
0.903241
0.905459
0.907253
0.908657
0.913342
0.921562
0.925447
0.927044
0.928381
0.930156
0.931576
0.932314
0.928933
0.924663
0.922902
0.922478
0.923397
0.925044
0.928693
0.940176
0.949243
0.95205
0.953392
0.954071
0.954449
0.954331
0.949052
0.942238
0.941053
0.942471
0.944544
0.946386
0.948284
0.955813
0.967701
0.973047
0.974783
0.975546
0.977183
0.979194
0.978658
0.971317
0.965094
0.963252
0.963098
0.963215
0.963659
0.965274
0.97411
0.989677
0.998006
1.00184
1.00548
1.00833
1.01018
1.00721
0.997443
0.989331
0.986019
0.985783
0.986252
0.987314
0.989231
0.995727
1.01109
1.0231
1.02836
1.03114
1.03326
1.03494
1.03426
1.02611
1.01518
1.00866
1.00681
1.00728
1.00969
1.01718
1.03312
1.0455
1.05176
1.05494
1.05604
1.05566
1.05411
1.04694
1.03505
1.02827
1.02662
1.02709
1.03243
1.04469
1.05371
1.05672
1.06449
1.25264
1.73191
0.908454
0.905589
0.905903
0.907382
0.907432
0.907821
0.909536
0.916016
0.925067
0.929862
0.932782
0.934391
0.935418
0.936445
0.935665
0.929017
0.924002
0.923061
0.924015
0.925653
0.927769
0.93453
0.947407
0.953655
0.955232
0.955555
0.955468
0.956055
0.955649
0.949814
0.94554
0.945365
0.946824
0.948101
0.94803
0.949319
0.95658
0.969039
0.97506
0.978061
0.980872
0.98303
0.984725
0.983163
0.974248
0.967194
0.964611
0.963825
0.964148
0.965319
0.967355
0.975841
0.992561
1.00309
1.00695
1.00899
1.01032
1.01145
1.01027
1.00279
0.994615
0.990832
0.989699
0.9896
0.989908
0.991218
0.996206
1.01126
1.02532
1.03221
1.03547
1.03694
1.03754
1.0363
1.02718
1.01503
1.0089
1.00758
1.0089
1.01177
1.01972
1.03572
1.04764
1.053
1.05477
1.05425
1.05414
1.05455
1.04819
1.03686
1.02956
1.02651
1.02572
1.03077
1.0431
1.05077
1.06404
1.26283
1.7351
0.913916
0.910212
0.907668
0.906853
0.906558
0.907522
0.909026
0.911603
0.920899
0.931293
0.935981
0.937886
0.938534
0.939161
0.939592
0.93481
0.926919
0.924749
0.925644
0.92741
0.929396
0.93175
0.939619
0.950816
0.954916
0.956022
0.956849
0.958234
0.96015
0.960042
0.954124
0.950044
0.949164
0.948299
0.947339
0.947909
0.949856
0.958768
0.973015
0.980685
0.98379
0.985953
0.98784
0.989316
0.986356
0.97604
0.968423
0.96638
0.967241
0.96899
0.970251
0.971508
0.977261
0.992432
1.00268
1.00702
1.01016
1.01337
1.01587
1.01567
1.00847
0.998577
0.992844
0.990724
0.990324
0.990762
0.992711
0.998399
1.01376
1.02785
1.03409
1.03621
1.03666
1.03727
1.03632
1.02808
1.01792
1.01276
1.01191
1.01264
1.01467
1.02081
1.03506
1.04619
1.05159
1.05414
1.05472
1.05551
1.05624
1.05074
1.03922
1.02958
1.02446
1.02236
1.02826
1.04059
1.05966
1.27226
1.73747
0.917293
0.916204
0.910669
0.907857
0.90762
0.908543
0.909967
0.91147
0.915688
0.928453
0.937269
0.940111
0.941243
0.941916
0.942609
0.940948
0.933092
0.92811
0.927898
0.929381
0.930934
0.932073
0.934005
0.942328
0.953057
0.957482
0.959461
0.961702
0.963512
0.964875
0.963385
0.956111
0.950362
0.948189
0.947647
0.948287
0.949684
0.951864
0.961871
0.977033
0.984114
0.986398
0.987451
0.989012
0.99099
0.989455
0.980854
0.974517
0.972711
0.972053
0.971485
0.971406
0.972193
0.976211
0.990319
1.00456
1.0118
1.01498
1.0175
1.01949
1.01889
1.01234
1.00215
0.995286
0.992762
0.992938
0.99492
0.997208
1.00132
1.01472
1.02819
1.03393
1.036
1.03757
1.03865
1.03877
1.03177
1.02198
1.01605
1.01373
1.013
1.01392
1.01902
1.03308
1.04615
1.05322
1.0557
1.05628
1.0574
1.0572
1.05155
1.03982
1.02749
1.0198
1.01842
1.02657
1.05134
1.27951
1.73882
0.918857
0.920161
0.917298
0.911461
0.909575
0.909901
0.911104
0.912401
0.914139
0.922229
0.935798
0.941157
0.942892
0.943867
0.944176
0.944275
0.940801
0.933078
0.930055
0.930097
0.931145
0.932408
0.933922
0.936092
0.944875
0.956403
0.961947
0.964284
0.965673
0.96698
0.968436
0.966127
0.956882
0.950818
0.949723
0.950647
0.95185
0.952691
0.954247
0.96384
0.978263
0.98467
0.987396
0.990655
0.993433
0.995514
0.994311
0.986543
0.97832
0.973855
0.97185
0.971238
0.97149
0.972376
0.976079
0.990775
1.0068
1.01433
1.01778
1.01995
1.02061
1.02129
1.01793
1.00797
1.00014
0.997291
0.996949
0.99708
0.998409
1.00291
1.01747
1.03087
1.03668
1.03896
1.04074
1.04212
1.04138
1.03517
1.02554
1.01759
1.01338
1.01228
1.01344
1.01802
1.03312
1.04859
1.05531
1.05616
1.05621
1.05679
1.05576
1.05177
1.04001
1.02405
1.01487
1.01494
1.03909
1.28251
1.73852
0.921191
0.922708
0.923324
0.917878
0.911615
0.910623
0.911656
0.913276
0.915106
0.918919
0.931385
0.941792
0.94456
0.945133
0.945162
0.945179
0.945204
0.941334
0.93484
0.932633
0.932802
0.934212
0.935367
0.936057
0.937776
0.946904
0.959365
0.96473
0.967192
0.969131
0.97098
0.97257
0.968661
0.958244
0.953437
0.952965
0.953232
0.953997
0.955
0.957068
0.96575
0.98031
0.988912
0.992581
0.995092
0.997592
0.999908
0.9994
0.991317
0.98118
0.975283
0.973088
0.973172
0.973801
0.974998
0.978016
0.989941
1.00607
1.0151
1.01909
1.02216
1.0244
1.02487
1.02221
1.01224
1.00221
0.997802
0.99751
0.998935
1.00115
1.00536
1.01908
1.0323
1.03827
1.04091
1.04228
1.04299
1.0428
1.03863
1.02791
1.01841
1.01421
1.01302
1.01354
1.01812
1.03411
1.04892
1.0538
1.0544
1.05502
1.05526
1.05552
1.05323
1.03974
1.02141
1.00963
1.02316
1.28008
1.73636
0.923999
0.925068
0.926113
0.924161
0.915694
0.91255
0.913266
0.915273
0.918247
0.921251
0.926318
0.937179
0.943337
0.944724
0.944707
0.945041
0.946661
0.948163
0.945525
0.939243
0.936718
0.936433
0.93598
0.935928
0.936944
0.939126
0.950471
0.964093
0.969332
0.971261
0.972968
0.974714
0.974951
0.968839
0.958604
0.955088
0.955496
0.956961
0.958791
0.960133
0.961435
0.966645
0.980436
0.990195
0.994847
0.997818
1.00034
1.00279
1.00298
0.995961
0.984986
0.97865
0.976551
0.976007
0.975744
0.976364
0.978806
0.989171
1.00671
1.01824
1.02303
1.02458
1.02512
1.02583
1.02471
1.01532
1.00515
1.00075
1.00014
0.999836
1.00122
1.00614
1.02074
1.03384
1.03969
1.04248
1.04413
1.0444
1.04406
1.03982
1.02948
1.02043
1.01562
1.01397
1.01406
1.01796
1.03348
1.04765
1.05222
1.05301
1.05433
1.05563
1.05681
1.05456
1.03986
1.01837
1.01035
1.27133
1.73352
0.926224
0.926943
0.927059
0.926754
0.922873
0.918045
0.917686
0.919795
0.922321
0.923667
0.924308
0.92694
0.936618
0.943082
0.945321
0.947411
0.949596
0.951705
0.952822
0.94849
0.940082
0.935847
0.935266
0.936225
0.937618
0.939585
0.94349
0.956423
0.968337
0.972286
0.973509
0.972729
0.972769
0.973696
0.971219
0.965098
0.962322
0.962238
0.962344
0.961722
0.961126
0.961556
0.965464
0.979291
0.991944
0.997916
1.00123
1.00406
1.00648
1.00622
0.999149
0.988137
0.980409
0.977158
0.976929
0.977466
0.978923
0.981022
0.988657
1.00613
1.01864
1.02325
1.02508
1.02609
1.02701
1.02683
1.01921
1.00703
1.00095
1.00007
1.00133
1.00369
1.00867
1.02313
1.03675
1.04261
1.04409
1.04396
1.04367
1.04405
1.04115
1.03303
1.02376
1.01728
1.01455
1.01408
1.01718
1.03092
1.045
1.05061
1.05265
1.05456
1.05703
1.05824
1.05488
1.03451
1.01298
1.25912
1.73165
0.927038
0.927829
0.928519
0.92966
0.930719
0.92732
0.923473
0.923218
0.923685
0.922686
0.922046
0.923064
0.927402
0.939289
0.947924
0.951266
0.953371
0.954772
0.956033
0.955505
0.948107
0.939261
0.937284
0.938463
0.941747
0.945061
0.946608
0.948099
0.955907
0.96529
0.968982
0.970824
0.973721
0.977429
0.980446
0.979176
0.9724
0.966915
0.963992
0.961474
0.960267
0.960747
0.961787
0.965526
0.979467
0.99424
1.00123
1.00435
1.00578
1.00631
1.00693
1.00363
0.993585
0.984646
0.98082
0.979876
0.979514
0.979556
0.981455
0.988772
1.00704
1.02122
1.02649
1.02785
1.02866
1.02925
1.02902
1.02141
1.01046
1.00539
1.00478
1.00608
1.00798
1.01139
1.02259
1.03496
1.0403
1.04238
1.04319
1.0445
1.04582
1.04446
1.03778
1.02654
1.0182
1.0145
1.01331
1.01516
1.02786
1.04258
1.04907
1.05271
1.05568
1.05844
1.05918
1.04806
1.02972
1.25019
1.73139
0.927601
0.93041
0.932235
0.933537
0.934887
0.934811
0.929645
0.924028
0.921454
0.920815
0.92159
0.923048
0.924792
0.931124
0.945214
0.952778
0.954863
0.955205
0.95405
0.954137
0.954589
0.95102
0.946001
0.945179
0.946567
0.947665
0.947229
0.944562
0.944863
0.951525
0.963047
0.971351
0.977013
0.982288
0.985846
0.987683
0.98572
0.976956
0.967845
0.962984
0.961997
0.962436
0.963387
0.964372
0.966749
0.977641
0.992297
1.00034
1.00432
1.00757
1.0098
1.01063
1.00848
0.99952
0.988433
0.982179
0.980232
0.98034
0.981991
0.98434
0.990228
1.00775
1.0226
1.0277
1.02849
1.02857
1.0295
1.03076
1.02562
1.01492
1.00878
1.00725
1.00696
1.00745
1.0102
1.0202
1.03322
1.04028
1.04316
1.04469
1.04696
1.04846
1.0472
1.04031
1.02705
1.01677
1.01205
1.01149
1.01347
1.02533
1.04081
1.04864
1.05319
1.05651
1.05921
1.05532
1.0445
1.24885
1.73309
0.927972
0.934055
0.935311
0.936328
0.937316
0.937856
0.936067
0.928005
0.92258
0.922007
0.923093
0.925332
0.928259
0.930096
0.934767
0.945684
0.951319
0.952761
0.953626
0.955402
0.959349
0.962222
0.959831
0.953291
0.949738
0.94755
0.944113
0.941491
0.941437
0.942602
0.949582
0.965265
0.977946
0.983907
0.98705
0.989477
0.99117
0.989426
0.979932
0.970762
0.967059
0.966036
0.965211
0.964475
0.964792
0.96625
0.975009
0.99226
1.00415
1.00899
1.0113
1.0125
1.01304
1.01194
1.00391
0.991798
0.984702
0.98288
0.983187
0.984008
0.985749
0.99083
1.00758
1.02196
1.02675
1.02892
1.03127
1.03261
1.03262
1.02819
1.01846
1.01098
1.00764
1.00732
1.00825
1.01002
1.01866
1.03303
1.04139
1.04426
1.04593
1.0479
1.0479
1.04715
1.04115
1.02731
1.01591
1.01084
1.0107
1.01172
1.0227
1.0384
1.04765
1.05283
1.05683
1.05749
1.05508
1.25522
1.73623
0.92426
0.934231
0.936383
0.936846
0.935344
0.934416
0.934785
0.93435
0.929533
0.927025
0.927674
0.929849
0.931078
0.930193
0.929328
0.932039
0.942525
0.950748
0.955197
0.960232
0.964958
0.967917
0.968855
0.964249
0.954711
0.94741
0.943756
0.942349
0.94257
0.943633
0.945606
0.952025
0.968797
0.981173
0.985907
0.988252
0.990255
0.992011
0.992042
0.986064
0.97647
0.96949
0.965886
0.965131
0.965249
0.966114
0.967942
0.975235
0.99257
1.00544
1.01072
1.01324
1.0135
1.01344
1.01384
1.0083
0.995892
0.987126
0.984163
0.984171
0.985483
0.987552
0.992189
1.00793
1.02327
1.02928
1.03042
1.03006
1.03144
1.03381
1.03271
1.02431
1.01559
1.01107
1.00903
1.00891
1.00979
1.01723
1.03136
1.03986
1.04317
1.04592
1.04708
1.04792
1.04836
1.04328
1.02876
1.01654
1.01106
1.009
1.00872
1.01881
1.03561
1.04684
1.05299
1.05584
1.06331
1.2657
1.73998
0.919688
0.923661
0.929016
0.932062
0.933116
0.933879
0.936249
0.939654
0.941091
0.936983
0.933279
0.932201
0.930187
0.927584
0.927096
0.927869
0.931485
0.944087
0.957163
0.964286
0.968078
0.970501
0.972361
0.97181
0.964998
0.953218
0.946744
0.945741
0.947006
0.948677
0.949384
0.949841
0.953572
0.967719
0.980378
0.986708
0.990792
0.994171
0.996521
0.997185
0.991549
0.979713
0.970871
0.967346
0.966756
0.967092
0.968202
0.970341
0.976276
0.991866
1.00597
1.01199
1.01391
1.01505
1.01546
1.01577
1.01202
1.00072
0.991586
0.98848
0.988441
0.989314
0.989902
0.992442
1.00509
1.01992
1.02614
1.02962
1.03357
1.03644
1.0386
1.03761
1.02846
1.01689
1.01046
1.00809
1.00736
1.00797
1.01482
1.02929
1.03891
1.04338
1.04696
1.04921
1.04935
1.04966
1.04436
1.02957
1.01584
1.00868
1.00626
1.00578
1.01548
1.03415
1.04759
1.0527
1.06767
1.27749
1.74391
0.914525
0.91247
0.915532
0.925449
0.932308
0.936578
0.941235
0.945706
0.948584
0.947795
0.940036
0.931669
0.927347
0.926341
0.927076
0.928164
0.930078
0.935945
0.952083
0.964532
0.968816
0.970307
0.969432
0.96914
0.969634
0.966677
0.958475
0.953558
0.952027
0.951101
0.94989
0.949712
0.950224
0.952843
0.965016
0.981351
0.991041
0.995121
0.997547
0.998617
0.998312
0.993887
0.983621
0.974222
0.96978
0.968748
0.969109
0.970531
0.972648
0.977194
0.991377
1.00686
1.01404
1.01578
1.01592
1.01662
1.01774
1.01679
1.00706
0.996627
0.991581
0.989449
0.988068
0.988484
0.991163
1.00342
1.0213
1.03195
1.03606
1.03813
1.03994
1.04146
1.03947
1.02933
1.01717
1.00956
1.00703
1.00691
1.00799
1.01445
1.02828
1.03905
1.04478
1.04776
1.04877
1.04921
1.04918
1.04374
1.03033
1.01683
1.00847
1.00356
1.00231
1.0135
1.03495
1.04608
1.0684
1.28967
1.74766
0.908648
0.908225
0.90939
0.915425
0.929717
0.941535
0.948111
0.951134
0.953293
0.953941
0.949421
0.935801
0.928525
0.927839
0.928943
0.932342
0.936478
0.939759
0.94397
0.954077
0.96213
0.965177
0.966782
0.969547
0.972738
0.974842
0.973162
0.965116
0.956998
0.952037
0.950336
0.950214
0.950528
0.951424
0.953635
0.964577
0.982045
0.99171
0.995594
0.997556
0.998318
0.99884
0.997518
0.98937
0.978886
0.972972
0.971306
0.971657
0.973626
0.975658
0.978583
0.989981
1.00621
1.01423
1.01718
1.01954
1.02007
1.02063
1.01943
1.00923
0.996827
0.990489
0.989174
0.990008
0.992134
0.994735
1.00461
1.02386
1.03446
1.03746
1.03832
1.03916
1.04032
1.03995
1.03277
1.02067
1.01239
1.00919
1.00843
1.01008
1.01344
1.0249
1.03732
1.04437
1.04761
1.048
1.04823
1.04799
1.04411
1.03194
1.01732
1.00595
1.00013
0.99907
1.01287
1.03283
1.06311
1.30136
1.75064
0.904123
0.905625
0.907456
0.910836
0.923777
0.943652
0.950788
0.953106
0.954089
0.952344
0.948216
0.942487
0.935683
0.933915
0.935868
0.938931
0.940485
0.94086
0.940375
0.940945
0.948138
0.959083
0.96678
0.971721
0.975335
0.97822
0.980018
0.978483
0.969405
0.959254
0.953988
0.952642
0.952673
0.953122
0.953739
0.955135
0.962151
0.97821
0.99048
0.996213
0.998947
1.00072
1.00141
1.00164
0.996175
0.984772
0.976917
0.974507
0.974531
0.974847
0.976778
0.980234
0.991298
1.00878
1.01732
1.01914
1.01925
1.01883
1.01809
1.0171
1.01131
1.00159
0.996726
0.995989
0.99669
0.997652
0.998693
1.00468
1.02054
1.03058
1.03459
1.0377
1.04053
1.0433
1.04317
1.03733
1.0249
1.01529
1.01104
1.00898
1.00806
1.01082
1.02383
1.03789
1.04545
1.04816
1.04887
1.04819
1.04814
1.0418
1.03217
1.01743
1.00339
0.996501
0.99641
1.01161
1.05098
1.31055
1.75235
0.903505
0.905531
0.909614
0.917299
0.927088
0.938981
0.948609
0.951617
0.950408
0.947519
0.947046
0.948197
0.948087
0.945962
0.944123
0.943414
0.942382
0.939566
0.936772
0.93656
0.937655
0.944778
0.959627
0.97066
0.975656
0.978456
0.980398
0.982053
0.981745
0.974897
0.96466
0.958193
0.955597
0.954435
0.953025
0.952347
0.953318
0.958641
0.975731
0.992317
1.00008
1.00298
1.00433
1.00463
1.00459
1.00039
0.98869
0.979541
0.976774
0.977157
0.97976
0.982009
0.983931
0.99093
1.0065
1.01437
1.01589
1.01612
1.01693
1.01944
1.02135
1.01838
1.00994
1.00352
1.00017
0.997831
0.99592
0.995887
0.999796
1.01463
1.0301
1.03818
1.04192
1.04529
1.04756
1.04673
1.04128
1.02715
1.01481
1.00901
1.00817
1.00881
1.01085
1.02404
1.03927
1.04674
1.0478
1.04741
1.04609
1.04351
1.04052
1.0336
1.01691
1.00127
0.99386
0.990751
1.03252
1.31464
1.752
0.906282
0.91019
0.919674
0.927682
0.930826
0.932795
0.936546
0.940956
0.943358
0.945044
0.948341
0.953583
0.957725
0.958095
0.954398
0.948781
0.943178
0.938347
0.935968
0.935919
0.936518
0.9378
0.944253
0.960475
0.972462
0.9778
0.981381
0.984418
0.986226
0.986415
0.980538
0.968816
0.959148
0.953813
0.95184
0.951509
0.952334
0.954341
0.960145
0.976241
0.99375
1.00191
1.00438
1.00433
1.00437
1.00503
1.00463
0.996268
0.986529
0.982874
0.98241
0.98132
0.980724
0.982154
0.989227
1.00446
1.01319
1.01649
1.01988
1.02311
1.02524
1.0265
1.02448
1.01674
1.00682
0.998765
0.994752
0.993526
0.993423
0.996054
1.01249
1.03153
1.04089
1.04502
1.0475
1.04777
1.0473
1.04253
1.02881
1.01677
1.01123
1.00939
1.00817
1.00952
1.02277
1.03887
1.04542
1.04604
1.04533
1.04495
1.04191
1.04066
1.03372
1.01514
0.998804
0.989479
1.00502
1.30967
1.74909
0.915634
0.921699
0.927884
0.930377
0.931212
0.929005
0.92425
0.925223
0.93204
0.941486
0.950309
0.958459
0.963896
0.966288
0.965448
0.958779
0.947903
0.93994
0.937034
0.936893
0.937403
0.93854
0.940193
0.945488
0.960987
0.97525
0.982331
0.98559
0.987653
0.988547
0.988276
0.98362
0.971379
0.959828
0.954346
0.953251
0.954201
0.956945
0.959025
0.961327
0.972226
0.990314
1.00019
1.00376
1.0074
1.00973
1.01056
1.01003
1.00137
0.988091
0.980773
0.979511
0.980007
0.981147
0.982893
0.988811
1.00425
1.01624
1.02148
1.02392
1.02584
1.02754
1.02918
1.02841
1.02
1.00677
0.99778
0.994239
0.993445
0.993677
0.997537
1.013
1.0313
1.0413
1.04593
1.0474
1.04694
1.04735
1.04426
1.03172
1.01909
1.01119
1.0073
1.00642
1.00809
1.02153
1.0385
1.04486
1.04502
1.04512
1.04239
1.04116
1.04073
1.03188
1.01215
0.993526
0.989804
1.29728
1.74485
0.931203
0.936308
0.936569
0.934512
0.928843
0.920528
0.916815
0.917371
0.920478
0.931675
0.949244
0.960431
0.965536
0.968573
0.970246
0.968686
0.958437
0.946483
0.94079
0.939665
0.939908
0.940594
0.941993
0.944392
0.947946
0.960845
0.975616
0.982555
0.985209
0.98605
0.986942
0.987723
0.987209
0.979182
0.967326
0.960701
0.95899
0.958336
0.95741
0.957941
0.960642
0.970882
0.992356
1.0065
1.0108
1.0118
1.01197
1.01234
1.01095
1.00154
0.988337
0.982788
0.982182
0.984023
0.986714
0.989499
0.992974
1.004
1.016
1.02135
1.02397
1.02566
1.02739
1.0294
1.02892
1.0221
1.01005
1.00101
0.996865
0.995987
0.996595
0.998568
1.00859
1.02769
1.04043
1.04576
1.04708
1.04831
1.0492
1.04708
1.03585
1.02186
1.01221
1.00689
1.00491
1.00692
1.02136
1.03797
1.04358
1.04391
1.04355
1.04076
1.04091
1.03999
1.0279
1.00438
0.989552
1.28089
1.7411
0.946302
0.94801
0.945501
0.93745
0.922958
0.914318
0.912958
0.913693
0.915315
0.920699
0.940473
0.959189
0.965812
0.968388
0.968317
0.966791
0.964678
0.959259
0.951277
0.946396
0.945049
0.945382
0.946578
0.946422
0.945935
0.947006
0.954022
0.968394
0.978973
0.984938
0.989202
0.991827
0.993373
0.993454
0.986113
0.971724
0.960843
0.957138
0.956996
0.958536
0.961716
0.96646
0.975751
0.995441
1.00793
1.01101
1.01095
1.00798
1.00701
1.00724
1.00454
0.997483
0.99184
0.990061
0.989739
0.989414
0.98958
0.99094
0.999401
1.01249
1.0204
1.02435
1.02692
1.02928
1.03059
1.03025
1.02621
1.01504
1.0046
0.999299
0.996685
0.995448
0.995592
1.00366
1.02433
1.04033
1.04716
1.04938
1.0508
1.05183
1.05078
1.03873
1.02302
1.01042
1.00503
1.00424
1.0067
1.02247
1.03829
1.04279
1.0433
1.04197
1.04054
1.04082
1.03685
1.01719
1.00079
1.2649
1.73873
0.956735
0.957659
0.95249
0.938485
0.921835
0.915151
0.914395
0.915149
0.918711
0.925241
0.933459
0.946436
0.957039
0.961337
0.963102
0.964593
0.966874
0.969363
0.969535
0.964508
0.957933
0.953292
0.949281
0.944589
0.941051
0.940078
0.94105
0.948394
0.969047
0.986265
0.993048
0.995796
0.996886
0.995871
0.993299
0.986864
0.97305
0.962918
0.960565
0.962519
0.967489
0.971303
0.973548
0.976744
0.988517
1.0006
1.00458
1.00521
1.0071
1.01102
1.014
1.01332
1.00637
0.997258
0.99158
0.988861
0.987623
0.987711
0.988808
0.995765
1.01074
1.02181
1.02657
1.02884
1.03104
1.03279
1.03318
1.03105
1.02014
1.00689
0.998648
0.994253
0.992958
0.993146
0.999963
1.02261
1.04207
1.04979
1.05247
1.05383
1.05481
1.05132
1.03804
1.02118
1.00888
1.00504
1.0054
1.01036
1.02525
1.03789
1.04083
1.04067
1.03912
1.03973
1.0402
1.02674
1.01485
1.25392
1.73792
0.961024
0.96309
0.956831
0.942123
0.928085
0.921078
0.920267
0.922018
0.926129
0.929027
0.93044
0.931741
0.936723
0.947304
0.957092
0.964572
0.972448
0.978108
0.980401
0.980377
0.973985
0.959806
0.946665
0.939516
0.937038
0.937174
0.939015
0.944274
0.956065
0.976946
0.991353
0.996174
0.997131
0.993761
0.989605
0.98886
0.987816
0.980568
0.973634
0.971664
0.972096
0.972822
0.971005
0.968855
0.970527
0.980699
0.995892
1.00565
1.01084
1.01475
1.01796
1.01996
1.01926
1.01099
0.999088
0.991532
0.9886
0.988645
0.989166
0.989788
0.994207
1.00836
1.02011
1.02597
1.02944
1.03242
1.03446
1.03598
1.03425
1.02255
1.00745
0.997325
0.992196
0.991472
0.992407
0.999631
1.02514
1.04557
1.05199
1.05308
1.05323
1.05033
1.04655
1.0377
1.02136
1.01004
1.00715
1.00797
1.01167
1.02375
1.03368
1.037
1.03786
1.03807
1.03981
1.03418
1.02583
1.24912
1.73823
0.960106
0.958934
0.949879
0.944796
0.93946
0.933692
0.930392
0.930087
0.930353
0.930586
0.927614
0.924758
0.925609
0.93018
0.94468
0.964869
0.97729
0.982554
0.98479
0.985363
0.982341
0.970736
0.951724
0.940057
0.937448
0.937862
0.941729
0.951831
0.960248
0.965408
0.97536
0.98555
0.989408
0.98966
0.989744
0.990824
0.993606
0.995788
0.992341
0.983514
0.976023
0.970899
0.967872
0.965957
0.965716
0.967438
0.976167
0.995102
1.00976
1.01597
1.01832
1.01946
1.02001
1.02029
1.01472
1.00369
0.99628
0.992962
0.990944
0.989524
0.988985
0.990869
1.00361
1.01895
1.02742
1.03222
1.0362
1.03715
1.0364
1.03449
1.02235
1.00622
0.996198
0.992712
0.99334
0.995612
1.0028
1.02601
1.04446
1.04918
1.04966
1.0503
1.0485
1.04556
1.03875
1.02293
1.01072
1.00717
1.00806
1.0106
1.0198
1.02954
1.03482
1.03665
1.03828
1.03654
1.03604
1.251
1.73973
0.951574
0.949897
0.94836
0.947972
0.947964
0.947069
0.943956
0.939327
0.934486
0.929042
0.924173
0.922376
0.923003
0.924461
0.930951
0.955259
0.976228
0.982775
0.984849
0.982916
0.974832
0.966436
0.959548
0.950467
0.945546
0.946369
0.952378
0.958659
0.961249
0.960976
0.959804
0.963907
0.976405
0.987357
0.992681
0.995712
0.999757
1.00207
1.00296
0.999023
0.986997
0.975428
0.968944
0.966694
0.96742
0.969702
0.971902
0.976986
0.994562
1.0094
1.01423
1.01662
1.01948
1.02285
1.02493
1.02116
1.0092
0.998081
0.991791
0.988089
0.985733
0.985468
0.988547
1.00447
1.02304
1.03229
1.036
1.03621
1.03535
1.03459
1.03288
1.02222
1.00899
1.00072
0.997306
0.996607
0.996821
1.00187
1.02266
1.04033
1.04632
1.04861
1.0497
1.04789
1.04627
1.03988
1.02342
1.01039
1.007
1.00727
1.00848
1.01618
1.02709
1.03349
1.03638
1.03595
1.04376
1.25724
1.74209
0.936923
0.941611
0.946143
0.950784
0.954055
0.956227
0.956264
0.952396
0.942877
0.931511
0.925241
0.923943
0.924625
0.927719
0.93622
0.946833
0.961243
0.971722
0.974374
0.972564
0.969547
0.967756
0.966997
0.966259
0.96478
0.964066
0.963806
0.962971
0.959837
0.954152
0.95134
0.952076
0.957253
0.973191
0.989508
0.997739
1.00106
1.00238
1.00285
1.00229
0.999259
0.99046
0.979573
0.973618
0.972262
0.971903
0.971736
0.97185
0.974742
0.989543
1.00524
1.0145
1.02089
1.02546
1.02837
1.02916
1.02379
1.00943
0.995834
0.988868
0.986475
0.986107
0.988013
0.993358
1.00588
1.02204
1.03092
1.03394
1.03356
1.0337
1.03432
1.03408
1.02754
1.01587
1.00483
0.998047
0.995755
0.995726
0.999706
1.01781
1.03633
1.04498
1.04905
1.04996
1.04743
1.04573
1.03913
1.02303
1.01077
1.00735
1.00669
1.0064
1.01373
1.0248
1.03219
1.03411
1.04828
1.26575
1.74467
0.919219
0.926456
0.938812
0.950231
0.958074
0.962526
0.964205
0.964397
0.958127
0.941772
0.931212
0.929421
0.930303
0.934468
0.939728
0.942593
0.944556
0.948447
0.954989
0.962234
0.967454
0.970282
0.974329
0.980112
0.983016
0.98208
0.97637
0.967196
0.957364
0.951061
0.949613
0.950829
0.952954
0.957374
0.973445
0.992112
0.999396
1.00054
1.00066
1.00145
1.00328
1.00342
0.997083
0.985361
0.976886
0.972479
0.970621
0.970583
0.970957
0.972782
0.986202
1.00754
1.02034
1.02483
1.02722
1.02758
1.02653
1.02279
1.01126
0.998705
0.992281
0.990383
0.991004
0.992519
0.993052
1.0004
1.01671
1.02816
1.03231
1.03455
1.03672
1.03877
1.03837
1.03078
1.0178
1.00433
0.996579
0.99458
0.994876
0.998859
1.01477
1.03499
1.04564
1.04879
1.04814
1.04592
1.04471
1.03828
1.02429
1.01327
1.00839
1.00498
1.00351
1.01074
1.02289
1.0286
1.05037
1.2752
1.74704
0.90826
0.913037
0.92411
0.945889
0.959549
0.964707
0.966994
0.967859
0.965648
0.956424
0.944663
0.938444
0.937095
0.93814
0.939464
0.938107
0.934251
0.933142
0.9363
0.945983
0.960404
0.972718
0.983343
0.991895
0.994361
0.994896
0.991287
0.978193
0.961598
0.952789
0.951074
0.952167
0.955205
0.957542
0.960389
0.972601
0.989863
0.997535
1.00002
1.00266
1.00544
1.00696
1.00656
1.0008
0.989023
0.979238
0.973735
0.972159
0.972674
0.973787
0.975649
0.986703
1.00612
1.01735
1.02201
1.02472
1.026
1.02675
1.02655
1.018
1.00462
0.996566
0.992562
0.989574
0.988562
0.989763
0.997364
1.0167
1.03184
1.0375
1.0396
1.04044
1.04084
1.03841
1.03071
1.01716
1.004
0.997509
0.996265
0.99683
0.999183
1.01395
1.03488
1.04515
1.0479
1.04705
1.0458
1.04378
1.03744
1.02693
1.01575
1.00693
1.00045
0.998534
1.00829
1.01924
1.04926
1.28487
1.74901
0.902433
0.906035
0.911732
0.93241
0.95676
0.965651
0.96838
0.968776
0.966799
0.965014
0.960283
0.952276
0.945829
0.941813
0.938869
0.935246
0.929875
0.927713
0.92854
0.93172
0.942279
0.965211
0.985875
0.994455
0.99649
0.996976
0.996185
0.988479
0.973415
0.961332
0.956261
0.955779
0.957227
0.95839
0.959477
0.961681
0.971788
0.988985
0.999107
1.00275
1.00454
1.00482
1.00489
1.00553
1.00373
0.995575
0.985667
0.979488
0.977156
0.976592
0.976386
0.97659
0.98268
1.00013
1.01584
1.02372
1.02784
1.03095
1.032
1.031
1.02269
1.00757
0.99601
0.990523
0.989518
0.990521
0.992851
0.999742
1.01915
1.03405
1.03858
1.03917
1.03888
1.03595
1.03335
1.02999
1.01934
1.00728
1.00167
1.00009
1.00011
1.00106
1.01292
1.03364
1.04495
1.04738
1.04621
1.04456
1.04214
1.03807
1.03066
1.01659
1.00273
0.994063
0.994001
1.00459
1.04358
1.29379
1.75014
0.901948
0.906856
0.916926
0.929075
0.943941
0.95802
0.964173
0.9657
0.965862
0.96581
0.965996
0.965338
0.960761
0.952523
0.943927
0.936151
0.930327
0.928205
0.928582
0.930296
0.933721
0.947378
0.975669
0.992157
0.996142
0.996516
0.993042
0.98935
0.985638
0.975813
0.965405
0.960412
0.959578
0.960985
0.963263
0.965128
0.966414
0.971396
0.985268
0.99615
0.999977
1.00215
1.00478
1.00715
1.00916
1.00872
1.00188
0.990262
0.981315
0.976972
0.975168
0.974684
0.974874
0.979625
0.997881
1.01689
1.02629
1.02998
1.031
1.03132
1.03168
1.02523
1.01016
0.999666
0.995804
0.99539
0.996323
0.997388
1.00041
1.01589
1.02994
1.03428
1.03511
1.03596
1.03538
1.0352
1.0335
1.02443
1.01367
1.00583
1.00104
0.998675
0.998411
1.00913
1.03136
1.04405
1.04606
1.0449
1.04399
1.0417
1.03984
1.03336
1.0148
0.996205
0.987432
0.987627
1.03192
1.30026
1.75014
0.907092
0.917645
0.928186
0.932586
0.934369
0.937615
0.945487
0.95496
0.961386
0.965976
0.970566
0.971947
0.97189
0.968845
0.9586
0.943841
0.93349
0.930104
0.929946
0.931952
0.936793
0.943163
0.955375
0.977064
0.988911
0.991163
0.989478
0.987412
0.985807
0.984327
0.980708
0.974237
0.969244
0.967806
0.967729
0.96672
0.965639
0.965904
0.968528
0.980145
0.994027
1.00233
1.00629
1.00846
1.0105
1.01167
1.01022
1.00408
0.992787
0.982986
0.977523
0.975487
0.97574
0.978006
0.980618
0.99309
1.01205
1.02297
1.02774
1.03002
1.03118
1.03218
1.03044
1.01986
1.00738
1.00023
0.996539
0.99347
0.992014
0.995798
1.01145
1.02628
1.0331
1.03719
1.03952
1.03879
1.03861
1.03692
1.02852
1.01508
1.00356
0.997787
0.9956
0.995083
1.00702
1.03263
1.04506
1.0461
1.04497
1.04297
1.04124
1.04112
1.03283
1.01014
0.989202
0.979213
1.0148
1.30039
1.7483
0.923142
0.930124
0.933445
0.934171
0.929793
0.926129
0.927341
0.935485
0.951912
0.965889
0.97254
0.975056
0.976011
0.976703
0.974342
0.958775
0.940656
0.933882
0.933085
0.935748
0.942399
0.947671
0.95083
0.955996
0.967569
0.977483
0.982237
0.98421
0.985483
0.98913
0.992293
0.991434
0.984648
0.975578
0.968824
0.965158
0.964499
0.965122
0.966009
0.968032
0.978901
0.995856
1.0045
1.00767
1.00912
1.00847
1.00772
1.0089
1.00817
0.999494
0.989156
0.983173
0.98034
0.97819
0.975659
0.975738
0.984516
1.00651
1.02289
1.02999
1.03406
1.03876
1.04132
1.03906
1.02495
1.00808
0.995795
0.989956
0.988785
0.989096
0.993667
1.00886
1.02652
1.03758
1.04195
1.04274
1.04152
1.04094
1.03792
1.02686
1.01182
1.00029
0.995386
0.994037
0.995577
1.01121
1.03515
1.04464
1.04459
1.04211
1.04002
1.0399
1.04071
1.02964
1.00517
0.983643
1.00125
1.293
1.74489
0.941405
0.939629
0.937008
0.931612
0.924073
0.92035
0.920297
0.922028
0.929494
0.951599
0.969741
0.975454
0.97677
0.977375
0.974842
0.968547
0.957122
0.947476
0.944686
0.946326
0.950285
0.95229
0.95212
0.948099
0.946486
0.953031
0.966949
0.979198
0.987281
0.993155
0.997702
0.999995
0.99913
0.990328
0.976319
0.968227
0.966629
0.967544
0.969444
0.972179
0.974193
0.978738
0.989187
0.997094
1.00116
1.0042
1.008
1.01205
1.01525
1.01623
1.01025
0.997429
0.985249
0.976716
0.972022
0.97061
0.971468
0.979745
1.00449
1.02707
1.0383
1.04389
1.046
1.04632
1.04188
1.02318
1.00243
0.991498
0.988727
0.989118
0.991689
0.996112
1.01108
1.03219
1.04235
1.04414
1.04263
1.04056
1.03798
1.03196
1.02322
1.01093
1.00067
0.996302
0.99528
1.00095
1.01537
1.03326
1.03964
1.03968
1.03672
1.03641
1.04003
1.04067
1.02691
0.999893
0.996022
1.28062
1.74218
0.961438
0.953366
0.941926
0.930351
0.921587
0.91783
0.917611
0.918423
0.920781
0.930758
0.955661
0.972121
0.975901
0.976216
0.97458
0.973072
0.970897
0.966292
0.961659
0.958934
0.957269
0.95489
0.948867
0.941622
0.93893
0.939697
0.945316
0.962686
0.983363
0.994161
0.997931
1.00005
1.00018
0.997865
0.990899
0.981746
0.976775
0.975829
0.976
0.975325
0.971465
0.967856
0.96892
0.977524
0.991165
1.00257
1.01101
1.01781
1.02198
1.02424
1.02404
1.01567
0.997223
0.980862
0.972961
0.970863
0.971781
0.974243
0.981551
1.00827
1.03471
1.04403
1.04544
1.04509
1.0413
1.0334
1.01793
1.00195
0.994798
0.994031
0.995477
0.998101
1.00198
1.01836
1.03659
1.04136
1.03986
1.03681
1.03401
1.03145
1.02941
1.02547
1.01486
1.00488
1.00021
1.00057
1.00218
1.01012
1.02569
1.03242
1.03411
1.03465
1.03945
1.04361
1.04236
1.01939
1.00489
1.26987
1.74125
0.976728
0.973639
0.954849
0.934347
0.921046
0.916696
0.916573
0.91759
0.921355
0.92735
0.937131
0.956679
0.970807
0.975344
0.976087
0.97537
0.976175
0.978767
0.978731
0.973364
0.965994
0.957697
0.948082
0.941627
0.939822
0.940346
0.941938
0.946881
0.965743
0.986327
0.99395
0.996001
0.997129
0.998953
1.00159
1.00058
0.99355
0.98603
0.980539
0.974398
0.966042
0.960566
0.959566
0.960907
0.971137
0.994071
1.01206
1.02035
1.02468
1.02667
1.02554
1.02252
1.01377
0.995762
0.981619
0.976362
0.976258
0.977883
0.980154
0.986468
1.01191
1.03486
1.04037
1.04041
1.03947
1.03679
1.0319
1.02023
1.00731
1.00118
1.00007
1.00139
1.00325
1.0063
1.01893
1.03032
1.03337
1.03334
1.03286
1.03214
1.0322
1.03307
1.03155
1.02054
1.00821
1.00021
0.997004
0.99544
1.00333
1.02003
1.02968
1.03533
1.04012
1.04533
1.04831
1.03639
1.02089
1.26413
1.74202
0.979793
0.978808
0.967261
0.943981
0.92408
0.918382
0.917939
0.920278
0.926746
0.932837
0.936381
0.940089
0.951373
0.964058
0.971401
0.975293
0.978816
0.982369
0.984788
0.985249
0.980786
0.968348
0.953951
0.945947
0.944298
0.945595
0.9481
0.950926
0.953806
0.963045
0.978482
0.988727
0.995346
1.00205
1.00821
1.01099
1.0103
1.00279
0.98914
0.974925
0.965455
0.960486
0.959151
0.959401
0.962154
0.976428
1.00292
1.01873
1.02441
1.02572
1.02281
1.02051
1.01968
1.01408
0.999906
0.987451
0.981383
0.980034
0.980862
0.982918
0.9878
1.01056
1.03115
1.03726
1.03816
1.03852
1.03823
1.03468
1.02494
1.0146
1.00865
1.00563
1.0036
1.00223
1.00273
1.00996
1.02253
1.0306
1.03322
1.03425
1.03596
1.03652
1.03698
1.0347
1.0216
1.00514
0.994189
0.991279
0.991479
0.999571
1.0189
1.03192
1.03916
1.04416
1.0488
1.04572
1.03582
1.2649
1.74458
0.978612
0.97381
0.960578
0.947572
0.93522
0.927016
0.925035
0.927412
0.933069
0.936921
0.938234
0.938695
0.939131
0.944058
0.956854
0.970476
0.978844
0.982201
0.983076
0.982526
0.980335
0.97717
0.969408
0.959544
0.95426
0.953093
0.953338
0.953134
0.951705
0.951818
0.956152
0.970359
0.988403
1.00171
1.00844
1.01207
1.01437
1.01492
1.00672
0.986279
0.970107
0.963034
0.961161
0.961811
0.966699
0.973775
0.984635
1.00416
1.01731
1.02131
1.02077
1.02059
1.02061
1.0203
1.01567
1.0033
0.990345
0.984487
0.983284
0.983436
0.984708
0.988975
1.00635
1.02573
1.03465
1.03768
1.0381
1.03737
1.03663
1.03209
1.0224
1.0122
1.00367
0.998585
0.996119
0.99597
1.00341
1.02021
1.03101
1.03468
1.03664
1.03828
1.03803
1.03789
1.03333
1.01673
0.998925
0.991336
0.990125
0.990087
0.999198
1.01974
1.03416
1.04056
1.04613
1.04659
1.04713
1.27158
1.74794
0.965273
0.961549
0.954913
0.951938
0.948669
0.943144
0.93924
0.938537
0.939553
0.940327
0.94042
0.938903
0.938211
0.939438
0.942051
0.951137
0.966784
0.976126
0.978888
0.979891
0.981272
0.982506
0.982304
0.977425
0.968579
0.961867
0.95775
0.954727
0.952654
0.951854
0.951705
0.953043
0.964021
0.987078
1.00268
1.00944
1.01288
1.0149
1.01424
1.00454
0.985527
0.97192
0.967034
0.966765
0.969889
0.974258
0.977469
0.984021
1.00035
1.01394
1.01955
1.02052
1.01932
1.0184
1.01754
1.01529
1.0082
0.997764
0.990962
0.987488
0.985746
0.984933
0.98692
0.999075
1.01853
1.03069
1.03605
1.03958
1.0417
1.04191
1.03823
1.02533
1.0083
0.997657
0.993793
0.99272
0.993489
1.00301
1.01981
1.03072
1.03536
1.03738
1.03688
1.03631
1.03595
1.02927
1.01279
0.999273
0.992617
0.989908
0.988962
0.998436
1.01991
1.03359
1.04057
1.04454
1.05395
1.28109
1.75127
0.934305
0.939088
0.946022
0.950191
0.954177
0.958567
0.959281
0.95635
0.951816
0.948089
0.94529
0.943103
0.942377
0.941455
0.939441
0.93845
0.941989
0.95652
0.970357
0.977248
0.98151
0.98553
0.988553
0.989127
0.985841
0.978039
0.969448
0.962439
0.957464
0.953474
0.95022
0.949126
0.949833
0.960018
0.988119
1.00652
1.01275
1.01545
1.01597
1.01282
1.00298
0.986614
0.975718
0.972275
0.973149
0.976553
0.979144
0.980225
0.981648
0.991091
1.00651
1.01414
1.01593
1.01693
1.01928
1.02179
1.022
1.01587
1.00419
0.99297
0.986021
0.983321
0.982987
0.98427
0.992137
1.01285
1.03216
1.04059
1.04308
1.04423
1.04472
1.03887
1.02162
1.00441
0.995889
0.993243
0.993541
0.997151
1.00287
1.01704
1.02912
1.03425
1.03496
1.035
1.03597
1.03537
1.02674
1.01221
0.998232
0.991103
0.987558
0.986423
0.999363
1.02135
1.03404
1.04017
1.05808
1.29036
1.75427
0.908765
0.915401
0.930117
0.945906
0.95751
0.966798
0.97361
0.975944
0.973167
0.964797
0.955613
0.949318
0.945064
0.939983
0.935272
0.93291
0.933134
0.936437
0.950954
0.96978
0.980952
0.986283
0.99007
0.993721
0.996202
0.995485
0.988834
0.975738
0.961592
0.951362
0.94685
0.946131
0.946751
0.950477
0.965118
0.992716
1.00906
1.01443
1.01431
1.00983
1.007
1.00381
0.994854
0.987096
0.98368
0.982592
0.981572
0.976732
0.972094
0.972665
0.982915
1.00158
1.01332
1.01904
1.02386
1.02655
1.02724
1.02626
1.01988
1.00594
0.992636
0.98551
0.983165
0.983056
0.984374
0.989435
1.01244
1.03425
1.04053
1.04177
1.04239
1.04249
1.0367
1.02151
1.00662
0.999267
0.996871
0.996618
0.996254
0.999552
1.01532
1.02744
1.03312
1.03563
1.0368
1.03713
1.03364
1.02366
1.00997
0.997443
0.988858
0.983312
0.984007
1.00266
1.02438
1.03411
1.0601
1.2983
1.75638
0.897862
0.899919
0.906376
0.924998
0.951063
0.970405
0.981748
0.987392
0.989587
0.986659
0.974209
0.956873
0.943159
0.935437
0.93225
0.932009
0.933007
0.934717
0.937971
0.949736
0.969344
0.983211
0.991265
0.997472
1.00125
1.00322
1.00234
0.993436
0.970614
0.953468
0.947865
0.947264
0.948981
0.955583
0.96287
0.969983
0.986379
1.00077
1.00605
1.00729
1.00956
1.01304
1.01427
1.00826
0.997124
0.987648
0.979103
0.970936
0.966306
0.966052
0.968378
0.979262
1.00204
1.01933
1.02545
1.02678
1.02706
1.02522
1.02382
1.02105
1.0095
0.99709
0.989872
0.986792
0.985631
0.985429
0.989016
1.01173
1.03113
1.0373
1.04017
1.0428
1.04262
1.03719
1.02437
1.01009
1.0016
0.99731
0.995429
0.993503
0.9976
1.0157
1.02894
1.03488
1.0375
1.03842
1.03623
1.02931
1.02101
1.00837
0.9941
0.984125
0.979441
0.984662
1.00996
1.02644
1.05991
1.3039
1.75715
0.897053
0.898797
0.90147
0.906155
0.929445
0.967315
0.985348
0.990723
0.993429
0.993401
0.988773
0.972376
0.948819
0.937149
0.934205
0.934186
0.93568
0.937637
0.938832
0.940418
0.94765
0.970088
0.990782
0.999039
1.00234
1.0037
1.00163
0.99299
0.982265
0.967576
0.957757
0.955301
0.957351
0.961637
0.963354
0.96205
0.962743
0.973348
0.993497
1.00788
1.01519
1.02172
1.0248
1.02465
1.01623
0.999023
0.981518
0.970219
0.966537
0.966806
0.96905
0.972777
0.983948
1.00818
1.02193
1.02409
1.02331
1.02182
1.02382
1.02695
1.02675
1.01694
1.00167
0.991142
0.986426
0.9836
0.982391
0.986287
1.01078
1.0324
1.04048
1.04387
1.04517
1.04409
1.03965
1.02722
1.01241
1.00228
0.995601
0.989875
0.987508
0.998064
1.01933
1.03262
1.03944
1.04063
1.03842
1.03211
1.02513
1.01842
1.00491
0.990355
0.981074
0.97836
0.990013
1.01407
1.05556
1.30863
1.75669
0.899025
0.901945
0.905879
0.90981
0.920007
0.947485
0.979137
0.989707
0.992652
0.991014
0.981803
0.971209
0.961467
0.949969
0.943091
0.94058
0.940113
0.939733
0.939609
0.940227
0.94355
0.954491
0.977842
0.994097
0.999426
0.999089
0.992129
0.986225
0.985456
0.984783
0.979119
0.972341
0.968385
0.966044
0.962289
0.957054
0.954552
0.955888
0.966022
0.992087
1.01388
1.0236
1.02676
1.02705
1.0264
1.01635
0.993094
0.976698
0.971769
0.972514
0.97603
0.979304
0.98247
0.989056
1.00467
1.01493
1.01896
1.0235
1.02814
1.03107
1.0329
1.03098
1.0169
0.997114
0.985232
0.981047
0.979198
0.979493
0.989476
1.01555
1.03542
1.04344
1.0471
1.04697
1.04525
1.04113
1.02808
1.01011
0.996685
0.988861
0.986956
0.988913
1.00564
1.02745
1.0388
1.04069
1.03878
1.03336
1.02547
1.02097
1.01696
1.00435
0.990754
0.981289
0.978711
0.988771
1.041
1.31484
1.75541
0.906307
0.908187
0.911062
0.917962
0.930504
0.942305
0.957536
0.972868
0.978159
0.976015
0.973924
0.973193
0.97181
0.967908
0.95853
0.948115
0.942033
0.941124
0.942105
0.946048
0.95342
0.959064
0.962966
0.972017
0.981249
0.985047
0.985645
0.98655
0.988781
0.993158
0.995294
0.992902
0.983874
0.973376
0.963693
0.956755
0.954579
0.955557
0.95831
0.966005
0.992057
1.01569
1.02262
1.02312
1.02157
1.01915
1.01207
0.996329
0.985031
0.981648
0.981806
0.98204
0.981103
0.981163
0.984956
0.997691
1.01432
1.02624
1.03101
1.03324
1.03465
1.03412
1.02638
1.0086
0.991554
0.983068
0.980424
0.980703
0.98673
0.998032
1.01725
1.03577
1.04475
1.04695
1.04495
1.0437
1.04042
1.02532
1.00654
0.995486
0.993127
0.994201
0.997562
1.0125
1.03049
1.03743
1.03621
1.03152
1.02572
1.02304
1.02346
1.02068
1.00962
0.993695
0.980795
0.97034
1.00408
1.31912
1.75272
0.916961
0.917155
0.92232
0.933941
0.941206
0.943195
0.943536
0.943124
0.947073
0.95692
0.967376
0.972688
0.975111
0.976112
0.97416
0.965661
0.955048
0.950992
0.952172
0.955878
0.958977
0.959959
0.957462
0.952062
0.952487
0.962238
0.976719
0.986542
0.992831
0.999991
1.00347
1.00417
1.00172
0.990445
0.974596
0.962976
0.958457
0.958018
0.958593
0.95929
0.963346
0.987006
1.01164
1.0188
1.01961
1.02118
1.02247
1.01809
1.00393
0.992372
0.986334
0.982453
0.979932
0.979336
0.980119
0.982536
0.997304
1.02041
1.03023
1.03245
1.03248
1.0297
1.02383
1.01802
1.00687
0.994418
0.988638
0.988489
0.993014
0.995376
0.996633
1.01172
1.03196
1.04158
1.04277
1.04089
1.04004
1.03739
1.02583
1.01164
1.00309
1.00023
0.99993
1.00089
1.01076
1.0259
1.03016
1.02849
1.02614
1.02726
1.02829
1.02888
1.02693
1.01273
0.989931
0.972023
0.972864
1.3113
1.74862
0.936888
0.936491
0.94277
0.947241
0.948022
0.945856
0.934307
0.924046
0.923151
0.93011
0.949334
0.966536
0.973643
0.977435
0.980494
0.981371
0.97755
0.970953
0.966684
0.964859
0.963065
0.957762
0.947059
0.940174
0.939664
0.94274
0.955165
0.976575
0.993308
1.00272
1.00712
1.00828
1.00898
1.00715
0.995412
0.977843
0.96531
0.959376
0.95699
0.956481
0.95749
0.961496
0.98346
1.00981
1.02023
1.02235
1.02345
1.0243
1.02214
1.01209
0.998749
0.98815
0.982185
0.980728
0.981813
0.983242
0.985794
1.00022
1.01811
1.0243
1.02551
1.02502
1.0227
1.02117
1.01954
1.01282
1.00402
0.9997
0.998566
0.995606
0.991908
0.991901
1.00528
1.02829
1.03891
1.03999
1.04032
1.04138
1.04253
1.03286
1.01753
1.00898
1.00441
0.999688
0.997596
1.00656
1.01988
1.0245
1.0271
1.03076
1.03199
1.03191
1.0323
1.02609
1.00442
0.978317
0.972172
1.29814
1.74589
0.958991
0.961165
0.959705
0.957378
0.952423
0.942323
0.926573
0.916354
0.913981
0.914683
0.921449
0.944615
0.966584
0.976622
0.982035
0.988294
0.994657
0.995757
0.989409
0.978468
0.965626
0.949342
0.937479
0.93407
0.934387
0.936013
0.939741
0.954541
0.983971
1.00266
1.00851
1.01027
1.01134
1.01196
1.0092
0.997746
0.978871
0.964255
0.958204
0.957458
0.958566
0.960492
0.963999
0.979818
1.005
1.01774
1.02226
1.02584
1.02854
1.0282
1.01916
1.00199
0.989045
0.984076
0.983289
0.983346
0.983411
0.984595
0.995996
1.01173
1.02005
1.02319
1.02479
1.02462
1.02572
1.02724
1.02435
1.01627
1.00698
0.997083
0.988863
0.984466
0.984146
1.00069
1.02784
1.03936
1.04306
1.04728
1.05038
1.0475
1.03315
1.01929
1.00746
0.99796
0.993708
0.994183
1.0057
1.02018
1.02926
1.03258
1.03391
1.03305
1.03422
1.03178
1.01729
0.990521
0.984008
1.28357
1.74488
0.976582
0.980131
0.977755
0.972009
0.96036
0.942619
0.925188
0.915908
0.913597
0.913856
0.915994
0.921375
0.938519
0.961487
0.979445
0.996612
1.00742
1.01045
1.00957
0.997116
0.97033
0.947437
0.936823
0.933845
0.933981
0.936172
0.940255
0.946012
0.961913
0.991134
1.00717
1.0115
1.01268
1.01258
1.00982
1.00488
0.995544
0.980113
0.968342
0.963746
0.962973
0.962904
0.962942
0.964215
0.974566
1.00108
1.02037
1.02719
1.02954
1.03074
1.03028
1.02168
1.00408
0.99091
0.984632
0.982201
0.981719
0.981519
0.982112
0.991271
1.00884
1.02038
1.0249
1.02714
1.03009
1.03318
1.03462
1.0307
1.01804
1.00274
0.988595
0.979057
0.976357
0.978773
1.00362
1.03332
1.04611
1.05118
1.05332
1.05237
1.04436
1.02907
1.01345
0.999842
0.992509
0.991338
0.995682
1.01188
1.02833
1.03305
1.0335
1.03143
1.03178
1.03167
1.02589
1.00541
0.999765
1.27088
1.74542
0.984132
0.990379
0.991556
0.989422
0.977051
0.949747
0.928183
0.918658
0.915526
0.915339
0.916635
0.918401
0.920963
0.93335
0.971474
1.00071
1.00949
1.01211
1.01164
1.00228
0.98017
0.956109
0.942568
0.937932
0.937576
0.939612
0.943437
0.948319
0.954887
0.969784
0.99537
1.00799
1.01074
1.00864
1.00329
1.00117
1.00088
0.998168
0.987851
0.975068
0.966603
0.962586
0.962232
0.963425
0.96527
0.974209
1.0028
1.023
1.02863
1.03026
1.03038
1.02943
1.02249
1.00671
0.993522
0.986456
0.983332
0.981757
0.981464
0.981885
0.988561
1.0067
1.02085
1.0285
1.03396
1.03756
1.03899
1.03808
1.0293
1.01066
0.990248
0.977839
0.974943
0.975448
0.983683
1.01678
1.04344
1.05085
1.05267
1.05118
1.04445
1.0373
1.02607
1.00919
0.99645
0.992932
0.994419
1.00144
1.01758
1.02797
1.03003
1.02994
1.03056
1.0317
1.03035
1.01772
1.01029
1.26458
1.74716
0.985391
0.99132
0.992287
0.987458
0.97298
0.956292
0.940173
0.928618
0.922191
0.918801
0.91776
0.918368
0.922064
0.935409
0.957538
0.986824
1.00251
1.00569
1.00157
0.993686
0.986469
0.974712
0.95922
0.948701
0.94478
0.944721
0.947317
0.95385
0.961528
0.967271
0.973821
0.986904
0.996519
0.999475
1.00009
1.00138
1.00339
1.00456
1.0029
0.992261
0.976994
0.967893
0.966032
0.967696
0.971193
0.974767
0.979459
0.999387
1.01766
1.02389
1.02553
1.02653
1.02817
1.02628
1.01399
0.999391
0.99014
0.985269
0.982394
0.98067
0.980389
0.986298
1.00717
1.02615
1.03471
1.03862
1.04011
1.04008
1.03561
1.01899
0.997287
0.983412
0.979223
0.980683
0.985028
0.996774
1.02453
1.04229
1.04591
1.04561
1.04239
1.04089
1.03786
1.0263
1.00622
0.993162
0.990491
0.992924
1.00052
1.01493
1.02495
1.02905
1.02952
1.0308
1.03168
1.02359
1.01745
1.26165
1.74788
0.973156
0.984732
0.984035
0.978018
0.970227
0.963868
0.956584
0.945706
0.933993
0.926112
0.923566
0.925411
0.936699
0.948512
0.953141
0.957934
0.97034
0.98239
0.988237
0.990095
0.990716
0.99042
0.982073
0.966532
0.956848
0.954419
0.956604
0.961963
0.9658
0.966952
0.963779
0.962481
0.970689
0.987617
0.999362
1.00293
1.00392
1.00434
1.0041
1.00309
0.996671
0.985428
0.978845
0.977072
0.976532
0.974108
0.971361
0.972543
0.98816
1.00986
1.02139
1.02779
1.03202
1.03384
1.03227
1.02011
1.00215
0.989317
0.982503
0.979257
0.978188
0.979249
0.987602
1.01266
1.03116
1.03727
1.03844
1.03601
1.03169
1.0238
1.00995
0.996391
0.989329
0.987791
0.988472
0.990444
0.997062
1.01927
1.03529
1.0406
1.04362
1.04365
1.04125
1.03663
1.02293
0.99955
0.988379
0.988188
0.991646
0.998471
1.01393
1.02429
1.02737
1.02783
1.02841
1.02301
1.02091
1.26055
1.74706
0.945538
0.962034
0.967814
0.969662
0.969943
0.969979
0.969586
0.964675
0.952513
0.941697
0.938391
0.942319
0.949162
0.951924
0.951266
0.943741
0.939239
0.945873
0.967202
0.985945
0.992349
0.993035
0.992967
0.988781
0.980171
0.973497
0.970611
0.969757
0.968584
0.962994
0.955365
0.953119
0.95481
0.963684
0.984641
0.998187
1.00122
1.0017
1.0025
1.00542
1.00974
1.00985
1.00127
0.989534
0.979531
0.970824
0.965057
0.963522
0.964881
0.981233
1.01143
1.02784
1.03279
1.03527
1.03691
1.0363
1.02329
1.00168
0.987472
0.981427
0.979955
0.980766
0.983004
0.992436
1.01622
1.03037
1.03347
1.03271
1.03099
1.02742
1.02107
1.01229
1.00266
0.995484
0.991486
0.988957
0.988618
0.993467
1.01425
1.03393
1.04231
1.04443
1.04294
1.03933
1.0344
1.01442
0.992637
0.98769
0.990178
0.995045
1.00362
1.01645
1.02183
1.02208
1.02196
1.01713
1.021
1.26072
1.74629
0.929062
0.92904
0.938363
0.955839
0.9673
0.971091
0.97199
0.971564
0.969333
0.965989
0.965144
0.964874
0.961828
0.954985
0.943183
0.929929
0.923725
0.924028
0.93213
0.959173
0.983008
0.991613
0.996118
1.00174
1.00389
0.999462
0.988895
0.978419
0.968198
0.957934
0.95246
0.951422
0.952106
0.953345
0.959198
0.978597
0.993538
0.999216
1.00424
1.01218
1.01802
1.02029
1.01816
1.0058
0.986303
0.970982
0.964438
0.963021
0.963223
0.96497
0.983071
1.01518
1.03031
1.03504
1.0374
1.03881
1.03698
1.02291
1.00119
0.988626
0.984195
0.983564
0.983971
0.984335
0.993071
1.01498
1.0272
1.03017
1.03078
1.0303
1.02827
1.02418
1.01641
1.00652
0.997392
0.990339
0.987974
0.988275
0.99386
1.01607
1.03579
1.04109
1.04122
1.03845
1.03494
1.0249
1.00426
0.993587
0.993523
0.996711
1.00029
1.00942
1.01441
1.01476
1.01377
1.00968
1.01852
1.26619
1.74749
0.918149
0.91631
0.917771
0.929568
0.951724
0.9655
0.969829
0.972475
0.980891
0.988903
0.989926
0.985288
0.975382
0.957919
0.937546
0.924223
0.919755
0.919939
0.921849
0.92799
0.951244
0.980546
0.999628
1.01137
1.01697
1.01797
1.01207
0.993717
0.972869
0.959549
0.953967
0.952583
0.952529
0.95184
0.951849
0.955267
0.971931
0.993952
1.00969
1.01837
1.02211
1.02355
1.02291
1.01778
1.00094
0.98003
0.968599
0.964904
0.964581
0.965575
0.968891
0.987613
1.0187
1.03343
1.03771
1.03983
1.0401
1.03643
1.02068
1.00019
0.988959
0.98442
0.98262
0.982142
0.983066
0.993563
1.01511
1.02658
1.03011
1.0319
1.03226
1.03063
1.026
1.01916
1.00941
0.998162
0.99199
0.99081
0.991696
0.997465
1.01948
1.0339
1.03679
1.03661
1.03501
1.03006
1.01854
1.00644
1.00137
1.00168
1.00234
1.00544
1.00709
1.00523
1.00383
1.00206
1.01803
1.27747
1.74934
0.914266
0.911996
0.912083
0.913938
0.921312
0.941284
0.960463
0.977617
0.995444
1.00341
1.00475
1.00279
0.993812
0.969274
0.940148
0.925349
0.920818
0.920743
0.922671
0.925664
0.93015
0.950716
0.991606
1.01363
1.01838
1.01944
1.01897
1.01017
0.987871
0.968869
0.959458
0.955318
0.952176
0.950303
0.950729
0.951753
0.95535
0.977822
1.00872
1.01923
1.02216
1.02182
1.01823
1.01411
1.00947
0.997497
0.98096
0.971419
0.968244
0.968104
0.968909
0.972266
0.993006
1.02326
1.03577
1.03896
1.03868
1.03694
1.03254
1.01795
1.00109
0.991066
0.986046
0.984182
0.984014
0.985314
0.995781
1.01632
1.02718
1.03051
1.03196
1.03148
1.0304
1.02906
1.02451
1.01235
0.999881
0.993918
0.9918
0.99092
0.996428
1.01551
1.02836
1.03456
1.03719
1.03715
1.03206
1.0232
1.01526
1.01022
1.00744
1.00511
0.998898
0.992914
0.992911
0.995278
1.02579
1.29298
1.75161
0.914776
0.911744
0.910779
0.910451
0.911258
0.915557
0.935232
0.975656
0.999394
1.00496
1.00603
1.0039
0.989282
0.969988
0.952881
0.937988
0.93022
0.928093
0.928442
0.930392
0.933627
0.940178
0.963055
0.999534
1.01376
1.01597
1.01449
1.01095
1.00466
0.987915
0.969486
0.957372
0.952294
0.951463
0.952045
0.954272
0.961831
0.974042
0.992263
1.00871
1.01406
1.01391
1.01247
1.01198
1.01222
1.01043
0.99885
0.982294
0.973348
0.971015
0.971984
0.97613
0.981739
0.996919
1.01951
1.02985
1.03232
1.03295
1.03334
1.03203
1.02157
1.00536
0.993809
0.988009
0.985931
0.985804
0.986906
0.997993
1.01691
1.02649
1.03002
1.03274
1.03464
1.03409
1.03224
1.02701
1.01358
0.999899
0.991604
0.987764
0.986599
0.991597
1.01048
1.02873
1.03932
1.04221
1.04136
1.03579
1.02924
1.02295
1.01522
1.00531
0.991618
0.980652
0.98115
0.992175
1.04202
1.31277
1.75567
0.919621
0.912246
0.909187
0.909313
0.910726
0.91489
0.929594
0.96068
0.990819
1.00086
1.00162
0.993447
0.980623
0.972825
0.966648
0.95763
0.9462
0.937835
0.934933
0.935453
0.93997
0.946718
0.952774
0.965845
0.990622
1.00447
1.00814
1.00866
1.00772
1.0036
0.988465
0.969462
0.958699
0.956481
0.958084
0.964533
0.972768
0.97573
0.976347
0.982044
0.995184
1.00466
1.0088
1.01086
1.01243
1.01269
1.01079
1.00077
0.988659
0.982451
0.981321
0.981461
0.980847
0.979757
0.987364
1.00965
1.0246
1.03071
1.0348
1.03727
1.03665
1.02474
1.00534
0.992493
0.987488
0.986692
0.987496
0.989249
0.998446
1.01602
1.02734
1.03319
1.03591
1.03599
1.03521
1.03329
1.02718
1.01129
0.994872
0.986583
0.983769
0.983451
0.987779
1.0082
1.03284
1.04405
1.04523
1.04247
1.03749
1.03418
1.02872
1.01412
0.993316
0.977261
0.972832
0.981894
1.04393
1.32213
1.75801
0.927056
0.912531
0.910579
0.911065
0.915502
0.929741
0.941593
0.948165
0.960902
0.975946
0.981843
0.981452
0.979475
0.977041
0.975627
0.972749
0.96486
0.954197
0.948228
0.947447
0.950265
0.952644
0.953157
0.951978
0.955101
0.973991
0.994187
1.00293
1.00511
1.00518
1.0036
0.990652
0.974222
0.96817
0.969449
0.975021
0.977617
0.976237
0.968548
0.965212
0.969443
0.986836
1.00176
1.00746
1.0097
1.01111
1.01316
1.01546
1.01289
1.00222
0.991655
0.983698
0.976394
0.971145
0.970748
0.980011
1.00741
1.02771
1.03512
1.03743
1.03809
1.03699
1.02457
1.00565
0.994494
0.990752
0.990144
0.989636
0.989678
0.995897
1.01278
1.02704
1.03427
1.03734
1.03687
1.03483
1.03219
1.02459
1.00538
0.990123
0.984333
0.982813
0.983003
0.988454
1.01406
1.03957
1.04495
1.04284
1.0394
1.03773
1.03697
1.02882
1.00676
0.985316
0.974183
0.968452
1.02243
1.32528
1.75708
0.941874
0.921221
0.918841
0.921666
0.931972
0.943045
0.946771
0.947098
0.943852
0.942132
0.94971
0.965591
0.975672
0.977697
0.977591
0.977377
0.977057
0.975668
0.972253
0.967476
0.962768
0.958216
0.952859
0.947181
0.943648
0.944877
0.960246
0.985576
0.998528
1.00218
1.00257
1.00194
0.999221
0.993934
0.989846
0.986765
0.981298
0.97082
0.961113
0.956779
0.956643
0.962877
0.983408
0.999264
1.006
1.01208
1.01936
1.02425
1.02553
1.02061
1.00551
0.988032
0.975027
0.968693
0.967179
0.968161
0.978893
1.00979
1.02999
1.03564
1.03746
1.03856
1.03861
1.02835
1.00966
0.997634
0.991893
0.987944
0.986286
0.987206
0.99383
1.01336
1.0311
1.03725
1.03808
1.03583
1.03358
1.03137
1.0206
1.00121
0.989994
0.986448
0.986124
0.987458
0.997575
1.02515
1.04047
1.04098
1.03779
1.03591
1.03653
1.03484
1.02291
1.00122
0.980831
0.966187
1.00138
1.31863
1.75379
0.964579
0.94603
0.939321
0.939233
0.942776
0.945607
0.946386
0.942906
0.933676
0.92814
0.928793
0.938017
0.959198
0.97246
0.976241
0.978776
0.985131
0.991216
0.992554
0.987633
0.977016
0.96546
0.955232
0.946738
0.940927
0.937692
0.93777
0.948331
0.974369
0.99159
1.00018
1.01086
1.0196
1.0207
1.01322
0.998765
0.981613
0.967098
0.957371
0.952371
0.951442
0.952162
0.959062
0.981417
1.00321
1.01679
1.02571
1.02956
1.03068
1.03033
1.02179
0.999987
0.979488
0.969717
0.967396
0.967911
0.969506
0.980383
1.01149
1.03156
1.03881
1.04267
1.04362
1.04259
1.0299
1.00778
0.992464
0.986505
0.985481
0.985837
0.987563
0.99517
1.01805
1.03386
1.03674
1.03623
1.0346
1.03333
1.02917
1.01567
1.00195
0.994505
0.991599
0.990996
0.992453
1.0051
1.02715
1.034
1.03291
1.03195
1.03465
1.03609
1.03314
1.01902
0.994376
0.971235
0.98942
1.30287
1.74881
0.97593
0.975788
0.970541
0.96016
0.952387
0.946121
0.939692
0.933005
0.926409
0.92205
0.921129
0.922052
0.929871
0.952016
0.971056
0.983005
0.993242
1.00059
1.00363
1.00317
0.995709
0.980123
0.963342
0.950368
0.941436
0.934971
0.9311
0.931011
0.938281
0.965472
0.997325
1.01927
1.03099
1.03489
1.0335
1.01923
0.992099
0.968817
0.956042
0.950992
0.950378
0.951236
0.953143
0.960686
0.988871
1.01633
1.02717
1.03049
1.03146
1.03067
1.02727
1.01539
0.992783
0.976073
0.969559
0.967949
0.967659
0.969128
0.983403
1.01979
1.04078
1.04525
1.04545
1.04441
1.03975
1.02386
1.00193
0.990009
0.986877
0.986929
0.988091
0.989631
0.999504
1.02356
1.03461
1.03593
1.03545
1.03498
1.03155
1.02453
1.01549
1.00581
0.998547
0.993937
0.99153
0.992642
1.0068
1.02472
1.02954
1.02987
1.03274
1.03602
1.03604
1.03072
1.01166
0.983928
0.985497
1.28816
1.74604
0.984738
0.993442
0.996017
0.989909
0.971395
0.951991
0.938851
0.930568
0.924522
0.921077
0.920485
0.920962
0.921873
0.926682
0.949319
0.978937
0.995464
1.00198
1.00479
1.00639
1.00584
0.998384
0.979786
0.960216
0.945217
0.934742
0.929656
0.929093
0.930127
0.936541
0.975923
1.01919
1.03281
1.03619
1.03657
1.03091
1.00863
0.978237
0.960432
0.953588
0.952127
0.952803
0.95508
0.959456
0.972416
1.0049
1.02452
1.02931
1.02973
1.02717
1.02502
1.02199
1.01033
0.988059
0.971777
0.966648
0.966783
0.968686
0.974711
1.00093
1.03508
1.04433
1.04476
1.04243
1.03825
1.0319
1.01783
1.00074
0.991625
0.989002
0.988523
0.988879
0.991178
1.00988
1.0314
1.03632
1.03615
1.03554
1.03178
1.02779
1.02456
1.01819
1.00857
0.999306
0.992922
0.989994
0.992249
1.00752
1.02245
1.02628
1.028
1.03233
1.03488
1.03481
1.02683
0.999979
0.995719
1.27522
1.74563
0.980806
0.99686
0.999137
0.999366
0.992457
0.968512
0.945822
0.932972
0.926101
0.92259
0.92176
0.92249
0.92454
0.927977
0.933446
0.954913
0.985866
0.999806
1.00364
1.00427
1.00313
1.00116
0.995555
0.978491
0.955169
0.937836
0.930939
0.930303
0.932264
0.939463
0.957256
0.998466
1.02578
1.03177
1.03058
1.02419
1.01463
0.9969
0.974702
0.961958
0.957838
0.957772
0.960091
0.965096
0.972369
0.985899
1.00928
1.02202
1.02488
1.02505
1.0248
1.02396
1.01937
1.00155
0.979301
0.970424
0.969662
0.97359
0.98245
0.994335
1.01492
1.03348
1.038
1.03751
1.03625
1.03463
1.03052
1.01644
0.999423
0.990448
0.988746
0.989456
0.991294
1.00058
1.02171
1.03259
1.03389
1.03305
1.02985
1.02802
1.02786
1.0267
1.02018
1.00814
0.996735
0.990791
0.989324
0.993229
1.00944
1.02244
1.02576
1.02886
1.03246
1.03492
1.0344
1.01311
1.00346
1.2695
1.74668
0.950012
0.984959
0.993087
0.993655
0.991643
0.986004
0.967159
0.946299
0.934129
0.928514
0.926805
0.927234
0.929078
0.932593
0.936667
0.941788
0.957923
0.984346
0.997915
1.0012
1.00156
1.0012
0.999753
0.993528
0.973054
0.950119
0.940036
0.939072
0.943377
0.950587
0.956826
0.96797
0.995977
1.01535
1.02001
1.01976
1.01817
1.01234
0.995561
0.975954
0.966159
0.964049
0.966053
0.971017
0.974915
0.977341
0.985834
1.00624
1.01962
1.02333
1.02378
1.0217
1.01601
1.00603
0.992664
0.98297
0.981284
0.985576
0.990536
0.992787
0.995248
1.00875
1.02691
1.03432
1.0351
1.03426
1.03227
1.02807
1.01482
1.00087
0.995579
0.995565
0.996879
0.999313
1.00678
1.0202
1.0279
1.02965
1.02916
1.02813
1.02862
1.02971
1.029
1.02036
1.00394
0.992367
0.989368
0.989844
0.996765
1.01419
1.02491
1.02818
1.0301
1.0321
1.03396
1.02083
1.01176
1.26565
1.74792
0.924627
0.94515
0.970409
0.98364
0.986952
0.987243
0.985302
0.971849
0.952084
0.938944
0.933261
0.932209
0.933408
0.936092
0.938726
0.940649
0.942662
0.953109
0.978488
0.994104
0.997784
0.997863
0.995278
0.99181
0.986562
0.972589
0.959239
0.954502
0.954903
0.957288
0.95896
0.959135
0.962019
0.982576
1.00521
1.01406
1.01565
1.0153
1.0112
0.997206
0.982568
0.976438
0.975983
0.977577
0.977932
0.976128
0.976008
0.983205
1.00347
1.01546
1.0177
1.01677
1.01338
1.00929
1.00504
1.00128
0.998691
0.996995
0.995053
0.990973
0.988074
0.989351
1.00164
1.02138
1.02971
1.03037
1.02941
1.02928
1.02852
1.02062
1.00968
1.00286
0.999258
0.997613
0.997385
1.00166
1.01403
1.02396
1.02761
1.02875
1.03039
1.03158
1.03164
1.02945
1.01593
0.99801
0.990837
0.990977
0.994253
1.00207
1.01789
1.02539
1.02641
1.02676
1.02788
1.02056
1.01944
1.2647
1.74864
0.921167
0.920032
0.92479
0.952455
0.975936
0.98484
0.987913
0.989252
0.982056
0.962249
0.947136
0.940859
0.939576
0.940095
0.94085
0.940636
0.94012
0.940855
0.947513
0.96949
0.98608
0.990722
0.991169
0.991439
0.992241
0.99256
0.985942
0.975062
0.967734
0.963147
0.958458
0.953522
0.951066
0.953063
0.972987
0.99944
1.01044
1.01285
1.01337
1.01234
1.00599
0.996114
0.988753
0.983647
0.978297
0.974021
0.973589
0.974824
0.981119
0.997722
1.00853
1.01117
1.01109
1.01105
1.01354
1.01709
1.01625
1.01002
1.00053
0.9916
0.986519
0.984138
0.984423
0.994747
1.01522
1.02483
1.0275
1.03053
1.03397
1.03522
1.029
1.01491
1.00289
0.996196
0.99401
0.993767
0.996839
1.00879
1.0213
1.02675
1.02902
1.03099
1.03246
1.03296
1.02944
1.01234
0.997634
0.994691
0.996826
0.998699
1.0029
1.01456
1.01925
1.01992
1.02084
1.01644
1.02638
1.2699
1.7498
0.917657
0.908715
0.907111
0.91173
0.941423
0.975609
0.988334
0.990674
0.9918
0.988966
0.973525
0.956999
0.948365
0.944808
0.942808
0.940429
0.938619
0.93717
0.935964
0.938823
0.957856
0.978774
0.98843
0.993126
0.998464
1.00324
1.00443
0.996707
0.982081
0.969569
0.95974
0.951847
0.947101
0.945936
0.947593
0.965998
0.994058
1.00766
1.01413
1.02043
1.02304
1.01869
1.00482
0.989511
0.979446
0.975541
0.974249
0.972652
0.971034
0.974179
0.988548
1.00143
1.00857
1.01571
1.0222
1.02505
1.02526
1.02167
1.01114
0.997152
0.986767
0.980874
0.978476
0.97873
0.989091
1.01175
1.02594
1.03248
1.03705
1.04009
1.04029
1.03095
1.01231
0.999001
0.993331
0.991414
0.990588
0.991912
1.0045
1.01878
1.02471
1.02898
1.03298
1.03548
1.03608
1.02842
1.01081
1.00027
0.997972
0.997975
0.994483
0.995159
1.00297
1.00946
1.01449
1.01484
1.03513
1.27912
1.75248
0.916069
0.907391
0.906544
0.906918
0.910029
0.936796
0.973908
0.989174
0.994768
0.998598
0.998572
0.985771
0.965507
0.951824
0.944859
0.941616
0.938858
0.934217
0.930668
0.930386
0.932785
0.94984
0.976194
0.994117
1.00394
1.00956
1.01225
1.0112
1.00008
0.981192
0.964704
0.953402
0.947242
0.945254
0.94538
0.94687
0.961507
0.993024
1.01483
1.02394
1.02829
1.02983
1.02437
1.00597
0.988874
0.980432
0.975107
0.968777
0.965405
0.965332
0.968933
0.983997
1.00465
1.01988
1.027
1.02933
1.03007
1.029
1.02208
1.00607
0.988975
0.979833
0.976874
0.976112
0.976494
0.988278
1.01643
1.03286
1.03797
1.04056
1.04198
1.04008
1.02814
1.00996
0.996941
0.990351
0.987037
0.9852
0.987104
1.00419
1.02109
1.02901
1.03449
1.03795
1.0386
1.0355
1.02445
1.01011
1.00071
0.995986
0.991313
0.983797
0.983337
0.992989
1.00758
1.01667
1.04564
1.28964
1.75548
0.920923
0.909836
0.908462
0.908634
0.909587
0.912701
0.935191
0.975388
0.995619
1.00104
1.00344
1.00383
0.993182
0.970489
0.953597
0.944318
0.936775
0.931053
0.929387
0.92963
0.930271
0.932447
0.950643
0.986623
1.00543
1.0107
1.0132
1.01316
1.0095
0.996174
0.976117
0.96054
0.951196
0.946791
0.945789
0.946148
0.947898
0.96479
1.00319
1.02379
1.02907
1.03079
1.03001
1.0232
1.00597
0.98698
0.973437
0.96642
0.96382
0.96383
0.964557
0.968509
0.991274
1.01862
1.02809
1.03001
1.03059
1.02959
1.02693
1.01751
0.99806
0.982831
0.977153
0.975877
0.97589
0.979006
0.998895
1.02683
1.03732
1.04008
1.04054
1.04059
1.03956
1.02772
1.00656
0.991285
0.985175
0.983007
0.982506
0.988526
1.01163
1.02758
1.03396
1.038
1.03871
1.03684
1.03098
1.02043
1.00813
0.998051
0.990058
0.980801
0.975085
0.978892
0.997989
1.01486
1.05274
1.29893
1.75733
0.93599
0.919139
0.914907
0.913083
0.912907
0.913621
0.915934
0.937487
0.980609
1.00006
1.00464
1.00609
1.00465
0.993354
0.969199
0.948808
0.93802
0.933017
0.931025
0.931064
0.932191
0.935843
0.94311
0.963271
0.993311
1.00637
1.00941
1.00891
1.00595
1.00136
0.991816
0.975217
0.959786
0.950879
0.948011
0.948277
0.950598
0.95604
0.97582
1.00964
1.02521
1.02838
1.02906
1.02912
1.02363
1.0023
0.979053
0.967492
0.964199
0.964238
0.966467
0.971973
0.982287
1.00553
1.02371
1.02787
1.02807
1.02666
1.02436
1.02027
1.00905
0.991944
0.982185
0.979905
0.981026
0.984554
0.990523
1.00679
1.02763
1.03654
1.03941
1.0416
1.04205
1.039
1.02173
0.998256
0.986682
0.983355
0.983167
0.986053
0.998361
1.01965
1.03142
1.0362
1.03653
1.03445
1.03072
1.02561
1.01779
1.00587
0.993942
0.983424
0.976017
0.973533
0.985218
1.00538
1.05286
1.30731
1.75781
0.958055
0.934465
0.922934
0.917521
0.916428
0.917337
0.920652
0.926852
0.944597
0.979704
0.998
1.0017
1.00183
1.00045
0.990804
0.968259
0.948726
0.939417
0.936328
0.936315
0.938432
0.943664
0.948335
0.952419
0.965748
0.989284
1.0016
1.00435
1.00456
1.00405
1.00132
0.991439
0.973738
0.959818
0.954641
0.95452
0.957342
0.960554
0.963744
0.979402
1.01073
1.02591
1.02849
1.02837
1.02482
1.01506
0.994465
0.97639
0.969941
0.969831
0.973176
0.977732
0.981146
0.988173
1.00818
1.02193
1.02464
1.02447
1.02255
1.01953
1.01533
1.00621
0.994878
0.989217
0.988281
0.989241
0.990154
0.992361
1.00797
1.03079
1.03974
1.04114
1.03968
1.03614
1.03072
1.01507
0.997525
0.990351
0.989805
0.991813
0.993447
1.00267
1.02046
1.03094
1.03383
1.03387
1.03136
1.02711
1.02323
1.01677
1.00524
0.993923
0.983128
0.977353
0.977213
0.988537
1.04554
1.3139
1.75785
0.974559
0.958111
0.940328
0.929762
0.92698
0.92772
0.929987
0.93141
0.932694
0.941463
0.971705
0.993542
0.999044
0.999204
0.998602
0.991884
0.970874
0.951706
0.944316
0.943618
0.9463
0.950409
0.952894
0.953165
0.953335
0.960312
0.98212
0.997675
1.00204
1.00241
1.00232
1.00083
0.992998
0.978689
0.968225
0.964257
0.963665
0.963836
0.96441
0.966573
0.981387
1.01005
1.02214
1.02326
1.02239
1.0202
1.0122
0.994896
0.982547
0.979466
0.980199
0.98232
0.98306
0.983711
0.988542
1.00678
1.0187
1.02069
1.02002
1.0186
1.01843
1.01785
1.01254
1.00333
0.996775
0.993347
0.992016
0.992303
0.994374
1.01049
1.02923
1.03437
1.03417
1.03279
1.0327
1.0312
1.01958
1.00565
0.998991
0.996511
0.99519
0.994892
1.00292
1.0206
1.03001
1.03153
1.02901
1.02444
1.02183
1.02131
1.01962
1.01081
0.998933
0.986838
0.9772
0.971202
1.02887
1.31695
1.75665
0.977605
0.976293
0.968383
0.953705
0.94406
0.939449
0.936278
0.932798
0.931451
0.93196
0.936813
0.96223
0.9881
0.996597
0.997491
0.997697
0.993849
0.978008
0.963285
0.95722
0.95612
0.956378
0.955998
0.952732
0.949676
0.949231
0.954921
0.978067
0.995623
1.00021
1.00125
1.00261
1.00399
1.0014
0.989318
0.97661
0.96927
0.966689
0.966757
0.967878
0.969072
0.979632
1.00427
1.01683
1.01937
1.01949
1.01975
1.01663
1.0053
0.994743
0.98944
0.986585
0.983536
0.981563
0.981669
0.985863
1.00331
1.01448
1.01689
1.01764
1.02036
1.02405
1.02629
1.02235
1.01075
1.00059
0.99556
0.993672
0.992997
0.993561
1.00666
1.02337
1.02976
1.03201
1.0349
1.03746
1.03782
1.02824
1.01204
1.00179
0.997878
0.997028
0.997094
1.00273
1.01609
1.02324
1.02426
1.02318
1.02318
1.02554
1.02799
1.02642
1.0169
1.00219
0.984127
0.966613
1.00185
1.31496
1.75483
0.980451
0.984023
0.986636
0.981676
0.966205
0.951466
0.942456
0.937443
0.934219
0.931891
0.930639
0.932788
0.954214
0.983527
0.995022
0.998139
1.00136
1.00269
0.992679
0.975851
0.965433
0.960398
0.957204
0.953476
0.949158
0.947282
0.947323
0.952622
0.976356
0.994913
1.00108
1.00422
1.00837
1.0111
1.00889
0.995742
0.981062
0.973545
0.97073
0.968906
0.965776
0.965231
0.974396
0.999358
1.01434
1.01973
1.0242
1.02853
1.0274
1.01482
0.999567
0.990463
0.985771
0.982455
0.979186
0.978291
0.98353
1.00168
1.01354
1.01805
1.02179
1.02729
1.0316
1.03257
1.0268
1.01272
1.00154
0.995452
0.991203
0.987629
0.987971
1.00273
1.02235
1.03192
1.03655
1.04135
1.04386
1.04274
1.03061
1.01377
1.00483
1.00111
0.997386
0.992901
0.994901
1.0081
1.01938
1.02457
1.02795
1.03131
1.03327
1.03347
1.03
1.0184
0.995781
0.968921
0.98421
1.30627
1.75314
0.980953
0.990008
0.99383
0.995366
0.991045
0.974532
0.957597
0.946069
0.937477
0.931371
0.929247
0.928941
0.92981
0.946979
0.978974
0.998343
1.00753
1.01169
1.01248
1.00304
0.98382
0.969471
0.959813
0.95308
0.949363
0.94793
0.947373
0.947193
0.951839
0.974771
0.996225
1.00673
1.01112
1.01397
1.01527
1.01243
0.999657
0.985271
0.975168
0.967685
0.963304
0.962075
0.962117
0.970343
0.996677
1.01787
1.02835
1.03274
1.03481
1.0328
1.01909
1.00243
0.99072
0.982326
0.977447
0.975987
0.975535
0.981435
1.00035
1.01541
1.0246
1.02997
1.03359
1.03592
1.03582
1.02884
1.01368
0.999598
0.989513
0.984311
0.982703
0.984052
1.00145
1.02442
1.03833
1.04456
1.04576
1.04541
1.04204
1.03117
1.01752
1.00673
0.99643
0.988014
0.984763
0.987882
1.00536
1.02449
1.03344
1.03489
1.03483
1.03653
1.03729
1.03367
1.01456
0.978831
0.977635
1.29077
1.75066
0.965618
0.986723
0.992054
0.995588
0.997558
0.995096
0.982188
0.963621
0.948141
0.938255
0.933022
0.930661
0.92986
0.930313
0.943135
0.979058
1.00208
1.00943
1.01337
1.01455
1.008
0.990528
0.973124
0.96137
0.954738
0.951057
0.949202
0.948061
0.948013
0.952842
0.977814
1.00049
1.00843
1.01233
1.01535
1.01583
1.01353
1.00388
0.989632
0.976731
0.96826
0.964093
0.962975
0.962986
0.970125
0.998969
1.02159
1.02952
1.03374
1.03575
1.03364
1.02137
1.0029
0.98865
0.98116
0.977663
0.976019
0.975646
0.98135
1.00268
1.02057
1.02829
1.03263
1.03575
1.0369
1.03657
1.02978
1.01249
0.996168
0.987467
0.983775
0.982852
0.985208
1.0051
1.03091
1.04146
1.0436
1.04395
1.04298
1.04039
1.03412
1.02198
1.00558
0.991756
0.985522
0.984656
0.987897
1.00865
1.02769
1.0317
1.03289
1.03627
1.04045
1.04135
1.0324
0.996649
0.987388
1.27536
1.74946
)
;

boundaryField
{
    back
    {
        type            empty;
    }
    outlet
    {
        type            inletOutlet;
        inletValue      uniform 1;
        value           nonuniform List<scalar> 
99
(
0.803294
0.80596
0.809343
0.816654
0.82716
0.838864
0.849826
0.858184
0.864453
0.87051
0.875405
0.878097
0.879446
0.880682
0.882215
0.884621
0.887296
0.890094
0.89266
0.895351
0.897809
0.89979
0.90227
0.905424
0.90997
0.914924
0.917607
0.919052
0.921291
0.924125
0.926355
0.927075
0.926805
0.925525
0.921249
0.919563
0.91622
0.910029
0.904927
0.904132
0.90705
0.916131
0.930487
0.945661
0.956694
0.960779
0.960216
0.951332
0.935679
0.918743
0.908471
0.902845
0.90203
0.906643
0.922564
0.942442
0.962949
0.977169
0.980274
0.978816
0.964377
0.933313
0.908892
0.898537
0.897575
0.899669
0.907516
0.918951
0.938557
0.958803
0.97491
0.981796
0.982185
0.967105
0.941544
0.930221
0.920168
0.915912
0.916579
0.922625
0.932943
0.948849
0.968032
0.975996
0.980667
0.971561
0.939591
0.923404
0.922475
0.921289
0.919552
0.925604
0.941777
0.963432
0.976522
0.977718
0.979572
0.976867
0.956927
)
;
    }
    top
    {
        type            zeroGradient;
    }
    inlet
    {
        type            fixedValue;
        value           uniform 1;
    }
    bottom
    {
        type            zeroGradient;
    }
    front
    {
        type            empty;
    }
}


// ************************************************************************* //
