/*--------------------------------*- C++ -*----------------------------------*\
  =========                 |
  \\      /  F ield         | OpenFOAM: The Open Source CFD Toolbox
   \\    /   O peration     | Website:  https://openfoam.org
    \\  /    A nd           | Version:  12
     \\/     M anipulation  |
\*---------------------------------------------------------------------------*/
FoamFile
{
    format      ascii;
    class       volScalarField;
    location    "22";
    object      rho;
}
// * * * * * * * * * * * * * * * * * * * * * * * * * * * * * * * * * * * * * //

dimensions      [1 -3 0 0 0 0 0];

internalField   nonuniform List<scalar> 
9801
(
1.1873
1.20302
1.19859
1.17345
1.15944
1.15979
1.1672
1.19352
1.23025
1.25155
1.26087
1.26555
1.25643
1.22743
1.20717
1.20562
1.20969
1.23434
1.28333
1.31586
1.32933
1.33664
1.33731
1.31285
1.27724
1.26621
1.26773
1.2726
1.29418
1.34444
1.38341
1.39951
1.40785
1.41136
1.39732
1.36467
1.34829
1.3487
1.35435
1.36605
1.38822
1.42857
1.46096
1.47609
1.48374
1.4866
1.47751
1.45301
1.44034
1.44281
1.45055
1.46212
1.48083
1.51575
1.54742
1.56307
1.57238
1.57838
1.57677
1.55664
1.54047
1.54218
1.55139
1.56292
1.58588
1.62912
1.66484
1.68342
1.69595
1.70556
1.70679
1.6815
1.65967
1.66199
1.6742
1.69222
1.73536
1.79216
1.82786
1.84877
1.865
1.87933
1.87461
1.83681
1.81682
1.82893
1.8543
1.91028
2.00451
2.07706
2.12212
2.16057
2.19825
2.20364
2.19053
2.19769
2.21131
4.3985
17.9912
1.17507
1.18303
1.17724
1.17836
1.18
1.18741
1.20279
1.21954
1.23588
1.24723
1.2508
1.24113
1.22881
1.2238
1.22407
1.22622
1.24135
1.2678
1.29416
1.3134
1.32403
1.32357
1.30874
1.29633
1.28886
1.28432
1.28832
1.30106
1.32397
1.3525
1.37666
1.38902
1.3918
1.38583
1.37861
1.37372
1.36892
1.37157
1.37871
1.38614
1.39842
1.42664
1.45181
1.46258
1.46544
1.46733
1.47039
1.4658
1.45997
1.46205
1.46736
1.47365
1.48427
1.51309
1.53994
1.55282
1.5605
1.56616
1.57172
1.56679
1.55676
1.55634
1.56209
1.57065
1.58681
1.62581
1.65794
1.67407
1.68493
1.69457
1.70074
1.68755
1.66984
1.66875
1.67824
1.69147
1.72495
1.77843
1.8153
1.83737
1.85485
1.8717
1.8763
1.84263
1.81869
1.82489
1.84682
1.88558
1.96407
2.03765
2.08741
2.129
2.16888
2.17627
2.15699
2.14418
2.08882
4.07305
17.953
1.14169
1.14584
1.16295
1.18622
1.21061
1.22339
1.22761
1.22928
1.22896
1.21676
1.20322
1.20381
1.21079
1.21879
1.23302
1.25805
1.27699
1.28471
1.28806
1.29479
1.29209
1.28157
1.28151
1.28697
1.29299
1.30117
1.31255
1.32603
1.33822
1.34467
1.3488
1.35191
1.35631
1.36422
1.37102
1.37891
1.38597
1.38948
1.39019
1.39356
1.39817
1.40735
1.4202
1.43114
1.44578
1.4574
1.46639
1.47505
1.47348
1.46727
1.46722
1.47105
1.47639
1.48947
1.51152
1.5304
1.54596
1.55709
1.56716
1.57362
1.5623
1.55465
1.55806
1.5647
1.57337
1.59715
1.62971
1.65163
1.6674
1.67998
1.69119
1.68908
1.66822
1.66069
1.66579
1.6765
1.69431
1.74166
1.78824
1.81526
1.83398
1.85075
1.86144
1.83632
1.80392
1.80006
1.81756
1.84361
1.90117
1.98589
2.04882
2.09234
2.13207
2.1441
2.12387
2.11062
2.04472
3.85669
17.6513
1.11528
1.11622
1.14455
1.19343
1.22905
1.24349
1.24829
1.24697
1.2203
1.18318
1.17611
1.18013
1.192
1.21531
1.24498
1.27403
1.29155
1.29792
1.2962
1.27516
1.25897
1.25995
1.26584
1.27742
1.29718
1.31257
1.32308
1.33139
1.33401
1.32876
1.32349
1.32635
1.33918
1.35535
1.37184
1.38144
1.38835
1.38979
1.38676
1.38212
1.38049
1.38309
1.39349
1.41531
1.43804
1.45603
1.46647
1.47417
1.47176
1.46007
1.45148
1.44937
1.45246
1.46219
1.49026
1.51886
1.53942
1.55344
1.56292
1.56938
1.55623
1.53806
1.53308
1.53678
1.54414
1.56282
1.60257
1.63409
1.65337
1.66672
1.67771
1.68212
1.65752
1.63473
1.63441
1.64495
1.65918
1.69536
1.75079
1.78464
1.80385
1.82001
1.83418
1.82353
1.78681
1.76765
1.77669
1.79979
1.83419
1.90178
1.96933
2.0176
2.05887
2.08462
2.07637
2.06271
1.99384
3.67431
17.4
1.1109
1.11061
1.12793
1.18509
1.23013
1.24339
1.24762
1.2357
1.20001
1.17856
1.17557
1.17915
1.18629
1.20393
1.24009
1.27089
1.28309
1.28313
1.27047
1.25733
1.25603
1.25909
1.26573
1.27925
1.29412
1.30542
1.3132
1.31343
1.31025
1.30963
1.31244
1.32567
1.34139
1.35564
1.36608
1.37476
1.38053
1.37367
1.36024
1.35498
1.35707
1.36477
1.38919
1.41629
1.43482
1.44763
1.45695
1.46247
1.44977
1.42813
1.42197
1.42549
1.4325
1.44648
1.48095
1.51315
1.53002
1.53976
1.54704
1.54801
1.52765
1.50724
1.50627
1.51363
1.52332
1.54178
1.58262
1.6169
1.63378
1.64435
1.65314
1.65679
1.63437
1.60664
1.60318
1.61446
1.629
1.65637
1.71233
1.75569
1.77758
1.79346
1.808
1.8078
1.77863
1.75131
1.74419
1.7599
1.78672
1.83476
1.90251
1.9595
2.00251
2.04052
2.05285
2.04309
1.96354
3.58091
17.2471
1.11336
1.11535
1.13425
1.17321
1.21156
1.22438
1.22267
1.20852
1.19528
1.18619
1.18411
1.1897
1.20077
1.20922
1.21685
1.23269
1.24666
1.25183
1.25342
1.25784
1.26467
1.27163
1.27721
1.28123
1.28485
1.28165
1.27277
1.27197
1.27927
1.29522
1.31672
1.33586
1.35013
1.35858
1.36434
1.36547
1.34899
1.33143
1.32871
1.33348
1.34113
1.35865
1.39393
1.42155
1.43412
1.44116
1.44493
1.43471
1.4109
1.39939
1.40174
1.40883
1.41933
1.44017
1.47694
1.50477
1.51602
1.52195
1.52406
1.51902
1.50353
1.48841
1.48733
1.49592
1.50726
1.52597
1.56353
1.59738
1.61289
1.62169
1.6287
1.63281
1.62246
1.59787
1.58596
1.59281
1.60678
1.62817
1.67253
1.72485
1.75608
1.77424
1.78937
1.79689
1.77828
1.74963
1.73644
1.74016
1.75922
1.7889
1.83951
1.89655
1.94146
1.97826
2.00715
2.01562
1.97195
3.53767
17.1988
1.12719
1.13247
1.14003
1.15095
1.16681
1.18396
1.19269
1.19745
1.20257
1.2056
1.20477
1.20442
1.2064
1.20347
1.19089
1.18732
1.19834
1.22292
1.24755
1.26887
1.28304
1.28917
1.28942
1.28287
1.26495
1.24233
1.23679
1.24119
1.25273
1.28386
1.32548
1.34978
1.35921
1.36363
1.36363
1.3447
1.31293
1.30263
1.30636
1.3142
1.32784
1.35673
1.39743
1.42081
1.42973
1.43242
1.42466
1.40844
1.39397
1.38647
1.38899
1.39722
1.41021
1.43237
1.46562
1.49041
1.4999
1.50303
1.50382
1.50556
1.50145
1.48705
1.4797
1.48499
1.49521
1.50775
1.53582
1.57235
1.59392
1.60427
1.61227
1.62118
1.62347
1.60436
1.58654
1.58425
1.59445
1.60755
1.63069
1.68117
1.72852
1.75567
1.77344
1.78912
1.79177
1.7712
1.75027
1.74229
1.7463
1.76292
1.7922
1.84064
1.88847
1.92469
1.95177
1.9725
1.96715
3.55029
17.2021
1.14507
1.14603
1.13866
1.12935
1.12826
1.13828
1.16575
1.19622
1.21408
1.22326
1.22685
1.22074
1.20379
1.18
1.16652
1.1668
1.17154
1.19398
1.24661
1.28133
1.29301
1.29851
1.29934
1.28111
1.2412
1.22376
1.22453
1.22903
1.23768
1.2693
1.32627
1.3515
1.3596
1.36376
1.35336
1.32476
1.30476
1.29959
1.30223
1.30823
1.32028
1.3483
1.38845
1.41063
1.41707
1.41532
1.4085
1.40424
1.39687
1.38919
1.39043
1.39783
1.40627
1.41441
1.43652
1.46505
1.48077
1.48833
1.49673
1.5065
1.51184
1.50172
1.48961
1.48585
1.48623
1.49053
1.50103
1.53488
1.57387
1.59548
1.60966
1.62271
1.63259
1.62623
1.60236
1.58818
1.58415
1.5889
1.60076
1.62854
1.68284
1.72931
1.75841
1.77985
1.79842
1.80137
1.77829
1.75361
1.7427
1.7471
1.76309
1.79465
1.84358
1.88601
1.91367
1.93322
1.94871
3.58711
17.2153
1.15615
1.15821
1.13457
1.11994
1.12031
1.12606
1.14702
1.18948
1.21849
1.2271
1.23158
1.22878
1.20025
1.16995
1.1642
1.16683
1.17202
1.19078
1.24214
1.28079
1.29292
1.29816
1.29158
1.26134
1.23438
1.22621
1.22715
1.23226
1.24573
1.27651
1.31686
1.3427
1.35018
1.34666
1.33272
1.32016
1.30931
1.3053
1.31037
1.32283
1.33306
1.33994
1.35919
1.3817
1.39318
1.39824
1.40522
1.41232
1.41526
1.40915
1.40531
1.40385
1.40037
1.39877
1.40421
1.42889
1.46167
1.48337
1.50072
1.51462
1.52448
1.52452
1.50448
1.48461
1.47211
1.47177
1.47951
1.5003
1.54802
1.59
1.61487
1.63043
1.64132
1.64518
1.62263
1.59116
1.57614
1.57528
1.58393
1.59912
1.6358
1.69658
1.74637
1.77576
1.79579
1.80777
1.80314
1.77976
1.75299
1.74101
1.74724
1.76574
1.80156
1.85088
1.88557
1.90425
1.92291
3.62554
17.2261
1.15571
1.14564
1.12673
1.12342
1.12497
1.13203
1.15903
1.19361
1.2138
1.22365
1.2266
1.21024
1.18376
1.17183
1.17038
1.17315
1.18272
1.20982
1.24317
1.2675
1.27861
1.27793
1.26421
1.25037
1.24086
1.23705
1.24181
1.25424
1.26737
1.27789
1.29539
1.3117
1.31987
1.32096
1.32504
1.32833
1.32756
1.32881
1.33325
1.33776
1.33584
1.33017
1.33066
1.34516
1.37006
1.39181
1.41099
1.42617
1.43438
1.4348
1.42016
1.40109
1.38575
1.38339
1.38889
1.40412
1.44484
1.48693
1.51114
1.5232
1.53087
1.53527
1.51834
1.4791
1.46218
1.46265
1.47038
1.48327
1.52336
1.5841
1.61925
1.63377
1.64425
1.65231
1.6433
1.60522
1.5786
1.57424
1.58059
1.59197
1.6105
1.65253
1.71059
1.75305
1.77853
1.79724
1.80597
1.79975
1.77891
1.75534
1.74565
1.75058
1.76817
1.80521
1.84854
1.87399
1.89429
3.67246
17.2391
1.13674
1.12964
1.12859
1.13161
1.13984
1.16146
1.17892
1.1913
1.20052
1.20505
1.19752
1.18568
1.18003
1.17901
1.18254
1.19337
1.21063
1.22614
1.24043
1.24779
1.24893
1.24519
1.24507
1.24815
1.25347
1.26165
1.27106
1.2767
1.27782
1.27471
1.27247
1.27934
1.29187
1.30615
1.32431
1.3426
1.35275
1.35551
1.35008
1.33834
1.32129
1.314
1.31618
1.32446
1.35469
1.39598
1.42274
1.43419
1.44114
1.44546
1.43116
1.39263
1.37625
1.37753
1.38386
1.39504
1.43437
1.48958
1.5155
1.52567
1.53198
1.53099
1.51523
1.48447
1.46463
1.46442
1.47247
1.48588
1.50746
1.5561
1.60582
1.62772
1.63738
1.64029
1.64215
1.63252
1.60545
1.59034
1.5913
1.60002
1.61064
1.62405
1.65811
1.70961
1.74757
1.77187
1.79073
1.80078
1.79999
1.78586
1.76198
1.74749
1.748
1.76173
1.7956
1.83231
1.85849
3.73478
17.2618
1.11638
1.12048
1.12783
1.14113
1.16979
1.18851
1.19355
1.19332
1.18947
1.17669
1.16914
1.17059
1.17601
1.18679
1.20528
1.21909
1.22692
1.23246
1.23214
1.22791
1.2249
1.23001
1.24117
1.25596
1.27261
1.28424
1.29047
1.28718
1.27136
1.25864
1.25702
1.26239
1.28149
1.31159
1.34065
1.35655
1.36403
1.36836
1.35769
1.32458
1.30742
1.30776
1.31366
1.32361
1.35682
1.40508
1.42749
1.43695
1.44336
1.44291
1.42137
1.39289
1.37982
1.38101
1.38834
1.40537
1.43789
1.48295
1.5107
1.52038
1.51923
1.51534
1.5147
1.50462
1.48699
1.48301
1.49005
1.4993
1.50514
1.51665
1.55576
1.59816
1.61964
1.63246
1.64556
1.65724
1.65186
1.62656
1.60892
1.60268
1.60192
1.60758
1.62084
1.6558
1.70639
1.74453
1.77259
1.79512
1.80813
1.8071
1.78685
1.75627
1.7366
1.73422
1.74411
1.77942
1.81751
3.80214
17.2969
1.10639
1.1093
1.12192
1.15223
1.18203
1.19914
1.20505
1.20311
1.18308
1.16933
1.16879
1.17219
1.18369
1.20595
1.21863
1.22308
1.22406
1.22096
1.21805
1.21803
1.2229
1.23718
1.25787
1.27681
1.28809
1.29394
1.29166
1.27356
1.25423
1.2492
1.25212
1.26035
1.28972
1.33291
1.35328
1.3611
1.36716
1.36886
1.34543
1.31519
1.30636
1.30902
1.31448
1.3313
1.3729
1.4098
1.42885
1.4373
1.43616
1.42579
1.41634
1.40175
1.39276
1.39664
1.40956
1.42191
1.43034
1.45394
1.48221
1.49657
1.50297
1.51037
1.52166
1.532
1.52707
1.50952
1.5016
1.49712
1.49243
1.49333
1.50634
1.55034
1.60189
1.63463
1.65522
1.67082
1.68086
1.67057
1.6354
1.60541
1.59384
1.59583
1.6042
1.62199
1.66558
1.71816
1.75652
1.78188
1.80015
1.80531
1.79703
1.77452
1.74192
1.71979
1.71639
1.72937
1.77225
3.84747
17.3463
1.10946
1.11599
1.13858
1.15648
1.17561
1.18805
1.18973
1.18271
1.1793
1.17968
1.18135
1.1913
1.20605
1.2153
1.21881
1.21446
1.20213
1.19779
1.20163
1.21342
1.23555
1.26316
1.28125
1.28975
1.29502
1.29535
1.27203
1.24704
1.2413
1.2447
1.25061
1.26529
1.31196
1.34719
1.35977
1.36592
1.36603
1.35021
1.33015
1.31578
1.31035
1.31428
1.32742
1.34875
1.37472
1.40445
1.41901
1.42163
1.41508
1.41617
1.42251
1.42361
1.42044
1.42044
1.42323
1.4217
1.41732
1.4182
1.43757
1.47344
1.4991
1.52019
1.53984
1.55219
1.55625
1.53789
1.50854
1.48584
1.47499
1.47671
1.48481
1.50426
1.56219
1.6254
1.6577
1.67238
1.68295
1.68486
1.6664
1.62584
1.59864
1.59382
1.60143
1.61469
1.63905
1.68691
1.73212
1.75934
1.77652
1.78964
1.79173
1.78323
1.76154
1.72932
1.70768
1.70171
1.72405
3.85254
17.4129
1.12852
1.13783
1.14474
1.14848
1.14859
1.15237
1.16435
1.17742
1.19073
1.20431
1.21516
1.22003
1.22222
1.21963
1.20231
1.18512
1.18164
1.18549
1.19342
1.21649
1.26337
1.28985
1.2977
1.30071
1.29748
1.27702
1.24803
1.23649
1.23725
1.24201
1.25338
1.28496
1.32249
1.34968
1.36122
1.36194
1.34901
1.33911
1.33243
1.32513
1.32714
1.33726
1.35021
1.35544
1.35933
1.37083
1.39071
1.40303
1.41109
1.42173
1.43684
1.44998
1.45296
1.4409
1.42445
1.40561
1.39574
1.39802
1.40839
1.4441
1.49813
1.53615
1.55513
1.56456
1.57049
1.56244
1.51924
1.48347
1.47331
1.47581
1.48317
1.49527
1.52464
1.58766
1.63889
1.66049
1.67057
1.67231
1.66862
1.65485
1.62801
1.61239
1.61315
1.62275
1.6351
1.65342
1.69392
1.72934
1.75
1.76467
1.77704
1.78232
1.77691
1.75508
1.7225
1.69609
1.67739
3.81388
17.4841
1.15154
1.14969
1.14096
1.12643
1.12204
1.12609
1.14191
1.17863
1.2139
1.23407
1.24145
1.24205
1.23216
1.20567
1.17673
1.16803
1.17046
1.17661
1.18902
1.23123
1.27755
1.29814
1.30622
1.30893
1.29289
1.26356
1.24727
1.24051
1.24369
1.25708
1.2784
1.29486
1.31599
1.33412
1.34029
1.33668
1.33527
1.34175
1.34714
1.35221
1.35466
1.35695
1.35579
1.34583
1.33609
1.33749
1.35607
1.38963
1.41849
1.44426
1.46
1.46765
1.47024
1.45477
1.41581
1.38941
1.38412
1.3889
1.39654
1.41805
1.4851
1.539
1.55804
1.56636
1.56829
1.5602
1.53798
1.50192
1.48462
1.48622
1.4976
1.51404
1.52499
1.54202
1.58384
1.62276
1.64345
1.65552
1.66571
1.67358
1.67146
1.65353
1.63425
1.62436
1.6236
1.63049
1.64977
1.68908
1.72335
1.74686
1.76575
1.77868
1.78232
1.77412
1.74707
1.70341
1.64733
3.74434
17.5473
1.17268
1.14994
1.12273
1.11199
1.11275
1.11715
1.12775
1.16977
1.22574
1.24457
1.25133
1.25467
1.24097
1.19761
1.17375
1.1702
1.17293
1.18196
1.20707
1.24115
1.27568
1.29458
1.29854
1.28747
1.27458
1.26822
1.26063
1.26181
1.27156
1.28474
1.29115
1.29063
1.28785
1.29385
1.31244
1.32805
1.34104
1.35618
1.37295
1.38218
1.38283
1.36975
1.34468
1.32261
1.31777
1.32225
1.33339
1.37062
1.42746
1.46031
1.4728
1.47882
1.47981
1.45972
1.41676
1.39103
1.3866
1.39178
1.40559
1.42829
1.45983
1.51018
1.53979
1.54902
1.54904
1.54847
1.55287
1.54642
1.52762
1.51735
1.51708
1.51897
1.51764
1.51849
1.52994
1.56912
1.61579
1.64706
1.66916
1.68601
1.69643
1.69366
1.66558
1.63154
1.61462
1.61528
1.62275
1.64466
1.6905
1.73233
1.75792
1.77221
1.77708
1.77503
1.7627
1.72371
1.65087
3.65525
17.61
1.18261
1.15501
1.12026
1.11476
1.11619
1.12114
1.1387
1.18218
1.2243
1.24442
1.2503
1.24383
1.22025
1.19875
1.18369
1.18261
1.19241
1.21303
1.22631
1.23345
1.24646
1.25929
1.26484
1.26666
1.27149
1.2809
1.2939
1.30124
1.30124
1.29764
1.28524
1.26674
1.26076
1.26582
1.2876
1.32673
1.36102
1.38381
1.394
1.39844
1.39826
1.37658
1.3326
1.31413
1.31416
1.31916
1.32778
1.35809
1.42292
1.46209
1.47432
1.47627
1.46524
1.45078
1.43324
1.41231
1.40702
1.4143
1.42802
1.43635
1.44106
1.4514
1.4863
1.51854
1.53525
1.54919
1.56677
1.5799
1.57877
1.55666
1.53222
1.51349
1.50221
1.50043
1.50672
1.52325
1.57215
1.63026
1.66689
1.68466
1.69589
1.69869
1.68953
1.65479
1.62143
1.60956
1.61173
1.62152
1.6498
1.70075
1.73949
1.75857
1.76603
1.76536
1.76171
1.7408
1.68465
3.58326
17.6812
1.17283
1.146
1.12907
1.12492
1.12892
1.14401
1.16473
1.1842
1.20677
1.21993
1.22135
1.21483
1.21348
1.21338
1.214
1.21841
1.22576
1.23143
1.2307
1.21644
1.20912
1.21686
1.23984
1.2636
1.28726
1.30955
1.32136
1.32615
1.32178
1.2972
1.26061
1.24553
1.24609
1.25133
1.26557
1.31686
1.37439
1.39533
1.40332
1.40687
1.39524
1.36345
1.33545
1.31968
1.31907
1.32825
1.34815
1.3696
1.39798
1.4339
1.45013
1.45211
1.44975
1.45425
1.45945
1.45768
1.44614
1.43925
1.43804
1.43218
1.42098
1.41896
1.43168
1.47384
1.5258
1.56224
1.58368
1.59632
1.60343
1.59505
1.5581
1.51829
1.49998
1.49868
1.50478
1.51468
1.53864
1.59538
1.64642
1.67016
1.68123
1.68544
1.68448
1.67629
1.65104
1.6269
1.61895
1.62189
1.63017
1.65363
1.69905
1.73063
1.74447
1.74892
1.7501
1.74513
1.72387
3.55796
17.7555
1.15533
1.14711
1.1448
1.14875
1.16071
1.17181
1.17566
1.1759
1.17436
1.18298
1.19505
1.20416
1.21804
1.24047
1.25361
1.25673
1.25045
1.23466
1.20739
1.1929
1.19261
1.19876
1.22148
1.27161
1.31486
1.33193
1.33825
1.33948
1.32995
1.28835
1.25423
1.24591
1.24817
1.25377
1.27084
1.31625
1.37074
1.39549
1.40195
1.39378
1.37675
1.36573
1.35234
1.3439
1.34579
1.35545
1.36468
1.36847
1.36917
1.37706
1.40602
1.43217
1.44878
1.46862
1.48658
1.49498
1.48791
1.46381
1.43734
1.415
1.40356
1.40444
1.41106
1.4295
1.49152
1.55798
1.5862
1.59717
1.60395
1.60268
1.58514
1.54534
1.51501
1.50764
1.51374
1.52827
1.5435
1.56119
1.60126
1.63691
1.65424
1.66356
1.67241
1.6824
1.68654
1.66656
1.63839
1.6217
1.61654
1.61956
1.63969
1.68359
1.71711
1.73309
1.73858
1.73747
1.75037
3.57797
17.8238
1.15253
1.15694
1.16706
1.17927
1.18644
1.1868
1.17146
1.15181
1.14815
1.15529
1.17771
1.20892
1.24369
1.26324
1.27079
1.27417
1.2656
1.22222
1.18962
1.18491
1.18798
1.19423
1.21601
1.28037
1.32365
1.33666
1.34229
1.33768
1.30914
1.28131
1.26248
1.25556
1.26004
1.27745
1.29922
1.31454
1.3403
1.36402
1.37064
1.36849
1.36963
1.37647
1.38496
1.38787
1.3802
1.37379
1.3677
1.3534
1.34291
1.34514
1.36217
1.40693
1.4566
1.48965
1.50686
1.51477
1.51649
1.49279
1.44453
1.41271
1.40383
1.40593
1.41252
1.42795
1.45887
1.51732
1.56373
1.58142
1.5861
1.58294
1.58184
1.57889
1.56173
1.54414
1.53745
1.5373
1.5376
1.54053
1.55206
1.58936
1.62742
1.65015
1.66882
1.68805
1.70019
1.70128
1.67538
1.63576
1.60874
1.60119
1.60265
1.62427
1.67533
1.71369
1.73037
1.73082
1.75801
3.63091
17.8852
1.15693
1.18057
1.19185
1.19658
1.19633
1.17812
1.15015
1.14053
1.14199
1.14717
1.17205
1.22997
1.26235
1.27164
1.27617
1.27519
1.24782
1.21085
1.19273
1.18922
1.1925
1.20675
1.2419
1.28469
1.31885
1.33185
1.32946
1.30953
1.29598
1.28899
1.2832
1.28552
1.29594
1.3084
1.31319
1.30923
1.30249
1.31039
1.33654
1.35928
1.37946
1.40133
1.41618
1.42107
1.41142
1.38583
1.35477
1.3331
1.32768
1.33156
1.33919
1.37046
1.44674
1.49471
1.51022
1.5175
1.51736
1.50302
1.46879
1.43117
1.41714
1.41984
1.43295
1.45066
1.4595
1.4689
1.49918
1.53774
1.55972
1.57076
1.58159
1.59629
1.60504
1.59448
1.56693
1.5416
1.52608
1.52055
1.5249
1.5427
1.59043
1.63975
1.67099
1.68872
1.69987
1.70563
1.70243
1.66918
1.62238
1.59414
1.58736
1.59073
1.61917
1.67737
1.71315
1.72028
1.75282
3.70248
17.9517
1.17384
1.19836
1.20376
1.20553
1.18587
1.15238
1.1392
1.14002
1.14378
1.15193
1.19198
1.24381
1.26538
1.27328
1.27439
1.25203
1.2251
1.2106
1.20279
1.2048
1.21985
1.2438
1.25703
1.27012
1.28556
1.29299
1.29147
1.29049
1.29642
1.30829
1.32209
1.32825
1.32654
1.32092
1.30457
1.28334
1.27582
1.28024
1.30249
1.3528
1.40047
1.42766
1.43819
1.44243
1.43398
1.3957
1.35135
1.33153
1.32907
1.33311
1.34387
1.36973
1.41547
1.47071
1.49533
1.5007
1.49425
1.48858
1.48858
1.47899
1.46306
1.45584
1.45687
1.45932
1.45306
1.44517
1.4499
1.47775
1.52806
1.56931
1.59557
1.61185
1.62176
1.62441
1.60366
1.5595
1.52535
1.51453
1.51659
1.52387
1.54678
1.60899
1.66088
1.68382
1.69387
1.69895
1.69837
1.6917
1.6598
1.61549
1.59021
1.58394
1.58809
1.62299
1.67244
1.69463
1.73333
3.78816
18.0146
1.18885
1.20482
1.20769
1.19627
1.16364
1.14419
1.14114
1.14348
1.1519
1.17828
1.21507
1.24593
1.26257
1.26516
1.24823
1.2298
1.22391
1.22095
1.22576
1.24117
1.25843
1.26524
1.26162
1.24462
1.238
1.24913
1.27163
1.29396
1.32016
1.34371
1.35495
1.35726
1.34609
1.31406
1.27707
1.26268
1.26338
1.2686
1.28059
1.33355
1.4081
1.43483
1.44314
1.44687
1.438
1.40851
1.36616
1.34253
1.34034
1.35074
1.37295
1.38713
1.39303
1.40868
1.44099
1.46607
1.47817
1.48825
1.50451
1.51809
1.51882
1.50115
1.47751
1.45447
1.4363
1.42879
1.43172
1.44076
1.47933
1.54968
1.59524
1.61189
1.6208
1.62396
1.61734
1.58806
1.54403
1.52233
1.52163
1.53135
1.54611
1.57016
1.62217
1.65948
1.67277
1.67833
1.68383
1.69123
1.69183
1.66659
1.62317
1.59227
1.5831
1.58203
1.61123
1.64999
1.69915
3.87705
18.0657
1.19972
1.21226
1.19787
1.17142
1.15414
1.14734
1.14842
1.15919
1.18355
1.20124
1.21336
1.22772
1.23369
1.22942
1.2242
1.22733
1.23602
1.25238
1.2672
1.27426
1.27529
1.26445
1.23481
1.21544
1.2134
1.22072
1.25257
1.31115
1.35587
1.37319
1.37854
1.37543
1.35271
1.29853
1.26635
1.26063
1.26393
1.27131
1.29519
1.33992
1.39305
1.42621
1.43505
1.42584
1.41013
1.40528
1.39829
1.38407
1.37856
1.38274
1.38888
1.3901
1.37795
1.36928
1.37866
1.41663
1.4654
1.50221
1.52707
1.54154
1.54906
1.54419
1.50881
1.4616
1.43467
1.42858
1.43192
1.44013
1.46037
1.51204
1.57245
1.59905
1.60722
1.60438
1.60039
1.59664
1.58264
1.56036
1.54796
1.54481
1.54412
1.54586
1.55947
1.60231
1.6395
1.66034
1.67671
1.69048
1.69996
1.70116
1.67508
1.62192
1.57976
1.56492
1.56417
1.59132
1.65607
3.95036
18.1004
1.20054
1.20555
1.18372
1.16953
1.16038
1.16035
1.17153
1.19306
1.20503
1.20795
1.19945
1.18839
1.19012
1.20458
1.22252
1.24604
1.27273
1.2888
1.2944
1.29263
1.27408
1.23221
1.20676
1.20251
1.20614
1.21214
1.23824
1.31857
1.3681
1.38077
1.38603
1.37838
1.33894
1.2986
1.27336
1.26745
1.27394
1.30136
1.32868
1.34006
1.35289
1.37503
1.3931
1.39969
1.40448
1.41333
1.42763
1.43747
1.43105
1.41429
1.39609
1.37329
1.35374
1.34839
1.35232
1.36601
1.42285
1.4979
1.53367
1.54593
1.5523
1.55137
1.53319
1.48993
1.45153
1.43984
1.44391
1.46019
1.47859
1.49264
1.52178
1.5572
1.57527
1.5828
1.58982
1.59918
1.61182
1.61051
1.58655
1.55895
1.53825
1.52683
1.52582
1.54032
1.58683
1.63807
1.67095
1.68836
1.69825
1.70269
1.69944
1.66816
1.61053
1.56447
1.54674
1.5444
1.60483
3.984
18.1293
1.18362
1.18551
1.18238
1.18252
1.1851
1.19313
1.2032
1.20929
1.20952
1.1923
1.16783
1.16009
1.16359
1.18266
1.23124
1.28297
1.30813
1.31503
1.31422
1.29767
1.24974
1.2087
1.19758
1.19937
1.20431
1.22252
1.2688
1.3218
1.3611
1.37507
1.36954
1.34421
1.32676
1.31353
1.30091
1.30089
1.3146
1.33031
1.33614
1.3324
1.31658
1.3139
1.33555
1.3756
1.41009
1.43872
1.46103
1.47105
1.47105
1.44782
1.4019
1.36345
1.34753
1.34698
1.3519
1.36203
1.39201
1.46046
1.51828
1.53808
1.54153
1.52899
1.51828
1.51224
1.49633
1.48099
1.47748
1.48056
1.48296
1.47931
1.47937
1.49882
1.53792
1.56746
1.58871
1.61204
1.62856
1.63598
1.62828
1.59142
1.54573
1.51971
1.5153
1.51905
1.53257
1.58753
1.64957
1.67961
1.69078
1.69605
1.69623
1.68646
1.65482
1.60123
1.55696
1.52695
1.55366
3.95215
18.1709
1.15969
1.18043
1.1947
1.21094
1.22265
1.2265
1.22456
1.21559
1.18881
1.15957
1.14906
1.1502
1.15495
1.16812
1.23192
1.29955
1.31929
1.3261
1.32603
1.29366
1.2406
1.21079
1.20183
1.20453
1.22586
1.26367
1.28752
1.30362
1.32023
1.32853
1.32841
1.32914
1.33283
1.33693
1.34825
1.35569
1.35459
1.348
1.33
1.30084
1.28665
1.28731
1.29652
1.33338
1.40508
1.45715
1.47741
1.4859
1.48831
1.47401
1.42623
1.37423
1.35386
1.35335
1.36408
1.38983
1.41044
1.42514
1.45676
1.49027
1.50536
1.51093
1.5171
1.52614
1.53772
1.5377
1.52007
1.49774
1.47702
1.46081
1.45486
1.46091
1.48805
1.54074
1.58869
1.61768
1.63114
1.6379
1.6405
1.62677
1.57745
1.53254
1.5162
1.51519
1.52084
1.54078
1.59705
1.64862
1.67115
1.67878
1.68101
1.67938
1.67382
1.65139
1.6065
1.55252
1.52492
3.86025
18.2238
1.13336
1.17942
1.21803
1.24277
1.25163
1.25277
1.24141
1.20698
1.1635
1.14335
1.14198
1.14554
1.15392
1.18717
1.24677
1.29529
1.31641
1.31908
1.29816
1.26929
1.24781
1.22993
1.22807
1.24307
1.26987
1.28287
1.28531
1.2742
1.26176
1.26836
1.29434
1.32386
1.35201
1.38129
1.39681
1.39895
1.3872
1.3537
1.30607
1.27755
1.27274
1.27626
1.28414
1.30711
1.37917
1.45432
1.47885
1.48451
1.4732
1.44968
1.43144
1.40961
1.39057
1.38834
1.39833
1.40858
1.41304
1.40739
1.40265
1.41869
1.46106
1.50002
1.52662
1.54868
1.564
1.57072
1.56118
1.52466
1.48092
1.45463
1.44839
1.45189
1.45981
1.49666
1.56966
1.61116
1.62491
1.63026
1.62784
1.62081
1.60658
1.57444
1.54432
1.53148
1.52942
1.53158
1.54078
1.58216
1.63051
1.65679
1.66776
1.67359
1.67575
1.67314
1.65695
1.60334
1.5265
3.74364
18.286
1.1151
1.15975
1.22895
1.25469
1.26281
1.26693
1.25721
1.20714
1.16034
1.14527
1.14489
1.15368
1.18457
1.21612
1.23914
1.26346
1.27668
1.27528
1.27006
1.269
1.26751
1.27145
1.28148
1.29037
1.29447
1.28982
1.25983
1.23218
1.22687
1.23371
1.25674
1.31279
1.37972
1.4161
1.42724
1.42962
1.41691
1.36412
1.30217
1.27768
1.27474
1.28033
1.30228
1.33769
1.36964
1.40799
1.43907
1.4461
1.44219
1.44202
1.44389
1.44733
1.44949
1.44331
1.43317
1.42068
1.40184
1.38129
1.37462
1.37957
1.40243
1.46443
1.52703
1.55895
1.57158
1.57792
1.57727
1.55648
1.50407
1.46444
1.45351
1.4574
1.47116
1.49257
1.52756
1.57479
1.59955
1.608
1.61246
1.61676
1.62134
1.6202
1.59853
1.56513
1.53967
1.52579
1.52111
1.52414
1.55961
1.61715
1.65491
1.67021
1.67527
1.67574
1.67365
1.64797
1.58345
3.6484
18.3695
1.1184
1.16021
1.22349
1.2535
1.2613
1.25566
1.23119
1.20184
1.17587
1.16484
1.1701
1.19341
1.21615
1.22313
1.22459
1.21625
1.21789
1.23657
1.25867
1.27998
1.30625
1.32464
1.32807
1.3217
1.30544
1.26671
1.22703
1.2115
1.21187
1.21725
1.23179
1.29456
1.38538
1.42073
1.43074
1.42887
1.39904
1.35725
1.32188
1.2999
1.29835
1.31397
1.34009
1.35414
1.35832
1.35586
1.36042
1.38582
1.41645
1.44056
1.46337
1.48515
1.49576
1.49344
1.47116
1.43201
1.3919
1.37105
1.36863
1.37328
1.38226
1.41868
1.50219
1.55303
1.56782
1.57023
1.55987
1.54705
1.53125
1.50444
1.48638
1.48349
1.48683
1.49013
1.49336
1.51072
1.54999
1.58099
1.59981
1.61592
1.63161
1.64083
1.64151
1.61777
1.57007
1.52901
1.51013
1.50615
1.50806
1.54663
1.61518
1.65808
1.67121
1.67184
1.67011
1.65891
1.6424
3.62061
18.4582
1.13813
1.16362
1.19318
1.21821
1.22564
1.22156
1.21485
1.21143
1.20797
1.20874
1.21601
1.22532
1.22941
1.22221
1.19329
1.17816
1.1796
1.1957
1.23893
1.29897
1.34542
1.36328
1.367
1.35066
1.30195
1.2494
1.21928
1.21223
1.21381
1.22296
1.25722
1.3029
1.354
1.39362
1.40389
1.39445
1.3778
1.36564
1.35689
1.3527
1.35374
1.35802
1.36175
1.36021
1.33782
1.31636
1.31506
1.32854
1.3702
1.43215
1.48319
1.50812
1.51777
1.52037
1.50796
1.46062
1.40148
1.37548
1.37225
1.37952
1.40089
1.42802
1.46119
1.50815
1.53409
1.53956
1.54076
1.54518
1.5503
1.55354
1.5415
1.51908
1.49938
1.48417
1.47309
1.47173
1.48575
1.52796
1.57735
1.61452
1.63585
1.64564
1.65041
1.64809
1.61753
1.56021
1.51659
1.49867
1.49624
1.50208
1.54572
1.61881
1.65602
1.66159
1.65999
1.64927
1.67319
3.66308
18.5466
1.15724
1.16452
1.16275
1.16365
1.1839
1.20584
1.21903
1.23339
1.24935
1.25817
1.25637
1.24827
1.23136
1.19732
1.17252
1.1671
1.1703
1.17725
1.20716
1.29907
1.35667
1.37066
1.3761
1.36826
1.31717
1.25292
1.22503
1.22064
1.23023
1.26303
1.29076
1.30036
1.30753
1.32025
1.34059
1.35775
1.36787
1.38058
1.40206
1.41564
1.41329
1.3987
1.37647
1.34318
1.30952
1.29649
1.29792
1.3041
1.32379
1.39749
1.48171
1.51036
1.51875
1.5154
1.49352
1.46466
1.43376
1.40806
1.40201
1.41088
1.42262
1.4291
1.43271
1.44047
1.4718
1.5064
1.52892
1.54744
1.5697
1.58393
1.58554
1.56553
1.52578
1.48496
1.4615
1.4558
1.45841
1.47311
1.53107
1.59934
1.63184
1.64199
1.64672
1.64504
1.63431
1.60362
1.55294
1.51522
1.50058
1.49995
1.50482
1.54605
1.60804
1.63689
1.64174
1.63231
1.679
3.75998
18.6224
1.16642
1.15377
1.13359
1.13123
1.14021
1.17613
1.22537
1.26516
1.28843
1.29493
1.28927
1.2622
1.21571
1.17723
1.16352
1.16392
1.1683
1.18088
1.22403
1.29004
1.34391
1.3623
1.35898
1.33286
1.30543
1.28119
1.26201
1.2617
1.27688
1.29385
1.30005
1.29668
1.27406
1.26302
1.27407
1.31127
1.36026
1.40765
1.44359
1.45853
1.46193
1.44429
1.39421
1.33755
1.30589
1.29778
1.29979
1.31064
1.34139
1.3839
1.43785
1.47914
1.49051
1.48515
1.4762
1.47374
1.47161
1.46587
1.45546
1.44573
1.4372
1.42456
1.40695
1.40137
1.41209
1.45225
1.50721
1.55433
1.58389
1.59714
1.6029
1.60039
1.56689
1.50429
1.46403
1.45364
1.45587
1.4639
1.48886
1.55201
1.6063
1.62638
1.63067
1.62516
1.62197
1.62184
1.60705
1.56781
1.52976
1.50722
1.50034
1.49893
1.52951
1.58594
1.61722
1.61804
1.66849
3.87298
18.6833
1.1628
1.13525
1.12812
1.12916
1.13273
1.14528
1.21121
1.28412
1.30668
1.3142
1.31392
1.28425
1.21595
1.17484
1.16521
1.16691
1.18166
1.21847
1.24609
1.26493
1.28889
1.30874
1.31527
1.31631
1.31889
1.31922
1.32086
1.3211
1.31887
1.31405
1.2998
1.26744
1.24354
1.23835
1.24258
1.25784
1.32146
1.41036
1.45165
1.464
1.46925
1.46035
1.41695
1.3566
1.323
1.31494
1.32265
1.34586
1.36655
1.37425
1.38171
1.4021
1.43326
1.45496
1.46706
1.4816
1.50289
1.51416
1.50917
1.48607
1.45282
1.41541
1.39073
1.38537
1.38914
1.40266
1.46106
1.543
1.58271
1.59489
1.59956
1.59401
1.57657
1.54182
1.49822
1.47559
1.47314
1.4797
1.48811
1.50006
1.54076
1.58463
1.60482
1.61116
1.61535
1.62317
1.63045
1.62479
1.58446
1.53243
1.49674
1.48423
1.48249
1.50983
1.56995
1.5969
1.65528
3.98426
18.7369
1.14973
1.12266
1.12337
1.12749
1.13417
1.15927
1.22098
1.28118
1.30652
1.31202
1.29923
1.26197
1.2223
1.19222
1.18419
1.19389
1.2234
1.24569
1.25119
1.24633
1.22982
1.23115
1.26033
1.30111
1.33199
1.36014
1.37797
1.38017
1.36549
1.33183
1.28599
1.24858
1.23393
1.23417
1.23886
1.25125
1.2921
1.37387
1.43459
1.45313
1.45011
1.42715
1.40621
1.39153
1.37373
1.36606
1.36928
1.37562
1.37856
1.36988
1.34933
1.34589
1.36544
1.41211
1.46161
1.50112
1.52707
1.53844
1.54184
1.52734
1.47825
1.42085
1.39206
1.38662
1.39097
1.40381
1.43297
1.49574
1.55304
1.57393
1.57718
1.57202
1.56821
1.56821
1.55743
1.5311
1.5081
1.49466
1.48598
1.48045
1.48336
1.5124
1.56451
1.59934
1.61589
1.62839
1.63931
1.64414
1.63424
1.58715
1.52449
1.48127
1.46766
1.46649
1.50046
1.55675
1.63138
4.07885
18.7838
1.14894
1.12406
1.12478
1.13277
1.15875
1.18605
1.2101
1.24703
1.27169
1.27492
1.2672
1.25686
1.24355
1.23433
1.23345
1.24094
1.24969
1.25318
1.24326
1.21011
1.19287
1.1945
1.20879
1.26016
1.33972
1.39212
1.41167
1.41735
1.41008
1.36945
1.29467
1.24884
1.2369
1.23836
1.25396
1.28957
1.31561
1.3323
1.36179
1.39116
1.40403
1.4081
1.41295
1.42162
1.43262
1.43287
1.42041
1.40257
1.37909
1.34728
1.32627
1.32342
1.32872
1.35419
1.42947
1.50215
1.53117
1.54078
1.54386
1.53229
1.50007
1.45177
1.41704
1.40761
1.4137
1.42715
1.43748
1.44692
1.47874
1.52129
1.54625
1.55727
1.56615
1.58165
1.59357
1.59181
1.56285
1.52024
1.48415
1.46462
1.45898
1.46174
1.49529
1.56171
1.61011
1.63193
1.64058
1.64327
1.64124
1.6246
1.57182
1.50777
1.46921
1.45879
1.46245
1.49943
1.58928
4.13165
18.8305
1.15981
1.13676
1.1414
1.16322
1.18599
1.19459
1.19846
1.19843
1.20494
1.22742
1.24807
1.26186
1.28002
1.29425
1.29418
1.28212
1.26695
1.24253
1.20492
1.18093
1.17626
1.17975
1.18733
1.22212
1.32586
1.39739
1.41566
1.41802
1.39562
1.35157
1.31199
1.27871
1.26653
1.27434
1.29784
1.31516
1.31928
1.3103
1.29528
1.30303
1.34334
1.39122
1.42737
1.45751
1.47689
1.48308
1.47289
1.43555
1.38243
1.34204
1.32549
1.32452
1.32889
1.34386
1.38842
1.46967
1.51624
1.52848
1.52251
1.50555
1.49708
1.49074
1.47428
1.45706
1.44815
1.44453
1.43827
1.42509
1.42239
1.44227
1.49218
1.53964
1.57321
1.5969
1.61083
1.617
1.61197
1.56828
1.50372
1.46395
1.45293
1.45406
1.46128
1.50364
1.5813
1.62116
1.63113
1.63182
1.62594
1.61533
1.59949
1.56447
1.51406
1.47884
1.46427
1.45271
1.52875
4.14419
18.8732
1.1908
1.17033
1.17349
1.1833
1.1895
1.19139
1.17647
1.15821
1.15697
1.17271
1.21617
1.27238
1.31886
1.34172
1.34677
1.33212
1.28495
1.22843
1.19121
1.17843
1.17823
1.1835
1.21107
1.2525
1.2948
1.34949
1.37647
1.37468
1.36205
1.35214
1.34117
1.334
1.33079
1.33133
1.33246
1.32958
1.30867
1.27504
1.26069
1.26278
1.27758
1.33665
1.42396
1.47352
1.49044
1.49733
1.49602
1.46944
1.40933
1.35659
1.33719
1.33681
1.35143
1.37649
1.39467
1.41364
1.45091
1.47849
1.48882
1.49378
1.50177
1.51628
1.52692
1.52
1.49465
1.46405
1.43187
1.40693
1.39856
1.40131
1.42089
1.48894
1.5641
1.60036
1.61201
1.61708
1.61479
1.59699
1.54765
1.49177
1.46556
1.46214
1.47083
1.48467
1.51763
1.5724
1.59983
1.60572
1.60641
1.60654
1.60707
1.60161
1.5748
1.52753
1.48715
1.44718
1.45084
4.10434
18.91
1.22771
1.21404
1.201
1.19451
1.18624
1.16454
1.14557
1.13994
1.14273
1.1492
1.17466
1.25906
1.32838
1.34834
1.35471
1.35436
1.31758
1.24097
1.19864
1.18844
1.19371
1.22254
1.25463
1.26612
1.27028
1.27031
1.28229
1.30995
1.3348
1.35347
1.37755
1.39798
1.40261
1.39038
1.3652
1.32844
1.28357
1.25696
1.25215
1.25556
1.26308
1.29344
1.38313
1.4641
1.48788
1.49141
1.47152
1.44382
1.42431
1.40049
1.38257
1.38093
1.3887
1.3945
1.39383
1.38095
1.37862
1.40475
1.45092
1.48926
1.51836
1.54301
1.5557
1.55951
1.54525
1.49715
1.4394
1.40605
1.39726
1.39874
1.40606
1.4365
1.51949
1.58257
1.60153
1.60346
1.59142
1.58347
1.57707
1.55078
1.51429
1.49194
1.48284
1.47903
1.47718
1.49593
1.54405
1.57641
1.59167
1.60413
1.6149
1.61602
1.60795
1.58151
1.5334
1.46568
1.41562
4.00891
18.9361
1.25342
1.25941
1.23846
1.20771
1.17468
1.14611
1.13334
1.1332
1.13699
1.1449
1.1713
1.22851
1.30183
1.33485
1.34015
1.3278
1.30252
1.2754
1.24766
1.23951
1.24763
1.26195
1.2682
1.26662
1.24091
1.21931
1.21999
1.24057
1.29133
1.35863
1.41392
1.44052
1.44789
1.4424
1.41202
1.34198
1.28232
1.2595
1.25623
1.26352
1.29262
1.32714
1.35497
1.39641
1.43162
1.44014
1.43775
1.43919
1.44138
1.44817
1.45135
1.44177
1.42463
1.40309
1.37415
1.35041
1.3453
1.35129
1.38396
1.45843
1.52358
1.55229
1.56186
1.56598
1.56052
1.53191
1.47554
1.42923
1.41248
1.41388
1.4273
1.44525
1.46525
1.5129
1.55483
1.57066
1.57536
1.57988
1.58702
1.59408
1.58272
1.54202
1.49893
1.47218
1.46216
1.45813
1.4703
1.51985
1.57112
1.60275
1.61771
1.62056
1.61525
1.6027
1.57192
1.50777
1.43462
3.87882
18.9869
1.26182
1.28092
1.27974
1.24675
1.18351
1.14714
1.13671
1.13768
1.14749
1.17307
1.19372
1.20688
1.23174
1.27124
1.29747
1.30578
1.3095
1.31546
1.31685
1.30789
1.29551
1.28466
1.26678
1.23324
1.20637
1.19672
1.19836
1.2048
1.23257
1.33177
1.41929
1.44452
1.45124
1.43969
1.39733
1.3519
1.3133
1.29164
1.2919
1.30976
1.33078
1.33837
1.33761
1.32752
1.33562
1.37357
1.41394
1.44375
1.47132
1.49392
1.50188
1.49437
1.46231
1.41009
1.36325
1.34288
1.34119
1.34541
1.35596
1.40496
1.49825
1.54548
1.55667
1.55273
1.53371
1.52106
1.51029
1.4851
1.46086
1.45047
1.44862
1.4466
1.44063
1.44316
1.47538
1.52897
1.5644
1.58334
1.60045
1.61493
1.61875
1.60003
1.54531
1.48794
1.45468
1.44292
1.44052
1.4545
1.51978
1.58601
1.61316
1.61786
1.61236
1.59953
1.58172
1.54273
1.49778
3.77288
19.0772
1.25333
1.27642
1.272
1.25312
1.21692
1.17629
1.16183
1.16439
1.17763
1.19254
1.1981
1.19837
1.19055
1.19622
1.23414
1.28639
1.32384
1.34826
1.36415
1.36738
1.35081
1.31099
1.26268
1.22368
1.20432
1.20034
1.20229
1.2177
1.25592
1.30325
1.36828
1.40855
1.41506
1.40367
1.38787
1.37441
1.36515
1.35989
1.35779
1.35633
1.35329
1.33871
1.30404
1.28497
1.28577
1.30346
1.36043
1.43924
1.4934
1.51555
1.52352
1.52274
1.50004
1.43772
1.37578
1.35042
1.34773
1.35774
1.38303
1.40924
1.44005
1.48619
1.51128
1.51641
1.51843
1.52273
1.52965
1.53831
1.53186
1.50456
1.47169
1.44189
1.42169
1.41381
1.41724
1.45146
1.52116
1.57894
1.61023
1.62183
1.62465
1.62085
1.59447
1.5269
1.46741
1.44384
1.44001
1.44398
1.46677
1.5348
1.58793
1.60113
1.59713
1.58568
1.57564
1.55936
1.56728
3.72706
19.1821
1.218
1.25995
1.2629
1.26514
1.25858
1.23365
1.20809
1.19707
1.19617
1.19831
1.19538
1.1789
1.16953
1.17101
1.17969
1.22396
1.30454
1.35394
1.37058
1.3771
1.37879
1.35586
1.28749
1.23431
1.216
1.21591
1.23144
1.26149
1.2779
1.2827
1.28941
1.31153
1.34587
1.36967
1.38193
1.39972
1.42222
1.43108
1.42237
1.39921
1.36513
1.31755
1.28207
1.27206
1.2743
1.28072
1.30727
1.40009
1.48914
1.51511
1.51998
1.50603
1.47745
1.45143
1.41977
1.39404
1.38829
1.39556
1.40351
1.40652
1.40196
1.40401
1.43508
1.4793
1.51124
1.53383
1.55626
1.57019
1.57396
1.55796
1.50894
1.45098
1.41522
1.40572
1.40724
1.4137
1.45764
1.55037
1.60139
1.61449
1.61522
1.60577
1.59235
1.56914
1.52302
1.48241
1.46398
1.45717
1.45468
1.46539
1.51882
1.56178
1.57651
1.57718
1.57456
1.56235
1.60876
3.74747
19.2664
1.16109
1.22776
1.25872
1.27253
1.28014
1.2836
1.2691
1.23975
1.21625
1.19933
1.18389
1.17105
1.16713
1.16961
1.17501
1.18726
1.23575
1.31582
1.35342
1.36215
1.35953
1.34495
1.32373
1.28975
1.26905
1.26685
1.27455
1.28189
1.28395
1.26885
1.24655
1.24541
1.26719
1.32006
1.38024
1.43046
1.45989
1.46999
1.46921
1.44902
1.38965
1.32001
1.28563
1.27707
1.28059
1.30095
1.33591
1.37356
1.42754
1.46829
1.47684
1.47185
1.47004
1.46938
1.47004
1.46507
1.44996
1.43299
1.41516
1.39094
1.36799
1.36264
1.37055
1.4099
1.48186
1.5416
1.57081
1.58133
1.58539
1.58062
1.5505
1.48364
1.43084
1.4131
1.41347
1.42745
1.4492
1.48591
1.54738
1.58102
1.58876
1.58932
1.58856
1.58691
1.58073
1.55109
1.50556
1.46935
1.44897
1.44142
1.44464
1.4895
1.54266
1.56834
1.57615
1.56501
1.62592
3.8141
19.3304
1.12764
1.15548
1.22108
1.2691
1.29139
1.30398
1.3092
1.29884
1.25992
1.21672
1.18811
1.1756
1.17393
1.17907
1.18719
1.19287
1.19811
1.22656
1.29004
1.33054
1.34374
1.34806
1.35555
1.35725
1.34246
1.32146
1.3052
1.28974
1.26655
1.23992
1.22507
1.2243
1.22947
1.25187
1.33859
1.43103
1.46282
1.47171
1.46906
1.43981
1.39533
1.3521
1.32061
1.31287
1.32287
1.34146
1.35145
1.35469
1.35399
1.37164
1.41229
1.44587
1.4692
1.49439
1.51542
1.52185
1.51038
1.47591
1.42658
1.37907
1.35643
1.35369
1.35725
1.36783
1.42436
1.52206
1.56687
1.57772
1.57607
1.56071
1.54334
1.52097
1.48298
1.45486
1.44636
1.44658
1.44662
1.44575
1.46282
1.51618
1.55739
1.57545
1.58614
1.59896
1.6066
1.60277
1.56996
1.50983
1.45578
1.42729
1.41867
1.42277
1.47661
1.54328
1.57226
1.56666
1.63324
3.89211
19.3877
1.12658
1.13038
1.15279
1.22753
1.28811
1.30686
1.31275
1.31446
1.30203
1.2633
1.22046
1.19665
1.18968
1.19055
1.19223
1.19082
1.19035
1.19293
1.20726
1.26058
1.32135
1.35704
1.3758
1.3908
1.39631
1.38522
1.35125
1.30761
1.26523
1.23827
1.22814
1.22798
1.23481
1.25911
1.30234
1.37427
1.42687
1.44102
1.43605
1.42227
1.4104
1.39941
1.38868
1.37871
1.37169
1.36674
1.35591
1.32787
1.30964
1.31099
1.33449
1.39549
1.46673
1.51628
1.53798
1.54602
1.54547
1.52347
1.45889
1.39252
1.36312
1.35817
1.36525
1.38832
1.4186
1.46169
1.51593
1.54015
1.54342
1.54182
1.54343
1.54491
1.54323
1.52351
1.49114
1.46153
1.44
1.42701
1.42189
1.43483
1.48904
1.54808
1.58704
1.60788
1.61422
1.61414
1.60824
1.56748
1.49179
1.43342
1.41195
1.40915
1.42217
1.48787
1.54535
1.55347
1.62592
3.97846
19.4484
1.12987
1.13368
1.14186
1.16517
1.23652
1.28996
1.30529
1.30911
1.31158
1.30894
1.27953
1.23601
1.20613
1.19255
1.19053
1.19258
1.19257
1.19224
1.19512
1.20289
1.24551
1.3249
1.37604
1.39521
1.40274
1.4067
1.39921
1.35253
1.28833
1.25358
1.24428
1.24841
1.26556
1.28349
1.28972
1.29938
1.33197
1.3766
1.40276
1.41359
1.4266
1.44604
1.45393
1.44394
1.41847
1.38516
1.34206
1.30658
1.29453
1.29585
1.30179
1.32896
1.42504
1.51174
1.53765
1.54358
1.53503
1.50932
1.47925
1.43976
1.40678
1.39653
1.40196
1.41039
1.41451
1.41578
1.42841
1.47074
1.5092
1.53035
1.54649
1.56733
1.57889
1.57662
1.54789
1.4966
1.44623
1.41616
1.40729
1.4074
1.4222
1.49272
1.57236
1.60272
1.6084
1.60871
1.60275
1.58798
1.54682
1.48009
1.43236
1.41734
1.41811
1.43913
1.49094
1.51268
1.59164
4.07126
19.4983
1.13839
1.1417
1.14885
1.15479
1.17074
1.22839
1.28389
1.30536
1.31226
1.31313
1.30863
1.28849
1.25197
1.22124
1.20556
1.20071
1.19929
1.19941
1.2022
1.20625
1.21214
1.24391
1.32473
1.37769
1.39271
1.3953
1.3877
1.37092
1.34158
1.30704
1.28951
1.28634
1.28939
1.29222
1.2847
1.26796
1.26775
1.29243
1.35116
1.40927
1.45041
1.4761
1.48643
1.48729
1.46832
1.41412
1.34814
1.31054
1.29918
1.30082
1.31427
1.34364
1.383
1.44727
1.49458
1.50707
1.50492
1.50157
1.4989
1.49431
1.48009
1.45792
1.43883
1.42294
1.40379
1.38441
1.38004
1.39408
1.44647
1.51036
1.55792
1.58271
1.59183
1.5939
1.58657
1.54434
1.47207
1.42379
1.40872
1.40882
1.41733
1.44224
1.51125
1.57153
1.58771
1.58707
1.57997
1.5765
1.57374
1.54991
1.49703
1.45083
1.42955
1.42449
1.42685
1.45032
1.54047
4.16861
19.526
1.15221
1.15112
1.15561
1.15921
1.16307
1.16854
1.20455
1.26185
1.29164
1.30149
1.30786
1.3142
1.31028
1.28359
1.24865
1.22449
1.21245
1.20739
1.20579
1.20684
1.21018
1.21496
1.23889
1.30894
1.36068
1.3776
1.38151
1.38516
1.38767
1.37659
1.35035
1.3253
1.30626
1.28778
1.26713
1.2532
1.25186
1.2563
1.27921
1.36267
1.44721
1.47837
1.48734
1.4878
1.47123
1.4334
1.38417
1.34564
1.33185
1.33508
1.34752
1.35689
1.361
1.36682
1.39966
1.44914
1.48099
1.49884
1.51801
1.53569
1.54028
1.52345
1.48409
1.43723
1.39353
1.37068
1.36665
1.36942
1.38495
1.45839
1.54543
1.57947
1.58771
1.5879
1.5773
1.55789
1.52055
1.47095
1.44079
1.43142
1.43096
1.43228
1.44183
1.49348
1.54319
1.56126
1.56718
1.57511
1.58359
1.58523
1.56557
1.51077
1.45269
1.41604
1.40131
1.38606
1.48453
4.24017
19.5278
1.17759
1.16369
1.16386
1.16333
1.15838
1.15222
1.15481
1.17941
1.24148
1.29009
1.31181
1.32227
1.33
1.33277
1.31608
1.27627
1.23937
1.21752
1.2089
1.20886
1.21209
1.21658
1.21956
1.22762
1.27255
1.33524
1.37398
1.39388
1.40752
1.41565
1.41259
1.3844
1.34073
1.29745
1.26806
1.25641
1.25568
1.26095
1.27666
1.31078
1.38525
1.44336
1.46109
1.46147
1.45437
1.44716
1.43546
1.41448
1.39253
1.37816
1.37022
1.36045
1.34037
1.32824
1.33171
1.36269
1.43042
1.49507
1.53626
1.55527
1.56283
1.56199
1.53624
1.46889
1.40535
1.37607
1.36989
1.37442
1.39109
1.42192
1.48562
1.54296
1.56167
1.56205
1.55548
1.55367
1.55336
1.54081
1.50471
1.46697
1.44114
1.42641
1.42083
1.42333
1.4608
1.51956
1.55793
1.57921
1.59201
1.59593
1.59317
1.56794
1.507
1.44359
1.40248
1.36601
1.41795
4.23282
19.5381
1.22371
1.18672
1.17275
1.16205
1.15108
1.14377
1.14284
1.14585
1.16267
1.22623
1.29343
1.32336
1.33389
1.33951
1.34394
1.33721
1.30251
1.25944
1.23361
1.2247
1.22304
1.22032
1.21068
1.20511
1.20944
1.24314
1.32223
1.386
1.41287
1.42269
1.42785
1.42747
1.39752
1.33546
1.2917
1.27603
1.27616
1.28454
1.29455
1.29946
1.30849
1.35125
1.40626
1.43531
1.44667
1.45813
1.47247
1.47623
1.46043
1.42763
1.39208
1.3566
1.32894
1.31855
1.31965
1.32467
1.35442
1.45003
1.52898
1.55362
1.55963
1.55528
1.5373
1.50349
1.45145
1.41326
1.40088
1.40378
1.41068
1.41396
1.41977
1.45637
1.50741
1.53308
1.54292
1.55424
1.57059
1.57806
1.5685
1.52634
1.47003
1.42724
1.40708
1.40199
1.40368
1.44364
1.52261
1.57317
1.59028
1.59367
1.59172
1.57823
1.54359
1.48626
1.43201
1.37689
1.39701
4.1595
19.5854
1.27626
1.23465
1.19054
1.16478
1.14934
1.14241
1.14236
1.14509
1.15082
1.16685
1.2247
1.29688
1.33047
1.34163
1.34685
1.35158
1.35139
1.32745
1.28415
1.25056
1.22933
1.21183
1.20132
1.20105
1.20519
1.21256
1.24417
1.33395
1.40149
1.42141
1.42597
1.41933
1.40955
1.39229
1.35288
1.31975
1.30509
1.30144
1.29964
1.28881
1.28213
1.28635
1.31833
1.38458
1.44033
1.47215
1.48989
1.49905
1.5013
1.48339
1.43246
1.37438
1.33706
1.32398
1.32435
1.33411
1.35551
1.39096
1.46184
1.51359
1.52866
1.52931
1.5269
1.52495
1.51447
1.4857
1.45459
1.43456
1.42081
1.40449
1.39062
1.39186
1.42337
1.48571
1.53483
1.565
1.58274
1.59006
1.59117
1.57679
1.51991
1.44865
1.40874
1.39862
1.39809
1.40473
1.45935
1.54077
1.57573
1.58261
1.57904
1.56473
1.54531
1.51874
1.48202
1.42821
1.4181
4.0213
19.6644
1.29078
1.28764
1.23666
1.18767
1.15719
1.14667
1.14686
1.15161
1.16132
1.16938
1.17813
1.21697
1.28873
1.33308
1.34911
1.35543
1.35961
1.3621
1.34851
1.29869
1.24805
1.22099
1.21104
1.21032
1.21676
1.22913
1.2404
1.25926
1.32343
1.38274
1.40379
1.40948
1.41704
1.42377
1.41789
1.38287
1.34184
1.31401
1.29699
1.2863
1.2796
1.27909
1.28318
1.30625
1.38457
1.46038
1.4904
1.49877
1.50065
1.49374
1.47214
1.42468
1.37859
1.35662
1.35292
1.35801
1.36328
1.36621
1.37532
1.42362
1.48066
1.50959
1.52348
1.54011
1.55266
1.55149
1.52244
1.47608
1.43128
1.39608
1.37924
1.37658
1.38004
1.41262
1.49525
1.55963
1.58124
1.58686
1.58793
1.57943
1.55553
1.50124
1.44347
1.41649
1.41158
1.41566
1.42636
1.46625
1.52322
1.55108
1.55647
1.55384
1.5482
1.53915
1.5249
1.48643
1.45991
3.89202
19.7518
1.28383
1.28596
1.27668
1.24285
1.19418
1.16778
1.16086
1.16297
1.1677
1.17242
1.17821
1.18641
1.21275
1.27868
1.33109
1.35023
1.35624
1.35446
1.34577
1.33551
1.30447
1.26493
1.2436
1.237
1.23746
1.2403
1.24222
1.242
1.24926
1.29531
1.36681
1.40771
1.42211
1.42888
1.43352
1.4318
1.4029
1.35524
1.31715
1.29486
1.28505
1.28491
1.29001
1.29804
1.31722
1.3862
1.45386
1.47835
1.48424
1.48691
1.48797
1.48092
1.45067
1.4125
1.38721
1.37378
1.36178
1.34692
1.34157
1.34842
1.39351
1.46857
1.52367
1.55194
1.56538
1.57127
1.56822
1.5325
1.46626
1.40907
1.38296
1.3781
1.38157
1.39206
1.4337
1.51561
1.5607
1.5697
1.56622
1.55759
1.55435
1.54517
1.51197
1.46785
1.43956
1.42546
1.41595
1.41115
1.43817
1.49684
1.53367
1.54842
1.55479
1.5532
1.54771
1.52106
1.51325
3.81568
19.8264
1.26412
1.27369
1.2709
1.26746
1.25137
1.21631
1.18814
1.17643
1.17536
1.18071
1.19162
1.19707
1.19943
1.20627
1.2469
1.30247
1.32937
1.33753
1.34358
1.35156
1.35379
1.33458
1.29679
1.26756
1.25122
1.24207
1.23731
1.23601
1.23736
1.24318
1.27758
1.35265
1.40396
1.42249
1.4297
1.43406
1.43576
1.41868
1.3728
1.32928
1.30582
1.29818
1.29776
1.30004
1.30294
1.31272
1.36498
1.43473
1.47162
1.48794
1.4993
1.50721
1.5071
1.48279
1.43761
1.3954
1.36259
1.34303
1.33753
1.33929
1.34536
1.38879
1.48449
1.54488
1.56248
1.56738
1.56619
1.55612
1.51799
1.45813
1.41662
1.40194
1.4018
1.40595
1.41039
1.43606
1.49487
1.53242
1.54414
1.54922
1.55647
1.56166
1.56023
1.53448
1.48161
1.432
1.40522
1.3951
1.3903
1.41727
1.4903
1.54396
1.55942
1.55778
1.55189
1.53011
1.55965
3.79733
19.8934
1.21339
1.25457
1.26614
1.27623
1.28276
1.28046
1.25625
1.22616
1.20916
1.20463
1.20371
1.19793
1.18941
1.18365
1.18637
1.21548
1.27971
1.32773
1.34907
1.36046
1.37043
1.37522
1.3657
1.32799
1.28679
1.25955
1.24489
1.23992
1.24007
1.24076
1.24307
1.26106
1.33008
1.39614
1.42323
1.43464
1.44432
1.4492
1.43908
1.39247
1.34116
1.31209
1.3002
1.29713
1.29805
1.3005
1.30702
1.34804
1.42452
1.478
1.50006
1.50757
1.51163
1.5134
1.49688
1.44431
1.38927
1.35621
1.34506
1.34601
1.35374
1.36724
1.40636
1.48588
1.53283
1.54523
1.54739
1.54674
1.54411
1.52645
1.48351
1.44364
1.42172
1.41028
1.40148
1.39867
1.41403
1.47039
1.52445
1.55247
1.56553
1.57319
1.57516
1.57123
1.53962
1.47241
1.41645
1.39012
1.38159
1.38046
1.42107
1.50761
1.54969
1.55112
1.54418
1.52241
1.58537
3.84127
19.9699
1.14547
1.21191
1.25803
1.28222
1.29893
1.31327
1.31796
1.30254
1.26452
1.22788
1.20358
1.19035
1.17966
1.17178
1.17089
1.17432
1.19473
1.26074
1.3273
1.36021
1.37558
1.3843
1.38963
1.38685
1.35607
1.30835
1.2729
1.25494
1.24518
1.23614
1.23416
1.23734
1.2508
1.31415
1.39653
1.43576
1.44709
1.45202
1.45429
1.44688
1.4078
1.35637
1.324
1.30877
1.30334
1.30371
1.3076
1.31222
1.33794
1.41245
1.47464
1.49733
1.50414
1.50516
1.50296
1.49305
1.45287
1.40409
1.37585
1.36643
1.3659
1.36752
1.36865
1.3915
1.46208
1.515
1.53501
1.546
1.55693
1.5605
1.54942
1.50679
1.45454
1.41497
1.39466
1.38965
1.38972
1.40273
1.46471
1.53487
1.56633
1.57322
1.57353
1.57015
1.55876
1.52354
1.45909
1.40972
1.38923
1.38551
1.39341
1.43904
1.50419
1.52721
1.52264
1.50053
1.58481
3.94302
20.0366
1.10708
1.13028
1.20602
1.2725
1.31066
1.33233
1.34267
1.34621
1.33291
1.28624
1.23143
1.19492
1.17623
1.169
1.16944
1.17241
1.178
1.1934
1.25472
1.33495
1.37533
1.38846
1.39378
1.3982
1.39915
1.37653
1.32355
1.27302
1.24369
1.23503
1.23516
1.23834
1.24384
1.25621
1.31185
1.39508
1.43504
1.44657
1.45112
1.45536
1.45525
1.42802
1.37919
1.34199
1.32251
1.31436
1.31102
1.3105
1.31331
1.32969
1.39638
1.46358
1.48901
1.4964
1.50427
1.51041
1.50881
1.47598
1.4252
1.38984
1.3706
1.35963
1.35558
1.35709
1.37538
1.44522
1.51448
1.54619
1.55642
1.56068
1.56248
1.55497
1.51019
1.44613
1.40501
1.39112
1.38965
1.3931
1.41114
1.479
1.54333
1.56207
1.56199
1.55166
1.54492
1.54046
1.52124
1.47438
1.42993
1.40563
1.39637
1.39254
1.42298
1.47441
1.49604
1.48425
1.57102
4.06365
20.0876
1.1045
1.11071
1.14419
1.22291
1.30543
1.33587
1.34514
1.34928
1.34693
1.3324
1.2851
1.22276
1.18586
1.17365
1.17316
1.17761
1.18652
1.19699
1.20846
1.25242
1.33123
1.37831
1.39349
1.39853
1.39995
1.39812
1.38157
1.32855
1.27437
1.24973
1.24489
1.24754
1.25329
1.26035
1.26865
1.30365
1.37941
1.43159
1.45102
1.45848
1.46374
1.46648
1.44805
1.39888
1.35167
1.32265
1.31049
1.30856
1.31015
1.31286
1.32345
1.38145
1.45846
1.49785
1.51128
1.51819
1.52351
1.52205
1.4908
1.43641
1.39108
1.36452
1.35568
1.35617
1.35995
1.37612
1.44399
1.51764
1.54742
1.55542
1.55783
1.55446
1.54462
1.50562
1.45003
1.4168
1.40644
1.406
1.40746
1.41794
1.4695
1.52176
1.53886
1.54025
1.54109
1.5458
1.55045
1.53819
1.48878
1.43064
1.39143
1.37646
1.37219
1.39598
1.4528
1.47168
1.56549
4.17015
20.1286
1.11608
1.13399
1.15853
1.18422
1.2473
1.30902
1.33233
1.33684
1.33093
1.31925
1.30768
1.27941
1.23147
1.2014
1.19226
1.19352
1.19899
1.20532
1.21134
1.21739
1.24384
1.31403
1.36664
1.3841
1.38844
1.38987
1.3891
1.37931
1.34276
1.29616
1.26928
1.26099
1.2607
1.26238
1.26423
1.26864
1.29171
1.36393
1.42825
1.45447
1.46273
1.4654
1.46542
1.45594
1.41639
1.36573
1.3322
1.31713
1.3124
1.31339
1.31741
1.32668
1.37792
1.46086
1.50413
1.51743
1.52202
1.52299
1.51971
1.49669
1.44628
1.39857
1.37321
1.36624
1.3675
1.37068
1.38162
1.43873
1.50841
1.53707
1.54365
1.5459
1.54849
1.54785
1.52056
1.46891
1.4316
1.4131
1.40212
1.39633
1.40226
1.45011
1.50916
1.5379
1.54944
1.55817
1.56254
1.56166
1.54435
1.48777
1.41779
1.37241
1.35971
1.35953
1.39482
1.44535
1.55441
4.24438
20.1539
1.14296
1.15734
1.17534
1.1878
1.19765
1.22776
1.27352
1.29907
1.30666
1.30717
1.30611
1.30431
1.2943
1.26401
1.23485
1.22008
1.21532
1.21554
1.21772
1.21955
1.22137
1.23219
1.2859
1.34747
1.37549
1.385
1.38906
1.39341
1.39421
1.36883
1.32189
1.2887
1.27355
1.26901
1.26993
1.273
1.27435
1.28342
1.33902
1.41236
1.44533
1.45568
1.46271
1.46813
1.46792
1.43904
1.38448
1.34301
1.32479
1.32165
1.32481
1.33017
1.33813
1.374
1.44876
1.49405
1.50782
1.51247
1.51587
1.51802
1.50726
1.46502
1.41424
1.38451
1.37333
1.36939
1.36847
1.37554
1.42524
1.49599
1.532
1.54794
1.558
1.5617
1.55961
1.53472
1.47935
1.42783
1.39896
1.39048
1.38991
1.39482
1.44055
1.51112
1.54794
1.55744
1.55891
1.55875
1.55429
1.53088
1.46726
1.4017
1.36767
1.36035
1.3646
1.39416
1.51499
4.28742
20.1829
1.17906
1.1842
1.19454
1.19903
1.19161
1.17687
1.17724
1.20883
1.25689
1.28721
1.30323
1.31851
1.32962
1.32994
1.30704
1.27032
1.24403
1.23126
1.22537
1.2195
1.2141
1.21409
1.21927
1.25435
1.32245
1.36777
1.38632
1.39396
1.39881
1.40429
1.39691
1.35832
1.31668
1.29323
1.2823
1.27237
1.26541
1.26559
1.2721
1.31796
1.40129
1.44962
1.46521
1.4712
1.47602
1.47798
1.4556
1.40118
1.35661
1.33647
1.33128
1.3313
1.33004
1.33285
1.35816
1.42979
1.48558
1.50721
1.51677
1.52397
1.52674
1.51975
1.4804
1.42217
1.38298
1.36781
1.36603
1.36808
1.37416
1.4188
1.49734
1.54099
1.55356
1.55706
1.55886
1.55757
1.53628
1.47523
1.41908
1.39386
1.3877
1.38851
1.39726
1.44957
1.51945
1.54535
1.54772
1.54352
1.53723
1.52968
1.50934
1.4644
1.41466
1.38342
1.3702
1.35343
1.45846
4.29656
20.2103
1.23963
1.22488
1.21517
1.19934
1.16958
1.14204
1.13289
1.13816
1.17165
1.23929
1.29549
1.32708
1.34788
1.36035
1.36397
1.34706
1.30336
1.26155
1.23571
1.22331
1.21675
1.20909
1.20376
1.20645
1.23123
1.30303
1.3632
1.38976
1.40799
1.42287
1.429
1.42538
1.38818
1.33145
1.29007
1.27169
1.26616
1.26587
1.2685
1.27318
1.30595
1.39061
1.4496
1.46862
1.47465
1.4776
1.47925
1.46784
1.42302
1.37461
1.34606
1.33217
1.32669
1.32571
1.32793
1.34626
1.41756
1.48566
1.5132
1.52094
1.52455
1.52597
1.5211
1.48435
1.42449
1.38554
1.3719
1.36987
1.37192
1.37937
1.42106
1.49558
1.53602
1.54721
1.55066
1.55105
1.547
1.52783
1.47363
1.42314
1.40059
1.39662
1.39815
1.4037
1.44718
1.50249
1.52335
1.52639
1.52743
1.53015
1.52979
1.51369
1.47308
1.42815
1.39308
1.34864
1.38535
4.26702
20.2252
1.30792
1.27718
1.22688
1.18125
1.14303
1.12141
1.11678
1.11846
1.12493
1.15461
1.23492
1.31411
1.35391
1.37256
1.38245
1.38737
1.37652
1.3288
1.27288
1.23782
1.21583
1.20148
1.19947
1.20281
1.2087
1.22798
1.29872
1.3777
1.41362
1.4259
1.43179
1.43586
1.43471
1.40401
1.34178
1.29441
1.27391
1.2676
1.26755
1.27081
1.276
1.30285
1.38098
1.44309
1.46526
1.47463
1.48437
1.48925
1.4844
1.44569
1.38969
1.3492
1.32988
1.32493
1.32691
1.33145
1.34739
1.41201
1.48226
1.50965
1.5169
1.52041
1.52156
1.52015
1.49241
1.43559
1.395
1.37945
1.37671
1.37806
1.38074
1.4148
1.48752
1.52909
1.5403
1.5429
1.54457
1.54622
1.53489
1.4868
1.43501
1.40713
1.39663
1.39311
1.39403
1.42954
1.48425
1.51295
1.52686
1.5367
1.53882
1.53327
1.51398
1.47488
1.42889
1.36564
1.35808
4.18347
20.2499
1.35389
1.34853
1.27282
1.1865
1.13618
1.1183
1.11564
1.11776
1.12468
1.13674
1.166
1.25559
1.34404
1.37823
1.38848
1.39366
1.39262
1.37737
1.32718
1.26049
1.22331
1.21
1.20744
1.21119
1.21955
1.22838
1.24227
1.30005
1.38113
1.4194
1.43126
1.43614
1.43718
1.43313
1.40799
1.34618
1.29505
1.27313
1.26902
1.27199
1.27803
1.28359
1.30035
1.36811
1.44305
1.47635
1.48601
1.49064
1.49383
1.49195
1.4587
1.39652
1.35154
1.33392
1.33156
1.33409
1.33713
1.34742
1.40448
1.47636
1.50682
1.51619
1.52246
1.52643
1.52577
1.50179
1.4467
1.40219
1.3815
1.37598
1.37704
1.37974
1.40781
1.47756
1.52324
1.53987
1.5476
1.55214
1.55252
1.54093
1.49584
1.4376
1.40073
1.38829
1.38648
1.38719
1.4161
1.4756
1.51682
1.53354
1.53625
1.53292
1.52387
1.50065
1.46149
1.40242
1.38648
4.06338
20.3123
1.35632
1.34543
1.27248
1.20952
1.15764
1.13357
1.12788
1.13043
1.13842
1.15121
1.1701
1.20085
1.27976
1.35599
1.38128
1.38697
1.37703
1.35489
1.33855
1.31575
1.27457
1.24431
1.23124
1.22802
1.22901
1.23194
1.23674
1.24771
1.29764
1.37626
1.41494
1.42508
1.42512
1.42036
1.41613
1.40498
1.36222
1.31587
1.29231
1.28518
1.28526
1.28871
1.2942
1.30494
1.35837
1.43721
1.47457
1.48528
1.48961
1.48978
1.48698
1.46464
1.41008
1.36251
1.34008
1.33426
1.33605
1.33969
1.34941
1.40108
1.47573
1.51154
1.52118
1.52422
1.52595
1.5263
1.5095
1.45748
1.40831
1.38424
1.37719
1.37689
1.37922
1.40369
1.47244
1.5232
1.54182
1.54704
1.54841
1.54802
1.5403
1.49955
1.43709
1.39951
1.38628
1.38127
1.38039
1.41006
1.47709
1.51823
1.52844
1.52646
1.51628
1.50002
1.48021
1.44095
1.4431
3.95588
20.3996
1.32574
1.30591
1.26874
1.24191
1.20833
1.17527
1.15763
1.1535
1.15739
1.17067
1.19458
1.21767
1.23762
1.27324
1.31832
1.33959
1.34278
1.34364
1.34668
1.3504
1.34012
1.30017
1.26026
1.23988
1.23464
1.23754
1.24729
1.25819
1.2632
1.28242
1.33922
1.38564
1.40505
1.41213
1.4176
1.4238
1.4235
1.39373
1.34513
1.31263
1.29904
1.2959
1.29554
1.29686
1.30288
1.34576
1.42599
1.46892
1.48047
1.4846
1.48944
1.49151
1.47476
1.42196
1.37222
1.34831
1.34269
1.34438
1.34915
1.35754
1.39826
1.46883
1.50615
1.51741
1.52291
1.52701
1.52857
1.51425
1.46436
1.41286
1.38602
1.37868
1.37918
1.38126
1.40067
1.46364
1.51575
1.53526
1.54199
1.54505
1.54482
1.53742
1.49939
1.44014
1.40122
1.38548
1.38024
1.37854
1.4081
1.47283
1.50932
1.51577
1.51126
1.50284
1.49084
1.46596
1.50014
3.89616
20.4818
1.26788
1.27177
1.26913
1.26934
1.26265
1.23642
1.20628
1.19267
1.19477
1.20895
1.22516
1.23262
1.22961
1.21519
1.21623
1.25243
1.30708
1.3405
1.35196
1.35638
1.35856
1.35452
1.32826
1.29342
1.27334
1.26728
1.267
1.26354
1.24996
1.23981
1.24856
1.30084
1.36824
1.40546
1.42205
1.43374
1.44266
1.44524
1.42323
1.3724
1.32789
1.30354
1.29542
1.29618
1.29941
1.30372
1.33371
1.41105
1.46473
1.48186
1.48665
1.48866
1.49001
1.48198
1.43938
1.38853
1.36197
1.35392
1.35234
1.35221
1.35597
1.38896
1.46167
1.50664
1.52028
1.5239
1.52539
1.52741
1.51989
1.47436
1.41868
1.38945
1.38016
1.37809
1.37815
1.39338
1.45741
1.51673
1.53841
1.54229
1.54237
1.54116
1.53646
1.50597
1.44686
1.40503
1.3854
1.37644
1.3715
1.39599
1.46082
1.50005
1.50845
1.50335
1.49533
1.47524
1.5426
3.89067
20.5469
1.18293
1.22148
1.25658
1.27068
1.27722
1.28187
1.2807
1.27276
1.26447
1.25818
1.25216
1.23962
1.20784
1.17745
1.16807
1.17477
1.21765
1.29264
1.33533
1.35033
1.36317
1.37775
1.38642
1.37757
1.34295
1.30737
1.28045
1.25356
1.22848
1.21811
1.21859
1.22735
1.2772
1.36183
1.41548
1.43737
1.44822
1.45503
1.45861
1.4452
1.39408
1.34007
1.31102
1.30144
1.29842
1.29733
1.30025
1.32231
1.39557
1.45525
1.47591
1.48482
1.49286
1.49694
1.49197
1.45581
1.40411
1.36954
1.35449
1.35179
1.35363
1.35693
1.38277
1.45227
1.49972
1.51554
1.52339
1.52821
1.52982
1.5218
1.47924
1.42395
1.39132
1.37971
1.37879
1.38107
1.39267
1.45169
1.51027
1.5324
1.53935
1.54249
1.54287
1.53993
1.51188
1.45201
1.40275
1.37524
1.36365
1.35874
1.38526
1.4563
1.49793
1.50469
1.49966
1.47861
1.56313
3.92116
20.5962
1.12122
1.14258
1.20577
1.25493
1.28265
1.31672
1.3466
1.35647
1.34505
1.31501
1.27626
1.23048
1.18763
1.16007
1.15189
1.15284
1.15925
1.19546
1.2756
1.3378
1.37304
1.40248
1.42252
1.43031
1.42242
1.37637
1.30762
1.25351
1.227
1.21884
1.21903
1.22271
1.23223
1.27412
1.36349
1.42597
1.44867
1.45715
1.46216
1.46348
1.45321
1.40771
1.34786
1.30988
1.29588
1.29484
1.29771
1.30204
1.31957
1.38726
1.45597
1.48351
1.49134
1.49526
1.49943
1.50128
1.47422
1.41721
1.37504
1.35802
1.35306
1.35198
1.35438
1.37683
1.44701
1.50131
1.51906
1.52342
1.52501
1.52782
1.52639
1.49247
1.4363
1.40094
1.38688
1.37919
1.37581
1.38449
1.4436
1.50875
1.53508
1.54146
1.54259
1.5422
1.53853
1.51089
1.44831
1.39219
1.36301
1.35382
1.35299
1.39107
1.46531
1.49934
1.49875
1.47698
1.57078
3.98713
20.6501
1.08978
1.08904
1.12022
1.19309
1.27747
1.34412
1.38915
1.40571
1.40843
1.38872
1.32713
1.24573
1.18586
1.15792
1.15063
1.15147
1.1558
1.16405
1.18924
1.26915
1.36466
1.41604
1.43522
1.44303
1.4437
1.42581
1.36575
1.28638
1.24296
1.22869
1.2263
1.22899
1.23519
1.24484
1.27965
1.37046
1.43552
1.45597
1.4626
1.46567
1.4635
1.45107
1.40943
1.35112
1.3143
1.30201
1.30138
1.30504
1.31068
1.32287
1.37769
1.44758
1.48043
1.49477
1.50464
1.50893
1.50768
1.47983
1.42027
1.37413
1.35493
1.35173
1.35355
1.35611
1.37291
1.43754
1.49216
1.51304
1.52566
1.53383
1.53644
1.53345
1.50263
1.44162
1.39492
1.37537
1.37101
1.37096
1.38131
1.44537
1.51423
1.53798
1.54143
1.54118
1.5381
1.52885
1.50031
1.43937
1.38494
1.35989
1.35443
1.35914
1.40474
1.46325
1.48215
1.46544
1.56269
4.07812
20.7
1.08889
1.08502
1.09886
1.12231
1.21509
1.34049
1.39612
1.40992
1.41466
1.40959
1.36997
1.28432
1.21001
1.17403
1.16107
1.15871
1.16096
1.16549
1.17411
1.20543
1.30795
1.40477
1.43409
1.44079
1.43044
1.40159
1.37422
1.3405
1.29175
1.25658
1.24187
1.23894
1.24158
1.24903
1.26413
1.29858
1.37575
1.43149
1.44957
1.45285
1.44517
1.44094
1.4405
1.42055
1.3706
1.33076
1.31473
1.31109
1.31086
1.31335
1.32219
1.37379
1.45334
1.49229
1.50237
1.50417
1.50287
1.50197
1.48389
1.42981
1.38159
1.36081
1.35387
1.35143
1.35332
1.37006
1.4389
1.50399
1.52731
1.53252
1.53475
1.53582
1.53281
1.5013
1.43582
1.39001
1.37423
1.37157
1.37365
1.38953
1.45686
1.5184
1.53387
1.5332
1.52574
1.52083
1.51718
1.49776
1.44148
1.38983
1.36544
1.35992
1.36232
1.40074
1.44432
1.44465
1.54528
4.17802
20.7334
1.10078
1.10042
1.11648
1.132
1.16958
1.27075
1.36722
1.39729
1.402
1.38524
1.34796
1.30871
1.26227
1.21602
1.18616
1.17346
1.17204
1.17754
1.20047
1.23648
1.27262
1.32898
1.38054
1.39642
1.39139
1.38553
1.38321
1.37892
1.35492
1.30702
1.27163
1.25922
1.26059
1.27258
1.28743
1.29403
1.30202
1.34381
1.39664
1.4215
1.43033
1.4396
1.44683
1.44978
1.43606
1.38835
1.34242
1.32011
1.31559
1.31978
1.32703
1.33313
1.37068
1.44292
1.48082
1.49219
1.49862
1.50332
1.50518
1.48965
1.4354
1.38303
1.35916
1.35469
1.35802
1.36414
1.37817
1.44068
1.50302
1.52408
1.52871
1.5301
1.52866
1.52465
1.49575
1.43718
1.39766
1.38354
1.38105
1.38117
1.39437
1.45436
1.50486
1.51771
1.51787
1.51848
1.51963
1.5189
1.50067
1.44438
1.38947
1.35983
1.35285
1.35493
1.3867
1.41319
1.52273
4.26599
20.7491
1.12705
1.12198
1.13076
1.15358
1.18737
1.22221
1.28036
1.33535
1.35313
1.34601
1.33279
1.32308
1.31007
1.27884
1.23806
1.21217
1.20639
1.21756
1.24079
1.25515
1.25984
1.26334
1.27583
1.30914
1.34831
1.37235
1.37961
1.37975
1.37708
1.36725
1.34098
1.3166
1.30603
1.3038
1.3018
1.28924
1.27624
1.27678
1.30753
1.37548
1.42318
1.44028
1.44576
1.4492
1.45368
1.45029
1.41229
1.365
1.34118
1.33306
1.32735
1.32428
1.32703
1.35611
1.43016
1.47949
1.49476
1.49896
1.50149
1.50475
1.4962
1.44714
1.39636
1.37449
1.36812
1.36587
1.366
1.37636
1.43671
1.49844
1.51882
1.52267
1.52411
1.52487
1.52286
1.49848
1.44563
1.40393
1.38489
1.37927
1.37891
1.38953
1.44531
1.49854
1.51633
1.51935
1.52006
1.52054
1.51904
1.49832
1.44158
1.38509
1.35349
1.34597
1.34642
1.36689
1.48965
4.32618
20.748
1.16029
1.14697
1.15956
1.18879
1.20728
1.21264
1.21665
1.22532
1.24747
1.28045
1.30743
1.31715
1.32121
1.32534
1.31271
1.28742
1.27209
1.27022
1.27238
1.27071
1.25632
1.2289
1.21155
1.21675
1.2598
1.32636
1.36195
1.37499
1.38895
1.40386
1.41148
1.40029
1.36872
1.33438
1.3041
1.27957
1.26161
1.25532
1.25825
1.28712
1.36303
1.41739
1.43747
1.45141
1.46347
1.471
1.47167
1.44055
1.38466
1.34344
1.32446
1.31875
1.31712
1.31909
1.3446
1.41942
1.47216
1.4909
1.50314
1.5107
1.51373
1.50494
1.45939
1.40471
1.37385
1.3633
1.36235
1.36398
1.37493
1.43277
1.49401
1.51739
1.52339
1.52566
1.5266
1.52317
1.5013
1.45049
1.40515
1.38298
1.37815
1.37937
1.39066
1.44041
1.49163
1.51082
1.51553
1.51646
1.51702
1.51493
1.49418
1.43745
1.38353
1.3538
1.34097
1.3223
1.43717
4.35921
20.7538
1.22291
1.20222
1.21014
1.21813
1.22032
1.21387
1.18277
1.15751
1.15883
1.19079
1.25881
1.30914
1.32831
1.33916
1.35488
1.36452
1.35722
1.33566
1.31247
1.288
1.24922
1.20307
1.17957
1.17556
1.18232
1.22708
1.30962
1.36804
1.40241
1.43404
1.45416
1.45924
1.44325
1.39166
1.32696
1.2786
1.25512
1.24975
1.2519
1.25715
1.28077
1.35597
1.42468
1.45524
1.47063
1.48283
1.49023
1.4901
1.45399
1.38374
1.33503
1.31611
1.31171
1.31286
1.31729
1.34396
1.42263
1.48394
1.50391
1.51007
1.51426
1.51721
1.51139
1.46726
1.40739
1.37377
1.36307
1.36195
1.36428
1.37661
1.43133
1.49035
1.51316
1.51874
1.51975
1.52011
1.52098
1.50887
1.46066
1.41148
1.38796
1.38055
1.3777
1.38303
1.42845
1.48065
1.50211
1.51014
1.51576
1.51664
1.51202
1.48531
1.43126
1.38308
1.35046
1.31213
1.38353
4.3401
20.772
1.2927
1.28206
1.2595
1.2415
1.2249
1.19558
1.15358
1.12823
1.12355
1.12807
1.15931
1.23903
1.30737
1.34832
1.38764
1.41469
1.42136
1.40938
1.37137
1.3122
1.24587
1.19609
1.17303
1.16897
1.17148
1.1791
1.21408
1.3077
1.40066
1.45162
1.47231
1.47931
1.47736
1.45038
1.37442
1.29872
1.26347
1.25416
1.25415
1.25667
1.26196
1.28176
1.35961
1.441
1.47711
1.49042
1.49581
1.49385
1.48057
1.43767
1.3705
1.3289
1.31657
1.31613
1.31992
1.32693
1.35229
1.42673
1.4863
1.5071
1.51506
1.51945
1.51914
1.50816
1.46345
1.40694
1.37598
1.36654
1.36668
1.36959
1.37836
1.42435
1.47987
1.50338
1.51172
1.51991
1.52608
1.52783
1.51627
1.46612
1.41052
1.38085
1.37121
1.36822
1.37214
1.41785
1.47783
1.50626
1.51479
1.51625
1.51344
1.50443
1.47119
1.4242
1.38306
1.33273
1.36956
4.2539
20.8101
1.34229
1.3595
1.33244
1.28738
1.23798
1.18676
1.14649
1.1263
1.12287
1.12527
1.13041
1.15189
1.22804
1.33176
1.40147
1.4325
1.44211
1.44447
1.42964
1.37034
1.27146
1.20565
1.17898
1.17331
1.17494
1.1805
1.19158
1.23209
1.35798
1.44945
1.47191
1.47742
1.47047
1.44438
1.40678
1.35277
1.29879
1.26957
1.25948
1.25739
1.25927
1.26837
1.30383
1.39707
1.46764
1.48688
1.48965
1.4782
1.46502
1.45534
1.42854
1.37642
1.34006
1.32844
1.32747
1.33009
1.33572
1.36091
1.43744
1.49469
1.51142
1.51415
1.5094
1.50397
1.49739
1.46821
1.41978
1.38687
1.37309
1.36872
1.36776
1.37287
1.41436
1.47622
1.50927
1.52159
1.52815
1.53159
1.53214
1.51949
1.46582
1.40361
1.37296
1.36575
1.36447
1.3704
1.41961
1.47976
1.50584
1.51188
1.5102
1.50369
1.48893
1.45963
1.42292
1.37265
1.38285
4.14159
20.8735
1.34963
1.38043
1.38075
1.35846
1.28192
1.19979
1.15424
1.13458
1.12999
1.13211
1.13793
1.14525
1.16084
1.25039
1.38435
1.43279
1.44228
1.43986
1.41227
1.36204
1.30766
1.24907
1.21033
1.19587
1.19448
1.19898
1.21171
1.24069
1.2979
1.3899
1.44168
1.45264
1.44651
1.43377
1.42339
1.40342
1.35147
1.29527
1.26945
1.26564
1.27292
1.29603
1.32196
1.34954
1.40295
1.4467
1.45984
1.46053
1.46082
1.46125
1.45847
1.43381
1.38224
1.34734
1.33673
1.3387
1.3496
1.36156
1.37776
1.43047
1.47775
1.49405
1.49801
1.50049
1.50347
1.50414
1.48162
1.4296
1.38761
1.36885
1.36513
1.36636
1.37161
1.41372
1.48181
1.51656
1.52737
1.53062
1.53145
1.53033
1.51417
1.45615
1.39727
1.37325
1.36781
1.36631
1.37199
1.42201
1.47813
1.49979
1.5028
1.49988
1.4923
1.47943
1.45634
1.41235
1.41868
4.03727
20.9475
1.33398
1.37716
1.37061
1.34909
1.31166
1.25172
1.19395
1.16229
1.14901
1.14557
1.14672
1.15272
1.17397
1.21776
1.30258
1.38311
1.40685
1.40185
1.38085
1.36062
1.34162
1.31071
1.26639
1.23266
1.22035
1.22164
1.23718
1.25959
1.27571
1.30327
1.35988
1.40228
1.41774
1.42074
1.4175
1.40587
1.38803
1.35127
1.31493
1.30306
1.31043
1.32413
1.3308
1.33345
1.33803
1.36657
1.41499
1.4457
1.45585
1.45685
1.4537
1.45298
1.44176
1.40687
1.37868
1.36855
1.36589
1.36126
1.35698
1.36278
1.40444
1.45941
1.48774
1.49891
1.50432
1.50747
1.50782
1.48774
1.43572
1.39206
1.37385
1.37035
1.37156
1.37632
1.4193
1.48832
1.51924
1.52624
1.52712
1.52632
1.52153
1.50268
1.45249
1.40238
1.37843
1.36964
1.36593
1.37009
1.41804
1.47227
1.49453
1.49857
1.4952
1.48753
1.47327
1.43839
1.46461
3.96708
21.0192
1.26114
1.33552
1.34108
1.3411
1.33656
1.31446
1.26054
1.20341
1.17118
1.16222
1.16554
1.18543
1.21236
1.22523
1.23533
1.26952
1.32051
1.34949
1.35822
1.36001
1.35969
1.35588
1.33206
1.2917
1.26775
1.26391
1.27287
1.2813
1.28291
1.27729
1.27434
1.30295
1.3577
1.39198
1.40229
1.40445
1.40508
1.40002
1.38422
1.36696
1.35583
1.34735
1.33761
1.32585
1.3135
1.31149
1.33512
1.39339
1.43251
1.44521
1.45254
1.46249
1.47147
1.47224
1.44652
1.40717
1.377
1.35721
1.34502
1.33872
1.34319
1.38514
1.45231
1.48876
1.50054
1.5051
1.50876
1.51146
1.49867
1.4483
1.39947
1.37813
1.37305
1.37258
1.37586
1.4191
1.48593
1.51427
1.52022
1.52072
1.5191
1.51524
1.50217
1.45765
1.40647
1.37803
1.36459
1.35792
1.36038
1.41034
1.47143
1.49613
1.49752
1.49084
1.47776
1.45011
1.50813
3.94371
21.0819
1.17414
1.24207
1.30077
1.32738
1.3332
1.33298
1.31929
1.27483
1.23156
1.21394
1.21516
1.22546
1.23213
1.23272
1.22023
1.20656
1.21309
1.25996
1.32162
1.3536
1.36254
1.36437
1.36359
1.35938
1.34671
1.33041
1.31558
1.30203
1.28281
1.25418
1.23788
1.23798
1.26517
1.33291
1.38252
1.40143
1.40931
1.42273
1.43935
1.43964
1.41744
1.3838
1.35135
1.32003
1.29493
1.28636
1.2887
1.31293
1.37701
1.42838
1.45381
1.47262
1.49292
1.50346
1.50136
1.46836
1.41234
1.36577
1.33889
1.32795
1.32708
1.33244
1.37595
1.45008
1.48918
1.50448
1.51518
1.52052
1.52258
1.5089
1.45396
1.39913
1.37505
1.36862
1.36743
1.37229
1.4181
1.4826
1.50959
1.51591
1.51701
1.51663
1.51414
1.50281
1.45974
1.40514
1.37139
1.35762
1.35263
1.35934
1.41763
1.47793
1.49261
1.48682
1.47277
1.44636
1.53659
3.9686
21.1351
1.14006
1.14418
1.19243
1.27271
1.31529
1.3267
1.33066
1.33428
1.32141
1.29245
1.26755
1.25086
1.23724
1.22222
1.20232
1.18081
1.17369
1.18019
1.22776
1.30441
1.34563
1.36305
1.38648
1.4083
1.41413
1.39935
1.36276
1.31956
1.28081
1.25035
1.22887
1.21943
1.22003
1.24048
1.30685
1.36995
1.41177
1.45246
1.47644
1.48338
1.47617
1.43654
1.37264
1.31908
1.29157
1.28011
1.27713
1.27896
1.29628
1.36076
1.43461
1.48337
1.50884
1.51693
1.51911
1.5103
1.46497
1.39352
1.34539
1.32861
1.32675
1.32862
1.3344
1.37706
1.45953
1.50571
1.51859
1.52333
1.52627
1.52487
1.50487
1.44443
1.39157
1.37171
1.36836
1.36924
1.37524
1.41653
1.47775
1.50683
1.51379
1.51376
1.51228
1.51042
1.50182
1.45985
1.40401
1.37082
1.35744
1.35219
1.36372
1.42324
1.46823
1.47416
1.46385
1.44027
1.54571
4.03509
21.1683
1.1305
1.11559
1.11861
1.15584
1.2433
1.30854
1.34298
1.36772
1.38126
1.37731
1.34206
1.29548
1.25667
1.22447
1.19634
1.17615
1.16871
1.16967
1.17467
1.20806
1.28682
1.35766
1.40317
1.4321
1.44403
1.44607
1.42599
1.36718
1.30142
1.25562
1.22899
1.21725
1.21617
1.21911
1.23183
1.29813
1.40317
1.46508
1.48614
1.49294
1.49526
1.4824
1.42397
1.34648
1.30124
1.28124
1.27455
1.27479
1.27794
1.29682
1.38888
1.48225
1.5097
1.51628
1.51664
1.50866
1.49113
1.44578
1.38292
1.34391
1.33097
1.32904
1.33076
1.33929
1.39825
1.48418
1.51628
1.52265
1.52438
1.52151
1.51234
1.48941
1.43785
1.39425
1.37645
1.37141
1.36958
1.37191
1.41331
1.47743
1.50548
1.51076
1.51215
1.51184
1.50842
1.4969
1.45887
1.40598
1.37111
1.35637
1.35151
1.36198
1.41485
1.4533
1.45722
1.43513
1.54157
4.11765
21.1841
1.12751
1.11168
1.1142
1.11836
1.14103
1.23288
1.33115
1.37481
1.38859
1.39429
1.39514
1.36879
1.30561
1.24431
1.20468
1.18284
1.17328
1.17231
1.17506
1.17957
1.20176
1.29487
1.39527
1.43438
1.44476
1.44885
1.44452
1.41309
1.34428
1.28052
1.24146
1.22315
1.21885
1.2211
1.22668
1.24744
1.34404
1.45102
1.48393
1.49062
1.48732
1.47107
1.4444
1.39562
1.33199
1.29126
1.27766
1.27708
1.28174
1.30134
1.34793
1.43364
1.48784
1.50146
1.50139
1.49511
1.48844
1.47782
1.437
1.37618
1.34058
1.33171
1.3329
1.34214
1.36708
1.43145
1.49108
1.50946
1.51118
1.50529
1.50236
1.5011
1.48705
1.44055
1.39445
1.37348
1.36814
1.36847
1.37552
1.42135
1.48362
1.50822
1.5107
1.50866
1.50583
1.50246
1.49549
1.46365
1.41011
1.36911
1.3489
1.34304
1.35207
1.40186
1.43663
1.42652
1.53312
4.21417
21.1937
1.13771
1.11821
1.12026
1.12614
1.13857
1.1619
1.24362
1.34145
1.38141
1.39126
1.39321
1.38629
1.35673
1.29707
1.23933
1.20313
1.18518
1.17858
1.17882
1.18318
1.19545
1.22833
1.32621
1.40762
1.43085
1.43331
1.42704
1.41728
1.39325
1.33477
1.2757
1.24371
1.23427
1.23605
1.24537
1.26395
1.29943
1.37954
1.44516
1.4642
1.46491
1.46101
1.45505
1.4361
1.38035
1.32328
1.29867
1.29618
1.30841
1.32886
1.34388
1.36611
1.42208
1.46714
1.48297
1.4866
1.48642
1.48119
1.46565
1.42262
1.37665
1.35722
1.35731
1.36753
1.37673
1.38638
1.42453
1.47154
1.49197
1.49742
1.49991
1.50177
1.50119
1.48719
1.44284
1.40093
1.38252
1.37849
1.37885
1.38266
1.42177
1.47627
1.49737
1.49961
1.49924
1.50027
1.50139
1.49867
1.46997
1.41115
1.36123
1.33736
1.33176
1.34149
1.38756
1.40552
1.51649
4.31804
21.2062
1.16966
1.14138
1.14303
1.14901
1.15959
1.1685
1.17911
1.23265
1.32259
1.36662
1.37684
1.37775
1.37653
1.35876
1.2984
1.23534
1.20106
1.19058
1.19203
1.20428
1.22192
1.23429
1.25131
1.31402
1.38037
1.40632
1.41259
1.41332
1.40977
1.38797
1.3342
1.28394
1.26177
1.25863
1.26657
1.28012
1.29158
1.30954
1.36086
1.41519
1.43986
1.44716
1.44607
1.43513
1.41817
1.38273
1.3498
1.33736
1.3396
1.34505
1.34596
1.34444
1.35216
1.39849
1.44768
1.46753
1.47185
1.4656
1.45924
1.45521
1.43882
1.41502
1.39924
1.39005
1.3803
1.37065
1.37189
1.40452
1.45977
1.48907
1.4965
1.49592
1.49423
1.49614
1.49289
1.46133
1.41891
1.39328
1.38114
1.37634
1.37681
1.40883
1.46271
1.488
1.49513
1.49948
1.50232
1.50267
1.49907
1.46953
1.40603
1.35187
1.32797
1.32299
1.3295
1.35999
1.48672
4.40919
21.2131
1.2244
1.17683
1.1688
1.16712
1.16936
1.17211
1.17491
1.17946
1.20947
1.28704
1.34241
1.36148
1.36564
1.36207
1.34812
1.30659
1.2598
1.23592
1.23082
1.23392
1.23779
1.23903
1.2348
1.23807
1.28193
1.35324
1.3914
1.40325
1.4067
1.40664
1.39218
1.35084
1.3145
1.29858
1.29586
1.2974
1.29748
1.29332
1.29268
1.32298
1.38088
1.41659
1.4283
1.43226
1.43719
1.43671
1.42244
1.40041
1.38045
1.36241
1.34653
1.33749
1.33409
1.33848
1.37537
1.42387
1.44567
1.45149
1.45778
1.47226
1.48477
1.48144
1.45298
1.41401
1.38209
1.36544
1.35989
1.36134
1.39114
1.44757
1.47706
1.48579
1.49353
1.50388
1.51313
1.5135
1.48285
1.42949
1.39181
1.37381
1.3684
1.36858
1.39601
1.4536
1.48671
1.49656
1.4987
1.50164
1.50295
1.49945
1.46718
1.40084
1.34757
1.32351
1.31391
1.30569
1.44419
4.45572
21.2198
1.29476
1.24595
1.21191
1.19012
1.17987
1.17777
1.17794
1.17347
1.16794
1.17902
1.24328
1.31577
1.34653
1.35735
1.369
1.37189
1.34661
1.3006
1.26779
1.25103
1.24051
1.23
1.2216
1.21807
1.22103
1.25347
1.32954
1.38156
1.39994
1.40611
1.40989
1.41068
1.39077
1.35621
1.33
1.31384
1.29835
1.27818
1.26795
1.26945
1.29527
1.36001
1.41118
1.43491
1.44801
1.46423
1.47307
1.4645
1.43278
1.39123
1.35732
1.33595
1.32246
1.31578
1.31931
1.35274
1.40823
1.44485
1.46776
1.49251
1.50931
1.513
1.5012
1.45839
1.4052
1.37046
1.3537
1.34686
1.3482
1.37434
1.43389
1.47739
1.49995
1.51696
1.52812
1.53164
1.52573
1.48567
1.42337
1.38128
1.36336
1.35751
1.35793
1.38703
1.44847
1.48199
1.49396
1.50274
1.50711
1.50674
1.49865
1.4562
1.39396
1.34737
1.31826
1.2869
1.39438
4.43924
21.2334
1.32892
1.33118
1.28995
1.23915
1.20688
1.19109
1.17749
1.15982
1.14976
1.14926
1.1578
1.21562
1.30795
1.36141
1.38235
1.39505
1.40005
1.38288
1.33259
1.28548
1.25515
1.23616
1.22337
1.21291
1.20574
1.2068
1.23082
1.30711
1.37149
1.4043
1.42977
1.44364
1.44597
1.42346
1.37561
1.33112
1.29957
1.27887
1.26435
1.2573
1.25787
1.27587
1.34036
1.40973
1.45455
1.48378
1.49644
1.49945
1.48708
1.44319
1.38704
1.34407
1.31886
1.30554
1.30137
1.30494
1.33593
1.40464
1.46864
1.50696
1.52238
1.52616
1.52486
1.50554
1.451
1.39108
1.35472
1.33917
1.33377
1.33454
1.35894
1.43357
1.49903
1.52752
1.53617
1.53773
1.53507
1.52349
1.47606
1.40918
1.36712
1.35383
1.35282
1.35403
1.38316
1.45148
1.49274
1.50587
1.51061
1.51139
1.5074
1.48568
1.43912
1.38856
1.34694
1.29695
1.36954
4.35863
21.2585
1.34042
1.36534
1.36029
1.31676
1.25009
1.19864
1.17112
1.15635
1.14884
1.14893
1.15177
1.15862
1.20691
1.31224
1.37866
1.40064
1.40807
1.41193
1.40247
1.35462
1.29642
1.25587
1.22962
1.20914
1.2
1.20098
1.2051
1.22443
1.3055
1.39684
1.4365
1.4479
1.45215
1.45296
1.43498
1.37985
1.32521
1.28988
1.26774
1.25675
1.25587
1.25861
1.27124
1.34405
1.44378
1.48725
1.49792
1.50161
1.49994
1.48568
1.43671
1.37327
1.32657
1.30384
1.2984
1.3002
1.30492
1.34317
1.44497
1.50741
1.52263
1.52584
1.52439
1.51884
1.49815
1.43999
1.37415
1.33823
1.32921
1.32986
1.33518
1.37605
1.47379
1.52442
1.53408
1.53403
1.52966
1.52429
1.51306
1.46537
1.39852
1.36059
1.35101
1.35082
1.35356
1.39232
1.46564
1.50169
1.51113
1.51212
1.50735
1.49336
1.46661
1.42673
1.38382
1.3288
1.37278
4.24852
21.3008
1.33576
1.36769
1.36738
1.35922
1.31858
1.2466
1.19017
1.16305
1.15385
1.15363
1.15745
1.16395
1.17279
1.21557
1.32374
1.39155
1.40915
1.41411
1.41481
1.40414
1.35412
1.2876
1.23999
1.21537
1.20645
1.20589
1.21047
1.22059
1.24309
1.32613
1.41269
1.44195
1.44855
1.44737
1.43792
1.42066
1.37758
1.32159
1.2801
1.26041
1.25656
1.25934
1.26801
1.294
1.38141
1.46398
1.48876
1.49312
1.48964
1.48211
1.46955
1.42299
1.3557
1.31534
1.30421
1.30516
1.31457
1.33595
1.38785
1.46903
1.50794
1.51636
1.51735
1.51597
1.51245
1.48815
1.41426
1.35454
1.33614
1.33549
1.3478
1.37289
1.41895
1.48611
1.51713
1.52268
1.52244
1.52011
1.51519
1.50183
1.44993
1.38598
1.35761
1.3533
1.35637
1.36695
1.41443
1.47673
1.50228
1.50642
1.50221
1.49207
1.47826
1.45416
1.41682
1.36256
1.39292
4.14929
21.3631
1.28526
1.34737
1.35038
1.35127
1.34881
1.31814
1.25007
1.19642
1.17337
1.16736
1.16788
1.17101
1.17779
1.18901
1.22644
1.32153
1.38442
1.40099
1.40273
1.39736
1.38671
1.34639
1.28512
1.2441
1.22759
1.22458
1.2284
1.23642
1.24626
1.26331
1.32846
1.40256
1.42974
1.43452
1.43602
1.43596
1.42405
1.37388
1.31093
1.2772
1.26872
1.27366
1.28805
1.30299
1.32368
1.38827
1.45052
1.47178
1.47581
1.47447
1.46862
1.45252
1.40531
1.352
1.32802
1.32544
1.33259
1.34115
1.35056
1.39335
1.46533
1.50137
1.50972
1.50967
1.50321
1.48738
1.45319
1.40041
1.36871
1.36283
1.36976
1.3752
1.38059
1.41706
1.48036
1.5107
1.51705
1.5153
1.50776
1.49674
1.48098
1.4415
1.39698
1.37727
1.37368
1.3742
1.37751
1.41644
1.46656
1.48766
1.49004
1.48555
1.47668
1.46549
1.44284
1.39439
1.42579
4.07274
21.4356
1.19656
1.29434
1.3308
1.34157
1.34362
1.34144
1.32058
1.26258
1.20928
1.18468
1.17906
1.18255
1.19304
1.20124
1.20484
1.22165
1.29474
1.35778
1.37829
1.3819
1.37957
1.37418
1.35116
1.30342
1.26441
1.24744
1.2438
1.24603
1.24983
1.2537
1.26304
1.31428
1.38563
1.41845
1.42678
1.42444
1.41668
1.40785
1.37331
1.32774
1.30516
1.30115
1.30399
1.30699
1.30901
1.31795
1.37256
1.4329
1.45632
1.46155
1.46055
1.4565
1.44417
1.40757
1.37116
1.35409
1.34896
1.3473
1.34829
1.35216
1.38821
1.45333
1.4842
1.48997
1.48601
1.47953
1.47317
1.45541
1.42615
1.40312
1.38803
1.3779
1.37573
1.37873
1.4136
1.47075
1.49481
1.49705
1.48968
1.48499
1.48527
1.48468
1.4644
1.42413
1.39453
1.37945
1.37297
1.36991
1.40128
1.45296
1.47646
1.47906
1.47297
1.46337
1.44838
1.41856
1.46737
4.03192
21.4958
1.14755
1.17798
1.25736
1.3106
1.32882
1.33447
1.33805
1.33004
1.28691
1.2409
1.2176
1.21015
1.20872
1.20672
1.1994
1.19691
1.20388
1.25642
1.32684
1.3595
1.36968
1.37667
1.38091
1.37088
1.33279
1.29363
1.27051
1.25958
1.25524
1.25473
1.25568
1.25665
1.28575
1.35489
1.39535
1.40628
1.41222
1.41955
1.42148
1.40217
1.36324
1.33347
1.31609
1.306
1.30272
1.30328
1.30903
1.35144
1.41057
1.43894
1.44795
1.45188
1.45543
1.45667
1.43774
1.40305
1.37438
1.35604
1.34711
1.3453
1.34732
1.37313
1.42848
1.46084
1.47065
1.47405
1.47963
1.48779
1.48668
1.46098
1.42058
1.38926
1.37604
1.37405
1.37468
1.39763
1.44483
1.46962
1.47597
1.48108
1.49316
1.50261
1.50396
1.48397
1.43466
1.39294
1.37226
1.36452
1.36141
1.38551
1.43542
1.46133
1.46468
1.45888
1.44718
1.41967
1.51229
4.04168
21.5109
1.13593
1.13272
1.15436
1.23163
1.30149
1.32867
1.33819
1.34615
1.35058
1.32501
1.27451
1.23553
1.21381
1.20254
1.19574
1.18628
1.18055
1.18489
1.23065
1.31454
1.36113
1.37478
1.38043
1.38857
1.39151
1.36478
1.31668
1.28226
1.26574
1.25699
1.24417
1.23437
1.23641
1.2649
1.34101
1.39539
1.41518
1.42511
1.43905
1.44591
1.43004
1.38281
1.34
1.31586
1.304
1.29646
1.28998
1.29394
1.33421
1.39862
1.43471
1.45229
1.46869
1.48162
1.48262
1.45777
1.41032
1.37147
1.35082
1.34082
1.33271
1.33054
1.35224
1.4104
1.45296
1.47458
1.49152
1.50858
1.51419
1.50595
1.46881
1.41899
1.38673
1.37104
1.35969
1.35386
1.37237
1.42527
1.46496
1.48683
1.50335
1.514
1.51485
1.50921
1.48393
1.43468
1.39282
1.36768
1.35017
1.33996
1.35719
1.41441
1.45065
1.45848
1.4537
1.42487
1.53296
4.09886
21.516
1.12958
1.12382
1.12728
1.14057
1.20772
1.28825
1.33502
1.36021
1.36985
1.3713
1.35059
1.29733
1.24979
1.21782
1.19484
1.17876
1.17369
1.17553
1.18065
1.21673
1.29744
1.35295
1.38444
1.404
1.41129
1.41166
1.38506
1.33121
1.2863
1.25403
1.23444
1.22698
1.22706
1.23065
1.25307
1.32483
1.39006
1.42882
1.45093
1.45885
1.46089
1.44379
1.39476
1.348
1.31381
1.28908
1.27866
1.27859
1.28418
1.32156
1.39161
1.44635
1.479
1.49106
1.49458
1.49303
1.46768
1.41903
1.37603
1.34301
1.32189
1.31578
1.31767
1.33741
1.39734
1.45737
1.49911
1.51811
1.52263
1.52299
1.51359
1.47562
1.42276
1.37812
1.34908
1.33783
1.33709
1.35548
1.41661
1.47718
1.51129
1.51994
1.51823
1.51408
1.50789
1.48789
1.44222
1.38783
1.34403
1.32105
1.3148
1.33825
1.41192
1.46088
1.46536
1.43267
1.54311
4.16895
21.5225
1.14449
1.12832
1.12952
1.13181
1.1391
1.18683
1.28139
1.34196
1.36111
1.36851
1.37112
1.36153
1.3228
1.2708
1.22658
1.19807
1.18464
1.18126
1.18253
1.18652
1.2087
1.28439
1.36225
1.39567
1.40641
1.41205
1.41405
1.39857
1.34966
1.29366
1.25598
1.2382
1.23259
1.23312
1.23592
1.24926
1.31281
1.39787
1.43939
1.45217
1.45811
1.46037
1.44992
1.40814
1.35196
1.30881
1.28829
1.28289
1.28401
1.28795
1.31618
1.39445
1.45855
1.48184
1.48946
1.49345
1.49303
1.4766
1.4307
1.37505
1.33739
1.32281
1.32008
1.32166
1.33429
1.39616
1.47287
1.50708
1.51658
1.52007
1.52068
1.51529
1.48247
1.41901
1.36779
1.34598
1.33978
1.33939
1.35569
1.42856
1.49347
1.51118
1.51293
1.51123
1.50879
1.5068
1.49594
1.44468
1.3739
1.33135
1.31776
1.31706
1.35237
1.42305
1.44913
1.42488
1.54042
4.258
21.5768
)
;

boundaryField
{
    back
    {
        type            empty;
    }
    outlet
    {
        type            calculated;
        value           nonuniform List<scalar> 
99
(
1.18811
1.17542
1.14141
1.11467
1.11017
1.11274
1.12712
1.14472
1.156
1.15529
1.13559
1.11618
1.10633
1.10955
1.12886
1.15075
1.17111
1.18141
1.17032
1.15384
1.15253
1.15832
1.17592
1.18948
1.19977
1.20011
1.18316
1.16105
1.13575
1.11625
1.11965
1.13968
1.15751
1.16563
1.16015
1.1465
1.14555
1.15626
1.18782
1.22643
1.25346
1.26243
1.25482
1.22272
1.16594
1.12808
1.12656
1.12993
1.13843
1.1515
1.17523
1.21923
1.2734
1.29039
1.28317
1.26453
1.21759
1.1496
1.10747
1.10479
1.11713
1.14378
1.17881
1.23742
1.30519
1.35323
1.35587
1.3243
1.26869
1.18553
1.12213
1.08941
1.08874
1.10066
1.12592
1.15773
1.21956
1.29145
1.3436
1.35113
1.33856
1.26995
1.17737
1.13931
1.12868
1.12551
1.13559
1.16635
1.21893
1.29085
1.32889
1.34143
1.33856
1.29287
1.20431
1.14786
1.13503
1.12848
1.14245
)
;
    }
    top
    {
        type            calculated;
        value           nonuniform List<scalar> 
99
(
1.14449
1.12832
1.12952
1.13181
1.1391
1.18683
1.28139
1.34196
1.36111
1.36851
1.37112
1.36153
1.3228
1.2708
1.22658
1.19807
1.18464
1.18126
1.18253
1.18652
1.2087
1.28439
1.36225
1.39567
1.40641
1.41205
1.41405
1.39857
1.34966
1.29366
1.25598
1.2382
1.23259
1.23312
1.23592
1.24926
1.31281
1.39787
1.43939
1.45217
1.45811
1.46037
1.44992
1.40814
1.35196
1.30881
1.28829
1.28289
1.28401
1.28795
1.31618
1.39445
1.45855
1.48184
1.48946
1.49345
1.49303
1.4766
1.4307
1.37505
1.33739
1.32281
1.32008
1.32166
1.33429
1.39616
1.47287
1.50708
1.51658
1.52007
1.52068
1.51529
1.48247
1.41901
1.36779
1.34598
1.33978
1.33939
1.35569
1.42856
1.49347
1.51118
1.51293
1.51123
1.50879
1.5068
1.49594
1.44468
1.3739
1.33135
1.31776
1.31706
1.35237
1.42305
1.44913
1.42488
1.54042
4.258
21.5768
)
;
    }
    inlet
    {
        type            calculated;
        value           uniform 1.40001;
    }
    bottom
    {
        type            calculated;
        value           nonuniform List<scalar> 
99
(
1.1873
1.20302
1.19859
1.17345
1.15944
1.15979
1.1672
1.19352
1.23025
1.25155
1.26087
1.26555
1.25643
1.22743
1.20717
1.20562
1.20969
1.23434
1.28333
1.31586
1.32933
1.33664
1.33731
1.31285
1.27724
1.26621
1.26773
1.2726
1.29418
1.34444
1.38341
1.39951
1.40785
1.41136
1.39732
1.36467
1.34829
1.3487
1.35435
1.36605
1.38822
1.42857
1.46096
1.47609
1.48374
1.4866
1.47751
1.45301
1.44034
1.44281
1.45055
1.46212
1.48083
1.51575
1.54742
1.56307
1.57238
1.57838
1.57677
1.55664
1.54047
1.54218
1.55139
1.56292
1.58588
1.62912
1.66484
1.68342
1.69595
1.70556
1.70679
1.6815
1.65967
1.66199
1.6742
1.69222
1.73536
1.79216
1.82786
1.84877
1.865
1.87933
1.87461
1.83681
1.81682
1.82893
1.8543
1.91028
2.00451
2.07706
2.12212
2.16057
2.19825
2.20364
2.19053
2.19769
2.21131
4.3985
17.9912
)
;
    }
    front
    {
        type            empty;
    }
}


// ************************************************************************* //
