/*--------------------------------*- C++ -*----------------------------------*\
  =========                 |
  \\      /  F ield         | OpenFOAM: The Open Source CFD Toolbox
   \\    /   O peration     | Website:  https://openfoam.org
    \\  /    A nd           | Version:  12
     \\/     M anipulation  |
\*---------------------------------------------------------------------------*/
FoamFile
{
    format      ascii;
    class       volScalarField;
    location    "14.3";
    object      T;
}
// * * * * * * * * * * * * * * * * * * * * * * * * * * * * * * * * * * * * * //

dimensions      [0 0 0 1 0 0 0];

internalField   nonuniform List<scalar> 
9801
(
0.830896
0.831755
0.832742
0.834832
0.838602
0.841875
0.843824
0.845257
0.846496
0.847579
0.848263
0.847605
0.847815
0.848705
0.850004
0.852487
0.856737
0.859984
0.861882
0.863301
0.864548
0.8656
0.865368
0.864523
0.865026
0.866097
0.867673
0.871099
0.875617
0.878406
0.880117
0.88148
0.88266
0.883041
0.881534
0.881427
0.882401
0.883753
0.886104
0.891027
0.895158
0.897453
0.899033
0.900391
0.901128
0.899517
0.898474
0.899201
0.900587
0.902581
0.907248
0.912607
0.915659
0.917538
0.918962
0.919938
0.918196
0.915935
0.916397
0.917942
0.920235
0.925215
0.93181
0.935742
0.937867
0.939442
0.940767
0.93848
0.934805
0.934917
0.936646
0.939544
0.946403
0.954405
0.958945
0.961504
0.963509
0.964895
0.961117
0.955851
0.956025
0.958716
0.963858
0.974935
0.984595
0.989874
0.993294
0.996385
0.996817
0.988769
0.982765
0.984928
0.99076
1.00665
1.029
1.04682
1.05585
1.15598
1.56318
0.834607
0.835573
0.836431
0.83829
0.842346
0.845879
0.847888
0.849293
0.850439
0.85142
0.851911
0.851341
0.851512
0.852337
0.853463
0.855814
0.860363
0.863774
0.865692
0.867061
0.868193
0.869094
0.868794
0.867984
0.868428
0.86941
0.870769
0.874174
0.878973
0.881902
0.883641
0.88496
0.886076
0.886405
0.885008
0.884794
0.885631
0.886814
0.888941
0.893948
0.898294
0.900669
0.902255
0.903548
0.90431
0.902856
0.901737
0.902318
0.903519
0.905204
0.909683
0.91528
0.918515
0.920477
0.92195
0.923036
0.921589
0.919292
0.919594
0.920914
0.9228
0.927472
0.93422
0.938305
0.940597
0.942316
0.943759
0.941982
0.938403
0.938224
0.93979
0.942176
0.948115
0.956357
0.961455
0.964437
0.966748
0.968629
0.965635
0.960211
0.959932
0.962349
0.966184
0.975662
0.985979
0.992181
0.996285
0.999975
1.00195
0.996073
0.98994
0.990952
0.996654
1.00721
1.0245
1.04101
1.05086
1.15639
1.58522
0.838871
0.839862
0.840688
0.842387
0.846525
0.850262
0.852291
0.85368
0.854814
0.855801
0.856297
0.855754
0.855929
0.856768
0.857871
0.86008
0.864728
0.868249
0.870162
0.871511
0.872627
0.873524
0.873201
0.8724
0.872854
0.873855
0.875148
0.878376
0.883329
0.886397
0.888178
0.88952
0.890687
0.891149
0.889758
0.889413
0.890223
0.891414
0.893382
0.898242
0.902762
0.905226
0.906857
0.908206
0.909191
0.908028
0.906658
0.907106
0.90828
0.909841
0.913908
0.919731
0.923245
0.925327
0.926924
0.928298
0.927433
0.925038
0.925008
0.926245
0.927941
0.931627
0.938577
0.943363
0.945965
0.947925
0.949679
0.948876
0.945422
0.94473
0.946117
0.948309
0.95266
0.961625
0.968099
0.971468
0.973951
0.976132
0.974716
0.969411
0.968123
0.970315
0.973756
0.981062
0.993451
1.00204
1.00689
1.01086
1.01378
1.01029
1.00481
1.00465
1.01003
1.01816
1.03374
1.05221
1.06359
1.17595
1.6092
0.844461
0.845517
0.846367
0.847966
0.852081
0.856096
0.858227
0.859643
0.860809
0.861847
0.862287
0.861726
0.861922
0.86279
0.863919
0.865982
0.870619
0.874323
0.876298
0.877681
0.878851
0.879809
0.879457
0.878671
0.879143
0.880189
0.881484
0.884442
0.889575
0.892918
0.894782
0.896172
0.897406
0.897947
0.896526
0.896056
0.896895
0.898162
0.899981
0.904575
0.90955
0.91228
0.914006
0.91544
0.916615
0.915645
0.913874
0.91419
0.915475
0.917095
0.920676
0.927003
0.931145
0.933378
0.935055
0.936581
0.936232
0.93339
0.932884
0.934232
0.936123
0.939163
0.946356
0.9523
0.955248
0.957356
0.959302
0.959436
0.955774
0.954084
0.955456
0.957885
0.961259
0.969613
0.9778
0.982054
0.984912
0.987571
0.988225
0.9833
0.979882
0.981548
0.985206
0.990302
1.00131
1.01251
1.01918
1.02381
1.0282
1.02798
1.023
1.02054
1.02377
1.03098
1.04207
1.05845
1.06837
1.19681
1.63084
0.850801
0.851933
0.852806
0.854334
0.858286
0.862579
0.86487
0.866349
0.867576
0.868671
0.869106
0.868589
0.868781
0.869645
0.870773
0.872592
0.877094
0.881164
0.883293
0.884736
0.885973
0.887005
0.886737
0.885951
0.886366
0.887399
0.888673
0.891196
0.896479
0.900338
0.902352
0.903797
0.905085
0.905751
0.904536
0.903919
0.904651
0.905892
0.907483
0.911525
0.9172
0.920433
0.922276
0.923767
0.92503
0.924374
0.922481
0.922604
0.923871
0.925509
0.928401
0.934809
0.939809
0.942353
0.944149
0.945778
0.946071
0.943241
0.942061
0.94325
0.945169
0.947716
0.954124
0.961297
0.965036
0.967411
0.96956
0.970857
0.967924
0.964512
0.964949
0.967331
0.97032
0.976929
0.986817
0.99289
0.996251
0.99914
1.00129
0.998233
0.992654
0.991707
0.995003
0.99939
1.0074
1.01986
1.02917
1.03517
1.04008
1.04305
1.03967
1.03561
1.03467
1.03861
1.04661
1.05977
1.06816
1.20883
1.64348
0.857436
0.858633
0.859528
0.860969
0.864702
0.869336
0.87186
0.873387
0.874625
0.87573
0.876247
0.875775
0.875895
0.87673
0.877855
0.879414
0.883603
0.888204
0.890612
0.892126
0.893395
0.894486
0.894412
0.893553
0.893842
0.894848
0.896117
0.898161
0.903296
0.90781
0.910096
0.911626
0.912954
0.913785
0.91277
0.911829
0.912411
0.913644
0.91517
0.918542
0.92458
0.928425
0.930495
0.93208
0.933473
0.933353
0.931085
0.930616
0.931785
0.933445
0.935901
0.941885
0.947772
0.950819
0.952824
0.954599
0.955717
0.953453
0.95077
0.951121
0.952926
0.955247
0.960493
0.968713
0.973724
0.976387
0.978584
0.980526
0.979363
0.974633
0.973062
0.97493
0.97776
0.982361
0.992045
1.00055
1.00517
1.00818
1.01084
1.0102
1.00432
1.001
1.00218
1.00592
1.01105
1.02107
1.03215
1.03957
1.04504
1.05008
1.05123
1.04734
1.04348
1.0432
1.04623
1.0558
1.06487
1.21648
1.65071
0.863737
0.864919
0.865816
0.867147
0.870447
0.875317
0.878177
0.879846
0.881139
0.882291
0.883
0.882428
0.882276
0.883031
0.884157
0.885596
0.889308
0.894259
0.897045
0.898714
0.90005
0.901249
0.901502
0.900314
0.900282
0.901247
0.902564
0.904462
0.909182
0.914034
0.916627
0.918314
0.919727
0.920897
0.920289
0.918515
0.918638
0.919864
0.921482
0.924577
0.930563
0.934913
0.937231
0.93895
0.940493
0.941303
0.939168
0.937301
0.937857
0.939416
0.941561
0.946778
0.953597
0.957413
0.959599
0.961407
0.963014
0.962177
0.958538
0.957406
0.958718
0.9608
0.964463
0.972558
0.979459
0.9829
0.985097
0.987114
0.987546
0.983218
0.979954
0.980488
0.982938
0.986043
0.992918
1.00341
1.01007
1.01382
1.01671
1.01862
1.01521
1.00954
1.00777
1.00959
1.01338
1.01968
1.03056
1.04018
1.04696
1.05216
1.05643
1.05579
1.05176
1.04723
1.0461
1.05025
1.05903
1.22008
1.65514
0.869152
0.870256
0.871176
0.872521
0.875568
0.880428
0.883463
0.8852
0.886537
0.887728
0.888625
0.888138
0.887562
0.888167
0.889299
0.890765
0.894195
0.899255
0.902308
0.904073
0.90546
0.906715
0.907421
0.906268
0.905535
0.906261
0.907539
0.909383
0.913825
0.918932
0.921759
0.923513
0.924965
0.926297
0.926529
0.924453
0.923655
0.924597
0.926089
0.928723
0.934602
0.939725
0.942323
0.944054
0.945596
0.946928
0.945863
0.943002
0.942554
0.943806
0.945613
0.949488
0.956907
0.962108
0.964641
0.966424
0.968083
0.968526
0.965013
0.962516
0.962952
0.964761
0.967186
0.973272
0.982042
0.987045
0.989695
0.991736
0.993267
0.990876
0.98614
0.984718
0.98607
0.988596
0.992265
1.00153
1.01138
1.01679
1.02032
1.02331
1.02418
1.01838
1.01306
1.01254
1.01494
1.01889
1.02628
1.03689
1.04523
1.05127
1.0562
1.05929
1.05834
1.05378
1.04779
1.04659
1.04982
1.22071
1.65745
0.873739
0.874592
0.875463
0.87673
0.879524
0.884468
0.887744
0.889569
0.890933
0.892113
0.893142
0.892928
0.891954
0.892239
0.893247
0.89457
0.89762
0.902914
0.906372
0.908279
0.909719
0.910994
0.912023
0.911263
0.909957
0.910256
0.911349
0.912835
0.916617
0.922275
0.925635
0.927508
0.928975
0.930316
0.931091
0.929312
0.927884
0.928327
0.929599
0.931408
0.936346
0.94267
0.9461
0.947957
0.949454
0.95084
0.950673
0.947621
0.946323
0.947082
0.94867
0.951068
0.957642
0.964627
0.968095
0.970033
0.971662
0.972769
0.970485
0.96682
0.966263
0.967567
0.969521
0.972784
0.981298
0.989044
0.99289
0.995259
0.997248
0.997417
0.992543
0.98845
0.988019
0.989723
0.992385
0.997722
1.00888
1.01783
1.02257
1.02566
1.02822
1.0272
1.02067
1.01643
1.01652
1.01902
1.02333
1.03167
1.0415
1.04873
1.05413
1.05882
1.0607
1.05936
1.05386
1.04682
1.04165
1.21804
1.65884
0.877643
0.878222
0.879032
0.880193
0.882479
0.88745
0.891174
0.893113
0.894503
0.895699
0.89678
0.896883
0.895645
0.895615
0.896462
0.897641
0.89996
0.905285
0.909483
0.911624
0.913115
0.914406
0.915555
0.915314
0.913581
0.913457
0.914336
0.915601
0.918221
0.924113
0.928512
0.930664
0.932161
0.933506
0.934594
0.933449
0.931301
0.931283
0.932329
0.933784
0.936987
0.943825
0.94859
0.950895
0.952453
0.953837
0.954464
0.951827
0.949465
0.949709
0.951046
0.95276
0.956867
0.964952
0.970132
0.972641
0.974359
0.975913
0.975567
0.971407
0.969149
0.969473
0.971091
0.973184
0.978575
0.988549
0.994821
0.997937
1.00014
1.00192
0.999728
0.993201
0.990435
0.991126
0.993374
0.996171
1.00298
1.01464
1.02241
1.02647
1.02951
1.03202
1.03031
1.02329
1.01934
1.01987
1.02273
1.02766
1.03653
1.04524
1.05146
1.05652
1.06072
1.06149
1.05902
1.05101
1.03968
1.21173
1.65975
0.880858
0.881156
0.881883
0.882973
0.884711
0.889362
0.89376
0.895929
0.897328
0.898518
0.899607
0.900031
0.898753
0.898331
0.899037
0.900144
0.901814
0.906581
0.911716
0.914254
0.915777
0.91705
0.918212
0.918532
0.916716
0.915975
0.916645
0.917812
0.919542
0.924613
0.930257
0.933061
0.934662
0.936005
0.937222
0.936978
0.934439
0.933706
0.934503
0.935804
0.937681
0.943363
0.949821
0.952986
0.95472
0.956148
0.957333
0.956058
0.952735
0.952007
0.952884
0.954356
0.956492
0.963198
0.970931
0.974641
0.976684
0.978354
0.979507
0.976702
0.972133
0.97111
0.972212
0.974113
0.976776
0.984801
0.994547
0.999279
1.00177
1.00375
1.00517
1.00143
0.995303
0.9935
0.994243
0.996361
0.999572
1.00795
1.01944
1.02655
1.03048
1.03347
1.03516
1.03233
1.02586
1.02252
1.02319
1.02625
1.03177
1.04101
1.04886
1.05421
1.05868
1.06139
1.06149
1.05607
1.04346
1.20506
1.66072
0.883599
0.883551
0.884117
0.88513
0.886458
0.890306
0.895465
0.898148
0.899643
0.900848
0.901936
0.902642
0.901536
0.900578
0.901087
0.902132
0.903462
0.907076
0.912944
0.916261
0.917942
0.919227
0.920393
0.921162
0.919713
0.918182
0.918536
0.919579
0.92092
0.924348
0.930877
0.934869
0.936789
0.938174
0.939449
0.940086
0.937891
0.936023
0.936312
0.937386
0.938811
0.942227
0.949668
0.954482
0.956725
0.958242
0.959651
0.960046
0.956714
0.954208
0.954342
0.955527
0.957177
0.960851
0.969638
0.975957
0.978816
0.980641
0.982218
0.982141
0.977172
0.973709
0.973655
0.974967
0.976907
0.980563
0.990447
0.999159
1.00313
1.00581
1.00811
1.00883
1.00302
0.996996
0.995841
0.997166
0.99961
1.0032
1.01226
1.02312
1.02952
1.03323
1.03618
1.03792
1.03516
1.02871
1.02539
1.02607
1.02919
1.03528
1.0445
1.05152
1.05645
1.06025
1.06179
1.05973
1.05023
1.20034
1.66181
0.88611
0.88567
0.885983
0.886917
0.888057
0.890814
0.8964
0.899961
0.901664
0.902885
0.903967
0.90486
0.904224
0.902765
0.902948
0.903899
0.905091
0.907406
0.913226
0.91774
0.919822
0.921174
0.92236
0.923389
0.922736
0.920561
0.920304
0.921143
0.92234
0.924313
0.930297
0.936041
0.938683
0.94021
0.941517
0.942653
0.941677
0.938695
0.937973
0.938707
0.939997
0.941872
0.94794
0.955111
0.958474
0.960263
0.961699
0.962923
0.961384
0.957213
0.956002
0.956816
0.958296
0.960202
0.966178
0.975393
0.980114
0.982391
0.984105
0.985693
0.984161
0.978346
0.975627
0.975736
0.977115
0.979262
0.984565
0.996029
1.00402
1.00744
1.00952
1.01138
1.01137
1.0052
0.999904
0.999005
1.00005
1.00229
1.00644
1.01637
1.02665
1.03272
1.03645
1.03944
1.04054
1.03754
1.03111
1.02765
1.02821
1.03121
1.03778
1.04704
1.05366
1.05817
1.06097
1.06113
1.05664
1.19931
1.66328
0.888491
0.887777
0.887741
0.888588
0.889665
0.891504
0.896641
0.901278
0.903425
0.904747
0.905867
0.906894
0.906942
0.90522
0.904832
0.905589
0.90668
0.90814
0.912741
0.918614
0.921499
0.923035
0.924276
0.925417
0.925681
0.9234
0.922144
0.922638
0.923716
0.925108
0.929102
0.93624
0.940247
0.942155
0.943508
0.944759
0.945158
0.942161
0.93991
0.940164
0.941242
0.942661
0.945951
0.954014
0.959682
0.962177
0.963704
0.965138
0.965731
0.962062
0.958646
0.958348
0.959238
0.9608
0.963528
0.971889
0.980302
0.984102
0.986394
0.98817
0.989304
0.985438
0.979286
0.97752
0.978295
0.979974
0.982263
0.988709
1.00039
1.00714
1.01023
1.01291
1.01533
1.01464
1.0074
1.00207
1.00141
1.00294
1.00556
1.01018
1.02022
1.02971
1.03538
1.03905
1.04192
1.04284
1.03943
1.03271
1.02915
1.02957
1.03243
1.03926
1.04848
1.05482
1.05902
1.06074
1.06114
1.2024
1.66532
0.890785
0.890152
0.889605
0.890305
0.891308
0.892589
0.896427
0.902066
0.905011
0.906547
0.907751
0.908853
0.90952
0.908084
0.906844
0.907227
0.908179
0.909375
0.912204
0.918668
0.922932
0.924879
0.926182
0.927354
0.92824
0.926717
0.924319
0.924231
0.925164
0.926421
0.928564
0.93511
0.941226
0.943917
0.945422
0.946693
0.947784
0.946406
0.942805
0.941899
0.942603
0.943829
0.9455
0.951122
0.959513
0.963688
0.96579
0.967273
0.968663
0.967768
0.962689
0.960078
0.960319
0.96159
0.963324
0.967439
0.977547
0.984797
0.987741
0.989485
0.991168
0.992078
0.987266
0.981689
0.980344
0.980718
0.982176
0.98467
0.992655
1.00476
1.01142
1.01434
1.01648
1.01816
1.01681
1.01007
1.00533
1.00472
1.00595
1.00843
1.0136
1.02394
1.03272
1.03792
1.04133
1.04388
1.04463
1.04099
1.0339
1.03013
1.03032
1.03283
1.03984
1.04913
1.05566
1.05889
1.06329
1.20931
1.66798
0.893
0.892897
0.891684
0.892057
0.892925
0.893995
0.896345
0.902199
0.906408
0.908341
0.909634
0.910774
0.911775
0.911199
0.909135
0.908892
0.909701
0.910835
0.91248
0.917816
0.923827
0.926587
0.928053
0.929257
0.930372
0.930174
0.92727
0.926112
0.926753
0.927873
0.929224
0.933195
0.940906
0.945262
0.947249
0.948602
0.949887
0.950374
0.947046
0.94411
0.943977
0.944864
0.946274
0.948904
0.956951
0.964411
0.967652
0.969572
0.97103
0.972033
0.96895
0.963664
0.962188
0.962771
0.964094
0.965927
0.971556
0.982221
0.988289
0.991157
0.993371
0.995208
0.995091
0.988641
0.983133
0.98227
0.983397
0.985174
0.987781
0.996132
1.0078
1.01372
1.01656
1.01918
1.02146
1.02012
1.01285
1.00776
1.00708
1.00858
1.01127
1.01691
1.0272
1.03528
1.04016
1.04348
1.04581
1.04645
1.04213
1.03462
1.03062
1.03053
1.03254
1.03986
1.04958
1.05565
1.0633
1.21822
1.67108
0.895074
0.89577
0.893985
0.893785
0.894499
0.895532
0.897004
0.901728
0.907395
0.910069
0.911487
0.912642
0.913723
0.914099
0.91199
0.910788
0.911328
0.912366
0.913578
0.916652
0.923572
0.927918
0.92987
0.931158
0.932338
0.933152
0.931151
0.928522
0.928381
0.929229
0.930429
0.932313
0.938784
0.945846
0.948911
0.95055
0.951841
0.953021
0.951842
0.947315
0.945581
0.946208
0.947492
0.948998
0.953201
0.962577
0.968486
0.970928
0.972556
0.974105
0.974837
0.970386
0.965381
0.964308
0.964832
0.966173
0.96839
0.975974
0.987003
0.992479
0.994762
0.996231
0.997912
0.997596
0.991089
0.986175
0.985314
0.985787
0.987272
0.990091
0.999394
1.0113
1.01747
1.02028
1.02244
1.02387
1.02219
1.01552
1.01057
1.00964
1.01081
1.01336
1.01978
1.03041
1.03816
1.04262
1.04542
1.04733
1.04774
1.04329
1.03544
1.03079
1.03014
1.03169
1.03987
1.04934
1.06036
1.22774
1.67412
0.897048
0.898339
0.896629
0.895642
0.896161
0.897136
0.898284
0.901136
0.907459
0.911453
0.913247
0.914479
0.915596
0.916529
0.915403
0.913149
0.913021
0.91383
0.914923
0.916495
0.921995
0.928556
0.931506
0.933038
0.934247
0.935384
0.935179
0.931803
0.930155
0.930636
0.931705
0.933006
0.936283
0.944455
0.950026
0.95238
0.95378
0.955002
0.955704
0.952483
0.94853
0.947985
0.94873
0.949955
0.951674
0.957725
0.96728
0.972101
0.974456
0.976231
0.977722
0.977234
0.971159
0.966675
0.966312
0.967439
0.968919
0.971225
0.979611
0.99009
0.994869
0.997578
0.999866
1.00166
1.00032
0.992819
0.987681
0.987102
0.988399
0.990332
0.993241
1.00229
1.01364
1.01935
1.02215
1.02448
1.02643
1.02507
1.01801
1.01258
1.01143
1.01273
1.01546
1.02244
1.03296
1.04023
1.04436
1.04706
1.04885
1.04913
1.04454
1.03616
1.03039
1.0289
1.03046
1.03937
1.05393
1.23598
1.67631
0.89899
0.90055
0.899641
0.89786
0.897902
0.898711
0.899742
0.901252
0.906452
0.912318
0.914956
0.91633
0.917477
0.918559
0.918728
0.916165
0.914793
0.915251
0.916265
0.917482
0.920332
0.927645
0.932681
0.93481
0.936092
0.937251
0.938184
0.936208
0.932763
0.932264
0.933098
0.934246
0.935695
0.940878
0.949344
0.953526
0.955499
0.956857
0.958171
0.958132
0.953494
0.950105
0.949914
0.950822
0.952177
0.954505
0.962525
0.971683
0.975628
0.977428
0.978736
0.980293
0.979463
0.973105
0.969306
0.968917
0.969483
0.970888
0.97366
0.98337
0.994157
0.998854
1.00091
1.00229
1.00382
1.00269
0.995738
0.991096
0.990398
0.990931
0.992352
0.995354
1.00513
1.01648
1.02226
1.02502
1.0271
1.02847
1.02717
1.0206
1.01495
1.0134
1.01427
1.01673
1.02414
1.03512
1.04247
1.04633
1.04855
1.05005
1.05015
1.04571
1.03662
1.02912
1.02688
1.02856
1.04419
1.24113
1.67739
0.90096
0.902571
0.902628
0.900521
0.899643
0.900167
0.90114
0.902307
0.90528
0.912081
0.91632
0.918156
0.919322
0.920399
0.9213
0.919877
0.917122
0.916827
0.917685
0.918801
0.920151
0.925029
0.932574
0.93616
0.937862
0.939087
0.940285
0.940529
0.936984
0.934425
0.934462
0.935238
0.936422
0.938501
0.945767
0.953602
0.95702
0.958934
0.960318
0.961512
0.959915
0.954305
0.951809
0.952184
0.953321
0.954647
0.957361
0.966513
0.974878
0.978325
0.98052
0.982299
0.98369
0.981514
0.974397
0.970737
0.970862
0.972184
0.973729
0.976433
0.986093
0.996145
1.00047
1.00309
1.00543
1.00716
1.00559
0.9982
0.992915
0.991984
0.993141
0.995095
0.998291
1.0077
1.01838
1.02386
1.02672
1.02899
1.03084
1.02973
1.02264
1.01633
1.01446
1.01536
1.0179
1.02557
1.03672
1.04396
1.04749
1.04949
1.05089
1.05084
1.04665
1.03667
1.02774
1.02336
1.03127
1.24014
1.67712
0.90287
0.904414
0.905066
0.903615
0.901637
0.901745
0.902643
0.903723
0.905187
0.910372
0.916799
0.919654
0.921076
0.922228
0.923327
0.923545
0.92062
0.918781
0.919082
0.919971
0.921093
0.923175
0.930281
0.936861
0.939533
0.940981
0.942166
0.943281
0.942064
0.937606
0.935908
0.936424
0.937502
0.938778
0.941809
0.950593
0.957393
0.960124
0.961785
0.963165
0.964365
0.96177
0.956104
0.95416
0.954359
0.955212
0.956683
0.960336
0.970606
0.978686
0.981845
0.983399
0.984718
0.986242
0.984017
0.977044
0.973851
0.973593
0.974059
0.975445
0.978545
0.989103
0.99971
1.0042
1.00621
1.00768
1.00925
1.00828
1.0014
0.996137
0.995013
0.995471
0.996865
1.00014
1.01039
1.02117
1.02652
1.02906
1.03097
1.03263
1.03182
1.02497
1.01822
1.0159
1.01634
1.01852
1.02625
1.03781
1.04499
1.04815
1.05004
1.05148
1.05139
1.04714
1.03604
1.02458
1.02105
1.23267
1.67553
0.904619
0.906116
0.907017
0.906889
0.904439
0.903559
0.90413
0.905061
0.906122
0.908612
0.91567
0.920747
0.922876
0.924091
0.925183
0.926163
0.924927
0.921415
0.92049
0.921162
0.922254
0.923497
0.927082
0.935457
0.940634
0.942761
0.943979
0.945148
0.945933
0.942859
0.938697
0.937988
0.938662
0.93967
0.941025
0.945326
0.954959
0.960794
0.963316
0.965106
0.966586
0.967283
0.963066
0.957221
0.955716
0.956492
0.957706
0.95911
0.963044
0.973637
0.981038
0.984093
0.986398
0.988239
0.989438
0.986265
0.978805
0.975219
0.975306
0.976585
0.978211
0.98114
0.991203
1.00122
1.00555
1.00814
1.01047
1.01219
1.01117
1.00419
0.99813
0.996434
0.997253
0.999131
1.00272
1.0128
1.02282
1.02782
1.03067
1.03313
1.03501
1.0341
1.02671
1.01933
1.01656
1.01694
1.01907
1.02679
1.03843
1.04545
1.04845
1.05043
1.05182
1.05162
1.04684
1.03241
1.01902
1.22042
1.67389
0.906159
0.907868
0.908866
0.909693
0.908098
0.905673
0.905505
0.906268
0.907329
0.908667
0.913205
0.920614
0.9242
0.925836
0.926929
0.927989
0.928508
0.925483
0.922551
0.922557
0.923522
0.924659
0.926043
0.931382
0.9399
0.943899
0.945777
0.946995
0.948191
0.948191
0.943645
0.940054
0.939732
0.940528
0.941709
0.943383
0.949331
0.959157
0.96418
0.966244
0.96756
0.96893
0.96965
0.964989
0.959568
0.95831
0.958557
0.959455
0.961046
0.965857
0.977222
0.98475
0.987578
0.988998
0.990334
0.991807
0.989158
0.981902
0.978491
0.978057
0.978374
0.979669
0.982813
0.993601
1.00443
1.00902
1.01105
1.01255
1.01419
1.01393
1.00748
1.00101
0.998956
0.999152
1.00047
1.00405
1.0149
1.02562
1.03075
1.03307
1.03489
1.03659
1.03606
1.02897
1.02089
1.0175
1.01749
1.01934
1.02681
1.0385
1.04538
1.04841
1.05069
1.05194
1.05161
1.04337
1.02704
1.20848
1.67308
0.907488
0.909667
0.91061
0.911625
0.911637
0.908755
0.90721
0.90769
0.908708
0.9098
0.911651
0.918145
0.924575
0.927155
0.928541
0.929658
0.930732
0.930171
0.926167
0.924377
0.924753
0.925652
0.926778
0.928742
0.935971
0.943846
0.947154
0.948932
0.950165
0.951272
0.949977
0.944319
0.941526
0.941859
0.943044
0.944234
0.945921
0.952831
0.962431
0.96679
0.968948
0.970716
0.972196
0.972182
0.966381
0.960805
0.959779
0.960744
0.962096
0.963582
0.968331
0.979462
0.986411
0.989373
0.991766
0.993618
0.994834
0.991696
0.983953
0.979696
0.979372
0.980537
0.982247
0.985363
0.995519
1.00569
1.01017
1.0128
1.01509
1.01681
1.01643
1.00995
1.0028
1.00006
1.00047
1.0022
1.0061
1.01674
1.02685
1.03165
1.03443
1.03692
1.03879
1.03816
1.03065
1.02179
1.01789
1.0177
1.01946
1.02659
1.03808
1.04499
1.04839
1.05081
1.05199
1.04928
1.03997
1.20235
1.67363
0.908075
0.911137
0.912156
0.913261
0.914198
0.91304
0.909945
0.909386
0.910056
0.910986
0.912057
0.915044
0.922923
0.928098
0.930165
0.93136
0.932436
0.933324
0.93122
0.927046
0.926086
0.926841
0.927983
0.929155
0.931831
0.940347
0.947246
0.949933
0.951525
0.952729
0.95388
0.951847
0.946178
0.94407
0.944314
0.945069
0.94626
0.948448
0.956536
0.965979
0.97005
0.971821
0.972899
0.974306
0.974536
0.968812
0.963687
0.962682
0.962885
0.963714
0.965313
0.970776
0.982648
0.990062
0.992769
0.994134
0.995298
0.996658
0.994495
0.987145
0.982904
0.982235
0.982575
0.983738
0.986773
0.997543
1.0086
1.01334
1.01535
1.0167
1.01837
1.01884
1.01304
1.00537
1.00228
1.00215
1.00333
1.00672
1.01764
1.0289
1.03443
1.03682
1.03859
1.04
1.03952
1.03251
1.02304
1.0185
1.01799
1.01942
1.02599
1.0372
1.04434
1.0481
1.05086
1.05107
1.04903
1.20378
1.6755
0.907472
0.91247
0.91387
0.915012
0.916047
0.916647
0.913991
0.911295
0.911246
0.912102
0.91317
0.914484
0.919116
0.927221
0.931268
0.93302
0.934084
0.935183
0.93565
0.931976
0.928496
0.928339
0.929188
0.930209
0.931358
0.93492
0.944126
0.950236
0.952739
0.954454
0.955872
0.956811
0.953468
0.947451
0.945589
0.946315
0.94756
0.948745
0.950882
0.959361
0.968334
0.972028
0.974168
0.975968
0.977449
0.977062
0.970785
0.965134
0.963986
0.964929
0.96636
0.967982
0.973092
0.984392
0.991198
0.99403
0.996263
0.998139
0.999451
0.997374
0.989937
0.984593
0.983471
0.984451
0.986148
0.989364
0.99939
1.00956
1.01415
1.01679
1.01905
1.02079
1.021
1.0153
1.0072
1.00336
1.00317
1.00465
1.00813
1.01843
1.02938
1.03479
1.03757
1.03987
1.04154
1.04135
1.03434
1.02411
1.01885
1.01802
1.0191
1.02489
1.03587
1.04345
1.04816
1.04975
1.05465
1.21091
1.67834
0.905414
0.913203
0.915431
0.9167
0.917714
0.918723
0.918348
0.914602
0.91291
0.913366
0.914337
0.91536
0.91689
0.923043
0.930942
0.934316
0.935943
0.937035
0.938144
0.937617
0.932906
0.930205
0.930248
0.931041
0.932128
0.933501
0.938127
0.947664
0.95318
0.955393
0.956779
0.958053
0.959058
0.955567
0.949937
0.948397
0.948625
0.949286
0.950541
0.953181
0.962391
0.971545
0.975288
0.97692
0.977951
0.979427
0.979613
0.973797
0.968328
0.967112
0.967223
0.967876
0.9694
0.974832
0.986715
0.994316
0.997144
0.99857
0.999798
1.00139
1.0005
0.993388
0.987677
0.986349
0.986593
0.987635
0.99047
1.00082
1.01198
1.01701
1.01906
1.02044
1.02219
1.02328
1.01845
1.00978
1.00543
1.00477
1.00564
1.00818
1.018
1.03017
1.03681
1.03977
1.04148
1.04256
1.04238
1.03596
1.02528
1.01914
1.01776
1.01825
1.02332
1.03431
1.04302
1.04694
1.05666
1.22153
1.68164
0.903058
0.911916
0.916342
0.918235
0.919317
0.920338
0.921244
0.919479
0.915689
0.914821
0.915319
0.916201
0.917313
0.919536
0.92725
0.934571
0.937467
0.938946
0.939982
0.941
0.939267
0.933935
0.931794
0.932214
0.933263
0.934282
0.935635
0.940972
0.950688
0.955725
0.957945
0.959675
0.961165
0.961759
0.957329
0.951332
0.949705
0.950444
0.951674
0.952875
0.955328
0.964431
0.973206
0.976825
0.979088
0.980978
0.982458
0.982311
0.976402
0.970134
0.968204
0.968807
0.970127
0.971782
0.976585
0.987746
0.995144
0.998292
1.00063
1.00251
1.00398
1.00314
0.996357
0.989722
0.987522
0.988062
0.989637
0.992539
1.002
1.01246
1.01751
1.02051
1.02301
1.02477
1.02551
1.02067
1.01159
1.00638
1.00542
1.00658
1.0092
1.01815
1.0302
1.03714
1.04044
1.04234
1.04332
1.04323
1.03742
1.0265
1.01933
1.01698
1.01691
1.02154
1.03329
1.04146
1.05572
1.23293
1.68483
0.902467
0.908391
0.915953
0.919427
0.920973
0.922001
0.923005
0.923442
0.920082
0.916672
0.916425
0.91732
0.918435
0.919616
0.922629
0.931231
0.937672
0.940256
0.9418
0.942936
0.943782
0.941018
0.935759
0.934093
0.934317
0.935008
0.936136
0.937846
0.944247
0.95396
0.958752
0.960731
0.961902
0.963168
0.964011
0.959828
0.954103
0.952536
0.952624
0.953151
0.954412
0.957201
0.966885
0.976265
0.980134
0.981782
0.982832
0.984274
0.984883
0.979779
0.973267
0.971103
0.971041
0.971552
0.972946
0.977678
0.98948
0.997967
1.0012
1.0027
1.00399
1.0057
1.00599
0.999901
0.992627
0.990017
0.989826
0.990647
0.993023
1.00271
1.01485
1.02076
1.02309
1.02449
1.02611
1.02749
1.02386
1.01445
1.00849
1.00706
1.00742
1.00905
1.01708
1.03003
1.038
1.04149
1.04303
1.04375
1.04377
1.0388
1.02793
1.01936
1.01573
1.01494
1.02026
1.03167
1.05041
1.24339
1.68718
0.903295
0.906088
0.912637
0.919598
0.922295
0.923576
0.924494
0.925506
0.925053
0.920547
0.918263
0.91865
0.919627
0.920675
0.921822
0.925518
0.93471
0.940683
0.943139
0.944725
0.945986
0.94665
0.942755
0.936969
0.935442
0.936204
0.937409
0.938521
0.94008
0.946809
0.95637
0.960775
0.962931
0.964737
0.966216
0.966674
0.961963
0.955613
0.953617
0.954232
0.955451
0.956766
0.959232
0.968388
0.977469
0.981358
0.983717
0.985682
0.987201
0.987642
0.982836
0.975493
0.972269
0.972372
0.97361
0.975202
0.979146
0.989989
0.998315
1.00204
1.00475
1.00675
1.00827
1.00838
1.00256
0.994507
0.990976
0.991012
0.992453
0.994992
1.00372
1.01506
1.02094
1.02417
1.02687
1.02867
1.02968
1.02588
1.01609
1.00922
1.00723
1.00782
1.00962
1.01704
1.02991
1.03838
1.04197
1.04332
1.04395
1.04406
1.03999
1.02935
1.0191
1.01377
1.01295
1.01838
1.04095
1.25065
1.68842
0.904523
0.906454
0.908611
0.916467
0.922617
0.924999
0.926257
0.92722
0.928138
0.926223
0.921555
0.920157
0.920614
0.921489
0.92261
0.92401
0.928567
0.937974
0.943374
0.945518
0.946897
0.948016
0.948609
0.944797
0.939526
0.938231
0.938504
0.939163
0.940269
0.942208
0.949628
0.959349
0.963847
0.965675
0.966738
0.967992
0.968895
0.96486
0.958603
0.956582
0.956543
0.956924
0.958098
0.960716
0.970255
0.980322
0.98462
0.98639
0.987468
0.988886
0.990026
0.986416
0.978749
0.975157
0.97462
0.974909
0.976158
0.980052
0.991883
1.00157
1.00532
1.00696
1.0081
1.00969
1.01065
1.00576
0.997391
0.993592
0.992989
0.99348
0.995256
1.00338
1.0165
1.02405
1.0269
1.02829
1.02949
1.03084
1.02851
1.01914
1.01151
1.00889
1.0087
1.00967
1.01604
1.02937
1.03857
1.04212
1.04324
1.04386
1.04401
1.04102
1.03096
1.01875
1.01163
1.00906
1.0276
1.25192
1.68806
0.905582
0.907311
0.908139
0.911453
0.920015
0.925662
0.927849
0.929015
0.929982
0.930654
0.92747
0.922823
0.921883
0.922688
0.923833
0.924863
0.926121
0.931157
0.940703
0.94571
0.947794
0.949366
0.950738
0.951224
0.946788
0.941012
0.939515
0.940281
0.941487
0.942633
0.944329
0.951605
0.961103
0.965365
0.967556
0.969414
0.970907
0.971591
0.967435
0.960505
0.957625
0.95788
0.959056
0.960484
0.962804
0.971455
0.981163
0.985553
0.988028
0.990088
0.991571
0.992462
0.989
0.980896
0.976329
0.975934
0.977174
0.978981
0.982467
0.992863
1.00184
1.0058
1.00847
1.01064
1.01225
1.0129
1.00824
0.999471
0.994532
0.993809
0.994989
0.997022
1.00397
1.01621
1.02367
1.02709
1.02974
1.03164
1.03282
1.03054
1.02116
1.01254
1.00892
1.00863
1.00966
1.01549
1.02876
1.0383
1.04169
1.04278
1.0438
1.04425
1.04201
1.03196
1.01788
1.00818
1.01307
1.24575
1.68585
0.906522
0.90832
0.90908
0.910392
0.914434
0.923172
0.928358
0.930569
0.93195
0.933046
0.933311
0.929083
0.924912
0.924317
0.924772
0.925529
0.926628
0.928232
0.934048
0.943439
0.948231
0.950204
0.951388
0.952509
0.953277
0.949367
0.94388
0.942422
0.942576
0.943083
0.944169
0.946139
0.953798
0.963773
0.968423
0.970261
0.971267
0.972456
0.97363
0.970631
0.963779
0.960756
0.960491
0.960759
0.961759
0.96392
0.972684
0.983583
0.988619
0.990522
0.991444
0.992752
0.994218
0.992228
0.984676
0.980173
0.979243
0.979115
0.979925
0.982847
0.993434
1.00416
1.00892
1.01089
1.01202
1.01351
1.01485
1.01163
1.0028
0.997402
0.996037
0.99606
0.99721
1.0028
1.0161
1.02592
1.02979
1.03132
1.03234
1.0336
1.03266
1.02424
1.01457
1.00994
1.00901
1.00965
1.01468
1.02799
1.03796
1.04142
1.04256
1.04371
1.04416
1.04235
1.03195
1.0142
1.00654
1.23283
1.68316
0.908173
0.909287
0.910117
0.911088
0.912325
0.917053
0.926241
0.931351
0.933514
0.934901
0.935971
0.935821
0.930746
0.926286
0.925734
0.926657
0.927812
0.928835
0.930212
0.936192
0.945638
0.950206
0.952255
0.953949
0.955387
0.955937
0.951665
0.945521
0.94353
0.944106
0.945279
0.946484
0.948162
0.9552
0.96494
0.969512
0.971805
0.973773
0.975293
0.976311
0.9736
0.966397
0.962104
0.961632
0.962626
0.964043
0.965937
0.973323
0.983653
0.988724
0.991489
0.993998
0.995789
0.997076
0.995017
0.987116
0.980953
0.979331
0.98011
0.981675
0.984568
0.993917
1.00413
1.00907
1.0121
1.01464
1.01627
1.01735
1.01439
1.00531
0.998477
0.996488
0.99709
0.998682
1.00317
1.01525
1.02519
1.02946
1.03204
1.03416
1.03554
1.03461
1.02638
1.01578
1.01018
1.00894
1.00953
1.01403
1.02697
1.03689
1.04031
1.04191
1.04363
1.04417
1.04211
1.02771
1.01093
1.21769
1.68143
0.910837
0.910287
0.910893
0.911861
0.912962
0.91462
0.920135
0.929212
0.933862
0.935851
0.937233
0.938273
0.937931
0.932993
0.928964
0.928358
0.928674
0.929341
0.930459
0.932255
0.938829
0.948319
0.952986
0.954877
0.955937
0.957049
0.958002
0.954607
0.94862
0.946553
0.94653
0.94682
0.947792
0.949567
0.956708
0.967242
0.972538
0.974567
0.975642
0.976866
0.978269
0.976976
0.97013
0.965469
0.964436
0.964298
0.964876
0.966533
0.97373
0.98556
0.992196
0.994781
0.99625
0.997203
0.998395
0.997575
0.990277
0.984058
0.982287
0.982163
0.98276
0.984701
0.993327
1.0057
1.0124
1.01496
1.01619
1.01747
1.01894
1.01753
1.00892
1.00135
0.998629
0.998059
0.998662
1.002
1.01422
1.02666
1.03211
1.03391
1.03507
1.03613
1.03579
1.0288
1.01739
1.01053
1.00884
1.00934
1.01317
1.02556
1.0357
1.03955
1.04178
1.04356
1.04421
1.03817
1.0255
1.20745
1.68113
0.915261
0.911941
0.912078
0.913122
0.914298
0.915404
0.916854
0.922557
0.931634
0.936148
0.938156
0.939649
0.9409
0.940665
0.93527
0.93041
0.929606
0.930479
0.931685
0.932795
0.934262
0.940597
0.950018
0.954506
0.956639
0.958457
0.959919
0.960745
0.957375
0.950721
0.947636
0.947719
0.948755
0.950031
0.95156
0.957687
0.967891
0.973261
0.975882
0.978154
0.979769
0.981032
0.979968
0.973148
0.966969
0.965149
0.965734
0.967108
0.968859
0.974741
0.986044
0.992763
0.995609
0.997589
0.999401
1.00086
1.00072
0.994345
0.98641
0.982999
0.983055
0.984331
0.986412
0.993504
1.00528
1.01217
1.01553
1.0182
1.02003
1.02135
1.01994
1.01125
1.00227
0.998627
0.99865
1.00002
1.00308
1.01375
1.02594
1.0315
1.03392
1.03592
1.03738
1.03724
1.03053
1.01843
1.01071
1.00874
1.0091
1.01259
1.0241
1.03402
1.03855
1.0414
1.04346
1.04252
1.03821
1.20586
1.68239
0.92126
0.91664
0.914389
0.914701
0.915439
0.916287
0.917322
0.918898
0.9248
0.93385
0.938359
0.940245
0.941461
0.942524
0.942684
0.938051
0.933416
0.932512
0.932786
0.933314
0.93434
0.936041
0.942571
0.952393
0.957358
0.959317
0.960393
0.961507
0.962734
0.960613
0.954091
0.950751
0.950319
0.95041
0.951117
0.952596
0.958574
0.969794
0.976426
0.978906
0.980162
0.981198
0.982636
0.982786
0.976962
0.970362
0.968244
0.967959
0.968193
0.969503
0.974607
0.98646
0.99505
0.998685
1.00049
1.00205
1.00352
1.00356
0.997397
0.989015
0.985464
0.985041
0.985301
0.986539
0.992344
1.00557
1.01488
1.01838
1.01982
1.0208
1.02224
1.02232
1.01499
1.00558
1.00141
1.00042
1.00064
1.00242
1.01199
1.02585
1.03312
1.03557
1.03687
1.03764
1.03759
1.03233
1.02015
1.01137
1.00895
1.00903
1.01127
1.02177
1.03211
1.03764
1.04135
1.04207
1.04691
1.21153
1.68499
0.925208
0.924492
0.918998
0.916401
0.91658
0.917538
0.918397
0.919126
0.920489
0.926594
0.935894
0.940346
0.942309
0.943871
0.945192
0.945367
0.940674
0.935181
0.93368
0.934335
0.935468
0.936556
0.937928
0.943812
0.953545
0.958505
0.960844
0.962821
0.964332
0.96544
0.963579
0.956779
0.952035
0.951182
0.951982
0.953259
0.954771
0.959709
0.970287
0.976876
0.979817
0.982156
0.983957
0.985317
0.985472
0.97987
0.972047
0.968571
0.968496
0.96966
0.971353
0.975762
0.987141
0.996494
1.0005
1.00232
1.0033
1.00446
1.00539
1.00102
0.991962
0.986696
0.985791
0.986775
0.988358
0.993136
1.00496
1.01414
1.01819
1.02103
1.02333
1.02477
1.02464
1.01762
1.00717
1.00153
1.00047
1.00142
1.0034
1.01145
1.02464
1.03208
1.03505
1.03699
1.03826
1.03848
1.03377
1.02138
1.01163
1.0084
1.00821
1.00991
1.01959
1.03026
1.03745
1.04009
1.05083
1.22209
1.68827
0.927817
0.929431
0.927809
0.922128
0.919262
0.918744
0.918776
0.919492
0.920652
0.922558
0.929197
0.93841
0.942887
0.944742
0.945882
0.947038
0.947736
0.943924
0.938333
0.936604
0.936597
0.936887
0.93781
0.939333
0.9453
0.955685
0.961455
0.963635
0.964781
0.96582
0.967171
0.966633
0.96043
0.95525
0.954041
0.954072
0.954494
0.955745
0.960144
0.971279
0.979605
0.9829
0.984391
0.985183
0.986351
0.987305
0.98333
0.975391
0.971612
0.971294
0.971934
0.972928
0.975945
0.986344
0.996451
1.00091
1.00329
1.00551
1.00712
1.00808
1.00453
0.995599
0.989968
0.988395
0.988102
0.988784
0.992066
1.00394
1.01592
1.02124
1.02322
1.02429
1.02529
1.02572
1.02063
1.01048
1.00415
1.00231
1.00208
1.00295
1.00937
1.02333
1.03279
1.0365
1.03783
1.03823
1.03823
1.03489
1.02328
1.01266
1.0084
1.00724
1.00807
1.01725
1.02928
1.03552
1.05185
1.23435
1.69172
0.929893
0.93178
0.932576
0.930299
0.923378
0.919653
0.919688
0.920588
0.921703
0.922839
0.924513
0.930994
0.940205
0.944601
0.946703
0.94846
0.949828
0.950461
0.946625
0.940144
0.937509
0.937785
0.938806
0.940013
0.941333
0.946416
0.956486
0.962261
0.964839
0.966928
0.968502
0.969754
0.969421
0.963605
0.957192
0.95493
0.955305
0.956465
0.957935
0.961363
0.971345
0.979751
0.983366
0.985661
0.987695
0.98925
0.990144
0.986979
0.978948
0.973662
0.972223
0.972677
0.973775
0.976182
0.985871
0.997851
1.0038
1.00616
1.00763
1.00892
1.00999
1.00764
0.998953
0.991534
0.988811
0.989067
0.990466
0.993139
1.00288
1.01469
1.02037
1.02308
1.0254
1.02705
1.02779
1.02356
1.01275
1.00473
1.00214
1.00239
1.00364
1.00894
1.02206
1.03185
1.03585
1.03752
1.03834
1.0386
1.03593
1.02507
1.0135
1.00765
1.00543
1.00579
1.01585
1.02686
1.04854
1.24617
1.69451
0.930856
0.932581
0.933129
0.93354
0.930923
0.924814
0.922069
0.922094
0.922599
0.9233
0.92449
0.926497
0.933369
0.942872
0.947507
0.949316
0.950284
0.951043
0.95202
0.949585
0.943366
0.940545
0.940336
0.940538
0.941248
0.942573
0.947437
0.958156
0.965104
0.967722
0.968992
0.969832
0.971139
0.97185
0.967502
0.9607
0.958034
0.957739
0.957857
0.958783
0.961564
0.971388
0.981741
0.986565
0.988623
0.989996
0.991333
0.992538
0.990485
0.982475
0.976013
0.974012
0.974463
0.975704
0.97782
0.985388
0.997247
1.00396
1.00674
1.00839
1.0099
1.01145
1.01093
1.00346
0.995018
0.991558
0.99062
0.990582
0.992221
1.00075
1.01449
1.02268
1.02567
1.02702
1.02795
1.02875
1.02637
1.01639
1.00746
1.00397
1.003
1.00308
1.0068
1.02002
1.03188
1.03701
1.03818
1.03822
1.03821
1.03627
1.02701
1.01462
1.00658
1.00306
1.00376
1.01345
1.04017
1.25527
1.69608
0.928232
0.931731
0.932432
0.933222
0.934057
0.933053
0.927337
0.923765
0.923536
0.924523
0.925988
0.927322
0.928925
0.935028
0.944151
0.948555
0.950502
0.952145
0.953592
0.954608
0.952531
0.945996
0.941843
0.941301
0.942158
0.943422
0.944841
0.948734
0.958531
0.965477
0.968452
0.970626
0.972422
0.973807
0.974523
0.970851
0.9633
0.959082
0.958592
0.959526
0.960931
0.96326
0.971324
0.9819
0.987312
0.989675
0.991212
0.992614
0.994048
0.993668
0.986925
0.979408
0.976624
0.976266
0.97642
0.977735
0.983832
0.99639
1.00472
1.00829
1.01066
1.01261
1.0139
1.01351
1.00647
0.996647
0.991685
0.990975
0.992012
0.993741
1.00037
1.01371
1.02232
1.02573
1.02786
1.0296
1.03051
1.02832
1.0181
1.00761
1.00295
1.00222
1.0028
1.00631
1.01913
1.03145
1.03642
1.03747
1.03769
1.03787
1.03663
1.02886
1.01577
1.00487
1.00047
0.999979
1.02769
1.25954
1.69621
0.920292
0.92832
0.931252
0.93289
0.933958
0.93533
0.935519
0.931178
0.927494
0.927067
0.927605
0.928132
0.929008
0.930479
0.936044
0.945498
0.950755
0.952881
0.95398
0.954949
0.956236
0.955622
0.949802
0.945224
0.944287
0.944388
0.944751
0.945867
0.949189
0.959059
0.967694
0.971366
0.97295
0.973831
0.97503
0.976275
0.974383
0.967117
0.962403
0.961437
0.961468
0.961983
0.963589
0.970567
0.982106
0.988796
0.991587
0.993504
0.995382
0.996651
0.99659
0.990452
0.981809
0.977531
0.977035
0.978031
0.97965
0.984199
0.996068
1.0064
1.01076
1.01234
1.01323
1.01455
1.01546
1.01045
1.00051
0.994992
0.993436
0.993231
0.993932
0.998644
1.01193
1.023
1.02762
1.02911
1.02971
1.03031
1.0294
1.02086
1.01012
1.00479
1.00318
1.00313
1.00529
1.01756
1.03084
1.03625
1.03713
1.0372
1.03742
1.03686
1.03056
1.01638
1.00342
0.995549
1.01145
1.25602
1.69424
0.912924
0.919798
0.927606
0.932471
0.935227
0.937331
0.938886
0.939379
0.93554
0.930582
0.92877
0.929108
0.930048
0.93078
0.931807
0.936215
0.945654
0.951392
0.953993
0.956132
0.957708
0.958938
0.958614
0.953242
0.947305
0.945198
0.945563
0.946639
0.94792
0.950338
0.958857
0.967647
0.971687
0.974082
0.976228
0.977735
0.978901
0.977583
0.970527
0.964264
0.962221
0.962656
0.96387
0.965514
0.970502
0.981759
0.990395
0.994054
0.995577
0.99644
0.997727
0.998694
0.994535
0.985584
0.980673
0.979695
0.979832
0.98064
0.983646
0.994462
1.00514
1.01004
1.01312
1.01574
1.01725
1.01787
1.01328
1.00258
0.995127
0.99289
0.99318
0.994188
0.997739
1.01045
1.02217
1.02681
1.02887
1.03074
1.03176
1.03132
1.02381
1.01203
1.0049
1.00251
1.00251
1.00446
1.01609
1.02977
1.03513
1.03602
1.0365
1.03711
1.03698
1.03146
1.01616
0.999512
1.00056
1.24422
1.69091
0.909586
0.912787
0.919703
0.930303
0.936318
0.939223
0.941258
0.942733
0.943429
0.939918
0.934124
0.931584
0.930794
0.930452
0.931073
0.932384
0.936947
0.947168
0.954204
0.956924
0.958295
0.959267
0.960609
0.961323
0.957394
0.950908
0.94827
0.947892
0.947884
0.948675
0.950657
0.958568
0.96914
0.974649
0.976823
0.977979
0.979081
0.980516
0.980682
0.974884
0.967773
0.965168
0.964844
0.964988
0.966032
0.9698
0.980908
0.990152
0.994026
0.996566
0.998902
1.00043
1.00126
0.997696
0.988328
0.981791
0.979787
0.980063
0.981153
0.98341
0.993251
1.00655
1.01335
1.01583
1.01693
1.01757
1.01825
1.01554
1.00592
0.99787
0.994809
0.994516
0.995395
0.998237
1.00938
1.02253
1.0289
1.0308
1.03166
1.03247
1.03225
1.02583
1.01383
1.00557
1.00251
1.00222
1.00392
1.01472
1.02828
1.03368
1.03481
1.03584
1.0371
1.03725
1.03153
1.0119
0.99995
1.22797
1.68834
0.909159
0.91205
0.915228
0.923723
0.935533
0.940998
0.943404
0.945022
0.946046
0.946346
0.942623
0.934949
0.931142
0.930997
0.931812
0.932955
0.934423
0.938192
0.947688
0.954755
0.957911
0.960215
0.962025
0.963354
0.964058
0.960716
0.953392
0.949129
0.948564
0.949387
0.950641
0.952411
0.958548
0.968774
0.974657
0.977594
0.980182
0.98201
0.983312
0.983563
0.978314
0.970112
0.965978
0.96543
0.966254
0.96757
0.970323
0.979937
0.991315
0.997039
0.999228
1.0003
1.00118
1.00234
1.00085
0.992435
0.984544
0.981773
0.982037
0.983346
0.985258
0.992627
1.00511
1.0123
1.01524
1.01724
1.01904
1.02028
1.01909
1.0105
1.0009
0.996559
0.995621
0.995749
0.997356
1.00737
1.02142
1.02817
1.03038
1.0315
1.03248
1.03282
1.02846
1.01643
1.00628
1.00241
1.00198
1.00318
1.01279
1.02635
1.0322
1.03403
1.0357
1.03722
1.03726
1.02646
1.0122
1.21423
1.68724
0.910273
0.913959
0.917839
0.922777
0.93117
0.940379
0.944222
0.945668
0.946272
0.946316
0.946166
0.943019
0.936222
0.933208
0.93317
0.933892
0.934671
0.935872
0.938997
0.948625
0.95736
0.961054
0.962647
0.963434
0.964207
0.965297
0.96381
0.95707
0.952328
0.951281
0.95131
0.951723
0.952987
0.957953
0.96927
0.977525
0.980846
0.982372
0.98317
0.984308
0.985358
0.982203
0.973923
0.968804
0.967664
0.967953
0.968878
0.97096
0.979193
0.99059
0.99666
0.99951
1.00196
1.00379
1.00507
1.00421
0.996682
0.988317
0.985014
0.984155
0.983746
0.984791
0.990514
1.0039
1.01396
1.01827
1.02006
1.02136
1.02253
1.02165
1.01354
1.00261
0.996773
0.995508
0.996027
0.997591
1.00577
1.01993
1.02792
1.03061
1.03227
1.03369
1.03411
1.03014
1.01779
1.00646
1.00193
1.00147
1.00272
1.01124
1.02412
1.03039
1.03322
1.03561
1.03736
1.03432
1.02727
1.20875
1.68788
0.915635
0.920158
0.923349
0.925834
0.928052
0.933468
0.940172
0.943176
0.944241
0.94472
0.945031
0.945627
0.944822
0.939576
0.935525
0.934702
0.935531
0.937012
0.938704
0.941181
0.94908
0.95757
0.961406
0.963357
0.965098
0.966555
0.967704
0.966858
0.960563
0.954265
0.952076
0.952453
0.953631
0.955235
0.958928
0.968867
0.977239
0.980999
0.983379
0.985491
0.98695
0.987941
0.985498
0.97714
0.97078
0.968911
0.969207
0.970182
0.971531
0.977433
0.990099
0.999004
1.00261
1.0043
1.00542
1.00669
1.00697
1.00075
0.990623
0.985004
0.983966
0.984739
0.986298
0.990662
1.0029
1.0142
1.01917
1.02097
1.02173
1.02269
1.02324
1.01735
1.00599
0.999161
0.997037
0.996767
0.997707
1.00429
1.01874
1.02847
1.03173
1.03285
1.03356
1.03384
1.03143
1.01997
1.0073
1.00209
1.00152
1.00209
1.00894
1.02149
1.0288
1.03281
1.03568
1.03556
1.03882
1.21215
1.6901
0.925354
0.926259
0.926744
0.926852
0.926709
0.926972
0.929855
0.936326
0.941067
0.943279
0.944516
0.946171
0.948069
0.948687
0.945065
0.940287
0.938829
0.938969
0.939176
0.939894
0.941616
0.948439
0.958081
0.963401
0.965609
0.966709
0.967696
0.96911
0.969656
0.96499
0.958118
0.955438
0.955158
0.955236
0.956058
0.958583
0.967828
0.978515
0.983834
0.985917
0.986912
0.987798
0.9891
0.988718
0.982046
0.974276
0.970912
0.970662
0.971652
0.973197
0.97736
0.98856
0.998407
1.00289
1.00513
1.00669
1.00797
1.00837
1.00415
0.994629
0.988632
0.98692
0.986656
0.987032
0.989431
1.00018
1.01252
1.01828
1.02096
1.02342
1.02488
1.02518
1.01982
1.00817
0.999971
0.99732
0.997354
0.998164
1.00327
1.01693
1.02685
1.0305
1.03259
1.03414
1.03456
1.03237
1.02126
1.00779
1.00181
1.00088
1.00114
1.00671
1.0188
1.02719
1.03274
1.0343
1.04517
1.22147
1.69319
0.936941
0.93386
0.929811
0.926699
0.923884
0.922259
0.922424
0.925511
0.933417
0.940425
0.94461
0.948077
0.950895
0.952722
0.953633
0.950815
0.944518
0.94067
0.940033
0.940693
0.941558
0.942559
0.947181
0.956857
0.963091
0.966108
0.968707
0.970583
0.971893
0.97251
0.968779
0.961173
0.956685
0.955949
0.956755
0.958042
0.959929
0.96679
0.977356
0.983247
0.986144
0.988724
0.990658
0.991936
0.991905
0.985824
0.977156
0.973186
0.972689
0.972808
0.973471
0.976147
0.986773
0.998996
1.00485
1.00702
1.00824
1.00988
1.01091
1.00822
0.998597
0.990153
0.986716
0.98635
0.987123
0.989037
0.998498
1.01288
1.0207
1.02327
1.0244
1.02512
1.02548
1.02166
1.01066
1.00149
0.997917
0.997496
0.998083
1.00147
1.01476
1.02705
1.03203
1.03357
1.03406
1.03403
1.03233
1.02263
1.00902
1.0022
1.00035
0.999871
1.00439
1.01626
1.02653
1.03088
1.04777
1.23333
1.69653
0.945389
0.942879
0.933134
0.925491
0.920746
0.918889
0.91913
0.920238
0.923746
0.933471
0.944113
0.950051
0.953274
0.955308
0.956744
0.957665
0.955197
0.948171
0.943503
0.941911
0.941006
0.941203
0.942355
0.946673
0.957382
0.966021
0.969538
0.971151
0.972124
0.973237
0.974438
0.972706
0.965493
0.960217
0.958778
0.95837
0.958521
0.959784
0.965109
0.976862
0.985607
0.989275
0.990891
0.991721
0.992842
0.99378
0.990177
0.981174
0.975016
0.973412
0.974076
0.975335
0.977409
0.985211
0.997664
1.00533
1.00867
1.01025
1.01136
1.01229
1.01082
1.00214
0.992806
0.988693
0.988102
0.988853
0.990322
0.997301
1.011
1.01932
1.0225
1.02436
1.02577
1.02662
1.02421
1.0137
1.00301
0.998344
0.997742
0.998584
1.00155
1.0134
1.02563
1.03094
1.03286
1.03361
1.03376
1.03256
1.0242
1.01067
1.00263
0.999399
0.998083
1.00185
1.01493
1.02376
1.04674
1.24558
1.69959
0.948069
0.947433
0.939204
0.927874
0.920198
0.918555
0.91903
0.920154
0.922247
0.926672
0.938185
0.950061
0.955003
0.957032
0.958384
0.959206
0.959566
0.957497
0.949606
0.942953
0.941362
0.941852
0.942989
0.944724
0.948469
0.957804
0.966164
0.970025
0.972305
0.974515
0.976006
0.977083
0.975957
0.968891
0.961712
0.959002
0.959127
0.96022
0.961709
0.965167
0.975249
0.984656
0.98909
0.991764
0.994196
0.995779
0.996755
0.994242
0.985617
0.978777
0.976522
0.975816
0.975646
0.976787
0.982875
0.996427
1.00586
1.00926
1.01072
1.01198
1.01335
1.01347
1.00679
0.996285
0.99066
0.989128
0.988773
0.989604
0.995026
1.00938
1.02043
1.02473
1.02623
1.0272
1.02787
1.02626
1.01656
1.00528
1.00024
0.998956
0.998626
0.999923
1.01059
1.02465
1.03164
1.0336
1.03366
1.03323
1.03213
1.02576
1.01285
1.00298
0.997813
0.995627
1.0002
1.01199
1.04056
1.25632
1.70156
0.946403
0.940245
0.93473
0.930351
0.924414
0.921046
0.920989
0.922477
0.925723
0.930286
0.935855
0.945076
0.953735
0.957223
0.958611
0.95867
0.957759
0.957155
0.956026
0.950751
0.945557
0.944249
0.944824
0.945901
0.947018
0.949123
0.956976
0.967201
0.972713
0.974979
0.976113
0.976603
0.977603
0.977942
0.972971
0.965506
0.962254
0.961588
0.961371
0.962049
0.964237
0.973472
0.985759
0.992333
0.994935
0.996375
0.997527
0.998629
0.997497
0.98962
0.980707
0.976542
0.976014
0.976906
0.978391
0.982713
0.994847
1.00556
1.01032
1.01263
1.01447
1.01572
1.01575
1.00959
0.998101
0.990937
0.989121
0.989679
0.991062
0.995276
1.00821
1.02011
1.02513
1.02691
1.02767
1.02816
1.02729
1.01908
1.00687
1.00005
0.998224
0.998362
0.999717
1.00918
1.02338
1.03088
1.03278
1.0328
1.03246
1.03178
1.02738
1.01543
1.00325
0.995466
0.993009
0.996808
1.02963
1.26318
1.70229
0.936817
0.934333
0.933781
0.933234
0.931628
0.928755
0.927757
0.929238
0.932198
0.93521
0.93747
0.939528
0.944354
0.950563
0.953762
0.954964
0.955693
0.956462
0.957403
0.958035
0.955312
0.950097
0.947313
0.947093
0.948167
0.949838
0.951401
0.9563
0.965863
0.971998
0.974764
0.976882
0.978861
0.980272
0.980933
0.977094
0.968796
0.963461
0.962151
0.962826
0.964326
0.966123
0.972265
0.984162
0.991906
0.9952
0.996869
0.998134
0.999365
0.999744
0.994232
0.984678
0.979647
0.978412
0.978214
0.978789
0.981481
0.992761
1.00586
1.01205
1.01409
1.01483
1.01552
1.01638
1.0126
1.00197
0.994458
0.992082
0.991594
0.991791
0.994015
1.00542
1.01871
1.02467
1.02672
1.02787
1.02854
1.0282
1.02155
1.00964
1.00205
0.999254
0.998233
0.998391
1.00633
1.02167
1.03027
1.03215
1.03199
1.03189
1.03181
1.02885
1.01763
1.00288
0.992756
0.987407
1.01419
1.26311
1.70121
0.92678
0.931126
0.933404
0.934964
0.936934
0.93923
0.940717
0.940658
0.939859
0.939265
0.938486
0.936863
0.936094
0.938182
0.944493
0.950678
0.954249
0.956289
0.958304
0.96096
0.962806
0.961987
0.956729
0.952442
0.9511
0.950394
0.949972
0.950807
0.954305
0.963942
0.972759
0.977133
0.979096
0.980181
0.981601
0.983045
0.981684
0.974026
0.96766
0.965684
0.965023
0.964744
0.965753
0.970178
0.982076
0.991983
0.996257
0.998384
1.00034
1.00162
1.00208
0.997707
0.987758
0.980791
0.978687
0.979112
0.980355
0.98259
0.991362
1.00406
1.01058
1.0134
1.01597
1.01764
1.01843
1.01554
1.00517
0.995613
0.991614
0.991103
0.991758
0.993585
1.00362
1.0181
1.02553
1.02784
1.02856
1.02915
1.02931
1.02399
1.01134
1.00173
0.997816
0.997083
0.997534
1.00498
1.02064
1.02981
1.03155
1.03127
1.03116
1.0315
1.02966
1.01888
1.00189
0.987919
0.999175
1.25516
1.6981
0.915027
0.924991
0.931657
0.936972
0.943549
0.949592
0.952461
0.95253
0.949287
0.943696
0.937794
0.932774
0.930391
0.930427
0.93278
0.940283
0.949288
0.955288
0.959976
0.964547
0.967094
0.968518
0.968207
0.962481
0.954883
0.951042
0.950431
0.950916
0.951575
0.953301
0.961032
0.971083
0.976631
0.980111
0.98328
0.985129
0.986304
0.985439
0.978069
0.969513
0.965658
0.965258
0.966101
0.967434
0.97038
0.980508
0.992474
0.998316
1.00022
1.00105
1.00196
1.0031
1.00134
0.992451
0.984446
0.981595
0.980907
0.980875
0.98205
0.989049
1.00331
1.01271
1.01616
1.01754
1.0183
1.0189
1.01736
1.00836
0.998154
0.993389
0.992422
0.99283
0.99417
1.00226
1.01661
1.02526
1.0282
1.02893
1.0293
1.02931
1.02548
1.01377
1.00319
0.998445
0.997078
0.997151
1.00373
1.01933
1.02819
1.02961
1.02972
1.03072
1.03172
1.03015
1.01852
0.996829
0.993407
1.23994
1.69484
0.905809
0.913518
0.926478
0.940492
0.951895
0.957737
0.959976
0.960805
0.958906
0.95105
0.938355
0.93088
0.928387
0.92843
0.929403
0.931961
0.939777
0.95258
0.961771
0.966427
0.969012
0.97069
0.971759
0.97136
0.965532
0.956827
0.952398
0.950763
0.9502
0.95085
0.952591
0.959694
0.972516
0.980712
0.983879
0.985416
0.986297
0.987378
0.987816
0.982496
0.973462
0.968848
0.967892
0.968066
0.968685
0.970392
0.978565
0.990698
0.997049
0.999943
1.00255
1.00435
1.00545
1.00436
0.996332
0.98667
0.981996
0.981346
0.982303
0.983731
0.988424
1.0013
1.01146
1.01546
1.0173
1.01862
1.0198
1.01968
1.01264
1.00139
0.995057
0.993207
0.993014
0.993604
0.999874
1.0151
1.02489
1.02769
1.02851
1.0295
1.03012
1.02763
1.01628
1.00384
0.997696
0.99635
0.996495
1.00204
1.01743
1.0266
1.02849
1.02919
1.03073
1.03178
1.02984
1.01233
0.999435
1.22375
1.6929
0.904909
0.909398
0.919096
0.940336
0.955685
0.960199
0.961902
0.961902
0.958916
0.95189
0.942616
0.932899
0.928999
0.928913
0.929954
0.932185
0.936317
0.944795
0.958714
0.966959
0.970204
0.971591
0.972352
0.972494
0.971477
0.966414
0.957127
0.951864
0.950882
0.951621
0.953246
0.955679
0.961143
0.97241
0.980541
0.984249
0.986587
0.988541
0.989803
0.990345
0.985985
0.976054
0.969678
0.967935
0.968312
0.969294
0.970568
0.976643
0.99004
0.999331
1.00283
1.00426
1.00499
1.00609
1.00654
1.00087
0.990687
0.985221
0.983639
0.982916
0.983357
0.986701
0.999165
1.01168
1.01734
1.01952
1.0209
1.02187
1.02183
1.01566
1.0037
0.995727
0.99313
0.993237
0.994203
0.999427
1.01367
1.02454
1.02838
1.02938
1.03005
1.03047
1.02848
1.01779
1.00433
0.997201
0.995656
0.996052
1.00166
1.01579
1.02442
1.02684
1.02855
1.03084
1.03222
1.0243
1.01433
1.21364
1.69252
0.906992
0.915759
0.928067
0.94156
0.952853
0.958663
0.960279
0.957575
0.951142
0.946653
0.9442
0.940293
0.935134
0.933305
0.934337
0.937438
0.941473
0.945223
0.950431
0.960574
0.967313
0.969671
0.970093
0.96881
0.967751
0.968112
0.967222
0.961265
0.956261
0.955043
0.955485
0.956261
0.957283
0.960491
0.971381
0.982224
0.987044
0.988831
0.989545
0.989574
0.989925
0.988159
0.980223
0.97299
0.970133
0.969988
0.970945
0.972534
0.976894
0.988412
0.997972
1.00222
1.00485
1.0071
1.00845
1.00889
1.00406
0.9931
0.985442
0.983173
0.983533
0.98473
0.987396
0.998025
1.01173
1.01855
1.02064
1.02134
1.02194
1.02257
1.01849
1.00675
0.997754
0.994581
0.993786
0.993877
0.997594
1.01195
1.02413
1.02806
1.02912
1.02987
1.03011
1.02907
1.02007
1.00554
0.9975
0.99605
0.996246
1.00002
1.01299
1.02204
1.02582
1.02859
1.0308
1.02932
1.02813
1.21284
1.6938
0.917515
0.929082
0.935414
0.939129
0.942713
0.946806
0.947841
0.946443
0.945404
0.945694
0.946189
0.945937
0.944559
0.942894
0.942998
0.944602
0.946378
0.947866
0.949003
0.950269
0.954829
0.960805
0.964337
0.966002
0.967546
0.969777
0.971418
0.971624
0.967185
0.960884
0.957776
0.957613
0.958963
0.960859
0.962667
0.96935
0.979402
0.984918
0.987335
0.989005
0.990777
0.992302
0.992349
0.986237
0.977689
0.973578
0.972726
0.972435
0.972947
0.975511
0.98599
0.998536
1.00479
1.00697
1.0078
1.00862
1.00966
1.00728
0.997154
0.988934
0.986177
0.98562
0.985858
0.987138
0.995975
1.0102
1.0175
1.02011
1.022
1.02323
1.02368
1.02003
1.00846
0.998143
0.994032
0.993653
0.994479
0.998081
1.01079
1.02279
1.02728
1.02885
1.03016
1.03071
1.02977
1.02104
1.00593
0.997092
0.995301
0.995551
0.998742
1.01023
1.01965
1.02492
1.02872
1.02907
1.03805
1.21923
1.69645
0.934605
0.939465
0.940743
0.940383
0.935922
0.930731
0.93033
0.934376
0.940206
0.944348
0.946778
0.949461
0.953285
0.956615
0.9573
0.955367
0.952573
0.950156
0.947091
0.943833
0.943323
0.94676
0.95523
0.963332
0.968056
0.970779
0.973297
0.97594
0.977424
0.974775
0.967722
0.963358
0.962116
0.960811
0.959422
0.959919
0.9645
0.97559
0.98475
0.989439
0.992046
0.994243
0.995731
0.996058
0.991333
0.981835
0.975168
0.973015
0.973365
0.974428
0.976127
0.983927
0.996552
1.00348
1.00661
1.00928
1.01098
1.01196
1.01016
1.00077
0.990735
0.986175
0.98548
0.986159
0.987419
0.994706
1.00965
1.01894
1.02167
1.02246
1.02286
1.02357
1.02186
1.01156
1.00052
0.995937
0.994885
0.994826
0.996683
1.00833
1.02198
1.0277
1.02935
1.02984
1.02992
1.02938
1.02237
1.00749
0.997963
0.995564
0.995026
0.996811
1.00711
1.01747
1.02489
1.02751
1.0428
1.23003
1.6997
0.949761
0.948174
0.944938
0.937176
0.925117
0.918286
0.917633
0.920453
0.928656
0.938721
0.946715
0.955112
0.96336
0.967604
0.968833
0.966993
0.960197
0.95106
0.943686
0.939136
0.937932
0.938645
0.941959
0.952209
0.963544
0.970403
0.976052
0.980398
0.982592
0.983659
0.980978
0.972469
0.964167
0.959439
0.957543
0.957364
0.958228
0.961634
0.973034
0.985549
0.99197
0.994522
0.995929
0.997049
0.99811
0.995899
0.986581
0.978441
0.9754
0.97435
0.974143
0.975276
0.981754
0.996115
1.00597
1.00956
1.01101
1.01185
1.01269
1.01196
1.00412
0.993535
0.988157
0.987025
0.987512
0.988562
0.994207
1.00779
1.01699
1.02038
1.02253
1.02407
1.02477
1.0232
1.01361
1.00162
0.995685
0.994564
0.99512
0.997058
1.00697
1.02006
1.02606
1.02838
1.02987
1.03018
1.02953
1.02321
1.00889
0.998676
0.99512
0.993577
0.994526
1.00446
1.01684
1.02279
1.04465
1.24207
1.70294
0.962051
0.959087
0.94814
0.931669
0.918048
0.913298
0.913105
0.914262
0.917463
0.926923
0.944721
0.961199
0.969999
0.973184
0.974524
0.973849
0.969567
0.957802
0.944012
0.938248
0.937349
0.937982
0.939537
0.94278
0.953203
0.969486
0.978656
0.982408
0.984172
0.985265
0.985663
0.983554
0.974057
0.9627
0.957881
0.957277
0.958078
0.959521
0.962582
0.973018
0.986004
0.992811
0.995748
0.997979
0.999491
1.00027
0.998425
0.989121
0.979178
0.974968
0.974582
0.975554
0.977048
0.981618
0.994392
1.0049
1.00914
1.01103
1.01243
1.01359
1.01382
1.00808
0.99707
0.990057
0.988075
0.988069
0.988605
0.992443
1.00607
1.01789
1.02216
1.0234
1.02393
1.02465
1.02449
1.01682
1.00428
0.997604
0.995635
0.995008
0.995519
1.00402
1.01887
1.02709
1.02955
1.02987
1.02947
1.02834
1.02375
1.0109
0.99972
0.994418
0.991469
0.991956
1.00333
1.01398
1.04221
1.25377
1.70554
0.966615
0.965604
0.950199
0.930961
0.918599
0.914018
0.913585
0.914498
0.917085
0.923604
0.940102
0.961807
0.971112
0.974039
0.974839
0.972167
0.965519
0.95791
0.949353
0.94167
0.938963
0.939223
0.941023
0.945185
0.95145
0.961494
0.975156
0.98192
0.984257
0.98492
0.983694
0.981589
0.978982
0.972527
0.964006
0.960127
0.959898
0.96117
0.962933
0.964791
0.972404
0.986501
0.995113
0.998101
0.999115
0.999028
0.999156
0.998812
0.99238
0.982671
0.978004
0.976882
0.976634
0.977226
0.980381
0.992806
1.00558
1.01118
1.01315
1.01426
1.01527
1.01556
1.01097
0.999701
0.991276
0.988458
0.988612
0.989645
0.992805
1.00431
1.01578
1.02074
1.02352
1.02549
1.02612
1.02563
1.01844
1.00531
0.997068
0.994719
0.994702
0.995501
1.00279
1.01735
1.02591
1.02846
1.02891
1.02861
1.02778
1.0245
1.01324
1.00079
0.992849
0.988698
0.989823
1.00053
1.03451
1.2629
1.70701
0.965451
0.95553
0.940958
0.932526
0.924666
0.919384
0.917905
0.918906
0.924006
0.934206
0.944918
0.955431
0.965087
0.969164
0.968565
0.964203
0.960372
0.958566
0.956505
0.950973
0.946014
0.945205
0.947469
0.951442
0.955254
0.958435
0.963393
0.971802
0.97731
0.979066
0.979378
0.979615
0.980083
0.98015
0.976829
0.970016
0.965571
0.964461
0.96517
0.966778
0.968627
0.972884
0.984186
0.992988
0.996314
0.997913
0.999493
1.0007
1.00088
0.995489
0.985079
0.978769
0.977275
0.977984
0.979803
0.982368
0.991668
1.00467
1.01139
1.01367
1.01446
1.01504
1.01587
1.01354
1.00319
0.993905
0.990484
0.989591
0.98954
0.991298
1.00215
1.01646
1.02312
1.02496
1.02534
1.02563
1.02587
1.0209
1.00816
0.999249
0.995995
0.994542
0.99408
0.999862
1.01559
1.02608
1.02891
1.02879
1.0279
1.02721
1.02513
1.01544
1.00133
0.990295
0.985587
0.985909
1.02248
1.2675
1.70698
0.951123
0.943497
0.939488
0.936154
0.932379
0.928528
0.927005
0.92953
0.936836
0.943933
0.947604
0.949232
0.951812
0.954359
0.955286
0.955852
0.956834
0.957787
0.958389
0.959124
0.959138
0.958679
0.958141
0.957967
0.958204
0.957704
0.956381
0.956927
0.961879
0.96971
0.975335
0.978288
0.980196
0.982497
0.984842
0.984923
0.979534
0.972885
0.969594
0.968335
0.967317
0.967586
0.970068
0.979866
0.991173
0.996863
0.998895
0.999647
1.00071
1.00187
0.99962
0.990585
0.983773
0.98162
0.9809
0.980455
0.981358
0.988276
1.00167
1.00956
1.01264
1.01499
1.01651
1.01725
1.01539
1.00568
0.995062
0.990327
0.989736
0.990572
0.99214
1.00084
1.01445
1.0213
1.02418
1.02619
1.02697
1.02699
1.02243
1.00945
0.998639
0.994265
0.993237
0.993327
0.999143
1.01512
1.02584
1.02818
1.02768
1.02668
1.0264
1.02546
1.01712
1.00152
0.988059
0.979833
1.00592
1.26491
1.70498
0.932302
0.934052
0.937288
0.938295
0.938916
0.9394
0.942868
0.948341
0.950946
0.951368
0.950963
0.947523
0.940301
0.9365
0.938009
0.944016
0.951247
0.956253
0.960475
0.966473
0.971825
0.973775
0.971813
0.966748
0.961428
0.956279
0.95123
0.948236
0.94848
0.95344
0.964477
0.974135
0.980423
0.986196
0.990393
0.992449
0.992759
0.987543
0.977644
0.970277
0.967495
0.967006
0.966854
0.967825
0.975134
0.987588
0.994793
0.998489
1.00212
1.00456
1.00576
1.00422
0.99555
0.985799
0.980737
0.979606
0.979993
0.980897
0.986079
1.00026
1.01093
1.01469
1.01594
1.01661
1.01758
1.0173
1.00927
0.99806
0.992769
0.990954
0.990149
0.990851
0.998541
1.01423
1.02356
1.02614
1.02655
1.02648
1.0263
1.02278
1.011
1.00009
0.995207
0.993561
0.993206
0.997912
1.01385
1.0245
1.02629
1.02567
1.02552
1.02638
1.02611
1.01805
1.00037
0.982642
0.993519
1.25442
1.70154
0.914913
0.921715
0.930748
0.937496
0.942993
0.952577
0.961085
0.964096
0.963231
0.959196
0.952641
0.941646
0.929853
0.925085
0.925174
0.928677
0.938454
0.951228
0.963263
0.974501
0.981306
0.983888
0.984257
0.979769
0.968922
0.956741
0.94816
0.944364
0.944033
0.945113
0.949999
0.963991
0.979483
0.988292
0.992489
0.994796
0.996271
0.996259
0.991301
0.979509
0.970468
0.966159
0.964426
0.964714
0.966294
0.973481
0.988435
0.999038
1.00327
1.00535
1.0068
1.00795
1.00723
0.99878
0.987158
0.981382
0.980176
0.980743
0.981792
0.98579
0.998311
1.00912
1.01375
1.01664
1.01859
1.01945
1.01893
1.01114
0.998735
0.991867
0.990337
0.990714
0.991841
0.998207
1.01287
1.02191
1.02448
1.02525
1.02581
1.02635
1.02442
1.01385
1.00135
0.994627
0.992527
0.992423
0.996735
1.01238
1.0232
1.02508
1.0249
1.02526
1.02666
1.02621
1.01736
0.994196
0.990116
1.23858
1.69862
0.90389
0.907827
0.916272
0.930655
0.947737
0.964744
0.97341
0.97598
0.975687
0.970529
0.958035
0.938152
0.925391
0.922021
0.92226
0.923659
0.927025
0.937779
0.961366
0.978492
0.984766
0.987099
0.988057
0.986581
0.979039
0.962688
0.949017
0.944664
0.944403
0.945431
0.948108
0.954318
0.970627
0.986631
0.993308
0.995592
0.996732
0.996901
0.995229
0.989643
0.97728
0.967948
0.965372
0.965675
0.967243
0.969936
0.976201
0.989979
1.00077
1.0054
1.00722
1.00825
1.00857
1.00749
1.00071
0.989775
0.983252
0.981532
0.98148
0.981947
0.984618
0.997059
1.01097
1.01675
1.01831
1.01872
1.01927
1.01961
1.01373
1.00187
0.994799
0.992303
0.991214
0.991142
0.995685
1.01047
1.02161
1.02524
1.02622
1.02709
1.02756
1.02601
1.01615
1.00227
0.99428
0.992031
0.99197
0.996484
1.0113
1.02129
1.02318
1.02354
1.02512
1.02695
1.02645
1.00978
0.99886
1.22383
1.69716
0.902901
0.905227
0.908515
0.918045
0.946112
0.968643
0.975523
0.977635
0.978198
0.97355
0.956965
0.939069
0.927752
0.923498
0.923215
0.924433
0.9284
0.938412
0.956645
0.976391
0.984786
0.987308
0.98716
0.981737
0.973659
0.965977
0.957086
0.95024
0.948454
0.949564
0.953018
0.958035
0.963761
0.975601
0.987798
0.992692
0.993822
0.992334
0.989401
0.987564
0.985556
0.979017
0.972771
0.970867
0.97132
0.972525
0.973792
0.977078
0.9895
1.00131
1.00588
1.00716
1.00757
1.00808
1.00819
1.0036
0.992726
0.984779
0.982175
0.982439
0.983733
0.98651
0.997061
1.00991
1.01561
1.01793
1.01988
1.02093
1.02114
1.01606
1.00366
0.994183
0.990812
0.990498
0.991125
0.995347
1.00974
1.02185
1.02584
1.02665
1.02718
1.02741
1.02636
1.01757
1.00302
0.99417
0.992105
0.992239
0.995608
1.00892
1.01866
1.02135
1.023
1.02555
1.02737
1.0216
1.01337
1.21584
1.69728
0.9054
0.908497
0.913946
0.924543
0.942737
0.962816
0.972646
0.975154
0.97269
0.963738
0.953926
0.94442
0.935714
0.930505
0.929432
0.93141
0.937587
0.946346
0.954212
0.964393
0.974742
0.978742
0.977259
0.973416
0.971095
0.969797
0.967042
0.961835
0.957931
0.957657
0.959961
0.963178
0.965767
0.967713
0.972555
0.980096
0.984705
0.986342
0.987131
0.988127
0.989463
0.989976
0.986273
0.979713
0.975738
0.974652
0.975338
0.97698
0.978903
0.986838
0.997962
1.00372
1.00576
1.00644
1.00727
1.00831
1.00677
0.997184
0.988416
0.985485
0.984968
0.98513
0.986345
0.995228
1.00992
1.01767
1.01991
1.02063
1.02093
1.02105
1.01745
1.00603
0.996331
0.992669
0.992035
0.992253
0.995293
1.00841
1.02066
1.02477
1.0258
1.02661
1.02714
1.02678
1.01958
1.00411
0.993857
0.991434
0.991768
0.994369
1.00621
1.01604
1.02024
1.02344
1.02604
1.02462
1.02718
1.21695
1.69889
0.913785
0.91674
0.923275
0.932923
0.94002
0.947825
0.956791
0.960796
0.959318
0.956101
0.953879
0.951521
0.947096
0.942603
0.940915
0.943086
0.948388
0.952992
0.95505
0.956282
0.958012
0.960479
0.96327
0.966316
0.96881
0.970186
0.97183
0.973477
0.973966
0.972665
0.970674
0.969259
0.968029
0.9651
0.962078
0.962756
0.969251
0.978667
0.985296
0.988973
0.99193
0.994847
0.996594
0.994825
0.987665
0.981412
0.978576
0.97691
0.974947
0.974876
0.980283
0.992425
1.00071
1.00471
1.00793
1.00996
1.01102
1.00988
1.00139
0.991352
0.986479
0.985622
0.986259
0.98741
0.993853
1.00778
1.01596
1.01858
1.01978
1.02081
1.02179
1.02004
1.00963
0.998187
0.992979
0.991819
0.991937
0.993912
1.0058
1.0192
1.02439
1.02618
1.02758
1.02804
1.0275
1.02031
1.00431
0.993559
0.991195
0.991234
0.992877
1.0035
1.01382
1.01984
1.02404
1.0245
1.03602
1.22375
1.70147
0.927231
0.928561
0.934276
0.938706
0.940299
0.940763
0.938703
0.938117
0.942043
0.948205
0.952007
0.953367
0.955274
0.957424
0.959526
0.960398
0.959812
0.958816
0.956902
0.951449
0.944477
0.94234
0.945549
0.95415
0.963481
0.969859
0.975758
0.982862
0.987201
0.987667
0.983745
0.976741
0.968936
0.961109
0.955253
0.953493
0.95478
0.962424
0.976309
0.987018
0.993642
0.999106
1.00248
1.00405
1.00227
0.993544
0.983009
0.975304
0.971133
0.96982
0.970517
0.975638
0.990604
1.0034
1.00832
1.01011
1.01155
1.01311
1.0132
1.0059
0.994787
0.988873
0.986537
0.98521
0.985602
0.990976
1.00546
1.0159
1.01988
1.02166
1.023
1.0236
1.02193
1.01186
0.999193
0.99278
0.991392
0.991856
0.993818
1.00436
1.0184
1.02481
1.02677
1.0273
1.02728
1.0266
1.02012
1.00463
0.993791
0.991003
0.990324
0.991473
1.00123
1.01201
1.01986
1.02263
1.04019
1.23386
1.7043
0.945994
0.944953
0.943662
0.942694
0.939833
0.932258
0.924775
0.922846
0.925429
0.934579
0.946366
0.954563
0.961453
0.970573
0.975972
0.976617
0.972837
0.966163
0.957495
0.945869
0.936062
0.93294
0.933447
0.937463
0.949061
0.964766
0.979046
0.989803
0.994954
0.996826
0.996262
0.989131
0.974527
0.960625
0.953185
0.951456
0.952031
0.953824
0.960996
0.978777
0.994341
1.00196
1.00536
1.00707
1.00757
1.00497
0.99332
0.978068
0.970916
0.969558
0.97003
0.971553
0.976807
0.992019
1.00446
1.00991
1.01309
1.01491
1.01569
1.01495
1.00731
0.994334
0.986576
0.984611
0.984834
0.985795
0.990221
1.00403
1.0163
1.02103
1.02234
1.02293
1.02347
1.02299
1.01448
1.00109
0.994174
0.992551
0.992397
0.992915
1.00207
1.0165
1.02327
1.02552
1.02641
1.02656
1.02581
1.02027
1.0059
0.994834
0.991127
0.989188
0.989606
0.998907
1.01125
1.01716
1.04141
1.24501
1.70709
0.962509
0.961788
0.955461
0.947769
0.938763
0.927369
0.919057
0.916792
0.917325
0.920131
0.929779
0.946762
0.964095
0.977565
0.984123
0.98617
0.98575
0.980214
0.964615
0.944592
0.934401
0.932146
0.932714
0.934326
0.938028
0.951709
0.9772
0.991729
0.996302
0.997966
0.998292
0.995456
0.983955
0.965224
0.954694
0.95226
0.952601
0.954325
0.958271
0.967585
0.988064
1.00154
1.00556
1.00689
1.0065
1.00339
0.997944
0.987622
0.976638
0.97229
0.972019
0.973414
0.975815
0.98016
0.994143
1.00782
1.01297
1.01444
1.01466
1.01405
1.01308
1.00727
0.995528
0.988074
0.986035
0.986119
0.986791
0.989753
1.00268
1.01534
1.02017
1.02231
1.02407
1.02472
1.02403
1.01612
1.00212
0.993847
0.991533
0.991404
0.991823
1.00015
1.01549
1.0237
1.02623
1.02666
1.02647
1.02502
1.02039
1.0075
0.995878
0.99039
0.987078
0.987184
0.99777
1.00785
1.03842
1.25584
1.70924
0.96731
0.969323
0.968485
0.961839
0.944093
0.927161
0.919236
0.917233
0.917795
0.919491
0.922643
0.932712
0.959236
0.978642
0.984894
0.986789
0.98626
0.979317
0.965385
0.950096
0.939036
0.935256
0.935293
0.937336
0.941588
0.949681
0.966707
0.986798
0.994627
0.996582
0.994879
0.988887
0.98196
0.973673
0.963606
0.95831
0.95766
0.9595
0.963256
0.968796
0.977401
0.991489
0.999813
1.00186
1.00072
0.998196
0.996574
0.994976
0.989369
0.981561
0.977729
0.977403
0.97876
0.981035
0.984901
0.995068
1.00583
1.01026
1.0116
1.01228
1.01303
1.01342
1.00942
0.998158
0.989794
0.986919
0.986767
0.987478
0.98976
1.00177
1.01593
1.02205
1.02376
1.02436
1.02457
1.02386
1.0167
1.00283
0.994111
0.991558
0.991337
0.991971
0.999884
1.01518
1.02393
1.02625
1.0262
1.02499
1.02355
1.02035
1.00927
0.996915
0.988961
0.984374
0.985168
0.994748
1.03076
1.26439
1.71044
0.967528
0.969097
0.966014
0.958875
0.949109
0.935828
0.925355
0.921762
0.921954
0.923767
0.927268
0.934132
0.946647
0.967051
0.978246
0.98077
0.978883
0.97403
0.967944
0.959876
0.950602
0.944194
0.942395
0.943568
0.947749
0.954423
0.961437
0.971825
0.982503
0.986472
0.985478
0.983242
0.981949
0.98073
0.976726
0.970265
0.966537
0.966494
0.968897
0.971925
0.973728
0.976697
0.983937
0.990512
0.993678
0.995041
0.99602
0.997429
0.998532
0.996293
0.98989
0.985113
0.98326
0.982749
0.982669
0.983633
0.98963
1.00069
1.00775
1.01067
1.01187
1.01284
1.01395
1.01251
1.00312
0.99342
0.989239
0.988623
0.989204
0.990621
1.00032
1.01451
1.02086
1.02266
1.0233
1.02358
1.0237
1.01853
1.00497
0.995812
0.992947
0.99209
0.991926
0.998578
1.01408
1.02307
1.02501
1.02466
1.02345
1.02252
1.0206
1.01138
0.998019
0.986807
0.981299
0.980513
1.01899
1.26893
1.71032
0.954232
0.959588
0.958738
0.958242
0.956218
0.949876
0.939018
0.93093
0.928659
0.929709
0.934073
0.94023
0.944124
0.948801
0.95855
0.966415
0.969338
0.969871
0.969757
0.968542
0.964197
0.957654
0.953845
0.953876
0.95676
0.959831
0.961198
0.961982
0.963166
0.96728
0.973285
0.978179
0.980856
0.982625
0.984731
0.985008
0.982783
0.979801
0.977727
0.976314
0.974
0.969759
0.968101
0.972016
0.981691
0.990415
0.995535
0.999023
1.00261
1.00517
1.00509
0.999308
0.99138
0.985555
0.981817
0.979146
0.978619
0.983007
0.995511
1.00557
1.01028
1.01369
1.01636
1.01797
1.01712
1.00803
0.996504
0.99079
0.988849
0.988184
0.98903
0.997921
1.01309
1.02064
1.02297
1.02409
1.02451
1.02432
1.01946
1.00649
0.996433
0.992463
0.99139
0.991325
0.997264
1.01311
1.02278
1.02455
1.02369
1.02236
1.02203
1.02127
1.01361
0.998395
0.984325
0.975095
1.00245
1.26628
1.70838
0.930963
0.944872
0.952818
0.956661
0.957657
0.958386
0.955652
0.947963
0.942354
0.941044
0.942339
0.943779
0.944269
0.941646
0.93984
0.943773
0.954622
0.96437
0.9689
0.970342
0.971433
0.972209
0.971781
0.969572
0.966894
0.964389
0.960674
0.954406
0.949838
0.950081
0.95613
0.968353
0.978244
0.983846
0.988588
0.99434
0.997323
0.99589
0.989765
0.981752
0.9726
0.964109
0.960049
0.960169
0.964274
0.977038
0.990604
0.999511
1.00611
1.01114
1.01341
1.01294
1.00517
0.992183
0.981518
0.975841
0.974272
0.974829
0.979291
0.994196
1.00856
1.01534
1.01857
1.02041
1.02131
1.02
1.01035
0.996632
0.989439
0.987996
0.988271
0.989197
0.996941
1.01268
1.02173
1.02398
1.02413
1.02396
1.02392
1.02038
1.00836
0.997668
0.992851
0.991221
0.99107
0.996932
1.01238
1.02169
1.02301
1.02207
1.02138
1.02195
1.02206
1.01506
0.99744
0.978299
0.990715
1.25612
1.70525
0.916001
0.922692
0.936743
0.950827
0.957575
0.960623
0.963541
0.96533
0.962645
0.95597
0.949742
0.944679
0.9403
0.935312
0.931329
0.931102
0.934929
0.948358
0.962199
0.970239
0.976731
0.983618
0.986448
0.985328
0.979287
0.970628
0.960903
0.950977
0.94467
0.943278
0.944432
0.950273
0.964707
0.979632
0.991791
1.00122
1.00521
1.00631
1.00366
0.992238
0.975373
0.963402
0.959165
0.959016
0.960085
0.963261
0.97615
0.995401
1.00831
1.01398
1.0161
1.01699
1.01496
1.00337
0.985389
0.976388
0.974499
0.974797
0.976074
0.980886
0.9973
1.01283
1.01877
1.02057
1.02141
1.02146
1.0197
1.00991
0.996501
0.989952
0.988465
0.988628
0.989217
0.996344
1.01194
1.0207
1.02286
1.0237
1.02434
1.02446
1.02182
1.01101
0.999355
0.993213
0.991115
0.990512
0.995067
1.01048
1.01992
1.02101
1.02056
1.02094
1.02294
1.02314
1.0149
0.990131
0.987594
1.24076
1.70262
0.913229
0.914614
0.917893
0.930954
0.948696
0.961125
0.969329
0.974374
0.975901
0.973193
0.962717
0.9504
0.940583
0.934005
0.930339
0.929793
0.930615
0.932933
0.944147
0.963647
0.97918
0.987536
0.990983
0.992406
0.991654
0.984723
0.967653
0.951921
0.944867
0.943498
0.944137
0.945716
0.95016
0.96822
0.991745
1.0027
1.00589
1.00721
1.00685
1.00115
0.984811
0.968239
0.961275
0.960013
0.960674
0.962449
0.966529
0.983659
1.00597
1.01406
1.01591
1.01588
1.01246
1.00609
0.995577
0.983551
0.977856
0.976878
0.97764
0.9795
0.98487
1.00145
1.01489
1.01935
1.02056
1.02074
1.01993
1.01766
1.00868
0.9962
0.98986
0.988413
0.988771
0.989764
0.996163
1.01178
1.02183
1.02432
1.02452
1.02479
1.02508
1.02342
1.01341
0.999694
0.991692
0.989499
0.989444
0.994087
1.00903
1.01851
1.02003
1.02009
1.02167
1.02383
1.0239
1.00631
0.99593
1.22613
1.70121
0.912929
0.914632
0.916314
0.919302
0.930524
0.954621
0.97032
0.975237
0.976864
0.976614
0.97314
0.961504
0.947219
0.937015
0.931891
0.930686
0.931502
0.933437
0.936773
0.947731
0.97216
0.987029
0.991136
0.991898
0.989874
0.984195
0.975231
0.961368
0.950448
0.946699
0.946721
0.948302
0.951653
0.959116
0.97941
0.997572
1.00326
1.00411
1.00141
0.996689
0.990677
0.980241
0.969304
0.9645
0.964
0.965565
0.969996
0.978575
0.993672
1.00629
1.01012
1.00968
1.00756
1.00605
1.00406
0.996291
0.985959
0.981114
0.980654
0.982506
0.985823
0.990742
1.00287
1.01349
1.01723
1.01776
1.01641
1.01558
1.01508
1.01011
0.999805
0.993178
0.991147
0.991233
0.992113
0.997272
1.01112
1.02082
1.02354
1.02427
1.02475
1.02482
1.02381
1.01485
1.00009
0.991287
0.989105
0.989137
0.993448
1.00749
1.01638
1.01841
1.01983
1.02269
1.02456
1.01797
1.00988
1.21833
1.70119
0.916581
0.917518
0.920152
0.923932
0.929332
0.937965
0.956083
0.967844
0.971288
0.97147
0.970578
0.969262
0.962146
0.949237
0.939309
0.935517
0.935586
0.937561
0.941266
0.946124
0.955152
0.97252
0.982545
0.984832
0.984664
0.983941
0.982088
0.97502
0.962602
0.954001
0.951932
0.953271
0.95758
0.962804
0.968127
0.979533
0.990769
0.995114
0.995592
0.995243
0.994592
0.991392
0.982176
0.973589
0.970931
0.972386
0.976663
0.979434
0.981222
0.987985
0.997204
1.00218
1.00407
1.00483
1.00515
1.00449
0.999766
0.992968
0.989478
0.988793
0.989129
0.98965
0.990255
0.99624
1.00585
1.01116
1.01331
1.01519
1.01699
1.01773
1.01442
1.00482
0.996961
0.993481
0.992099
0.991775
0.994899
1.00799
1.01885
1.02221
1.02306
1.024
1.02486
1.02449
1.0165
1.00042
0.990486
0.988605
0.988856
0.991955
1.00517
1.01432
1.01779
1.0205
1.02293
1.02046
1.02318
1.21871
1.70233
0.927573
0.924793
0.926857
0.930118
0.93264
0.933762
0.935968
0.946627
0.95945
0.966015
0.968358
0.969116
0.969385
0.965224
0.954449
0.946168
0.943444
0.943974
0.945963
0.947337
0.948084
0.951178
0.963387
0.975076
0.980454
0.982327
0.982812
0.982263
0.977708
0.969408
0.964042
0.962791
0.963766
0.964891
0.965339
0.965414
0.969731
0.979865
0.988411
0.992483
0.993884
0.994245
0.993449
0.990164
0.986146
0.983873
0.98279
0.980696
0.976083
0.974466
0.978174
0.988876
0.99814
1.00256
1.00458
1.00666
1.00901
1.00898
1.00392
0.997165
0.991981
0.98744
0.98348
0.983287
0.98878
1.00155
1.01116
1.01546
1.01779
1.02007
1.02166
1.02024
1.01061
0.999032
0.992444
0.990432
0.990153
0.992149
1.00414
1.01641
1.02129
1.02361
1.02537
1.02583
1.02516
1.01692
0.999834
0.989683
0.987997
0.988131
0.991214
1.00322
1.01204
1.01704
1.02024
1.01973
1.0317
1.22436
1.70437
0.947863
0.938624
0.93551
0.934579
0.934109
0.931197
0.928984
0.929421
0.936023
0.951193
0.962651
0.967376
0.969072
0.970953
0.971702
0.966682
0.958214
0.952704
0.949901
0.947122
0.943568
0.942415
0.94412
0.95439
0.969164
0.977907
0.981381
0.98328
0.986239
0.987071
0.982029
0.974135
0.968267
0.964461
0.961876
0.959252
0.958149
0.96106
0.972715
0.985113
0.991395
0.995189
1.00058
1.00379
1.00271
0.996456
0.988139
0.979856
0.973074
0.968983
0.96832
0.971399
0.983298
0.995827
1.00348
1.00951
1.01539
1.01812
1.01749
1.00999
0.997438
0.986611
0.981103
0.97928
0.979549
0.984374
0.998671
1.01086
1.01719
1.02199
1.02519
1.02649
1.02463
1.01296
0.998258
0.990469
0.987671
0.987001
0.988775
1.00177
1.01666
1.02262
1.0245
1.02526
1.02536
1.02442
1.01634
0.999616
0.990018
0.988197
0.987534
0.98953
1.00033
1.01
1.01628
1.01783
1.03584
1.23369
1.70691
0.964904
0.959748
0.948348
0.938976
0.933863
0.930575
0.92669
0.923827
0.923886
0.928329
0.944143
0.960357
0.969914
0.976417
0.980757
0.981977
0.97764
0.965808
0.954526
0.947215
0.942893
0.940072
0.93928
0.940249
0.947569
0.963827
0.977503
0.986329
0.992433
0.995616
0.996053
0.990229
0.978587
0.968535
0.961655
0.956736
0.954077
0.954153
0.95662
0.967894
0.98423
0.997041
1.00541
1.00989
1.01119
1.00951
1.00007
0.985629
0.973803
0.967796
0.966236
0.966536
0.96866
0.979213
0.996905
1.01119
1.01861
1.02126
1.02222
1.02044
1.00923
0.992021
0.98192
0.978688
0.97849
0.979132
0.983029
0.999163
1.01625
1.02407
1.02677
1.02769
1.0273
1.02367
1.00978
0.99391
0.987365
0.986401
0.986672
0.989318
1.00323
1.01765
1.02288
1.02464
1.0254
1.02527
1.02333
1.01524
0.999315
0.989852
0.987207
0.985939
0.988285
0.99836
1.00895
1.01325
1.03729
1.24416
1.70955
0.970076
0.971419
0.967451
0.953963
0.940229
0.931335
0.925376
0.922314
0.922247
0.923217
0.926421
0.941501
0.964813
0.978112
0.98248
0.984089
0.984819
0.981865
0.968944
0.953715
0.944344
0.939861
0.93881
0.939411
0.940858
0.945784
0.96376
0.984207
0.993421
0.99611
0.997307
0.997436
0.992731
0.97936
0.965789
0.957406
0.954179
0.954039
0.955023
0.957114
0.968456
0.991516
1.00578
1.0101
1.0115
1.01166
1.00913
0.997266
0.980317
0.969593
0.966141
0.966171
0.967102
0.969671
0.983947
1.00813
1.0184
1.02088
1.02135
1.01956
1.01477
1.00339
0.988683
0.980388
0.978389
0.978621
0.979977
0.987238
1.00862
1.02275
1.02604
1.02648
1.02509
1.02278
1.01835
1.00615
0.992935
0.987961
0.987386
0.98802
0.991235
1.00616
1.01972
1.0243
1.0252
1.02499
1.02359
1.02103
1.01407
1.0002
0.991268
0.987468
0.984977
0.98681
0.99749
1.00499
1.03522
1.25464
1.71172
0.971256
0.972143
0.971572
0.967358
0.953037
0.936607
0.926879
0.923439
0.923236
0.924308
0.927142
0.932298
0.947422
0.970367
0.981114
0.983881
0.984569
0.98302
0.978358
0.966125
0.951466
0.942771
0.940289
0.940623
0.942358
0.946261
0.952707
0.969279
0.986701
0.993527
0.995232
0.995338
0.994443
0.990922
0.978354
0.964268
0.957319
0.956036
0.957017
0.959364
0.963675
0.975917
0.996067
1.00585
1.00812
1.0082
1.00715
1.005
0.994221
0.97805
0.969797
0.968467
0.969779
0.973901
0.98139
0.99507
1.01022
1.016
1.01692
1.01641
1.01552
1.01262
1.00114
0.987417
0.981784
0.981517
0.984499
0.989899
0.997752
1.01124
1.01959
1.02167
1.02185
1.02147
1.02059
1.01705
1.00549
0.994452
0.990661
0.990594
0.992141
0.995688
1.00767
1.0188
1.02296
1.02353
1.02264
1.02081
1.01931
1.01492
1.0035
0.993769
0.987299
0.983035
0.984565
0.993124
1.02894
1.26411
1.71323
0.962113
0.967436
0.967538
0.967175
0.964969
0.953101
0.937713
0.930246
0.928893
0.930171
0.932922
0.936066
0.939472
0.949441
0.967011
0.976682
0.979084
0.979192
0.978782
0.976996
0.967301
0.954042
0.947361
0.946313
0.948062
0.951253
0.953919
0.956506
0.966768
0.982369
0.990245
0.992483
0.992932
0.992535
0.989925
0.978836
0.966708
0.961834
0.961768
0.964212
0.967019
0.968814
0.976043
0.992044
1.00174
1.00467
1.00528
1.0048
1.00247
0.993036
0.981126
0.976188
0.976379
0.978608
0.980472
0.983339
0.992923
1.00531
1.01148
1.01335
1.0136
1.01213
1.00899
1.00145
0.9935
0.990476
0.990697
0.991469
0.991935
0.994961
1.00629
1.01555
1.01896
1.01968
1.01893
1.01779
1.01632
1.00987
1.00151
0.997059
0.995368
0.994515
0.994869
1.00385
1.01556
1.0208
1.0218
1.02114
1.01997
1.01914
1.01722
1.00832
0.995881
0.985307
0.979464
0.978442
1.01802
1.27058
1.71379
0.94044
0.958099
0.96292
0.964513
0.964436
0.963055
0.956288
0.945619
0.939171
0.937173
0.937339
0.938276
0.939275
0.940342
0.94496
0.958203
0.969725
0.974887
0.9766
0.977036
0.976935
0.972489
0.963173
0.956723
0.954444
0.954242
0.954202
0.953693
0.954609
0.961047
0.975657
0.985713
0.989517
0.990721
0.991419
0.99146
0.985731
0.97616
0.970715
0.969092
0.968327
0.966822
0.966959
0.971839
0.986325
0.997364
1.00168
1.00297
1.00365
1.00368
0.998855
0.990481
0.985053
0.982479
0.981126
0.980689
0.980908
0.986826
0.999131
1.00706
1.00989
1.01078
1.01171
1.01246
1.01061
1.00446
0.997423
0.992356
0.990156
0.989506
0.991034
1.00033
1.01048
1.01508
1.01671
1.01854
1.02095
1.02192
1.01786
1.00762
0.998908
0.994136
0.992038
0.991707
0.999028
1.01221
1.01947
1.02099
1.02073
1.02059
1.02063
1.02025
1.01232
0.996308
0.981649
0.971523
1.00148
1.27034
1.71262
0.922489
0.934101
0.948921
0.958256
0.962133
0.965385
0.968167
0.966851
0.958227
0.948705
0.943101
0.940452
0.939073
0.937991
0.937082
0.938369
0.948197
0.962918
0.97191
0.976521
0.980809
0.98372
0.982661
0.974062
0.963696
0.957275
0.954393
0.953346
0.952123
0.951335
0.954717
0.968347
0.981758
0.988677
0.993284
0.997632
0.999128
0.994974
0.983379
0.973412
0.968101
0.966091
0.965133
0.96489
0.967465
0.980053
0.993734
1.0008
1.00473
1.00827
1.01027
1.00764
0.998204
0.988757
0.982474
0.978517
0.976516
0.97659
0.981083
0.993797
1.00459
1.01034
1.01438
1.01867
1.02053
1.01854
1.00931
0.997708
0.990294
0.986573
0.984803
0.985773
0.994172
1.00665
1.01506
1.0208
1.02538
1.02738
1.02745
1.02218
1.00896
0.99729
0.991043
0.987862
0.987175
0.994123
1.01002
1.0194
1.02121
1.02125
1.02164
1.02267
1.02252
1.01324
0.992591
0.972431
0.988573
1.2625
1.70976
0.917573
0.918865
0.925325
0.943249
0.959259
0.967869
0.972205
0.974682
0.974982
0.967956
0.955319
0.946038
0.94073
0.936624
0.932826
0.931889
0.933105
0.941078
0.959119
0.974692
0.983327
0.98781
0.990075
0.990013
0.981789
0.968169
0.958934
0.953871
0.949309
0.947146
0.947548
0.950477
0.964019
0.982792
0.994778
1.00014
1.00268
1.00376
1.00023
0.987174
0.974451
0.9678
0.964028
0.961567
0.961417
0.963533
0.975488
0.993091
1.00506
1.01122
1.0141
1.01511
1.01215
1.00087
0.987974
0.979604
0.975495
0.973743
0.97359
0.976627
0.989383
1.00499
1.01592
1.02177
1.02386
1.02436
1.02132
1.00942
0.994948
0.986323
0.982813
0.981542
0.982001
0.989497
1.00679
1.02102
1.02721
1.02895
1.02942
1.02864
1.02225
1.00703
0.993175
0.986491
0.984333
0.984097
0.992029
1.01125
1.02084
1.022
1.02212
1.02282
1.02391
1.02222
1.00833
0.980755
0.983022
1.24831
1.70676
0.916082
0.917424
0.918794
0.923799
0.942128
0.962747
0.972375
0.975515
0.976872
0.977582
0.973672
0.960681
0.946453
0.936678
0.932438
0.93188
0.932612
0.934152
0.940074
0.96008
0.980119
0.988365
0.990742
0.991901
0.992057
0.985104
0.968658
0.954904
0.948725
0.947188
0.947567
0.948675
0.951594
0.965635
0.988272
0.999677
1.00284
1.00409
1.00437
1.00083
0.987852
0.97283
0.963741
0.960897
0.960969
0.961847
0.96437
0.977102
0.999092
1.01047
1.01367
1.01482
1.01482
1.01194
1.00119
0.986649
0.976682
0.972788
0.972485
0.973169
0.976358
0.99276
1.01322
1.02115
1.02317
1.02363
1.02305
1.01984
1.00762
0.991695
0.982833
0.980488
0.980649
0.981767
0.992897
1.01581
1.02637
1.02828
1.02842
1.02774
1.02634
1.01949
1.00277
0.988661
0.983545
0.982823
0.984192
0.9971
1.01639
1.02167
1.02135
1.02123
1.0223
1.02231
1.01808
0.992879
0.986917
1.23346
1.7045
0.918766
0.919652
0.922318
0.925013
0.92884
0.942751
0.963628
0.974109
0.976962
0.978023
0.978377
0.974994
0.960166
0.943389
0.935675
0.93412
0.934924
0.937134
0.940169
0.945536
0.963292
0.982389
0.9895
0.991236
0.991688
0.990876
0.98356
0.965701
0.953373
0.949785
0.949844
0.951397
0.954074
0.958057
0.970778
0.990437
0.999983
1.0024
1.0031
1.00313
1.00002
0.986188
0.970638
0.963984
0.963059
0.964435
0.967686
0.972058
0.982636
1.00035
1.00978
1.01237
1.01326
1.01355
1.01139
0.999438
0.983104
0.975219
0.973924
0.975348
0.979113
0.984775
0.998653
1.01389
1.01966
1.02104
1.02162
1.02162
1.01813
1.00328
0.987871
0.982485
0.982234
0.984649
0.990189
1.00207
1.01788
1.02433
1.02536
1.0254
1.02486
1.02293
1.01508
0.998905
0.987892
0.985131
0.985878
0.989842
1.00337
1.01637
1.01889
1.01864
1.01872
1.0189
1.01909
1.00446
0.996863
1.22388
1.7033
0.929167
0.925667
0.926127
0.926757
0.927824
0.930618
0.942721
0.962784
0.972924
0.975337
0.975033
0.973223
0.97077
0.961534
0.948477
0.941573
0.940068
0.940727
0.942114
0.94383
0.947784
0.963294
0.980613
0.987119
0.988363
0.987523
0.985673
0.981067
0.968798
0.958664
0.955251
0.95532
0.956716
0.958405
0.960703
0.971275
0.989387
0.998279
1.00046
1
0.998039
0.996075
0.987776
0.975889
0.970112
0.969238
0.97011
0.971186
0.972965
0.982322
0.999657
1.00887
1.01122
1.01092
1.00906
1.00718
0.999308
0.987214
0.981387
0.980571
0.981289
0.982147
0.984929
0.998237
1.01322
1.0188
1.01989
1.01894
1.01666
1.01285
1.00244
0.992724
0.989366
0.989436
0.990068
0.991457
1.00107
1.016
1.02232
1.02327
1.02216
1.01967
1.01745
1.01288
1.00212
0.99331
0.990241
0.990227
0.992094
1.00231
1.01204
1.01473
1.01464
1.01463
1.01485
1.00876
1.01146
1.22174
1.70403
0.946491
0.933253
0.929927
0.929769
0.931702
0.93353
0.934466
0.939028
0.954381
0.966858
0.971558
0.973424
0.975272
0.975648
0.969014
0.956244
0.948286
0.945713
0.945686
0.946764
0.94799
0.94937
0.957663
0.973152
0.981995
0.984883
0.986505
0.988031
0.986479
0.976671
0.96654
0.961852
0.960587
0.96084
0.961756
0.962859
0.96813
0.982435
0.992305
0.995589
0.997378
0.999537
1.00013
0.994878
0.983888
0.976021
0.972929
0.97278
0.973886
0.975038
0.980039
0.994092
1.00373
1.00664
1.00801
1.00983
1.01042
1.00564
0.994654
0.986401
0.982987
0.982684
0.983525
0.985764
0.996171
1.00904
1.01432
1.01545
1.01602
1.01684
1.01626
1.00983
1.0005
0.993873
0.990763
0.990427
0.991396
0.999935
1.01252
1.01752
1.01791
1.01743
1.0176
1.01895
1.01888
1.01067
0.998404
0.992119
0.991205
0.991802
0.998709
1.0072
1.01061
1.01161
1.01205
1.00798
1.02366
1.22916
1.70685
0.96455
0.953146
0.942231
0.937361
0.936162
0.934409
0.931149
0.930484
0.93327
0.947847
0.965896
0.974257
0.976441
0.977522
0.9788
0.976431
0.965657
0.9559
0.951632
0.950015
0.947857
0.94486
0.944976
0.951251
0.96905
0.982781
0.987532
0.989031
0.990588
0.991558
0.985809
0.974657
0.967354
0.964291
0.962299
0.959214
0.958417
0.962325
0.977718
0.992485
0.998462
1.00053
1.00264
1.00468
1.00216
0.9909
0.980845
0.976604
0.974528
0.971561
0.970807
0.975032
0.990582
1.00405
1.00928
1.01126
1.01383
1.01535
1.0118
0.999676
0.989523
0.985458
0.983867
0.982146
0.98263
0.991384
1.00584
1.01415
1.01764
1.01992
1.02242
1.02265
1.01617
1.00373
0.994665
0.99128
0.990957
0.990934
0.995965
1.00734
1.01422
1.01729
1.0207
1.0247
1.02596
1.02424
1.01372
0.999442
0.992509
0.991261
0.990967
0.993489
1.00095
1.00715
1.01075
1.00999
1.03265
1.24095
1.7099
0.972475
0.971579
0.961952
0.947817
0.938285
0.932723
0.930106
0.929537
0.93031
0.932271
0.943883
0.962713
0.973349
0.979722
0.983787
0.9851
0.983439
0.972904
0.960468
0.952125
0.94647
0.943626
0.943146
0.943991
0.948613
0.965734
0.981185
0.989175
0.994665
0.997186
0.99773
0.992571
0.980045
0.969373
0.961877
0.957415
0.956093
0.956617
0.959744
0.974528
0.99086
0.99992
1.00604
1.009
1.00984
1.00722
0.995459
0.982621
0.973845
0.969272
0.968124
0.968748
0.972676
0.988219
1.00365
1.0122
1.01708
1.01878
1.01919
1.01549
1.00293
0.990758
0.982898
0.979383
0.978938
0.980151
0.988347
1.00425
1.01591
1.02255
1.02532
1.0262
1.02584
1.01943
1.00651
0.996198
0.990017
0.987362
0.98738
0.9915
1.00367
1.01519
1.02316
1.0272
1.02814
1.02788
1.02523
1.01517
1.00146
0.993007
0.98852
0.985404
0.985758
0.995588
1.00801
1.01292
1.04027
1.25303
1.71327
0.972261
0.972679
0.972899
0.967545
0.954473
0.942303
0.935518
0.932522
0.931877
0.932398
0.933641
0.94051
0.959268
0.975941
0.982585
0.984612
0.985572
0.985234
0.978607
0.966138
0.954897
0.948177
0.945379
0.945079
0.945828
0.948466
0.962064
0.981936
0.992875
0.996358
0.997756
0.998479
0.995995
0.985537
0.972014
0.962619
0.95854
0.957766
0.958345
0.960232
0.971653
0.991821
1.00406
1.00804
1.00951
1.01029
1.00895
0.999152
0.984155
0.974117
0.970351
0.969808
0.970455
0.973046
0.986862
1.00593
1.01516
1.01783
1.01893
1.01939
1.01679
1.00561
0.991489
0.983263
0.980735
0.98068
0.981654
0.987433
1.00394
1.018
1.02341
1.02519
1.02599
1.02577
1.02137
1.00903
0.996021
0.989731
0.988278
0.988323
0.990451
1.00279
1.01785
1.02515
1.02719
1.0273
1.02621
1.02395
1.01727
1.00385
0.992931
0.986548
0.981865
0.983198
0.997179
1.00722
1.04037
1.26462
1.71543
)
;

boundaryField
{
    back
    {
        type            empty;
    }
    outlet
    {
        type            inletOutlet;
        inletValue      uniform 1;
        value           nonuniform List<scalar> 
99
(
0.831164
0.834888
0.83918
0.844785
0.851128
0.857764
0.864076
0.869524
0.874186
0.87814
0.881373
0.884155
0.886682
0.889013
0.891171
0.893223
0.895222
0.897191
0.899117
0.901084
0.902997
0.904712
0.906096
0.907237
0.907433
0.906197
0.903814
0.902101
0.902299
0.903322
0.904584
0.905748
0.906781
0.908761
0.911956
0.916985
0.922414
0.925447
0.927721
0.929696
0.930306
0.926987
0.918808
0.912779
0.90976
0.909238
0.910248
0.91542
0.92567
0.937443
0.945677
0.948345
0.947343
0.937696
0.926106
0.913832
0.905549
0.904819
0.906699
0.916191
0.933551
0.949991
0.962684
0.967072
0.966058
0.95236
0.932321
0.914466
0.904238
0.903162
0.905902
0.914566
0.928186
0.946448
0.962523
0.96683
0.96636
0.95136
0.928652
0.916011
0.913802
0.913622
0.917751
0.929903
0.950517
0.965164
0.969804
0.970359
0.958838
0.935682
0.921964
0.918316
0.916917
0.919808
0.9317
0.950641
0.965803
0.972423
0.971749
)
;
    }
    top
    {
        type            zeroGradient;
    }
    inlet
    {
        type            fixedValue;
        value           uniform 1;
    }
    bottom
    {
        type            zeroGradient;
    }
    front
    {
        type            empty;
    }
}


// ************************************************************************* //
