/*--------------------------------*- C++ -*----------------------------------*\
  =========                 |
  \\      /  F ield         | OpenFOAM: The Open Source CFD Toolbox
   \\    /   O peration     | Website:  https://openfoam.org
    \\  /    A nd           | Version:  12
     \\/     M anipulation  |
\*---------------------------------------------------------------------------*/
FoamFile
{
    format      ascii;
    class       volScalarField;
    location    "22.1";
    object      p;
}
// * * * * * * * * * * * * * * * * * * * * * * * * * * * * * * * * * * * * * //

dimensions      [1 -1 -2 0 0 0 0];

internalField   nonuniform List<scalar> 
9801
(
0.659034
0.65703
0.665519
0.686462
0.706942
0.718074
0.723568
0.722578
0.70834
0.697822
0.698639
0.705741
0.725891
0.749978
0.764598
0.771674
0.774935
0.767079
0.747303
0.734759
0.734738
0.739427
0.76111
0.795828
0.818393
0.828496
0.834695
0.835623
0.817593
0.79218
0.784949
0.786781
0.791017
0.809139
0.84849
0.876782
0.888833
0.895753
0.898136
0.884281
0.859382
0.851937
0.854639
0.860615
0.871503
0.898109
0.931477
0.949758
0.958829
0.964344
0.96421
0.949816
0.930486
0.927543
0.932958
0.940787
0.953176
0.978982
1.01334
1.03412
1.04548
1.05276
1.05808
1.05213
1.02708
1.01653
1.02155
1.03037
1.04544
1.08146
1.12348
1.14738
1.16066
1.17117
1.17972
1.16806
1.13509
1.12505
1.13431
1.15025
1.1868
1.24765
1.29218
1.31812
1.33719
1.35496
1.35965
1.31942
1.28492
1.291
1.32017
1.37989
1.49755
1.60666
1.69382
1.79448
1.82715
3.13669
20.1472
0.679917
0.682038
0.688843
0.694024
0.70017
0.704684
0.706432
0.708696
0.712107
0.715919
0.72473
0.737092
0.747704
0.757478
0.764771
0.766536
0.757698
0.74892
0.746938
0.748907
0.75192
0.767381
0.788917
0.807488
0.820537
0.828283
0.828489
0.816055
0.805862
0.801937
0.800971
0.804325
0.814642
0.835836
0.860522
0.877896
0.886975
0.889375
0.882509
0.87416
0.869721
0.869158
0.874224
0.880994
0.889265
0.909307
0.934262
0.948266
0.954114
0.954288
0.953905
0.952018
0.945289
0.945755
0.951178
0.956829
0.964232
0.984521
1.0151
1.03304
1.04214
1.04769
1.05281
1.05257
1.03782
1.03044
1.03363
1.04093
1.0521
1.08396
1.12347
1.14613
1.15895
1.1692
1.1785
1.17261
1.14659
1.13677
1.14344
1.15665
1.18279
1.23819
1.2856
1.31422
1.33588
1.35633
1.36864
1.33844
1.30305
1.30018
1.32705
1.37136
1.46014
1.54945
1.62433
1.70474
1.7133
2.98086
20.4987
0.704352
0.707152
0.701244
0.691421
0.678043
0.675852
0.683116
0.699595
0.722309
0.746418
0.759243
0.763895
0.764926
0.76145
0.748852
0.735313
0.734479
0.739741
0.746856
0.75851
0.781722
0.802052
0.810365
0.813743
0.818272
0.814549
0.801199
0.799499
0.804077
0.809528
0.816213
0.826493
0.841557
0.856551
0.864833
0.868861
0.869465
0.868751
0.872043
0.875445
0.881196
0.888042
0.892235
0.895166
0.900426
0.91153
0.924931
0.932148
0.938091
0.947305
0.954685
0.961641
0.963787
0.961548
0.961099
0.965242
0.971065
0.981187
1.00214
1.01863
1.03186
1.04359
1.0533
1.06058
1.0538
1.04231
1.04243
1.0483
1.05673
1.07486
1.11046
1.13663
1.1531
1.16643
1.1782
1.18229
1.16244
1.14724
1.14911
1.16041
1.17647
1.22057
1.2802
1.31689
1.3403
1.36091
1.37761
1.35995
1.32129
1.30867
1.32595
1.3617
1.42561
1.5199
1.5983
1.67482
1.69424
3.01952
20.5595
0.724426
0.732144
0.71689
0.679736
0.664315
0.664955
0.669255
0.687391
0.732368
0.766573
0.779489
0.78507
0.786828
0.767232
0.73254
0.723752
0.726201
0.732376
0.74589
0.770773
0.799524
0.819709
0.827259
0.829079
0.817344
0.799102
0.795382
0.79819
0.803871
0.81664
0.830468
0.840956
0.852417
0.860163
0.86167
0.858688
0.860115
0.868283
0.877188
0.887538
0.895474
0.900668
0.902058
0.901106
0.899748
0.901555
0.910333
0.924173
0.940488
0.956605
0.970012
0.978568
0.979682
0.971606
0.963935
0.959929
0.961456
0.967844
0.990756
1.01972
1.03971
1.05458
1.0666
1.07562
1.07048
1.04987
1.03982
1.04173
1.04967
1.06283
1.09961
1.13815
1.16083
1.17657
1.18951
1.19977
1.18438
1.1531
1.14554
1.15626
1.17206
1.20081
1.26168
1.31189
1.34071
1.36267
1.3825
1.37912
1.34488
1.32137
1.32261
1.35053
1.39157
1.4617
1.5379
1.60515
1.63648
3.15039
20.6587
0.732279
0.736783
0.706382
0.677783
0.670585
0.671955
0.675714
0.688988
0.73345
0.774079
0.787399
0.791366
0.780879
0.753861
0.735753
0.731351
0.733661
0.739476
0.751825
0.774533
0.803775
0.819722
0.8229
0.816438
0.807323
0.805712
0.805984
0.809796
0.818397
0.827472
0.834723
0.841126
0.84418
0.848566
0.853861
0.859345
0.871265
0.8842
0.894239
0.900964
0.905824
0.905568
0.895681
0.886773
0.886257
0.890919
0.906699
0.935204
0.958846
0.974099
0.984304
0.992223
0.990292
0.965854
0.949979
0.949909
0.95615
0.965441
0.992574
1.03316
1.05737
1.06926
1.07811
1.08421
1.07442
1.04384
1.03161
1.0365
1.04681
1.06084
1.09565
1.14309
1.17026
1.18471
1.19619
1.20527
1.19447
1.15746
1.14028
1.14766
1.1648
1.18731
1.23924
1.30467
1.34396
1.3678
1.3882
1.39547
1.37182
1.34275
1.32952
1.33949
1.37189
1.4207
1.48918
1.54832
1.57764
3.22256
20.7385
0.725513
0.717586
0.697176
0.687794
0.684659
0.687118
0.695656
0.712434
0.736304
0.762253
0.773065
0.771474
0.762811
0.756614
0.751504
0.750138
0.75421
0.761844
0.768187
0.772973
0.781027
0.796626
0.806716
0.810779
0.816078
0.823493
0.829487
0.832067
0.834043
0.835639
0.829751
0.821624
0.822276
0.831491
0.851022
0.873419
0.892806
0.904881
0.91196
0.917541
0.914654
0.891881
0.875955
0.875785
0.881708
0.891051
0.915209
0.955821
0.980053
0.990888
0.99757
0.998222
0.97979
0.952449
0.943434
0.947963
0.956562
0.969825
1.00082
1.04452
1.06753
1.07642
1.08161
1.08092
1.06904
1.0466
1.03349
1.03621
1.04769
1.06363
1.09532
1.14378
1.17348
1.18702
1.19644
1.2037
1.20034
1.1748
1.15093
1.14755
1.16044
1.17972
1.21532
1.27666
1.32827
1.35947
1.38314
1.40195
1.39671
1.3688
1.34764
1.34365
1.35665
1.38776
1.44074
1.49858
1.52819
3.27272
20.8052
0.706167
0.70671
0.705289
0.705395
0.708971
0.715253
0.722115
0.728218
0.733331
0.736127
0.742711
0.752053
0.760367
0.767719
0.775997
0.780328
0.780645
0.780223
0.776845
0.765054
0.760877
0.766454
0.786217
0.812839
0.833852
0.846448
0.852852
0.855342
0.850052
0.833049
0.813157
0.808834
0.812432
0.821171
0.849825
0.89107
0.912549
0.921198
0.927048
0.927561
0.906496
0.876584
0.868073
0.87149
0.878326
0.891753
0.92496
0.969361
0.991141
0.998655
0.998954
0.988832
0.971992
0.956757
0.949393
0.952273
0.959799
0.974537
1.00443
1.04274
1.06454
1.07273
1.07496
1.07547
1.07512
1.0632
1.0467
1.04423
1.0526
1.0653
1.08641
1.12694
1.16357
1.1821
1.19303
1.20205
1.20834
1.19782
1.17312
1.16205
1.16523
1.179
1.19706
1.23516
1.29287
1.33854
1.36931
1.39407
1.41114
1.40128
1.38005
1.36335
1.35939
1.36978
1.39774
1.45074
1.48677
3.31084
20.8661
0.688274
0.695659
0.711548
0.725785
0.735209
0.740542
0.742081
0.736247
0.722665
0.717967
0.720833
0.735944
0.761266
0.784183
0.79397
0.799301
0.801238
0.792497
0.768842
0.756421
0.756514
0.759922
0.774138
0.813146
0.847856
0.859114
0.865206
0.868371
0.856058
0.823392
0.809176
0.810494
0.814715
0.822271
0.850026
0.898826
0.921755
0.929792
0.931521
0.918799
0.896387
0.880948
0.876985
0.88011
0.887146
0.900966
0.928716
0.964619
0.983524
0.989233
0.986579
0.982301
0.97978
0.970651
0.964037
0.967244
0.976981
0.985333
0.995765
1.02244
1.04723
1.05958
1.06653
1.0756
1.08532
1.08851
1.07441
1.06529
1.06489
1.06801
1.07532
1.09237
1.13509
1.17251
1.19336
1.20779
1.2214
1.2282
1.20986
1.18641
1.17654
1.17621
1.1858
1.2029
1.24264
1.29831
1.34266
1.376
1.40387
1.42029
1.41644
1.39511
1.37116
1.36016
1.36556
1.39597
1.43996
3.35277
20.9376
0.690382
0.696512
0.715098
0.735512
0.743523
0.747331
0.742806
0.727745
0.71889
0.718814
0.725335
0.744321
0.773361
0.791784
0.800742
0.806751
0.805177
0.78221
0.761962
0.759496
0.762371
0.768144
0.787507
0.826984
0.852049
0.863853
0.869873
0.865883
0.84241
0.82296
0.817719
0.8191
0.824269
0.837361
0.865261
0.896262
0.914774
0.920459
0.91514
0.905775
0.898781
0.89155
0.890811
0.897816
0.91072
0.918765
0.92779
0.945272
0.960886
0.969301
0.975202
0.983482
0.992067
0.997142
0.991268
0.988738
0.988708
0.986568
0.986057
0.993646
1.02107
1.04906
1.06819
1.0855
1.10024
1.11027
1.1063
1.08458
1.06848
1.05987
1.06181
1.0718
1.10017
1.15363
1.19436
1.21917
1.2362
1.24858
1.2467
1.21529
1.18563
1.17494
1.17781
1.18871
1.2097
1.25525
1.31226
1.35758
1.39073
1.41706
1.42445
1.41701
1.39514
1.365
1.34689
1.35442
1.38031
3.37769
21.0088
0.704345
0.716118
0.729171
0.735736
0.740163
0.7345
0.724347
0.720961
0.723111
0.728179
0.744392
0.768192
0.784526
0.794285
0.800711
0.801207
0.7843
0.770563
0.767618
0.768482
0.771826
0.783074
0.811925
0.83626
0.850456
0.85736
0.856505
0.843519
0.832052
0.82736
0.828768
0.834573
0.846675
0.860057
0.874972
0.888766
0.896932
0.898821
0.899799
0.90493
0.908293
0.910436
0.914969
0.922502
0.927171
0.924061
0.920028
0.922537
0.93726
0.955363
0.973272
0.993514
1.0097
1.0187
1.01921
1.00507
0.987935
0.974003
0.972706
0.979176
0.998748
1.0414
1.07924
1.10194
1.11395
1.1223
1.12564
1.10083
1.06605
1.05225
1.05402
1.06305
1.07842
1.1243
1.18771
1.22453
1.24123
1.25371
1.26131
1.24747
1.20842
1.18304
1.17866
1.18656
1.20102
1.22678
1.27398
1.32513
1.36321
1.39041
1.41197
1.41559
1.40836
1.38711
1.35463
1.33158
1.32059
3.36548
21.0981
0.730373
0.736436
0.737891
0.731217
0.71703
0.710873
0.712703
0.717538
0.726511
0.749082
0.779193
0.792174
0.796698
0.799671
0.797021
0.776347
0.763513
0.763837
0.768692
0.775522
0.788847
0.811861
0.832084
0.843453
0.846427
0.843157
0.835634
0.831847
0.831519
0.836355
0.845189
0.858234
0.865295
0.868062
0.870591
0.875888
0.879749
0.883519
0.895277
0.910919
0.925691
0.935456
0.938927
0.935257
0.924286
0.910131
0.905515
0.909033
0.922565
0.954213
0.987177
1.00865
1.01931
1.02701
1.03199
1.01488
0.977237
0.962995
0.965531
0.973426
0.989123
1.03458
1.0869
1.10993
1.12026
1.12775
1.12801
1.11049
1.07447
1.0563
1.0567
1.0645
1.07781
1.10032
1.15219
1.20572
1.23202
1.24538
1.25343
1.25551
1.24295
1.21451
1.19808
1.19803
1.20675
1.22068
1.24236
1.28528
1.32836
1.3588
1.38231
1.40152
1.40656
1.40196
1.37964
1.34084
1.29042
3.30409
21.2002
0.754013
0.758358
0.739595
0.715605
0.699245
0.697749
0.701883
0.710066
0.728791
0.771451
0.798121
0.807649
0.811267
0.807607
0.783935
0.765395
0.761408
0.763977
0.770401
0.786962
0.80681
0.820851
0.833346
0.837699
0.834354
0.829559
0.83345
0.838748
0.844986
0.853329
0.863346
0.870118
0.867549
0.859468
0.854439
0.857542
0.869877
0.888257
0.908755
0.930056
0.943585
0.951207
0.953976
0.936939
0.905619
0.894678
0.897234
0.904369
0.919449
0.962889
1.00585
1.02208
1.02915
1.03398
1.03125
1.00584
0.977144
0.966274
0.968801
0.976443
0.992662
1.02971
1.08136
1.1094
1.11947
1.11911
1.11659
1.11497
1.09962
1.07917
1.07506
1.08199
1.09119
1.09786
1.11056
1.15207
1.20104
1.2286
1.24441
1.25812
1.26883
1.26278
1.2395
1.2198
1.21151
1.21343
1.2242
1.24696
1.28922
1.32931
1.35933
1.38407
1.40046
1.40465
1.39654
1.35906
1.28897
3.2187
21.3062
0.764126
0.772366
0.749862
0.712676
0.70002
0.700428
0.704245
0.717366
0.745314
0.776068
0.8002
0.808217
0.805495
0.790435
0.77897
0.772175
0.771216
0.778908
0.794637
0.805881
0.810039
0.812253
0.813861
0.820324
0.827329
0.833946
0.843146
0.8578
0.86981
0.875618
0.876086
0.868681
0.85279
0.841881
0.842202
0.848445
0.867396
0.904349
0.936076
0.949787
0.956186
0.961023
0.957217
0.923727
0.896553
0.891524
0.895221
0.901694
0.923848
0.974803
1.01205
1.02719
1.03379
1.03072
1.01939
1.00673
0.987929
0.979048
0.983962
0.997316
1.00986
1.01952
1.04768
1.08193
1.09925
1.10791
1.11647
1.1266
1.13477
1.12242
1.10281
1.09491
1.09162
1.08899
1.09249
1.10628
1.15019
1.20673
1.24364
1.26541
1.28204
1.29263
1.28637
1.25579
1.22395
1.21018
1.21385
1.22547
1.25135
1.29934
1.34276
1.37187
1.39061
1.39773
1.39815
1.3742
1.30971
3.14292
21.4037
0.761942
0.759851
0.735651
0.720101
0.711957
0.714833
0.727444
0.744388
0.752874
0.761708
0.77345
0.781416
0.783159
0.78464
0.789405
0.795582
0.801675
0.804998
0.808866
0.810104
0.800688
0.788762
0.788289
0.798832
0.822402
0.848306
0.871903
0.884382
0.890019
0.892018
0.882864
0.853461
0.831951
0.828574
0.8324
0.840795
0.867097
0.919936
0.950829
0.961486
0.96665
0.963353
0.941854
0.918354
0.901436
0.896566
0.901677
0.91676
0.939981
0.969866
1.00264
1.01745
1.01905
1.01354
1.01579
1.01969
1.01608
1.00967
1.00887
1.01145
1.0105
1.00777
1.01084
1.03521
1.07726
1.10629
1.1275
1.14711
1.15961
1.16276
1.13919
1.10715
1.08707
1.07946
1.08102
1.08929
1.10807
1.16205
1.22583
1.26376
1.28269
1.29554
1.29827
1.2868
1.25377
1.22232
1.21137
1.21582
1.22968
1.26334
1.31593
1.35504
1.37641
1.38587
1.38767
1.37777
1.33696
3.10093
21.4942
0.738212
0.737572
0.739178
0.739623
0.743613
0.748819
0.754035
0.757312
0.7518
0.738445
0.737623
0.750966
0.772973
0.794499
0.815434
0.828219
0.832281
0.828509
0.816854
0.79707
0.778451
0.774111
0.777091
0.784549
0.814216
0.866345
0.894049
0.903037
0.907311
0.905196
0.881062
0.844726
0.830257
0.830383
0.834247
0.842993
0.872126
0.922682
0.954107
0.963981
0.961279
0.946264
0.93675
0.92759
0.918443
0.919302
0.928256
0.940583
0.945996
0.949447
0.961553
0.987752
1.00425
1.01393
1.02474
1.03867
1.04976
1.04762
1.03077
1.01423
0.997611
0.989613
0.99283
1.00324
1.04048
1.10047
1.14167
1.16081
1.17246
1.17981
1.17368
1.13369
1.09397
1.07992
1.08129
1.08892
1.10112
1.12564
1.18241
1.23869
1.26681
1.28114
1.28943
1.29056
1.28062
1.25396
1.22926
1.22164
1.22633
1.23909
1.27244
1.32111
1.35166
1.36678
1.37269
1.37033
1.35728
3.10358
21.5829
0.714325
0.730202
0.750337
0.769641
0.778082
0.7795
0.773418
0.756089
0.730438
0.721836
0.723207
0.72962
0.758126
0.809418
0.838714
0.847653
0.85236
0.849754
0.824073
0.783943
0.77114
0.77242
0.776692
0.784594
0.81604
0.872213
0.899299
0.907883
0.910473
0.896814
0.871223
0.85049
0.838503
0.839585
0.850446
0.87058
0.886553
0.905287
0.928116
0.93696
0.935506
0.934801
0.940881
0.948742
0.954992
0.953744
0.951137
0.94801
0.937107
0.926472
0.928138
0.949178
0.990627
1.02389
1.0487
1.06479
1.07313
1.07409
1.05085
1.0109
0.986995
0.982202
0.986852
0.99411
1.01125
1.07345
1.13872
1.1637
1.17381
1.17684
1.17244
1.15782
1.12271
1.09719
1.09341
1.10163
1.11537
1.12683
1.1428
1.1864
1.23037
1.2544
1.26883
1.28078
1.28973
1.28933
1.26714
1.23979
1.2261
1.22614
1.2356
1.26667
1.31163
1.3402
1.35369
1.35644
1.36911
3.15267
21.683
0.702261
0.735445
0.772032
0.786442
0.792128
0.794118
0.780736
0.742306
0.722965
0.722222
0.724945
0.732009
0.766008
0.82059
0.843473
0.851846
0.855742
0.84542
0.811264
0.785407
0.776481
0.777363
0.784102
0.805884
0.83742
0.868163
0.890283
0.896437
0.888361
0.877664
0.874879
0.868321
0.86573
0.870589
0.881493
0.889351
0.889178
0.8818
0.883749
0.904128
0.925725
0.941718
0.958568
0.976469
0.986754
0.987987
0.971636
0.941995
0.91754
0.911508
0.915477
0.925487
0.964137
1.0279
1.06471
1.07865
1.08611
1.08784
1.06915
1.0223
0.991542
0.986111
0.991033
1.00398
1.02548
1.05122
1.09684
1.13622
1.15245
1.15911
1.16319
1.16803
1.16556
1.14588
1.12745
1.12086
1.12037
1.12102
1.12607
1.14056
1.1823
1.22599
1.25318
1.27512
1.29456
1.30484
1.30182
1.27169
1.23571
1.21824
1.21778
1.22476
1.25796
1.30506
1.33398
1.34361
1.36834
3.2303
21.7954
0.713301
0.760418
0.782135
0.790184
0.794883
0.789804
0.759095
0.735364
0.728194
0.728183
0.732263
0.750494
0.790288
0.823237
0.840929
0.847455
0.840697
0.819749
0.803945
0.794277
0.791617
0.797952
0.817287
0.833295
0.840195
0.850024
0.858005
0.862544
0.863777
0.867646
0.879135
0.894992
0.90551
0.906595
0.901906
0.890441
0.868799
0.858576
0.860813
0.875811
0.916985
0.958304
0.985911
0.998777
1.00434
1.00523
0.986841
0.937098
0.912344
0.911305
0.916375
0.924487
0.950338
1.01607
1.06577
1.08107
1.08387
1.07298
1.0592
1.04323
1.01986
1.01045
1.01535
1.02691
1.03622
1.04085
1.04635
1.07426
1.11738
1.14493
1.1603
1.17608
1.19087
1.19571
1.17637
1.14554
1.12304
1.11348
1.11368
1.12134
1.14181
1.19144
1.24105
1.27207
1.29023
1.3023
1.30651
1.29694
1.26282
1.22565
1.20856
1.20891
1.21771
1.25721
1.30564
1.3276
1.36108
3.3153
21.9177
0.740136
0.775502
0.784495
0.790183
0.785906
0.758742
0.740277
0.735748
0.736672
0.741506
0.760698
0.786188
0.805451
0.819663
0.825674
0.820061
0.807529
0.805363
0.808114
0.811061
0.820471
0.83541
0.845694
0.847282
0.834314
0.821112
0.821799
0.836269
0.856376
0.877063
0.901789
0.92128
0.930656
0.933222
0.915512
0.873615
0.850114
0.848004
0.852202
0.861449
0.899803
0.968811
0.999634
1.00949
1.01413
1.0061
0.973421
0.940069
0.920198
0.918149
0.926014
0.946753
0.969267
0.993266
1.02994
1.05225
1.05775
1.0594
1.06382
1.06796
1.06824
1.05673
1.0462
1.04198
1.0366
1.02549
1.02256
1.03081
1.06356
1.12057
1.16518
1.18924
1.20336
1.21279
1.21215
1.18492
1.14278
1.11721
1.11275
1.11868
1.12924
1.15644
1.21439
1.25888
1.28023
1.29139
1.298
1.29898
1.28861
1.25784
1.22454
1.20832
1.20524
1.21514
1.2577
1.29576
1.33962
3.40678
22.0338
0.764871
0.786782
0.789999
0.782085
0.754951
0.738588
0.736402
0.739038
0.74856
0.774
0.792476
0.798685
0.803101
0.804386
0.79828
0.793128
0.794365
0.804179
0.8229
0.8428
0.854808
0.859416
0.856566
0.835582
0.810384
0.803353
0.806452
0.820387
0.859427
0.904366
0.928375
0.936513
0.940471
0.939079
0.906162
0.863529
0.849444
0.850467
0.855039
0.867366
0.908909
0.967926
1.00028
1.00987
1.00537
0.986109
0.970862
0.956401
0.945839
0.946459
0.956411
0.967749
0.973035
0.973725
0.975489
0.997936
1.03095
1.05456
1.0743
1.09554
1.10775
1.10703
1.08424
1.05363
1.02841
1.0151
1.01368
1.01912
1.0303
1.07511
1.14805
1.18878
1.20399
1.21211
1.21417
1.20668
1.1764
1.14139
1.12655
1.12882
1.13891
1.15116
1.17531
1.22372
1.25629
1.27157
1.28211
1.29132
1.29813
1.29436
1.26816
1.23065
1.20644
1.19895
1.20429
1.24325
1.30168
3.49717
22.1221
0.771819
0.787509
0.780809
0.756961
0.743509
0.741476
0.742594
0.754929
0.781937
0.799446
0.804803
0.799541
0.781211
0.771201
0.773055
0.782493
0.799822
0.82579
0.85416
0.869265
0.875678
0.873553
0.844628
0.806654
0.794767
0.796505
0.801863
0.814865
0.868171
0.924378
0.941253
0.947747
0.946142
0.921778
0.888003
0.86582
0.856303
0.858236
0.8712
0.897018
0.920119
0.946548
0.972363
0.981119
0.978611
0.976287
0.98042
0.98532
0.98975
0.986616
0.981354
0.976453
0.964078
0.949339
0.94737
0.956712
0.990293
1.04484
1.09129
1.11666
1.12861
1.13439
1.12426
1.07987
1.03464
1.01658
1.01555
1.0217
1.03615
1.06012
1.1044
1.15904
1.18605
1.19516
1.19711
1.19886
1.19944
1.18684
1.16418
1.14903
1.14333
1.14254
1.14854
1.16825
1.21183
1.24726
1.26995
1.28766
1.30205
1.31014
1.30646
1.27462
1.22495
1.19013
1.17994
1.18352
1.24961
3.56822
22.185
0.76216
0.766243
0.754901
0.749433
0.750467
0.75381
0.771168
0.791323
0.802104
0.806125
0.799916
0.773256
0.755082
0.753518
0.759875
0.781488
0.825317
0.864064
0.878123
0.883108
0.884927
0.865966
0.819606
0.79545
0.79312
0.796554
0.80287
0.830777
0.887624
0.927674
0.943862
0.947205
0.928341
0.902646
0.888736
0.878296
0.877499
0.887555
0.906098
0.917233
0.919753
0.917302
0.920475
0.941019
0.962838
0.980003
1.0018
1.02009
1.02786
1.02353
1.00359
0.974177
0.945904
0.933301
0.934271
0.940018
0.954153
1.014
1.09028
1.12108
1.1319
1.13567
1.12705
1.10358
1.0623
1.03536
1.03114
1.0404
1.05668
1.06727
1.0752
1.09921
1.14091
1.16739
1.18082
1.19253
1.20779
1.2186
1.21118
1.18174
1.15274
1.1353
1.12921
1.13346
1.15525
1.20644
1.25417
1.28301
1.29793
1.3073
1.31135
1.30328
1.26752
1.21308
1.17365
1.15315
1.18491
3.58672
22.2292
0.732814
0.728564
0.737667
0.751076
0.77214
0.796694
0.8106
0.815909
0.816462
0.802933
0.765917
0.743452
0.740728
0.74444
0.753077
0.788374
0.856865
0.886562
0.894737
0.896474
0.878636
0.837169
0.808804
0.798292
0.79742
0.804206
0.830388
0.860357
0.885277
0.910487
0.920717
0.914791
0.901649
0.898852
0.902374
0.907848
0.916728
0.9227
0.925401
0.921437
0.903062
0.887989
0.887741
0.902447
0.941986
0.991771
1.02846
1.04633
1.0539
1.0534
1.02717
0.977452
0.943951
0.934133
0.935941
0.942186
0.961595
0.99676
1.05214
1.09744
1.11336
1.11401
1.10727
1.10504
1.10195
1.08605
1.07211
1.06841
1.06929
1.06677
1.05991
1.06258
1.08477
1.13021
1.1668
1.19312
1.21444
1.22754
1.23385
1.22212
1.1808
1.13961
1.12233
1.12181
1.12782
1.15233
1.21548
1.26754
1.28966
1.29838
1.30437
1.30423
1.29229
1.25603
1.2008
1.15266
1.13692
3.52502
22.2596
0.705681
0.707874
0.723981
0.761583
0.809416
0.83233
0.838082
0.836479
0.822562
0.779671
0.742341
0.7338
0.735843
0.740173
0.75467
0.809239
0.865899
0.890298
0.897376
0.887487
0.853404
0.828442
0.815335
0.81083
0.818951
0.844021
0.866009
0.873635
0.873102
0.866973
0.87018
0.884798
0.897329
0.911423
0.931402
0.949393
0.956068
0.952453
0.936019
0.905559
0.87878
0.870887
0.87377
0.880724
0.911626
0.98675
1.0367
1.05218
1.05922
1.0606
1.04286
0.998773
0.958306
0.94568
0.948857
0.965566
0.987241
0.996175
1.00417
1.02922
1.06524
1.08748
1.09814
1.10876
1.12446
1.13479
1.12688
1.10291
1.07854
1.05848
1.04687
1.04601
1.05377
1.08252
1.1403
1.18956
1.21566
1.22784
1.23449
1.2356
1.21621
1.16734
1.13211
1.1219
1.12313
1.13054
1.16273
1.22367
1.26637
1.28263
1.28894
1.2918
1.29153
1.28322
1.25042
1.1873
1.13099
3.39504
22.2963
0.690174
0.692627
0.710351
0.772797
0.829853
0.845702
0.851485
0.850117
0.815136
0.764161
0.74243
0.73744
0.739855
0.756126
0.791952
0.824678
0.853748
0.870541
0.868535
0.850818
0.837223
0.836725
0.83781
0.847675
0.863158
0.873151
0.876855
0.869318
0.84291
0.828165
0.83056
0.851142
0.893183
0.936517
0.969245
0.982661
0.985729
0.975618
0.937984
0.891735
0.870194
0.868344
0.872336
0.880174
0.9047
0.962226
1.02364
1.04659
1.05051
1.03624
1.02201
1.01515
1.00033
0.986729
0.985358
0.991135
0.996309
0.993333
0.979713
0.97865
1.00055
1.05039
1.09479
1.12397
1.14543
1.15791
1.16361
1.14821
1.10423
1.06295
1.04483
1.04427
1.05066
1.06124
1.10296
1.17236
1.20758
1.21971
1.22526
1.22528
1.22038
1.20323
1.16862
1.14267
1.13393
1.1343
1.13803
1.15987
1.2127
1.25414
1.27159
1.279
1.28537
1.2882
1.28334
1.24077
1.16246
3.25869
22.3606
0.690833
0.693934
0.723543
0.786236
0.830308
0.846656
0.849224
0.829353
0.793621
0.767801
0.753568
0.754159
0.770565
0.802288
0.819456
0.823926
0.822007
0.817256
0.823754
0.834736
0.842556
0.856082
0.879453
0.895305
0.899669
0.895437
0.875776
0.836722
0.813458
0.810851
0.81565
0.828166
0.877161
0.955912
0.989433
0.999578
1.00305
0.991686
0.945491
0.894563
0.873861
0.872617
0.881184
0.908548
0.934155
0.949444
0.97248
1.00059
1.0138
1.01822
1.02373
1.03192
1.04382
1.04625
1.03275
1.0145
0.99559
0.973958
0.959281
0.958093
0.964077
0.992044
1.06467
1.12624
1.15168
1.16229
1.16694
1.16252
1.13637
1.08656
1.0566
1.05207
1.05993
1.07458
1.09441
1.13171
1.17666
1.19851
1.20748
1.21377
1.22039
1.22463
1.2173
1.1905
1.1594
1.13871
1.13017
1.12958
1.14576
1.19804
1.24678
1.27126
1.2822
1.2883
1.29035
1.27331
1.22273
3.18141
22.4588
0.700409
0.719084
0.754693
0.78452
0.810116
0.819387
0.811924
0.795498
0.785457
0.783152
0.784817
0.796773
0.81448
0.824105
0.826018
0.808892
0.782483
0.777398
0.787304
0.8178
0.858091
0.897334
0.920446
0.927045
0.924683
0.908576
0.858674
0.813813
0.803118
0.805226
0.810643
0.826872
0.883799
0.955896
0.990426
0.99939
0.99107
0.963223
0.939303
0.917435
0.901648
0.902966
0.918624
0.935141
0.941057
0.937524
0.926292
0.931672
0.964264
1.005
1.03559
1.06136
1.07918
1.08703
1.08093
1.04651
0.99908
0.96675
0.955875
0.957446
0.963348
0.977476
1.02201
1.10147
1.14296
1.15485
1.15298
1.14227
1.13295
1.11988
1.09769
1.08449
1.08295
1.08566
1.08824
1.09426
1.11856
1.15927
1.18712
1.20469
1.21979
1.23403
1.24306
1.23996
1.20711
1.15935
1.1279
1.11762
1.11632
1.13254
1.19071
1.2474
1.27347
1.28166
1.28593
1.27906
1.26985
3.18421
22.5833
0.733616
0.759961
0.767776
0.771473
0.768247
0.769851
0.780817
0.789057
0.795386
0.809045
0.830564
0.842754
0.846203
0.841446
0.813236
0.773939
0.7601
0.761053
0.767084
0.791538
0.863767
0.92414
0.940811
0.946666
0.942775
0.905159
0.845866
0.815795
0.807759
0.810156
0.827956
0.864543
0.894895
0.925676
0.953138
0.960232
0.954093
0.950058
0.94965
0.950197
0.954427
0.955866
0.954787
0.951196
0.935971
0.909125
0.897781
0.900433
0.914597
0.965727
1.03768
1.07949
1.09568
1.10369
1.10331
1.0807
1.02437
0.977258
0.963081
0.964974
0.980042
1.00461
1.02565
1.05331
1.09495
1.11765
1.12394
1.12812
1.13407
1.14295
1.14924
1.137
1.11353
1.09374
1.08023
1.07236
1.07606
1.09787
1.14536
1.19049
1.22187
1.24024
1.24988
1.25509
1.24652
1.20328
1.14723
1.11531
1.10661
1.10948
1.12794
1.19008
1.24616
1.26761
1.2747
1.26969
1.29304
3.25884
22.7252
0.769235
0.779181
0.773379
0.745263
0.730522
0.733647
0.753032
0.787407
0.823153
0.853228
0.865724
0.867525
0.863519
0.840084
0.788027
0.76121
0.757528
0.760639
0.766602
0.795192
0.872399
0.924818
0.941855
0.944548
0.923758
0.884466
0.853892
0.833398
0.83092
0.84436
0.871998
0.88808
0.891865
0.889256
0.886002
0.900093
0.924391
0.945773
0.969173
0.994792
1.00748
1.00584
0.989817
0.9575
0.91563
0.890735
0.887206
0.891001
0.899108
0.928028
1.0112
1.07831
1.09742
1.101
1.08605
1.06147
1.04065
1.01565
0.999506
1.00104
1.0123
1.02065
1.024
1.02112
1.02762
1.06057
1.09661
1.12063
1.1427
1.16592
1.17794
1.17799
1.15509
1.11271
1.07526
1.05979
1.05881
1.06454
1.0917
1.16036
1.216
1.23739
1.24632
1.251
1.24732
1.23314
1.19154
1.14132
1.11484
1.10888
1.11135
1.12652
1.18378
1.2322
1.25232
1.25105
1.29344
3.3838
22.8666
0.791864
0.789397
0.75325
0.722977
0.717582
0.720495
0.730208
0.77621
0.849964
0.880966
0.888893
0.889194
0.867522
0.811292
0.773828
0.762597
0.76222
0.766471
0.789985
0.828457
0.864594
0.900067
0.913959
0.907514
0.889539
0.878482
0.875906
0.876007
0.882429
0.891091
0.896303
0.896417
0.876243
0.850931
0.846254
0.85562
0.885494
0.940304
0.997685
1.03028
1.04101
1.04271
1.028
0.973692
0.914032
0.89202
0.889953
0.896346
0.919411
0.95274
0.985959
1.03043
1.05957
1.06343
1.05765
1.05685
1.05829
1.06151
1.06158
1.05385
1.04273
1.02917
1.0102
0.994395
0.993856
1.00808
1.05194
1.10901
1.1554
1.17902
1.18863
1.19268
1.18702
1.14571
1.0871
1.06018
1.05695
1.06232
1.07481
1.11328
1.17823
1.21818
1.23144
1.23346
1.22803
1.22883
1.22664
1.19956
1.15763
1.12632
1.11114
1.10714
1.11512
1.1645
1.21295
1.22894
1.28253
3.52576
22.9985
0.799059
0.769663
0.735126
0.723299
0.721023
0.72273
0.731929
0.783626
0.855919
0.884238
0.89238
0.888223
0.847904
0.80273
0.778325
0.770814
0.775402
0.801671
0.8342
0.846498
0.850331
0.850332
0.857355
0.872146
0.881905
0.891338
0.909248
0.927681
0.932778
0.926463
0.911008
0.879843
0.84562
0.830468
0.830423
0.835087
0.849744
0.914525
1.00362
1.03589
1.04551
1.04479
1.01619
0.973795
0.937387
0.915835
0.914851
0.930168
0.953077
0.964219
0.968527
0.968697
0.98177
1.01171
1.03765
1.05695
1.0804
1.10227
1.11059
1.10294
1.07593
1.03621
0.998827
0.983621
0.984361
0.990435
1.0085
1.07825
1.15111
1.17712
1.18567
1.18616
1.17525
1.15744
1.12693
1.09279
1.07939
1.08081
1.08839
1.09672
1.11549
1.16118
1.19665
1.21132
1.21793
1.22477
1.23447
1.23988
1.21894
1.16847
1.12261
1.0973
1.08999
1.09494
1.14759
1.19566
1.26497
3.65942
23.1134
0.788085
0.74158
0.723283
0.723384
0.725842
0.735325
0.766754
0.805286
0.844214
0.867606
0.869457
0.84851
0.823981
0.810037
0.79898
0.800924
0.819034
0.841649
0.850501
0.848572
0.824722
0.805329
0.806198
0.828752
0.87246
0.915795
0.951872
0.967209
0.9704
0.957602
0.91624
0.866777
0.837664
0.830474
0.832343
0.838984
0.866198
0.91337
0.970497
1.01192
1.0227
1.01333
0.994797
0.984112
0.977081
0.971039
0.969093
0.970729
0.972756
0.968909
0.945981
0.929652
0.932142
0.953717
1.00273
1.05954
1.10406
1.1247
1.1326
1.13191
1.1131
1.05723
1.00518
0.987616
0.988159
0.997605
1.01973
1.05528
1.11014
1.14956
1.16162
1.16225
1.15932
1.16186
1.16536
1.15607
1.12978
1.10849
1.09617
1.08821
1.08519
1.0942
1.13599
1.1855
1.21404
1.22995
1.24349
1.2515
1.25194
1.22517
1.16827
1.11141
1.0799
1.07242
1.08459
1.14099
1.2331
3.76073
23.1993
0.785711
0.735681
0.724755
0.726248
0.739747
0.774999
0.796492
0.804955
0.812977
0.818133
0.82256
0.825944
0.829235
0.830442
0.840469
0.854625
0.862402
0.864331
0.856709
0.821872
0.792498
0.78653
0.789853
0.800595
0.847447
0.931867
0.972879
0.984229
0.989026
0.980853
0.936476
0.874184
0.843624
0.837931
0.844238
0.872463
0.901877
0.912323
0.91982
0.938025
0.963074
0.979635
0.987322
0.998605
1.01868
1.0313
1.02754
1.01036
0.986659
0.953261
0.92263
0.913128
0.915605
0.923515
0.953598
1.04109
1.10646
1.12578
1.13207
1.12529
1.10114
1.07174
1.03871
1.01782
1.01663
1.02632
1.0365
1.04243
1.05203
1.08345
1.12
1.14095
1.15364
1.17044
1.18941
1.19894
1.19096
1.15393
1.10947
1.07888
1.06735
1.06554
1.07608
1.12766
1.19276
1.23075
1.24569
1.25105
1.25147
1.24421
1.21369
1.15595
1.10058
1.07196
1.06584
1.07927
1.18105
3.81161
23.271
0.778675
0.745538
0.739826
0.750994
0.77877
0.796574
0.800858
0.794185
0.771856
0.765832
0.778202
0.809447
0.842788
0.876251
0.896322
0.899821
0.893497
0.87488
0.831621
0.789256
0.776007
0.777306
0.782478
0.796115
0.846113
0.927715
0.973558
0.985035
0.978291
0.947745
0.92152
0.899841
0.878984
0.876058
0.889523
0.906477
0.912809
0.909108
0.887838
0.87902
0.893671
0.937276
0.986123
1.02602
1.05644
1.06984
1.07349
1.05594
1.00622
0.951317
0.922425
0.916032
0.918974
0.932407
0.965225
1.01329
1.07108
1.10058
1.10506
1.09553
1.08692
1.08667
1.08565
1.07751
1.0636
1.05327
1.04453
1.03086
1.01965
1.02392
1.0531
1.10512
1.15145
1.18439
1.20538
1.21542
1.22001
1.20376
1.14614
1.08899
1.0641
1.06016
1.06415
1.07955
1.14314
1.21031
1.23537
1.24048
1.23782
1.2291
1.21766
1.20077
1.15879
1.1079
1.07695
1.0554
1.10919
3.78918
23.3105
0.789582
0.780094
0.781239
0.789221
0.796721
0.799626
0.787403
0.758068
0.744185
0.745009
0.752275
0.783056
0.858827
0.915267
0.931281
0.934626
0.924985
0.87898
0.813577
0.784267
0.778017
0.780023
0.796418
0.835791
0.865923
0.891669
0.923521
0.936959
0.932951
0.929825
0.930639
0.931009
0.936528
0.939327
0.936269
0.929229
0.912672
0.880407
0.858947
0.854721
0.85887
0.878853
0.952244
1.03219
1.06503
1.07546
1.07986
1.06955
1.02858
0.973154
0.942044
0.935735
0.945366
0.967592
0.98443
0.991054
1.0043
1.03269
1.05966
1.07386
1.0828
1.10198
1.122
1.12875
1.11675
1.08679
1.04987
1.0174
1.00215
1.00118
1.00753
1.04272
1.12235
1.18399
1.20698
1.21548
1.21894
1.21062
1.18407
1.13028
1.08715
1.07272
1.0758
1.08534
1.09915
1.14551
1.19387
1.21126
1.21409
1.21505
1.21784
1.21826
1.20789
1.16962
1.1158
1.06368
1.04678
3.69246
23.3152
0.808104
0.826545
0.825635
0.815646
0.803847
0.780107
0.751889
0.737324
0.736046
0.739536
0.744982
0.777228
0.862932
0.91779
0.933656
0.936654
0.912456
0.861393
0.821126
0.798077
0.795013
0.81029
0.844369
0.864869
0.869011
0.861431
0.849048
0.857717
0.887995
0.920572
0.947471
0.976417
0.993587
0.99611
0.98147
0.945253
0.898192
0.863656
0.851657
0.852713
0.857699
0.872124
0.915154
0.998896
1.0523
1.06657
1.06036
1.03673
1.02091
1.01015
0.995218
0.987706
0.988704
0.992178
0.993203
0.978236
0.963443
0.968673
1.00107
1.04931
1.09224
1.12581
1.14634
1.15476
1.15532
1.12938
1.07045
1.02089
1.00183
1.00022
1.00516
1.01998
1.06981
1.14817
1.19
1.20137
1.19638
1.18632
1.18611
1.18001
1.14974
1.11692
1.09814
1.08874
1.08339
1.08498
1.11866
1.16719
1.19323
1.20753
1.22077
1.22648
1.2237
1.21413
1.17424
1.09846
1.02763
3.54824
23.3253
0.825138
0.859003
0.861886
0.848205
0.808477
0.766001
0.740651
0.734937
0.736879
0.744227
0.772444
0.806418
0.842309
0.886001
0.903089
0.898455
0.880047
0.861235
0.848217
0.843952
0.850875
0.8638
0.871836
0.873321
0.854579
0.820966
0.809493
0.813909
0.835029
0.893508
0.967368
1.01123
1.02626
1.03028
1.02023
0.976073
0.906726
0.86706
0.856642
0.858835
0.878046
0.910851
0.930966
0.946398
0.979825
1.00845
1.01895
1.02277
1.02921
1.04156
1.05471
1.05186
1.0345
1.01219
0.983755
0.954044
0.940917
0.942429
0.95241
0.997835
1.0802
1.13238
1.14994
1.157
1.15727
1.14216
1.10528
1.05356
1.02334
1.01749
1.02512
1.03995
1.05089
1.07327
1.12326
1.15852
1.17148
1.17757
1.18746
1.20106
1.20663
1.18272
1.13468
1.09329
1.07055
1.06278
1.06383
1.09512
1.15495
1.19828
1.21857
1.22617
1.22553
1.21967
1.20404
1.14489
1.06527
3.38934
23.3795
0.823394
0.863694
0.868681
0.86787
0.832786
0.771029
0.74484
0.74179
0.75001
0.77979
0.806333
0.814673
0.818663
0.821159
0.83503
0.855208
0.866701
0.875887
0.894975
0.910957
0.911675
0.902271
0.885975
0.852983
0.813931
0.795253
0.79408
0.798402
0.809034
0.856659
0.961404
1.01604
1.02942
1.02726
0.99745
0.959571
0.929833
0.901624
0.891723
0.900278
0.919549
0.93031
0.931573
0.916926
0.90748
0.925416
0.971696
1.0166
1.05115
1.08043
1.09544
1.09857
1.08237
1.0364
0.982631
0.950542
0.941296
0.943188
0.94964
0.971639
1.03848
1.11275
1.13968
1.14441
1.1308
1.11785
1.11498
1.10536
1.08113
1.06153
1.05344
1.04969
1.04133
1.03429
1.04339
1.08931
1.14515
1.17842
1.19852
1.21754
1.22792
1.22764
1.19418
1.12872
1.07537
1.05302
1.04932
1.05295
1.08839
1.1635
1.20812
1.22089
1.22084
1.21353
1.20409
1.17046
1.13461
3.29004
23.4813
0.799305
0.850162
0.8544
0.849176
0.834444
0.805699
0.780917
0.778634
0.789649
0.805495
0.811615
0.810965
0.789825
0.775563
0.779519
0.806767
0.854467
0.903539
0.944594
0.962086
0.964723
0.945048
0.893235
0.836567
0.804219
0.79581
0.796515
0.805867
0.839358
0.87916
0.919777
0.968201
0.987181
0.981657
0.971251
0.965976
0.960397
0.959701
0.959028
0.955728
0.950724
0.93931
0.909466
0.88326
0.876853
0.881643
0.904914
0.978699
1.05878
1.09454
1.1057
1.11043
1.10426
1.06848
1.0064
0.965089
0.953784
0.958121
0.976274
0.998509
1.01404
1.04415
1.08273
1.10196
1.10854
1.11426
1.12494
1.13877
1.14352
1.12456
1.0899
1.05511
1.02688
1.01308
1.01134
1.02138
1.07591
1.15399
1.20315
1.22316
1.2299
1.23065
1.22073
1.17886
1.10922
1.06472
1.05233
1.05304
1.06321
1.10474
1.16842
1.19829
1.20187
1.19738
1.19345
1.1804
1.18878
3.27673
23.6075
0.758263
0.81178
0.83618
0.843599
0.84939
0.852072
0.839356
0.820654
0.813507
0.813065
0.805887
0.782009
0.763374
0.759434
0.762889
0.771464
0.813571
0.905515
0.954869
0.968893
0.974198
0.967387
0.917059
0.846871
0.815098
0.809276
0.819647
0.851462
0.87749
0.884409
0.885961
0.882566
0.897425
0.927337
0.953054
0.973954
1.00181
1.02077
1.02343
1.00863
0.976594
0.931393
0.890302
0.873388
0.873327
0.878114
0.889406
0.933123
1.02917
1.08779
1.10195
1.09828
1.07347
1.05369
1.03816
1.01441
1.00005
0.999289
1.00426
1.00725
1.00032
0.991333
1.00237
1.04446
1.09081
1.12281
1.14651
1.16443
1.17306
1.1726
1.14118
1.07997
1.02992
1.01004
1.00794
1.01227
1.02876
1.09823
1.18143
1.21266
1.21907
1.21186
1.20034
1.18978
1.16713
1.12266
1.0878
1.07253
1.06717
1.06533
1.09043
1.14117
1.17035
1.1824
1.18747
1.17965
1.2216
3.34128
23.728
0.737564
0.759423
0.806161
0.845917
0.867397
0.88095
0.884854
0.870756
0.84108
0.814788
0.78941
0.765276
0.755279
0.755793
0.759551
0.770878
0.805406
0.868727
0.931817
0.953461
0.952591
0.933483
0.90881
0.886052
0.866526
0.864132
0.874509
0.885504
0.889064
0.880295
0.848597
0.83403
0.838678
0.864201
0.921739
0.990086
1.03621
1.05468
1.06018
1.05227
1.01496
0.943803
0.894807
0.879144
0.879482
0.893557
0.925023
0.952075
0.978169
1.02165
1.0488
1.05344
1.05414
1.05817
1.06443
1.07347
1.06923
1.05041
1.02793
1.00204
0.974536
0.961278
0.962397
0.976785
1.03532
1.11234
1.15549
1.17095
1.17757
1.1781
1.16457
1.1226
1.06226
1.02794
1.02086
1.02893
1.04432
1.06109
1.1062
1.16048
1.18229
1.18728
1.19049
1.19517
1.19972
1.191
1.14939
1.09882
1.0655
1.05157
1.04686
1.06346
1.11629
1.1597
1.18291
1.18205
1.23815
3.44209
23.8472
0.73699
0.743486
0.759624
0.814273
0.867309
0.889679
0.898564
0.901967
0.891683
0.844763
0.792071
0.766812
0.759696
0.761876
0.775944
0.802234
0.818345
0.829966
0.854907
0.888924
0.9096
0.916571
0.921799
0.931085
0.93831
0.932796
0.920021
0.905121
0.879651
0.843746
0.820934
0.816579
0.81963
0.828227
0.868034
0.973543
1.03962
1.05653
1.05862
1.03753
0.998592
0.964707
0.931934
0.916637
0.920652
0.937128
0.949383
0.953204
0.946378
0.941378
0.964357
1.00924
1.04689
1.07537
1.10208
1.1166
1.11912
1.10219
1.05642
1.00142
0.96732
0.957633
0.959323
0.964587
0.987821
1.06595
1.14064
1.16501
1.16956
1.15663
1.14319
1.1359
1.11667
1.08442
1.06324
1.05529
1.05119
1.0446
1.04487
1.07364
1.12922
1.16565
1.18625
1.20425
1.21765
1.22097
1.21026
1.16156
1.09373
1.04838
1.0319
1.02657
1.0454
1.11284
1.16707
1.18004
1.24726
3.54621
23.9671
0.74311
0.748839
0.751792
0.76499
0.823907
0.877724
0.893392
0.896779
0.891876
0.866973
0.824194
0.79229
0.784496
0.789697
0.804263
0.815959
0.819903
0.814732
0.805031
0.813948
0.853627
0.904462
0.943189
0.972176
0.98862
0.991499
0.972615
0.927025
0.874512
0.837819
0.822906
0.820543
0.825461
0.848664
0.885547
0.929237
0.987483
1.01613
1.01757
1.00831
1.0003
0.993179
0.989708
0.985363
0.978595
0.971763
0.961446
0.93606
0.909756
0.903518
0.90975
0.940673
1.01446
1.08572
1.12029
1.13217
1.13754
1.13189
1.09583
1.02911
0.982046
0.96727
0.968983
0.984713
1.00707
1.02726
1.07046
1.11415
1.13049
1.13414
1.1379
1.14334
1.1528
1.15287
1.1264
1.08664
1.05226
1.03039
1.0198
1.02051
1.04706
1.1121
1.17344
1.21009
1.22328
1.22474
1.22255
1.20914
1.1482
1.07179
1.03159
1.02015
1.01952
1.05364
1.12393
1.15562
1.23456
3.6515
24.0708
0.747967
0.750329
0.752323
0.755735
0.769148
0.826198
0.872727
0.886074
0.888061
0.887354
0.873375
0.846384
0.826759
0.819839
0.819786
0.820223
0.809582
0.791221
0.784434
0.786648
0.7977
0.84963
0.934136
0.980023
0.993998
0.999474
0.997462
0.964261
0.89541
0.852528
0.839708
0.843163
0.862524
0.884987
0.893301
0.896926
0.901366
0.927841
0.964565
0.988558
1.00482
1.02936
1.04653
1.04835
1.0331
1.00273
0.960668
0.917915
0.898042
0.896633
0.900724
0.910299
0.957068
1.05978
1.11692
1.13051
1.12808
1.10639
1.08649
1.06724
1.03498
1.01268
1.00757
1.01106
1.01394
1.01052
1.00781
1.02938
1.07951
1.1187
1.1419
1.16226
1.1796
1.18613
1.17802
1.13681
1.07469
1.02794
1.01061
1.00962
1.01308
1.04363
1.13594
1.19959
1.21583
1.21799
1.2126
1.19947
1.1789
1.13176
1.07197
1.03833
1.02815
1.02852
1.0629
1.10112
1.19418
3.75265
24.146
0.750724
0.750563
0.752924
0.756669
0.76016
0.767346
0.80686
0.855951
0.881153
0.891931
0.898906
0.9013
0.887366
0.861133
0.838183
0.817867
0.798017
0.785871
0.784157
0.787198
0.794095
0.812229
0.870886
0.945873
0.975578
0.980442
0.972798
0.957065
0.937721
0.909826
0.89428
0.891964
0.895754
0.898914
0.893985
0.870299
0.860237
0.866132
0.896744
0.956497
1.01748
1.0569
1.07421
1.08035
1.07547
1.04451
0.978256
0.925153
0.904439
0.902509
0.912214
0.938165
0.965709
0.998602
1.05254
1.0829
1.08829
1.08898
1.09201
1.09546
1.09801
1.08485
1.0591
1.03381
1.00972
0.98776
0.977337
0.980049
1.00519
1.07125
1.13701
1.17453
1.18852
1.19327
1.19244
1.17545
1.11799
1.05089
1.01993
1.01484
1.02155
1.03937
1.07469
1.14294
1.18351
1.19172
1.18893
1.18334
1.18309
1.1801
1.14877
1.09456
1.05261
1.03037
1.02262
1.02792
1.13516
3.85386
24.1887
0.761423
0.755528
0.757698
0.759742
0.754513
0.750556
0.755169
0.786345
0.84587
0.890434
0.915732
0.930822
0.935167
0.92122
0.87805
0.830314
0.801804
0.79147
0.791613
0.800025
0.814047
0.821057
0.827449
0.855107
0.909943
0.945214
0.957265
0.962692
0.973062
0.977257
0.964624
0.941852
0.920437
0.897801
0.871664
0.853732
0.849598
0.852411
0.859475
0.896086
0.992056
1.05648
1.07413
1.07742
1.06318
1.03307
1.00306
0.96763
0.945468
0.9423
0.951071
0.960276
0.964069
0.961154
0.963788
0.999321
1.04876
1.08311
1.1061
1.1278
1.13993
1.14042
1.11705
1.06693
1.01268
0.97994
0.971486
0.973529
0.978968
1.01006
1.10062
1.16491
1.18248
1.18466
1.17351
1.16005
1.14493
1.11092
1.07192
1.05199
1.04555
1.04266
1.04142
1.05744
1.11249
1.15429
1.17033
1.17918
1.19044
1.19765
1.19593
1.16659
1.10395
1.04372
1.00832
0.983695
1.0647
3.91342
24.19
0.785032
0.764783
0.760433
0.752111
0.745757
0.745018
0.74783
0.752383
0.780117
0.862759
0.919912
0.93502
0.939986
0.936567
0.913815
0.871744
0.834034
0.816618
0.813515
0.816863
0.82122
0.822304
0.816301
0.815695
0.829291
0.879713
0.938864
0.975222
0.995144
1.00907
1.01354
0.99987
0.959123
0.911134
0.876438
0.859943
0.856144
0.860513
0.875432
0.898912
0.935626
0.997962
1.03392
1.04161
1.03938
1.03619
1.0315
1.02685
1.01419
0.997238
0.983506
0.970018
0.948108
0.927787
0.923874
0.931927
0.973314
1.05107
1.11402
1.14227
1.1525
1.15759
1.15219
1.11376
1.04286
0.99472
0.980066
0.981572
0.995556
1.0163
1.04469
1.10216
1.14099
1.15178
1.15378
1.15594
1.15871
1.16223
1.14793
1.10844
1.06745
1.03929
1.02597
1.02081
1.02998
1.08115
1.14363
1.18147
1.19879
1.20572
1.20701
1.19911
1.1607
1.09252
1.02874
0.977751
1.00418
3.85652
24.1862
0.824268
0.77168
0.754612
0.749185
0.746277
0.746675
0.750022
0.759916
0.774904
0.803349
0.87069
0.912871
0.924078
0.925578
0.926824
0.921806
0.895382
0.861316
0.838677
0.825931
0.818411
0.815357
0.811722
0.809464
0.811744
0.82072
0.868613
0.949871
0.997076
1.01208
1.01731
1.01568
0.99865
0.954157
0.908368
0.886069
0.882084
0.887374
0.896061
0.901243
0.902985
0.91245
0.954092
0.999825
1.02625
1.04379
1.06442
1.07559
1.07437
1.05449
1.01886
0.976104
0.938334
0.921098
0.919294
0.922689
0.932201
0.983013
1.08328
1.1364
1.14938
1.14805
1.13189
1.11588
1.09131
1.05029
1.02277
1.01483
1.01618
1.01813
1.01627
1.02268
1.06513
1.11425
1.14139
1.15916
1.17853
1.18989
1.19127
1.17146
1.11594
1.05456
1.01758
1.00608
1.00389
1.01458
1.082
1.16357
1.19634
1.20237
1.20263
1.19534
1.17679
1.13689
1.07431
1.0018
0.990217
3.7382
24.2248
0.851746
0.807484
0.769456
0.755568
0.753534
0.757938
0.769257
0.77967
0.783459
0.785758
0.79543
0.842106
0.895091
0.92152
0.930862
0.934971
0.935326
0.919473
0.884679
0.851789
0.830501
0.819556
0.814812
0.814531
0.818653
0.824715
0.832061
0.868226
0.946209
0.99074
1.00276
1.00625
1.0097
1.00461
0.973039
0.935874
0.9147
0.906962
0.903164
0.891789
0.880525
0.879703
0.888314
0.928728
0.997337
1.05254
1.07949
1.09106
1.09717
1.09533
1.06722
1.00686
0.954691
0.931299
0.927588
0.934808
0.952025
0.969721
1.00534
1.07001
1.10671
1.11572
1.11891
1.12255
1.12569
1.11941
1.0897
1.0549
1.02929
1.00907
0.993747
0.989139
0.997599
1.04253
1.1108
1.16333
1.18824
1.19578
1.19748
1.19399
1.16548
1.09287
1.03164
1.00783
1.00388
1.00912
1.03088
1.10187
1.16672
1.18505
1.18383
1.1728
1.16273
1.15225
1.12517
1.06288
1.03125
3.55271
24.3037
0.849215
0.851355
0.8282
0.795784
0.781291
0.779171
0.781105
0.783825
0.782591
0.777505
0.775778
0.781066
0.817796
0.883198
0.921425
0.933906
0.939508
0.942666
0.936433
0.909168
0.872437
0.845476
0.831666
0.826763
0.826326
0.828045
0.830219
0.833879
0.856821
0.926263
0.983253
1.00712
1.01566
1.02131
1.02378
1.00251
0.959735
0.925403
0.903821
0.890052
0.88143
0.879843
0.883239
0.89191
0.931338
1.01598
1.0725
1.0895
1.09247
1.08191
1.06877
1.05013
1.01165
0.977516
0.962805
0.961232
0.964251
0.965626
0.964068
0.978153
1.03303
1.08773
1.11857
1.13674
1.15219
1.15923
1.15164
1.11336
1.05806
1.00997
0.986338
0.982527
0.984933
0.994041
1.05045
1.13972
1.18031
1.18899
1.18813
1.17654
1.16038
1.13771
1.09118
1.04987
1.03144
1.02638
1.02547
1.03373
1.08445
1.13402
1.15223
1.15522
1.15615
1.1583
1.15649
1.12403
1.09445
3.41257
24.3991
0.849401
0.869384
0.875397
0.865226
0.833116
0.805018
0.788855
0.782264
0.780256
0.7769
0.77374
0.773925
0.777187
0.798935
0.863243
0.914583
0.934253
0.944498
0.953265
0.956265
0.940849
0.900221
0.860902
0.838401
0.828793
0.826325
0.827905
0.83105
0.835247
0.850769
0.909752
0.978368
1.01226
1.02341
1.02814
1.02836
1.01531
0.976562
0.932908
0.903968
0.891759
0.891214
0.897931
0.906739
0.913207
0.937459
1.00292
1.05067
1.06505
1.06976
1.07545
1.07928
1.07284
1.04364
1.00721
0.981533
0.964207
0.95098
0.943604
0.944704
0.957651
1.0156
1.09437
1.14225
1.15961
1.16569
1.1691
1.15982
1.1092
1.03953
1.00047
0.990879
0.994411
1.00794
1.027
1.06988
1.12848
1.15423
1.15832
1.15612
1.15606
1.15867
1.15707
1.12659
1.07798
1.04195
1.02206
1.01249
1.01162
1.04892
1.10879
1.14352
1.16021
1.16969
1.17195
1.15269
1.15261
3.37285
24.497
0.831779
0.879586
0.894612
0.902573
0.899383
0.867299
0.824639
0.797244
0.784932
0.779179
0.775336
0.771448
0.769075
0.771428
0.78524
0.845526
0.916094
0.948702
0.959561
0.965289
0.969484
0.961227
0.920065
0.872359
0.846168
0.836208
0.834516
0.836606
0.839495
0.841651
0.847207
0.887949
0.962878
1.00577
1.01852
1.02425
1.02965
1.02842
0.998399
0.953215
0.924188
0.913047
0.910931
0.90995
0.907515
0.908132
0.921055
0.975131
1.03786
1.07264
1.08691
1.09583
1.10188
1.09809
1.06685
1.01867
0.977106
0.952014
0.943721
0.944145
0.949082
0.963048
1.02356
1.11027
1.15012
1.15919
1.15615
1.14517
1.13494
1.10435
1.05864
1.03059
1.02153
1.02012
1.01758
1.01713
1.04089
1.09547
1.13098
1.1467
1.16256
1.17859
1.18496
1.18014
1.14301
1.07792
1.02427
0.998762
0.991118
0.990104
1.03382
1.11381
1.15806
1.16914
1.17205
1.15767
1.19042
3.39461
24.6104
0.785767
0.875424
0.90007
0.907523
0.912012
0.912727
0.889156
0.842461
0.805766
0.785775
0.77324
0.765279
0.765618
0.7693
0.775027
0.789149
0.845468
0.922992
0.957065
0.966852
0.970407
0.969628
0.964358
0.937013
0.894038
0.865197
0.852606
0.846977
0.840419
0.836838
0.839296
0.844725
0.874699
0.95108
1.00767
1.02777
1.03614
1.04356
1.04526
1.02333
0.977015
0.937357
0.913806
0.903345
0.899811
0.899218
0.901622
0.910968
0.961637
1.03961
1.08426
1.09866
1.10405
1.10584
1.10273
1.07585
1.02359
0.980396
0.961379
0.959147
0.96475
0.971706
0.978296
1.01856
1.08867
1.1243
1.1333
1.13908
1.14757
1.15237
1.135
1.09034
1.04944
1.02076
1.0021
0.992456
0.992226
1.01415
1.07799
1.13854
1.17167
1.18616
1.19116
1.19088
1.18158
1.13164
1.05505
1.00526
0.987281
0.983887
0.990237
1.05055
1.12797
1.15607
1.16064
1.14705
1.2089
3.48801
24.7465
0.746339
0.820683
0.881512
0.905887
0.913502
0.916284
0.917901
0.906677
0.85808
0.804479
0.778133
0.771068
0.771555
0.776776
0.787267
0.796755
0.806412
0.84073
0.907899
0.948344
0.961485
0.967782
0.975035
0.977827
0.959931
0.913641
0.873133
0.850169
0.841568
0.840112
0.841968
0.845822
0.851521
0.872819
0.944475
1.01105
1.03662
1.04478
1.04921
1.05096
1.03866
0.992113
0.942433
0.914068
0.903032
0.901027
0.904023
0.910637
0.918449
0.954978
1.03028
1.07678
1.09074
1.09518
1.09781
1.09904
1.08773
1.04695
1.00476
0.983326
0.975909
0.970213
0.963619
0.966033
0.994814
1.06538
1.11997
1.14695
1.16233
1.17304
1.17622
1.1599
1.10647
1.04349
1.00096
0.985924
0.984524
0.986724
1.01102
1.09468
1.16108
1.18159
1.18602
1.18389
1.17175
1.15346
1.11162
1.05088
1.01207
0.999672
0.999595
1.00765
1.05714
1.10835
1.12791
1.11764
1.19665
3.6358
24.8743
0.75218
0.767368
0.809069
0.871682
0.903604
0.912599
0.9145
0.907355
0.891835
0.857152
0.816215
0.795469
0.790663
0.792698
0.79701
0.801204
0.804879
0.809363
0.827906
0.888347
0.945144
0.968699
0.975972
0.978037
0.975818
0.965851
0.930867
0.889183
0.863615
0.853847
0.852524
0.855153
0.858653
0.862223
0.873625
0.931231
1.00296
1.03317
1.04206
1.04587
1.04488
1.03745
1.00435
0.958799
0.930005
0.918619
0.916047
0.916462
0.916805
0.918769
0.939324
1.00832
1.06599
1.08816
1.09933
1.11101
1.11604
1.10995
1.07175
1.02083
0.983844
0.963714
0.956173
0.954662
0.957257
0.980894
1.05872
1.13348
1.165
1.17396
1.17787
1.17681
1.15802
1.09683
1.02932
0.996781
0.989432
0.992918
1.00748
1.03687
1.10442
1.15177
1.16302
1.1594
1.1515
1.15072
1.14787
1.12584
1.0755
1.03314
1.01042
1.00001
0.993775
1.02602
1.07711
1.09061
1.18576
3.79779
24.9876
0.762614
0.767742
0.769188
0.790505
0.846234
0.884244
0.895963
0.89834
0.901266
0.902349
0.883357
0.844586
0.818002
0.807193
0.804613
0.806309
0.810412
0.812997
0.813948
0.820782
0.862507
0.925101
0.955568
0.965443
0.972469
0.979697
0.981206
0.960507
0.916587
0.881299
0.865389
0.860776
0.859523
0.860409
0.864003
0.872177
0.917293
0.98984
1.02751
1.03918
1.04515
1.05297
1.05471
1.03153
0.984306
0.94599
0.925283
0.914666
0.909425
0.909293
0.912964
0.930117
0.997634
1.0697
1.10205
1.11229
1.11752
1.12147
1.11952
1.08385
1.02247
0.978233
0.958934
0.954711
0.957378
0.963449
0.987109
1.0676
1.13969
1.16175
1.16508
1.15958
1.15157
1.13891
1.09755
1.04776
1.02145
1.0138
1.01245
1.01118
1.02499
1.08088
1.12614
1.14037
1.14462
1.15384
1.16311
1.16362
1.14107
1.08618
1.02776
0.988702
0.97356
0.969028
1.00609
1.05846
1.17547
3.93073
25.0611
0.770184
0.765706
0.760601
0.758364
0.764883
0.8062
0.862621
0.892866
0.903276
0.908013
0.911427
0.908662
0.883754
0.852764
0.833523
0.824667
0.819546
0.812993
0.806555
0.803858
0.807656
0.837512
0.905779
0.955764
0.976437
0.985987
0.993312
0.997626
0.985335
0.939172
0.893861
0.870012
0.862522
0.863137
0.866703
0.869767
0.87326
0.898798
0.969501
1.02545
1.04955
1.05962
1.06615
1.07023
1.05453
1.00225
0.952339
0.924783
0.91417
0.913098
0.916672
0.922628
0.935148
0.993297
1.06896
1.10305
1.11307
1.1167
1.11595
1.11309
1.08717
1.03084
0.988186
0.972237
0.970672
0.973683
0.976997
0.990482
1.05403
1.11782
1.14116
1.1468
1.15108
1.15508
1.15286
1.12188
1.07061
1.03089
1.0077
0.998467
0.995239
1.00494
1.05941
1.119
1.14925
1.16313
1.17094
1.17147
1.16654
1.13848
1.07713
1.011
0.970819
0.956991
0.958949
1.00491
1.14601
4.01172
25.1182
0.777147
0.764397
0.75453
0.742061
0.738085
0.743547
0.779241
0.846388
0.88911
0.909439
0.930814
0.943529
0.945327
0.925123
0.884341
0.846692
0.821404
0.807884
0.799578
0.795885
0.797043
0.800794
0.821983
0.892183
0.958892
0.986188
0.995089
1.0002
1.00246
0.99634
0.961529
0.915225
0.887814
0.877941
0.87348
0.867514
0.86384
0.866039
0.883157
0.952392
1.02576
1.05657
1.06655
1.07087
1.07202
1.06237
1.01999
0.969718
0.940184
0.929224
0.926951
0.92852
0.93136
0.937172
0.981703
1.05745
1.09563
1.10631
1.11252
1.11853
1.1212
1.10268
1.05113
1.00676
0.985494
0.976803
0.971426
0.970438
0.979609
1.03373
1.10521
1.14307
1.15789
1.16668
1.17163
1.17009
1.14011
1.07757
1.02287
0.995632
0.988443
0.988386
0.998102
1.05678
1.12959
1.16047
1.16688
1.16658
1.16127
1.15051
1.12039
1.06341
1.00649
0.971171
0.959946
0.95878
1.0918
4.01709
25.1403
0.800173
0.759942
0.740389
0.7321
0.731448
0.734503
0.740493
0.766817
0.841179
0.909474
0.940432
0.953419
0.960061
0.963856
0.951429
0.904243
0.849229
0.813871
0.798728
0.795262
0.796995
0.800369
0.806614
0.823578
0.887379
0.958217
0.988149
0.997819
1.00476
1.01075
1.01138
0.986516
0.936783
0.895682
0.872154
0.862285
0.86023
0.862704
0.866853
0.880198
0.942788
1.02158
1.05521
1.06389
1.07089
1.07722
1.07687
1.04572
0.990544
0.951006
0.933758
0.928094
0.92642
0.927673
0.933378
0.970208
1.04826
1.09866
1.11566
1.12155
1.1263
1.12998
1.11731
1.07004
1.01792
0.985102
0.971178
0.968533
0.970252
0.976661
1.02333
1.10472
1.15205
1.16662
1.17045
1.17216
1.16821
1.13668
1.06736
1.01349
0.993227
0.989701
0.993197
1.00789
1.06835
1.13163
1.15025
1.14928
1.14131
1.1364
1.13032
1.11153
1.07185
1.02321
0.984701
0.948686
1.011
3.96868
25.1182
0.833185
0.758908
0.741117
0.73554
0.734721
0.738302
0.745888
0.75619
0.77593
0.846943
0.923155
0.953611
0.962312
0.965769
0.963499
0.950337
0.902955
0.844299
0.810989
0.801328
0.801855
0.806369
0.813756
0.822107
0.832659
0.878736
0.952353
0.993966
1.00767
1.01263
1.01536
1.01693
1.00169
0.949927
0.899001
0.873089
0.865591
0.866679
0.872179
0.87784
0.88465
0.927795
1.01034
1.06
1.07551
1.08116
1.08539
1.08679
1.06164
1.00281
0.956976
0.935357
0.928316
0.928636
0.932076
0.937186
0.964464
1.04014
1.09745
1.11752
1.12475
1.12866
1.12952
1.12258
1.08406
1.02682
0.988714
0.973897
0.971092
0.972957
0.980136
1.02723
1.10955
1.15139
1.16087
1.16191
1.1575
1.15044
1.12565
1.07108
1.02698
1.00799
1.00304
1.00194
1.00733
1.05702
1.10951
1.127
1.13004
1.13347
1.13768
1.13552
1.12001
1.08125
1.02669
0.961428
0.957362
3.87508
25.0878
0.8536
0.792167
0.761956
0.750598
0.74852
0.751911
0.757703
0.764884
0.773998
0.789034
0.847384
0.917964
0.946419
0.951884
0.949337
0.943004
0.935571
0.905766
0.858439
0.829435
0.820577
0.821433
0.825925
0.831576
0.836993
0.842364
0.868572
0.936997
0.986497
1.00266
1.00783
1.00981
1.00904
1.00312
0.967889
0.918961
0.890669
0.881231
0.878844
0.878624
0.880765
0.885992
0.920046
1.00282
1.05937
1.07727
1.08346
1.08523
1.08356
1.06797
1.0189
0.970173
0.944833
0.936678
0.935265
0.936671
0.939984
0.959086
1.02842
1.09155
1.11511
1.12189
1.12618
1.12911
1.12646
1.09511
1.03602
0.994795
0.9803
0.97908
0.981622
0.985477
1.02347
1.09728
1.13669
1.14634
1.14834
1.15039
1.15251
1.13859
1.08887
1.03788
1.00839
0.995054
0.990456
0.9929
1.03626
1.09444
1.12577
1.13993
1.14597
1.14535
1.13961
1.11937
1.07212
0.993562
0.95928
3.73271
25.101
0.862849
0.844279
0.813855
0.785493
0.770371
0.766223
0.768292
0.774416
0.784137
0.794059
0.802267
0.830838
0.885555
0.920042
0.932264
0.9351
0.935854
0.937055
0.927749
0.894491
0.862504
0.846641
0.841335
0.840513
0.840569
0.839541
0.840869
0.855262
0.915461
0.975369
0.999231
1.00716
1.01425
1.0198
1.01939
0.990564
0.938206
0.90063
0.884077
0.881074
0.884415
0.890358
0.895064
0.913798
0.983104
1.04596
1.06896
1.07614
1.08269
1.08793
1.08262
1.04051
0.984431
0.950387
0.937596
0.935605
0.937698
0.940859
0.955068
1.01869
1.08871
1.11828
1.12627
1.12965
1.1322
1.13077
1.10516
1.04782
1.00478
0.986682
0.980159
0.9778
0.979847
1.0117
1.08395
1.12949
1.14737
1.15746
1.16409
1.16553
1.15238
1.10084
1.03825
0.998908
0.984685
0.982167
0.984711
1.0284
1.10067
1.13651
1.14314
1.14199
1.13783
1.12474
1.09573
1.02989
1.00517
3.5976
25.1853
0.859819
0.869949
0.869826
0.849992
0.819042
0.800508
0.794768
0.796645
0.801594
0.805195
0.799401
0.788134
0.791657
0.831353
0.885683
0.917793
0.935584
0.953473
0.964747
0.964002
0.935405
0.892638
0.863099
0.847846
0.839446
0.834706
0.834309
0.837295
0.846361
0.89306
0.96334
1.00221
1.01504
1.01994
1.02199
1.02422
1.00996
0.964312
0.921506
0.900787
0.894509
0.892296
0.889536
0.89086
0.902319
0.962242
1.03778
1.07412
1.08508
1.08993
1.09388
1.09245
1.05691
0.99713
0.958114
0.942791
0.940293
0.943541
0.949015
0.958187
1.00987
1.08067
1.1139
1.12415
1.12812
1.13085
1.13314
1.1162
1.06079
1.00998
0.984262
0.976471
0.97629
0.978058
1.00405
1.07764
1.13485
1.15704
1.16294
1.16502
1.16407
1.15233
1.09678
1.02793
0.991735
0.981398
0.980009
0.987649
1.04138
1.1082
1.13015
1.12946
1.12327
1.11213
1.10184
1.06448
1.06812
3.50433
25.3056
0.845961
0.878282
0.888698
0.895877
0.893916
0.874745
0.848504
0.830491
0.819346
0.806036
0.780994
0.761317
0.756995
0.762915
0.798514
0.87189
0.932087
0.962446
0.978971
0.98789
0.990406
0.968245
0.915574
0.871391
0.848395
0.839718
0.837507
0.836601
0.835822
0.839834
0.872752
0.946843
0.994505
1.01135
1.0227
1.03326
1.03869
1.03327
0.994667
0.943567
0.910885
0.895572
0.890636
0.890349
0.89236
0.899027
0.947588
1.03154
1.07478
1.08705
1.09238
1.0954
1.09618
1.07428
1.01933
0.975214
0.956406
0.951661
0.950078
0.950215
0.954809
0.996297
1.06983
1.10878
1.12162
1.13011
1.13591
1.13841
1.12383
1.06866
1.01206
0.98409
0.976259
0.975988
0.978224
1.00569
1.08607
1.14176
1.15711
1.15985
1.15928
1.15232
1.13591
1.08842
1.0314
1.00058
0.991357
0.990296
0.994416
1.03807
1.08914
1.10782
1.10915
1.10789
1.10523
1.08713
1.12273
3.47133
25.4103
0.799105
0.871424
0.89992
0.929052
0.947074
0.950287
0.929925
0.8844
0.834063
0.791249
0.763142
0.751238
0.750572
0.753777
0.7611
0.790958
0.875918
0.951618
0.981867
0.992028
0.997425
0.99869
0.982975
0.932015
0.881774
0.854881
0.841254
0.831519
0.830739
0.834239
0.840131
0.864509
0.936675
1.00104
1.02895
1.03919
1.04526
1.05031
1.04956
1.02017
0.963795
0.919457
0.898219
0.890975
0.890206
0.893244
0.899998
0.941102
1.02343
1.07126
1.08677
1.09669
1.10487
1.10769
1.09306
1.04003
0.985264
0.955319
0.944842
0.943334
0.944849
0.950911
0.992617
1.07311
1.11964
1.13287
1.1376
1.14059
1.13927
1.12169
1.06588
1.01024
0.98523
0.980247
0.982887
0.98987
1.01582
1.08537
1.13233
1.14342
1.14273
1.14121
1.1414
1.13675
1.10181
1.04674
1.00979
0.99267
0.985938
0.983093
1.01364
1.06678
1.09642
1.10751
1.1096
1.09497
1.1602
3.51186
25.5032
0.730869
0.830852
0.909899
0.954158
0.974635
0.982209
0.97974
0.951933
0.879819
0.800825
0.764906
0.754253
0.753608
0.757503
0.766454
0.779315
0.804572
0.886239
0.963506
0.991618
1.00024
1.00395
1.00246
0.988337
0.938509
0.878138
0.847038
0.837374
0.836528
0.840586
0.847306
0.853641
0.866197
0.928318
1.00381
1.03614
1.0461
1.05098
1.05446
1.05433
1.03202
0.971216
0.918217
0.895731
0.891746
0.894205
0.898568
0.904249
0.934832
1.01725
1.07853
1.09903
1.10497
1.10885
1.11045
1.10018
1.04739
0.986626
0.954951
0.946377
0.947151
0.95139
0.960579
1.00111
1.07739
1.11959
1.13117
1.13445
1.13212
1.12789
1.11647
1.07407
1.02478
0.99905
0.990991
0.988904
0.987905
1.00513
1.06777
1.11461
1.13049
1.13993
1.1482
1.14986
1.14515
1.11177
1.0522
1.00444
0.978954
0.969798
0.966392
0.996192
1.05988
1.09863
1.11107
1.09911
1.1806
3.59178
25.6016
0.713844
0.760786
0.878549
0.957606
0.978248
0.983876
0.973356
0.934597
0.88594
0.838359
0.794993
0.773879
0.768519
0.770528
0.776796
0.787153
0.803159
0.827244
0.893628
0.963237
0.989426
0.995433
0.988121
0.973206
0.964003
0.941215
0.898414
0.869075
0.857447
0.854051
0.854308
0.857143
0.861903
0.872457
0.921112
0.995187
1.03333
1.04359
1.04668
1.04457
1.04154
1.03039
0.983567
0.932611
0.908946
0.903151
0.904287
0.908448
0.915021
0.93627
1.00969
1.07435
1.09611
1.10232
1.10428
1.1023
1.09555
1.05521
0.99788
0.967367
0.9599
0.961144
0.964734
0.969816
0.998498
1.06364
1.1054
1.1179
1.12148
1.12435
1.12852
1.127
1.09206
1.03637
0.999653
0.983906
0.980315
0.980282
0.994562
1.05749
1.11627
1.13933
1.14592
1.14887
1.14883
1.14446
1.11224
1.04865
0.994264
0.967975
0.95947
0.957873
0.996133
1.06274
1.09802
1.09522
1.18699
3.69426
25.71
0.733704
0.780297
0.833321
0.90257
0.94181
0.946911
0.928415
0.9082
0.896362
0.88088
0.849638
0.813233
0.792435
0.787569
0.792345
0.808407
0.828935
0.839641
0.844951
0.868507
0.91819
0.95056
0.960472
0.965264
0.975177
0.980475
0.969136
0.92713
0.886065
0.864461
0.857754
0.859012
0.863092
0.867345
0.872173
0.90341
0.974329
1.01965
1.03377
1.03812
1.04366
1.04797
1.04373
1.00494
0.952984
0.923865
0.914785
0.914592
0.915965
0.918459
0.931846
0.996531
1.06494
1.09028
1.09648
1.10077
1.1049
1.10196
1.06651
1.0119
0.980235
0.968993
0.965848
0.964612
0.966203
0.986952
1.04924
1.09821
1.11876
1.12923
1.13521
1.1368
1.13285
1.09949
1.04018
0.998257
0.98186
0.978892
0.980646
0.993008
1.05197
1.11349
1.13738
1.14358
1.14348
1.1408
1.13604
1.11095
1.04599
0.99033
0.965971
0.957848
0.958871
1.00149
1.0574
1.07054
1.17561
3.81311
25.8133
0.77244
0.805879
0.81328
0.822736
0.842021
0.86188
0.876262
0.888283
0.894431
0.896913
0.89246
0.873495
0.85066
0.838877
0.838716
0.843553
0.84728
0.844044
0.827856
0.816579
0.8253
0.876103
0.937803
0.969132
0.980983
0.987691
0.991533
0.988896
0.959015
0.915327
0.887431
0.875844
0.872161
0.870106
0.866651
0.865854
0.882036
0.94626
1.00892
1.03562
1.04403
1.04951
1.05604
1.05829
1.03017
0.974711
0.935325
0.918332
0.915164
0.917442
0.920884
0.929712
0.98202
1.05511
1.08969
1.09925
1.10248
1.10435
1.10351
1.07959
1.02933
0.990337
0.970841
0.963989
0.964133
0.967342
0.983041
1.04182
1.09839
1.12267
1.12952
1.13087
1.13301
1.13366
1.10944
1.04952
1.00447
0.986767
0.981023
0.978489
0.986225
1.04515
1.11037
1.13289
1.1366
1.13719
1.13667
1.13358
1.10927
1.04513
0.99056
0.965201
0.956012
0.957016
0.994801
1.0281
1.14845
3.93259
25.9006
0.808788
0.818983
0.815149
0.786254
0.762509
0.764606
0.79652
0.848622
0.882382
0.895933
0.908446
0.922306
0.928698
0.92088
0.900258
0.876759
0.854755
0.831579
0.806256
0.791817
0.790731
0.800016
0.852047
0.930014
0.969447
0.985127
0.998053
1.00918
1.01486
0.999574
0.953804
0.91046
0.885423
0.869095
0.855229
0.851902
0.854671
0.867689
0.928217
1.0028
1.03765
1.05317
1.06476
1.07103
1.07249
1.04843
0.990463
0.944741
0.925007
0.919858
0.919422
0.921019
0.926861
0.969316
1.04295
1.08241
1.09479
1.10208
1.10775
1.10979
1.09397
1.04643
1.00166
0.978998
0.971642
0.96906
0.968039
0.97669
1.0301
1.08981
1.11451
1.12609
1.13486
1.13899
1.13961
1.11686
1.05358
1.00121
0.979154
0.974028
0.973536
0.982087
1.04255
1.10868
1.13304
1.13849
1.13901
1.13559
1.12959
1.1025
1.04274
0.989121
0.958613
0.947067
0.949214
0.974323
1.11105
4.02418
25.9366
0.839179
0.824686
0.792536
0.750005
0.725328
0.721676
0.72906
0.764633
0.832696
0.888129
0.925948
0.963481
0.986741
0.991873
0.976478
0.932673
0.876003
0.824914
0.79373
0.78346
0.7838
0.787309
0.796738
0.840767
0.924493
0.980289
1.00755
1.02708
1.03875
1.04392
1.03122
0.973292
0.904169
0.865385
0.853325
0.852133
0.854673
0.859198
0.870518
0.925727
1.01065
1.05384
1.06628
1.07167
1.07527
1.07477
1.05697
1.00401
0.952369
0.926152
0.918576
0.919212
0.922359
0.927703
0.960852
1.03509
1.08453
1.10141
1.10684
1.112
1.11814
1.11207
1.06751
1.0131
0.981416
0.965946
0.958112
0.957613
0.966962
1.02356
1.09566
1.12827
1.13671
1.1398
1.14151
1.13945
1.11203
1.0474
0.997376
0.978078
0.973767
0.974723
0.986428
1.04598
1.10888
1.13066
1.13319
1.12908
1.12504
1.12106
1.09682
1.04228
0.991012
0.956105
0.93894
0.925249
1.06302
4.06854
25.9226
0.888331
0.829995
0.773663
0.729233
0.710571
0.708206
0.710581
0.718345
0.748279
0.830242
0.925632
0.986328
1.01394
1.02322
1.02323
0.999818
0.92486
0.837758
0.797581
0.786645
0.786332
0.790051
0.795736
0.803762
0.835697
0.928174
1.00593
1.03463
1.04429
1.04802
1.04287
1.01994
0.961372
0.896852
0.866926
0.859707
0.860884
0.86549
0.873169
0.884327
0.93117
1.0121
1.05529
1.0682
1.07348
1.07606
1.074
1.0575
1.00987
0.959704
0.932422
0.924089
0.924262
0.927793
0.932374
0.95516
1.02401
1.08048
1.10521
1.12037
1.12791
1.13022
1.12211
1.07493
1.00858
0.968778
0.957588
0.956933
0.959027
0.968941
1.02971
1.10325
1.13013
1.13565
1.13558
1.13159
1.12833
1.10876
1.05361
1.00621
0.986107
0.980732
0.978897
0.984861
1.038
1.09603
1.11598
1.12057
1.12149
1.12091
1.11774
1.09325
1.04167
0.989614
0.949423
0.912735
1.00032
4.04257
25.9048
0.955035
0.869309
0.769914
0.725108
0.709913
0.70854
0.712315
0.720684
0.734309
0.766961
0.879415
0.985551
1.01658
1.02447
1.02091
0.991101
0.940147
0.88138
0.829877
0.804861
0.797413
0.79715
0.798052
0.801319
0.81417
0.859998
0.9602
1.02221
1.03874
1.0387
1.01984
1.00184
0.989283
0.960623
0.914609
0.884229
0.874064
0.874241
0.878377
0.885032
0.895855
0.935258
1.00902
1.05189
1.06465
1.06513
1.05815
1.05782
1.05663
1.0276
0.977272
0.944783
0.932845
0.929344
0.928399
0.931038
0.950811
1.02767
1.09644
1.11907
1.12477
1.12642
1.12582
1.11699
1.06799
1.00353
0.97155
0.963851
0.964271
0.96807
0.979204
1.03181
1.09531
1.11931
1.12366
1.1253
1.12885
1.1316
1.1185
1.06468
1.01063
0.983341
0.973226
0.969635
0.975399
1.02906
1.09271
1.11795
1.12333
1.12348
1.12093
1.11334
1.08185
1.0321
0.980168
0.92404
0.969783
3.94529
25.9039
0.954783
0.871124
0.791292
0.747185
0.728257
0.725543
0.73074
0.740024
0.755697
0.784495
0.829889
0.916159
0.978864
0.995534
0.988822
0.967236
0.94877
0.927874
0.88812
0.840311
0.810665
0.802389
0.804881
0.819709
0.849686
0.87353
0.895475
0.943681
0.984582
0.99716
0.997358
0.998419
0.999929
1.00028
0.982138
0.934678
0.899742
0.88871
0.890091
0.900487
0.910366
0.913523
0.925265
0.975034
1.02138
1.0398
1.04879
1.05905
1.06493
1.06636
1.04504
0.993549
0.951727
0.933905
0.931736
0.936429
0.943338
0.960084
1.02803
1.08897
1.10779
1.11241
1.11406
1.1128
1.10632
1.06942
1.0132
0.981707
0.971905
0.970527
0.970878
0.976158
1.02172
1.08621
1.1171
1.1296
1.13666
1.13872
1.13793
1.12327
1.06628
1.00451
0.974966
0.968136
0.967281
0.975413
1.03254
1.09645
1.11833
1.11959
1.11623
1.1101
1.09584
1.06697
1.02163
0.960277
0.976871
3.79556
25.9465
0.920552
0.876409
0.833754
0.7978
0.769941
0.757225
0.75598
0.762408
0.78383
0.811636
0.82795
0.842415
0.883081
0.925474
0.942697
0.945141
0.945128
0.944011
0.93429
0.900841
0.860135
0.841123
0.843489
0.860894
0.874903
0.878793
0.874782
0.868722
0.883175
0.930944
0.975617
0.994022
0.99874
0.999439
1.00203
1.00001
0.974439
0.94312
0.927649
0.922608
0.914589
0.900124
0.893162
0.8995
0.944803
1.01118
1.04715
1.05859
1.06413
1.07037
1.07522
1.06217
1.01033
0.964887
0.948146
0.944287
0.942321
0.942829
0.954373
1.01556
1.07831
1.10107
1.107
1.11052
1.114
1.11148
1.07885
1.02351
0.987117
0.972056
0.969057
0.970113
0.975111
1.018
1.08949
1.12575
1.13436
1.13604
1.13646
1.13407
1.11602
1.05643
0.999979
0.977187
0.972205
0.97249
0.983769
1.03736
1.08846
1.10279
1.10021
1.09557
1.09195
1.08467
1.06617
1.00891
1.00625
3.65323
26.0177
0.884816
0.884131
0.878829
0.862913
0.830524
0.803668
0.794415
0.799273
0.815503
0.828529
0.832744
0.829205
0.81307
0.814287
0.851149
0.902329
0.930309
0.938205
0.941711
0.944822
0.935828
0.919786
0.908975
0.902739
0.894411
0.878251
0.854635
0.832475
0.827914
0.843825
0.904381
0.963133
0.986249
0.998847
1.01753
1.03409
1.04035
1.02196
0.978373
0.937443
0.907771
0.88887
0.877991
0.876848
0.883127
0.928965
1.00576
1.04641
1.06382
1.07715
1.0841
1.0879
1.07777
1.02829
0.975192
0.947537
0.938485
0.936977
0.937824
0.947286
1.00418
1.0723
1.10184
1.11012
1.11316
1.11527
1.11535
1.09128
1.03633
0.993968
0.976145
0.971741
0.971638
0.976472
1.02326
1.09402
1.12345
1.12887
1.12908
1.12591
1.11927
1.10275
1.0579
1.01145
0.987539
0.979305
0.976417
0.978838
1.02157
1.06869
1.08551
1.08905
1.09217
1.09317
1.08798
1.05179
1.05779
3.55638
26.0968
0.836238
0.881607
0.88919
0.891452
0.889142
0.877675
0.863067
0.853433
0.848277
0.843248
0.833451
0.807015
0.772806
0.761645
0.769162
0.814621
0.887939
0.930754
0.948871
0.966699
0.989407
0.999538
0.98867
0.961059
0.924985
0.881824
0.838438
0.813222
0.807036
0.808803
0.82233
0.881914
0.957396
1.00377
1.03446
1.05998
1.07245
1.07537
1.05182
0.985943
0.921065
0.885652
0.87357
0.873361
0.876412
0.88437
0.928693
1.01436
1.06345
1.07877
1.08649
1.09389
1.09904
1.08957
1.03514
0.97356
0.943348
0.934855
0.935105
0.937922
0.947514
1.00003
1.07017
1.1013
1.11079
1.11805
1.12324
1.12499
1.10354
1.0437
0.994617
0.97557
0.972462
0.974257
0.979771
1.02416
1.08776
1.1137
1.11823
1.11733
1.11714
1.11775
1.11147
1.07486
1.02174
0.987079
0.971479
0.966156
0.966196
1.00292
1.05839
1.08678
1.09514
1.09763
1.09504
1.07044
1.10876
3.53277
26.1676
0.753274
0.837457
0.879324
0.900125
0.924321
0.944745
0.946577
0.926127
0.894872
0.865705
0.83184
0.787167
0.754553
0.744206
0.744404
0.750965
0.790129
0.870495
0.937832
0.986223
1.02775
1.04577
1.04939
1.03244
0.97619
0.897121
0.838302
0.811716
0.805111
0.806233
0.810531
0.821344
0.872157
0.971883
1.04278
1.07325
1.08366
1.0873
1.0798
1.04152
0.961839
0.902369
0.881217
0.87751
0.879315
0.883448
0.893044
0.939532
1.02637
1.07397
1.09112
1.09881
1.10094
1.09546
1.07743
1.02632
0.971432
0.945271
0.939157
0.940327
0.944128
0.952313
0.997779
1.07077
1.10973
1.12137
1.12574
1.12814
1.12526
1.1011
1.04463
0.998477
0.979277
0.974525
0.975193
0.978461
1.01365
1.0721
1.10157
1.11212
1.12039
1.12661
1.12773
1.12116
1.0825
1.02161
0.980117
0.960829
0.953075
0.952386
0.99463
1.06133
1.08992
1.09452
1.09282
1.0726
1.14128
3.55787
26.2452
0.709852
0.738375
0.817861
0.890775
0.942404
0.982277
0.998793
0.999401
0.971401
0.908934
0.838117
0.783631
0.754186
0.745093
0.745698
0.749736
0.757716
0.785196
0.875756
0.984866
1.03642
1.05165
1.05694
1.0534
1.02113
0.94285
0.86344
0.823976
0.810652
0.808952
0.811132
0.816642
0.832551
0.904912
1.02373
1.071
1.08124
1.07987
1.06183
1.03786
1.00783
0.954842
0.908745
0.889639
0.885752
0.886581
0.892187
0.909325
0.965508
1.04839
1.08469
1.09316
1.08797
1.07716
1.07403
1.06873
1.03363
0.983235
0.955333
0.946885
0.946346
0.948563
0.954392
1.00052
1.07864
1.11418
1.1219
1.12213
1.11851
1.11678
1.10264
1.05338
1.00493
0.981174
0.972131
0.969815
0.970825
1.0016
1.06576
1.10608
1.12174
1.12892
1.13137
1.13049
1.12297
1.08117
1.01284
0.967297
0.950807
0.94681
0.950346
1.0025
1.06385
1.08456
1.08544
1.07006
1.15754
3.62324
26.3254
0.710757
0.715436
0.735333
0.81406
0.93137
0.988315
1.00338
1.00885
1.00592
0.965268
0.873735
0.803881
0.770768
0.759161
0.758393
0.761481
0.766362
0.774108
0.804366
0.92228
1.02068
1.04606
1.05045
1.03262
0.997625
0.961292
0.913608
0.860775
0.830573
0.8218
0.823075
0.833559
0.859645
0.895598
0.953385
1.02129
1.04902
1.05121
1.04425
1.03811
1.0317
1.00872
0.953156
0.909367
0.895675
0.897558
0.91302
0.934363
0.949702
0.977273
1.02969
1.05882
1.06598
1.06914
1.07368
1.07757
1.07533
1.04271
0.989658
0.958721
0.949971
0.951557
0.95844
0.968641
1.00691
1.07125
1.10165
1.10897
1.11234
1.11618
1.11756
1.10686
1.05945
1.00665
0.978069
0.968711
0.967669
0.969994
0.998809
1.0691
1.11336
1.12606
1.1286
1.12843
1.12641
1.11677
1.07172
1.00414
0.96428
0.951287
0.946909
0.954579
1.00938
1.05951
1.07447
1.06285
1.1604
3.70951
26.4144
0.718305
0.721536
0.732056
0.756826
0.849104
0.954698
0.990241
0.994292
0.980576
0.952752
0.917511
0.863357
0.815109
0.787391
0.775544
0.773014
0.775266
0.787477
0.81828
0.863352
0.94004
0.994731
1.00713
0.998374
0.984434
0.973701
0.958396
0.922017
0.877555
0.854668
0.852517
0.865414
0.884539
0.895154
0.903869
0.931603
0.980651
1.01419
1.02743
1.03063
1.02506
1.0138
0.998094
0.966121
0.941687
0.938041
0.944231
0.948075
0.945727
0.941464
0.950781
0.995887
1.04419
1.06577
1.07156
1.07275
1.075
1.07601
1.05497
1.00984
0.980423
0.970017
0.966399
0.963646
0.964592
0.9911
1.05499
1.09553
1.10863
1.1121
1.11481
1.11772
1.11174
1.06661
1.0099
0.980295
0.970805
0.967827
0.968489
1.00152
1.07632
1.1155
1.12368
1.12462
1.1228
1.11821
1.10646
1.06296
1.00078
0.964178
0.950488
0.945266
0.958136
1.00738
1.04539
1.04613
1.15451
3.81677
26.5123
0.731411
0.737699
0.75925
0.776547
0.79095
0.840189
0.912746
0.946581
0.953237
0.952752
0.948779
0.929848
0.881232
0.827847
0.800228
0.79439
0.802255
0.826069
0.844401
0.850057
0.857436
0.886237
0.928998
0.958163
0.970424
0.974351
0.974992
0.970201
0.945247
0.915795
0.902819
0.903158
0.905914
0.904847
0.895641
0.885234
0.891484
0.933816
0.984906
1.00849
1.01428
1.01722
1.02109
1.02384
1.01737
0.996348
0.973178
0.954658
0.939298
0.924687
0.917773
0.926368
0.97658
1.03509
1.05885
1.06838
1.07781
1.08677
1.09389
1.0846
1.04101
0.997435
0.971585
0.956063
0.948139
0.949336
0.97623
1.04491
1.09023
1.10638
1.11584
1.12056
1.12187
1.11543
1.07055
1.00982
0.977413
0.967863
0.96684
0.968867
1.00574
1.07991
1.11459
1.12101
1.12075
1.11784
1.11185
1.09985
1.05879
1.00204
0.965914
0.949701
0.943206
0.956291
0.998488
1.01824
1.13961
3.93497
26.5884
0.770962
0.773168
0.782701
0.785775
0.784455
0.778811
0.793313
0.853954
0.915743
0.943276
0.9498
0.950046
0.937368
0.899441
0.863047
0.848294
0.848841
0.853955
0.855792
0.847799
0.827287
0.81805
0.830956
0.885198
0.94426
0.970194
0.977311
0.98075
0.98746
0.99289
0.980449
0.956204
0.934911
0.914329
0.884007
0.859609
0.853038
0.860123
0.905058
0.969742
1.00542
1.02183
1.0401
1.06383
1.0733
1.06207
1.02321
0.976596
0.938939
0.912843
0.901968
0.901876
0.911469
0.963344
1.03089
1.06594
1.08401
1.10216
1.11484
1.11915
1.10541
1.04933
0.987334
0.953895
0.943369
0.941665
0.943747
0.970702
1.04786
1.10053
1.11496
1.11883
1.12159
1.12372
1.1192
1.07413
1.01088
0.978343
0.96914
0.967864
0.971568
1.01201
1.08019
1.11036
1.11528
1.11263
1.10704
1.10297
1.0961
1.06156
1.00727
0.967397
0.945946
0.937651
0.945395
0.976742
1.11591
4.04096
26.6129
0.821869
0.798346
0.791524
0.781939
0.768934
0.754695
0.749171
0.757429
0.813636
0.896652
0.935924
0.945081
0.950139
0.95833
0.952363
0.923202
0.892627
0.870463
0.853691
0.836765
0.812404
0.794614
0.792416
0.803491
0.860078
0.929854
0.966884
0.993493
1.0269
1.04298
1.04298
1.01809
0.97055
0.919254
0.878969
0.85402
0.841583
0.839226
0.844177
0.880486
0.951753
1.01357
1.06207
1.09321
1.1032
1.10435
1.0818
1.01692
0.949296
0.913367
0.901352
0.899206
0.899982
0.905674
0.950827
1.03226
1.08812
1.11513
1.12485
1.12778
1.12515
1.10126
1.03192
0.970914
0.946606
0.941513
0.942314
0.946313
0.975403
1.05201
1.10093
1.11662
1.12506
1.12813
1.12872
1.1194
1.06939
1.00704
0.977897
0.970827
0.970452
0.973078
1.01082
1.07276
1.0995
1.10357
1.10382
1.10423
1.10186
1.09575
1.06319
1.00847
0.963049
0.936552
0.925543
0.925189
1.07642
4.1039
26.6174
0.890723
0.832877
0.806253
0.787134
0.76919
0.750765
0.740232
0.73917
0.744517
0.786256
0.872779
0.933883
0.968016
0.993914
1.00538
1.00101
0.963935
0.912424
0.869164
0.833959
0.806182
0.791668
0.789494
0.792376
0.799845
0.843392
0.930417
1.00483
1.0446
1.06123
1.06728
1.06437
1.03144
0.955916
0.891987
0.857526
0.841311
0.837206
0.839117
0.843775
0.874163
0.978109
1.06859
1.09816
1.10619
1.10826
1.10142
1.0667
0.992769
0.934176
0.908103
0.898135
0.895296
0.897351
0.907057
0.97191
1.07644
1.11601
1.12399
1.12501
1.11952
1.10706
1.07795
1.01649
0.966932
0.948158
0.944493
0.945187
0.949618
0.985663
1.07238
1.11939
1.12846
1.13018
1.12932
1.12434
1.10859
1.05927
1.00519
0.978666
0.970886
0.970118
0.973896
1.00713
1.06419
1.09467
1.10316
1.10355
1.10187
1.09921
1.0924
1.05777
1.00434
0.959252
0.928969
0.901024
1.02025
4.10003
26.6142
0.947013
0.909047
0.849158
0.806534
0.775079
0.752502
0.741072
0.739325
0.741977
0.746934
0.773134
0.867158
0.961575
0.99934
1.00946
1.01321
1.01252
0.980796
0.907729
0.847731
0.815021
0.799593
0.795314
0.797299
0.801722
0.80848
0.851929
0.970897
1.04352
1.06099
1.06543
1.05892
1.035
0.993906
0.932644
0.878019
0.849246
0.840516
0.841313
0.846249
0.861994
0.918292
1.03052
1.08625
1.09855
1.09743
1.08601
1.07175
1.04149
0.978439
0.922534
0.900057
0.897403
0.901116
0.916039
0.950586
1.0214
1.08655
1.1068
1.10906
1.10495
1.0996
1.09322
1.0674
1.0092
0.964077
0.94921
0.948217
0.954979
0.97183
1.01625
1.08615
1.11648
1.12148
1.11679
1.10987
1.10786
1.1017
1.06373
1.0134
0.98448
0.974036
0.97105
0.970794
0.998563
1.05648
1.08979
1.09887
1.09976
1.09805
1.09477
1.08444
1.04974
1.00229
0.955969
0.907881
0.973954
4.01636
26.5927
0.953315
0.952138
0.906359
0.84507
0.796042
0.765676
0.750014
0.744774
0.74611
0.751654
0.764396
0.791587
0.881459
0.970945
1.00055
1.00579
1.0031
0.989431
0.958057
0.899808
0.847852
0.819581
0.808109
0.805914
0.808451
0.816402
0.836809
0.893954
0.991764
1.03632
1.04343
1.03877
1.03083
1.0201
0.984475
0.922134
0.875602
0.8587
0.858388
0.868375
0.887426
0.91066
0.954065
1.02523
1.06443
1.07405
1.07454
1.07198
1.06383
1.0274
0.963082
0.925284
0.917486
0.926824
0.945626
0.958699
0.971144
1.01375
1.06525
1.08798
1.09364
1.09434
1.09195
1.08391
1.05576
1.00772
0.978579
0.972182
0.977453
0.982154
0.985408
1.01386
1.06858
1.09557
1.10129
1.10356
1.10675
1.10798
1.10426
1.07178
1.01924
0.984656
0.970534
0.966785
0.967346
0.992535
1.0532
1.08957
1.0984
1.09692
1.09396
1.09049
1.07816
1.04811
1.00016
0.936862
0.954864
3.8831
26.5766
0.934624
0.936967
0.929886
0.905126
0.851488
0.802465
0.774352
0.764113
0.764693
0.774412
0.786983
0.793719
0.803622
0.864345
0.947324
0.981045
0.9877
0.988856
0.987386
0.963564
0.901347
0.846538
0.822233
0.81737
0.822615
0.838396
0.854121
0.865927
0.89739
0.963012
1.00428
1.0172
1.01984
1.01585
1.00626
0.979938
0.93162
0.8982
0.889165
0.893786
0.904947
0.911653
0.916173
0.937614
0.995758
1.04061
1.05637
1.05903
1.05136
1.03763
1.01595
0.984498
0.966715
0.963892
0.965573
0.963549
0.95753
0.959531
0.991402
1.04514
1.07246
1.08004
1.07939
1.07489
1.07352
1.06533
1.04036
1.01463
0.997768
0.985407
0.976761
0.974673
0.995785
1.05107
1.08835
1.10171
1.10548
1.10697
1.10796
1.10636
1.0797
1.02671
0.987719
0.970887
0.964991
0.964444
0.988885
1.05001
1.08597
1.09443
1.09384
1.09121
1.08761
1.07595
1.04569
0.977073
0.974894
3.73735
26.5964
0.893031
0.920823
0.922655
0.922977
0.910778
0.873931
0.832003
0.806871
0.7974
0.796195
0.797316
0.79572
0.795277
0.799688
0.837815
0.917124
0.964277
0.978738
0.981494
0.976647
0.957417
0.910174
0.87179
0.857594
0.857823
0.863193
0.866055
0.863892
0.857094
0.86788
0.923832
0.979051
1.00184
1.00782
1.01161
1.01388
0.998904
0.964025
0.93786
0.925948
0.920654
0.914197
0.906801
0.904412
0.914545
0.962813
1.01199
1.03218
1.03767
1.0417
1.04804
1.05143
1.04076
1.01624
0.989087
0.966142
0.952059
0.946321
0.946874
0.971528
1.02295
1.05329
1.06332
1.06934
1.08438
1.10019
1.10134
1.07518
1.03055
0.993594
0.972651
0.965301
0.964138
0.980373
1.03511
1.07833
1.09425
1.10172
1.10868
1.11505
1.11607
1.09404
1.03554
0.988411
0.968318
0.96104
0.958299
0.982108
1.0468
1.08382
1.09124
1.08964
1.0879
1.08384
1.07048
1.01611
1.0155
3.63364
26.6621
0.809657
0.888486
0.911729
0.923476
0.934152
0.937613
0.916686
0.872857
0.834832
0.810997
0.800252
0.798125
0.796656
0.790995
0.789073
0.808177
0.881502
0.943225
0.964061
0.970782
0.979831
0.98039
0.95299
0.915327
0.891576
0.878556
0.866259
0.849113
0.837515
0.835641
0.844949
0.898173
0.967755
1.00203
1.01276
1.01846
1.02947
1.03196
1.00633
0.968461
0.939798
0.918894
0.901863
0.889992
0.884434
0.89101
0.935021
0.99494
1.0306
1.05124
1.07343
1.08993
1.09202
1.07321
1.02919
0.983672
0.954171
0.937255
0.927935
0.928278
0.950474
1.00421
1.04815
1.07851
1.10567
1.12212
1.12698
1.12104
1.08318
1.0245
0.982492
0.961919
0.951868
0.949854
0.964473
1.02244
1.07523
1.1008
1.11734
1.12661
1.13042
1.12775
1.09701
1.0297
0.979012
0.95923
0.954236
0.953086
0.978649
1.04371
1.07775
1.08421
1.08456
1.08392
1.07585
1.03927
1.06286
3.57996
26.7516
0.733752
0.795743
0.875992
0.923301
0.943592
0.957246
0.96385
0.954373
0.909031
0.856168
0.823884
0.809179
0.796571
0.779906
0.771342
0.772043
0.787326
0.858058
0.938354
0.979515
1.00023
1.01481
1.01816
0.9937
0.943488
0.900225
0.871256
0.852419
0.839024
0.83076
0.828328
0.833086
0.875717
0.950947
0.999531
1.02989
1.05532
1.06459
1.06293
1.03069
0.977929
0.934485
0.904727
0.883781
0.871243
0.869087
0.874637
0.913622
0.987832
1.05119
1.09011
1.10812
1.11343
1.11051
1.08278
1.02397
0.968087
0.934565
0.9188
0.913107
0.914156
0.933448
1.00065
1.0755
1.11481
1.12884
1.13338
1.13253
1.12193
1.07855
1.01395
0.968374
0.948017
0.940812
0.939323
0.952999
1.02304
1.09558
1.12488
1.13349
1.13613
1.13339
1.12447
1.08811
1.02017
0.972546
0.954139
0.947899
0.94515
0.974552
1.04141
1.07399
1.08092
1.08261
1.07696
1.0499
1.10358
3.57602
26.8386
0.726092
0.732958
0.777293
0.870023
0.936576
0.96453
0.977323
0.983271
0.977598
0.932718
0.866146
0.81549
0.786663
0.772255
0.767571
0.768957
0.772374
0.784364
0.850967
0.951638
1.0044
1.02054
1.02659
1.02846
1.01133
0.956805
0.900807
0.866383
0.845269
0.829719
0.823351
0.824866
0.830096
0.866959
0.963761
1.03655
1.0599
1.06691
1.07062
1.06834
1.03725
0.975157
0.92188
0.888181
0.872091
0.868711
0.870656
0.875551
0.916891
1.02343
1.09119
1.10869
1.11384
1.11359
1.10638
1.07442
1.00753
0.947652
0.918312
0.910789
0.911663
0.915392
0.942946
1.03878
1.10919
1.12732
1.13035
1.12743
1.12367
1.11525
1.07249
1.00034
0.952602
0.936312
0.934212
0.936622
0.963745
1.05838
1.12058
1.13368
1.13486
1.13136
1.12345
1.11324
1.07828
1.01191
0.96373
0.944992
0.940269
0.941138
0.980208
1.04654
1.07595
1.08134
1.07656
1.05196
1.13069
3.61231
26.9186
0.728241
0.732263
0.741956
0.779454
0.884162
0.959359
0.979829
0.984896
0.985438
0.977594
0.932611
0.854134
0.800438
0.778715
0.77295
0.77376
0.778687
0.787168
0.800328
0.862436
0.966356
1.01402
1.02528
1.0288
1.02491
1.00385
0.952718
0.895629
0.854251
0.832381
0.825897
0.826753
0.832383
0.846533
0.891074
0.989794
1.04719
1.06168
1.06452
1.06014
1.05141
1.02631
0.969015
0.911569
0.881527
0.873567
0.875169
0.882177
0.899642
0.959816
1.05467
1.09578
1.10398
1.10358
1.09795
1.08944
1.05746
0.985627
0.933655
0.917915
0.917589
0.926529
0.946334
0.986816
1.06307
1.10875
1.1193
1.12116
1.12142
1.11927
1.10604
1.04746
0.97385
0.94372
0.939037
0.94604
0.965383
1.00579
1.08044
1.11933
1.12486
1.12107
1.11363
1.10936
1.10349
1.06896
1.00164
0.957702
0.943214
0.940036
0.946733
0.997657
1.05412
1.0731
1.07
1.04607
1.14311
3.6856
26.9933
0.738601
0.742396
0.752991
0.765085
0.795729
0.883467
0.949571
0.967546
0.970015
0.965757
0.953037
0.91611
0.853948
0.810601
0.793881
0.79039
0.792369
0.79814
0.806537
0.818048
0.870141
0.962594
1.00622
1.0151
1.01444
1.01142
0.998996
0.950277
0.888777
0.853233
0.842199
0.843842
0.853791
0.865602
0.87566
0.904902
0.982606
1.03475
1.04873
1.05126
1.05155
1.04837
1.02318
0.960232
0.908998
0.890533
0.890026
0.898733
0.910251
0.924495
0.975863
1.05103
1.08392
1.09087
1.08985
1.0841
1.07156
1.03286
0.975122
0.944532
0.939282
0.946683
0.955772
0.962183
0.992273
1.06273
1.10531
1.11558
1.11523
1.10606
1.0923
1.06999
1.02591
0.984278
0.970002
0.971106
0.974272
0.976779
1.0075
1.07352
1.10668
1.11214
1.11068
1.10667
1.09985
1.09053
1.05846
1.00104
0.965753
0.954695
0.953054
0.961391
1.00551
1.04612
1.05453
1.03337
1.13952
3.7812
27.045
0.757776
0.759388
0.769694
0.775647
0.77914
0.790566
0.854685
0.923576
0.949738
0.95522
0.956318
0.953879
0.926221
0.868865
0.826247
0.809658
0.807153
0.81131
0.817909
0.822743
0.828678
0.864838
0.943147
0.987032
0.998629
0.998683
0.991772
0.984869
0.955512
0.906842
0.876947
0.867787
0.868154
0.870963
0.873782
0.876855
0.897813
0.966953
1.02067
1.0384
1.04223
1.03957
1.03377
1.01467
0.967039
0.93113
0.919066
0.918911
0.921897
0.924291
0.92899
0.96917
1.03649
1.06747
1.07433
1.0723
1.06685
1.05929
1.03232
0.996203
0.976575
0.969281
0.964987
0.963133
0.964688
0.990099
1.05391
1.08815
1.09356
1.08952
1.08378
1.07982
1.07274
1.05188
1.02109
0.995837
0.979816
0.97467
0.975329
1.00278
1.06624
1.09834
1.10341
1.09639
1.08827
1.08669
1.08587
1.06804
1.01965
0.982269
0.964701
0.95603
0.954728
0.99144
1.02429
1.01424
1.12907
3.89363
27.0724
0.792438
0.77848
0.780106
0.77998
0.77444
0.772382
0.776175
0.819111
0.895727
0.938028
0.951066
0.9551
0.956061
0.939975
0.896468
0.859633
0.841346
0.834027
0.83091
0.828841
0.827299
0.826381
0.84194
0.907896
0.961611
0.979683
0.987709
0.99635
0.999007
0.981402
0.938972
0.903736
0.884127
0.875387
0.874378
0.876816
0.877618
0.884863
0.937429
0.99698
1.02088
1.02782
1.03269
1.03759
1.03364
1.00203
0.965447
0.943581
0.931339
0.922712
0.919682
0.922554
0.953491
1.01391
1.04775
1.0582
1.06227
1.06726
1.07264
1.06466
1.03465
1.00181
0.977365
0.964023
0.960036
0.960737
0.978786
1.03141
1.0667
1.07737
1.08009
1.08431
1.09615
1.1027
1.08786
1.04196
0.998643
0.97853
0.973772
0.973824
0.992771
1.04338
1.07263
1.07889
1.08158
1.08966
1.09986
1.10295
1.08433
1.03221
0.984314
0.956436
0.943364
0.940505
0.969588
0.980674
1.10646
4.01994
27.1004
0.845528
0.796687
0.78281
0.777067
0.774174
0.765892
0.759777
0.76283
0.796569
0.879952
0.934802
0.95221
0.958492
0.965807
0.966111
0.935772
0.890054
0.857591
0.840504
0.8305
0.818971
0.807618
0.806805
0.822488
0.891958
0.962718
0.989918
0.99818
1.00618
1.01621
1.01018
0.967923
0.920135
0.893312
0.882354
0.874762
0.862299
0.858309
0.867364
0.921479
0.989539
1.02305
1.03885
1.05454
1.0665
1.0628
1.02407
0.973792
0.941974
0.92621
0.918015
0.910796
0.910502
0.936614
0.999945
1.04363
1.06483
1.08147
1.09855
1.10383
1.08956
1.04627
1.00022
0.972727
0.959383
0.950435
0.94501
0.958788
1.01161
1.05499
1.07626
1.09449
1.11443
1.12276
1.12129
1.09697
1.04221
0.9986
0.97714
0.963185
0.954356
0.967488
1.02068
1.06544
1.08914
1.10521
1.11513
1.11604
1.10988
1.08502
1.03173
0.978751
0.944485
0.92755
0.917165
0.922633
1.06482
4.14883
27.1238
0.91593
0.84893
0.80819
0.785037
0.770336
0.759517
0.754682
0.754958
0.75839
0.782844
0.861109
0.927824
0.964143
0.983875
0.990326
0.989207
0.961911
0.909565
0.867232
0.836944
0.8143
0.803533
0.802199
0.805272
0.817297
0.87849
0.951678
0.992317
1.01993
1.0335
1.03736
1.02955
0.985189
0.931073
0.892267
0.865484
0.852724
0.849685
0.851796
0.860068
0.908095
0.98284
1.03632
1.06648
1.07692
1.08003
1.07351
1.03375
0.98257
0.94545
0.918102
0.900875
0.896734
0.899609
0.923832
0.989739
1.05111
1.09183
1.10937
1.11399
1.11421
1.09912
1.05464
1.00593
0.967797
0.941251
0.930858
0.930895
0.944355
0.997683
1.05785
1.10256
1.12538
1.13127
1.13158
1.12767
1.10168
1.04501
0.989861
0.952864
0.938758
0.936835
0.950723
1.01272
1.07999
1.11399
1.12161
1.11915
1.11453
1.10919
1.08472
1.03003
0.97178
0.930499
0.901009
0.870546
1.00725
4.23053
27.1296
0.941276
0.928166
0.876077
0.828307
0.794872
0.774334
0.763077
0.75936
0.760484
0.763376
0.776843
0.842329
0.929848
0.97218
0.984352
0.989018
0.98998
0.976186
0.933187
0.880679
0.840505
0.818518
0.810093
0.809359
0.811983
0.819272
0.864555
0.952775
1.00969
1.02787
1.03447
1.03775
1.03423
1.00216
0.945287
0.895571
0.867863
0.857092
0.855544
0.857754
0.863373
0.901273
0.987895
1.04797
1.06774
1.07486
1.07819
1.07452
1.04564
0.99142
0.940994
0.911956
0.902141
0.901412
0.904032
0.920629
0.989348
1.06617
1.09816
1.10753
1.11158
1.11228
1.10382
1.06568
1.00485
0.958214
0.938517
0.933982
0.934678
0.94276
0.995159
1.07478
1.11478
1.12562
1.12839
1.12887
1.1268
1.10469
1.03956
0.976924
0.94876
0.940955
0.939951
0.955138
1.02839
1.09281
1.11122
1.11366
1.11163
1.10959
1.10385
1.07867
1.03027
0.975637
0.926908
0.874529
0.960905
4.22627
27.0741
)
;

boundaryField
{
    back
    {
        type            empty;
    }
    outlet
    {
        type            zeroGradient;
    }
    top
    {
        type            zeroGradient;
    }
    inlet
    {
        type            fixedValue;
        value           uniform 1;
    }
    bottom
    {
        type            zeroGradient;
    }
    front
    {
        type            empty;
    }
}


// ************************************************************************* //
