/*--------------------------------*- C++ -*----------------------------------*\
  =========                 |
  \\      /  F ield         | OpenFOAM: The Open Source CFD Toolbox
   \\    /   O peration     | Website:  https://openfoam.org
    \\  /    A nd           | Version:  12
     \\/     M anipulation  |
\*---------------------------------------------------------------------------*/
FoamFile
{
    format      ascii;
    class       volScalarField;
    location    "14.1";
    object      rho;
}
// * * * * * * * * * * * * * * * * * * * * * * * * * * * * * * * * * * * * * //

dimensions      [1 -3 0 0 0 0 0];

internalField   nonuniform List<scalar> 
9801
(
1.04917
1.05003
1.05135
1.05425
1.05767
1.064
1.07644
1.089
1.09568
1.09929
1.10222
1.10403
1.10486
1.10611
1.10853
1.11169
1.11606
1.12548
1.14053
1.15099
1.15627
1.15965
1.16198
1.16286
1.16367
1.16564
1.16877
1.17263
1.17948
1.19443
1.20867
1.21599
1.22021
1.22305
1.22358
1.22384
1.22542
1.2284
1.23223
1.238
1.2516
1.27044
1.28116
1.28679
1.29007
1.28973
1.28856
1.28943
1.29239
1.29652
1.30199
1.3147
1.33829
1.35393
1.36104
1.36511
1.36345
1.35949
1.35983
1.3634
1.36881
1.37528
1.38966
1.4173
1.43692
1.44652
1.45327
1.45116
1.44163
1.43952
1.44382
1.45141
1.46118
1.48389
1.51934
1.54283
1.55571
1.56389
1.55874
1.54359
1.53848
1.54522
1.55768
1.58054
1.63209
1.675
1.69808
1.71568
1.72787
1.71646
1.69256
1.68962
1.71521
1.76487
1.86375
1.96822
2.05922
3.05129
9.12234
1.05379
1.05428
1.05642
1.0599
1.06356
1.07022
1.08349
1.09423
1.10057
1.10499
1.10861
1.10967
1.10841
1.10992
1.11323
1.11703
1.1214
1.1311
1.14581
1.15536
1.16105
1.1653
1.16801
1.16594
1.16564
1.16865
1.17279
1.17715
1.18352
1.19845
1.21288
1.22053
1.22548
1.22926
1.22728
1.22429
1.22657
1.23087
1.23567
1.24126
1.25389
1.27324
1.28475
1.29104
1.29565
1.29493
1.28866
1.28902
1.29336
1.29863
1.30441
1.31601
1.33889
1.35533
1.36361
1.36933
1.36986
1.36052
1.35834
1.36282
1.36919
1.37588
1.38963
1.41755
1.43741
1.44769
1.45506
1.45593
1.44342
1.43801
1.44267
1.45116
1.46111
1.48361
1.51912
1.54128
1.55376
1.56355
1.56487
1.54499
1.53568
1.54356
1.55724
1.57854
1.62177
1.66199
1.68717
1.70759
1.72623
1.72166
1.69497
1.68877
1.71056
1.74887
1.81764
1.89693
1.95724
2.91671
9.14508
1.05289
1.05349
1.05544
1.05886
1.06259
1.06908
1.08232
1.09297
1.09914
1.10367
1.10746
1.10904
1.10769
1.10881
1.11196
1.11581
1.12018
1.12966
1.14439
1.15389
1.15958
1.164
1.16708
1.16531
1.16451
1.16722
1.17123
1.17562
1.18165
1.19619
1.21083
1.2187
1.22387
1.22794
1.22661
1.22331
1.22519
1.22931
1.23408
1.23938
1.25096
1.27017
1.28202
1.28857
1.29351
1.29374
1.28759
1.28736
1.29139
1.29661
1.30232
1.31248
1.33424
1.35102
1.35974
1.36589
1.36824
1.3598
1.35554
1.35882
1.36508
1.37197
1.38441
1.41062
1.43096
1.44178
1.44955
1.45332
1.44303
1.43421
1.43663
1.4444
1.4538
1.47304
1.50644
1.53007
1.54425
1.55553
1.56163
1.54425
1.5288
1.53354
1.54661
1.5629
1.59687
1.64322
1.6759
1.69724
1.71582
1.71686
1.6919
1.68004
1.69267
1.72569
1.77844
1.84681
1.88623
2.85216
9.0293
1.05243
1.05284
1.05413
1.05723
1.0611
1.06801
1.0813
1.09188
1.09797
1.10243
1.10625
1.10843
1.10679
1.10697
1.10963
1.11345
1.11825
1.12816
1.14267
1.15203
1.15764
1.16206
1.16553
1.16414
1.16205
1.1639
1.16757
1.17215
1.17864
1.19307
1.20789
1.216
1.22131
1.22567
1.22546
1.22075
1.22097
1.22429
1.22898
1.23459
1.24596
1.26516
1.2777
1.28457
1.28983
1.29187
1.28541
1.28244
1.28499
1.28966
1.29552
1.30541
1.32677
1.34456
1.35379
1.36021
1.36453
1.35762
1.3493
1.35069
1.35616
1.36299
1.37437
1.39927
1.4216
1.43355
1.44166
1.4477
1.44096
1.42649
1.42542
1.43238
1.44152
1.45675
1.48886
1.51651
1.53177
1.54274
1.55136
1.54268
1.52175
1.51771
1.52864
1.5432
1.56697
1.61021
1.6471
1.67062
1.68997
1.70205
1.68662
1.66727
1.6666
1.68911
1.72525
1.78126
1.81182
2.82985
8.94648
1.05072
1.05101
1.05176
1.05452
1.05817
1.06526
1.07888
1.08937
1.09531
1.09962
1.10329
1.10578
1.10448
1.10402
1.10632
1.1098
1.11439
1.12459
1.1392
1.14842
1.15387
1.15817
1.16173
1.16124
1.15853
1.15978
1.16304
1.16717
1.17329
1.18756
1.2028
1.21112
1.21638
1.22075
1.22202
1.21716
1.21615
1.21902
1.2232
1.22817
1.23845
1.25751
1.27089
1.27802
1.28329
1.28676
1.28165
1.27612
1.27778
1.28227
1.28787
1.29687
1.31708
1.33541
1.34514
1.35164
1.35675
1.35357
1.34293
1.34157
1.34641
1.35297
1.36271
1.38497
1.40887
1.42208
1.43056
1.43759
1.43787
1.42262
1.41459
1.41911
1.42766
1.43924
1.46597
1.49854
1.51735
1.52902
1.53934
1.54205
1.52147
1.50649
1.50992
1.52325
1.54112
1.57597
1.61859
1.64908
1.67097
1.69013
1.69042
1.66974
1.65841
1.66262
1.6851
1.72791
1.7566
2.81807
8.91025
1.04883
1.04913
1.0496
1.05224
1.05559
1.06196
1.07578
1.08668
1.09259
1.09673
1.10022
1.10292
1.10217
1.1013
1.1033
1.10654
1.11052
1.11975
1.135
1.14478
1.15027
1.1544
1.15793
1.15846
1.15537
1.15582
1.15876
1.16257
1.16766
1.18088
1.19717
1.20625
1.21167
1.21599
1.21848
1.21434
1.2113
1.21327
1.21716
1.22186
1.23068
1.24932
1.26392
1.27179
1.27728
1.2817
1.27978
1.27172
1.27077
1.27465
1.28012
1.28815
1.30687
1.3264
1.33713
1.34409
1.34984
1.35187
1.34194
1.3347
1.33707
1.34306
1.35136
1.37016
1.39682
1.41302
1.4223
1.42977
1.43536
1.42496
1.41004
1.40874
1.41593
1.42574
1.44461
1.47991
1.50709
1.52169
1.53235
1.5402
1.52868
1.50627
1.50065
1.50945
1.52358
1.54705
1.58739
1.62437
1.65084
1.6728
1.68912
1.68199
1.66305
1.6549
1.66134
1.68547
1.71307
2.81438
8.90738
1.0469
1.04728
1.04769
1.05035
1.05365
1.05942
1.07261
1.08373
1.08983
1.09415
1.0978
1.10093
1.1007
1.09902
1.10051
1.10363
1.10744
1.11553
1.13061
1.14111
1.14698
1.15131
1.15512
1.15695
1.15328
1.15209
1.15456
1.15848
1.16361
1.17581
1.19215
1.20191
1.20774
1.21229
1.2161
1.21428
1.20819
1.20809
1.21162
1.21657
1.2252
1.24311
1.25837
1.26672
1.27253
1.27754
1.2797
1.27193
1.2666
1.26871
1.27367
1.28055
1.2972
1.31907
1.33177
1.33919
1.34523
1.35019
1.34464
1.3331
1.33123
1.33599
1.3431
1.35646
1.38448
1.40692
1.41814
1.42578
1.43261
1.4296
1.41181
1.40458
1.40884
1.41753
1.42937
1.45779
1.49391
1.51538
1.5279
1.53834
1.54109
1.52055
1.50322
1.50253
1.51299
1.52848
1.55842
1.5985
1.63093
1.65568
1.67728
1.6877
1.67813
1.66066
1.6498
1.6577
1.67265
2.80215
8.92043
1.04612
1.04634
1.04635
1.04886
1.05214
1.0579
1.0709
1.08206
1.08824
1.09269
1.09653
1.09998
1.1006
1.09792
1.09856
1.1014
1.10518
1.11288
1.12791
1.13896
1.14502
1.14956
1.15357
1.15659
1.15381
1.15026
1.15173
1.15529
1.16027
1.17203
1.18885
1.19925
1.20532
1.21017
1.21455
1.21586
1.20892
1.20585
1.20841
1.21281
1.22016
1.2375
1.25472
1.264
1.27009
1.27536
1.27968
1.27535
1.26647
1.26572
1.26972
1.27536
1.28773
1.31194
1.32924
1.33787
1.34403
1.34964
1.34929
1.33601
1.32974
1.33232
1.33867
1.34714
1.36954
1.39959
1.41619
1.42498
1.43222
1.4356
1.42204
1.40716
1.40551
1.41209
1.42116
1.43706
1.47286
1.50565
1.52395
1.5362
1.54654
1.54312
1.51787
1.50446
1.50782
1.51971
1.53757
1.57091
1.60729
1.6356
1.65865
1.67903
1.68412
1.67468
1.65611
1.64229
1.63216
2.77961
8.94392
1.04654
1.04686
1.046
1.04816
1.05128
1.05633
1.06915
1.08166
1.08835
1.09283
1.09662
1.10005
1.10137
1.09824
1.0978
1.1003
1.1039
1.11036
1.12547
1.13828
1.145
1.14962
1.15358
1.157
1.15567
1.1508
1.15096
1.15406
1.15831
1.16779
1.18578
1.19822
1.20496
1.21
1.21443
1.21729
1.21193
1.20647
1.20749
1.2114
1.21675
1.23087
1.25174
1.26384
1.2705
1.27573
1.28045
1.27977
1.26934
1.2654
1.26795
1.27317
1.28093
1.30255
1.3266
1.3384
1.34493
1.35052
1.35364
1.34357
1.33198
1.33142
1.33659
1.34331
1.35554
1.38588
1.41226
1.42496
1.43304
1.43994
1.43743
1.41804
1.40708
1.40827
1.41582
1.42579
1.44896
1.48849
1.51731
1.53361
1.54546
1.55352
1.54342
1.51961
1.51012
1.51521
1.52724
1.54752
1.58255
1.61566
1.64074
1.66072
1.67692
1.67811
1.66699
1.64452
1.60826
2.7438
8.97363
1.04793
1.0487
1.04694
1.04877
1.05179
1.05596
1.0673
1.08181
1.08958
1.09414
1.09787
1.10126
1.10316
1.10008
1.09855
1.10058
1.104
1.10899
1.12259
1.13805
1.14607
1.15093
1.15497
1.15862
1.15899
1.15333
1.15191
1.15433
1.15821
1.16465
1.18175
1.198
1.20609
1.2112
1.21565
1.21946
1.21675
1.20903
1.20815
1.2113
1.216
1.22512
1.24694
1.26411
1.2721
1.27737
1.28208
1.28417
1.27522
1.26735
1.26826
1.27281
1.27859
1.29198
1.31954
1.33803
1.34636
1.35221
1.35749
1.35448
1.33964
1.3333
1.33529
1.34107
1.34855
1.36853
1.40281
1.42424
1.43486
1.44267
1.44863
1.43698
1.41529
1.40899
1.41324
1.42198
1.43306
1.46153
1.50067
1.52569
1.54068
1.55264
1.55971
1.5473
1.52368
1.51575
1.52191
1.5345
1.5574
1.59228
1.62171
1.64366
1.66146
1.67135
1.66981
1.65234
1.61003
2.69896
9.00426
1.05005
1.05167
1.04917
1.05051
1.05333
1.0569
1.06583
1.08157
1.09116
1.09617
1.09998
1.10339
1.10587
1.10341
1.10057
1.10192
1.10501
1.10904
1.11956
1.13724
1.14762
1.15303
1.15716
1.16092
1.16294
1.15791
1.15417
1.1557
1.15913
1.16379
1.17679
1.1967
1.20754
1.21324
1.21769
1.22179
1.22208
1.21374
1.21015
1.21236
1.21656
1.22239
1.23933
1.26215
1.27356
1.27949
1.28427
1.28826
1.28378
1.27265
1.27027
1.27324
1.27835
1.28553
1.30725
1.33441
1.34766
1.35458
1.36043
1.36368
1.35258
1.33781
1.3353
1.33943
1.34619
1.3562
1.38499
1.41789
1.43453
1.44333
1.45046
1.45401
1.43764
1.41831
1.41456
1.41876
1.42689
1.44029
1.47405
1.51177
1.53476
1.54914
1.5607
1.5642
1.5494
1.52805
1.52148
1.52777
1.54047
1.56607
1.60083
1.62749
1.6458
1.65861
1.66394
1.65747
1.62404
2.66536
9.03298
1.0527
1.05541
1.05238
1.05306
1.05562
1.05885
1.06504
1.08044
1.09262
1.09856
1.10258
1.10607
1.10903
1.10784
1.10367
1.10402
1.10677
1.11036
1.11727
1.13478
1.14885
1.15549
1.15982
1.16362
1.1667
1.16384
1.1578
1.15786
1.1608
1.16475
1.17274
1.19275
1.20836
1.21551
1.22021
1.22441
1.22708
1.22083
1.2138
1.21431
1.21773
1.22234
1.2319
1.25575
1.27383
1.28171
1.28692
1.29171
1.29288
1.2817
1.27355
1.27408
1.27807
1.28367
1.29521
1.32415
1.3469
1.35702
1.36349
1.36916
1.36775
1.35001
1.33929
1.33991
1.34505
1.35179
1.36506
1.39967
1.4292
1.44319
1.45207
1.46014
1.46074
1.43838
1.42015
1.41844
1.42465
1.43386
1.44922
1.48485
1.51968
1.54042
1.55433
1.56558
1.56863
1.55292
1.53171
1.52557
1.53163
1.54463
1.57293
1.60712
1.63053
1.64516
1.65343
1.65498
1.63906
2.65028
9.05691
1.05578
1.05958
1.05642
1.05602
1.05816
1.06119
1.06544
1.07829
1.09351
1.10106
1.10543
1.10903
1.11227
1.11285
1.108
1.10667
1.10895
1.11236
1.11694
1.13078
1.1487
1.15756
1.16248
1.16643
1.17002
1.1701
1.1631
1.16062
1.16285
1.16644
1.1713
1.18635
1.20718
1.21745
1.22292
1.22728
1.23119
1.22937
1.21974
1.21669
1.21885
1.22287
1.2284
1.24547
1.27075
1.28354
1.28986
1.29477
1.2989
1.29368
1.27987
1.27577
1.27835
1.28333
1.28964
1.3082
1.33946
1.35693
1.36485
1.37091
1.37615
1.37007
1.35078
1.34265
1.34365
1.34879
1.3562
1.37557
1.41446
1.44099
1.45303
1.46074
1.467
1.46425
1.44168
1.42623
1.42547
1.43092
1.43958
1.4575
1.49475
1.52716
1.54653
1.55989
1.57016
1.57119
1.55507
1.53418
1.5278
1.53315
1.54654
1.57743
1.61077
1.63073
1.64132
1.64524
1.64784
2.65716
9.07823
1.05915
1.06376
1.06105
1.05916
1.06065
1.06348
1.06696
1.07601
1.09304
1.1032
1.10829
1.11204
1.11542
1.11762
1.1137
1.11004
1.11138
1.11449
1.11822
1.1269
1.14614
1.159
1.16503
1.16924
1.17302
1.17546
1.17012
1.16431
1.1649
1.16792
1.17192
1.18057
1.20234
1.2185
1.22559
1.23026
1.23447
1.23675
1.22839
1.22013
1.22027
1.22355
1.22814
1.23687
1.26154
1.28306
1.29233
1.29788
1.30268
1.30463
1.29237
1.28082
1.27982
1.2829
1.28812
1.29633
1.3227
1.35242
1.36649
1.37401
1.38029
1.38412
1.37038
1.3504
1.34522
1.34861
1.35489
1.36244
1.38519
1.42446
1.44771
1.45893
1.46769
1.47533
1.47028
1.44519
1.43008
1.43008
1.43676
1.44642
1.46667
1.50352
1.53286
1.55074
1.56387
1.57352
1.57399
1.55649
1.53469
1.52778
1.5323
1.54591
1.57868
1.61041
1.62742
1.63325
1.64721
2.68592
9.10048
1.06253
1.06759
1.06609
1.06264
1.06318
1.06573
1.06895
1.07469
1.09062
1.10452
1.11095
1.11503
1.11855
1.12165
1.12028
1.11458
1.11407
1.11657
1.11999
1.12513
1.14114
1.15902
1.1672
1.17194
1.17586
1.17936
1.17783
1.16949
1.16716
1.16944
1.17313
1.17821
1.19428
1.21685
1.22767
1.23313
1.23742
1.24132
1.23867
1.22672
1.22263
1.22474
1.22872
1.23383
1.24837
1.27663
1.29312
1.30032
1.30562
1.31034
1.30799
1.29153
1.28246
1.28305
1.28715
1.29288
1.30544
1.33815
1.36414
1.37501
1.38107
1.38644
1.38903
1.37286
1.35492
1.351
1.35295
1.35835
1.36719
1.39539
1.43552
1.45784
1.46831
1.4759
1.48102
1.47355
1.45017
1.43655
1.43667
1.44267
1.4522
1.47539
1.51218
1.53893
1.55511
1.5673
1.57596
1.57582
1.55716
1.53389
1.52595
1.5295
1.54331
1.57743
1.6071
1.61979
1.63777
2.72915
9.1256
1.06569
1.07105
1.07124
1.06707
1.06598
1.06799
1.07099
1.07488
1.08683
1.10433
1.11324
1.11795
1.12165
1.12503
1.12641
1.12065
1.11716
1.11868
1.12181
1.12567
1.13578
1.15629
1.16881
1.17456
1.17864
1.18238
1.18429
1.17699
1.17058
1.17138
1.1746
1.17861
1.18686
1.2098
1.22813
1.23573
1.24035
1.24453
1.24701
1.23782
1.22741
1.22638
1.22902
1.23342
1.24016
1.26252
1.28981
1.30244
1.309
1.31423
1.31819
1.30899
1.29109
1.2857
1.28799
1.29271
1.29854
1.31479
1.34974
1.37226
1.38238
1.38955
1.39599
1.39552
1.374
1.35637
1.354
1.35862
1.3653
1.37419
1.40333
1.44205
1.46234
1.47269
1.48125
1.48803
1.48023
1.45538
1.44119
1.44127
1.44803
1.45849
1.48408
1.51954
1.54378
1.55901
1.5708
1.57909
1.57824
1.55706
1.53173
1.52254
1.52501
1.53913
1.57416
1.59893
1.62238
2.77924
9.15221
1.06864
1.07432
1.07608
1.07269
1.06922
1.0703
1.07301
1.07636
1.08368
1.10173
1.11483
1.12072
1.1246
1.12803
1.13091
1.12796
1.12144
1.12116
1.12383
1.12731
1.1327
1.14998
1.16861
1.17678
1.18141
1.1853
1.18879
1.18623
1.17655
1.17404
1.17624
1.17973
1.18429
1.19883
1.22413
1.23734
1.24334
1.2477
1.25183
1.25033
1.23638
1.22893
1.23006
1.23378
1.23869
1.24886
1.27735
1.30055
1.30996
1.31541
1.32031
1.32359
1.31093
1.29436
1.2905
1.29208
1.29645
1.30325
1.32568
1.36236
1.38254
1.39101
1.39631
1.40169
1.4004
1.37907
1.36343
1.36118
1.36357
1.36904
1.37923
1.41179
1.45029
1.47053
1.48071
1.48846
1.49295
1.48432
1.46115
1.44698
1.4462
1.4519
1.46257
1.49126
1.52675
1.54959
1.5636
1.57429
1.58149
1.57964
1.55667
1.52865
1.51751
1.51865
1.53429
1.56667
1.59828
2.82728
9.17585
1.07141
1.07744
1.07996
1.0789
1.07344
1.07289
1.07526
1.07845
1.08287
1.09679
1.11459
1.12292
1.12736
1.13095
1.1343
1.135
1.12789
1.12432
1.12591
1.12897
1.13273
1.14274
1.16471
1.17839
1.18435
1.1884
1.19216
1.19414
1.18585
1.17793
1.17798
1.18088
1.18476
1.19142
1.21324
1.23611
1.24596
1.25138
1.2555
1.25872
1.25083
1.23638
1.23289
1.23512
1.23895
1.24405
1.25843
1.28974
1.30944
1.31794
1.32385
1.32924
1.32943
1.31139
1.29574
1.29368
1.29733
1.30261
1.30934
1.33392
1.36969
1.38785
1.3972
1.40476
1.4109
1.40659
1.38233
1.36597
1.36434
1.36925
1.37613
1.3865
1.41858
1.45523
1.4742
1.48454
1.49319
1.49905
1.49072
1.46561
1.44998
1.44894
1.45504
1.46694
1.49746
1.53217
1.55365
1.56709
1.57747
1.58353
1.57995
1.55575
1.52493
1.51071
1.5112
1.5261
1.56595
2.85882
9.19426
1.07384
1.08033
1.08309
1.08463
1.0795
1.0763
1.07782
1.0807
1.08401
1.09189
1.11107
1.12429
1.13009
1.13393
1.1374
1.14021
1.13618
1.12871
1.12812
1.13068
1.13417
1.13923
1.15625
1.17745
1.18678
1.1915
1.19532
1.19888
1.19664
1.18494
1.18064
1.18259
1.18611
1.19026
1.20056
1.22714
1.24578
1.25323
1.25819
1.2626
1.2645
1.25205
1.23896
1.23698
1.23928
1.24337
1.24937
1.2699
1.30198
1.31851
1.32552
1.33007
1.33506
1.33437
1.31516
1.30132
1.2994
1.30134
1.30605
1.31431
1.34396
1.38061
1.39794
1.40562
1.41077
1.41592
1.41203
1.38918
1.37395
1.37186
1.37441
1.37989
1.39151
1.42655
1.46276
1.48102
1.49075
1.49857
1.50287
1.49467
1.4705
1.45424
1.45205
1.4568
1.4686
1.50133
1.53684
1.55784
1.57021
1.57914
1.58375
1.57908
1.55456
1.52124
1.50287
1.49885
1.52695
2.86161
9.21222
1.07583
1.08327
1.08624
1.0892
1.08701
1.08097
1.08051
1.08273
1.08581
1.09017
1.10458
1.12374
1.13249
1.13695
1.14042
1.14369
1.14412
1.13574
1.13122
1.13275
1.13599
1.13966
1.14771
1.17035
1.18752
1.19446
1.19853
1.20229
1.20487
1.19689
1.18627
1.18498
1.18727
1.19069
1.19547
1.21139
1.23941
1.25449
1.26145
1.26658
1.27099
1.26939
1.25222
1.2411
1.24112
1.24464
1.24913
1.25561
1.27972
1.31081
1.32526
1.3327
1.33876
1.3439
1.33923
1.31649
1.30302
1.30295
1.30762
1.31323
1.32113
1.3503
1.3852
1.40149
1.41049
1.41807
1.42393
1.4187
1.39422
1.37721
1.37482
1.37957
1.38659
1.39928
1.43383
1.46711
1.48399
1.49415
1.50284
1.5085
1.50019
1.47357
1.45566
1.45307
1.45792
1.47037
1.5037
1.53894
1.55949
1.57141
1.57947
1.5827
1.57716
1.55242
1.51794
1.49213
1.48887
2.83333
9.23462
1.07754
1.08647
1.08954
1.09274
1.09378
1.0873
1.08353
1.085
1.08794
1.09131
1.09886
1.11875
1.1335
1.13962
1.14342
1.14691
1.14989
1.14567
1.13669
1.13545
1.13777
1.141
1.14506
1.15855
1.18347
1.19641
1.20205
1.2059
1.20956
1.20935
1.19668
1.18821
1.18849
1.19162
1.19558
1.20177
1.22364
1.2505
1.26249
1.26818
1.2726
1.27702
1.27346
1.25542
1.24645
1.24645
1.24892
1.25339
1.26185
1.29094
1.32118
1.33423
1.34028
1.3443
1.34925
1.34446
1.32253
1.31093
1.30996
1.31189
1.31649
1.32578
1.35847
1.39445
1.41074
1.41812
1.42338
1.42845
1.42459
1.40184
1.38523
1.38229
1.38486
1.3903
1.40395
1.4411
1.47436
1.49047
1.49932
1.50687
1.51198
1.50466
1.4783
1.45907
1.4552
1.45871
1.46959
1.50321
1.53956
1.56046
1.57167
1.57818
1.58018
1.5738
1.54962
1.50815
1.47424
2.77315
9.26173
1.0785
1.08975
1.09274
1.09587
1.09847
1.09533
1.08834
1.08781
1.09018
1.09325
1.09706
1.10997
1.13135
1.14192
1.14686
1.15043
1.15385
1.15489
1.1457
1.13898
1.13953
1.14238
1.14596
1.15162
1.17155
1.19495
1.20491
1.20973
1.21329
1.21668
1.21173
1.19691
1.19171
1.19343
1.19674
1.20081
1.20855
1.23465
1.25944
1.26989
1.27583
1.281
1.28487
1.27648
1.2566
1.2489
1.25076
1.255
1.25965
1.26829
1.29845
1.32703
1.33923
1.34667
1.35282
1.35755
1.34994
1.3262
1.31328
1.31315
1.31777
1.32357
1.33232
1.3633
1.39752
1.41326
1.42214
1.4297
1.43557
1.43177
1.40846
1.38936
1.38492
1.38876
1.39559
1.41067
1.44699
1.4774
1.49259
1.50304
1.51225
1.51794
1.50971
1.48111
1.45981
1.45479
1.45831
1.4687
1.50181
1.53877
1.55989
1.57036
1.57554
1.57605
1.56993
1.54017
1.48944
2.70378
9.29552
1.0771
1.09188
1.0956
1.09906
1.10221
1.10321
1.09591
1.09127
1.09227
1.09488
1.09815
1.1041
1.12348
1.14232
1.14988
1.15385
1.15725
1.16043
1.15708
1.14557
1.14222
1.14433
1.14777
1.15143
1.15932
1.18401
1.20428
1.21229
1.21699
1.22078
1.22331
1.21394
1.19966
1.19625
1.19793
1.20114
1.20558
1.21647
1.24608
1.26859
1.27759
1.28239
1.28634
1.29025
1.28093
1.26198
1.25576
1.25632
1.25885
1.2635
1.27453
1.30807
1.33657
1.34812
1.35365
1.35767
1.3625
1.35654
1.33403
1.32182
1.32047
1.32212
1.32645
1.33613
1.36984
1.40569
1.42178
1.42914
1.43464
1.44011
1.43839
1.41645
1.39632
1.39107
1.3929
1.39802
1.41312
1.45207
1.48499
1.50059
1.50875
1.51567
1.52073
1.51399
1.486
1.46263
1.45574
1.4578
1.46639
1.49886
1.53701
1.55837
1.56777
1.57117
1.5717
1.56106
1.52847
2.65941
9.33149
1.07289
1.09339
1.09892
1.10252
1.10562
1.10837
1.10522
1.09651
1.09486
1.09711
1.10034
1.10392
1.1136
1.13659
1.1511
1.15704
1.16066
1.16411
1.1662
1.15756
1.1477
1.147
1.14932
1.15239
1.15632
1.16819
1.19568
1.21289
1.22014
1.22493
1.22889
1.22981
1.21559
1.20172
1.20004
1.20318
1.20704
1.21139
1.22386
1.25483
1.2754
1.28392
1.28977
1.29497
1.29771
1.28438
1.26437
1.2583
1.26068
1.26529
1.27004
1.28048
1.31311
1.34023
1.35185
1.35955
1.36585
1.37047
1.36349
1.33976
1.32473
1.323
1.32722
1.33314
1.34273
1.3744
1.40809
1.42384
1.43306
1.44089
1.44688
1.44498
1.42262
1.40021
1.39306
1.39552
1.40186
1.41775
1.45547
1.48643
1.50135
1.5114
1.52032
1.52615
1.51951
1.48985
1.4636
1.45473
1.45594
1.46339
1.49525
1.53416
1.5555
1.56346
1.56651
1.56292
1.56067
2.65695
9.36566
1.06711
1.09132
1.10105
1.10555
1.10872
1.11183
1.1134
1.10586
1.09931
1.09989
1.1025
1.10557
1.10959
1.12429
1.14811
1.1594
1.16442
1.16788
1.17123
1.17042
1.15775
1.15019
1.15078
1.15383
1.1574
1.162
1.17839
1.20626
1.22054
1.22661
1.23102
1.23505
1.23501
1.21945
1.20742
1.20632
1.20812
1.21151
1.21633
1.23227
1.26472
1.28408
1.2918
1.296
1.3
1.30332
1.29065
1.2716
1.26607
1.26649
1.26871
1.27333
1.28565
1.32102
1.34932
1.36063
1.36611
1.37025
1.37541
1.37124
1.3485
1.33321
1.33062
1.33209
1.33615
1.34575
1.37978
1.41584
1.43205
1.43939
1.44482
1.4507
1.45144
1.43061
1.40656
1.39831
1.39883
1.40309
1.41702
1.45639
1.49227
1.50957
1.51762
1.52407
1.52824
1.52247
1.49414
1.46538
1.45405
1.45382
1.45974
1.49079
1.53035
1.55106
1.55875
1.55674
1.57479
2.68662
9.39512
1.06348
1.08277
1.10087
1.10829
1.11221
1.11546
1.11858
1.11711
1.10696
1.10306
1.10443
1.10721
1.11052
1.11633
1.13627
1.15829
1.16743
1.17175
1.17492
1.17801
1.17296
1.1587
1.15416
1.15598
1.15918
1.16263
1.16774
1.18775
1.21499
1.22765
1.23378
1.23867
1.24292
1.24031
1.22168
1.21005
1.21003
1.21363
1.21763
1.2222
1.23886
1.27112
1.28919
1.29721
1.30339
1.30857
1.31067
1.29577
1.27517
1.2683
1.2704
1.27495
1.27994
1.29106
1.32452
1.35173
1.36357
1.37154
1.37796
1.38283
1.37849
1.35575
1.33727
1.33296
1.3364
1.3422
1.35231
1.38429
1.41755
1.43335
1.44312
1.45133
1.45728
1.45717
1.43623
1.4102
1.39956
1.40046
1.40606
1.41999
1.45734
1.49248
1.50944
1.51853
1.52589
1.53106
1.52706
1.49878
1.4665
1.45199
1.45043
1.45551
1.48618
1.52491
1.54535
1.54847
1.57443
2.7397
9.42329
1.06374
1.0732
1.09511
1.10992
1.11578
1.11914
1.12229
1.12478
1.11858
1.10853
1.10716
1.10951
1.11269
1.11602
1.12335
1.14692
1.16687
1.17479
1.17913
1.1826
1.18478
1.17522
1.16192
1.15912
1.16078
1.16363
1.1674
1.17404
1.1977
1.22372
1.23491
1.2402
1.24398
1.248
1.2453
1.22711
1.21703
1.21653
1.21815
1.22156
1.22682
1.24651
1.28
1.29796
1.30509
1.30901
1.31312
1.31649
1.30365
1.28327
1.2765
1.27643
1.27823
1.28261
1.29499
1.33119
1.36057
1.37224
1.37776
1.38188
1.38721
1.38625
1.36501
1.34551
1.34048
1.3415
1.34521
1.3544
1.38798
1.42478
1.44185
1.4494
1.45454
1.46045
1.46321
1.44474
1.41724
1.40522
1.40408
1.40703
1.41734
1.45409
1.49342
1.51348
1.52272
1.52886
1.53298
1.53002
1.50283
1.46713
1.44931
1.44647
1.4509
1.48067
1.51829
1.53366
1.56539
2.80186
9.44959
1.06581
1.07098
1.08397
1.10668
1.11777
1.12265
1.12588
1.12909
1.12992
1.11973
1.11213
1.11232
1.11441
1.11717
1.12081
1.13105
1.15749
1.17538
1.18265
1.18688
1.19025
1.19107
1.17768
1.16449
1.16286
1.16583
1.16944
1.17303
1.18017
1.20589
1.23073
1.24101
1.2468
1.25183
1.25596
1.25042
1.23023
1.21953
1.22001
1.22366
1.22782
1.23268
1.25183
1.28447
1.30168
1.30975
1.31614
1.3213
1.32378
1.31039
1.28816
1.27868
1.27961
1.28403
1.28937
1.30069
1.33415
1.36206
1.37433
1.38239
1.38898
1.39418
1.39315
1.37277
1.35055
1.34287
1.345
1.35032
1.36002
1.39109
1.42526
1.44212
1.45256
1.46138
1.46759
1.46949
1.45088
1.42102
1.40566
1.4039
1.40832
1.41902
1.4536
1.49315
1.51404
1.52353
1.5297
1.5338
1.53196
1.5067
1.46816
1.44624
1.44183
1.44535
1.47549
1.50604
1.54552
2.86268
9.47056
1.06824
1.07239
1.07725
1.09521
1.11665
1.12562
1.12991
1.13313
1.13617
1.13359
1.1207
1.11494
1.11607
1.11905
1.12235
1.12652
1.13998
1.1671
1.18265
1.18917
1.19362
1.19722
1.19676
1.18212
1.17055
1.1693
1.17084
1.17368
1.17774
1.18703
1.21507
1.23894
1.2487
1.25356
1.25688
1.26097
1.25656
1.2373
1.22748
1.22679
1.22804
1.23127
1.23676
1.25815
1.29257
1.3105
1.31749
1.32124
1.32526
1.32932
1.31937
1.29722
1.28739
1.28667
1.28809
1.29205
1.3034
1.33867
1.36981
1.38269
1.38856
1.39283
1.3983
1.40025
1.38228
1.35868
1.35
1.34971
1.3527
1.36037
1.39146
1.43117
1.4514
1.4598
1.46494
1.47045
1.47466
1.46007
1.42949
1.4123
1.40867
1.41059
1.41759
1.44938
1.4906
1.51325
1.52351
1.53005
1.53434
1.53348
1.5103
1.4694
1.44292
1.43589
1.43995
1.46509
1.51524
2.9075
9.48652
1.07098
1.07444
1.07751
1.0846
1.10669
1.12587
1.13341
1.13704
1.13991
1.14246
1.13549
1.1222
1.1193
1.12144
1.12454
1.12769
1.13185
1.14796
1.17555
1.18989
1.19624
1.20087
1.20485
1.20332
1.18591
1.17346
1.17277
1.17599
1.17979
1.18361
1.19285
1.2214
1.24438
1.25376
1.25982
1.26495
1.26891
1.26274
1.24189
1.23003
1.22974
1.23328
1.23771
1.24286
1.26244
1.29544
1.31289
1.32123
1.32788
1.33316
1.3367
1.32749
1.30429
1.29061
1.28925
1.29308
1.29837
1.30882
1.34075
1.37053
1.38418
1.39294
1.39998
1.40542
1.4069
1.38983
1.36398
1.35201
1.35212
1.35685
1.36506
1.39298
1.43046
1.4505
1.46152
1.47138
1.47816
1.48167
1.46719
1.43445
1.41283
1.40724
1.40979
1.41626
1.44509
1.48795
1.51316
1.5243
1.53039
1.53388
1.53297
1.51275
1.47141
1.43985
1.4296
1.4283
1.4766
2.92418
9.50144
1.07464
1.07715
1.07999
1.0833
1.09219
1.11635
1.13352
1.14039
1.14412
1.14728
1.14849
1.1372
1.12574
1.12429
1.12611
1.12888
1.13245
1.13772
1.15682
1.18376
1.19661
1.20221
1.20613
1.20957
1.20808
1.19182
1.18068
1.17963
1.18108
1.18388
1.18807
1.1991
1.22928
1.25247
1.2618
1.26638
1.26953
1.27373
1.27006
1.25031
1.23857
1.23709
1.23791
1.24071
1.24597
1.26683
1.30219
1.32157
1.32908
1.33316
1.3373
1.3421
1.33688
1.31401
1.29927
1.29664
1.29763
1.30103
1.31038
1.34339
1.37766
1.39284
1.39941
1.40368
1.40915
1.41304
1.39945
1.3726
1.35938
1.3573
1.35902
1.36455
1.38974
1.43294
1.45932
1.46999
1.47586
1.48056
1.48401
1.47274
1.44046
1.41661
1.40941
1.41036
1.41604
1.44217
1.48466
1.51125
1.52317
1.5294
1.53254
1.53123
1.51361
1.47346
1.43918
1.41763
1.43396
2.90099
9.51899
1.08043
1.08013
1.08208
1.08455
1.08808
1.09942
1.12546
1.14133
1.14781
1.15142
1.15447
1.15396
1.13976
1.12892
1.12845
1.13145
1.13496
1.13821
1.1433
1.16416
1.19066
1.20255
1.20822
1.21285
1.21692
1.21442
1.19619
1.18363
1.18291
1.18614
1.1901
1.19406
1.20411
1.2337
1.25643
1.26591
1.27223
1.27741
1.2815
1.27727
1.25668
1.24172
1.2393
1.24231
1.24678
1.25213
1.2704
1.30394
1.32329
1.33239
1.33953
1.34502
1.34923
1.34475
1.32209
1.30348
1.29884
1.30174
1.30681
1.3157
1.34509
1.3775
1.39346
1.40309
1.41108
1.41678
1.41994
1.40704
1.37851
1.36131
1.35854
1.36225
1.36875
1.39014
1.43091
1.4574
1.4692
1.47747
1.48428
1.48871
1.48024
1.44865
1.42142
1.41148
1.41114
1.41482
1.43683
1.48025
1.50947
1.52222
1.52777
1.52994
1.52804
1.5126
1.47586
1.43072
1.41298
2.83773
9.54185
1.08822
1.08215
1.08344
1.08638
1.08943
1.0936
1.10739
1.13344
1.14807
1.15455
1.15878
1.16215
1.15968
1.14412
1.13513
1.13498
1.13659
1.13918
1.14281
1.14931
1.17216
1.19785
1.20918
1.21437
1.21765
1.22131
1.22019
1.20342
1.1916
1.19023
1.19134
1.19389
1.19796
1.20925
1.24027
1.26436
1.27393
1.27848
1.28146
1.28582
1.28487
1.2662
1.2505
1.24707
1.24769
1.25
1.25476
1.2729
1.30923
1.33172
1.34043
1.34481
1.34879
1.35381
1.35304
1.33213
1.31207
1.3064
1.30661
1.30928
1.31646
1.34551
1.38371
1.4028
1.41052
1.41495
1.42009
1.42494
1.41667
1.38843
1.36942
1.36455
1.36452
1.36799
1.38489
1.4281
1.46212
1.47715
1.48407
1.48956
1.49364
1.48706
1.45557
1.42424
1.4111
1.40974
1.41317
1.43284
1.47563
1.50657
1.51996
1.52498
1.52637
1.52369
1.511
1.4697
1.42346
2.75409
9.57449
1.09973
1.08744
1.08608
1.08857
1.09144
1.09417
1.09825
1.1141
1.14132
1.15571
1.16205
1.16629
1.1695
1.16556
1.14826
1.13839
1.13855
1.14169
1.14515
1.14835
1.15432
1.17784
1.20329
1.21414
1.21991
1.22491
1.22908
1.22706
1.20886
1.19486
1.19305
1.19603
1.20008
1.20406
1.21358
1.24306
1.26684
1.27695
1.28365
1.28911
1.29348
1.29268
1.2744
1.25539
1.2495
1.25153
1.25588
1.26098
1.27587
1.30945
1.33217
1.3427
1.35043
1.35625
1.36085
1.36027
1.34045
1.31718
1.30852
1.30996
1.31469
1.3219
1.34679
1.38258
1.40206
1.41266
1.42169
1.42804
1.43231
1.42455
1.39533
1.37161
1.36432
1.36622
1.37152
1.38605
1.42574
1.46185
1.47888
1.48687
1.49173
1.49469
1.49035
1.4627
1.42903
1.4128
1.40964
1.41139
1.42726
1.47
1.50334
1.51725
1.52149
1.52164
1.51979
1.50291
1.46805
2.69217
9.61319
1.11196
1.09967
1.09097
1.09088
1.09243
1.09524
1.09884
1.1043
1.12276
1.14921
1.16214
1.16779
1.17182
1.1749
1.17104
1.15485
1.14585
1.14522
1.14626
1.14869
1.15248
1.16007
1.18527
1.21074
1.22171
1.22672
1.22978
1.23368
1.23365
1.21746
1.20351
1.20094
1.20151
1.20331
1.20715
1.21726
1.24806
1.27432
1.28511
1.29003
1.29321
1.29774
1.30005
1.28541
1.26522
1.2581
1.25756
1.25885
1.26301
1.27711
1.31321
1.34028
1.35098
1.35586
1.35962
1.36483
1.36743
1.35087
1.32644
1.31674
1.31556
1.31688
1.32193
1.34419
1.38537
1.41106
1.42116
1.4263
1.43054
1.43563
1.43295
1.40628
1.38044
1.37147
1.37025
1.37222
1.38182
1.41948
1.45981
1.47859
1.48654
1.49277
1.49734
1.49542
1.46949
1.43263
1.41236
1.40727
1.4084
1.42205
1.4644
1.4995
1.51378
1.5169
1.51755
1.51076
1.51123
2.67955
9.64955
1.11909
1.1169
1.10103
1.09392
1.09494
1.0981
1.10166
1.10513
1.11029
1.12937
1.15541
1.16793
1.17382
1.17819
1.18191
1.17833
1.16007
1.14858
1.14814
1.15116
1.1549
1.15854
1.16516
1.18968
1.21487
1.22577
1.23206
1.23743
1.24175
1.24138
1.22451
1.20756
1.20301
1.20515
1.20904
1.21315
1.22136
1.24939
1.27553
1.28728
1.29495
1.30112
1.30583
1.30789
1.29436
1.27118
1.26038
1.26058
1.26473
1.26978
1.28075
1.31252
1.33927
1.35182
1.36075
1.3676
1.37257
1.3745
1.35908
1.33227
1.31844
1.31737
1.32137
1.32728
1.34541
1.38315
1.40887
1.42116
1.43075
1.43813
1.44294
1.44038
1.41412
1.38427
1.37104
1.36987
1.37354
1.38244
1.41586
1.4587
1.48193
1.49089
1.49539
1.49824
1.49707
1.4754
1.43714
1.4127
1.4052
1.40514
1.41669
1.45868
1.49501
1.50887
1.5128
1.50738
1.53213
2.7077
9.68051
1.12224
1.12708
1.1199
1.10513
1.10054
1.10212
1.10438
1.10686
1.11013
1.11568
1.13557
1.16153
1.17387
1.17927
1.18279
1.18571
1.18344
1.16752
1.15683
1.15571
1.15683
1.15899
1.16259
1.16991
1.19519
1.22194
1.23381
1.23907
1.24216
1.24597
1.24789
1.23425
1.2167
1.21129
1.21118
1.21216
1.21551
1.22358
1.25244
1.28273
1.2963
1.30207
1.30546
1.30982
1.31393
1.30512
1.28207
1.27036
1.26824
1.26805
1.27096
1.28064
1.31403
1.34713
1.36146
1.36756
1.37118
1.37593
1.38014
1.36947
1.34263
1.32755
1.32423
1.32435
1.32756
1.34135
1.38099
1.41545
1.43017
1.43651
1.44035
1.445
1.44641
1.42518
1.39355
1.37787
1.37437
1.37578
1.38117
1.4109
1.45593
1.48095
1.49026
1.49533
1.49916
1.49981
1.48117
1.44096
1.41195
1.40207
1.40141
1.41169
1.45312
1.48897
1.50374
1.50168
1.53627
2.76418
9.70884
1.12227
1.12985
1.1326
1.12671
1.11197
1.10596
1.10691
1.1099
1.11264
1.11522
1.11999
1.14035
1.16669
1.17869
1.18427
1.18886
1.19281
1.19112
1.17442
1.16078
1.15857
1.16123
1.16489
1.16852
1.17442
1.1979
1.22477
1.23694
1.24379
1.24945
1.25389
1.25563
1.24282
1.22241
1.21332
1.21372
1.21723
1.22163
1.22846
1.2536
1.2833
1.29762
1.306
1.31327
1.31832
1.3219
1.31329
1.28776
1.2712
1.26866
1.27194
1.277
1.28605
1.31471
1.34609
1.36133
1.37063
1.37866
1.38411
1.38768
1.37843
1.35064
1.33014
1.32481
1.32737
1.33237
1.34343
1.37781
1.4121
1.42835
1.43833
1.44682
1.45223
1.45338
1.43356
1.39943
1.37933
1.37425
1.37607
1.38115
1.40634
1.45232
1.48111
1.49189
1.49625
1.4992
1.5001
1.48556
1.44541
1.41152
1.39884
1.39749
1.40719
1.44727
1.48217
1.49101
1.53123
2.83091
9.73501
1.11931
1.13399
1.13873
1.1421
1.1365
1.12076
1.1137
1.11293
1.1134
1.11566
1.11917
1.12529
1.14677
1.17292
1.1851
1.19052
1.19392
1.19749
1.19804
1.18356
1.16941
1.16634
1.16683
1.16839
1.17177
1.17808
1.2021
1.23135
1.24514
1.25084
1.25404
1.25763
1.26121
1.25307
1.23243
1.22223
1.22094
1.22147
1.22411
1.23009
1.25454
1.28895
1.30715
1.31452
1.3185
1.32155
1.32551
1.32057
1.29665
1.28062
1.2775
1.27758
1.27952
1.28571
1.31215
1.35022
1.37087
1.37911
1.38329
1.38723
1.39184
1.38795
1.36228
1.3398
1.33257
1.33136
1.33298
1.34023
1.37214
1.41489
1.43731
1.44571
1.45009
1.45377
1.4565
1.44283
1.40911
1.38507
1.37729
1.37734
1.38122
1.40221
1.44756
1.47834
1.48982
1.49507
1.49921
1.50114
1.48968
1.44955
1.41095
1.39536
1.39345
1.40252
1.44178
1.46753
1.51514
2.89808
9.75708
1.11097
1.13697
1.14347
1.14825
1.15136
1.14384
1.1245
1.11501
1.1154
1.11813
1.12122
1.12451
1.1297
1.15086
1.17746
1.18972
1.19598
1.20117
1.2053
1.2057
1.19057
1.17331
1.16842
1.17032
1.17389
1.17774
1.18288
1.204
1.23289
1.24713
1.25455
1.26067
1.2653
1.26865
1.26196
1.24034
1.22557
1.22294
1.22574
1.23008
1.23579
1.25588
1.28923
1.30793
1.31665
1.32362
1.32923
1.33356
1.32978
1.30688
1.28534
1.27809
1.27983
1.28422
1.29094
1.31267
1.34836
1.36985
1.38025
1.38869
1.39491
1.39931
1.39644
1.37175
1.3444
1.3329
1.33295
1.33719
1.3443
1.37018
1.41122
1.4346
1.44515
1.45341
1.45956
1.4627
1.45134
1.41698
1.3888
1.37847
1.37799
1.38073
1.39738
1.44248
1.47719
1.49076
1.49581
1.49887
1.50034
1.49182
1.45419
1.41113
1.39178
1.38859
1.39827
1.42899
1.48716
2.9514
9.77075
1.09908
1.13573
1.1461
1.15054
1.15388
1.15586
1.14722
1.12987
1.12198
1.1215
1.12231
1.12452
1.12828
1.13491
1.15775
1.18516
1.19774
1.20302
1.20593
1.20866
1.21064
1.1993
1.18221
1.1766
1.1767
1.17771
1.18059
1.18578
1.20651
1.2384
1.25536
1.26208
1.26564
1.26891
1.27322
1.27118
1.25138
1.23508
1.23122
1.23133
1.23294
1.23734
1.25504
1.2909
1.31519
1.32558
1.33119
1.33568
1.33989
1.33831
1.31646
1.29386
1.28664
1.28664
1.28805
1.29208
1.30872
1.34752
1.37656
1.38841
1.39367
1.39703
1.40178
1.4036
1.38441
1.35549
1.34202
1.33909
1.33924
1.34305
1.36347
1.40863
1.44039
1.45264
1.45783
1.4614
1.46402
1.45649
1.42426
1.39316
1.37996
1.37812
1.3806
1.39479
1.43737
1.47303
1.48772
1.49403
1.49817
1.49982
1.49299
1.45809
1.41245
1.38791
1.38323
1.38676
1.45011
2.97756
9.78135
1.09337
1.12104
1.14171
1.15032
1.15426
1.15661
1.15974
1.15431
1.13501
1.12434
1.12421
1.12716
1.13139
1.13559
1.14142
1.16229
1.18865
1.20076
1.20667
1.21171
1.21602
1.21831
1.20784
1.18824
1.17904
1.17926
1.18247
1.18662
1.1915
1.20851
1.23889
1.25633
1.26469
1.27154
1.27677
1.28084
1.27962
1.26056
1.24016
1.23303
1.23434
1.23826
1.24321
1.2566
1.29013
1.31692
1.32876
1.33483
1.33937
1.34333
1.34474
1.32872
1.30347
1.2904
1.28901
1.29253
1.29745
1.30934
1.34328
1.37303
1.38709
1.39675
1.4046
1.40953
1.41099
1.39426
1.36276
1.3436
1.33936
1.34211
1.3471
1.36262
1.40345
1.43683
1.45049
1.45741
1.46294
1.46697
1.46326
1.43407
1.39952
1.38253
1.37922
1.38037
1.38989
1.43011
1.46976
1.48748
1.49421
1.49704
1.49762
1.4915
1.46104
1.41542
1.38732
1.36948
1.40628
2.96098
9.79422
1.09617
1.10321
1.12041
1.14138
1.15114
1.15547
1.15822
1.16053
1.15812
1.143
1.13345
1.13303
1.13498
1.13718
1.14032
1.14568
1.16536
1.19286
1.20707
1.21312
1.21631
1.21941
1.22301
1.21754
1.19873
1.18835
1.18704
1.18765
1.18967
1.19382
1.20916
1.24179
1.26394
1.27295
1.27739
1.28035
1.28465
1.28675
1.27206
1.25027
1.24181
1.24106
1.24174
1.24492
1.25524
1.28767
1.31854
1.33271
1.33978
1.34644
1.35156
1.35395
1.34093
1.31486
1.29993
1.29633
1.29548
1.29761
1.30614
1.33944
1.37801
1.39659
1.40381
1.40739
1.41131
1.41527
1.40558
1.37497
1.35317
1.34632
1.34453
1.34615
1.35661
1.39677
1.43742
1.4559
1.46317
1.46789
1.47155
1.4686
1.44092
1.40317
1.38254
1.37744
1.37878
1.38728
1.42474
1.46514
1.48421
1.4915
1.49449
1.4947
1.48916
1.46292
1.41991
1.378
1.37874
2.90171
9.81184
1.09793
1.09747
1.09952
1.11495
1.13812
1.15131
1.15853
1.16391
1.16791
1.16735
1.15334
1.14046
1.13744
1.13961
1.14307
1.14556
1.14916
1.1651
1.1931
1.2087
1.21637
1.22262
1.22727
1.23085
1.22677
1.20771
1.19269
1.18915
1.19138
1.1952
1.19947
1.21085
1.24072
1.26379
1.27435
1.28201
1.28822
1.29268
1.29479
1.28184
1.25756
1.24443
1.24264
1.24558
1.24999
1.25805
1.28577
1.32081
1.33971
1.34769
1.35262
1.35655
1.36008
1.35198
1.32497
1.30366
1.29694
1.29869
1.30321
1.31013
1.33576
1.37297
1.39338
1.40399
1.41289
1.41889
1.42247
1.41435
1.38321
1.35545
1.34512
1.34543
1.34933
1.35822
1.39197
1.43443
1.45613
1.46432
1.46818
1.47062
1.4702
1.44912
1.41046
1.38591
1.37874
1.37847
1.38314
1.41663
1.45994
1.48211
1.48988
1.4918
1.49101
1.48522
1.46415
1.4149
1.3813
2.81362
9.84124
1.09549
1.08989
1.09099
1.09496
1.11224
1.1411
1.15845
1.16656
1.17239
1.17707
1.1787
1.16655
1.1515
1.14637
1.14458
1.14413
1.14644
1.15077
1.16677
1.19751
1.21663
1.2242
1.22817
1.2314
1.23561
1.23584
1.21973
1.20266
1.19753
1.19717
1.19796
1.20127
1.21081
1.24082
1.26997
1.28327
1.28901
1.2922
1.29605
1.29999
1.29315
1.26928
1.25327
1.24979
1.25073
1.25346
1.25904
1.28179
1.31813
1.34012
1.3496
1.35521
1.35983
1.36403
1.36216
1.33938
1.31551
1.30627
1.30352
1.30337
1.30778
1.32927
1.37259
1.40155
1.41247
1.41719
1.42036
1.42441
1.42214
1.39514
1.3653
1.35274
1.34954
1.34939
1.35414
1.38386
1.4291
1.45275
1.46205
1.46924
1.47362
1.47397
1.45489
1.4147
1.38621
1.3763
1.37556
1.37967
1.41024
1.45483
1.47902
1.48681
1.48803
1.48617
1.48176
1.45693
1.42145
2.73826
9.88137
1.09193
1.0846
1.08686
1.09038
1.09702
1.11713
1.14832
1.16718
1.17785
1.18475
1.18906
1.18975
1.17528
1.15388
1.14506
1.14543
1.1481
1.15142
1.15555
1.16855
1.19785
1.21773
1.22698
1.2342
1.23951
1.24351
1.24415
1.22922
1.20818
1.1992
1.19954
1.20285
1.20718
1.21446
1.23945
1.26878
1.28349
1.29199
1.29945
1.30449
1.30816
1.30276
1.27841
1.25815
1.2519
1.25283
1.25591
1.26025
1.27739
1.31565
1.34326
1.35523
1.36171
1.3678
1.37234
1.37151
1.34953
1.31952
1.30536
1.30425
1.30803
1.31365
1.32968
1.36805
1.39747
1.4105
1.41972
1.42693
1.43119
1.42925
1.40371
1.36927
1.35147
1.34821
1.35062
1.35608
1.38125
1.42778
1.45721
1.46717
1.47086
1.4727
1.47298
1.46015
1.42209
1.38937
1.37646
1.37385
1.37572
1.40277
1.44934
1.47561
1.48327
1.48322
1.48226
1.47253
1.47199
2.70989
9.91981
1.09285
1.08423
1.08715
1.09134
1.09723
1.1071
1.12992
1.16426
1.18117
1.1873
1.19081
1.1934
1.19362
1.17891
1.15823
1.15078
1.15086
1.15219
1.15464
1.15869
1.17041
1.20135
1.22609
1.23609
1.2408
1.24316
1.24593
1.24883
1.23946
1.21857
1.2083
1.20687
1.20726
1.20958
1.21499
1.23735
1.27237
1.29246
1.30051
1.30456
1.30735
1.3116
1.31174
1.29242
1.26867
1.2586
1.25785
1.26115
1.26596
1.27765
1.31184
1.34482
1.36064
1.36695
1.36993
1.37307
1.37573
1.36069
1.33184
1.31684
1.31301
1.31195
1.31393
1.32459
1.36247
1.40145
1.41901
1.42539
1.4283
1.43166
1.4333
1.41488
1.38009
1.35981
1.35427
1.3542
1.3568
1.37686
1.42236
1.45239
1.4635
1.46956
1.474
1.47545
1.46509
1.4276
1.39077
1.37417
1.37033
1.37176
1.39672
1.44394
1.47142
1.47851
1.47955
1.47178
1.50065
2.7298
9.95076
1.10164
1.09069
1.09319
1.09942
1.10917
1.11851
1.12836
1.14693
1.1721
1.18459
1.18944
1.19151
1.1925
1.1934
1.18465
1.16485
1.15457
1.1538
1.15669
1.16138
1.16682
1.1763
1.20264
1.22667
1.2373
1.24326
1.24867
1.25309
1.25616
1.2492
1.22726
1.21206
1.20883
1.21126
1.21552
1.22103
1.23752
1.27013
1.29152
1.30143
1.30927
1.3158
1.32039
1.32134
1.30366
1.27802
1.26633
1.26512
1.26523
1.26758
1.27576
1.30706
1.34256
1.3589
1.36708
1.37552
1.38111
1.384
1.37194
1.3411
1.31856
1.31205
1.31395
1.31858
1.32696
1.3575
1.39602
1.41516
1.42467
1.43291
1.43788
1.43953
1.4233
1.38673
1.36113
1.35295
1.35339
1.35616
1.37045
1.41607
1.45383
1.46786
1.47153
1.47323
1.47377
1.46764
1.43425
1.39375
1.37325
1.36768
1.36809
1.39099
1.43797
1.4654
1.47396
1.46768
1.50994
2.78192
9.97777
1.11937
1.11368
1.11275
1.11629
1.12171
1.12658
1.13079
1.1341
1.14402
1.16531
1.17971
1.18554
1.18801
1.1902
1.1941
1.1932
1.17835
1.16652
1.16448
1.166
1.16769
1.17065
1.17733
1.20105
1.22894
1.24332
1.2496
1.25278
1.25602
1.26022
1.25897
1.24019
1.22312
1.21833
1.21788
1.21849
1.22191
1.23439
1.26828
1.29735
1.31054
1.31658
1.32021
1.32355
1.32704
1.31558
1.28828
1.27077
1.26626
1.26821
1.27229
1.27892
1.30378
1.34344
1.36745
1.37682
1.38188
1.3854
1.38799
1.38048
1.35227
1.32873
1.32069
1.31882
1.31908
1.32384
1.34975
1.39522
1.42208
1.4316
1.43555
1.43776
1.44004
1.43053
1.39675
1.36761
1.35604
1.35462
1.35719
1.36941
1.41071
1.44867
1.46312
1.46833
1.47224
1.47473
1.47159
1.44114
1.39668
1.37124
1.36417
1.36426
1.38596
1.43138
1.45863
1.46056
1.50789
2.84922
10.0021
1.13394
1.14688
1.14728
1.14088
1.13492
1.13235
1.13051
1.12689
1.12541
1.13173
1.15298
1.17304
1.18441
1.19331
1.20055
1.20525
1.20629
1.19405
1.17752
1.16984
1.16988
1.17285
1.17622
1.18003
1.19641
1.22496
1.24205
1.251
1.25901
1.26479
1.26894
1.26864
1.25163
1.22988
1.22015
1.21996
1.22322
1.22744
1.23532
1.26316
1.29439
1.30995
1.31792
1.32395
1.32894
1.33304
1.32721
1.30241
1.28131
1.27426
1.27358
1.27542
1.27991
1.30083
1.34082
1.36637
1.37718
1.38335
1.38838
1.39258
1.39014
1.36478
1.33471
1.32092
1.31948
1.32277
1.32799
1.34758
1.38956
1.41752
1.42871
1.43608
1.44211
1.4455
1.43945
1.40821
1.37509
1.35991
1.35622
1.35582
1.36281
1.40167
1.4461
1.46548
1.47077
1.47314
1.47474
1.47296
1.44673
1.39951
1.3691
1.36031
1.36048
1.38129
1.42479
1.44266
1.49634
2.9187
10.0222
1.15339
1.17491
1.17744
1.1718
1.15427
1.13782
1.12411
1.11485
1.11273
1.11468
1.12184
1.14678
1.17775
1.1955
1.20416
1.2111
1.2166
1.2196
1.21074
1.19134
1.18035
1.17697
1.17455
1.17509
1.17877
1.19329
1.22584
1.25023
1.26053
1.2657
1.26925
1.27362
1.2765
1.26507
1.24188
1.22984
1.22689
1.22563
1.22736
1.23323
1.25796
1.29543
1.31741
1.32695
1.33235
1.33762
1.34133
1.33794
1.31406
1.28785
1.27663
1.27563
1.2785
1.28223
1.2953
1.33303
1.36669
1.3823
1.38887
1.39325
1.39715
1.39677
1.37727
1.34687
1.33064
1.32589
1.32438
1.32632
1.34055
1.38418
1.4215
1.43692
1.44259
1.44627
1.44913
1.44509
1.41551
1.37784
1.35804
1.35391
1.35569
1.36298
1.39791
1.44244
1.46288
1.46914
1.47225
1.47409
1.47304
1.45106
1.40257
1.36705
1.35637
1.35615
1.37785
1.40991
1.47278
2.97999
10.0354
1.16876
1.19054
1.19302
1.19089
1.17844
1.14651
1.1205
1.11085
1.10975
1.11179
1.11595
1.12507
1.15309
1.18858
1.20753
1.21763
1.22392
1.22779
1.22927
1.22161
1.19814
1.17943
1.17465
1.17617
1.17931
1.18401
1.19553
1.22479
1.24983
1.26219
1.27087
1.27801
1.28246
1.28507
1.27561
1.24973
1.23146
1.22696
1.22892
1.23319
1.23889
1.25601
1.2923
1.31988
1.33209
1.33708
1.33959
1.34305
1.34472
1.32834
1.30007
1.28392
1.27933
1.2801
1.28345
1.29353
1.3289
1.36716
1.38537
1.39313
1.39837
1.4031
1.40463
1.38856
1.35496
1.33162
1.32472
1.32619
1.33027
1.34096
1.37864
1.41834
1.43578
1.44199
1.44543
1.4483
1.44866
1.42617
1.3867
1.36436
1.35761
1.35649
1.35927
1.38927
1.43649
1.46003
1.46756
1.47111
1.47327
1.47268
1.45365
1.40554
1.36607
1.35226
1.35244
1.3665
1.43928
3.018
10.0451
1.17211
1.19317
1.19413
1.18726
1.17244
1.15432
1.12942
1.11318
1.11092
1.11343
1.11854
1.12812
1.14233
1.17024
1.20422
1.21954
1.22532
1.22807
1.22929
1.22964
1.2244
1.20201
1.18457
1.1804
1.18181
1.18457
1.18805
1.19588
1.22383
1.25631
1.27234
1.27887
1.28208
1.28369
1.28683
1.28382
1.26202
1.24222
1.23617
1.23584
1.23665
1.24004
1.25163
1.28568
1.31676
1.33041
1.3386
1.34594
1.35073
1.35289
1.33969
1.30957
1.28916
1.28374
1.28559
1.28906
1.29561
1.32291
1.36383
1.38772
1.39718
1.40133
1.40415
1.40726
1.39949
1.36794
1.34165
1.3323
1.32947
1.32946
1.3358
1.36977
1.41331
1.43375
1.44226
1.44956
1.45325
1.45306
1.4316
1.38967
1.36179
1.35336
1.35372
1.35733
1.3839
1.43145
1.45803
1.46721
1.47033
1.47127
1.47002
1.45395
1.4096
1.36792
1.34958
1.33836
1.39851
3.01475
10.0527
1.16075
1.1786
1.17455
1.16516
1.15647
1.15128
1.14492
1.13184
1.12427
1.12608
1.13402
1.1444
1.15338
1.16267
1.18044
1.2045
1.21687
1.22158
1.22372
1.22483
1.22576
1.22541
1.21101
1.19298
1.18589
1.18655
1.19067
1.19699
1.20411
1.22404
1.25418
1.27098
1.27875
1.28497
1.29042
1.29445
1.29331
1.27325
1.2484
1.23741
1.23655
1.23909
1.2431
1.25109
1.2807
1.31868
1.33837
1.34576
1.34926
1.35226
1.35598
1.35071
1.32364
1.29863
1.28939
1.28804
1.28872
1.2933
1.31546
1.35851
1.38557
1.39643
1.40478
1.41064
1.41381
1.40758
1.37618
1.34407
1.33028
1.32882
1.33163
1.33781
1.36662
1.41346
1.43921
1.44685
1.44999
1.45137
1.45148
1.43552
1.39581
1.36617
1.35605
1.35473
1.35653
1.37936
1.42561
1.45356
1.46363
1.46738
1.46874
1.4673
1.45347
1.41386
1.37225
1.33919
1.36245
2.96956
10.0655
1.13447
1.13623
1.13996
1.14639
1.15074
1.15336
1.15534
1.15664
1.15525
1.15426
1.15569
1.15801
1.15975
1.16038
1.1623
1.17076
1.19069
1.20735
1.21585
1.21994
1.22258
1.22779
1.2322
1.22778
1.2114
1.20134
1.19962
1.19936
1.19977
1.2034
1.21831
1.25035
1.27428
1.28517
1.29017
1.29264
1.29664
1.29954
1.28757
1.26226
1.24777
1.24466
1.24645
1.24963
1.2543
1.27576
1.31306
1.33482
1.34505
1.35359
1.35979
1.3637
1.36053
1.33471
1.30458
1.29073
1.28948
1.29268
1.29787
1.31483
1.35704
1.39111
1.40388
1.4086
1.41093
1.41404
1.41273
1.38731
1.35369
1.33804
1.33461
1.33529
1.33821
1.36166
1.40684
1.43262
1.44213
1.44797
1.45227
1.45407
1.44258
1.40444
1.37002
1.35624
1.35417
1.3548
1.3718
1.41796
1.45037
1.46264
1.46599
1.46583
1.46306
1.45085
1.41846
1.36692
1.35462
2.88548
10.0887
1.10572
1.09465
1.10325
1.12314
1.14238
1.15395
1.1655
1.17974
1.19086
1.19363
1.18712
1.17556
1.16614
1.15893
1.15203
1.14963
1.15454
1.17382
1.19745
1.21275
1.22369
1.23505
1.24377
1.24864
1.24673
1.22906
1.20988
1.20146
1.20131
1.20359
1.20589
1.21335
1.24079
1.26907
1.28316
1.29253
1.30143
1.3072
1.31037
1.30173
1.2761
1.25681
1.25048
1.24909
1.24921
1.25294
1.26951
1.30962
1.34099
1.3537
1.35881
1.36142
1.36529
1.36722
1.34876
1.31718
1.30146
1.29845
1.29952
1.30205
1.31263
1.35086
1.38541
1.40013
1.40854
1.41557
1.4195
1.41872
1.39589
1.35984
1.3391
1.33337
1.3342
1.33673
1.35411
1.40104
1.43556
1.44853
1.45273
1.45518
1.45639
1.44731
1.41071
1.37311
1.35579
1.35178
1.35243
1.3675
1.41184
1.44614
1.45926
1.46228
1.46175
1.4585
1.44909
1.4128
1.38035
2.79772
10.1251
1.08243
1.06977
1.07422
1.08801
1.11789
1.15121
1.18146
1.20702
1.21881
1.22312
1.21955
1.20068
1.17376
1.15355
1.14135
1.13732
1.13874
1.14432
1.16384
1.19832
1.22616
1.24196
1.25183
1.25786
1.26205
1.26061
1.24205
1.21874
1.2076
1.20261
1.20015
1.20216
1.20881
1.2353
1.27297
1.29447
1.30352
1.30906
1.3136
1.31749
1.31425
1.28943
1.2626
1.25108
1.25043
1.25372
1.25817
1.26931
1.30347
1.33622
1.35121
1.36049
1.36879
1.37381
1.37566
1.36008
1.32712
1.30565
1.29912
1.29963
1.30235
1.30944
1.34365
1.38656
1.40734
1.41417
1.41688
1.41941
1.42144
1.40641
1.37009
1.34391
1.33513
1.3352
1.33872
1.35389
1.39686
1.43328
1.44747
1.45208
1.45388
1.45491
1.45063
1.41993
1.37883
1.35768
1.35158
1.34999
1.35994
1.40409
1.4424
1.45689
1.45923
1.45726
1.45451
1.43978
1.43222
2.74754
10.1644
1.07331
1.06243
1.06669
1.07315
1.08846
1.13271
1.19497
1.22232
1.23082
1.23479
1.2327
1.22219
1.19477
1.15746
1.13959
1.13648
1.13816
1.14195
1.14943
1.16909
1.21278
1.2444
1.25696
1.26241
1.26578
1.26777
1.2658
1.2477
1.21763
1.20295
1.20105
1.20317
1.2073
1.21407
1.23526
1.27207
1.29621
1.30737
1.31358
1.31824
1.32148
1.31962
1.30172
1.27437
1.26088
1.25781
1.25706
1.25886
1.26601
1.29761
1.33956
1.36096
1.36899
1.37327
1.37624
1.37865
1.36871
1.33766
1.31207
1.3025
1.30247
1.30585
1.31252
1.33914
1.38028
1.40248
1.41237
1.42024
1.42527
1.4272
1.41475
1.37886
1.35079
1.34119
1.33929
1.33925
1.34743
1.38742
1.42777
1.44443
1.45098
1.45563
1.45713
1.45315
1.42458
1.38114
1.35549
1.34694
1.34569
1.35516
1.39859
1.43865
1.45332
1.45448
1.45355
1.44404
1.47095
2.74992
10.1958
1.07634
1.06542
1.06802
1.07586
1.10054
1.14769
1.19424
1.22094
1.23073
1.23243
1.2226
1.20451
1.18824
1.17133
1.15162
1.14284
1.14315
1.14791
1.15833
1.17373
1.19478
1.22997
1.25318
1.26154
1.26448
1.26201
1.25794
1.25544
1.24652
1.22466
1.21137
1.20899
1.21116
1.21465
1.21858
1.23297
1.27137
1.30196
1.31451
1.31937
1.32228
1.32636
1.3275
1.31346
1.28363
1.26374
1.25849
1.26039
1.26491
1.27179
1.29507
1.33449
1.35796
1.36763
1.37342
1.37813
1.38199
1.37712
1.35129
1.32239
1.30996
1.30738
1.30702
1.3103
1.33116
1.37758
1.40884
1.41973
1.4237
1.42616
1.42863
1.42227
1.3898
1.35511
1.33913
1.33626
1.33776
1.34523
1.3823
1.42806
1.44842
1.45299
1.45376
1.45406
1.45276
1.43119
1.38686
1.35644
1.34536
1.3427
1.35016
1.39327
1.43434
1.44862
1.45087
1.44163
1.48813
2.78777
10.2214
1.08925
1.07974
1.08549
1.10669
1.13649
1.15805
1.17685
1.19643
1.2065
1.20421
1.19584
1.1899
1.18798
1.18648
1.17734
1.16536
1.16222
1.16748
1.17742
1.18745
1.19469
1.20248
1.22045
1.23816
1.24652
1.2503
1.25367
1.25761
1.26095
1.25761
1.23873
1.22205
1.21663
1.2182
1.22385
1.23068
1.23927
1.26614
1.29785
1.31446
1.3213
1.32352
1.32541
1.32893
1.32428
1.29834
1.2762
1.2692
1.26791
1.26779
1.27109
1.288
1.32917
1.36064
1.37414
1.38021
1.38452
1.388
1.38615
1.36265
1.32898
1.31088
1.30757
1.31005
1.31455
1.33041
1.37221
1.40444
1.41737
1.42492
1.43038
1.43319
1.42834
1.39731
1.3605
1.34323
1.3392
1.33961
1.34436
1.37747
1.4223
1.44231
1.44889
1.45338
1.45548
1.4547
1.43553
1.39004
1.35491
1.3415
1.33907
1.3467
1.389
1.42822
1.44312
1.43769
1.49064
2.84971
10.2455
1.11484
1.11073
1.12482
1.14754
1.16141
1.16667
1.1673
1.16137
1.15729
1.16201
1.172
1.18057
1.18546
1.18849
1.19471
1.20131
1.20412
1.20232
1.19985
1.19827
1.19431
1.18731
1.18581
1.19553
1.21866
1.23933
1.25067
1.25714
1.26386
1.27141
1.27483
1.26343
1.24381
1.23412
1.23201
1.23011
1.22922
1.23266
1.25178
1.28612
1.30757
1.31757
1.32649
1.33294
1.33691
1.33464
1.31188
1.2846
1.27121
1.26927
1.27234
1.27694
1.28778
1.3233
1.35979
1.37668
1.38279
1.3853
1.3884
1.39052
1.37448
1.34033
1.32031
1.31462
1.3129
1.31392
1.32439
1.36601
1.40733
1.42405
1.42894
1.43102
1.4326
1.43107
1.40675
1.3676
1.34511
1.33865
1.3387
1.34126
1.36936
1.41972
1.4459
1.45189
1.453
1.45313
1.4527
1.4391
1.395
1.35484
1.33891
1.33615
1.34368
1.3842
1.42116
1.42747
1.48531
2.91856
10.2653
1.13894
1.16842
1.18096
1.18402
1.182
1.17416
1.15158
1.1265
1.11644
1.11993
1.13672
1.16117
1.17928
1.19483
1.2168
1.23619
1.24418
1.24178
1.22808
1.20849
1.1883
1.17235
1.16539
1.16625
1.17651
1.20594
1.23628
1.25538
1.27203
1.28537
1.29223
1.29544
1.28573
1.25948
1.23742
1.22712
1.22346
1.22324
1.2263
1.24092
1.28056
1.31361
1.32703
1.33264
1.33646
1.34077
1.34338
1.32819
1.29862
1.28198
1.27758
1.2762
1.27722
1.28347
1.31333
1.35286
1.37254
1.3818
1.38959
1.39431
1.39606
1.38268
1.34827
1.32221
1.3135
1.31406
1.3174
1.32605
1.36116
1.40197
1.41993
1.42733
1.43281
1.4358
1.43489
1.41329
1.37295
1.34679
1.33843
1.3385
1.34218
1.36724
1.41468
1.43994
1.44669
1.45007
1.45292
1.45355
1.44275
1.39928
1.35432
1.33554
1.33284
1.34094
1.38001
1.40397
1.46873
2.98519
10.2788
1.17534
1.22065
1.22444
1.21906
1.20143
1.16995
1.13192
1.10329
1.09416
1.09468
1.10081
1.12277
1.16281
1.2069
1.24319
1.26192
1.26879
1.27082
1.26089
1.22869
1.18849
1.16552
1.1583
1.15899
1.16259
1.17359
1.20759
1.25305
1.27899
1.29105
1.29779
1.30252
1.30425
1.29663
1.26562
1.23582
1.22366
1.22255
1.22519
1.22977
1.2424
1.27746
1.31042
1.32651
1.33699
1.34569
1.35047
1.35252
1.33917
1.30567
1.2816
1.2741
1.27457
1.27735
1.28178
1.30684
1.35301
1.37972
1.38853
1.39217
1.3948
1.39798
1.3914
1.35983
1.3314
1.32085
1.31779
1.31756
1.32208
1.35284
1.40018
1.42395
1.43055
1.43255
1.43426
1.43584
1.42166
1.38169
1.35188
1.34175
1.33931
1.33951
1.35872
1.40805
1.43954
1.44902
1.4512
1.45212
1.45215
1.44373
1.40316
1.35487
1.33322
1.32969
1.33835
1.36605
1.44108
3.03644
10.287
1.19905
1.2439
1.24834
1.24657
1.22952
1.18132
1.12459
1.09685
1.09058
1.09172
1.0962
1.10538
1.13529
1.2044
1.25416
1.26902
1.27431
1.27436
1.26548
1.24162
1.20288
1.16992
1.15957
1.16007
1.1642
1.1745
1.19354
1.23043
1.27209
1.29262
1.30046
1.30383
1.30383
1.29919
1.2904
1.26334
1.23678
1.22736
1.22763
1.23145
1.23586
1.2436
1.27374
1.31623
1.33794
1.34587
1.34961
1.35101
1.35198
1.34485
1.31516
1.28807
1.27846
1.2782
1.2811
1.28628
1.30684
1.34841
1.37533
1.38677
1.39493
1.40046
1.40329
1.39782
1.36795
1.33467
1.31937
1.31724
1.31967
1.32471
1.34918
1.39333
1.41808
1.42769
1.43459
1.43838
1.43927
1.42595
1.3858
1.35168
1.33863
1.33726
1.3396
1.35729
1.40313
1.43473
1.44483
1.44827
1.45022
1.45061
1.444
1.407
1.35754
1.33123
1.32592
1.32521
1.40467
3.05847
10.2908
1.20168
1.24396
1.24876
1.24094
1.2067
1.16415
1.13131
1.10692
1.0975
1.09742
1.10273
1.12216
1.15902
1.20359
1.24332
1.26315
1.26873
1.26086
1.23968
1.2224
1.20994
1.19313
1.17797
1.17478
1.18068
1.1933
1.2058
1.21604
1.23833
1.27063
1.28734
1.29184
1.2909
1.28812
1.28625
1.28503
1.27201
1.2501
1.2384
1.23679
1.24
1.24721
1.25584
1.27622
1.31278
1.33483
1.34348
1.34826
1.35279
1.35652
1.35315
1.32709
1.29846
1.28628
1.28442
1.28532
1.28807
1.30237
1.34545
1.38093
1.39425
1.39868
1.40021
1.40288
1.40245
1.37902
1.34428
1.32681
1.32176
1.32042
1.32241
1.34227
1.39111
1.42322
1.43275
1.43529
1.43631
1.43821
1.4314
1.39505
1.35865
1.34353
1.33929
1.33802
1.34924
1.39371
1.42985
1.44319
1.44778
1.44931
1.44901
1.44257
1.40987
1.36197
1.33256
1.31164
1.36196
3.03761
10.2963
1.18673
1.22214
1.22249
1.20349
1.18021
1.1648
1.1481
1.13054
1.11968
1.11914
1.13152
1.15852
1.18075
1.19405
1.20903
1.22499
1.23004
1.22461
1.21872
1.21772
1.21852
1.21676
1.21124
1.20703
1.2089
1.21384
1.21806
1.22176
1.22456
1.22934
1.24448
1.26316
1.27542
1.28245
1.28772
1.29324
1.29806
1.29457
1.27567
1.2594
1.25391
1.25253
1.25131
1.25369
1.26706
1.30271
1.33269
1.34672
1.35296
1.35695
1.36051
1.36046
1.34012
1.30872
1.29099
1.28737
1.2898
1.2945
1.30456
1.33968
1.37473
1.39
1.39808
1.40446
1.40806
1.40782
1.38703
1.34961
1.32685
1.32107
1.32274
1.3267
1.34215
1.3849
1.41586
1.42754
1.43529
1.44075
1.44259
1.43596
1.40058
1.35872
1.33864
1.33461
1.33524
1.34567
1.3878
1.4261
1.44178
1.44667
1.4474
1.44596
1.4391
1.41138
1.36806
1.32353
1.339
2.97164
10.3099
1.15941
1.17156
1.16776
1.16178
1.1609
1.16267
1.16426
1.16057
1.15609
1.16166
1.17831
1.19126
1.19611
1.19724
1.18939
1.17546
1.17317
1.1839
1.20013
1.21235
1.22055
1.2315
1.24471
1.25331
1.25268
1.24469
1.23532
1.22635
1.21333
1.20207
1.20172
1.21582
1.24586
1.27174
1.28764
1.30125
1.31347
1.32005
1.31935
1.30035
1.27347
1.25679
1.25173
1.25148
1.25184
1.25794
1.28753
1.32489
1.34437
1.35301
1.35897
1.36424
1.36771
1.35632
1.3246
1.30293
1.29596
1.29297
1.29349
1.30009
1.33255
1.3753
1.39598
1.4025
1.40481
1.40767
1.41046
1.3977
1.36152
1.33644
1.32775
1.32404
1.32398
1.33509
1.37902
1.41954
1.43478
1.43903
1.44037
1.44053
1.43562
1.4051
1.36353
1.34204
1.33596
1.3348
1.34143
1.38101
1.42161
1.43905
1.44394
1.4443
1.44221
1.43495
1.41254
1.36259
1.34408
2.88025
10.3379
1.14399
1.11555
1.10879
1.11858
1.13797
1.15516
1.16645
1.18188
1.2051
1.22186
1.22462
1.21988
1.21042
1.19213
1.16033
1.13795
1.13362
1.14085
1.16425
1.19516
1.22231
1.2508
1.27724
1.2899
1.29242
1.28309
1.25821
1.22692
1.20096
1.18579
1.18261
1.1852
1.1994
1.23901
1.28122
1.30759
1.32263
1.3311
1.33603
1.33621
1.31649
1.28127
1.25862
1.2474
1.243
1.24436
1.25118
1.28041
1.32382
1.34867
1.36041
1.36952
1.37492
1.37735
1.36656
1.33164
1.30284
1.29359
1.29406
1.29731
1.30227
1.32664
1.36741
1.38986
1.40076
1.40983
1.41492
1.41685
1.40487
1.36687
1.335
1.32372
1.32334
1.32634
1.33632
1.3749
1.4141
1.42932
1.43458
1.43785
1.43994
1.43845
1.41348
1.3693
1.34204
1.33352
1.33204
1.33613
1.37332
1.41809
1.43767
1.44189
1.44092
1.43728
1.43082
1.40416
1.38541
2.8039
10.3766
1.1193
1.07909
1.07451
1.07934
1.09713
1.12869
1.16554
1.21053
1.25217
1.26727
1.26839
1.25627
1.22831
1.18394
1.14263
1.12165
1.11787
1.12008
1.12863
1.15666
1.21106
1.26511
1.29635
1.30768
1.31217
1.30978
1.29222
1.2464
1.19994
1.18246
1.18041
1.18265
1.18876
1.20477
1.25324
1.30456
1.3268
1.33493
1.33944
1.34065
1.33602
1.31417
1.27295
1.2491
1.24413
1.24565
1.25017
1.2578
1.28245
1.32897
1.35935
1.36974
1.37415
1.37651
1.37738
1.37056
1.34074
1.3125
1.30141
1.29726
1.29562
1.29845
1.31956
1.36722
1.39872
1.40925
1.41298
1.41478
1.417
1.41041
1.37664
1.3445
1.33169
1.32712
1.32529
1.32983
1.36453
1.40997
1.43142
1.43886
1.44213
1.44334
1.44096
1.41766
1.37224
1.34192
1.33117
1.32885
1.33295
1.36937
1.41483
1.43459
1.43788
1.43576
1.43296
1.42023
1.43459
2.77421
10.4131
1.10867
1.06843
1.06655
1.06976
1.07366
1.08766
1.13804
1.2247
1.26799
1.27928
1.28343
1.28156
1.25629
1.19367
1.14014
1.12048
1.11769
1.11994
1.12678
1.14209
1.18715
1.2634
1.29985
1.31008
1.31329
1.30565
1.28118
1.24912
1.21575
1.19268
1.18648
1.18843
1.19696
1.21244
1.23439
1.27748
1.31732
1.33186
1.33612
1.33232
1.32151
1.31276
1.30128
1.27668
1.25976
1.256
1.2584
1.26308
1.26945
1.2889
1.32982
1.35778
1.3683
1.37298
1.37668
1.38005
1.37687
1.34802
1.31379
1.29818
1.29613
1.299
1.30444
1.3209
1.36294
1.39395
1.40604
1.41371
1.41944
1.42208
1.41715
1.38565
1.34635
1.32667
1.32261
1.32369
1.32888
1.36128
1.40983
1.43376
1.43976
1.44054
1.43987
1.43878
1.42224
1.37876
1.3448
1.33138
1.32759
1.32881
1.36297
1.41031
1.4308
1.43312
1.43168
1.42102
1.46457
2.79112
10.4396
1.11467
1.07372
1.06963
1.07258
1.07888
1.0988
1.1446
1.21442
1.26278
1.27768
1.2805
1.26491
1.22956
1.19316
1.15941
1.13624
1.12973
1.13206
1.14289
1.16769
1.20071
1.23889
1.27741
1.29352
1.29356
1.27919
1.26267
1.25259
1.24081
1.22267
1.21037
1.20953
1.21721
1.22929
1.24062
1.25219
1.27614
1.30078
1.31076
1.31158
1.31177
1.314
1.31616
1.31277
1.29453
1.27594
1.26857
1.26836
1.27138
1.27516
1.28581
1.32066
1.35381
1.36897
1.37445
1.37561
1.37682
1.3764
1.35607
1.32513
1.30974
1.30538
1.30327
1.30387
1.31466
1.3569
1.39783
1.41441
1.41934
1.42167
1.42273
1.4187
1.39077
1.35141
1.3317
1.32703
1.3274
1.33012
1.35771
1.40465
1.4283
1.43487
1.43854
1.44055
1.4402
1.42652
1.38363
1.3447
1.3272
1.32294
1.32492
1.3586
1.4053
1.42507
1.42871
1.41841
1.47566
2.83951
10.4612
1.13334
1.09505
1.08918
1.09222
1.10297
1.12655
1.15302
1.18164
1.21961
1.24175
1.243
1.22975
1.21658
1.20594
1.18898
1.16933
1.15813
1.159
1.17384
1.1976
1.21306
1.22021
1.2308
1.24499
1.25134
1.25104
1.25092
1.25289
1.2557
1.25594
1.25271
1.24927
1.24822
1.24894
1.25034
1.24901
1.24405
1.24722
1.26574
1.28914
1.30506
1.31403
1.32099
1.32744
1.3312
1.32224
1.30112
1.28552
1.27816
1.27514
1.27413
1.27746
1.30238
1.34002
1.36017
1.36956
1.37773
1.38347
1.3857
1.37147
1.33771
1.31182
1.30287
1.3035
1.30709
1.31629
1.35282
1.39381
1.4104
1.41544
1.41804
1.42049
1.42133
1.40071
1.35988
1.33492
1.32719
1.32637
1.32751
1.34982
1.40034
1.43074
1.43856
1.43946
1.43944
1.43848
1.42811
1.38862
1.34552
1.32491
1.3198
1.32154
1.35461
1.39891
1.41855
1.41411
1.47532
2.90433
10.4798
1.16094
1.13297
1.12154
1.12244
1.13445
1.15279
1.16338
1.16738
1.17243
1.18051
1.18921
1.1973
1.2051
1.20908
1.21094
1.20875
1.20535
1.20898
1.21682
1.22141
1.22285
1.21816
1.19996
1.18824
1.19375
1.2137
1.23512
1.2496
1.26164
1.27964
1.29516
1.29953
1.29103
1.27548
1.25943
1.24027
1.2213
1.21447
1.21897
1.24301
1.28041
1.30648
1.32301
1.34026
1.35277
1.35798
1.34935
1.32045
1.29259
1.27484
1.26329
1.26072
1.26453
1.28812
1.33535
1.36759
1.38069
1.38778
1.39268
1.39541
1.38479
1.34907
1.32052
1.31102
1.30838
1.30736
1.31144
1.34234
1.38679
1.40863
1.41714
1.42312
1.42588
1.42563
1.4067
1.36543
1.33644
1.32621
1.32549
1.32819
1.34877
1.39683
1.42679
1.43435
1.43599
1.43713
1.43763
1.43123
1.39408
1.34586
1.32137
1.31601
1.31819
1.35096
1.39235
1.40163
1.46772
2.97203
10.4931
1.17271
1.17957
1.17559
1.17194
1.17125
1.17142
1.17132
1.16253
1.14037
1.12801
1.13197
1.15205
1.18286
1.20598
1.22053
1.2389
1.25791
1.26476
1.25908
1.24521
1.22754
1.20314
1.17144
1.15422
1.15364
1.16482
1.19577
1.23293
1.26835
1.30443
1.32744
1.33525
1.33393
1.31482
1.27659
1.23651
1.21144
1.20321
1.2038
1.20926
1.23372
1.28346
1.32708
1.35276
1.36627
1.37218
1.37387
1.36131
1.31931
1.27777
1.26089
1.25904
1.26159
1.26698
1.28776
1.33748
1.37436
1.38846
1.39403
1.39777
1.39935
1.39144
1.35793
1.32279
1.3069
1.30455
1.30628
1.31034
1.337
1.38594
1.41329
1.42099
1.42301
1.42413
1.42549
1.41341
1.37456
1.34282
1.33093
1.32772
1.32696
1.34078
1.38834
1.42243
1.43288
1.43584
1.43737
1.43779
1.43293
1.39777
1.34528
1.31767
1.3125
1.31588
1.34912
1.3758
1.44925
3.03453
10.5014
1.18216
1.21322
1.22589
1.22607
1.21237
1.19259
1.17439
1.15075
1.1206
1.10391
1.10219
1.1082
1.13208
1.1755
1.22039
1.26289
1.29284
1.30254
1.30215
1.28546
1.24736
1.19774
1.15995
1.14637
1.14638
1.14974
1.15838
1.19042
1.26066
1.31565
1.33758
1.34462
1.34755
1.34191
1.30943
1.24979
1.21312
1.20365
1.20413
1.20807
1.21681
1.24481
1.31109
1.35486
1.36838
1.37318
1.37358
1.36663
1.34789
1.30595
1.27314
1.26379
1.26441
1.26873
1.27557
1.29534
1.34464
1.38115
1.39385
1.39848
1.40129
1.40119
1.39264
1.36086
1.32571
1.31036
1.3077
1.30941
1.31333
1.33568
1.38086
1.40772
1.41723
1.42424
1.42874
1.43016
1.42058
1.38197
1.34346
1.32641
1.32333
1.32416
1.33631
1.3824
1.41981
1.43223
1.4355
1.43614
1.43605
1.43255
1.40035
1.34593
1.31583
1.3098
1.314
1.33676
1.4209
3.07732
10.5067
1.16908
1.22786
1.24538
1.25208
1.25261
1.2391
1.20259
1.15166
1.11652
1.10299
1.10192
1.10453
1.11102
1.13133
1.19672
1.26812
1.29766
1.30585
1.30903
1.30346
1.26868
1.20728
1.16642
1.15089
1.14933
1.15271
1.1625
1.18524
1.23652
1.30625
1.33644
1.34402
1.34345
1.32584
1.29819
1.26901
1.23629
1.21735
1.21376
1.21729
1.22694
1.24551
1.27809
1.32957
1.35575
1.36216
1.35875
1.34946
1.34113
1.33149
1.30852
1.28558
1.27665
1.27697
1.28164
1.28811
1.30282
1.34619
1.37985
1.39138
1.39422
1.39136
1.39098
1.39028
1.37061
1.33597
1.31629
1.31091
1.31075
1.31273
1.32968
1.37782
1.41306
1.42498
1.42831
1.42999
1.43069
1.42319
1.38591
1.34495
1.32686
1.32287
1.32311
1.33337
1.37789
1.41638
1.42923
1.43284
1.43504
1.43538
1.43169
1.40129
1.34783
1.31489
1.30674
1.30096
1.38563
3.08747
10.5093
1.14056
1.22252
1.2474
1.25326
1.25269
1.23755
1.20777
1.16979
1.13296
1.11453
1.11135
1.11516
1.12444
1.14091
1.17112
1.23443
1.28148
1.29506
1.29427
1.28023
1.25848
1.23102
1.19636
1.1742
1.16824
1.17168
1.1833
1.20331
1.2273
1.26394
1.30219
1.31655
1.31361
1.30267
1.29512
1.28835
1.2718
1.24819
1.23587
1.23646
1.2472
1.26267
1.27381
1.28585
1.31099
1.33035
1.3373
1.33888
1.34056
1.34266
1.3416
1.32655
1.30493
1.2942
1.29315
1.29702
1.30199
1.30638
1.32945
1.36082
1.37686
1.38454
1.39194
1.39669
1.39796
1.3813
1.34504
1.32068
1.31312
1.31405
1.31831
1.33068
1.37365
1.40965
1.42168
1.4252
1.42727
1.42928
1.42599
1.39278
1.34854
1.32724
1.32264
1.3226
1.33072
1.37323
1.4144
1.42985
1.43382
1.43428
1.43325
1.42801
1.39962
1.35167
1.31803
1.29361
1.34621
3.05852
10.5146
1.11952
1.16853
1.21313
1.22843
1.22925
1.22468
1.21664
1.19981
1.17311
1.14719
1.13509
1.13502
1.1423
1.15776
1.17394
1.19125
1.22374
1.25091
1.25968
1.25882
1.25625
1.25178
1.23631
1.21363
1.20082
1.20039
1.20979
1.2229
1.22998
1.23443
1.245
1.26243
1.27588
1.28444
1.28997
1.29295
1.29485
1.29063
1.2825
1.27813
1.27797
1.27856
1.27523
1.26398
1.2614
1.275
1.3031
1.3256
1.33735
1.34399
1.35051
1.35683
1.35488
1.33717
1.31913
1.30771
1.29618
1.28698
1.28842
1.30838
1.35009
1.37963
1.39087
1.39533
1.39949
1.40356
1.39581
1.36225
1.33408
1.32249
1.31647
1.31483
1.32262
1.36396
1.40494
1.42054
1.4266
1.43108
1.43259
1.42847
1.39643
1.35102
1.3278
1.32239
1.3222
1.33023
1.37122
1.41145
1.42698
1.43097
1.43129
1.42954
1.423
1.39781
1.3565
1.30994
1.32906
2.98604
10.5304
1.12347
1.12838
1.14275
1.17751
1.20335
1.21398
1.2174
1.21915
1.21538
1.19614
1.17551
1.16696
1.16792
1.17366
1.17774
1.17884
1.17626
1.18284
1.20703
1.23426
1.24942
1.25439
1.25837
1.25952
1.25474
1.2479
1.24267
1.23961
1.2351
1.22073
1.20632
1.20575
1.22246
1.25334
1.2789
1.29339
1.30632
1.32349
1.33251
1.32778
1.31153
1.29138
1.26933
1.24846
1.23526
1.2347
1.2492
1.28755
1.32156
1.34208
1.36151
1.37885
1.38629
1.38291
1.35681
1.31906
1.29116
1.27866
1.27505
1.27717
1.29564
1.34276
1.3766
1.39262
1.40611
1.41448
1.41821
1.41017
1.37128
1.33096
1.3138
1.31099
1.31188
1.31858
1.35916
1.40616
1.42465
1.42911
1.43065
1.43104
1.42753
1.39986
1.35497
1.33008
1.32392
1.32316
1.32736
1.3646
1.40657
1.42408
1.4282
1.42754
1.42436
1.41651
1.39669
1.35051
1.33934
2.89717
10.5609
1.12369
1.10791
1.10416
1.11322
1.14919
1.19138
1.21461
1.22339
1.22856
1.23486
1.23352
1.21778
1.1999
1.18701
1.17542
1.16177
1.14888
1.14531
1.1526
1.18405
1.22656
1.25401
1.27184
1.29103
1.30154
1.2995
1.28214
1.25902
1.23505
1.20818
1.18641
1.17962
1.1823
1.19964
1.24002
1.28232
1.31875
1.34817
1.36188
1.36534
1.35556
1.32325
1.27876
1.24326
1.22607
1.2232
1.22559
1.23782
1.28001
1.33454
1.37223
1.39091
1.39802
1.40077
1.39332
1.35449
1.3038
1.27796
1.2717
1.27274
1.27634
1.29396
1.34814
1.394
1.41151
1.41815
1.42193
1.42255
1.41075
1.36681
1.32659
1.31228
1.31031
1.31185
1.31984
1.35875
1.40324
1.42083
1.42634
1.42945
1.43089
1.42821
1.40347
1.35899
1.33136
1.32236
1.32071
1.32454
1.35865
1.40084
1.41967
1.42357
1.42208
1.41823
1.41204
1.38799
1.38227
2.82885
10.5969
1.12159
1.10034
1.09461
1.09537
1.10103
1.13083
1.18089
1.21639
1.24031
1.26022
1.26864
1.26764
1.2461
1.21164
1.18085
1.15687
1.1418
1.13733
1.13893
1.1446
1.17034
1.22421
1.27351
1.30465
1.32022
1.32581
1.32377
1.30137
1.25416
1.20828
1.1846
1.17878
1.18029
1.184
1.19598
1.24532
1.3159
1.35383
1.36565
1.36973
1.37059
1.35591
1.3055
1.25114
1.22805
1.22379
1.22569
1.23054
1.24513
1.3038
1.36947
1.39233
1.39837
1.39942
1.39232
1.37433
1.33367
1.29226
1.27572
1.27388
1.27659
1.28403
1.30926
1.36906
1.40706
1.41745
1.42025
1.41857
1.41258
1.3989
1.36242
1.32724
1.31348
1.31217
1.31438
1.32018
1.35559
1.40363
1.42461
1.42951
1.43002
1.42897
1.42627
1.40804
1.36545
1.33393
1.32195
1.3182
1.31857
1.34964
1.39538
1.41647
1.42
1.41726
1.41385
1.40127
1.42896
2.80584
10.6261
1.13402
1.10029
1.09509
1.09579
1.09813
1.10395
1.12572
1.18713
1.24218
1.26416
1.27128
1.27451
1.27294
1.25231
1.20504
1.16495
1.14495
1.13955
1.14108
1.14601
1.15521
1.17941
1.24742
1.30344
1.32155
1.32621
1.32407
1.30897
1.27561
1.23042
1.19761
1.18596
1.18579
1.19032
1.20005
1.22023
1.27973
1.34053
1.36058
1.36476
1.35803
1.3413
1.3186
1.28301
1.24851
1.23513
1.23469
1.24012
1.25441
1.28288
1.3357
1.37395
1.38491
1.38398
1.37663
1.36952
1.35935
1.32994
1.2989
1.28758
1.28891
1.29663
1.30753
1.32839
1.37243
1.39974
1.40706
1.4073
1.40645
1.40583
1.39817
1.36765
1.33426
1.31943
1.3167
1.31887
1.32638
1.35695
1.40013
1.42072
1.42599
1.42771
1.42879
1.42793
1.4128
1.37004
1.33399
1.31781
1.31299
1.31368
1.34421
1.39162
1.41341
1.41598
1.41404
1.40206
1.45568
2.82478
10.6447
1.16178
1.11549
1.10344
1.10195
1.10428
1.11127
1.12425
1.14562
1.19781
1.24352
1.26014
1.26351
1.26082
1.25358
1.23804
1.20257
1.16914
1.15469
1.15337
1.15729
1.16488
1.17816
1.20291
1.25781
1.29621
1.30647
1.30596
1.30191
1.29416
1.27025
1.23331
1.20837
1.20174
1.205
1.21536
1.23097
1.25128
1.28996
1.32536
1.33735
1.3366
1.33303
1.32935
1.31749
1.28769
1.26224
1.25508
1.26031
1.2743
1.28562
1.29524
1.32152
1.34975
1.36218
1.36533
1.36592
1.36564
1.36095
1.34061
1.31892
1.31066
1.31092
1.31372
1.31645
1.3237
1.35264
1.38195
1.39509
1.39924
1.40021
1.40174
1.40185
1.38342
1.35176
1.33345
1.32718
1.32426
1.32457
1.34644
1.39198
1.41867
1.42628
1.42693
1.42641
1.4264
1.41714
1.37703
1.33542
1.31529
1.30862
1.30849
1.33976
1.38924
1.41033
1.41321
1.40107
1.46512
2.87079
10.66
1.19676
1.15867
1.12882
1.11876
1.11952
1.12839
1.14065
1.1466
1.15234
1.17893
1.21879
1.24078
1.24849
1.25079
1.25255
1.24615
1.21608
1.18494
1.17284
1.17307
1.18084
1.1904
1.19436
1.2012
1.23252
1.26965
1.28774
1.29382
1.29577
1.29436
1.27806
1.25036
1.23367
1.23031
1.23438
1.23953
1.24288
1.24704
1.26356
1.29125
1.31257
1.32346
1.32762
1.3293
1.32638
1.31324
1.29961
1.29403
1.29301
1.29058
1.28056
1.27809
1.29172
1.32322
1.34705
1.35808
1.36312
1.36844
1.37484
1.37215
1.35466
1.33604
1.32237
1.3107
1.30164
1.30361
1.32861
1.3657
1.38664
1.39723
1.40735
1.41451
1.417
1.40314
1.36688
1.33681
1.32267
1.31855
1.31872
1.33618
1.38309
1.41297
1.4219
1.42641
1.42933
1.42981
1.42214
1.38194
1.33381
1.31003
1.30408
1.30565
1.34075
1.38675
1.40477
1.39776
1.46513
2.92971
10.677
1.20133
1.20186
1.18502
1.16303
1.15083
1.14818
1.14933
1.14694
1.14091
1.14036
1.15182
1.18869
1.2254
1.24434
1.25114
1.25452
1.25689
1.24472
1.21975
1.20413
1.19959
1.19784
1.18863
1.18012
1.18147
1.20362
1.24828
1.27921
1.2917
1.29589
1.30091
1.30188
1.28764
1.26716
1.25314
1.24413
1.23553
1.22717
1.22421
1.23391
1.26701
1.30261
1.32234
1.33435
1.34884
1.35776
1.35307
1.33292
1.30979
1.28904
1.27225
1.26027
1.25728
1.2681
1.30421
1.33863
1.35972
1.37932
1.39854
1.40639
1.40147
1.37427
1.33654
1.30643
1.29068
1.28543
1.28767
1.31165
1.35925
1.39319
1.40997
1.42229
1.43046
1.43258
1.4172
1.3724
1.33423
1.31698
1.30991
1.30897
1.32534
1.37806
1.41547
1.42632
1.42901
1.43013
1.43036
1.42401
1.38389
1.33109
1.30661
1.30181
1.30512
1.34145
1.38104
1.38636
1.45807
2.99171
10.6939
1.19998
1.22443
1.23296
1.22677
1.19922
1.1695
1.15113
1.14296
1.13552
1.12736
1.12525
1.1317
1.16527
1.21398
1.24486
1.26358
1.28005
1.28681
1.27916
1.24855
1.21722
1.19643
1.1833
1.17213
1.16701
1.16866
1.18458
1.23141
1.27442
1.29997
1.31842
1.33024
1.33291
1.31726
1.28507
1.25649
1.23437
1.21804
1.20976
1.21017
1.21813
1.25136
1.29882
1.33696
1.36365
1.3792
1.38406
1.37782
1.34791
1.30696
1.27306
1.25256
1.24515
1.24589
1.25498
1.29238
1.34589
1.38803
1.4108
1.41915
1.42187
1.41295
1.37211
1.31988
1.29119
1.28306
1.28283
1.28528
1.30539
1.36079
1.40674
1.4286
1.4366
1.43912
1.43706
1.41653
1.36345
1.32158
1.30756
1.30576
1.30709
1.32531
1.38193
1.4188
1.42777
1.43016
1.4309
1.42997
1.42234
1.38052
1.32676
1.3029
1.29914
1.30628
1.34242
1.36365
1.44106
3.04648
10.703
1.18539
1.23647
1.24992
1.25532
1.25216
1.22038
1.17644
1.14869
1.1334
1.12268
1.11899
1.12047
1.12558
1.15273
1.21491
1.26644
1.28873
1.29729
1.3016
1.29646
1.26256
1.21714
1.18708
1.17132
1.16572
1.16662
1.16976
1.18039
1.22556
1.28787
1.32288
1.33454
1.33892
1.34118
1.3312
1.29076
1.24622
1.22029
1.21063
1.21004
1.21279
1.2183
1.24958
1.3173
1.36501
1.38066
1.38557
1.38741
1.38033
1.3419
1.28757
1.25485
1.24505
1.24507
1.24813
1.25781
1.30807
1.38071
1.41045
1.41803
1.42007
1.4159
1.39973
1.35528
1.30845
1.28627
1.28137
1.28238
1.28716
1.31811
1.39088
1.42762
1.43536
1.43629
1.43259
1.4248
1.40203
1.35301
1.31767
1.30707
1.3062
1.30966
1.33594
1.39278
1.42327
1.42913
1.4292
1.42739
1.42464
1.41677
1.3773
1.32596
1.30267
1.29932
1.30771
1.32949
1.41473
3.08473
10.7071
1.14547
1.22905
1.25095
1.25666
1.25852
1.25249
1.22099
1.17362
1.13925
1.12341
1.11987
1.12138
1.12555
1.1357
1.16543
1.23537
1.28297
1.29678
1.30051
1.29792
1.28583
1.25366
1.21087
1.18125
1.16968
1.1688
1.17189
1.17972
1.19517
1.24108
1.30226
1.32935
1.33661
1.33763
1.33154
1.31755
1.28285
1.24193
1.2198
1.21468
1.21666
1.22194
1.23316
1.27023
1.33639
1.3695
1.37748
1.37733
1.37228
1.36198
1.32699
1.27952
1.25648
1.25289
1.25657
1.26686
1.28953
1.34016
1.38829
1.40474
1.4074
1.40532
1.40093
1.38823
1.34518
1.30353
1.28918
1.28932
1.29943
1.31899
1.35118
1.39696
1.41874
1.42306
1.42238
1.41979
1.41482
1.39451
1.35181
1.32322
1.31542
1.31714
1.32166
1.34502
1.39261
1.41701
1.42187
1.42142
1.42044
1.41912
1.41246
1.37877
1.33152
1.30528
1.2991
1.29239
1.38057
3.10045
10.7076
1.11708
1.17047
1.22231
1.24236
1.24745
1.24835
1.24715
1.22306
1.17159
1.13959
1.13124
1.13336
1.14168
1.15328
1.16474
1.18372
1.23193
1.27025
1.28244
1.28457
1.28469
1.28152
1.25738
1.21529
1.18958
1.18308
1.1864
1.19563
1.20568
1.21475
1.24194
1.29022
1.31684
1.32408
1.32589
1.32705
1.32048
1.28512
1.245
1.22853
1.22787
1.23584
1.24689
1.2549
1.27722
1.32581
1.35506
1.36345
1.3652
1.36435
1.35692
1.32425
1.28685
1.27203
1.2726
1.28021
1.28793
1.29896
1.3348
1.37291
1.38927
1.39357
1.39279
1.38711
1.37531
1.34751
1.323
1.31588
1.31832
1.32106
1.32305
1.34116
1.38169
1.40591
1.41267
1.4128
1.40949
1.40569
1.39524
1.36704
1.34145
1.32928
1.32641
1.32708
1.34132
1.38086
1.40593
1.41399
1.41579
1.41568
1.41431
1.41014
1.38486
1.34076
1.30968
1.28322
1.33794
3.07806
10.7065
1.11426
1.12234
1.15708
1.20698
1.23174
1.23888
1.23897
1.23229
1.21743
1.1866
1.1642
1.15679
1.15766
1.16124
1.16448
1.16737
1.17614
1.2111
1.25073
1.26987
1.27649
1.27755
1.27478
1.26386
1.23799
1.21706
1.20868
1.20781
1.20906
1.20864
1.21078
1.22679
1.26959
1.30312
1.31657
1.32061
1.32061
1.31881
1.30038
1.27187
1.25667
1.25323
1.25293
1.24967
1.24997
1.26427
1.30737
1.34113
1.35457
1.35878
1.36039
1.35851
1.34085
1.31558
1.30083
1.29471
1.29184
1.29007
1.29112
1.31321
1.35142
1.37361
1.38096
1.38346
1.38647
1.3876
1.37719
1.35548
1.33542
1.32171
1.31605
1.31522
1.32615
1.36205
1.38916
1.39911
1.40255
1.40827
1.41547
1.415
1.39134
1.35605
1.33349
1.3241
1.32093
1.32788
1.36227
1.39255
1.40611
1.41256
1.41578
1.4154
1.41094
1.38978
1.34796
1.29807
1.31953
3.00888
10.7132
1.11553
1.1188
1.12131
1.13591
1.17692
1.20929
1.22319
1.23207
1.24265
1.24383
1.22384
1.19513
1.17635
1.16714
1.16405
1.16426
1.164
1.16467
1.18283
1.22433
1.25451
1.26902
1.28162
1.29324
1.29415
1.2737
1.24239
1.22048
1.2102
1.20707
1.20524
1.20288
1.20944
1.24553
1.28741
1.30895
1.32247
1.33704
1.34308
1.33143
1.29754
1.268
1.25192
1.2458
1.24287
1.24213
1.25011
1.28781
1.32872
1.34945
1.36077
1.37259
1.37937
1.37059
1.3415
1.31308
1.29368
1.28149
1.27551
1.27646
1.2939
1.33518
1.36691
1.38338
1.39566
1.40895
1.41393
1.40304
1.36959
1.33498
1.31457
1.30518
1.30155
1.30838
1.34113
1.37697
1.39927
1.4169
1.43097
1.43605
1.4323
1.40276
1.35632
1.32586
1.31366
1.30873
1.312
1.34569
1.38705
1.40852
1.41672
1.41868
1.41656
1.41075
1.38967
1.3369
1.32544
2.91893
10.7307
1.12578
1.11457
1.10537
1.1047
1.11407
1.15346
1.20513
1.23724
1.25203
1.26117
1.26503
1.25293
1.21914
1.18959
1.17388
1.16472
1.15259
1.14518
1.14666
1.16087
1.20688
1.25765
1.28911
1.30588
1.31488
1.31722
1.29912
1.2585
1.22711
1.21101
1.19836
1.18936
1.18918
1.19528
1.22929
1.28653
1.32756
1.34719
1.35666
1.36034
1.35044
1.31094
1.27144
1.25052
1.23915
1.23157
1.23073
1.23701
1.27243
1.32517
1.36283
1.38387
1.39362
1.39669
1.38679
1.35072
1.31062
1.28461
1.27202
1.26691
1.26711
1.27957
1.32255
1.36955
1.40249
1.42105
1.4277
1.42866
1.41346
1.36994
1.32626
1.30226
1.29214
1.28952
1.29401
1.32776
1.38281
1.42098
1.43743
1.44238
1.44305
1.4362
1.4025
1.3493
1.31508
1.3027
1.29844
1.30108
1.34104
1.39329
1.41641
1.42136
1.41986
1.4153
1.40468
1.37083
1.36401
2.84742
10.7542
1.1398
1.10806
1.10084
1.10134
1.10383
1.11099
1.14551
1.20858
1.24855
1.26396
1.27002
1.2737
1.26955
1.23967
1.19804
1.16529
1.14784
1.14277
1.14429
1.14746
1.15781
1.20432
1.272
1.30635
1.31698
1.32111
1.32325
1.31022
1.26462
1.21912
1.19513
1.18803
1.18864
1.19139
1.19792
1.23129
1.30245
1.34455
1.35698
1.36141
1.36281
1.3532
1.31387
1.26785
1.23889
1.22879
1.22855
1.23103
1.2377
1.27517
1.34426
1.38171
1.39231
1.39616
1.39635
1.38693
1.35141
1.30578
1.27538
1.26394
1.26342
1.26584
1.27799
1.33513
1.39778
1.42055
1.42682
1.42866
1.42702
1.41042
1.36198
1.31303
1.29101
1.28733
1.28853
1.29522
1.34341
1.41094
1.4363
1.44119
1.44151
1.43901
1.43047
1.39249
1.33557
1.3047
1.29669
1.29528
1.30404
1.35832
1.4087
1.42185
1.42096
1.41594
1.40653
1.38343
1.40506
2.81771
10.7833
1.17093
1.11715
1.10549
1.10516
1.10931
1.11752
1.12633
1.14997
1.20853
1.25479
1.27061
1.2752
1.2775
1.2738
1.24248
1.18842
1.15614
1.14731
1.14814
1.15377
1.16291
1.17619
1.21656
1.28022
1.31135
1.31934
1.32191
1.32072
1.30577
1.25486
1.21009
1.19463
1.19341
1.1975
1.20641
1.21922
1.25001
1.30982
1.34555
1.35546
1.35823
1.35871
1.35064
1.30963
1.25933
1.23675
1.23305
1.23664
1.24659
1.26105
1.294
1.34962
1.37983
1.38829
1.39104
1.39194
1.38501
1.3456
1.29421
1.27045
1.26706
1.27153
1.28362
1.30489
1.35572
1.40177
1.4173
1.42094
1.42175
1.42011
1.40279
1.34836
1.3054
1.29364
1.29447
1.30267
1.32251
1.37035
1.41693
1.4321
1.4343
1.43325
1.4282
1.41602
1.37802
1.33034
1.30774
1.30314
1.30543
1.32318
1.37619
1.41147
1.41754
1.41371
1.40465
1.38569
1.43188
2.82816
10.815
1.20449
1.16301
1.13346
1.12207
1.121
1.12312
1.12585
1.13066
1.15041
1.20629
1.25108
1.26489
1.26673
1.26259
1.25588
1.23728
1.19851
1.1718
1.16405
1.16504
1.16854
1.1729
1.18128
1.21738
1.27542
1.30308
1.3094
1.30808
1.30206
1.29163
1.25848
1.22411
1.21057
1.20985
1.21368
1.2182
1.22411
1.25036
1.30602
1.33921
1.34835
1.34837
1.34231
1.33488
1.30981
1.27274
1.25419
1.25152
1.25436
1.25777
1.26318
1.29169
1.34581
1.3754
1.3833
1.38326
1.37785
1.37031
1.34239
1.30518
1.28897
1.28764
1.2905
1.29352
1.30565
1.35272
1.39676
1.41185
1.41482
1.41291
1.40586
1.38692
1.34758
1.32071
1.31382
1.31579
1.31825
1.32692
1.36817
1.41034
1.4242
1.42547
1.42017
1.41141
1.40236
1.37899
1.34486
1.32415
1.31702
1.31608
1.3304
1.37391
1.39974
1.40339
1.39747
1.37955
1.44596
2.87594
10.8423
1.21726
1.21715
1.18586
1.14975
1.13211
1.12869
1.13206
1.13953
1.14308
1.14899
1.18255
1.22728
1.24867
1.25578
1.26078
1.26406
1.25441
1.21876
1.18898
1.17755
1.17622
1.17956
1.18454
1.18805
1.20453
1.24994
1.28324
1.2952
1.29959
1.30416
1.3032
1.27832
1.24506
1.22777
1.22266
1.22343
1.22743
1.23071
1.24197
1.28194
1.31716
1.3304
1.33609
1.34256
1.34508
1.32994
1.2961
1.27152
1.26117
1.26015
1.26328
1.26697
1.28335
1.32736
1.35815
1.36809
1.37209
1.37739
1.37911
1.36154
1.32709
1.30372
1.29385
1.29252
1.29457
1.30304
1.34145
1.38129
1.39701
1.401
1.40266
1.40377
1.39738
1.37163
1.34368
1.32649
1.31932
1.31865
1.32363
1.3594
1.39521
1.40696
1.40711
1.4052
1.40508
1.40817
1.40125
1.36719
1.33432
1.32028
1.31752
1.3242
1.35783
1.38131
1.38571
1.37112
1.43972
2.9471
10.8436
1.21721
1.22492
1.22655
1.20889
1.17325
1.15129
1.14558
1.14386
1.13645
1.13076
1.13329
1.15854
1.21304
1.24943
1.2612
1.26531
1.26882
1.26842
1.24409
1.21165
1.19486
1.18946
1.18505
1.17564
1.17318
1.18377
1.22991
1.27828
1.29866
1.30444
1.30843
1.31298
1.30199
1.26923
1.24405
1.23367
1.2284
1.2189
1.21413
1.22161
1.26247
1.31227
1.33591
1.34409
1.3508
1.35754
1.35089
1.31674
1.28407
1.26955
1.26336
1.25498
1.25255
1.26544
1.31274
1.35493
1.37312
1.38142
1.39061
1.39499
1.38004
1.33984
1.30869
1.29601
1.29206
1.28904
1.29213
1.32376
1.36747
1.39131
1.40363
1.41371
1.42066
1.41754
1.38864
1.34859
1.32482
1.31773
1.31703
1.31749
1.34101
1.37601
1.39434
1.40339
1.41502
1.42343
1.42429
1.41279
1.37392
1.33497
1.31559
1.31046
1.31017
1.33521
1.36238
1.35975
1.43146
3.02669
10.8318
1.20188
1.2331
1.24242
1.24516
1.23242
1.19332
1.15954
1.13974
1.12989
1.12589
1.12679
1.13017
1.14769
1.19942
1.24146
1.26375
1.27998
1.28751
1.28828
1.26659
1.22748
1.19873
1.17984
1.16925
1.16584
1.16758
1.17544
1.21679
1.26929
1.29812
1.31729
1.32856
1.33196
1.3223
1.28585
1.25027
1.22582
1.21078
1.20502
1.20586
1.21244
1.25026
1.3049
1.33781
1.35903
1.36988
1.37319
1.36641
1.33019
1.28906
1.26076
1.24583
1.24217
1.24416
1.25605
1.30313
1.35327
1.38305
1.39906
1.40465
1.4058
1.39043
1.34797
1.31141
1.28899
1.27864
1.27768
1.2822
1.31097
1.36093
1.39849
1.41996
1.4269
1.42839
1.42452
1.39711
1.35595
1.32735
1.30984
1.30173
1.30254
1.32339
1.36702
1.40209
1.42153
1.42773
1.42833
1.42767
1.41869
1.38093
1.33479
1.30446
1.29024
1.28939
1.31663
1.34008
1.42196
3.11064
10.8184
1.16125
1.22347
1.23883
1.24433
1.24724
1.2426
1.21338
1.17426
1.14852
1.13614
1.13191
1.13246
1.13519
1.14448
1.18404
1.24016
1.27326
1.28479
1.28941
1.29166
1.2808
1.24631
1.20888
1.18457
1.17322
1.17095
1.17278
1.17752
1.20544
1.26401
1.30788
1.32463
1.33073
1.33396
1.3307
1.30258
1.25928
1.22717
1.21245
1.20908
1.21064
1.21498
1.24231
1.30399
1.34933
1.36551
1.37126
1.37431
1.37116
1.34116
1.29301
1.26054
1.24861
1.24701
1.24911
1.25699
1.29828
1.35888
1.39041
1.40026
1.40455
1.4057
1.39476
1.35573
1.31201
1.28845
1.28187
1.28233
1.28563
1.30724
1.36094
1.4034
1.41908
1.42407
1.4263
1.42446
1.40497
1.36149
1.32298
1.3062
1.30278
1.30371
1.31946
1.36856
1.4075
1.42106
1.42527
1.42643
1.42634
1.42049
1.38511
1.32919
1.29486
1.28631
1.28756
1.30461
1.39461
3.16825
10.7953
)
;

boundaryField
{
    back
    {
        type            empty;
    }
    outlet
    {
        type            calculated;
        value           nonuniform List<scalar> 
99
(
1.04917
1.05379
1.05289
1.05243
1.05072
1.04883
1.0469
1.04612
1.04654
1.04793
1.05005
1.0527
1.05578
1.05915
1.06253
1.06569
1.06864
1.07141
1.07384
1.07583
1.07754
1.0785
1.0771
1.07289
1.06711
1.06348
1.06374
1.06581
1.06824
1.07098
1.07464
1.08043
1.08822
1.09973
1.11196
1.11909
1.12224
1.12227
1.11931
1.11097
1.09908
1.09337
1.09617
1.09793
1.09549
1.09193
1.09285
1.10164
1.11937
1.13394
1.15339
1.16876
1.17211
1.16075
1.13447
1.10572
1.08243
1.07331
1.07634
1.08925
1.11484
1.13894
1.17534
1.19905
1.20168
1.18673
1.15941
1.14399
1.1193
1.10867
1.11467
1.13334
1.16094
1.17271
1.18216
1.16908
1.14056
1.11952
1.12347
1.12369
1.12159
1.13402
1.16178
1.19676
1.20133
1.19998
1.18539
1.14547
1.11708
1.11426
1.11553
1.12578
1.1398
1.17093
1.20449
1.21726
1.21721
1.20188
1.16125
)
;
    }
    top
    {
        type            calculated;
        value           nonuniform List<scalar> 
99
(
1.16125
1.22347
1.23883
1.24433
1.24724
1.2426
1.21338
1.17426
1.14852
1.13614
1.13191
1.13246
1.13519
1.14448
1.18404
1.24016
1.27326
1.28479
1.28941
1.29166
1.2808
1.24631
1.20888
1.18457
1.17322
1.17095
1.17278
1.17752
1.20544
1.26401
1.30788
1.32463
1.33073
1.33396
1.3307
1.30258
1.25928
1.22717
1.21245
1.20908
1.21064
1.21498
1.24231
1.30399
1.34933
1.36551
1.37126
1.37431
1.37116
1.34116
1.29301
1.26054
1.24861
1.24701
1.24911
1.25699
1.29828
1.35888
1.39041
1.40026
1.40455
1.4057
1.39476
1.35573
1.31201
1.28845
1.28187
1.28233
1.28563
1.30724
1.36094
1.4034
1.41908
1.42407
1.4263
1.42446
1.40497
1.36149
1.32298
1.3062
1.30278
1.30371
1.31946
1.36856
1.4075
1.42106
1.42527
1.42643
1.42634
1.42049
1.38511
1.32919
1.29486
1.28631
1.28756
1.30461
1.39461
3.16825
10.7953
)
;
    }
    inlet
    {
        type            calculated;
        value           uniform 1.40001;
    }
    bottom
    {
        type            calculated;
        value           nonuniform List<scalar> 
99
(
1.04917
1.05003
1.05135
1.05425
1.05767
1.064
1.07644
1.089
1.09568
1.09929
1.10222
1.10403
1.10486
1.10611
1.10853
1.11169
1.11606
1.12548
1.14053
1.15099
1.15627
1.15965
1.16198
1.16286
1.16367
1.16564
1.16877
1.17263
1.17948
1.19443
1.20867
1.21599
1.22021
1.22305
1.22358
1.22384
1.22542
1.2284
1.23223
1.238
1.2516
1.27044
1.28116
1.28679
1.29007
1.28973
1.28856
1.28943
1.29239
1.29652
1.30199
1.3147
1.33829
1.35393
1.36104
1.36511
1.36345
1.35949
1.35983
1.3634
1.36881
1.37528
1.38966
1.4173
1.43692
1.44652
1.45327
1.45116
1.44163
1.43952
1.44382
1.45141
1.46118
1.48389
1.51934
1.54283
1.55571
1.56389
1.55874
1.54359
1.53848
1.54522
1.55768
1.58054
1.63209
1.675
1.69808
1.71568
1.72787
1.71646
1.69256
1.68962
1.71521
1.76487
1.86375
1.96822
2.05922
3.05129
9.12234
)
;
    }
    front
    {
        type            empty;
    }
}


// ************************************************************************* //
