/*--------------------------------*- C++ -*----------------------------------*\
  =========                 |
  \\      /  F ield         | OpenFOAM: The Open Source CFD Toolbox
   \\    /   O peration     | Website:  https://openfoam.org
    \\  /    A nd           | Version:  12
     \\/     M anipulation  |
\*---------------------------------------------------------------------------*/
FoamFile
{
    format      ascii;
    class       volScalarField;
    location    "3.2";
    object      rho;
}
// * * * * * * * * * * * * * * * * * * * * * * * * * * * * * * * * * * * * * //

dimensions      [1 -3 0 0 0 0 0];

internalField   nonuniform List<scalar> 
9801
(
1.12094
1.12189
1.12581
1.13351
1.14101
1.14593
1.14929
1.152
1.1533
1.15239
1.15368
1.15636
1.16139
1.16958
1.17661
1.18098
1.18432
1.18709
1.18724
1.18662
1.18852
1.19171
1.19811
1.20721
1.21365
1.21786
1.22121
1.22314
1.22152
1.2211
1.22344
1.2275
1.23551
1.24565
1.25237
1.25687
1.26063
1.26221
1.25917
1.25939
1.26194
1.26614
1.27479
1.28484
1.29084
1.29499
1.29812
1.29692
1.29215
1.29155
1.29346
1.29745
1.30659
1.31629
1.32188
1.32562
1.32895
1.32589
1.32345
1.3262
1.33121
1.33892
1.3528
1.36362
1.36969
1.37445
1.37627
1.37052
1.37035
1.37462
1.38061
1.39388
1.41052
1.42183
1.42895
1.43427
1.43269
1.4245
1.42571
1.43283
1.44463
1.46721
1.48677
1.49878
1.50798
1.51527
1.50822
1.49928
1.50658
1.5222
1.55365
1.59207
1.62218
1.6507
1.68352
1.70639
1.71949
2.26098
4.7187
1.12663
1.12805
1.13136
1.13884
1.14651
1.15108
1.15417
1.15663
1.15807
1.15823
1.1596
1.16206
1.1664
1.1747
1.18176
1.18596
1.18905
1.19141
1.19214
1.19221
1.19411
1.19714
1.20308
1.21208
1.21841
1.22237
1.22537
1.22709
1.22614
1.2262
1.22863
1.23233
1.23997
1.25008
1.25669
1.26103
1.26444
1.26565
1.26327
1.26356
1.26602
1.26971
1.27805
1.28827
1.29427
1.2982
1.30092
1.29965
1.29552
1.29515
1.29706
1.30062
1.30994
1.32013
1.32585
1.3296
1.33245
1.32986
1.32755
1.32979
1.33412
1.34088
1.35504
1.36649
1.37283
1.37766
1.37999
1.3752
1.37429
1.37773
1.3828
1.39474
1.41189
1.42347
1.43074
1.43625
1.43629
1.4289
1.42891
1.43516
1.44471
1.46506
1.48551
1.4985
1.50832
1.51732
1.5138
1.50418
1.50921
1.52285
1.54757
1.58214
1.60949
1.63514
1.66249
1.67507
1.66153
2.18695
4.69934
1.12832
1.12953
1.13205
1.13824
1.14555
1.15036
1.15371
1.15648
1.15878
1.16023
1.16129
1.16334
1.16674
1.17421
1.18119
1.18545
1.1886
1.19127
1.19326
1.19425
1.19595
1.19854
1.20305
1.21149
1.21765
1.22153
1.22455
1.22681
1.22718
1.22787
1.2303
1.23357
1.23995
1.24971
1.25615
1.26029
1.26353
1.26507
1.26352
1.264
1.26648
1.26993
1.27773
1.28796
1.29392
1.29774
1.30035
1.29975
1.29608
1.29571
1.29771
1.30114
1.31015
1.32054
1.32617
1.32974
1.33259
1.33077
1.32783
1.32937
1.33329
1.3392
1.35297
1.36521
1.37185
1.37681
1.38022
1.37668
1.37414
1.37677
1.38141
1.39052
1.40763
1.42091
1.4287
1.4346
1.43694
1.42996
1.42815
1.4334
1.44099
1.45619
1.47963
1.49539
1.50581
1.51515
1.5154
1.50398
1.50574
1.51833
1.53665
1.56841
1.59842
1.62347
1.64881
1.66384
1.64182
2.14862
4.66119
1.1313
1.13197
1.13322
1.13694
1.1453
1.15159
1.15528
1.15821
1.16084
1.16316
1.16397
1.16531
1.16757
1.1734
1.18115
1.18605
1.18955
1.19251
1.19499
1.19611
1.19709
1.19918
1.20276
1.2106
1.21753
1.22185
1.22513
1.22787
1.22892
1.22934
1.23137
1.23424
1.23947
1.24891
1.2557
1.25994
1.26322
1.26537
1.2644
1.26457
1.2668
1.26993
1.27637
1.28639
1.29265
1.29643
1.29921
1.29955
1.29608
1.29546
1.29753
1.30083
1.3089
1.31997
1.32622
1.33009
1.33316
1.3322
1.32805
1.32861
1.33209
1.33709
1.34948
1.36318
1.37064
1.37577
1.37992
1.37775
1.37323
1.37463
1.37903
1.38612
1.40224
1.41832
1.42691
1.43276
1.43692
1.43138
1.42559
1.42917
1.43639
1.44716
1.46962
1.48903
1.50056
1.50997
1.51526
1.5058
1.50071
1.51042
1.52525
1.54901
1.57822
1.60322
1.62645
1.64602
1.63354
2.12165
4.62681
1.13082
1.13075
1.13264
1.13767
1.14687
1.15332
1.15734
1.16048
1.16327
1.16464
1.16376
1.16451
1.16706
1.17342
1.18186
1.18712
1.19084
1.19396
1.19663
1.19706
1.19693
1.19863
1.2019
1.20962
1.21779
1.22269
1.22624
1.2293
1.23093
1.23071
1.2319
1.23435
1.23846
1.24735
1.25499
1.25963
1.26308
1.26578
1.26538
1.26476
1.26655
1.26941
1.27455
1.28448
1.29152
1.29546
1.29832
1.2995
1.29627
1.29494
1.29692
1.30013
1.30701
1.3189
1.32636
1.3305
1.33357
1.33363
1.32875
1.32759
1.33044
1.33482
1.34513
1.35999
1.3687
1.3741
1.37877
1.37907
1.37339
1.37256
1.37641
1.38232
1.39487
1.41335
1.42417
1.43044
1.43577
1.43375
1.42547
1.4256
1.432
1.44031
1.45747
1.48057
1.49564
1.50607
1.51494
1.51261
1.50164
1.50384
1.51641
1.53518
1.56303
1.58757
1.60747
1.62761
1.6269
2.11182
4.60051
1.13018
1.13101
1.13361
1.14067
1.14981
1.1556
1.1595
1.16269
1.16543
1.16472
1.16296
1.16433
1.16734
1.17496
1.18379
1.18901
1.19263
1.19576
1.19812
1.19692
1.19596
1.19773
1.20118
1.20959
1.21895
1.22433
1.22798
1.2311
1.23298
1.23169
1.23164
1.23372
1.23737
1.24603
1.25506
1.26024
1.26382
1.26681
1.26715
1.26517
1.266
1.26845
1.27235
1.28167
1.29011
1.29464
1.29782
1.30011
1.29805
1.29532
1.29665
1.29978
1.3055
1.31752
1.32665
1.33133
1.33448
1.33581
1.33158
1.32783
1.32944
1.33337
1.34106
1.35631
1.3676
1.37375
1.37862
1.3811
1.37591
1.37204
1.37447
1.3798
1.38834
1.4071
1.42264
1.43059
1.43643
1.43798
1.42933
1.4252
1.42934
1.43664
1.44796
1.47012
1.4898
1.5025
1.51279
1.51938
1.51069
1.50341
1.51032
1.52428
1.54685
1.57252
1.59249
1.60983
1.61849
2.11272
4.57812
1.1303
1.1323
1.13578
1.14451
1.15335
1.15852
1.16205
1.16506
1.16603
1.16292
1.16247
1.16454
1.16825
1.17729
1.1866
1.19173
1.19517
1.19802
1.19918
1.19633
1.1955
1.19757
1.20122
1.2102
1.22065
1.22641
1.23003
1.23301
1.2345
1.23201
1.23107
1.23316
1.23677
1.24556
1.25617
1.26202
1.26561
1.26857
1.26954
1.2663
1.26521
1.26706
1.27025
1.27857
1.28918
1.29497
1.29851
1.30145
1.30119
1.29745
1.29726
1.29998
1.30439
1.31532
1.3268
1.33262
1.33603
1.33827
1.33576
1.33055
1.33026
1.33346
1.33874
1.35151
1.36654
1.37445
1.37948
1.38308
1.37983
1.37396
1.37448
1.37914
1.38508
1.399
1.41903
1.43065
1.4373
1.44225
1.43807
1.42895
1.42887
1.43479
1.44299
1.4595
1.48225
1.49851
1.5101
1.52029
1.5225
1.51149
1.50924
1.51832
1.53384
1.55826
1.57986
1.59512
1.60643
2.11682
4.55839
1.13188
1.13471
1.13886
1.14845
1.15706
1.16171
1.16483
1.1667
1.16494
1.16271
1.16367
1.16597
1.16961
1.17917
1.18941
1.19452
1.19768
1.20009
1.20005
1.19698
1.19669
1.19883
1.20215
1.21079
1.22236
1.22867
1.23221
1.23497
1.23607
1.23326
1.23189
1.23384
1.23727
1.24539
1.25721
1.26405
1.26775
1.27058
1.27188
1.26808
1.26517
1.26633
1.26922
1.27621
1.28848
1.29607
1.30012
1.30341
1.30471
1.30079
1.29927
1.30105
1.30446
1.31258
1.32634
1.33455
1.33863
1.34141
1.34095
1.33516
1.33301
1.33494
1.33891
1.34686
1.36358
1.37543
1.38132
1.38552
1.38544
1.37852
1.37641
1.37936
1.38453
1.39261
1.41157
1.42908
1.43822
1.44447
1.44752
1.43819
1.4315
1.43465
1.44177
1.452
1.47236
1.49225
1.50596
1.51702
1.5266
1.52591
1.5149
1.51542
1.52499
1.54185
1.56462
1.58102
1.5935
2.12461
4.53919
1.13471
1.13782
1.14236
1.15233
1.16074
1.16452
1.16658
1.16691
1.16539
1.16486
1.16618
1.16865
1.17207
1.18055
1.1913
1.19701
1.2001
1.20214
1.20175
1.19929
1.19929
1.20146
1.20448
1.21153
1.22332
1.23047
1.23429
1.23706
1.23848
1.23602
1.23444
1.23614
1.23907
1.24501
1.25719
1.26548
1.26955
1.27238
1.27396
1.27066
1.26688
1.26731
1.26986
1.275
1.28742
1.29741
1.3023
1.30576
1.30802
1.30511
1.30192
1.30294
1.30584
1.31088
1.32419
1.3362
1.34173
1.34502
1.34656
1.34166
1.33711
1.33742
1.3404
1.34482
1.35779
1.37466
1.38324
1.3882
1.39149
1.38667
1.38024
1.38082
1.38477
1.39051
1.40287
1.42397
1.43786
1.44542
1.45121
1.45077
1.44024
1.43708
1.44163
1.44913
1.46228
1.48405
1.50143
1.51384
1.52456
1.53218
1.52778
1.51804
1.52
1.52916
1.54675
1.56503
1.57944
2.13181
4.51836
1.13845
1.14217
1.14665
1.15512
1.16197
1.16533
1.16722
1.16849
1.16843
1.16805
1.16961
1.17222
1.17528
1.18183
1.19198
1.1981
1.20145
1.20393
1.20498
1.20293
1.20268
1.20473
1.20751
1.2124
1.22321
1.23172
1.23626
1.23949
1.2418
1.23996
1.23776
1.23905
1.24162
1.24532
1.25567
1.26601
1.27098
1.27403
1.27619
1.27403
1.26966
1.26965
1.27193
1.27529
1.28514
1.29799
1.30454
1.30831
1.31129
1.31032
1.30568
1.30541
1.30794
1.31154
1.32096
1.33634
1.34462
1.34877
1.35168
1.34959
1.34257
1.34047
1.3422
1.34549
1.35269
1.37047
1.38439
1.39102
1.39583
1.39632
1.38754
1.38356
1.38607
1.39089
1.39757
1.41427
1.43416
1.44523
1.45203
1.45775
1.45458
1.4437
1.44279
1.4485
1.45676
1.47304
1.49371
1.50873
1.52025
1.53064
1.53642
1.52965
1.52048
1.52243
1.5305
1.54633
1.56354
2.13653
4.49637
1.14338
1.14717
1.14996
1.15539
1.16178
1.16603
1.16901
1.17165
1.17332
1.17307
1.1741
1.17629
1.17886
1.18264
1.19142
1.19913
1.20333
1.20631
1.20858
1.20787
1.20676
1.20811
1.21043
1.21354
1.22232
1.23302
1.23875
1.24236
1.2452
1.24507
1.24185
1.24182
1.24369
1.24638
1.25365
1.26568
1.27234
1.2759
1.27866
1.27852
1.27394
1.27258
1.27409
1.27665
1.28263
1.29668
1.30635
1.31114
1.31472
1.31618
1.31134
1.30866
1.31026
1.31338
1.31869
1.33347
1.34655
1.35245
1.356
1.3572
1.35038
1.34448
1.34464
1.34721
1.35134
1.36354
1.38241
1.39274
1.3983
1.40242
1.39955
1.39029
1.3885
1.39173
1.39678
1.40566
1.426
1.44354
1.45292
1.45941
1.46337
1.45711
1.4482
1.44922
1.45533
1.46449
1.48285
1.50201
1.51557
1.52623
1.53567
1.53929
1.53077
1.52118
1.52187
1.52788
1.54638
2.13603
4.47371
1.14834
1.15099
1.15177
1.15394
1.16041
1.16809
1.17245
1.17544
1.17798
1.17892
1.17862
1.17952
1.18119
1.1837
1.19044
1.20028
1.20592
1.20923
1.2118
1.21266
1.21057
1.21051
1.21256
1.21562
1.22235
1.23401
1.24136
1.24526
1.2481
1.24928
1.24552
1.2436
1.24526
1.24812
1.25319
1.26498
1.27398
1.27829
1.28117
1.28272
1.27863
1.27494
1.27536
1.27792
1.282
1.29406
1.30771
1.31445
1.31842
1.32145
1.31865
1.31298
1.3126
1.31498
1.31865
1.32852
1.34574
1.35527
1.36006
1.36303
1.3604
1.35144
1.34847
1.34974
1.35261
1.35811
1.37494
1.39201
1.39999
1.40521
1.40888
1.40208
1.39313
1.3934
1.3977
1.40334
1.41498
1.43613
1.45076
1.45881
1.4652
1.4691
1.46108
1.45293
1.45496
1.46137
1.47183
1.49111
1.5086
1.52097
1.53084
1.53887
1.54094
1.53145
1.52009
1.51655
1.52879
2.12382
4.45118
1.15292
1.15256
1.1519
1.15401
1.15976
1.17
1.17639
1.17973
1.18233
1.18425
1.18324
1.18231
1.18361
1.18599
1.19103
1.2011
1.20818
1.21192
1.21456
1.21621
1.2145
1.21388
1.21589
1.21872
1.22375
1.2346
1.24328
1.24761
1.25034
1.25171
1.24896
1.24641
1.24774
1.25036
1.25394
1.26357
1.27495
1.28041
1.28353
1.28552
1.28286
1.27751
1.2774
1.28002
1.28347
1.29184
1.30759
1.31716
1.32205
1.32539
1.32534
1.31821
1.31493
1.31672
1.32007
1.3254
1.34089
1.3564
1.36334
1.36753
1.36928
1.36236
1.35397
1.35255
1.35422
1.35751
1.36649
1.38655
1.40056
1.40712
1.41181
1.41325
1.4044
1.39783
1.39936
1.40359
1.40956
1.4244
1.44551
1.45836
1.46594
1.47185
1.47337
1.46413
1.45769
1.4605
1.46698
1.47858
1.49807
1.51418
1.52542
1.53415
1.54052
1.54109
1.5313
1.51613
1.51443
2.10215
4.42985
1.1563
1.1539
1.15351
1.15563
1.1604
1.17121
1.17933
1.18326
1.18591
1.18806
1.18763
1.18573
1.18661
1.18879
1.19228
1.20109
1.20978
1.21426
1.21721
1.21956
1.21923
1.2182
1.21986
1.22243
1.22567
1.23367
1.24371
1.24903
1.25206
1.2543
1.25348
1.25049
1.25102
1.25319
1.25577
1.26119
1.27332
1.28127
1.28498
1.28759
1.28777
1.28242
1.28073
1.28307
1.28642
1.2911
1.30412
1.31783
1.32432
1.32819
1.33039
1.32534
1.31894
1.31909
1.32214
1.32594
1.33491
1.35356
1.3656
1.37081
1.37445
1.37339
1.36272
1.35639
1.35695
1.35975
1.36396
1.37663
1.39628
1.40721
1.41276
1.41773
1.41764
1.40684
1.40181
1.40463
1.40972
1.41695
1.43408
1.45321
1.46411
1.47108
1.47707
1.47837
1.46841
1.4626
1.46572
1.47201
1.48423
1.50328
1.51818
1.52827
1.53579
1.54024
1.53975
1.52687
1.51235
2.07395
4.40882
1.15878
1.15625
1.15628
1.15837
1.16204
1.17193
1.18117
1.18574
1.18867
1.191
1.19177
1.19004
1.18997
1.19154
1.19379
1.19996
1.21048
1.2168
1.22046
1.22335
1.22492
1.22348
1.22359
1.22528
1.22745
1.23172
1.24234
1.25033
1.25434
1.25718
1.25878
1.25595
1.25415
1.25499
1.25681
1.25969
1.26894
1.28099
1.28679
1.29021
1.2928
1.29032
1.28618
1.28684
1.28925
1.29221
1.29881
1.31445
1.32512
1.33013
1.3335
1.33383
1.32661
1.32328
1.32539
1.32895
1.33301
1.34512
1.36309
1.37216
1.37653
1.3793
1.37605
1.36566
1.36191
1.36319
1.3658
1.37075
1.38649
1.4047
1.41394
1.41921
1.42285
1.42062
1.41089
1.40789
1.41111
1.41603
1.42405
1.44259
1.46029
1.47039
1.47724
1.48257
1.48233
1.4725
1.46738
1.47039
1.47644
1.4887
1.50697
1.52059
1.52939
1.53526
1.53832
1.53456
1.52303
2.05292
4.38748
1.16143
1.15959
1.15968
1.16167
1.16426
1.17197
1.1825
1.18829
1.19171
1.19438
1.19629
1.1948
1.19285
1.19329
1.19523
1.19944
1.21067
1.21991
1.22433
1.22738
1.22991
1.22913
1.2265
1.2265
1.22819
1.23113
1.23968
1.25131
1.25719
1.26025
1.26269
1.26195
1.2574
1.25618
1.25748
1.25989
1.26521
1.27876
1.28888
1.29357
1.29668
1.29792
1.29308
1.29009
1.29091
1.2933
1.29698
1.30775
1.32409
1.33267
1.33714
1.34015
1.33741
1.33016
1.329
1.33103
1.33384
1.33838
1.35319
1.3702
1.37799
1.38248
1.38559
1.37997
1.36964
1.36707
1.36887
1.37176
1.37751
1.39437
1.4108
1.41873
1.42393
1.42875
1.42572
1.4155
1.41315
1.41675
1.42204
1.43118
1.44998
1.46599
1.4752
1.48171
1.48718
1.48718
1.4776
1.47227
1.47473
1.48004
1.4915
1.50867
1.52118
1.52854
1.53316
1.53312
1.53415
2.04516
4.36509
1.16454
1.16366
1.16317
1.16475
1.16688
1.1719
1.18344
1.19138
1.19517
1.19799
1.20018
1.19897
1.19496
1.19475
1.19685
1.20024
1.21012
1.22217
1.22809
1.23123
1.23382
1.23436
1.23004
1.22818
1.22945
1.23184
1.23726
1.25017
1.25911
1.26305
1.26562
1.26705
1.26272
1.25864
1.25911
1.26131
1.26445
1.27391
1.28874
1.29623
1.29995
1.30273
1.30114
1.29494
1.29356
1.29562
1.29869
1.30356
1.31808
1.33333
1.34026
1.34424
1.34638
1.34091
1.33394
1.33283
1.33484
1.3381
1.34468
1.36287
1.37858
1.38548
1.3893
1.39084
1.38327
1.37429
1.37247
1.37393
1.37682
1.38407
1.40287
1.41838
1.42581
1.4306
1.43396
1.42977
1.4208
1.41917
1.42266
1.4278
1.43713
1.45585
1.47129
1.48033
1.48686
1.49204
1.49215
1.48295
1.47668
1.4781
1.48252
1.4925
1.50858
1.52007
1.52663
1.52782
1.53765
2.04942
4.34184
1.16817
1.16794
1.16611
1.16722
1.16946
1.17332
1.18391
1.19387
1.19854
1.20118
1.20316
1.20249
1.198
1.19719
1.19914
1.20202
1.20924
1.22276
1.23085
1.23459
1.23723
1.23878
1.23494
1.23074
1.23113
1.23314
1.23617
1.24621
1.25931
1.26535
1.26847
1.27092
1.2698
1.26356
1.26174
1.26315
1.26548
1.26978
1.28369
1.2969
1.30286
1.30627
1.30849
1.30374
1.29851
1.2988
1.30109
1.30397
1.31037
1.32786
1.34128
1.34726
1.35099
1.35184
1.34382
1.33715
1.33734
1.34042
1.34424
1.35247
1.37167
1.38498
1.39082
1.3947
1.39588
1.38716
1.37856
1.37755
1.37996
1.38343
1.39163
1.41004
1.42356
1.4302
1.43522
1.43965
1.43593
1.42653
1.42447
1.42779
1.43299
1.4424
1.46086
1.47605
1.48496
1.49133
1.49638
1.49708
1.4883
1.48048
1.48028
1.48374
1.4921
1.50691
1.51781
1.52145
1.53456
2.06139
4.31789
1.17165
1.17222
1.16963
1.17075
1.17295
1.17574
1.18353
1.195
1.20107
1.20403
1.20622
1.20645
1.20234
1.20055
1.20205
1.20451
1.20892
1.22125
1.23244
1.23757
1.24037
1.24258
1.24064
1.23452
1.23307
1.23449
1.23677
1.24222
1.25675
1.26714
1.27162
1.27438
1.276
1.27092
1.26512
1.26449
1.26608
1.26891
1.27675
1.29428
1.3053
1.31055
1.31381
1.31414
1.30663
1.30225
1.30258
1.30458
1.30793
1.31772
1.33717
1.34849
1.35379
1.35759
1.35732
1.34807
1.34289
1.34356
1.34574
1.34916
1.35907
1.37886
1.39106
1.39665
1.4006
1.40138
1.39276
1.38531
1.3843
1.38539
1.38807
1.39693
1.41585
1.42947
1.43656
1.44164
1.44533
1.44164
1.43251
1.43002
1.43294
1.43785
1.44697
1.46513
1.4803
1.48914
1.49537
1.50026
1.50169
1.49333
1.48355
1.48145
1.4838
1.49031
1.50428
1.51203
1.52762
2.07559
4.29277
1.17535
1.1777
1.17466
1.17468
1.1763
1.17843
1.18246
1.19386
1.20263
1.20678
1.20937
1.21097
1.20797
1.20447
1.20505
1.20718
1.21009
1.21855
1.23241
1.23965
1.24323
1.2455
1.24554
1.23931
1.23526
1.23604
1.23828
1.24148
1.25218
1.26726
1.27417
1.27761
1.28005
1.27841
1.26983
1.26615
1.26747
1.27029
1.27457
1.28812
1.30581
1.31399
1.31828
1.32098
1.31702
1.30701
1.30391
1.30566
1.30872
1.31319
1.32733
1.34661
1.35599
1.36077
1.36463
1.36199
1.35085
1.3455
1.34636
1.34922
1.35362
1.36677
1.38678
1.39783
1.4033
1.40768
1.40763
1.39716
1.38858
1.38726
1.38914
1.39258
1.40301
1.42239
1.43529
1.44183
1.44707
1.4517
1.44829
1.43804
1.43483
1.43756
1.44212
1.45048
1.46843
1.48424
1.49316
1.49917
1.50356
1.5051
1.49748
1.48592
1.48159
1.48253
1.48811
1.49841
1.5168
2.08563
4.26647
1.17928
1.18303
1.18054
1.17783
1.17811
1.17995
1.18297
1.19171
1.20359
1.20962
1.21281
1.21485
1.21382
1.20912
1.20837
1.21031
1.21286
1.21726
1.22946
1.24044
1.24516
1.24777
1.24946
1.24536
1.23889
1.23845
1.24056
1.24322
1.24866
1.26354
1.27537
1.2803
1.28317
1.28413
1.27715
1.26996
1.27013
1.2729
1.27631
1.28315
1.30096
1.31518
1.32119
1.32479
1.32607
1.31722
1.3083
1.30803
1.31089
1.3144
1.32082
1.3388
1.35557
1.3629
1.36688
1.36954
1.36407
1.35231
1.34914
1.3515
1.35515
1.36061
1.37681
1.39599
1.40519
1.40955
1.41243
1.411
1.3998
1.39208
1.39205
1.39473
1.39881
1.41025
1.42937
1.44185
1.44828
1.45307
1.45656
1.45266
1.44235
1.43899
1.44191
1.44653
1.45482
1.47222
1.48769
1.49628
1.50179
1.50566
1.507
1.50088
1.48837
1.48094
1.48068
1.48321
1.50377
2.0859
4.23858
1.18266
1.18689
1.18589
1.18156
1.18093
1.18271
1.18513
1.19034
1.20207
1.21078
1.21465
1.21718
1.21893
1.21603
1.21306
1.21395
1.21598
1.21832
1.2246
1.23801
1.24584
1.24922
1.25149
1.25152
1.24528
1.24223
1.24352
1.24584
1.24865
1.25721
1.27296
1.28135
1.285
1.28754
1.28589
1.27738
1.27459
1.27662
1.27964
1.28318
1.29279
1.31081
1.32119
1.32562
1.32881
1.32863
1.31907
1.31353
1.31496
1.31816
1.32169
1.32922
1.34709
1.36071
1.3666
1.37046
1.37275
1.36631
1.35725
1.35618
1.35904
1.36267
1.36879
1.38485
1.40105
1.40887
1.41331
1.41671
1.41467
1.40449
1.3986
1.39904
1.40132
1.40494
1.41645
1.43485
1.44612
1.45216
1.45693
1.46039
1.45704
1.44816
1.44498
1.44752
1.45176
1.45874
1.47449
1.4893
1.49775
1.5028
1.50633
1.5078
1.50388
1.49156
1.48122
1.4755
1.49025
2.0723
4.21008
1.18496
1.18973
1.1901
1.18716
1.18524
1.18638
1.18841
1.19095
1.19834
1.21033
1.21685
1.22013
1.22261
1.22315
1.21892
1.2171
1.21793
1.21975
1.22281
1.23251
1.24526
1.25096
1.25361
1.25555
1.25313
1.24732
1.2465
1.24827
1.25077
1.25442
1.26555
1.27964
1.28638
1.28972
1.29177
1.28785
1.28086
1.28027
1.28259
1.28555
1.28941
1.30077
1.31756
1.32657
1.33087
1.33412
1.33279
1.32367
1.31996
1.32129
1.32362
1.32705
1.33581
1.35399
1.36643
1.37206
1.37577
1.37808
1.37075
1.36277
1.36244
1.365
1.36832
1.37436
1.39071
1.40657
1.41444
1.41859
1.42182
1.42028
1.41014
1.40403
1.40433
1.40709
1.41106
1.42135
1.43805
1.44949
1.45597
1.46077
1.46494
1.464
1.45569
1.45108
1.45234
1.4561
1.46152
1.47457
1.4892
1.4981
1.50313
1.5063
1.50785
1.50616
1.49597
1.48039
1.48132
2.04429
4.18206
1.18562
1.19162
1.19381
1.1944
1.1913
1.19025
1.19124
1.19299
1.19631
1.207
1.21826
1.22327
1.22584
1.22789
1.2259
1.2211
1.22054
1.22218
1.22428
1.22812
1.24
1.25122
1.25588
1.25838
1.25997
1.25562
1.25141
1.25173
1.25344
1.25534
1.25881
1.27127
1.2852
1.29171
1.29541
1.29738
1.29226
1.28653
1.28647
1.28858
1.29115
1.29476
1.30659
1.32339
1.33226
1.33671
1.33983
1.33733
1.32813
1.32461
1.32645
1.32967
1.33373
1.34299
1.3603
1.37191
1.37768
1.38115
1.38238
1.37529
1.36794
1.36764
1.37082
1.3748
1.38141
1.39645
1.41144
1.41947
1.42395
1.42644
1.42551
1.41764
1.41158
1.41081
1.41226
1.41535
1.42365
1.43999
1.45316
1.46073
1.46579
1.4696
1.4698
1.46305
1.457
1.45642
1.45922
1.46344
1.47366
1.48798
1.49778
1.5032
1.50619
1.50737
1.50682
1.49678
1.48618
2.01231
4.15474
1.18633
1.19477
1.19727
1.19969
1.19864
1.19447
1.19385
1.19539
1.19757
1.20314
1.21632
1.225
1.22881
1.23121
1.23249
1.22807
1.22442
1.22468
1.22599
1.2277
1.23285
1.24735
1.25769
1.26214
1.26477
1.26514
1.25941
1.25558
1.25501
1.25563
1.25791
1.26296
1.27839
1.29264
1.29903
1.30298
1.30434
1.29799
1.29231
1.29168
1.29262
1.29478
1.29918
1.31298
1.32958
1.33772
1.34207
1.34542
1.34287
1.33439
1.33181
1.33338
1.33566
1.33881
1.34715
1.36439
1.37591
1.38134
1.38572
1.38819
1.38224
1.3758
1.37563
1.37783
1.38043
1.38522
1.39911
1.41486
1.42336
1.42819
1.43255
1.43326
1.42538
1.41721
1.41505
1.4166
1.4199
1.42722
1.44243
1.45624
1.46404
1.46908
1.47354
1.47581
1.47077
1.46299
1.46025
1.46174
1.46487
1.47211
1.48586
1.49688
1.50273
1.50523
1.50648
1.50396
1.50387
1.9975
4.12708
1.1863
1.19825
1.20115
1.20362
1.20486
1.20046
1.19718
1.19779
1.19958
1.20214
1.21116
1.22501
1.23157
1.23467
1.23689
1.23623
1.22976
1.22638
1.22654
1.22822
1.23098
1.24
1.2566
1.26516
1.26876
1.27105
1.26928
1.26106
1.25699
1.25754
1.25962
1.26257
1.26979
1.28804
1.30119
1.30661
1.3101
1.31037
1.30181
1.29483
1.29455
1.29688
1.29971
1.30436
1.31934
1.33618
1.34426
1.34866
1.35215
1.34896
1.33976
1.33577
1.33627
1.33847
1.34201
1.35156
1.37012
1.3827
1.38846
1.39268
1.39533
1.38984
1.38179
1.37924
1.38081
1.38407
1.38912
1.40382
1.42128
1.43045
1.43469
1.43762
1.43871
1.4323
1.4236
1.42078
1.4217
1.42412
1.42939
1.44334
1.45881
1.46797
1.47339
1.47758
1.48037
1.47758
1.469
1.46378
1.46365
1.46586
1.4707
1.48316
1.49518
1.5013
1.50407
1.50262
1.51316
1.99817
4.09897
1.18496
1.20032
1.20486
1.20733
1.2094
1.20761
1.20159
1.20008
1.20135
1.20351
1.20791
1.22126
1.23315
1.2377
1.24005
1.24162
1.23704
1.22945
1.22824
1.22992
1.23228
1.23617
1.24946
1.26495
1.27151
1.27469
1.27638
1.27144
1.26245
1.2603
1.26184
1.26456
1.2682
1.27871
1.29744
1.30794
1.31269
1.3158
1.31479
1.30538
1.2995
1.29951
1.3012
1.30412
1.3102
1.32778
1.34374
1.35071
1.35463
1.35747
1.35408
1.34387
1.33928
1.34045
1.34359
1.34764
1.35789
1.37692
1.38893
1.3945
1.3982
1.40069
1.3958
1.3863
1.38353
1.38599
1.38995
1.39551
1.40878
1.42509
1.43423
1.43913
1.44264
1.4445
1.43933
1.42964
1.42485
1.42522
1.42801
1.43282
1.44518
1.46107
1.47106
1.47674
1.48095
1.48406
1.48337
1.4753
1.46759
1.46545
1.46661
1.46944
1.47974
1.49224
1.49948
1.49996
1.51351
2.00988
4.07207
1.1834
1.20035
1.2077
1.21086
1.21303
1.21369
1.20762
1.20307
1.20367
1.20572
1.20826
1.21553
1.23057
1.23918
1.24269
1.24472
1.24448
1.23646
1.23181
1.23258
1.23464
1.23705
1.24244
1.25842
1.2718
1.27738
1.28063
1.28143
1.27304
1.26509
1.2649
1.26734
1.27023
1.27404
1.28634
1.30439
1.31337
1.31773
1.32123
1.3197
1.30839
1.30241
1.30357
1.30658
1.31021
1.31767
1.33514
1.34907
1.35524
1.3594
1.36275
1.35863
1.34812
1.3447
1.34653
1.34958
1.35356
1.36461
1.38269
1.39339
1.39861
1.4027
1.40563
1.40115
1.39289
1.39091
1.39292
1.39555
1.39975
1.41186
1.42914
1.4394
1.44451
1.44749
1.44919
1.44537
1.43575
1.43029
1.43022
1.43244
1.43616
1.44605
1.46223
1.47372
1.47993
1.48408
1.48702
1.48758
1.48122
1.47163
1.46692
1.46685
1.46875
1.47678
1.4889
1.49383
1.50971
2.02541
4.04417
1.18309
1.19689
1.20905
1.2138
1.21624
1.21786
1.21496
1.2081
1.20683
1.20831
1.2103
1.21303
1.22297
1.23791
1.24467
1.24774
1.24967
1.24621
1.23774
1.23558
1.23675
1.2387
1.24147
1.24927
1.26665
1.27802
1.28281
1.28584
1.28545
1.27618
1.27001
1.27009
1.27208
1.27484
1.27955
1.29398
1.31093
1.31896
1.32302
1.32554
1.3228
1.31268
1.30876
1.31018
1.31255
1.3157
1.32378
1.34222
1.35546
1.36147
1.36498
1.36747
1.36297
1.35266
1.34962
1.35166
1.35489
1.35936
1.37022
1.38781
1.39868
1.40415
1.40778
1.41096
1.4079
1.39877
1.39521
1.39729
1.40092
1.40589
1.41664
1.43242
1.44282
1.44829
1.4516
1.4534
1.45143
1.44252
1.43531
1.43409
1.43632
1.43985
1.44813
1.46335
1.47545
1.48209
1.48606
1.48892
1.49034
1.48663
1.47701
1.46958
1.46772
1.46825
1.47382
1.48206
1.50053
2.03575
4.0138
1.18507
1.19163
1.20621
1.21492
1.21857
1.22078
1.22183
1.21625
1.21089
1.2106
1.21194
1.21389
1.21784
1.231
1.24464
1.25017
1.25285
1.25381
1.24741
1.24014
1.23953
1.2415
1.24385
1.24679
1.25576
1.27329
1.28363
1.28828
1.29165
1.29054
1.28037
1.27467
1.27531
1.27781
1.28068
1.28537
1.29969
1.31565
1.32308
1.32719
1.33074
1.32798
1.31745
1.31337
1.31518
1.3183
1.32239
1.33088
1.34745
1.35927
1.36488
1.36846
1.371
1.3679
1.35923
1.35629
1.35805
1.36122
1.36575
1.37556
1.39173
1.40274
1.40872
1.41264
1.41525
1.41376
1.40668
1.40352
1.40495
1.40746
1.41063
1.41824
1.43329
1.44519
1.45158
1.45526
1.45711
1.45618
1.44939
1.44208
1.43983
1.44134
1.44431
1.44947
1.46177
1.47499
1.48298
1.4873
1.49013
1.49246
1.49226
1.48407
1.47323
1.46774
1.46722
1.46802
1.48808
2.03503
3.98072
1.18769
1.19033
1.19886
1.21345
1.22063
1.22393
1.22606
1.22502
1.21707
1.21346
1.21433
1.21628
1.21833
1.22287
1.23761
1.24998
1.25497
1.2579
1.25808
1.25038
1.24486
1.24484
1.24612
1.24793
1.25146
1.26268
1.28033
1.28983
1.29422
1.29711
1.29503
1.28546
1.28087
1.28119
1.28245
1.28492
1.29028
1.30594
1.32157
1.32899
1.33286
1.33548
1.33292
1.32395
1.32089
1.32244
1.32447
1.32714
1.33396
1.35001
1.36254
1.36889
1.37381
1.37767
1.37555
1.36696
1.36365
1.36507
1.36723
1.37028
1.37807
1.39375
1.40566
1.41196
1.41689
1.42142
1.42207
1.41489
1.40896
1.4085
1.41129
1.41499
1.42105
1.43394
1.44676
1.45416
1.45781
1.46026
1.46164
1.45803
1.45052
1.44558
1.44486
1.44692
1.45064
1.45968
1.47358
1.48381
1.48941
1.49247
1.49457
1.49535
1.48996
1.47763
1.46872
1.46294
1.4747
2.02093
3.94629
1.19042
1.19195
1.19514
1.20682
1.22043
1.22625
1.22897
1.23065
1.22683
1.21929
1.21759
1.2184
1.21955
1.22156
1.22757
1.24439
1.25622
1.26093
1.26368
1.26277
1.25359
1.24797
1.24846
1.25086
1.25332
1.25689
1.26899
1.28639
1.2951
1.29943
1.30274
1.30042
1.28968
1.28419
1.28508
1.28764
1.29061
1.29586
1.31114
1.32634
1.3336
1.33831
1.34192
1.33963
1.32993
1.32503
1.32566
1.32818
1.33142
1.33831
1.35507
1.3692
1.37591
1.37991
1.38326
1.38188
1.37309
1.3679
1.36852
1.37133
1.37499
1.38195
1.39736
1.41138
1.41867
1.42291
1.42605
1.42738
1.42283
1.4166
1.41489
1.41645
1.41931
1.42369
1.4339
1.44805
1.45788
1.46266
1.46483
1.46644
1.46545
1.4586
1.45071
1.44786
1.4491
1.45213
1.45809
1.47154
1.48443
1.49112
1.49403
1.49561
1.49618
1.49308
1.48252
1.46797
1.46938
1.99145
3.91322
1.19399
1.19456
1.19622
1.20035
1.21394
1.22635
1.23151
1.23424
1.23538
1.22898
1.22138
1.21989
1.22121
1.22316
1.22568
1.23402
1.2517
1.26203
1.26654
1.26907
1.2672
1.25797
1.25367
1.25416
1.25542
1.25742
1.26169
1.27598
1.29298
1.3009
1.30481
1.30734
1.30468
1.29486
1.29055
1.29103
1.29224
1.29473
1.30068
1.31774
1.3333
1.34026
1.34399
1.34688
1.34531
1.33596
1.33053
1.33097
1.33334
1.33666
1.34376
1.35969
1.37309
1.38001
1.3844
1.38804
1.3876
1.3801
1.37458
1.3746
1.377
1.38048
1.38676
1.40045
1.41392
1.42163
1.42644
1.43093
1.43413
1.4314
1.42409
1.42024
1.42072
1.42326
1.42685
1.4352
1.45023
1.46113
1.46613
1.46833
1.46937
1.46961
1.46474
1.4556
1.45087
1.45143
1.45419
1.45885
1.47119
1.4846
1.4915
1.49425
1.49545
1.49564
1.4946
1.48487
1.47564
1.9608
3.88275
1.1987
1.19709
1.19807
1.19976
1.20513
1.22094
1.2326
1.23727
1.23968
1.23946
1.2305
1.22402
1.22379
1.22537
1.22716
1.22962
1.23964
1.2579
1.26765
1.2723
1.27548
1.27301
1.26223
1.25682
1.25762
1.26003
1.26258
1.26708
1.28194
1.29791
1.30515
1.30934
1.31279
1.3103
1.29897
1.29334
1.29433
1.29694
1.30022
1.30716
1.32402
1.3379
1.34433
1.34867
1.3524
1.35125
1.3411
1.33545
1.33615
1.33858
1.34178
1.34796
1.36322
1.37773
1.38518
1.38926
1.39308
1.39425
1.38725
1.38043
1.37993
1.38248
1.38566
1.39026
1.40213
1.41799
1.42779
1.43269
1.43591
1.43864
1.43832
1.43123
1.42523
1.42515
1.42822
1.43179
1.43791
1.45113
1.46258
1.46791
1.47011
1.47125
1.47243
1.47044
1.46227
1.45631
1.45581
1.45787
1.46048
1.46842
1.48162
1.48985
1.49335
1.4945
1.49532
1.49343
1.49371
1.94695
3.85299
1.20447
1.19925
1.19985
1.20142
1.20356
1.21101
1.22812
1.23843
1.24277
1.24534
1.24339
1.23328
1.22785
1.22728
1.2279
1.22978
1.23352
1.24701
1.26556
1.27447
1.27852
1.28097
1.27735
1.26678
1.26262
1.2631
1.26417
1.26638
1.27185
1.28859
1.30433
1.31124
1.31473
1.31703
1.31355
1.30319
1.29921
1.30039
1.3024
1.3053
1.31252
1.33015
1.34423
1.35053
1.354
1.35639
1.35483
1.34573
1.34014
1.34086
1.34389
1.3478
1.35431
1.36838
1.3827
1.39038
1.39439
1.39696
1.39793
1.39329
1.38648
1.38492
1.38757
1.39137
1.39675
1.40672
1.42055
1.43009
1.4354
1.43921
1.44212
1.44296
1.43833
1.43274
1.43178
1.4339
1.43683
1.44077
1.45075
1.4622
1.46878
1.47202
1.4739
1.47581
1.47634
1.47063
1.46235
1.45859
1.45902
1.46106
1.46625
1.4782
1.48812
1.49265
1.49478
1.49352
1.50328
1.94726
3.82197
1.21234
1.20365
1.20224
1.20325
1.20473
1.20724
1.21725
1.23531
1.24466
1.2486
1.25087
1.24659
1.23477
1.22951
1.23019
1.23219
1.23459
1.23957
1.25501
1.27184
1.27941
1.28344
1.28645
1.28249
1.27035
1.26523
1.26636
1.26876
1.27184
1.27859
1.29486
1.30858
1.31459
1.31798
1.32109
1.31841
1.30768
1.30339
1.30492
1.30783
1.312
1.3198
1.33472
1.34691
1.35284
1.35639
1.35975
1.35985
1.35277
1.34798
1.34856
1.35135
1.35471
1.35968
1.37073
1.38398
1.39181
1.39618
1.39971
1.4029
1.40105
1.39542
1.39372
1.39579
1.39883
1.40167
1.40711
1.41921
1.43082
1.43759
1.44168
1.44597
1.44973
1.44826
1.44194
1.43877
1.43916
1.44067
1.4427
1.44871
1.46025
1.46953
1.47473
1.47747
1.47948
1.48091
1.47734
1.46782
1.46144
1.46051
1.46193
1.46526
1.47563
1.48613
1.49204
1.49265
1.50438
1.95688
3.78978
1.22064
1.21229
1.20558
1.20506
1.2063
1.20814
1.21165
1.22481
1.24219
1.24996
1.25345
1.25526
1.24855
1.23736
1.2344
1.23548
1.23726
1.2397
1.24553
1.26236
1.27835
1.28528
1.28865
1.2905
1.28522
1.27451
1.27116
1.27254
1.27465
1.27737
1.28372
1.29964
1.31317
1.31941
1.32268
1.32441
1.32176
1.31389
1.31115
1.31275
1.31507
1.31784
1.32347
1.33694
1.35023
1.35769
1.36171
1.365
1.36672
1.36133
1.3553
1.35438
1.35627
1.35903
1.36257
1.3708
1.38478
1.39536
1.40137
1.40522
1.40922
1.41044
1.40586
1.40106
1.40021
1.40223
1.40513
1.4092
1.41883
1.4324
1.4422
1.44765
1.45161
1.45545
1.4561
1.44997
1.4441
1.44216
1.44312
1.44508
1.44922
1.45996
1.47123
1.47768
1.48053
1.48218
1.48306
1.48098
1.47339
1.46558
1.46271
1.46321
1.46511
1.47277
1.48375
1.48833
1.50138
1.96917
3.75558
1.22575
1.22443
1.21254
1.20802
1.20854
1.21035
1.21256
1.21704
1.23179
1.24749
1.25405
1.25693
1.25863
1.25159
1.24115
1.23891
1.24069
1.2432
1.24613
1.25253
1.26842
1.28244
1.28837
1.29139
1.29409
1.29018
1.27993
1.27614
1.27743
1.28012
1.28345
1.28895
1.30198
1.31508
1.32189
1.32602
1.32971
1.32919
1.32161
1.31668
1.31704
1.31982
1.32352
1.32855
1.33914
1.35292
1.36175
1.36664
1.37002
1.37231
1.36957
1.36294
1.3597
1.36073
1.36364
1.36709
1.37307
1.38614
1.39873
1.40635
1.41108
1.415
1.41784
1.4147
1.40787
1.40533
1.40636
1.40861
1.4121
1.42029
1.43432
1.44549
1.45221
1.45679
1.46042
1.46167
1.45652
1.44971
1.44669
1.44723
1.44897
1.45131
1.4594
1.47132
1.47868
1.4817
1.48292
1.48405
1.48461
1.48048
1.47127
1.46494
1.464
1.46495
1.4702
1.4791
1.49495
1.97689
3.71983
1.22775
1.23194
1.22556
1.21537
1.21234
1.21316
1.21491
1.21713
1.22218
1.23721
1.2514
1.25738
1.25997
1.26102
1.25553
1.24781
1.24642
1.2478
1.24942
1.25168
1.25733
1.2726
1.28643
1.29274
1.29581
1.29773
1.29542
1.28746
1.284
1.28447
1.28529
1.28719
1.29158
1.30421
1.31951
1.3278
1.33186
1.33483
1.33557
1.32973
1.32451
1.32434
1.32588
1.32801
1.33147
1.34058
1.35545
1.36524
1.37047
1.37501
1.37885
1.37758
1.36963
1.36527
1.36599
1.36809
1.37084
1.37564
1.38855
1.40296
1.41129
1.41637
1.42032
1.42367
1.42158
1.4135
1.40952
1.41043
1.41324
1.41658
1.42221
1.43506
1.44857
1.45657
1.46105
1.46398
1.46487
1.46245
1.45709
1.45253
1.4515
1.45283
1.45452
1.45899
1.46916
1.47828
1.48261
1.48427
1.48538
1.48673
1.48553
1.47707
1.46806
1.46441
1.46452
1.46571
1.48705
1.97751
3.68323
1.22772
1.23527
1.23628
1.22951
1.21954
1.21679
1.21776
1.21966
1.22177
1.2257
1.23929
1.25406
1.26106
1.26488
1.26709
1.26281
1.25409
1.2509
1.25201
1.25437
1.25692
1.26141
1.2749
1.28921
1.29629
1.30069
1.30409
1.30328
1.29435
1.28757
1.28708
1.28915
1.29187
1.29594
1.30717
1.32254
1.33141
1.33686
1.3413
1.3436
1.33802
1.32945
1.32711
1.32909
1.33194
1.33563
1.34413
1.35957
1.37098
1.37694
1.38075
1.38387
1.38364
1.37533
1.36908
1.36926
1.37198
1.37552
1.38087
1.39308
1.40722
1.41599
1.42114
1.42489
1.42747
1.42623
1.42008
1.41569
1.41529
1.41767
1.42133
1.42643
1.43706
1.45004
1.45866
1.46325
1.46584
1.46753
1.46848
1.46595
1.46061
1.45728
1.45651
1.4569
1.45895
1.46702
1.477
1.48219
1.48438
1.4862
1.48833
1.48906
1.48258
1.47222
1.46622
1.46277
1.47429
1.9638
3.64806
1.22391
1.23724
1.23975
1.24061
1.23436
1.22529
1.22225
1.22196
1.22198
1.22379
1.22818
1.24332
1.26
1.26731
1.27062
1.2726
1.26883
1.26035
1.25721
1.25737
1.25781
1.26
1.26496
1.27976
1.29546
1.30263
1.30621
1.30909
1.30865
1.29977
1.29309
1.29239
1.29334
1.29549
1.29962
1.31163
1.32876
1.33843
1.34314
1.34652
1.34854
1.34345
1.33473
1.33243
1.33419
1.33703
1.34124
1.34913
1.36312
1.37436
1.38054
1.3846
1.38745
1.38674
1.38013
1.37547
1.37601
1.37891
1.38246
1.38702
1.39652
1.409
1.41777
1.4232
1.42689
1.42996
1.43103
1.42792
1.42428
1.4231
1.42456
1.42733
1.4308
1.43698
1.44816
1.4587
1.46488
1.46834
1.47106
1.4742
1.47484
1.4694
1.46312
1.46025
1.45918
1.45914
1.46379
1.4739
1.48081
1.48464
1.48749
1.48985
1.49136
1.48828
1.47872
1.46652
1.46792
1.93741
3.61512
1.21471
1.23545
1.24146
1.24471
1.24657
1.24037
1.22855
1.22349
1.22389
1.22567
1.22812
1.23355
1.24976
1.26546
1.27216
1.27584
1.27867
1.27532
1.26441
1.25928
1.26021
1.26235
1.26534
1.2712
1.28564
1.29952
1.30611
1.30999
1.31352
1.31437
1.30428
1.2958
1.29554
1.29785
1.3011
1.3062
1.31765
1.33286
1.34166
1.34646
1.35015
1.35333
1.35006
1.34173
1.33901
1.3407
1.34351
1.34651
1.35202
1.36459
1.37661
1.38328
1.38669
1.3895
1.39181
1.38902
1.38453
1.38359
1.38546
1.3887
1.39246
1.39743
1.40695
1.41777
1.42558
1.43034
1.43352
1.43692
1.43804
1.43514
1.43117
1.42972
1.43118
1.43413
1.43816
1.44632
1.45769
1.46618
1.47143
1.47563
1.47932
1.48172
1.47762
1.46818
1.46224
1.45984
1.45889
1.46136
1.47099
1.48016
1.48608
1.48997
1.49246
1.49344
1.49237
1.48202
1.47089
1.90704
3.58269
1.20724
1.22665
1.24154
1.24667
1.24933
1.25051
1.24338
1.23124
1.2275
1.22843
1.23031
1.23299
1.2395
1.2568
1.27149
1.27754
1.28073
1.28276
1.27861
1.26848
1.26512
1.26641
1.26847
1.2709
1.27598
1.2899
1.30394
1.31083
1.31461
1.31647
1.31579
1.3083
1.30271
1.30297
1.30515
1.30748
1.31078
1.32033
1.33584
1.34626
1.35189
1.35542
1.35799
1.35628
1.34861
1.34424
1.345
1.34788
1.35171
1.35726
1.3664
1.3774
1.38579
1.39105
1.39422
1.39672
1.39664
1.39409
1.39198
1.39162
1.39329
1.39648
1.40059
1.40746
1.41795
1.42796
1.43462
1.4388
1.44245
1.44582
1.44496
1.43893
1.43482
1.43509
1.43669
1.43899
1.44427
1.45649
1.46841
1.47576
1.48097
1.48512
1.48745
1.48218
1.46999
1.46252
1.45987
1.45929
1.46143
1.47059
1.48083
1.4881
1.49235
1.4942
1.4949
1.49277
1.48731
1.8914
3.54858
1.20763
1.21489
1.23278
1.24467
1.24915
1.25191
1.25403
1.24715
1.23525
1.23256
1.23415
1.23642
1.23964
1.24612
1.26131
1.27429
1.2801
1.28351
1.28657
1.28407
1.27462
1.27053
1.27138
1.2736
1.27661
1.28137
1.2924
1.30503
1.31213
1.31634
1.32018
1.32232
1.31682
1.30945
1.3073
1.30888
1.3116
1.31599
1.32522
1.33928
1.3496
1.35528
1.35891
1.36167
1.36152
1.35632
1.35234
1.35257
1.35475
1.35685
1.35968
1.36554
1.37638
1.38672
1.39326
1.39786
1.40187
1.40502
1.40479
1.40116
1.39873
1.39915
1.40087
1.40348
1.40781
1.41755
1.42991
1.43832
1.44374
1.44789
1.45173
1.4522
1.44466
1.43773
1.43684
1.43894
1.44177
1.44658
1.45945
1.47341
1.48183
1.48617
1.48884
1.48892
1.48225
1.47201
1.46511
1.46235
1.46188
1.46357
1.4707
1.48083
1.48902
1.49318
1.49428
1.49216
1.49653
1.89186
3.51161
1.2105
1.21272
1.22012
1.23722
1.24856
1.25315
1.2555
1.25611
1.25029
1.24199
1.24013
1.24128
1.24264
1.2445
1.24956
1.26373
1.27757
1.28453
1.28825
1.2907
1.28963
1.2822
1.2782
1.27844
1.27934
1.28047
1.28336
1.29244
1.30707
1.3171
1.32227
1.32562
1.3276
1.32314
1.31565
1.31336
1.31498
1.31768
1.32141
1.32799
1.33999
1.35126
1.35828
1.36232
1.36575
1.3682
1.36604
1.3604
1.35699
1.35761
1.3602
1.36351
1.36795
1.37634
1.38836
1.39803
1.40356
1.40745
1.41119
1.41333
1.41003
1.4043
1.40237
1.40417
1.40706
1.41066
1.41856
1.43179
1.44242
1.44868
1.45278
1.45601
1.45665
1.4487
1.44198
1.4416
1.44414
1.44735
1.45119
1.46162
1.47562
1.48386
1.48753
1.48916
1.48784
1.48409
1.47713
1.47029
1.46641
1.46554
1.46656
1.47016
1.47882
1.48758
1.49221
1.4925
1.49901
1.89802
3.47315
1.21406
1.21585
1.21828
1.2246
1.23907
1.2501
1.25526
1.25873
1.26134
1.25758
1.24881
1.24485
1.24519
1.24697
1.24917
1.25305
1.26504
1.27964
1.28804
1.29347
1.2974
1.29776
1.29012
1.28258
1.2805
1.28186
1.28411
1.28743
1.29525
1.30969
1.32024
1.32585
1.32959
1.33253
1.33044
1.3233
1.31936
1.31963
1.32206
1.32592
1.33129
1.34127
1.35397
1.36295
1.3674
1.37016
1.37226
1.3721
1.36771
1.36334
1.36294
1.36492
1.36795
1.37185
1.37861
1.39046
1.40106
1.40757
1.41222
1.41618
1.41901
1.41759
1.41186
1.40859
1.40927
1.41137
1.41423
1.42018
1.43382
1.44597
1.45262
1.4564
1.45867
1.45848
1.45343
1.44928
1.44828
1.44939
1.45208
1.45577
1.46322
1.47515
1.48364
1.48751
1.48887
1.48764
1.48655
1.48385
1.47824
1.47249
1.46891
1.46746
1.46841
1.47393
1.48519
1.49086
1.50023
1.9076
3.43491
1.22058
1.21959
1.21968
1.22104
1.22579
1.24015
1.254
1.2609
1.26444
1.2666
1.26386
1.25523
1.25077
1.25014
1.25012
1.25174
1.25578
1.26867
1.28588
1.2952
1.29958
1.30262
1.30326
1.29557
1.28699
1.28501
1.28617
1.2882
1.29134
1.29815
1.31234
1.32441
1.331
1.33472
1.33743
1.33732
1.33101
1.32549
1.32507
1.3274
1.33111
1.33607
1.34448
1.3562
1.36493
1.3696
1.37267
1.37605
1.37864
1.37611
1.36981
1.36787
1.37006
1.37339
1.37684
1.38122
1.39126
1.40344
1.41138
1.41638
1.42042
1.42459
1.42574
1.4199
1.4142
1.41344
1.41558
1.41882
1.4233
1.43372
1.44589
1.45317
1.45719
1.45976
1.46165
1.46129
1.45935
1.45679
1.45565
1.45689
1.45964
1.46359
1.47203
1.48117
1.48656
1.48913
1.49004
1.49047
1.49013
1.48612
1.47777
1.47018
1.46574
1.46451
1.46929
1.48283
1.49805
1.91815
3.39832
1.22857
1.22074
1.22068
1.22206
1.22417
1.22875
1.24338
1.25834
1.26545
1.26959
1.27257
1.2704
1.25939
1.25249
1.25241
1.25417
1.2567
1.26185
1.27536
1.29096
1.29892
1.30312
1.30619
1.30784
1.30101
1.29125
1.28857
1.2901
1.29271
1.29648
1.30274
1.31505
1.32741
1.33467
1.3388
1.34169
1.34275
1.33823
1.33264
1.33166
1.33384
1.33731
1.34131
1.34666
1.3564
1.36697
1.37359
1.37736
1.38015
1.38233
1.38183
1.37729
1.37467
1.37558
1.37832
1.38151
1.3855
1.39341
1.40534
1.41486
1.42124
1.42561
1.42906
1.43128
1.42741
1.42133
1.41933
1.42015
1.42235
1.42557
1.43247
1.44372
1.45345
1.4599
1.46377
1.46676
1.4689
1.46882
1.46411
1.45965
1.45983
1.46248
1.46526
1.47093
1.48006
1.48728
1.49126
1.49258
1.49301
1.4935
1.49134
1.48154
1.47036
1.46375
1.46229
1.46581
1.49144
1.925
3.363
1.24093
1.22868
1.22385
1.22405
1.22547
1.22786
1.23337
1.24966
1.26479
1.27108
1.27417
1.27606
1.27299
1.2627
1.2578
1.2584
1.26026
1.26271
1.26731
1.27975
1.29481
1.30294
1.30703
1.30942
1.31022
1.30544
1.29784
1.29523
1.2964
1.29876
1.30174
1.30632
1.31649
1.32935
1.33775
1.34216
1.34521
1.348
1.34673
1.34122
1.33823
1.33922
1.34226
1.3463
1.35096
1.35763
1.36688
1.37413
1.37877
1.38266
1.3868
1.38959
1.387
1.38286
1.38237
1.38451
1.38697
1.38924
1.39362
1.40444
1.41615
1.42389
1.42912
1.43381
1.43721
1.43606
1.42963
1.42473
1.42353
1.425
1.42781
1.4329
1.44279
1.45517
1.46407
1.46795
1.47032
1.47284
1.47407
1.46975
1.4646
1.46369
1.46538
1.46769
1.47157
1.47964
1.48785
1.49277
1.49442
1.49506
1.49511
1.49348
1.48454
1.47107
1.46369
1.46206
1.47839
1.91377
3.32913
1.24869
1.24548
1.23203
1.22751
1.22825
1.23015
1.23319
1.24005
1.25505
1.26743
1.27299
1.27598
1.27863
1.27753
1.26875
1.26348
1.26339
1.26519
1.26794
1.27336
1.28433
1.29684
1.30458
1.30876
1.31143
1.3143
1.31308
1.30589
1.30105
1.30087
1.30299
1.3062
1.3105
1.31803
1.33044
1.34105
1.34679
1.35001
1.35257
1.35316
1.34954
1.34607
1.34634
1.34877
1.351
1.35326
1.35712
1.36551
1.37585
1.38336
1.38823
1.39204
1.39538
1.39535
1.39115
1.388
1.38786
1.38961
1.39217
1.39584
1.40529
1.41928
1.42966
1.43533
1.43885
1.44144
1.44107
1.4355
1.42868
1.42633
1.42835
1.43192
1.4364
1.44501
1.45783
1.46666
1.47058
1.47326
1.47582
1.4778
1.47583
1.47045
1.46809
1.46896
1.4708
1.47295
1.4796
1.48828
1.49327
1.49483
1.49524
1.49486
1.49388
1.48851
1.47577
1.4661
1.47162
1.88986
3.29557
1.25055
1.25495
1.24798
1.23632
1.23303
1.2341
1.23596
1.23858
1.244
1.25735
1.27016
1.27669
1.28011
1.2821
1.28141
1.27534
1.27067
1.27027
1.27193
1.27425
1.27771
1.28509
1.297
1.3069
1.31287
1.31631
1.31875
1.31879
1.3134
1.30788
1.3067
1.30835
1.31128
1.31523
1.32093
1.33171
1.34303
1.3495
1.35337
1.3568
1.35974
1.359
1.35431
1.35119
1.35173
1.35409
1.35693
1.36025
1.3661
1.37645
1.38551
1.39184
1.39682
1.40111
1.40336
1.39947
1.3936
1.39185
1.39332
1.39621
1.40012
1.40859
1.42237
1.43285
1.43843
1.44159
1.44325
1.44283
1.43963
1.43449
1.43245
1.43438
1.43807
1.4419
1.44774
1.45778
1.46673
1.47192
1.47559
1.47871
1.48183
1.4826
1.47782
1.47379
1.47319
1.47392
1.47474
1.47882
1.48722
1.49202
1.49374
1.49472
1.49536
1.49567
1.49371
1.48189
1.47405
1.85908
3.25932
1.24917
1.25514
1.256
1.25164
1.24252
1.23853
1.23897
1.24086
1.24391
1.24877
1.25865
1.27036
1.27789
1.28265
1.28663
1.28855
1.28436
1.2777
1.2749
1.27575
1.27824
1.28211
1.28755
1.29724
1.30822
1.31534
1.31942
1.3227
1.32504
1.32227
1.3156
1.31279
1.31403
1.31657
1.31949
1.32342
1.33236
1.34496
1.35365
1.35831
1.36159
1.36454
1.36544
1.36138
1.35734
1.35723
1.35892
1.3604
1.36257
1.36676
1.37698
1.38915
1.39736
1.40233
1.40588
1.40816
1.40585
1.40035
1.39797
1.39922
1.40224
1.40593
1.41121
1.42176
1.43287
1.43929
1.44228
1.44398
1.44585
1.44643
1.44324
1.44038
1.44072
1.44297
1.44604
1.44913
1.45529
1.465
1.47301
1.47875
1.48328
1.48768
1.48991
1.48551
1.47917
1.47635
1.47548
1.47534
1.47773
1.48549
1.49097
1.4944
1.49692
1.49838
1.49852
1.49638
1.4866
1.83502
3.21993
1.24361
1.25493
1.25802
1.26078
1.25866
1.25031
1.24571
1.24555
1.24647
1.24766
1.25057
1.25817
1.27177
1.28309
1.28917
1.2925
1.29421
1.29119
1.28418
1.28063
1.2812
1.28316
1.28568
1.28918
1.2974
1.31031
1.31971
1.32438
1.32723
1.32957
1.32899
1.32252
1.31776
1.31799
1.3205
1.3239
1.32813
1.33547
1.34704
1.35598
1.36112
1.36484
1.36838
1.3714
1.36975
1.36387
1.36063
1.36143
1.36381
1.36678
1.37083
1.37902
1.39081
1.39962
1.40507
1.40875
1.41204
1.41309
1.40939
1.40547
1.40468
1.4067
1.41014
1.41441
1.42197
1.43214
1.44026
1.44466
1.4472
1.44941
1.45186
1.452
1.44894
1.44656
1.44655
1.44823
1.45025
1.45411
1.46453
1.4761
1.4838
1.48857
1.49247
1.4952
1.49111
1.48327
1.4784
1.47562
1.47477
1.47776
1.48576
1.49299
1.49815
1.50036
1.5006
1.49988
1.49768
1.82547
3.17861
1.23453
1.25301
1.25988
1.26335
1.26564
1.26501
1.25749
1.24993
1.2479
1.24936
1.25162
1.25484
1.26082
1.27405
1.28626
1.29271
1.29649
1.29931
1.29877
1.29172
1.2856
1.2848
1.28685
1.28979
1.29355
1.30061
1.31263
1.32199
1.32683
1.32993
1.33264
1.33381
1.32943
1.32476
1.32449
1.32668
1.3295
1.33261
1.33732
1.34714
1.3578
1.36492
1.36953
1.37287
1.3754
1.37518
1.37039
1.36699
1.36745
1.3694
1.37136
1.37407
1.37948
1.39078
1.4021
1.40932
1.41346
1.41631
1.41857
1.41761
1.41376
1.41151
1.41237
1.41482
1.41781
1.42251
1.43096
1.44001
1.44577
1.44966
1.45347
1.45735
1.45964
1.45695
1.45179
1.44949
1.45022
1.45204
1.45554
1.46594
1.47921
1.48783
1.49297
1.4965
1.49851
1.49426
1.4858
1.47892
1.4755
1.47575
1.4798
1.48878
1.4968
1.50086
1.50165
1.50078
1.5029
1.82094
3.13724
1.22813
1.24105
1.25539
1.26305
1.26713
1.26979
1.27029
1.26383
1.25557
1.2534
1.25436
1.25599
1.25856
1.26357
1.27669
1.29053
1.2976
1.30109
1.30364
1.30433
1.29793
1.29107
1.29019
1.29212
1.29484
1.29831
1.30316
1.31258
1.32264
1.32904
1.33298
1.33612
1.33915
1.33833
1.33323
1.33029
1.33089
1.33335
1.33674
1.34131
1.34895
1.35865
1.36641
1.37164
1.3756
1.37936
1.38179
1.37923
1.37384
1.37121
1.3723
1.37504
1.3785
1.38334
1.39219
1.40332
1.41163
1.41666
1.42016
1.42326
1.425
1.42244
1.41805
1.41674
1.41838
1.42106
1.42426
1.42994
1.43948
1.44827
1.45415
1.45848
1.46231
1.46551
1.46384
1.45717
1.4532
1.45337
1.45511
1.45786
1.46706
1.48224
1.49188
1.49646
1.49905
1.49988
1.4958
1.48716
1.47985
1.47816
1.4795
1.48348
1.49207
1.4985
1.50089
1.50071
1.50475
1.82044
3.09817
1.22852
1.23165
1.2427
1.25825
1.2668
1.27059
1.27339
1.27539
1.27058
1.26067
1.25685
1.25775
1.25988
1.26323
1.26882
1.28081
1.29351
1.30025
1.30381
1.30646
1.30852
1.30483
1.2983
1.29596
1.29682
1.29891
1.30204
1.30602
1.31322
1.3234
1.33194
1.33743
1.34102
1.34378
1.3445
1.34087
1.33723
1.3371
1.3393
1.34204
1.34488
1.34918
1.3577
1.36839
1.37624
1.38064
1.38358
1.38569
1.38532
1.3812
1.37796
1.37844
1.38087
1.38355
1.38661
1.39242
1.40327
1.41365
1.42004
1.42421
1.42769
1.4306
1.42992
1.42501
1.42181
1.42185
1.42361
1.42638
1.43084
1.4398
1.45074
1.45846
1.46341
1.46691
1.46954
1.46876
1.46243
1.45694
1.45617
1.45824
1.46126
1.47038
1.48557
1.49433
1.49782
1.49952
1.49963
1.49698
1.48926
1.48331
1.48304
1.48418
1.48653
1.49306
1.49767
1.49916
1.50499
1.8231
3.06196
1.2306
1.23235
1.23615
1.24667
1.26186
1.27074
1.2747
1.27702
1.27821
1.27439
1.26623
1.26293
1.26374
1.26575
1.26865
1.27295
1.28227
1.29457
1.30264
1.30717
1.31022
1.31272
1.31167
1.3056
1.30166
1.30156
1.30352
1.30644
1.30995
1.31496
1.32338
1.33271
1.33936
1.34402
1.34794
1.35086
1.35025
1.34555
1.34232
1.34297
1.34568
1.34899
1.35279
1.35932
1.36964
1.37782
1.38263
1.38596
1.38941
1.39188
1.3899
1.38482
1.38276
1.38437
1.38722
1.39072
1.39538
1.40375
1.41455
1.42265
1.42784
1.43194
1.43547
1.43666
1.43159
1.4263
1.42528
1.42686
1.42934
1.43288
1.44053
1.45294
1.46206
1.46691
1.46977
1.47133
1.47178
1.46841
1.46305
1.46147
1.46308
1.46582
1.47328
1.48655
1.49411
1.49714
1.4991
1.50044
1.49966
1.49377
1.48887
1.48718
1.48669
1.48799
1.49311
1.49648
1.50403
1.82617
3.02702
1.23576
1.23523
1.23712
1.24109
1.25058
1.26384
1.27212
1.27609
1.27866
1.28135
1.28075
1.27419
1.26935
1.26855
1.26997
1.27271
1.27693
1.28467
1.29593
1.30484
1.31015
1.31359
1.3162
1.31735
1.31384
1.30919
1.30771
1.30888
1.31097
1.31328
1.31644
1.32275
1.33341
1.34333
1.34926
1.3527
1.35537
1.35628
1.35292
1.349
1.34887
1.35111
1.35367
1.3564
1.36069
1.3698
1.38002
1.3866
1.3905
1.39335
1.39569
1.39568
1.39198
1.3896
1.39046
1.39261
1.39481
1.39767
1.4037
1.41523
1.42585
1.43242
1.43656
1.43958
1.44123
1.43808
1.4321
1.4293
1.43033
1.43318
1.4366
1.44261
1.45369
1.46307
1.46797
1.47074
1.47356
1.47618
1.47562
1.4696
1.46629
1.46694
1.4691
1.47438
1.48569
1.4934
1.49762
1.5006
1.50334
1.50459
1.50006
1.4934
1.489
1.48727
1.48804
1.49289
1.50155
1.82749
2.99237
1.24504
1.23918
1.23996
1.24187
1.24523
1.25217
1.26458
1.27457
1.27991
1.28288
1.28495
1.28535
1.28092
1.27578
1.27428
1.27553
1.27803
1.28159
1.28672
1.29545
1.30491
1.31204
1.31694
1.32039
1.32294
1.32242
1.31722
1.31264
1.31218
1.31437
1.31726
1.32069
1.32557
1.33477
1.34493
1.35133
1.35536
1.35884
1.36197
1.3615
1.35644
1.35356
1.35461
1.35717
1.36047
1.36468
1.37175
1.38094
1.38785
1.39236
1.39601
1.39988
1.40255
1.40093
1.39689
1.39498
1.39567
1.39801
1.40109
1.40547
1.41495
1.42679
1.43477
1.43939
1.44257
1.44506
1.44421
1.43912
1.43511
1.43522
1.43727
1.4399
1.44391
1.45355
1.46448
1.47085
1.47427
1.47731
1.48062
1.48101
1.47422
1.46939
1.46954
1.47154
1.47599
1.48563
1.49433
1.50035
1.50458
1.50781
1.50968
1.50469
1.49536
1.4889
1.48702
1.48862
1.49746
1.8251
2.95756
1.25672
1.24729
1.24378
1.24441
1.24648
1.25048
1.25638
1.26562
1.27485
1.2808
1.28472
1.28798
1.29057
1.28948
1.28417
1.28065
1.28061
1.28237
1.28505
1.28845
1.2949
1.30539
1.31523
1.32109
1.32439
1.32683
1.32777
1.32428
1.31922
1.31809
1.31986
1.32228
1.32487
1.32821
1.33529
1.34637
1.35507
1.36008
1.36334
1.3658
1.36624
1.3626
1.35972
1.36036
1.36273
1.36544
1.36796
1.37184
1.37999
1.38968
1.3967
1.40114
1.4044
1.40697
1.40718
1.40419
1.4013
1.40076
1.40187
1.40398
1.40721
1.41433
1.42719
1.43749
1.44282
1.44598
1.44917
1.45071
1.44611
1.43953
1.43811
1.44034
1.44331
1.44712
1.45556
1.46664
1.4736
1.47764
1.48096
1.48395
1.48397
1.47696
1.47268
1.47303
1.47461
1.47783
1.48652
1.49676
1.50421
1.50868
1.51144
1.51213
1.50773
1.49707
1.48947
1.48764
1.49374
1.81673
2.92191
1.26266
1.26285
1.25467
1.25043
1.25077
1.25255
1.25505
1.25832
1.26466
1.27425
1.28317
1.28935
1.2932
1.29579
1.29633
1.29163
1.28612
1.28476
1.28636
1.28921
1.29284
1.2978
1.30637
1.31621
1.32273
1.32665
1.32991
1.3329
1.33262
1.32716
1.32329
1.32348
1.32571
1.32877
1.33265
1.3384
1.34759
1.35613
1.36158
1.36539
1.36901
1.37207
1.37139
1.36753
1.3654
1.36599
1.36833
1.37137
1.3751
1.38121
1.39048
1.39833
1.40365
1.40786
1.41143
1.41387
1.41267
1.40773
1.40428
1.40471
1.40749
1.41089
1.41671
1.42868
1.4401
1.44622
1.44972
1.45232
1.45438
1.45145
1.4447
1.44306
1.44503
1.4477
1.45045
1.45727
1.46863
1.47616
1.48035
1.48376
1.48674
1.48642
1.48046
1.47671
1.47648
1.478
1.48046
1.48756
1.49899
1.50722
1.51169
1.51409
1.51383
1.51091
1.5004
1.49092
1.49221
1.79927
2.88436
1.26429
1.26918
1.2685
1.26186
1.25565
1.25435
1.25594
1.25892
1.26245
1.26685
1.27463
1.28476
1.29214
1.29651
1.29955
1.30148
1.29879
1.29297
1.29084
1.29214
1.29441
1.29698
1.30004
1.30636
1.31706
1.32607
1.33112
1.33424
1.33661
1.3373
1.33355
1.32963
1.32938
1.33139
1.334
1.33672
1.34008
1.3467
1.35645
1.36496
1.37041
1.37392
1.37655
1.37709
1.37413
1.37136
1.37149
1.3733
1.37501
1.37736
1.38158
1.39038
1.40096
1.40816
1.41221
1.41509
1.41741
1.41834
1.41488
1.41054
1.41026
1.41259
1.4153
1.41884
1.42836
1.44046
1.4476
1.45194
1.45609
1.45948
1.45759
1.45031
1.44751
1.44842
1.45035
1.45303
1.45947
1.47115
1.47946
1.48415
1.48748
1.48961
1.48829
1.48414
1.48051
1.47945
1.48084
1.48347
1.48949
1.50094
1.51003
1.51466
1.51602
1.51537
1.5138
1.50426
1.4941
1.77747
2.84623
1.26209
1.26993
1.27224
1.27324
1.26876
1.26225
1.26019
1.26141
1.2636
1.2663
1.26937
1.27505
1.2852
1.29433
1.29979
1.30321
1.306
1.30638
1.30114
1.29642
1.29592
1.29782
1.3008
1.30447
1.30963
1.31836
1.32708
1.33257
1.33618
1.33928
1.34218
1.34187
1.33761
1.33467
1.33499
1.33731
1.34035
1.34394
1.34877
1.35686
1.36595
1.3723
1.37671
1.38037
1.38315
1.38281
1.37879
1.37554
1.37577
1.37824
1.38141
1.3853
1.39151
1.40109
1.40892
1.41387
1.41812
1.4223
1.4253
1.42316
1.41694
1.41432
1.41521
1.41727
1.42017
1.4284
1.44242
1.45222
1.45743
1.46111
1.4641
1.46204
1.45421
1.45037
1.45075
1.45301
1.4563
1.46334
1.47499
1.483
1.48719
1.48986
1.48985
1.48869
1.48769
1.4855
1.48388
1.48457
1.48681
1.49184
1.50257
1.51192
1.51652
1.51652
1.51621
1.51525
1.50737
1.76376
2.81005
1.25489
1.26865
1.27275
1.27574
1.27826
1.27695
1.26998
1.26535
1.26521
1.267
1.26949
1.27241
1.27672
1.28615
1.29699
1.3037
1.30739
1.30992
1.3111
1.30745
1.30258
1.30169
1.30341
1.30589
1.30852
1.3116
1.3179
1.32751
1.33556
1.34055
1.34372
1.34617
1.347
1.34415
1.34098
1.34079
1.34272
1.34505
1.34712
1.35009
1.35616
1.36653
1.37593
1.3815
1.38479
1.38736
1.38838
1.3857
1.38208
1.38183
1.38343
1.38493
1.38718
1.39129
1.40066
1.41162
1.41887
1.42344
1.42706
1.43025
1.42929
1.42144
1.41689
1.41771
1.42029
1.42364
1.43175
1.44637
1.45659
1.46181
1.46513
1.46724
1.46412
1.45666
1.45324
1.45431
1.45724
1.46106
1.46856
1.47885
1.48508
1.48809
1.4895
1.48899
1.48999
1.49234
1.49228
1.48971
1.48904
1.49041
1.49356
1.50277
1.51231
1.51664
1.51725
1.51777
1.51839
1.75989
2.77586
1.24693
1.26191
1.27184
1.27696
1.27976
1.28167
1.28152
1.27614
1.27095
1.26992
1.27131
1.27351
1.27656
1.28046
1.28764
1.29768
1.30494
1.30925
1.31241
1.31521
1.31527
1.31081
1.30724
1.30713
1.30917
1.3121
1.31572
1.3207
1.32837
1.3364
1.342
1.34591
1.3493
1.35221
1.35261
1.34931
1.34611
1.34577
1.34779
1.35051
1.35369
1.35829
1.367
1.37682
1.38314
1.38749
1.39162
1.39485
1.39444
1.38899
1.38507
1.38538
1.38771
1.39054
1.39409
1.40205
1.41391
1.42215
1.42724
1.43107
1.43406
1.43236
1.42423
1.42064
1.422
1.42485
1.42834
1.43585
1.44967
1.45957
1.46432
1.46697
1.4679
1.46551
1.46085
1.45857
1.45976
1.46279
1.46645
1.47235
1.47972
1.48469
1.48756
1.48944
1.49147
1.49472
1.49814
1.49905
1.49505
1.49213
1.49281
1.49477
1.50222
1.51286
1.51807
1.51965
1.52281
1.75958
2.74321
1.24613
1.25246
1.26305
1.27236
1.2779
1.28129
1.28416
1.28647
1.28433
1.27866
1.27601
1.2767
1.27852
1.28045
1.28293
1.28782
1.29747
1.30705
1.31318
1.31683
1.31938
1.32056
1.3173
1.31319
1.31265
1.31452
1.31711
1.31981
1.32273
1.32779
1.33625
1.34469
1.35039
1.35389
1.35655
1.35792
1.35578
1.35203
1.35115
1.35273
1.35493
1.35697
1.35973
1.36629
1.37788
1.38739
1.39273
1.39624
1.39913
1.39986
1.395
1.39026
1.39009
1.39187
1.39392
1.39677
1.4036
1.41625
1.42559
1.43068
1.43395
1.4363
1.43489
1.42872
1.42593
1.42706
1.42979
1.43337
1.43944
1.45049
1.45987
1.46493
1.4676
1.4695
1.47024
1.46778
1.46478
1.46473
1.46658
1.46936
1.47305
1.47894
1.48509
1.48958
1.49282
1.49629
1.49993
1.50339
1.50421
1.49832
1.49403
1.49431
1.49592
1.50427
1.51613
1.52103
1.5255
1.76088
2.71141
1.2485
1.25086
1.25474
1.26235
1.27278
1.28087
1.28565
1.2886
1.29081
1.29053
1.28554
1.28088
1.2799
1.2815
1.28389
1.28706
1.29124
1.29848
1.30756
1.31436
1.31882
1.32219
1.32497
1.32538
1.32174
1.31856
1.31833
1.32032
1.32307
1.32617
1.33015
1.33712
1.34582
1.35206
1.35616
1.35966
1.36284
1.36379
1.36041
1.35667
1.3558
1.35746
1.35998
1.36297
1.36827
1.37924
1.38937
1.39524
1.3993
1.403
1.40531
1.40143
1.39478
1.39297
1.39476
1.39752
1.40093
1.40685
1.41798
1.42736
1.43282
1.43624
1.43862
1.43849
1.43532
1.43287
1.43282
1.43436
1.43675
1.44038
1.4491
1.46009
1.46736
1.47081
1.47323
1.47535
1.47395
1.46925
1.46731
1.4688
1.47154
1.4747
1.48058
1.48812
1.49339
1.49713
1.50052
1.50369
1.50685
1.50726
1.50054
1.49621
1.49659
1.49876
1.50912
1.51944
1.52561
1.76275
2.67995
1.25215
1.25252
1.25547
1.25927
1.26451
1.273
1.28161
1.28732
1.29106
1.29389
1.2957
1.29297
1.28756
1.28564
1.2868
1.28883
1.29118
1.29397
1.2986
1.30672
1.31572
1.32247
1.32668
1.32951
1.33095
1.32845
1.32451
1.32351
1.32511
1.32761
1.33007
1.33257
1.33688
1.34534
1.3544
1.36064
1.36458
1.36758
1.36947
1.36692
1.36177
1.36006
1.36157
1.3639
1.36633
1.37009
1.38001
1.39227
1.39965
1.40365
1.40642
1.40834
1.40635
1.40074
1.3987
1.39999
1.40193
1.40425
1.40823
1.41784
1.42847
1.43514
1.43899
1.44185
1.44332
1.44185
1.438
1.43558
1.43652
1.43946
1.443
1.45056
1.46262
1.47039
1.47387
1.47643
1.47885
1.47782
1.47182
1.46983
1.47181
1.47463
1.47807
1.4848
1.49233
1.49706
1.50036
1.50333
1.50673
1.50979
1.50979
1.50422
1.50037
1.50057
1.50262
1.51268
1.52339
1.7647
2.64839
1.26104
1.25725
1.25836
1.26027
1.2626
1.26574
1.27233
1.28194
1.28981
1.29467
1.29773
1.3
1.30019
1.29558
1.29113
1.29025
1.29185
1.29447
1.29777
1.30157
1.30742
1.31593
1.32359
1.32874
1.33258
1.3357
1.33672
1.33337
1.32984
1.32907
1.33043
1.33273
1.33545
1.339
1.34644
1.3565
1.3634
1.36755
1.37067
1.37336
1.37315
1.3682
1.36459
1.36488
1.36726
1.37015
1.37393
1.38188
1.39338
1.4011
1.40562
1.4094
1.4126
1.41284
1.40712
1.40239
1.40205
1.40421
1.40713
1.41099
1.41986
1.43142
1.43837
1.44185
1.44401
1.44543
1.44527
1.44182
1.43939
1.44074
1.4439
1.4477
1.45426
1.46478
1.47217
1.47587
1.47865
1.48114
1.48047
1.47544
1.47423
1.47641
1.47912
1.48188
1.4877
1.4948
1.49936
1.50284
1.50641
1.51008
1.51314
1.51365
1.50908
1.50472
1.50396
1.50573
1.51816
1.76157
2.61666
1.27147
1.26564
1.26117
1.26135
1.26327
1.26616
1.26956
1.27455
1.28296
1.29181
1.29763
1.30112
1.30349
1.30468
1.30189
1.29724
1.29564
1.29685
1.29912
1.30183
1.30446
1.30788
1.31489
1.32495
1.33294
1.33765
1.34065
1.34229
1.33992
1.33515
1.33308
1.33413
1.33652
1.33919
1.34209
1.34724
1.35679
1.36539
1.37075
1.37425
1.37706
1.37831
1.37443
1.37027
1.37015
1.372
1.37396
1.37662
1.38262
1.39479
1.40501
1.41022
1.41338
1.4158
1.41647
1.41167
1.40628
1.40584
1.40818
1.41141
1.41588
1.42355
1.433
1.43905
1.44241
1.44476
1.44715
1.44909
1.44783
1.44553
1.44609
1.44827
1.45077
1.45497
1.46479
1.47348
1.4782
1.4818
1.48522
1.48533
1.48058
1.47866
1.47951
1.48106
1.48355
1.48997
1.49803
1.50339
1.50721
1.51084
1.51425
1.51666
1.51676
1.51282
1.50847
1.50758
1.51273
1.75098
2.58498
1.27456
1.27711
1.27162
1.26706
1.26658
1.26817
1.27052
1.2736
1.27746
1.28379
1.29199
1.29844
1.30258
1.30572
1.30855
1.30953
1.30606
1.30222
1.30122
1.30257
1.30491
1.30764
1.31065
1.31571
1.32541
1.33443
1.33989
1.34357
1.3465
1.34715
1.34287
1.33897
1.33855
1.33992
1.34197
1.34451
1.34848
1.35742
1.36761
1.37399
1.37769
1.38041
1.38273
1.381
1.37556
1.37328
1.37474
1.37737
1.38077
1.3862
1.3967
1.40642
1.41175
1.41505
1.41794
1.42019
1.41726
1.41225
1.41164
1.41393
1.4167
1.41944
1.42418
1.43268
1.43988
1.44444
1.44814
1.45192
1.45474
1.45419
1.45055
1.44895
1.44978
1.45188
1.45571
1.46618
1.47712
1.48289
1.48642
1.48942
1.48952
1.48445
1.48095
1.48111
1.48325
1.48638
1.49389
1.50228
1.50763
1.51132
1.51456
1.51718
1.51842
1.51821
1.51533
1.51259
1.5134
1.73549
2.55361
1.27395
1.27942
1.28136
1.27978
1.27473
1.27219
1.27271
1.27449
1.27713
1.28005
1.28432
1.29167
1.30001
1.30622
1.31011
1.31276
1.31445
1.31267
1.30825
1.30609
1.30689
1.30895
1.31104
1.3132
1.31653
1.32488
1.33611
1.34389
1.3482
1.35103
1.35263
1.34968
1.34427
1.34193
1.34287
1.34524
1.3481
1.35173
1.35887
1.36909
1.37653
1.38075
1.38363
1.38568
1.38547
1.38133
1.37887
1.38
1.38242
1.3849
1.38837
1.39673
1.40735
1.41427
1.41849
1.42163
1.42462
1.42382
1.4187
1.41624
1.41686
1.41872
1.42113
1.42496
1.43351
1.44289
1.44912
1.45313
1.45642
1.45911
1.45851
1.45323
1.45041
1.45169
1.45438
1.45862
1.47015
1.48123
1.48657
1.48987
1.49228
1.4917
1.48636
1.48321
1.48424
1.4869
1.49072
1.49891
1.50663
1.51115
1.51438
1.51699
1.51884
1.52
1.51988
1.5179
1.51596
1.72239
2.52383
1.27009
1.28014
1.28298
1.28505
1.28513
1.28112
1.27744
1.27699
1.27853
1.28118
1.28426
1.28745
1.29203
1.29947
1.30666
1.31173
1.31549
1.3185
1.3199
1.31674
1.31221
1.31061
1.31169
1.31385
1.31642
1.31961
1.32635
1.33768
1.3464
1.35107
1.35413
1.35652
1.35578
1.35056
1.34719
1.34763
1.34965
1.35178
1.35444
1.35971
1.3698
1.37823
1.38277
1.38596
1.38917
1.39091
1.38771
1.38357
1.38328
1.38547
1.38826
1.39161
1.39766
1.40809
1.41691
1.42226
1.42586
1.42896
1.42924
1.42362
1.41926
1.41908
1.42102
1.42374
1.42762
1.43739
1.44777
1.45317
1.45653
1.45931
1.46138
1.46018
1.45508
1.45347
1.45559
1.45864
1.46318
1.47412
1.48393
1.48866
1.49166
1.49357
1.49303
1.48905
1.48703
1.48853
1.49137
1.49537
1.50286
1.50947
1.51352
1.51653
1.51902
1.52125
1.52276
1.52226
1.51917
1.71164
2.49544
1.26273
1.2748
1.28069
1.28465
1.28783
1.29027
1.28946
1.28526
1.28315
1.28388
1.28548
1.28706
1.28925
1.29256
1.29916
1.30829
1.31564
1.31997
1.32273
1.32452
1.32268
1.31766
1.31511
1.31585
1.31795
1.32036
1.32307
1.32768
1.33777
1.34784
1.3538
1.3573
1.36007
1.36158
1.35775
1.35225
1.35079
1.35245
1.35495
1.35791
1.36225
1.37137
1.38101
1.38651
1.38974
1.39225
1.39426
1.39313
1.38937
1.38832
1.3896
1.39136
1.39382
1.39873
1.41012
1.42066
1.42613
1.42951
1.43236
1.43265
1.42622
1.42139
1.42188
1.42451
1.428
1.43289
1.44198
1.45057
1.45523
1.45828
1.46086
1.46295
1.46274
1.45901
1.45777
1.45962
1.46242
1.4665
1.47628
1.48532
1.49001
1.49317
1.49571
1.49626
1.49257
1.49049
1.49173
1.4945
1.49871
1.50608
1.51242
1.51638
1.51948
1.52224
1.52462
1.52561
1.52277
1.70266
2.46777
1.25987
1.26582
1.27468
1.28301
1.28884
1.29238
1.29481
1.29525
1.29139
1.28745
1.2868
1.28836
1.29046
1.29311
1.29617
1.30053
1.30839
1.31641
1.32159
1.32506
1.32801
1.32932
1.32565
1.3211
1.31994
1.32107
1.32304
1.32554
1.32924
1.33817
1.3497
1.35703
1.36093
1.36363
1.36542
1.36329
1.35794
1.35568
1.35676
1.35895
1.36149
1.36495
1.37271
1.38227
1.38823
1.39207
1.39561
1.39852
1.39883
1.39445
1.39121
1.39183
1.39428
1.39726
1.40219
1.41321
1.42355
1.42894
1.43217
1.43469
1.43492
1.42931
1.42568
1.42669
1.42932
1.43204
1.43587
1.44425
1.4525
1.45728
1.46059
1.46372
1.46633
1.46639
1.46249
1.46089
1.46253
1.46538
1.46951
1.47881
1.48786
1.49281
1.49598
1.49836
1.49889
1.4953
1.49331
1.49485
1.49779
1.50233
1.50991
1.516
1.51981
1.52287
1.52575
1.52779
1.52615
1.6963
2.44069
1.26135
1.26501
1.26919
1.27487
1.28279
1.2895
1.29413
1.29759
1.29993
1.29895
1.29454
1.2927
1.29354
1.29518
1.29666
1.29851
1.3013
1.30773
1.31755
1.32514
1.32934
1.33204
1.33375
1.33163
1.32648
1.32382
1.32438
1.32643
1.32924
1.33296
1.33994
1.35067
1.35869
1.36313
1.36633
1.36927
1.36969
1.36444
1.36019
1.36014
1.36196
1.36425
1.36729
1.37407
1.38471
1.39225
1.39626
1.39913
1.40146
1.40222
1.39852
1.39526
1.39598
1.39845
1.40118
1.40503
1.41495
1.42548
1.43113
1.43443
1.43701
1.43796
1.43384
1.42984
1.42996
1.43239
1.43529
1.4392
1.4468
1.45508
1.46021
1.46353
1.46641
1.46904
1.46932
1.4652
1.46378
1.46577
1.4687
1.47315
1.48243
1.49078
1.49534
1.49853
1.50125
1.50157
1.49772
1.49644
1.49836
1.5013
1.50645
1.51431
1.51985
1.52352
1.52683
1.52955
1.52939
1.69126
2.4142
1.26541
1.2669
1.26883
1.271
1.27438
1.28111
1.29013
1.29748
1.30203
1.30476
1.30567
1.30237
1.2981
1.29633
1.29725
1.29919
1.30158
1.30441
1.30919
1.31816
1.3264
1.33124
1.33442
1.33714
1.33787
1.33352
1.32949
1.32935
1.33121
1.33336
1.3359
1.34081
1.35128
1.36138
1.36703
1.37023
1.3726
1.37355
1.36952
1.36434
1.3634
1.36531
1.36802
1.37147
1.37714
1.38663
1.39399
1.39815
1.40114
1.40393
1.4059
1.40346
1.39963
1.39951
1.4018
1.40463
1.40835
1.41657
1.42688
1.43329
1.437
1.4398
1.44125
1.43804
1.43401
1.4339
1.43594
1.43847
1.44189
1.44947
1.45791
1.46292
1.4663
1.46939
1.47216
1.47167
1.4675
1.46703
1.46944
1.47239
1.477
1.48638
1.49405
1.49835
1.50163
1.50422
1.50384
1.50023
1.49971
1.50206
1.50519
1.51123
1.51877
1.52375
1.52746
1.53078
1.53237
1.68766
2.38834
1.27068
1.26831
1.26967
1.27169
1.27407
1.27675
1.28157
1.29071
1.29995
1.30558
1.3089
1.3108
1.30902
1.30377
1.30088
1.30129
1.30306
1.30506
1.30725
1.31047
1.31808
1.32795
1.33466
1.33844
1.34101
1.34266
1.34001
1.33477
1.33281
1.33414
1.33654
1.33968
1.34396
1.35253
1.36258
1.36867
1.37223
1.37517
1.37759
1.37516
1.36956
1.36834
1.37009
1.37227
1.37474
1.379
1.38784
1.39626
1.40128
1.4045
1.40718
1.4094
1.40801
1.40435
1.40388
1.40551
1.40753
1.41046
1.41788
1.42901
1.43597
1.43966
1.44246
1.4446
1.44223
1.4373
1.43651
1.43866
1.44153
1.44517
1.45288
1.46138
1.46637
1.46968
1.47262
1.47505
1.4736
1.47
1.47029
1.47281
1.47594
1.48156
1.49068
1.49716
1.50119
1.50455
1.50691
1.50615
1.50334
1.50352
1.50604
1.50949
1.51596
1.52268
1.52732
1.53118
1.53413
1.68588
2.36315
1.28057
1.2756
1.27295
1.27352
1.27501
1.27709
1.27963
1.28328
1.2915
1.30184
1.30831
1.31182
1.31428
1.31533
1.31152
1.30639
1.30467
1.30577
1.3079
1.31047
1.31357
1.31938
1.32892
1.33653
1.34083
1.34364
1.34586
1.34513
1.34054
1.33799
1.33887
1.34101
1.34328
1.34615
1.35295
1.364
1.37193
1.37608
1.37882
1.38109
1.3799
1.37424
1.37164
1.37284
1.37531
1.37826
1.38218
1.38972
1.39834
1.40384
1.40733
1.41022
1.41293
1.41264
1.40817
1.4063
1.40788
1.41051
1.41372
1.42071
1.43164
1.43875
1.44253
1.44536
1.44744
1.44494
1.44011
1.43973
1.442
1.44488
1.44875
1.45699
1.46499
1.46948
1.47268
1.47564
1.47759
1.4755
1.473
1.47412
1.47683
1.48012
1.48613
1.49413
1.49983
1.50386
1.5073
1.5096
1.50912
1.50693
1.50737
1.51001
1.51375
1.5201
1.52612
1.53086
1.53444
1.6851
2.33846
1.28491
1.28675
1.28137
1.27748
1.27683
1.2782
1.28026
1.28287
1.28598
1.29235
1.30284
1.3109
1.31514
1.31766
1.31912
1.31704
1.31196
1.3094
1.31003
1.31195
1.31399
1.31622
1.32002
1.32867
1.33771
1.34312
1.34646
1.34939
1.35084
1.34719
1.34259
1.34204
1.34395
1.34655
1.34973
1.3552
1.36527
1.37376
1.37834
1.38132
1.38386
1.38385
1.37915
1.3763
1.37717
1.37934
1.38174
1.38474
1.39111
1.40025
1.40666
1.4105
1.41345
1.41611
1.41613
1.41174
1.41001
1.41154
1.41384
1.41671
1.42362
1.43477
1.44155
1.44508
1.44789
1.44997
1.44746
1.44311
1.44323
1.44576
1.44879
1.45292
1.4606
1.46773
1.47206
1.47527
1.47822
1.48023
1.47851
1.4767
1.47776
1.48027
1.48346
1.48955
1.49723
1.50278
1.50687
1.51035
1.51264
1.51201
1.5098
1.51062
1.51354
1.51802
1.52434
1.52989
1.53383
1.68351
2.31404
1.28407
1.28913
1.29026
1.28782
1.28354
1.2819
1.28253
1.28425
1.28644
1.2892
1.29358
1.30227
1.31096
1.31626
1.31991
1.32295
1.32408
1.32004
1.31504
1.31347
1.31437
1.31627
1.31862
1.32184
1.32956
1.34011
1.34682
1.35027
1.35265
1.35413
1.35206
1.34778
1.34675
1.34828
1.35034
1.35265
1.35655
1.36588
1.3755
1.38091
1.38415
1.38717
1.38864
1.38455
1.38023
1.38001
1.38187
1.38424
1.38718
1.3932
1.40289
1.40971
1.41347
1.41636
1.41919
1.41945
1.41471
1.41269
1.41435
1.41702
1.42047
1.42752
1.43768
1.44405
1.44764
1.45051
1.45234
1.45008
1.44688
1.44726
1.44946
1.45205
1.4556
1.46291
1.47016
1.47481
1.47836
1.48152
1.48356
1.4814
1.47917
1.48035
1.48318
1.48687
1.49345
1.50081
1.50598
1.50982
1.51306
1.51493
1.51379
1.5122
1.51407
1.51759
1.52281
1.52878
1.53296
1.68064
2.29014
1.27928
1.28858
1.29188
1.29468
1.29552
1.29215
1.28824
1.28726
1.28808
1.28928
1.29107
1.294
1.30133
1.31227
1.32031
1.3245
1.32706
1.32855
1.32575
1.31994
1.3171
1.31761
1.31948
1.3219
1.32503
1.33126
1.34111
1.34817
1.35219
1.35529
1.35797
1.35785
1.3531
1.35017
1.35088
1.3531
1.35578
1.35932
1.36762
1.37819
1.38448
1.38782
1.39034
1.39184
1.38857
1.38374
1.38304
1.38498
1.3876
1.39077
1.39648
1.40595
1.41281
1.41658
1.41934
1.42164
1.42177
1.41788
1.41653
1.4183
1.42076
1.42368
1.4303
1.44027
1.44652
1.45009
1.45301
1.45529
1.4536
1.45005
1.44989
1.45204
1.45483
1.45844
1.46597
1.47373
1.47827
1.48142
1.48419
1.4855
1.48315
1.48176
1.48357
1.48655
1.49033
1.49706
1.5039
1.50862
1.51235
1.51561
1.51721
1.5156
1.51506
1.51773
1.52176
1.52748
1.53197
1.67702
2.26729
1.2727
1.28386
1.29193
1.29657
1.29918
1.30069
1.29837
1.29304
1.28997
1.29025
1.29195
1.29424
1.29734
1.30327
1.31364
1.32202
1.32662
1.32961
1.33212
1.33196
1.32617
1.32173
1.3216
1.32321
1.32508
1.3276
1.33257
1.34259
1.35138
1.35603
1.35877
1.36082
1.36134
1.35782
1.35456
1.35481
1.35675
1.35918
1.36239
1.36987
1.38017
1.38652
1.39002
1.39286
1.39519
1.39274
1.38767
1.38695
1.38889
1.39126
1.39402
1.39943
1.40876
1.41524
1.41878
1.42164
1.42439
1.4247
1.42076
1.41937
1.42115
1.42381
1.42713
1.43357
1.44303
1.44936
1.45298
1.45578
1.45744
1.45549
1.45232
1.45266
1.45505
1.45789
1.46196
1.46993
1.47683
1.48083
1.48395
1.48669
1.48752
1.48501
1.48433
1.48636
1.48925
1.49313
1.50023
1.50692
1.51155
1.51545
1.51889
1.51982
1.51761
1.51805
1.52108
1.52586
1.53066
1.67299
2.24578
1.27179
1.27644
1.28566
1.29392
1.29877
1.30177
1.30394
1.30411
1.29883
1.2945
1.29435
1.29594
1.29813
1.30087
1.30504
1.31417
1.32418
1.33005
1.3332
1.3353
1.3357
1.33114
1.32582
1.32467
1.32631
1.32865
1.3316
1.33574
1.34404
1.35262
1.3576
1.36086
1.36377
1.3657
1.36311
1.35885
1.35832
1.36012
1.36246
1.36523
1.37167
1.38252
1.38978
1.39347
1.3961
1.39816
1.39629
1.39127
1.39007
1.39181
1.39435
1.39744
1.40282
1.41172
1.41822
1.42182
1.4245
1.42677
1.42703
1.42377
1.42286
1.42471
1.42721
1.43012
1.43642
1.44581
1.45169
1.45509
1.45788
1.45943
1.45706
1.45456
1.45571
1.45838
1.46135
1.4658
1.47354
1.47961
1.48341
1.48657
1.48913
1.4893
1.4868
1.48673
1.48909
1.4921
1.49663
1.50426
1.51063
1.51519
1.51915
1.52193
1.5217
1.51994
1.5211
1.52467
1.52919
1.66828
2.22561
1.27351
1.27578
1.27929
1.28604
1.29507
1.30114
1.30436
1.30629
1.30704
1.30389
1.29983
1.29876
1.2998
1.30177
1.30447
1.30797
1.31491
1.32452
1.331
1.33464
1.33736
1.33954
1.33728
1.33174
1.33
1.33114
1.33277
1.33466
1.33768
1.34505
1.35487
1.36105
1.36439
1.36674
1.3686
1.36738
1.36305
1.36174
1.36335
1.36579
1.3688
1.37454
1.38464
1.39185
1.39557
1.39826
1.40052
1.39955
1.39519
1.39391
1.39549
1.39787
1.40066
1.40582
1.41434
1.42045
1.42394
1.42682
1.42955
1.42973
1.42621
1.42544
1.4275
1.43023
1.43356
1.44005
1.4487
1.45405
1.45737
1.45995
1.4608
1.45867
1.45747
1.45909
1.46176
1.46481
1.46957
1.47655
1.48194
1.48571
1.48896
1.49141
1.49102
1.48892
1.48966
1.4924
1.49565
1.5011
1.50865
1.51434
1.51875
1.52253
1.52435
1.52389
1.52282
1.52476
1.52802
1.66209
2.20657
1.27651
1.27743
1.27948
1.2822
1.28641
1.29377
1.3007
1.30538
1.309
1.31171
1.31157
1.30725
1.30431
1.30447
1.30588
1.30744
1.30954
1.31427
1.32428
1.33332
1.3383
1.34113
1.34334
1.34282
1.33724
1.33329
1.33346
1.33542
1.33789
1.34095
1.34682
1.35619
1.36274
1.36648
1.36959
1.37215
1.37184
1.36753
1.36593
1.36719
1.36903
1.37148
1.37642
1.38645
1.39409
1.398
1.40083
1.40349
1.40322
1.39857
1.39689
1.39842
1.40083
1.40378
1.4088
1.41731
1.42352
1.42699
1.42963
1.43184
1.43183
1.42896
1.42886
1.43108
1.43377
1.43687
1.44305
1.45082
1.4558
1.45907
1.4618
1.46324
1.46155
1.46074
1.4624
1.46504
1.46795
1.47259
1.47928
1.48443
1.48821
1.49147
1.49368
1.49317
1.49175
1.49313
1.49616
1.4998
1.50577
1.51254
1.51765
1.5218
1.52504
1.52679
1.52673
1.52669
1.52778
1.65451
2.18839
1.28313
1.28073
1.28112
1.28157
1.28278
1.28539
1.29223
1.30238
1.30985
1.31377
1.31616
1.31686
1.31313
1.30848
1.30694
1.30797
1.30978
1.31214
1.31606
1.32549
1.3356
1.34111
1.3442
1.34656
1.34691
1.342
1.33775
1.33758
1.33887
1.34051
1.34306
1.34858
1.35884
1.36655
1.37041
1.37301
1.37537
1.37543
1.37072
1.3683
1.36949
1.37176
1.37454
1.37952
1.38944
1.39727
1.40116
1.40381
1.40584
1.40548
1.40161
1.40022
1.40173
1.40414
1.40723
1.41226
1.42009
1.4258
1.42915
1.43198
1.43464
1.43456
1.43176
1.43182
1.43401
1.43673
1.43985
1.44567
1.45331
1.45845
1.46177
1.46443
1.46582
1.46424
1.46342
1.46511
1.46787
1.47103
1.47603
1.48238
1.48718
1.49083
1.494
1.49603
1.49574
1.49508
1.49698
1.50026
1.50414
1.50973
1.51564
1.52036
1.52441
1.52762
1.52963
1.53041
1.52927
1.64692
2.17086
1.29272
1.28618
1.28209
1.28187
1.28317
1.28517
1.28801
1.29417
1.30474
1.3126
1.31675
1.31945
1.32132
1.31903
1.31297
1.3103
1.31093
1.3126
1.31502
1.31875
1.32767
1.33818
1.34397
1.34691
1.34924
1.35077
1.34677
1.34089
1.33978
1.34147
1.34375
1.34683
1.35241
1.36217
1.36942
1.3731
1.3757
1.37768
1.37771
1.37361
1.37157
1.37284
1.37507
1.37787
1.38304
1.39225
1.39934
1.40305
1.40574
1.40838
1.40862
1.40484
1.40357
1.40519
1.4076
1.41024
1.41496
1.423
1.42882
1.43221
1.4349
1.43729
1.43714
1.43467
1.43487
1.43704
1.43977
1.44293
1.44884
1.45631
1.46109
1.46426
1.46692
1.46819
1.46648
1.46602
1.4681
1.47097
1.47436
1.47976
1.4855
1.48976
1.49321
1.49633
1.49861
1.4989
1.49869
1.50057
1.50372
1.50742
1.51287
1.51851
1.52312
1.52725
1.5307
1.53329
1.53242
1.64085
2.15394
1.29797
1.29803
1.2894
1.28477
1.28481
1.2864
1.2886
1.29154
1.29685
1.30696
1.31563
1.31999
1.32243
1.32404
1.32254
1.31689
1.31383
1.31434
1.31614
1.31863
1.32222
1.33027
1.3406
1.34665
1.34973
1.35172
1.35263
1.34957
1.3448
1.34403
1.34568
1.34788
1.35053
1.3555
1.36475
1.37163
1.37511
1.37759
1.38001
1.38062
1.37672
1.37493
1.3763
1.37861
1.38135
1.38575
1.39447
1.40195
1.40596
1.40862
1.41079
1.411
1.40773
1.40646
1.40806
1.41057
1.41349
1.41823
1.42583
1.43132
1.43472
1.43768
1.44033
1.43997
1.43738
1.43778
1.44005
1.44274
1.44593
1.4524
1.45948
1.46366
1.46665
1.46926
1.47018
1.4685
1.4687
1.47111
1.47407
1.47767
1.48312
1.48822
1.49221
1.49579
1.49924
1.50204
1.50189
1.50111
1.50296
1.50612
1.51024
1.51637
1.52176
1.5263
1.53063
1.53457
1.53527
1.63653
2.13782
1.29724
1.29994
1.29856
1.29357
1.28979
1.28957
1.29101
1.29303
1.29568
1.29972
1.30771
1.31602
1.32071
1.32333
1.3255
1.32617
1.32247
1.31911
1.31893
1.32053
1.32271
1.32563
1.33198
1.34146
1.34759
1.35083
1.35338
1.35572
1.35432
1.34943
1.34777
1.34891
1.35102
1.35375
1.35848
1.36712
1.37397
1.37769
1.38017
1.38221
1.38305
1.38017
1.37849
1.37967
1.38193
1.38468
1.3886
1.39651
1.40383
1.40783
1.41068
1.4134
1.41423
1.41102
1.40986
1.41146
1.41368
1.41631
1.42115
1.4291
1.43461
1.43785
1.44059
1.44288
1.44209
1.43978
1.4405
1.44293
1.44569
1.44925
1.456
1.46223
1.46602
1.46905
1.4717
1.47224
1.47055
1.47127
1.47376
1.4767
1.48062
1.48611
1.49106
1.49521
1.49899
1.50257
1.5047
1.50289
1.5025
1.50501
1.50839
1.51391
1.52023
1.52528
1.53003
1.53497
1.5372
1.63372
2.12285
1.29306
1.29952
1.30205
1.30409
1.30193
1.29725
1.29531
1.29582
1.29704
1.29831
1.30052
1.30649
1.31569
1.32244
1.32652
1.3293
1.33104
1.329
1.3247
1.32324
1.3241
1.32564
1.3277
1.33213
1.3417
1.34984
1.35418
1.35682
1.35894
1.3585
1.35396
1.35172
1.35252
1.35435
1.35677
1.3608
1.36878
1.37572
1.37968
1.38273
1.38541
1.38661
1.38394
1.3822
1.38318
1.38489
1.38717
1.39067
1.39863
1.40664
1.411
1.41376
1.41625
1.41688
1.41353
1.41232
1.41403
1.41651
1.4195
1.42466
1.43212
1.4371
1.44029
1.44316
1.44558
1.44437
1.44235
1.44348
1.44581
1.44837
1.45221
1.45927
1.46499
1.46865
1.47177
1.4743
1.47399
1.47233
1.47352
1.47607
1.47903
1.4835
1.48937
1.4943
1.49836
1.50211
1.50544
1.50529
1.50284
1.50433
1.50741
1.51191
1.5184
1.52417
1.5293
1.53484
1.53819
1.6316
2.10898
1.28465
1.29702
1.30366
1.30734
1.30941
1.30884
1.30388
1.29946
1.2981
1.29883
1.30017
1.30193
1.30606
1.31604
1.32541
1.33044
1.33334
1.33547
1.33454
1.32957
1.3263
1.32614
1.32751
1.32961
1.3337
1.34347
1.35244
1.35701
1.36012
1.36265
1.3627
1.35785
1.35488
1.3552
1.35666
1.35895
1.36306
1.37164
1.37932
1.38335
1.38603
1.38855
1.38976
1.38669
1.38437
1.38529
1.38744
1.38994
1.39365
1.40179
1.40957
1.41359
1.41633
1.41874
1.41875
1.41566
1.41525
1.41717
1.41958
1.42239
1.42766
1.43518
1.44018
1.44333
1.44609
1.44799
1.4461
1.44443
1.44579
1.44825
1.45094
1.45544
1.46258
1.46786
1.47146
1.47456
1.47669
1.47512
1.47381
1.47548
1.47815
1.48143
1.48689
1.49293
1.49751
1.50142
1.50513
1.50658
1.50404
1.5045
1.50754
1.51124
1.51673
1.52295
1.52857
1.53439
1.53833
1.62947
2.09593
1.27982
1.28742
1.29993
1.30768
1.31151
1.31405
1.31487
1.30991
1.30318
1.30039
1.30018
1.30137
1.30364
1.30849
1.31995
1.32981
1.3342
1.33667
1.33878
1.33854
1.33248
1.32819
1.32826
1.32992
1.33239
1.33711
1.3476
1.35663
1.36078
1.36328
1.36537
1.36527
1.36003
1.35683
1.35764
1.3597
1.36244
1.36721
1.37583
1.38266
1.38626
1.3889
1.39126
1.39191
1.38845
1.3867
1.38806
1.39026
1.39293
1.39724
1.40566
1.41255
1.41612
1.41871
1.42084
1.42045
1.41764
1.41773
1.41986
1.42246
1.42559
1.43104
1.43815
1.44284
1.44596
1.44867
1.44988
1.44735
1.4465
1.44829
1.45079
1.4536
1.45894
1.4661
1.47092
1.47435
1.47723
1.47809
1.47549
1.47542
1.47765
1.48038
1.48437
1.4909
1.49647
1.50069
1.50451
1.50689
1.50514
1.5052
1.50791
1.51125
1.51569
1.52167
1.52757
1.53352
1.53776
1.62729
2.08393
1.2804
1.28326
1.29201
1.30421
1.31186
1.31524
1.31728
1.31818
1.31282
1.30409
1.3016
1.3028
1.30483
1.30791
1.31377
1.32484
1.33327
1.33701
1.33925
1.34064
1.33969
1.33378
1.33069
1.33161
1.33365
1.33662
1.34206
1.35183
1.35929
1.36282
1.36514
1.36713
1.36678
1.36184
1.35996
1.36129
1.36345
1.36631
1.37153
1.37982
1.38566
1.38882
1.39118
1.3933
1.39349
1.39019
1.38945
1.39122
1.3936
1.39647
1.40123
1.40913
1.415
1.41826
1.42076
1.42243
1.42162
1.41992
1.42074
1.42302
1.42561
1.42853
1.4341
1.44113
1.44555
1.44852
1.45098
1.45107
1.4484
1.44851
1.45068
1.45335
1.45674
1.46324
1.4697
1.47384
1.47701
1.47925
1.47803
1.47615
1.47753
1.48017
1.48334
1.48877
1.49516
1.49985
1.50378
1.50668
1.50578
1.50587
1.5082
1.51124
1.51524
1.52052
1.52626
1.53218
1.53662
1.62552
2.07346
1.28343
1.28499
1.288
1.29505
1.30646
1.31327
1.31599
1.31736
1.3179
1.3144
1.30849
1.30693
1.30819
1.31015
1.31258
1.31752
1.32751
1.33473
1.33781
1.3395
1.34083
1.34082
1.33728
1.33545
1.33649
1.33847
1.34093
1.34546
1.35447
1.36131
1.36466
1.36679
1.36843
1.36838
1.36481
1.36362
1.36508
1.36729
1.37024
1.37554
1.38293
1.38783
1.39067
1.39284
1.39471
1.39508
1.39305
1.39303
1.39487
1.39721
1.39992
1.40444
1.41148
1.41661
1.41969
1.4222
1.42435
1.42392
1.42248
1.42347
1.42578
1.42845
1.43163
1.4376
1.44404
1.44799
1.45081
1.45273
1.45146
1.44973
1.45093
1.45344
1.4563
1.46086
1.46766
1.47281
1.47635
1.47919
1.47985
1.47789
1.478
1.4802
1.4832
1.48752
1.49361
1.4987
1.50276
1.50603
1.50606
1.50625
1.50835
1.51123
1.5149
1.51962
1.52493
1.53068
1.5353
1.62395
2.06432
1.28782
1.28763
1.2891
1.29162
1.29665
1.30582
1.31287
1.31666
1.31895
1.32097
1.31986
1.31471
1.31195
1.31221
1.31375
1.31605
1.32019
1.32816
1.33503
1.33895
1.34148
1.3437
1.3447
1.34206
1.33978
1.34016
1.34187
1.34431
1.34827
1.35579
1.36235
1.36614
1.3687
1.37099
1.37145
1.36865
1.36776
1.36911
1.37117
1.37378
1.37807
1.38448
1.38928
1.39245
1.39514
1.39759
1.39823
1.39645
1.39639
1.39804
1.40017
1.40256
1.40651
1.41334
1.41877
1.42215
1.42475
1.42673
1.42604
1.42502
1.42636
1.42872
1.43129
1.43467
1.44114
1.44675
1.45015
1.4528
1.45373
1.45199
1.45179
1.45376
1.45643
1.4599
1.46546
1.47116
1.47523
1.47834
1.48039
1.47975
1.47936
1.4809
1.48361
1.48723
1.49219
1.49717
1.50125
1.50474
1.50574
1.50635
1.50844
1.51124
1.51462
1.51881
1.5236
1.52916
1.53394
1.62216
2.05611
1.29589
1.29189
1.2914
1.29164
1.29236
1.29512
1.30398
1.31394
1.31965
1.32265
1.32493
1.32518
1.32058
1.31669
1.31597
1.31645
1.31757
1.32022
1.32801
1.33673
1.34185
1.34492
1.34743
1.34875
1.34617
1.34356
1.34358
1.34453
1.34606
1.34911
1.35688
1.36467
1.36898
1.37169
1.37421
1.37506
1.37248
1.3713
1.37208
1.37345
1.37557
1.37947
1.38649
1.39216
1.39556
1.39825
1.40072
1.40138
1.39944
1.39902
1.40026
1.40217
1.40455
1.40883
1.41614
1.42148
1.4247
1.42739
1.42928
1.42795
1.42714
1.4287
1.43109
1.43388
1.4386
1.44492
1.44925
1.45222
1.45429
1.45391
1.45341
1.45469
1.45701
1.45985
1.46429
1.46949
1.47373
1.47707
1.47989
1.48037
1.48047
1.482
1.48442
1.48741
1.49147
1.49561
1.49935
1.50273
1.50448
1.50614
1.50847
1.51125
1.51443
1.51817
1.52237
1.52749
1.53246
1.61991
2.04872
1.30488
1.30033
1.2942
1.29147
1.29163
1.29339
1.29663
1.30539
1.31653
1.32344
1.32726
1.32953
1.33016
1.32535
1.31937
1.31663
1.31708
1.31906
1.32265
1.33078
1.34015
1.34582
1.34893
1.35119
1.35233
1.34936
1.34552
1.3445
1.34582
1.34809
1.35187
1.35988
1.36787
1.37253
1.37528
1.37752
1.37806
1.37503
1.37299
1.37355
1.37552
1.37818
1.38257
1.38961
1.39527
1.39888
1.40154
1.40387
1.40409
1.40147
1.40066
1.4021
1.40443
1.40738
1.41255
1.41978
1.42468
1.4277
1.43009
1.43063
1.42894
1.42916
1.43125
1.43381
1.43767
1.44317
1.4479
1.45123
1.45395
1.45459
1.45449
1.45585
1.458
1.46056
1.46415
1.46875
1.47251
1.47577
1.47865
1.48019
1.48073
1.48235
1.48466
1.4875
1.49125
1.49507
1.49847
1.50094
1.5027
1.50538
1.50809
1.51097
1.51413
1.51755
1.5213
1.52603
1.53101
1.61753
2.04216
1.30714
1.30954
1.3038
1.29682
1.29464
1.29542
1.29703
1.30018
1.30879
1.32038
1.32668
1.32961
1.33167
1.33272
1.32818
1.32166
1.32003
1.32111
1.32297
1.32674
1.33531
1.34412
1.34863
1.35124
1.35337
1.35452
1.35117
1.34762
1.34779
1.34945
1.35165
1.35572
1.36384
1.37106
1.37483
1.37739
1.37951
1.37967
1.37659
1.37562
1.377
1.37904
1.38167
1.38631
1.39329
1.39838
1.40144
1.40393
1.40603
1.40541
1.40307
1.40351
1.40549
1.40783
1.41118
1.41726
1.42326
1.42686
1.42957
1.43129
1.43067
1.43054
1.43228
1.43469
1.43783
1.44263
1.44677
1.44989
1.45259
1.45414
1.45438
1.45596
1.45835
1.46106
1.4646
1.46867
1.47201
1.47489
1.47728
1.47869
1.48013
1.48197
1.48435
1.48726
1.49098
1.4946
1.49786
1.4996
1.50065
1.5034
1.50654
1.50987
1.51323
1.51668
1.52022
1.52444
1.52837
1.61396
2.03687
)
;

boundaryField
{
    back
    {
        type            empty;
    }
    outlet
    {
        type            calculated;
        value           nonuniform List<scalar> 
99
(
1.12071
1.12642
1.12802
1.13099
1.13034
1.12969
1.13001
1.13172
1.13462
1.13842
1.14336
1.14824
1.15264
1.15581
1.15817
1.16098
1.16419
1.16792
1.17145
1.1752
1.17919
1.1826
1.185
1.18577
1.18682
1.18727
1.18616
1.18437
1.1835
1.18507
1.18759
1.19024
1.19366
1.19814
1.2035
1.21114
1.21994
1.22559
1.22785
1.22826
1.22531
1.21651
1.20799
1.20773
1.21036
1.21393
1.22005
1.22711
1.23948
1.24857
1.25049
1.24938
1.24459
1.23595
1.22846
1.22849
1.23042
1.23517
1.24374
1.25557
1.2626
1.2644
1.26266
1.25611
1.24765
1.24626
1.24838
1.25165
1.25997
1.27082
1.27449
1.2742
1.27099
1.26346
1.25997
1.26136
1.26517
1.26983
1.27986
1.28482
1.28427
1.28003
1.27319
1.27187
1.27352
1.27628
1.28241
1.29191
1.29783
1.2972
1.29352
1.28548
1.27997
1.28045
1.28337
1.28741
1.2951
1.30448
1.3071
)
;
    }
    top
    {
        type            calculated;
        value           nonuniform List<scalar> 
99
(
1.30714
1.30954
1.3038
1.29682
1.29464
1.29542
1.29703
1.30018
1.30879
1.32038
1.32668
1.32961
1.33167
1.33272
1.32818
1.32166
1.32003
1.32111
1.32297
1.32674
1.33531
1.34412
1.34863
1.35124
1.35337
1.35452
1.35117
1.34762
1.34779
1.34945
1.35165
1.35572
1.36384
1.37106
1.37483
1.37739
1.37951
1.37967
1.37659
1.37562
1.377
1.37904
1.38167
1.38631
1.39329
1.39838
1.40144
1.40393
1.40603
1.40541
1.40307
1.40351
1.40549
1.40783
1.41118
1.41726
1.42326
1.42686
1.42957
1.43129
1.43067
1.43054
1.43228
1.43469
1.43783
1.44263
1.44677
1.44989
1.45259
1.45414
1.45438
1.45596
1.45835
1.46106
1.4646
1.46867
1.47201
1.47489
1.47728
1.47869
1.48013
1.48197
1.48435
1.48726
1.49098
1.4946
1.49786
1.4996
1.50065
1.5034
1.50654
1.50987
1.51323
1.51668
1.52022
1.52444
1.52837
1.61396
2.03687
)
;
    }
    inlet
    {
        type            calculated;
        value           uniform 1.40001;
    }
    bottom
    {
        type            calculated;
        value           nonuniform List<scalar> 
99
(
1.12094
1.12189
1.12581
1.13351
1.14101
1.14593
1.14929
1.152
1.1533
1.15239
1.15368
1.15636
1.16139
1.16958
1.17661
1.18098
1.18432
1.18709
1.18724
1.18662
1.18852
1.19171
1.19811
1.20721
1.21365
1.21786
1.22121
1.22314
1.22152
1.2211
1.22344
1.2275
1.23551
1.24565
1.25237
1.25687
1.26063
1.26221
1.25917
1.25939
1.26194
1.26614
1.27479
1.28484
1.29084
1.29499
1.29812
1.29692
1.29215
1.29155
1.29346
1.29745
1.30659
1.31629
1.32188
1.32562
1.32895
1.32589
1.32345
1.3262
1.33121
1.33892
1.3528
1.36362
1.36969
1.37445
1.37627
1.37052
1.37035
1.37462
1.38061
1.39388
1.41052
1.42183
1.42895
1.43427
1.43269
1.4245
1.42571
1.43283
1.44463
1.46721
1.48677
1.49878
1.50798
1.51527
1.50822
1.49928
1.50658
1.5222
1.55365
1.59207
1.62218
1.6507
1.68352
1.70639
1.71949
2.26098
4.7187
)
;
    }
    front
    {
        type            empty;
    }
}


// ************************************************************************* //
