/*--------------------------------*- C++ -*----------------------------------*\
  =========                 |
  \\      /  F ield         | OpenFOAM: The Open Source CFD Toolbox
   \\    /   O peration     | Website:  https://openfoam.org
    \\  /    A nd           | Version:  12
     \\/     M anipulation  |
\*---------------------------------------------------------------------------*/
FoamFile
{
    format      ascii;
    class       volScalarField;
    location    "1.1";
    object      T;
}
// * * * * * * * * * * * * * * * * * * * * * * * * * * * * * * * * * * * * * //

dimensions      [0 0 0 1 0 0 0];

internalField   nonuniform List<scalar> 
9801
(
0.948319
0.948546
0.949139
0.949206
0.949179
0.948801
0.948658
0.948767
0.949233
0.950476
0.952325
0.952885
0.953045
0.952499
0.952448
0.952525
0.952777
0.954075
0.956023
0.956718
0.95692
0.956514
0.956265
0.956391
0.956692
0.95779
0.960336
0.961436
0.961693
0.961221
0.960738
0.960742
0.960843
0.961418
0.963646
0.965765
0.96632
0.966365
0.965694
0.96566
0.965817
0.966208
0.967074
0.96991
0.971518
0.971665
0.971389
0.971288
0.97135
0.97165
0.972129
0.973752
0.975875
0.976823
0.977039
0.977027
0.97737
0.977851
0.978581
0.980025
0.981178
0.981614
0.981979
0.982365
0.982772
0.983303
0.984272
0.986528
0.988531
0.989117
0.989127
0.989168
0.989385
0.989861
0.990627
0.991938
0.995088
0.997541
0.998343
0.998173
0.997469
0.997746
0.998494
0.999789
1.0022
1.00617
1.00889
1.01017
1.00983
1.00858
1.00887
1.01051
1.01374
1.02047
1.02697
1.03335
1.03751
1.09753
1.32867
0.949383
0.949661
0.950326
0.950564
0.950647
0.950057
0.949788
0.950031
0.950664
0.952131
0.953647
0.954307
0.954656
0.954126
0.953687
0.953824
0.954212
0.95552
0.957286
0.958147
0.95857
0.958275
0.957563
0.957754
0.958157
0.959218
0.961285
0.96251
0.96315
0.963042
0.962085
0.962106
0.962392
0.963086
0.964828
0.966505
0.967448
0.968023
0.967339
0.967
0.967335
0.96787
0.96873
0.970399
0.971827
0.972707
0.973176
0.972759
0.972866
0.973354
0.974158
0.975229
0.97626
0.97725
0.977919
0.977845
0.978278
0.979014
0.980137
0.981592
0.982631
0.983127
0.983062
0.983163
0.98375
0.98442
0.985242
0.987092
0.989385
0.990432
0.990838
0.990126
0.990059
0.990821
0.991751
0.992938
0.99576
0.998267
0.9994
0.99972
0.998452
0.998369
0.999401
1.00072
1.00307
1.00706
1.00965
1.01119
1.01198
1.01045
1.01012
1.01213
1.01515
1.02008
1.02509
1.03035
1.03244
1.09057
1.32979
0.949295
0.94972
0.950559
0.950886
0.951049
0.950531
0.950274
0.950548
0.951218
0.952748
0.954213
0.95487
0.955211
0.954851
0.954436
0.954544
0.954993
0.956282
0.957917
0.958773
0.959198
0.958947
0.958392
0.958616
0.959083
0.960248
0.96208
0.963155
0.963762
0.963569
0.962809
0.962934
0.963385
0.96441
0.966081
0.967393
0.968253
0.968729
0.968073
0.967945
0.968418
0.969199
0.970273
0.971517
0.972522
0.973452
0.973851
0.973563
0.973854
0.974559
0.975746
0.976855
0.977581
0.978298
0.978803
0.978811
0.979124
0.979836
0.981064
0.982786
0.983994
0.984631
0.984786
0.984679
0.985088
0.985859
0.9868
0.98836
0.990514
0.991758
0.992392
0.991963
0.991609
0.99226
0.993329
0.994713
0.997244
0.999675
1.00102
1.00174
1.00082
1.0002
1.00112
1.00254
1.00458
1.00812
1.01115
1.01325
1.01487
1.01392
1.01277
1.01478
1.01778
1.02193
1.02698
1.03245
1.03601
1.09246
1.33017
0.949635
0.950222
0.951181
0.951579
0.951815
0.951375
0.951122
0.951373
0.95201
0.953579
0.955045
0.955735
0.956054
0.955898
0.955592
0.955672
0.956069
0.957201
0.958714
0.959591
0.960019
0.959925
0.959645
0.959889
0.960344
0.96149
0.962976
0.96388
0.964408
0.964311
0.963995
0.964258
0.964762
0.966012
0.96734
0.968289
0.969018
0.969423
0.969164
0.969386
0.969925
0.970935
0.97201
0.972808
0.97336
0.973832
0.974085
0.974422
0.975139
0.976272
0.977789
0.978743
0.979325
0.979755
0.979779
0.979547
0.979867
0.980608
0.98214
0.984307
0.985752
0.986544
0.987003
0.986694
0.986641
0.987157
0.988062
0.989644
0.991816
0.993251
0.994164
0.994427
0.993839
0.994119
0.995024
0.996297
0.998614
1.00129
1.00287
1.00396
1.00388
1.00279
1.00322
1.0046
1.00642
1.00958
1.01301
1.01543
1.01732
1.01793
1.01652
1.01704
1.01976
1.02325
1.02789
1.03291
1.0361
1.0937
1.32792
0.950134
0.950792
0.951857
0.952316
0.952588
0.952253
0.952015
0.952255
0.952804
0.954313
0.955841
0.95659
0.956923
0.956875
0.956743
0.956849
0.957217
0.9581
0.9594
0.960326
0.960833
0.960867
0.960859
0.96121
0.961711
0.962738
0.963823
0.964549
0.964995
0.965031
0.965176
0.965656
0.966333
0.967517
0.968468
0.969155
0.969705
0.969963
0.970105
0.970681
0.971431
0.972521
0.973542
0.974243
0.974686
0.974782
0.974743
0.975172
0.976108
0.977634
0.979458
0.980546
0.981163
0.981622
0.981306
0.980586
0.980793
0.981544
0.983181
0.985753
0.987484
0.988424
0.989082
0.988857
0.988166
0.988286
0.989029
0.990605
0.993199
0.995012
0.996062
0.996781
0.996334
0.996011
0.996627
0.997653
0.99951
1.00253
1.00474
1.00608
1.00676
1.00574
1.00537
1.00644
1.00801
1.01049
1.0139
1.0167
1.01887
1.02074
1.02033
1.01948
1.02087
1.02373
1.02776
1.03206
1.03423
1.09396
1.32401
0.950836
0.951495
0.952609
0.953108
0.953416
0.953195
0.953007
0.953248
0.953744
0.955103
0.956629
0.95746
0.957872
0.957922
0.957914
0.958064
0.958455
0.959164
0.960186
0.961026
0.961573
0.961806
0.962144
0.962648
0.963221
0.964043
0.9648
0.965294
0.965559
0.965754
0.966239
0.967034
0.967999
0.968983
0.969701
0.970203
0.970514
0.970594
0.970878
0.971621
0.972829
0.974306
0.975132
0.975753
0.976192
0.976234
0.975913
0.976052
0.9767
0.97816
0.980521
0.982143
0.982961
0.983413
0.982926
0.981987
0.982043
0.98269
0.983985
0.986719
0.988917
0.990062
0.990828
0.990732
0.989517
0.98926
0.989916
0.991241
0.994115
0.99657
0.997857
0.998776
0.998668
0.997773
0.997777
0.998554
0.999889
1.0028
1.00584
1.00762
1.00885
1.0087
1.00756
1.0078
1.00906
1.01085
1.01386
1.01694
1.01932
1.0214
1.0228
1.02196
1.02161
1.02316
1.0259
1.02964
1.0316
1.09389
1.31945
0.951595
0.952261
0.953364
0.953875
0.954204
0.954101
0.954014
0.954264
0.954731
0.95593
0.957374
0.958243
0.958738
0.95893
0.959041
0.95925
0.959661
0.960274
0.961091
0.961797
0.962269
0.962633
0.963237
0.964042
0.964701
0.965309
0.965839
0.966176
0.966382
0.966608
0.967088
0.968083
0.969474
0.97038
0.970932
0.971345
0.971602
0.971581
0.971701
0.972242
0.973402
0.975374
0.976704
0.97731
0.977721
0.977714
0.977174
0.977161
0.977609
0.978462
0.980716
0.983009
0.984124
0.984722
0.984545
0.983495
0.983447
0.98408
0.985009
0.987299
0.98986
0.991199
0.991971
0.99193
0.99073
0.990363
0.990956
0.991943
0.994555
0.997621
0.999281
1.00031
1.00052
0.999222
0.998673
0.99919
1.00027
1.0025
1.00607
1.00852
1.01
1.01088
1.00977
1.00891
1.0096
1.01097
1.01331
1.01667
1.01937
1.0215
1.0234
1.02396
1.02281
1.02286
1.02427
1.02701
1.02917
1.09307
1.31457
0.95236
0.953035
0.954114
0.954631
0.95499
0.954997
0.955005
0.955265
0.95571
0.956757
0.958088
0.958964
0.959514
0.959845
0.960143
0.960433
0.960821
0.961361
0.962045
0.962644
0.963067
0.96349
0.964118
0.965129
0.966042
0.966529
0.96691
0.967214
0.967433
0.967609
0.967967
0.968709
0.970283
0.971615
0.97218
0.97257
0.972771
0.972589
0.972583
0.972947
0.973618
0.975469
0.97763
0.978755
0.979256
0.979251
0.9785
0.978253
0.97866
0.979274
0.980563
0.983055
0.984677
0.985469
0.985842
0.985216
0.984872
0.985379
0.986144
0.98764
0.990117
0.991686
0.992501
0.992741
0.991822
0.99138
0.992001
0.99298
0.99475
0.998019
1.00015
1.00124
1.00178
1.00052
0.99946
0.999913
1.0009
1.00232
1.00563
1.00879
1.01058
1.01178
1.01181
1.0102
1.01003
1.01116
1.0128
1.01582
1.01889
1.02117
1.02309
1.02466
1.02467
1.02344
1.02367
1.02515
1.02701
1.09119
1.30941
0.953097
0.953774
0.954867
0.955402
0.955795
0.955893
0.95594
0.956194
0.956643
0.957615
0.958819
0.95965
0.960199
0.960602
0.961025
0.961485
0.961973
0.962493
0.96302
0.963516
0.963966
0.964381
0.96487
0.965768
0.96696
0.967672
0.968092
0.968371
0.968526
0.968608
0.968844
0.969324
0.970556
0.972419
0.973457
0.973852
0.974039
0.973704
0.973489
0.973778
0.974284
0.975284
0.977713
0.979498
0.980293
0.980682
0.980243
0.979573
0.979689
0.980152
0.980816
0.982593
0.984801
0.986006
0.986716
0.986878
0.98641
0.986572
0.987133
0.987943
0.989813
0.991773
0.992826
0.993435
0.993203
0.99273
0.993255
0.994155
0.995223
0.997536
1.00012
1.00147
1.00217
1.00194
1.00074
1.00083
1.00185
1.00306
1.00508
1.00821
1.01044
1.01185
1.01271
1.01208
1.01106
1.01166
1.01297
1.01499
1.01813
1.02066
1.02257
1.02434
1.02545
1.02518
1.02407
1.02421
1.02523
1.08851
1.30407
0.953836
0.954524
0.955625
0.956173
0.956585
0.956742
0.956807
0.957068
0.957569
0.958546
0.959589
0.960317
0.960841
0.961273
0.961691
0.962287
0.963097
0.963664
0.964069
0.964442
0.964842
0.965218
0.965599
0.96622
0.967575
0.968755
0.969282
0.969567
0.969669
0.969636
0.969729
0.970099
0.970777
0.972596
0.974272
0.975049
0.975338
0.975138
0.97462
0.974697
0.975092
0.975637
0.977122
0.979555
0.980914
0.981635
0.981987
0.98138
0.980833
0.980938
0.981361
0.982371
0.984749
0.98655
0.987466
0.988042
0.987904
0.987573
0.987784
0.988298
0.989383
0.991674
0.993354
0.994233
0.994703
0.994344
0.99437
0.994937
0.995661
0.996691
0.999072
1.00128
1.00244
1.00328
1.00294
1.0023
1.00284
1.0038
1.00491
1.00697
1.00966
1.01152
1.01279
1.01367
1.01316
1.01264
1.0135
1.01489
1.01701
1.0197
1.02183
1.02361
1.02525
1.02609
1.02588
1.02478
1.02415
1.08519
1.29863
0.954635
0.955323
0.956363
0.956884
0.95729
0.957468
0.957609
0.957949
0.958556
0.959541
0.960384
0.960995
0.961503
0.961898
0.962208
0.962815
0.964015
0.964783
0.965202
0.965514
0.965758
0.965989
0.966312
0.966758
0.967826
0.969456
0.970353
0.970741
0.970925
0.970819
0.970725
0.970928
0.971337
0.97232
0.974507
0.975943
0.976578
0.976826
0.976294
0.975816
0.975884
0.976202
0.976893
0.979096
0.981308
0.982376
0.983024
0.983124
0.982137
0.981736
0.982076
0.982774
0.984749
0.987036
0.988217
0.988904
0.989211
0.988625
0.988336
0.988616
0.9893
0.991135
0.99375
0.995189
0.996019
0.996314
0.995768
0.995641
0.995861
0.996415
0.997723
1.00065
1.00291
1.0041
1.00494
1.00455
1.00398
1.00431
1.00504
1.00617
1.00839
1.01109
1.01299
1.01436
1.01517
1.01473
1.01441
1.01514
1.01642
1.01829
1.02075
1.02283
1.02457
1.02604
1.02672
1.02642
1.02456
1.08184
1.2931
0.95551
0.956239
0.957089
0.957536
0.95793
0.958106
0.958309
0.958777
0.959627
0.960555
0.961231
0.961755
0.962213
0.962482
0.962674
0.963194
0.964569
0.96585
0.96637
0.966712
0.966858
0.966855
0.96699
0.967316
0.967957
0.96969
0.971245
0.971914
0.972254
0.972269
0.971855
0.971755
0.971977
0.972466
0.974138
0.976481
0.97765
0.978171
0.97821
0.977217
0.976688
0.976902
0.977402
0.9788
0.981386
0.98295
0.983717
0.984186
0.983567
0.98274
0.982904
0.983475
0.984831
0.987365
0.988918
0.989706
0.990272
0.989882
0.989011
0.988972
0.989476
0.99063
0.993555
0.995966
0.997187
0.99794
0.997748
0.99657
0.996134
0.996435
0.997275
0.999421
1.0028
1.0048
1.00594
1.00666
1.00586
1.00508
1.00532
1.00609
1.00737
1.00999
1.01278
1.0146
1.01598
1.01687
1.01635
1.01579
1.01638
1.01759
1.01932
1.02172
1.02383
1.02547
1.02668
1.02713
1.02613
1.0795
1.28742
0.956406
0.957177
0.957808
0.958204
0.958595
0.958736
0.958919
0.959421
0.96058
0.961603
0.962198
0.962647
0.963014
0.963095
0.963158
0.963552
0.964758
0.966578
0.967518
0.967932
0.968156
0.967928
0.967707
0.967878
0.968313
0.969536
0.971761
0.973029
0.973513
0.973757
0.973237
0.972631
0.972701
0.973083
0.973939
0.976411
0.978353
0.979203
0.979622
0.979051
0.977903
0.977799
0.978212
0.979073
0.981285
0.983304
0.984276
0.984846
0.984814
0.98393
0.983787
0.984223
0.985031
0.987356
0.989553
0.990605
0.991227
0.991242
0.989954
0.989483
0.989898
0.990672
0.992958
0.996293
0.997979
0.998939
0.999399
0.998003
0.996728
0.996923
0.997638
0.998831
1.00193
1.005
1.00651
1.0075
1.00784
1.00656
1.00587
1.00638
1.00735
1.00896
1.012
1.01461
1.01622
1.01743
1.01807
1.01742
1.01685
1.01748
1.01865
1.02043
1.02282
1.02476
1.02611
1.027
1.02705
1.0781
1.28153
0.957184
0.958106
0.958648
0.959012
0.95936
0.959412
0.959503
0.959923
0.961145
0.962626
0.963272
0.963685
0.963972
0.963837
0.963718
0.963988
0.96474
0.966829
0.968474
0.969112
0.969462
0.969302
0.968646
0.968531
0.968859
0.969518
0.97163
0.973754
0.974691
0.975074
0.974899
0.973875
0.973548
0.973815
0.974362
0.976032
0.978582
0.979879
0.980512
0.980674
0.979598
0.978955
0.979193
0.979721
0.981267
0.983583
0.984875
0.985568
0.985896
0.985132
0.9846
0.984863
0.985483
0.987131
0.989954
0.991501
0.992272
0.99249
0.991163
0.990221
0.990582
0.991339
0.992667
0.99579
0.998303
0.999478
1.00013
0.999746
0.998067
0.997763
0.998501
0.999455
1.00116
1.00429
1.00659
1.00784
1.00868
1.00843
1.00709
1.00704
1.00794
1.00906
1.01093
1.01381
1.01599
1.01742
1.01852
1.01893
1.01828
1.018
1.01875
1.01986
1.02156
1.02373
1.02532
1.02636
1.02708
1.07745
1.27546
0.957812
0.959017
0.959614
0.95995
0.960227
0.960148
0.960098
0.96041
0.961408
0.963342
0.9644
0.964828
0.965096
0.964816
0.96439
0.964496
0.964944
0.966514
0.968986
0.970221
0.97066
0.970804
0.969989
0.969358
0.969463
0.969902
0.971147
0.973892
0.975544
0.976224
0.976458
0.975582
0.974627
0.974647
0.975052
0.975977
0.978402
0.98032
0.981178
0.981658
0.981338
0.98031
0.980227
0.980651
0.981604
0.983862
0.985568
0.986349
0.986766
0.986209
0.985371
0.985553
0.986148
0.987188
0.989821
0.992014
0.992973
0.993484
0.992882
0.991597
0.991629
0.99228
0.993043
0.994692
0.997636
0.999461
1.00037
1.001
1.00033
0.999315
0.999539
1.00025
1.00113
1.00298
1.0059
1.00777
1.00885
1.00958
1.00921
1.00838
1.00866
1.00956
1.01063
1.01252
1.01513
1.01705
1.01837
1.01939
1.01987
1.01951
1.01935
1.02004
1.02105
1.02246
1.02421
1.0255
1.02655
1.07705
1.26926
0.958333
0.959713
0.960595
0.960953
0.961189
0.960996
0.960751
0.960959
0.961596
0.963613
0.965346
0.965966
0.966287
0.966066
0.965283
0.965111
0.965421
0.96621
0.968776
0.970922
0.97178
0.972108
0.971661
0.970478
0.970188
0.970503
0.971158
0.973333
0.975915
0.977082
0.977625
0.977466
0.976172
0.975633
0.97589
0.976457
0.978124
0.980472
0.981715
0.982309
0.982527
0.981762
0.981375
0.981717
0.982297
0.983994
0.986087
0.987096
0.987535
0.987327
0.986475
0.986522
0.987101
0.987806
0.989213
0.991738
0.993326
0.994125
0.994551
0.993731
0.992982
0.993174
0.993709
0.994432
0.996238
0.999032
1.00073
1.00165
1.00221
1.00146
1.00067
1.00097
1.00174
1.00267
1.00448
1.00706
1.00885
1.00997
1.01076
1.01052
1.00986
1.01018
1.01108
1.01215
1.01382
1.01609
1.01796
1.01934
1.02037
1.02089
1.02083
1.02066
1.02111
1.02192
1.02299
1.02444
1.02571
1.07645
1.26288
0.958874
0.960169
0.961447
0.961923
0.962184
0.962021
0.961544
0.961596
0.961997
0.963417
0.965844
0.967031
0.967425
0.967473
0.966549
0.965914
0.966038
0.966474
0.968023
0.971015
0.972592
0.973206
0.973295
0.972141
0.971177
0.971224
0.971647
0.972795
0.975584
0.977523
0.978363
0.978806
0.978166
0.976999
0.976898
0.977291
0.978201
0.980329
0.98204
0.982849
0.98326
0.983141
0.982678
0.98281
0.983237
0.984022
0.986041
0.987634
0.988385
0.988667
0.988182
0.987801
0.988038
0.988472
0.989059
0.990714
0.993206
0.994657
0.995447
0.995838
0.994989
0.994285
0.994435
0.994953
0.995769
0.997758
1.00048
1.00209
1.00299
1.00341
1.00268
1.00219
1.00249
1.00303
1.00385
1.00558
1.00822
1.01009
1.01126
1.012
1.01194
1.01148
1.01174
1.01245
1.01339
1.01478
1.0169
1.01882
1.02022
1.02129
1.02196
1.02215
1.02187
1.02195
1.02247
1.02331
1.02473
1.0752
1.25627
0.959489
0.960423
0.962093
0.962831
0.963161
0.963199
0.962573
0.962336
0.962594
0.96329
0.965684
0.967737
0.968497
0.968767
0.9682
0.967035
0.966795
0.967086
0.967783
0.970248
0.97289
0.973997
0.974491
0.974145
0.972668
0.972126
0.97238
0.972963
0.974848
0.977472
0.978798
0.979448
0.979738
0.978871
0.978143
0.978292
0.978737
0.980079
0.982176
0.98338
0.983988
0.984325
0.98403
0.983792
0.983982
0.984406
0.985569
0.987798
0.989166
0.989861
0.99007
0.989372
0.988919
0.989134
0.989635
0.990317
0.992154
0.99465
0.99607
0.996864
0.997095
0.996149
0.99552
0.995731
0.996288
0.997135
0.999267
1.00187
1.00334
1.00423
1.00473
1.0039
1.00321
1.00351
1.00423
1.00515
1.00696
1.00953
1.01133
1.01249
1.0133
1.0134
1.01285
1.01288
1.01356
1.01452
1.01581
1.0178
1.01975
1.02119
1.02226
1.02288
1.02314
1.02285
1.02264
1.02283
1.02367
1.07324
1.24945
0.960159
0.960609
0.962482
0.963699
0.96412
0.96436
0.963847
0.963217
0.963278
0.963657
0.965068
0.967894
0.969361
0.969863
0.96987
0.968665
0.967783
0.967839
0.968224
0.969481
0.972441
0.974378
0.97517
0.975575
0.974782
0.973463
0.973291
0.973633
0.974563
0.976908
0.978943
0.9799
0.980453
0.98055
0.979682
0.979328
0.979599
0.980243
0.982106
0.983893
0.984753
0.985254
0.985336
0.984786
0.984717
0.985059
0.985584
0.987189
0.98952
0.990777
0.991401
0.991465
0.990591
0.990179
0.990349
0.990685
0.991378
0.993539
0.996087
0.997379
0.998178
0.998412
0.997396
0.996781
0.997
0.997544
0.998468
1.00083
1.00333
1.00469
1.00547
1.00564
1.00476
1.00439
1.00488
1.00564
1.00656
1.00833
1.01084
1.01256
1.01366
1.01427
1.01433
1.01395
1.01405
1.01475
1.01568
1.01688
1.01885
1.02072
1.02205
1.02296
1.02347
1.02381
1.02375
1.02338
1.02332
1.07008
1.24245
0.96085
0.960962
0.962516
0.96436
0.965059
0.965401
0.965236
0.964334
0.964074
0.964324
0.96495
0.967284
0.969741
0.970738
0.971119
0.970654
0.969229
0.968773
0.969005
0.969561
0.971557
0.974267
0.975579
0.976213
0.976478
0.975413
0.974489
0.974554
0.974952
0.976378
0.978747
0.980195
0.980943
0.981428
0.981185
0.980468
0.98047
0.98086
0.981931
0.984139
0.985518
0.98615
0.986559
0.986186
0.985633
0.985682
0.985979
0.98664
0.988843
0.991241
0.992382
0.993008
0.992927
0.991734
0.991106
0.991259
0.99169
0.992553
0.995125
0.997623
0.998816
0.999563
0.999617
0.998396
0.997844
0.99821
0.998857
0.999977
1.00234
1.00444
1.00557
1.00633
1.00667
1.00612
1.00589
1.00638
1.00717
1.0081
1.00969
1.01179
1.0133
1.01428
1.01499
1.01535
1.01531
1.01551
1.0162
1.01715
1.0182
1.01966
1.0212
1.02241
1.02325
1.02395
1.02456
1.0248
1.02431
1.06661
1.23536
0.961647
0.961508
0.962345
0.964658
0.965897
0.966358
0.966532
0.96576
0.965055
0.965101
0.965426
0.966617
0.969432
0.971195
0.971909
0.972187
0.971237
0.970046
0.969925
0.970223
0.971184
0.973653
0.975713
0.976648
0.977167
0.977188
0.976087
0.975614
0.975847
0.976475
0.97841
0.980363
0.98136
0.981958
0.982236
0.981648
0.981291
0.981528
0.982064
0.983918
0.986134
0.987196
0.987709
0.987791
0.986824
0.986291
0.986448
0.986864
0.987885
0.990764
0.993002
0.993965
0.994512
0.994089
0.992563
0.992025
0.992305
0.99284
0.994037
0.996912
0.999081
1.0001
1.00075
1.00061
0.999531
0.999258
0.999687
1.00029
1.00125
1.0033
1.00535
1.00664
1.0075
1.00799
1.00773
1.0076
1.00801
1.00864
1.00935
1.01044
1.01223
1.01391
1.01507
1.01596
1.01667
1.01704
1.01731
1.01775
1.01827
1.0189
1.01984
1.02121
1.02269
1.02386
1.02474
1.02553
1.02589
1.06477
1.2282
0.96259
0.962193
0.962419
0.964394
0.966458
0.967312
0.967643
0.967351
0.966305
0.965983
0.966185
0.966677
0.968639
0.971219
0.972406
0.972974
0.973038
0.971814
0.971052
0.971165
0.97155
0.973095
0.975518
0.976909
0.977592
0.978001
0.977665
0.976846
0.976815
0.977169
0.978332
0.980479
0.981793
0.982492
0.982968
0.982728
0.982034
0.982073
0.982528
0.983557
0.986175
0.988043
0.988836
0.989194
0.988555
0.987264
0.987042
0.987423
0.987972
0.989578
0.992699
0.994501
0.995324
0.995822
0.994908
0.993335
0.993108
0.993563
0.994204
0.995706
0.998444
1.00026
1.00119
1.00189
1.00188
1.00094
1.0006
1.00084
1.00137
1.00226
1.00422
1.00642
1.00782
1.00871
1.00939
1.00952
1.00932
1.00936
1.00961
1.01014
1.01104
1.01274
1.01476
1.0162
1.01726
1.01822
1.01886
1.01893
1.01872
1.01878
1.01927
1.02015
1.02151
1.02335
1.02481
1.02583
1.02648
1.06355
1.22096
0.963659
0.962954
0.962937
0.963904
0.966471
0.968053
0.968653
0.968789
0.96791
0.967043
0.967006
0.967288
0.968231
0.970719
0.972658
0.973488
0.973939
0.973664
0.97252
0.972215
0.972474
0.973157
0.975166
0.977012
0.977923
0.978456
0.978647
0.978063
0.977782
0.978057
0.978626
0.98054
0.982309
0.983132
0.983676
0.983722
0.982904
0.98271
0.98308
0.983631
0.98534
0.988166
0.989647
0.990344
0.990447
0.989094
0.988004
0.988078
0.988538
0.989245
0.991458
0.994356
0.99577
0.996465
0.996817
0.995691
0.994514
0.994529
0.994961
0.995564
0.997056
0.999735
1.00154
1.00249
1.00314
1.00312
1.00212
1.00165
1.00196
1.00258
1.00349
1.00532
1.00755
1.00904
1.00996
1.01071
1.01109
1.01071
1.01022
1.01035
1.01098
1.01192
1.01376
1.01603
1.01748
1.01849
1.01929
1.01979
1.01975
1.01928
1.01933
1.01992
1.02078
1.0223
1.0243
1.02573
1.02663
1.06281
1.21364
0.964904
0.963841
0.963693
0.96401
0.965812
0.96834
0.969475
0.96991
0.969686
0.968498
0.967982
0.968149
0.96855
0.970126
0.972529
0.973835
0.974457
0.974788
0.974194
0.973429
0.973454
0.973785
0.975037
0.977085
0.978282
0.978937
0.97933
0.979082
0.97861
0.978735
0.979174
0.980466
0.982793
0.984025
0.984543
0.984779
0.984034
0.983451
0.983574
0.98398
0.984749
0.987299
0.989903
0.991048
0.9917
0.991436
0.989707
0.988946
0.989199
0.989721
0.990678
0.993186
0.995649
0.996843
0.997503
0.997844
0.996793
0.995735
0.995734
0.996202
0.996924
0.998524
1.00102
1.00266
1.00357
1.00423
1.00427
1.00334
1.00298
1.0033
1.00384
1.00465
1.00639
1.00872
1.01022
1.01115
1.01183
1.01211
1.0114
1.01093
1.01142
1.01228
1.01336
1.01519
1.01713
1.01839
1.01931
1.0199
1.02022
1.02032
1.02019
1.0204
1.0211
1.022
1.02337
1.02494
1.02601
1.06181
1.20618
0.966311
0.964972
0.964524
0.964636
0.965373
0.967867
0.969857
0.970674
0.971017
0.970446
0.969334
0.969116
0.969364
0.970076
0.972126
0.973991
0.974876
0.975362
0.97548
0.974728
0.974439
0.974708
0.975346
0.97726
0.978772
0.979474
0.97993
0.979914
0.979351
0.979347
0.979753
0.98047
0.982656
0.984702
0.985562
0.98588
0.985469
0.984353
0.984115
0.984497
0.98505
0.986296
0.989216
0.991288
0.992185
0.992733
0.992184
0.990652
0.990199
0.990509
0.991029
0.99207
0.99454
0.996782
0.997955
0.998633
0.998905
0.99791
0.99705
0.997155
0.997599
0.998245
0.999692
1.00209
1.00374
1.00468
1.00536
1.00551
1.00454
1.00404
1.0044
1.00506
1.00602
1.00779
1.00989
1.0112
1.01205
1.01252
1.01262
1.01237
1.01242
1.01301
1.01384
1.01475
1.01609
1.01762
1.01877
1.01959
1.02026
1.021
1.02157
1.02168
1.02177
1.0222
1.02286
1.02383
1.02519
1.06039
1.19853
0.967657
0.966507
0.965506
0.965428
0.965659
0.967112
0.969712
0.97111
0.971745
0.972015
0.971177
0.970316
0.970324
0.970635
0.971909
0.973987
0.975207
0.975821
0.976177
0.975903
0.975429
0.975571
0.975987
0.977379
0.979281
0.980175
0.980646
0.980803
0.980251
0.98004
0.980325
0.980787
0.981911
0.984547
0.986258
0.987006
0.987165
0.98612
0.985146
0.985194
0.98561
0.986203
0.987801
0.990611
0.992314
0.993113
0.993703
0.993208
0.991866
0.991456
0.991723
0.992254
0.993344
0.995714
0.997852
0.998993
0.999686
1.00006
0.999183
0.99829
0.998296
0.998729
0.999464
1.00097
1.0033
1.00492
1.00585
1.00639
1.00634
1.00554
1.00538
1.0059
1.00662
1.0075
1.00883
1.0105
1.01171
1.01249
1.01312
1.01375
1.01402
1.01416
1.01455
1.01512
1.01575
1.01652
1.0177
1.01915
1.0204
1.02129
1.02209
1.0228
1.02312
1.02297
1.02303
1.02354
1.02423
1.05832
1.1907
0.9687
0.968232
0.966756
0.966307
0.966404
0.967038
0.969161
0.971238
0.972168
0.972645
0.972762
0.971883
0.971446
0.971638
0.972162
0.973927
0.975492
0.976275
0.976735
0.976853
0.97641
0.976341
0.976646
0.977379
0.979483
0.981043
0.981633
0.981879
0.981413
0.980837
0.98086
0.981177
0.981732
0.983487
0.986232
0.987632
0.988306
0.988297
0.986992
0.986133
0.986213
0.986624
0.987341
0.989118
0.991763
0.993392
0.994209
0.994742
0.994273
0.993075
0.992666
0.992921
0.993471
0.994575
0.99686
0.99896
1.00013
1.0008
1.00109
1.0002
0.999395
0.99953
1.00005
1.00085
1.00236
1.00441
1.00579
1.00659
1.00707
1.00731
1.00709
1.00702
1.00736
1.00795
1.00868
1.0096
1.01089
1.01228
1.01346
1.01431
1.01506
1.01564
1.01577
1.01573
1.01588
1.01634
1.0171
1.01823
1.01985
1.02124
1.0222
1.02304
1.02368
1.02401
1.02386
1.02387
1.02402
1.05537
1.18279
0.969415
0.969508
0.96837
0.967411
0.967315
0.967573
0.968777
0.971026
0.972401
0.973052
0.97344
0.973316
0.972675
0.97263
0.972924
0.97402
0.975844
0.976816
0.977342
0.97765
0.977315
0.977008
0.977224
0.9777
0.979119
0.981435
0.98262
0.983028
0.982858
0.98192
0.981522
0.981765
0.982211
0.982929
0.985032
0.987534
0.988761
0.989416
0.989386
0.988087
0.987279
0.98736
0.987781
0.988578
0.99031
0.992737
0.99431
0.995141
0.995762
0.995466
0.99428
0.993837
0.994108
0.994693
0.995812
0.997994
0.999948
1.00103
1.00168
1.00196
1.00131
1.00079
1.00102
1.00157
1.00233
1.00346
1.00502
1.00637
1.00733
1.008
1.00848
1.00863
1.00868
1.00888
1.00921
1.00962
1.01027
1.0114
1.01305
1.01444
1.01539
1.01612
1.0167
1.01688
1.0167
1.01676
1.01716
1.01785
1.01894
1.02062
1.022
1.02295
1.02377
1.02439
1.02478
1.02482
1.02437
1.05223
1.17489
0.969973
0.970374
0.96995
0.968776
0.968303
0.968436
0.968921
0.970696
0.972537
0.973423
0.973913
0.974177
0.973816
0.973526
0.973756
0.974352
0.976176
0.977545
0.978091
0.978435
0.978234
0.977811
0.977913
0.978269
0.978822
0.980733
0.98299
0.984043
0.984467
0.9839
0.982808
0.982575
0.982795
0.983145
0.983939
0.98628
0.988689
0.989853
0.990483
0.990532
0.989331
0.988533
0.988583
0.988948
0.989675
0.991262
0.993707
0.995367
0.996237
0.996806
0.996563
0.995428
0.99503
0.995358
0.995972
0.997047
0.998947
1.00074
1.00184
1.0025
1.00289
1.00272
1.00243
1.00254
1.00296
1.00355
1.00431
1.00545
1.00688
1.00809
1.00894
1.00968
1.01025
1.01041
1.01026
1.01021
1.01045
1.01102
1.01206
1.01382
1.01526
1.01619
1.01693
1.01762
1.018
1.01778
1.01769
1.01811
1.01881
1.01979
1.02123
1.02255
1.02355
1.02442
1.02508
1.0256
1.0253
1.04991
1.16701
0.970377
0.971095
0.971043
0.970245
0.969366
0.969325
0.969629
0.970679
0.972648
0.973823
0.974391
0.974746
0.974727
0.974365
0.974463
0.974847
0.976124
0.978135
0.979074
0.979398
0.979392
0.978841
0.978633
0.978767
0.979091
0.979895
0.982323
0.984514
0.985446
0.985779
0.984906
0.983686
0.983409
0.983705
0.984182
0.985129
0.987445
0.989736
0.990932
0.991579
0.991686
0.990539
0.989641
0.989642
0.990071
0.99086
0.992384
0.994685
0.996274
0.997138
0.997718
0.997648
0.996712
0.996355
0.99667
0.997268
0.998158
0.999646
1.00133
1.00256
1.00338
1.00398
1.00424
1.00412
1.00409
1.00424
1.00453
1.00496
1.00581
1.00746
1.00912
1.01016
1.01087
1.01154
1.01181
1.01137
1.01106
1.01136
1.01193
1.01284
1.01449
1.01605
1.01709
1.01786
1.01847
1.01888
1.0189
1.01881
1.01905
1.0196
1.02045
1.02167
1.02303
1.02416
1.0251
1.02591
1.0261
1.04821
1.1591
0.970633
0.971779
0.971858
0.971578
0.970608
0.970273
0.970496
0.971003
0.972698
0.974258
0.97495
0.975379
0.975556
0.975206
0.975116
0.975395
0.975984
0.977975
0.979811
0.980515
0.980692
0.980152
0.979409
0.979376
0.979714
0.980147
0.981108
0.983675
0.985714
0.986627
0.987026
0.986118
0.984855
0.984567
0.984775
0.98521
0.986126
0.988398
0.990712
0.991943
0.992607
0.992828
0.991749
0.990855
0.990873
0.991271
0.991979
0.993317
0.995493
0.997116
0.99803
0.998627
0.998798
0.998155
0.997786
0.997967
0.998454
0.999079
1.0001
1.00178
1.00335
1.00441
1.00513
1.00572
1.0058
1.0054
1.0051
1.00526
1.00575
1.00661
1.0084
1.01015
1.01122
1.01193
1.01254
1.01282
1.01235
1.01203
1.01234
1.01293
1.01375
1.01513
1.01669
1.0178
1.01862
1.0194
1.02003
1.02013
1.0197
1.01971
1.02021
1.02102
1.02225
1.02372
1.02494
1.02599
1.02647
1.04681
1.1511
0.970638
0.972317
0.97259
0.972635
0.972002
0.971273
0.971269
0.971579
0.972637
0.974677
0.975737
0.976164
0.976413
0.976093
0.975776
0.975917
0.97627
0.977206
0.979655
0.981332
0.98195
0.981955
0.980978
0.98035
0.980389
0.980584
0.98096
0.982079
0.984907
0.986983
0.987872
0.988263
0.987347
0.98595
0.98552
0.985741
0.986233
0.987146
0.989307
0.991676
0.992997
0.993676
0.993955
0.992984
0.992038
0.991972
0.992376
0.993089
0.994267
0.996204
0.99787
0.998923
0.99961
1.00006
0.99971
0.999179
0.999063
0.99938
0.999899
1.00072
1.00242
1.00431
1.00552
1.00627
1.00692
1.00711
1.00643
1.00601
1.00629
1.00683
1.0076
1.00927
1.01103
1.01209
1.01281
1.0134
1.01377
1.01349
1.0132
1.01341
1.01385
1.01452
1.0157
1.01741
1.01875
1.01961
1.02032
1.02079
1.02075
1.02019
1.02028
1.02093
1.02178
1.02318
1.0246
1.02586
1.02654
1.04544
1.14304
0.97049
0.972693
0.973335
0.973483
0.973288
0.972374
0.972018
0.972259
0.972803
0.974661
0.976462
0.977132
0.977376
0.977178
0.976593
0.976495
0.97674
0.977146
0.978496
0.981207
0.982763
0.983347
0.983157
0.981872
0.981092
0.981134
0.98148
0.981992
0.983267
0.986069
0.988058
0.988951
0.989405
0.988605
0.987139
0.986637
0.98682
0.987301
0.988169
0.990194
0.992585
0.993964
0.994677
0.995061
0.994264
0.993322
0.993194
0.993544
0.994132
0.995022
0.996742
0.998635
0.999928
1.00072
1.0013
1.00118
1.00043
1.00005
1.00027
1.00076
1.00152
1.00325
1.00529
1.00651
1.00726
1.00787
1.00808
1.00741
1.00701
1.00732
1.00791
1.00868
1.01014
1.01178
1.01289
1.01368
1.01433
1.01481
1.01467
1.01417
1.01423
1.01473
1.01543
1.01656
1.01824
1.01949
1.0203
1.02096
1.02131
1.02107
1.02074
1.02115
1.02189
1.02286
1.02422
1.02551
1.02627
1.04378
1.13496
0.970524
0.972596
0.97386
0.974183
0.974294
0.973744
0.972989
0.972997
0.973311
0.974193
0.976501
0.978022
0.978524
0.978578
0.977858
0.977267
0.977294
0.977588
0.978075
0.979757
0.982562
0.984047
0.984661
0.984374
0.98292
0.982157
0.982184
0.982431
0.982896
0.984183
0.987056
0.989117
0.99004
0.990539
0.989893
0.988353
0.98774
0.987898
0.988361
0.989174
0.991042
0.993454
0.994917
0.99567
0.996149
0.995631
0.994628
0.994292
0.99455
0.99509
0.995836
0.997357
0.999459
1.00093
1.0018
1.00243
1.00248
1.00152
1.00095
1.00118
1.00172
1.00253
1.00424
1.00618
1.00735
1.0081
1.00868
1.00897
1.00853
1.00823
1.00851
1.00902
1.00965
1.01076
1.01239
1.01368
1.01458
1.01525
1.01568
1.0155
1.01506
1.01525
1.01581
1.01646
1.01743
1.01888
1.02002
1.02083
1.02149
1.02173
1.02143
1.02151
1.02213
1.02297
1.02407
1.02519
1.02593
1.04193
1.12691
0.970914
0.972038
0.974174
0.974958
0.97518
0.975152
0.974269
0.973792
0.973887
0.974225
0.975611
0.978213
0.97956
0.979992
0.979717
0.97858
0.97805
0.978115
0.978377
0.978919
0.980926
0.983865
0.985313
0.985943
0.985668
0.984075
0.983065
0.98298
0.983282
0.98385
0.985209
0.988074
0.990179
0.99113
0.991644
0.991096
0.989545
0.988849
0.988967
0.989417
0.990192
0.991889
0.994293
0.995864
0.996703
0.99725
0.99697
0.9959
0.995391
0.995571
0.996036
0.996686
0.998089
1.00036
1.00194
1.00281
1.00341
1.00351
1.00253
1.00198
1.00225
1.0028
1.0036
1.00509
1.00686
1.00807
1.00889
1.00952
1.00996
1.00973
1.00935
1.00945
1.00991
1.01054
1.01152
1.0131
1.01447
1.01537
1.01604
1.01643
1.01627
1.01594
1.0162
1.01674
1.01738
1.01825
1.01949
1.02056
1.02138
1.02196
1.02199
1.02199
1.02241
1.02314
1.02401
1.02496
1.02568
1.03992
1.11889
0.971567
0.971803
0.973951
0.975594
0.97608
0.976255
0.975739
0.974731
0.974535
0.974778
0.975278
0.977184
0.979816
0.981032
0.981414
0.980781
0.979367
0.978819
0.978932
0.979266
0.97993
0.982145
0.985074
0.986484
0.987108
0.986874
0.985211
0.984109
0.984012
0.984302
0.984872
0.986181
0.988977
0.991108
0.992072
0.99264
0.992321
0.990802
0.98999
0.990051
0.990466
0.991186
0.992701
0.995096
0.996785
0.997675
0.99828
0.998253
0.997143
0.996417
0.996521
0.996985
0.997655
0.999036
1.00127
1.00281
1.00365
1.00423
1.00441
1.00362
1.00312
1.00334
1.00386
1.00461
1.0058
1.00745
1.00881
1.00974
1.01042
1.01091
1.01077
1.01032
1.0104
1.01087
1.01148
1.01235
1.01382
1.01521
1.01613
1.01678
1.01703
1.01688
1.01676
1.01712
1.01767
1.01831
1.01913
1.02012
1.02101
1.02179
1.02225
1.02243
1.02272
1.02324
1.02394
1.0248
1.02551
1.03785
1.11088
0.972334
0.972217
0.973221
0.97563
0.976837
0.977199
0.977234
0.97623
0.975445
0.97542
0.975653
0.976264
0.978627
0.981267
0.982402
0.982774
0.981877
0.980287
0.979755
0.979851
0.980159
0.980864
0.983202
0.986125
0.987531
0.988177
0.988161
0.986544
0.985239
0.985023
0.985269
0.985822
0.987077
0.989867
0.992086
0.993108
0.99366
0.993493
0.992053
0.99112
0.991104
0.991491
0.992171
0.993525
0.995907
0.997726
0.998687
0.999292
0.999388
0.998258
0.997444
0.997536
0.99798
0.998668
1
1.00209
1.00357
1.00441
1.00499
1.0053
1.00482
1.00433
1.00443
1.00489
1.00555
1.00651
1.0081
1.00958
1.01056
1.01125
1.01171
1.01159
1.01116
1.0113
1.01182
1.01248
1.01331
1.01458
1.01584
1.0167
1.0173
1.01746
1.01745
1.01761
1.01806
1.01863
1.01923
1.01992
1.0207
1.02147
1.02222
1.02267
1.0229
1.02323
1.02379
1.02463
1.02536
1.03597
1.10291
0.973155
0.972774
0.97292
0.974671
0.977166
0.978181
0.978518
0.978154
0.976761
0.976143
0.976196
0.976468
0.977268
0.980063
0.982677
0.983721
0.984057
0.982994
0.981245
0.980623
0.9807
0.981029
0.981798
0.984242
0.987227
0.988678
0.989303
0.989317
0.987719
0.986277
0.98601
0.986305
0.986892
0.988124
0.99076
0.992951
0.99401
0.994593
0.994638
0.993319
0.992253
0.992158
0.992518
0.993169
0.994404
0.996743
0.998616
0.999587
1.00019
1.00039
0.999344
0.998505
0.998571
0.99901
0.999731
1.00099
1.00282
1.00425
1.00514
1.00576
1.00622
1.00599
1.00544
1.00543
1.00586
1.00649
1.00736
1.00885
1.01033
1.0113
1.01198
1.01234
1.01223
1.01206
1.01236
1.01291
1.01355
1.01425
1.01519
1.01627
1.01712
1.0177
1.01798
1.01817
1.01845
1.0189
1.01941
1.02
1.02063
1.02131
1.02199
1.02262
1.02288
1.02319
1.02369
1.02447
1.02513
1.03421
1.09502
0.973918
0.973317
0.973329
0.973857
0.9764
0.978712
0.979568
0.979773
0.978843
0.977341
0.976902
0.977043
0.977393
0.978385
0.981422
0.983923
0.984917
0.985267
0.984144
0.982258
0.981558
0.981643
0.982031
0.982877
0.98528
0.988136
0.989554
0.990203
0.990429
0.989022
0.987497
0.987163
0.98739
0.987914
0.989048
0.991584
0.993818
0.994927
0.995515
0.995717
0.994555
0.993386
0.993219
0.993557
0.994169
0.995315
0.997586
0.999466
1.00045
1.00102
1.00128
1.0004
0.999626
0.999679
1.00011
1.0008
1.00185
1.00343
1.00489
1.00589
1.00656
1.00708
1.00703
1.00645
1.00641
1.00685
1.00747
1.00834
1.00966
1.01099
1.01191
1.01254
1.01279
1.01292
1.0131
1.01346
1.01392
1.01444
1.01501
1.01576
1.01673
1.01762
1.01823
1.01858
1.01882
1.01913
1.0196
1.02013
1.02068
1.02126
1.02186
1.02244
1.02278
1.02307
1.02351
1.02422
1.02484
1.03255
1.0872
0.975059
0.974001
0.973929
0.974017
0.974931
0.977938
0.980049
0.980864
0.98102
0.979642
0.978124
0.977773
0.977892
0.978247
0.979414
0.982675
0.985098
0.986035
0.986417
0.985324
0.983354
0.982621
0.982677
0.983001
0.983781
0.986136
0.989075
0.990577
0.991233
0.991486
0.990211
0.988615
0.988183
0.988426
0.988985
0.990076
0.992417
0.994626
0.995776
0.996385
0.996706
0.995735
0.994502
0.994267
0.994599
0.995199
0.99631
0.998443
1.00024
1.00121
1.00178
1.0021
1.0015
1.0008
1.00078
1.00118
1.00183
1.00271
1.00406
1.00555
1.00664
1.00736
1.00787
1.00787
1.00738
1.00743
1.00789
1.00851
1.00936
1.01044
1.01153
1.01237
1.01294
1.0133
1.01374
1.01415
1.01448
1.01479
1.01517
1.01568
1.01638
1.01732
1.01814
1.01876
1.01914
1.01938
1.01969
1.02013
1.02065
1.0212
1.02178
1.02237
1.02278
1.02299
1.02331
1.02392
1.02443
1.03086
1.07944
0.97687
0.974999
0.974553
0.974424
0.974622
0.976096
0.979524
0.981495
0.982191
0.982146
0.980434
0.978887
0.978561
0.978739
0.97919
0.980561
0.983854
0.986168
0.987075
0.987472
0.986487
0.984449
0.983557
0.983625
0.984037
0.984906
0.987129
0.989917
0.99139
0.992055
0.992441
0.991443
0.989843
0.989341
0.989537
0.990042
0.991034
0.993207
0.995418
0.996614
0.997238
0.997643
0.996853
0.995616
0.995352
0.995672
0.996252
0.997317
0.999261
1.00095
1.00191
1.0025
1.00288
1.00261
1.00201
1.00191
1.00226
1.00283
1.00358
1.00476
1.00625
1.00735
1.00806
1.00854
1.00857
1.00833
1.00851
1.00896
1.00956
1.01034
1.01113
1.01193
1.0127
1.01341
1.01399
1.01452
1.01502
1.0153
1.01545
1.01578
1.01631
1.017
1.01793
1.01868
1.01929
1.01962
1.01975
1.02005
1.02056
1.02113
1.02172
1.0223
1.02275
1.02297
1.02319
1.02363
1.02395
1.02907
1.07176
0.979028
0.976792
0.975356
0.975076
0.975169
0.975632
0.977549
0.980915
0.982655
0.983329
0.983247
0.981373
0.97981
0.979499
0.979667
0.980148
0.981623
0.984897
0.987134
0.988023
0.988476
0.987673
0.985634
0.984725
0.984766
0.985111
0.985871
0.987953
0.990744
0.992282
0.992975
0.993378
0.992601
0.991024
0.990431
0.990609
0.991105
0.992044
0.994013
0.996176
0.997414
0.998051
0.998486
0.997893
0.996722
0.996436
0.996739
0.997327
0.998345
1.00002
1.00158
1.00256
1.00319
1.00364
1.00369
1.0032
1.00299
1.00327
1.00379
1.00451
1.00556
1.00694
1.00799
1.00868
1.0091
1.00922
1.00931
1.00963
1.01006
1.01059
1.01119
1.01173
1.01236
1.0132
1.01403
1.01469
1.01523
1.01568
1.01584
1.01599
1.01644
1.01701
1.0177
1.01853
1.01921
1.0197
1.01983
1.01998
1.02039
1.02093
1.02151
1.02211
1.02268
1.02297
1.02308
1.02337
1.02352
1.02718
1.06422
0.98042
0.97982
0.977326
0.976132
0.975902
0.975958
0.976497
0.978746
0.982188
0.983832
0.98445
0.984327
0.982375
0.980747
0.980415
0.980602
0.981142
0.98266
0.985845
0.988058
0.988942
0.98941
0.988807
0.986815
0.985757
0.985754
0.986139
0.986973
0.98893
0.991539
0.993049
0.993746
0.994205
0.993729
0.992255
0.991585
0.991714
0.992174
0.993027
0.99481
0.99692
0.998178
0.99884
0.999286
0.99889
0.997843
0.997556
0.997841
0.998417
0.999358
1.00074
1.00215
1.00319
1.00388
1.0044
1.00467
1.00431
1.00404
1.00428
1.00476
1.00546
1.00642
1.00761
1.00856
1.00922
1.0096
1.00988
1.01025
1.0107
1.01111
1.01148
1.01189
1.01237
1.01298
1.01381
1.01464
1.0153
1.01584
1.0161
1.01627
1.01663
1.01714
1.01769
1.0183
1.019
1.0196
1.01985
1.02001
1.02037
1.02083
1.02135
1.02192
1.02241
1.02273
1.02291
1.02315
1.02319
1.02534
1.05688
0.98097
0.981625
0.980454
0.977947
0.976685
0.976585
0.976875
0.977648
0.980087
0.983321
0.984852
0.985457
0.985405
0.98348
0.981787
0.981416
0.981609
0.982174
0.983688
0.986744
0.988905
0.989805
0.990287
0.989912
0.988032
0.986938
0.986912
0.98725
0.988017
0.989765
0.99225
0.99381
0.994567
0.995039
0.994826
0.99347
0.992707
0.992791
0.993232
0.994045
0.995628
0.997637
0.998906
0.999584
1.00003
0.999836
0.99897
0.998688
0.998955
0.999506
1.00035
1.00143
1.00271
1.0038
1.00459
1.00515
1.00553
1.00531
1.00507
1.0053
1.00576
1.00645
1.0073
1.00825
1.00909
1.00972
1.01013
1.01056
1.01109
1.0116
1.01196
1.01219
1.01259
1.01312
1.01371
1.01445
1.0152
1.01582
1.01621
1.01645
1.01684
1.0173
1.01779
1.01831
1.01883
1.01933
1.01974
1.02004
1.02037
1.02075
1.02118
1.02162
1.02202
1.02233
1.02253
1.02275
1.02271
1.02367
1.04983
0.980526
0.982247
0.982397
0.981278
0.978809
0.977689
0.977647
0.977908
0.97866
0.981138
0.984317
0.985825
0.986423
0.986448
0.984641
0.982887
0.982474
0.98266
0.98323
0.984659
0.987556
0.989702
0.990636
0.991119
0.99096
0.989274
0.988089
0.987974
0.988302
0.989088
0.990658
0.99296
0.994533
0.995341
0.995833
0.995839
0.99467
0.993853
0.993886
0.994296
0.995066
0.996486
0.998345
0.999588
1.00028
1.00073
1.00075
1.00012
0.999841
1.00007
1.00058
1.00131
1.00215
1.00329
1.00444
1.00529
1.00587
1.00627
1.00622
1.00609
1.00633
1.00678
1.00742
1.00815
1.00889
1.00959
1.0102
1.01076
1.01131
1.01185
1.01231
1.01258
1.0129
1.01336
1.01389
1.01446
1.01507
1.01568
1.01615
1.01653
1.01695
1.01742
1.01791
1.01838
1.01877
1.01905
1.01949
1.01997
1.02036
1.02074
1.0211
1.02137
1.02156
1.02179
1.02202
1.02221
1.02202
1.02213
1.04308
0.978837
0.982216
0.983014
0.983197
0.982196
0.979806
0.978623
0.978576
0.978894
0.979734
0.982193
0.985243
0.986729
0.987342
0.987476
0.985837
0.98403
0.983544
0.983715
0.984292
0.985634
0.988352
0.990467
0.991433
0.991932
0.991969
0.990513
0.989289
0.989122
0.989428
0.990166
0.991516
0.993609
0.995218
0.996092
0.99661
0.996801
0.995849
0.994996
0.994975
0.995362
0.996104
0.997366
0.999035
1.00022
1.00092
1.00138
1.0016
1.00128
1.00101
1.00116
1.00159
1.00221
1.00292
1.00394
1.0051
1.00595
1.00653
1.00691
1.00702
1.00707
1.00735
1.00777
1.00835
1.00897
1.00951
1.01009
1.01078
1.01145
1.01202
1.01251
1.01285
1.01317
1.01361
1.01411
1.01463
1.01516
1.01564
1.01599
1.01646
1.01697
1.01747
1.01795
1.01844
1.01881
1.01894
1.01924
1.01971
1.0202
1.02065
1.021
1.02117
1.0212
1.02129
1.02142
1.02144
1.02114
1.02057
1.03676
0.97744
0.980494
0.982922
0.983672
0.98396
0.983193
0.980926
0.979731
0.979659
0.979954
0.980775
0.983126
0.98609
0.987579
0.988189
0.988432
0.987044
0.985211
0.984659
0.984814
0.985376
0.986609
0.989097
0.991167
0.992173
0.992689
0.99289
0.991752
0.990519
0.990265
0.990539
0.991227
0.99238
0.994252
0.995883
0.996831
0.997376
0.997703
0.996986
0.996139
0.996076
0.99643
0.997155
0.998262
0.999693
1.00081
1.00154
1.00203
1.00239
1.00239
1.00217
1.00221
1.00256
1.00309
1.00375
1.00468
1.00576
1.00656
1.00713
1.0075
1.00773
1.00798
1.00833
1.00874
1.00921
1.00968
1.01013
1.01069
1.01142
1.01209
1.01264
1.01305
1.01336
1.01377
1.01426
1.01478
1.0153
1.01576
1.01602
1.01638
1.01689
1.01742
1.01794
1.01842
1.01881
1.01894
1.01913
1.01948
1.01992
1.02039
1.02077
1.02091
1.02086
1.02082
1.02077
1.0206
1.02016
1.01892
1.03089
0.977533
0.978179
0.98119
0.983529
0.984376
0.984776
0.984283
0.982148
0.980856
0.980711
0.980997
0.981832
0.984029
0.986863
0.988375
0.989023
0.989348
0.988254
0.986436
0.985793
0.985922
0.986452
0.987569
0.989805
0.991837
0.992898
0.993447
0.993779
0.992981
0.991766
0.991426
0.991663
0.992282
0.99325
0.994904
0.996552
0.997562
0.998123
0.998512
0.998046
0.997266
0.997172
0.997504
0.998203
0.999169
1.00034
1.00137
1.00213
1.00268
1.00314
1.00341
1.00328
1.00322
1.00349
1.00397
1.00462
1.00547
1.0064
1.00714
1.0077
1.00807
1.0084
1.00881
1.00926
1.00966
1.00996
1.01034
1.01082
1.01139
1.01206
1.01267
1.01318
1.0135
1.01388
1.01437
1.01488
1.0154
1.01588
1.01615
1.01638
1.01681
1.01731
1.01785
1.01834
1.01875
1.01889
1.01904
1.01933
1.01968
1.02008
1.0204
1.02048
1.02041
1.02029
1.02012
1.01976
1.01895
1.01729
1.02535
0.978218
0.978069
0.979067
0.981839
0.984199
0.985186
0.985667
0.985372
0.983357
0.981986
0.981788
0.982056
0.982865
0.984855
0.987589
0.989157
0.989838
0.99022
0.989422
0.987665
0.986935
0.987032
0.987537
0.988564
0.990529
0.992475
0.993589
0.994176
0.994574
0.994157
0.993032
0.992587
0.992776
0.993314
0.994167
0.9956
0.997205
0.998251
0.998851
0.999265
0.999044
0.998386
0.998279
0.998593
0.999244
1.00008
1.001
1.00193
1.00272
1.00337
1.00388
1.0043
1.00429
1.00418
1.00442
1.00486
1.00551
1.00627
1.00705
1.00772
1.00826
1.00864
1.00908
1.00959
1.01009
1.0104
1.01065
1.01106
1.01155
1.0121
1.01268
1.0132
1.01359
1.01396
1.01443
1.01494
1.01546
1.01594
1.01625
1.01643
1.01679
1.01724
1.01773
1.01821
1.01861
1.01874
1.01888
1.01914
1.01945
1.01981
1.02008
1.01997
1.01971
1.0196
1.01942
1.01902
1.01804
1.016
1.01957
0.979618
0.978752
0.978883
0.97983
0.98248
0.984886
0.985989
0.986511
0.98642
0.984596
0.983135
0.982874
0.98313
0.983926
0.985706
0.988275
0.989881
0.990603
0.99102
0.990551
0.988925
0.988115
0.988174
0.988645
0.989578
0.991231
0.993063
0.994242
0.994912
0.995361
0.995272
0.994282
0.993738
0.993869
0.994332
0.995096
0.99633
0.997853
0.998911
0.999535
0.999956
0.999963
0.99949
0.999384
0.999679
1.00025
1.00096
1.00169
1.0025
1.00334
1.00407
1.00462
1.00507
1.00515
1.00511
1.00535
1.00578
1.00641
1.00707
1.0077
1.00827
1.00876
1.00926
1.00981
1.01035
1.01076
1.01101
1.01134
1.01178
1.01228
1.0128
1.01329
1.01364
1.01397
1.01444
1.01495
1.01548
1.01596
1.01633
1.01646
1.01674
1.01716
1.01761
1.01809
1.01848
1.01862
1.01858
1.01882
1.01913
1.0195
1.01978
1.01971
1.01915
1.01875
1.01849
1.01816
1.01726
1.01504
1.01378
0.982018
0.979853
0.979543
0.979716
0.980658
0.983141
0.98561
0.986829
0.987378
0.987432
0.985841
0.984343
0.984021
0.984253
0.984981
0.986507
0.988909
0.990563
0.991341
0.991779
0.991598
0.990191
0.989317
0.989325
0.989744
0.990594
0.99194
0.993615
0.994873
0.995641
0.996127
0.99629
0.995505
0.994877
0.994931
0.995335
0.996046
0.99712
0.998511
0.999541
1.00018
1.00061
1.0008
1.00057
1.00048
1.00073
1.00121
1.00181
1.00241
1.00313
1.00401
1.00478
1.00533
1.00574
1.0059
1.006
1.00628
1.0067
1.00729
1.00786
1.00835
1.00877
1.00931
1.00996
1.01053
1.01098
1.01129
1.01158
1.01199
1.01246
1.01297
1.01345
1.01382
1.01404
1.01442
1.01491
1.01546
1.01596
1.01639
1.01658
1.01666
1.01701
1.01744
1.01794
1.01834
1.0186
1.01847
1.0184
1.01867
1.01904
1.01937
1.01942
1.01885
1.01806
1.01752
1.01712
1.01626
1.01357
1.00879
0.98484
0.982246
0.980738
0.980416
0.980646
0.981605
0.983885
0.986325
0.987602
0.988167
0.988372
0.987102
0.985563
0.985146
0.985347
0.986018
0.987343
0.989547
0.991219
0.992063
0.992526
0.992596
0.991445
0.990523
0.990467
0.990832
0.991619
0.992701
0.994178
0.995484
0.996348
0.996876
0.9972
0.996667
0.996004
0.995981
0.99634
0.997006
0.997958
0.999178
1.00014
1.00079
1.00123
1.00156
1.00159
1.00155
1.00173
1.00211
1.00262
1.00315
1.00383
1.00473
1.00546
1.00597
1.00633
1.00657
1.00683
1.00718
1.0076
1.00812
1.00857
1.00892
1.00934
1.00995
1.01063
1.01115
1.01152
1.01178
1.01214
1.01259
1.01311
1.01361
1.01404
1.01423
1.01444
1.01486
1.01537
1.01594
1.01639
1.01672
1.01673
1.01683
1.01718
1.01769
1.01816
1.01849
1.01855
1.01824
1.01816
1.01839
1.01877
1.01893
1.01859
1.01763
1.01677
1.01601
1.01483
1.01135
1.005
0.985908
0.985561
0.983213
0.981718
0.981429
0.981717
0.982635
0.98461
0.986967
0.988332
0.988964
0.98928
0.988331
0.986797
0.986294
0.986458
0.987081
0.988216
0.990183
0.991857
0.992758
0.993243
0.99349
0.99267
0.991754
0.991614
0.991928
0.992627
0.993494
0.994753
0.996099
0.997047
0.997617
0.998017
0.997737
0.997107
0.99703
0.997345
0.997971
0.998834
0.999862
1.00074
1.00138
1.00185
1.00227
1.00254
1.00261
1.00271
1.00298
1.00341
1.00392
1.00463
1.00545
1.00608
1.00655
1.00688
1.00718
1.00758
1.00804
1.00849
1.00887
1.00916
1.00953
1.00998
1.01064
1.01125
1.0117
1.01198
1.01224
1.01265
1.01317
1.01372
1.01418
1.01451
1.0146
1.01482
1.01524
1.0158
1.01634
1.01675
1.01695
1.01684
1.01694
1.01729
1.01784
1.01825
1.01849
1.01832
1.01793
1.01783
1.01798
1.01823
1.01811
1.01732
1.01615
1.01488
1.0129
1.00851
1.00243
0.986063
0.986627
0.986244
0.984319
0.982813
0.982521
0.982835
0.983697
0.985342
0.987579
0.989025
0.989707
0.990093
0.989515
0.988057
0.987455
0.987575
0.988128
0.989132
0.990835
0.99244
0.993391
0.993914
0.994274
0.993856
0.993002
0.992765
0.993016
0.993588
0.994334
0.995406
0.996734
0.997726
0.998331
0.998764
0.998712
0.998178
0.99807
0.998352
0.998941
0.999727
1.00057
1.00133
1.00197
1.0025
1.00296
1.00339
1.00364
1.00365
1.00382
1.00419
1.00473
1.00544
1.00613
1.00667
1.00709
1.00741
1.00779
1.00828
1.00885
1.00927
1.0095
1.00976
1.01015
1.01065
1.01131
1.01184
1.01221
1.0124
1.01269
1.01313
1.01371
1.01425
1.01467
1.0149
1.01492
1.01516
1.01557
1.01618
1.01667
1.01701
1.01706
1.01689
1.01699
1.01733
1.01786
1.01819
1.01829
1.01791
1.01751
1.01734
1.01737
1.01739
1.01688
1.01549
1.01359
1.01056
1.00565
1.00092
0.985308
0.986896
0.987118
0.987005
0.985489
0.984017
0.983696
0.983966
0.984744
0.986089
0.98813
0.989676
0.990473
0.990909
0.990637
0.989305
0.988622
0.988693
0.98918
0.990066
0.991489
0.993004
0.994011
0.994612
0.995022
0.994973
0.994248
0.993898
0.994071
0.994529
0.995199
0.996131
0.997392
0.99839
0.999023
0.99946
0.999585
0.999213
0.999107
0.999364
0.999904
1.0006
1.0013
1.00194
1.00253
1.0031
1.00366
1.00419
1.00451
1.00449
1.00464
1.005
1.00557
1.00623
1.0068
1.00727
1.00762
1.00796
1.00842
1.00904
1.00957
1.00994
1.0101
1.01037
1.01078
1.01133
1.01194
1.0124
1.01268
1.01282
1.01313
1.01359
1.01421
1.01471
1.01509
1.01522
1.0152
1.01544
1.01586
1.01647
1.0169
1.01716
1.01707
1.01689
1.01697
1.01729
1.01775
1.01798
1.01787
1.01731
1.01691
1.01667
1.01661
1.01617
1.01459
1.01191
1.00791
1.00331
1.00016
0.983819
0.986383
0.987298
0.987641
0.987763
0.986727
0.985313
0.984908
0.985108
0.985766
0.986868
0.988712
0.990328
0.991213
0.991674
0.991674
0.990561
0.989791
0.989801
0.990234
0.991044
0.992195
0.993557
0.994594
0.995282
0.995743
0.995972
0.995469
0.99502
0.995092
0.995458
0.996079
0.996914
0.998065
0.999037
0.999674
1.00011
1.00035
1.00019
1.00013
1.00037
1.00085
1.00147
1.00205
1.00256
1.00306
1.00371
1.00442
1.00494
1.00523
1.00525
1.00544
1.00582
1.00641
1.00701
1.00749
1.00786
1.00816
1.00855
1.0091
1.00974
1.01021
1.01051
1.01065
1.01096
1.01138
1.01198
1.01252
1.01293
1.0131
1.01323
1.01355
1.01403
1.01466
1.01511
1.01543
1.01547
1.01545
1.01567
1.0161
1.01666
1.01703
1.01718
1.01698
1.01683
1.0169
1.01717
1.0175
1.01757
1.01712
1.01653
1.01614
1.01587
1.01525
1.01322
1.00975
1.00527
1.00169
0.999841
0.983199
0.984748
0.986596
0.987695
0.988209
0.988519
0.98798
0.986644
0.9861
0.986224
0.986791
0.987713
0.989311
0.990943
0.991916
0.992423
0.992615
0.991781
0.99098
0.99093
0.991287
0.992026
0.992966
0.994125
0.995152
0.99592
0.996469
0.996851
0.996633
0.996136
0.996097
0.996405
0.996961
0.997725
0.998766
0.999681
1.0003
1.00072
1.00103
1.0011
1.00115
1.00137
1.00178
1.00233
1.0028
1.00318
1.00366
1.00445
1.00513
1.00559
1.00586
1.00596
1.00622
1.00664
1.00725
1.00777
1.00814
1.00841
1.00873
1.00915
1.00977
1.01036
1.01079
1.01101
1.01117
1.01151
1.01195
1.01256
1.01304
1.0134
1.0135
1.01363
1.01395
1.01444
1.01504
1.01545
1.01569
1.01565
1.01565
1.01585
1.01625
1.01673
1.01704
1.01705
1.01681
1.01671
1.01676
1.01696
1.01708
1.01682
1.01616
1.01563
1.01516
1.01412
1.0113
1.00721
1.00303
1.00076
0.999733
0.983623
0.983981
0.985153
0.986827
0.988153
0.988896
0.989327
0.989167
0.98796
0.987284
0.987335
0.987787
0.988592
0.989959
0.991557
0.992587
0.993139
0.993467
0.99296
0.992177
0.99204
0.992338
0.993005
0.993789
0.994714
0.995693
0.996541
0.997196
0.997656
0.997706
0.997235
0.997094
0.99735
0.997842
0.998573
0.999516
1.00033
1.0009
1.00131
1.00165
1.0019
1.00212
1.00238
1.00274
1.00313
1.00346
1.00384
1.0044
1.0052
1.00578
1.0062
1.00643
1.00661
1.00694
1.00744
1.00804
1.0085
1.00876
1.00897
1.00932
1.00977
1.01041
1.01094
1.01132
1.01147
1.01166
1.01201
1.01249
1.01308
1.01352
1.01382
1.01386
1.01399
1.0143
1.01479
1.01534
1.01571
1.01586
1.01577
1.0158
1.01598
1.01633
1.01671
1.01692
1.01679
1.01656
1.01649
1.01652
1.01657
1.01638
1.01573
1.01505
1.0143
1.01263
1.00893
1.00468
1.00148
1.0003
0.999712
0.984733
0.984327
0.984821
0.98566
0.987169
0.988658
0.9896
0.990122
0.990243
0.989253
0.988445
0.988409
0.988774
0.989503
0.990666
0.992173
0.993234
0.993828
0.99422
0.99405
0.993362
0.99316
0.993393
0.993945
0.994627
0.995358
0.996249
0.997182
0.997929
0.998427
0.998656
0.998281
0.998076
0.998283
0.998736
0.999451
1.00028
1.00098
1.00149
1.00189
1.00222
1.00257
1.003
1.00339
1.00364
1.00383
1.00413
1.00454
1.00518
1.0059
1.00641
1.00679
1.00698
1.00723
1.00761
1.00819
1.00876
1.00916
1.00934
1.00954
1.0099
1.01038
1.01101
1.01148
1.01181
1.0119
1.01213
1.01248
1.013
1.01355
1.01394
1.01417
1.01417
1.01432
1.01462
1.01509
1.01556
1.01587
1.01593
1.01583
1.01589
1.01606
1.01635
1.01659
1.01665
1.01637
1.01621
1.01615
1.01614
1.01593
1.01523
1.01431
1.01313
1.0106
1.00633
1.00259
1.0006
1.0001
0.999716
0.986589
0.985312
0.985216
0.985621
0.986345
0.987646
0.989209
0.990299
0.990903
0.991183
0.990481
0.989611
0.989475
0.989768
0.990442
0.991432
0.99279
0.993852
0.9945
0.994922
0.995034
0.994535
0.994267
0.994429
0.994866
0.995466
0.996088
0.996862
0.997819
0.998625
0.999154
0.999486
0.999252
0.999034
0.999207
0.999632
1.00032
1.00105
1.00163
1.00209
1.00245
1.00279
1.00322
1.00382
1.00425
1.00441
1.00452
1.00481
1.00527
1.00594
1.00658
1.00703
1.00734
1.00752
1.00783
1.00827
1.00889
1.0094
1.00975
1.00987
1.0101
1.01046
1.01097
1.01156
1.01198
1.01224
1.01232
1.01257
1.01292
1.01346
1.01395
1.01429
1.01445
1.01444
1.01462
1.0149
1.01532
1.0157
1.01593
1.01588
1.01583
1.01592
1.01607
1.01628
1.01637
1.01611
1.01587
1.01575
1.01571
1.01549
1.01467
1.01331
1.01146
1.00807
1.00388
1.00119
1.00019
1.00002
0.999735
0.988785
0.987133
0.986259
0.986133
0.986478
0.987189
0.988277
0.989776
0.990968
0.991661
0.992036
0.991651
0.99078
0.990544
0.990771
0.991366
0.99223
0.993432
0.994474
0.99515
0.995586
0.995871
0.995663
0.995395
0.995469
0.995788
0.996288
0.996844
0.997529
0.998483
0.999322
0.999871
1.00025
1.00014
0.999958
1.00012
1.00053
1.00119
1.00183
1.00232
1.0027
1.00302
1.00338
1.00397
1.0046
1.00501
1.00512
1.00522
1.00552
1.00602
1.00668
1.00725
1.00765
1.00787
1.00807
1.00842
1.00892
1.00953
1.00998
1.01027
1.01038
1.01063
1.011
1.01154
1.01207
1.01245
1.01264
1.01272
1.01299
1.01334
1.01386
1.01428
1.01457
1.01464
1.01467
1.01487
1.01513
1.01548
1.01577
1.01586
1.01575
1.01577
1.01587
1.01602
1.01609
1.01585
1.01549
1.01531
1.01522
1.01497
1.01396
1.01194
1.00924
1.00538
1.00198
1.00043
1.00004
0.999994
0.999754
0.989606
0.989498
0.988207
0.987278
0.987115
0.987424
0.988119
0.989014
0.990348
0.991612
0.992407
0.992846
0.992749
0.991936
0.991599
0.991772
0.992305
0.993081
0.994119
0.995097
0.995765
0.996211
0.996564
0.996681
0.996544
0.996516
0.996723
0.9971
0.997616
0.998263
0.999181
1.00001
1.00054
1.00094
1.00094
1.00083
1.00102
1.00144
1.00208
1.00261
1.00301
1.0033
1.00361
1.00405
1.00475
1.00532
1.0057
1.00578
1.00591
1.00623
1.00676
1.0074
1.0079
1.00824
1.00839
1.00864
1.00901
1.00955
1.01011
1.01052
1.01074
1.01086
1.01115
1.01153
1.01208
1.01254
1.01286
1.01298
1.0131
1.01338
1.01373
1.0142
1.01455
1.01476
1.01477
1.01487
1.01506
1.0153
1.01556
1.01572
1.01561
1.01556
1.01562
1.01574
1.01582
1.01565
1.01516
1.01485
1.01462
1.01427
1.0129
1.01007
1.00664
1.00301
1.00081
1.00011
0.999997
0.999989
0.999768
0.989691
0.990183
0.990169
0.98934
0.988414
0.988191
0.988448
0.989061
0.989832
0.99096
0.992243
0.993124
0.993619
0.993732
0.993062
0.992664
0.992792
0.993235
0.993948
0.994861
0.99575
0.996381
0.996831
0.997198
0.997502
0.997639
0.997598
0.997665
0.997932
0.998384
0.999012
0.999894
1.00068
1.00119
1.00158
1.00166
1.00165
1.00188
1.00234
1.00296
1.00339
1.00368
1.00391
1.00424
1.00476
1.00547
1.00598
1.00634
1.00642
1.00659
1.00693
1.00747
1.00808
1.00852
1.00879
1.00892
1.0092
1.00959
1.01015
1.01065
1.01101
1.01117
1.01133
1.01164
1.01204
1.01256
1.01294
1.0132
1.01328
1.01346
1.01374
1.01409
1.01447
1.01475
1.01483
1.01485
1.01499
1.01518
1.0154
1.01556
1.01548
1.01528
1.0153
1.01541
1.01551
1.01544
1.01494
1.0144
1.01391
1.01325
1.01127
1.00769
1.00408
1.00136
1.00025
1.00002
0.999993
0.99999
0.999775
0.98924
0.99033
0.990584
0.990738
0.990427
0.989658
0.989351
0.989524
0.989999
0.990685
0.99163
0.992875
0.993814
0.994362
0.994627
0.994164
0.993715
0.99378
0.994157
0.994835
0.995654
0.996429
0.996996
0.997424
0.997794
0.998193
0.99857
0.998639
0.99857
0.998771
0.999172
0.999788
1.00062
1.00134
1.00182
1.00218
1.00229
1.0024
1.00269
1.00323
1.00381
1.00415
1.00432
1.00454
1.0049
1.00548
1.00615
1.00662
1.00694
1.00702
1.00723
1.0076
1.00816
1.00871
1.00911
1.00931
1.00945
1.00975
1.01017
1.01072
1.01115
1.01146
1.01158
1.01179
1.0121
1.01252
1.01297
1.0133
1.01348
1.01356
1.01378
1.01405
1.01438
1.01467
1.01484
1.0148
1.01487
1.01503
1.01523
1.0154
1.01541
1.01511
1.01496
1.015
1.01513
1.01513
1.01475
1.01394
1.01302
1.01176
1.00897
1.00509
1.00204
1.00048
1.00005
0.999996
0.999993
0.999993
0.99978
0.988634
0.990022
0.990652
0.99102
0.991277
0.991387
0.990963
0.99056
0.990604
0.990928
0.991546
0.992362
0.993521
0.994495
0.995099
0.995456
0.995193
0.994745
0.994762
0.99508
0.995718
0.996456
0.997124
0.99762
0.998016
0.998398
0.998885
0.999382
0.999565
0.999462
0.999603
0.999958
1.00056
1.00134
1.002
1.00245
1.00277
1.00289
1.00309
1.00345
1.00407
1.0046
1.00487
1.00496
1.00519
1.00558
1.00618
1.00679
1.00722
1.00749
1.0076
1.00785
1.00825
1.00881
1.00929
1.00965
1.00979
1.00998
1.0103
1.01074
1.01125
1.01162
1.01185
1.01197
1.01222
1.01254
1.01296
1.01333
1.01359
1.01367
1.0138
1.01404
1.01431
1.01459
1.01479
1.01478
1.0147
1.01482
1.015
1.01519
1.01527
1.01507
1.01473
1.01462
1.01465
1.01471
1.01442
1.01336
1.01178
1.00971
1.00625
1.00278
1.0008
1.00012
1
0.999995
0.999994
0.999996
0.999782
0.988625
0.989467
0.990373
0.991024
0.99148
0.991853
0.992191
0.992189
0.991783
0.991667
0.991888
0.992406
0.993136
0.994178
0.995163
0.995802
0.996208
0.996136
0.995736
0.995719
0.996002
0.996609
0.997288
0.997853
0.998271
0.998617
0.999011
0.999643
1.0002
1.00043
1.0003
1.0004
1.00074
1.00134
1.00208
1.00268
1.00309
1.00334
1.00348
1.00374
1.0042
1.00484
1.00531
1.00554
1.00561
1.00585
1.00627
1.00686
1.00741
1.00781
1.00803
1.00816
1.00844
1.00887
1.00941
1.00983
1.01014
1.01027
1.01049
1.01082
1.01128
1.01172
1.01204
1.0122
1.01235
1.01262
1.01295
1.01333
1.01363
1.01379
1.01382
1.014
1.01423
1.0145
1.01471
1.0148
1.01463
1.01457
1.01469
1.0149
1.01503
1.01501
1.01465
1.01432
1.01418
1.01414
1.01382
1.01244
1.01004
1.00714
1.00364
1.00119
1.00023
1.00002
0.999996
0.999995
0.999996
0.999998
0.999783
0.989086
0.989372
0.990074
0.990854
0.991505
0.99202
0.992478
0.992911
0.993193
0.992973
0.992718
0.992845
0.993261
0.993914
0.994841
0.995829
0.9965
0.996923
0.996978
0.996672
0.996669
0.996934
0.997505
0.998114
0.998578
0.998928
0.99924
0.999683
1.00044
1.00099
1.00122
1.0011
1.0012
1.00153
1.00212
1.00281
1.00335
1.00372
1.00391
1.00408
1.00439
1.00493
1.00554
1.00597
1.00616
1.00624
1.0065
1.00694
1.00752
1.00801
1.00837
1.00853
1.0087
1.00901
1.00947
1.00997
1.01035
1.01058
1.01072
1.01098
1.01133
1.01178
1.01215
1.0124
1.0125
1.01269
1.01296
1.01332
1.01364
1.01387
1.0139
1.01392
1.0141
1.01435
1.0146
1.01475
1.01468
1.01444
1.01439
1.01452
1.01472
1.0148
1.01462
1.01412
1.01375
1.01339
1.01284
1.0109
1.00774
1.00445
1.00168
1.00038
1.00004
0.999998
0.999995
0.999996
0.999998
0.999999
0.999784
0.990075
0.989746
0.990156
0.990769
0.991466
0.992085
0.992603
0.993094
0.993614
0.994033
0.994041
0.993721
0.993775
0.994117
0.994701
0.995535
0.996505
0.997168
0.997593
0.997729
0.997537
0.997573
0.997843
0.998407
0.998943
0.999308
0.99957
0.999854
1.00039
1.00119
1.00172
1.00197
1.00188
1.00198
1.00231
1.00289
1.00355
1.00404
1.00436
1.00448
1.00469
1.00505
1.00563
1.00619
1.00659
1.00675
1.00687
1.00714
1.00759
1.00814
1.00857
1.00889
1.00903
1.00924
1.00958
1.01004
1.01048
1.01081
1.01099
1.01116
1.01145
1.01182
1.01222
1.01252
1.01269
1.01278
1.01299
1.01328
1.01362
1.01387
1.01401
1.01393
1.01396
1.01414
1.01441
1.0146
1.01467
1.01445
1.0142
1.01416
1.01432
1.01449
1.01445
1.01397
1.01326
1.01246
1.01133
1.00861
1.00511
1.00222
1.00059
1.00008
1
0.999997
0.999996
0.999996
0.999999
1
0.999784
0.99153
0.990655
0.990564
0.990917
0.99152
0.992183
0.99276
0.993234
0.993709
0.994311
0.994838
0.995017
0.994724
0.994688
0.994957
0.99548
0.996284
0.997206
0.997831
0.998241
0.998404
0.998316
0.998438
0.998769
0.999349
0.999756
1
1.0002
1.00053
1.00115
1.0019
1.00239
1.00267
1.00262
1.00274
1.00307
1.00365
1.00426
1.00471
1.00497
1.00508
1.00531
1.00572
1.0063
1.0068
1.00717
1.00732
1.00746
1.00776
1.00822
1.00873
1.00912
1.00938
1.00951
1.00975
1.01012
1.01058
1.01096
1.01124
1.01137
1.01158
1.01186
1.01224
1.01259
1.01285
1.01293
1.01302
1.01322
1.01353
1.01382
1.01403
1.01406
1.01392
1.01394
1.01411
1.01437
1.0145
1.01447
1.01416
1.01393
1.01392
1.01408
1.01411
1.01371
1.01259
1.01115
1.00918
1.00586
1.00273
1.00084
1.00014
1.00001
0.999997
0.999997
0.999997
0.999998
0.999999
1
0.999784
0.992892
0.99211
0.99149
0.991416
0.991748
0.992383
0.993001
0.99349
0.993887
0.99434
0.995049
0.995672
0.995939
0.995657
0.995552
0.995774
0.996288
0.997069
0.997915
0.998492
0.99887
0.999027
0.99905
0.999243
0.999682
1.00026
1.00058
1.00071
1.00088
1.00124
1.00187
1.00257
1.00305
1.00334
1.00334
1.00347
1.0038
1.00436
1.00495
1.00538
1.00558
1.00569
1.00594
1.00638
1.00693
1.0074
1.00773
1.00785
1.00803
1.00835
1.00882
1.00928
1.00963
1.00983
1.00999
1.01026
1.01065
1.01108
1.01141
1.01161
1.01172
1.01195
1.01225
1.01263
1.01292
1.0131
1.0131
1.01318
1.01339
1.01372
1.01396
1.0141
1.01401
1.01383
1.01384
1.01402
1.01424
1.01433
1.0142
1.01383
1.01363
1.01357
1.01356
1.01313
1.01152
1.00929
1.00651
1.00327
1.00111
1.00022
1.00002
0.999998
0.999997
0.999997
0.999998
0.999999
1
1
0.999784
0.993311
0.993461
0.992873
0.992373
0.992341
0.992671
0.993293
0.993831
0.99422
0.994548
0.994987
0.995831
0.996525
0.996807
0.996528
0.996404
0.996602
0.997102
0.997854
0.998641
0.99918
0.999522
0.999631
0.999717
0.99999
1.00057
1.00113
1.00139
1.00141
1.00158
1.00196
1.00258
1.00323
1.0037
1.00398
1.004
1.00416
1.00452
1.00508
1.00562
1.00601
1.00618
1.00629
1.00657
1.00702
1.00755
1.00797
1.00826
1.00838
1.00859
1.00893
1.00939
1.0098
1.01011
1.01027
1.01046
1.01074
1.01113
1.01151
1.0118
1.01193
1.01205
1.01228
1.01259
1.01293
1.01316
1.01328
1.01322
1.0133
1.0135
1.01381
1.01401
1.01407
1.01387
1.01368
1.01369
1.01388
1.01406
1.0141
1.01385
1.01341
1.01308
1.01274
1.01203
1.00978
1.00685
1.0038
1.0014
1.00032
1.00004
0.999999
0.999997
0.999997
0.999998
0.999999
1
1
1
0.999784
0.993353
0.993857
0.993937
0.993605
0.993261
0.993319
0.99366
0.994219
0.994637
0.994915
0.995159
0.995677
0.996672
0.997341
0.99763
0.997386
0.997249
0.997435
0.997924
0.998653
0.999384
0.999862
1.00014
1.00023
1.00039
1.00075
1.00138
1.00191
1.00214
1.00215
1.00232
1.00269
1.00327
1.00388
1.00433
1.0046
1.00466
1.00484
1.00521
1.00574
1.00624
1.00661
1.00676
1.0069
1.00719
1.00764
1.00813
1.00851
1.00876
1.00889
1.00912
1.00948
1.00993
1.0103
1.01055
1.01068
1.01089
1.01119
1.01158
1.01191
1.01215
1.01221
1.01233
1.01255
1.01288
1.01317
1.01336
1.01339
1.01328
1.01334
1.01355
1.01383
1.01398
1.01396
1.01368
1.01349
1.0135
1.01371
1.01384
1.01375
1.0132
1.01247
1.01164
1.01023
1.00731
1.00419
1.00172
1.00043
1.00006
1
0.999998
0.999998
0.999998
0.999999
1
1
1
1
0.999784
0.993172
0.994017
0.994234
0.99436
0.994264
0.994179
0.994339
0.99472
0.995141
0.995404
0.995562
0.995849
0.996506
0.997466
0.9981
0.998411
0.998232
0.9981
0.998273
0.998736
0.999438
1.00013
1.00058
1.0008
1.00086
1.00105
1.00147
1.00212
1.00264
1.00289
1.00289
1.00303
1.00339
1.00394
1.00453
1.00497
1.00523
1.00529
1.00547
1.00586
1.00638
1.00686
1.0072
1.00733
1.00748
1.00778
1.00823
1.00868
1.00903
1.00924
1.00938
1.00964
1.01001
1.01042
1.01074
1.01094
1.01107
1.01131
1.01161
1.01198
1.01225
1.01242
1.01244
1.01256
1.01277
1.0131
1.01334
1.01347
1.01339
1.01328
1.01331
1.01353
1.01376
1.01386
1.01375
1.01342
1.01324
1.01328
1.01348
1.01344
1.01286
1.01155
1.01006
1.00776
1.00456
1.00198
1.00055
1.00008
1
0.999998
0.999998
0.999998
0.999999
1
1
1
1
1
0.999784
0.993051
0.994005
0.994439
0.994684
0.994873
0.994946
0.995065
0.995373
0.995874
0.996126
0.996186
0.996293
0.996606
0.997295
0.998204
0.998838
0.999177
0.999054
0.998928
0.999095
0.999551
1.00024
1.00089
1.00131
1.00144
1.0015
1.00173
1.00221
1.00284
1.00333
1.00359
1.00359
1.00374
1.0041
1.00463
1.00517
1.00558
1.00581
1.00589
1.00611
1.0065
1.007
1.00744
1.00774
1.00787
1.00805
1.00836
1.0088
1.00921
1.00953
1.0097
1.00986
1.01012
1.0105
1.01087
1.01116
1.01131
1.01144
1.01167
1.01196
1.01228
1.01252
1.01267
1.01263
1.01272
1.01292
1.01322
1.01343
1.01351
1.01337
1.01321
1.01323
1.01343
1.01362
1.01367
1.0135
1.01315
1.01298
1.0129
1.01282
1.01208
1.01012
1.00784
1.00495
1.00222
1.00067
1.00011
1.00001
0.999999
0.999998
0.999998
0.999999
0.999999
1
1
1
1
1
0.999784
0.993226
0.993884
0.994569
0.994959
0.995224
0.995435
0.995585
0.995836
0.996429
0.996991
0.99713
0.996994
0.997065
0.9974
0.998072
0.998924
0.999544
0.999905
0.999842
0.999742
0.99991
1.00035
1.00101
1.00162
1.00201
1.00211
1.00218
1.00242
1.0029
1.00349
1.00398
1.00426
1.0043
1.00443
1.00476
1.00526
1.00579
1.00619
1.0064
1.00649
1.00671
1.0071
1.00758
1.00799
1.00827
1.0084
1.00859
1.00891
1.00933
1.0097
1.00998
1.01012
1.01031
1.01059
1.01096
1.01129
1.01153
1.01162
1.01176
1.01198
1.0123
1.01257
1.01275
1.01279
1.01272
1.0128
1.01301
1.01331
1.01345
1.01345
1.01321
1.01305
1.01306
1.01328
1.01345
1.01347
1.01314
1.01267
1.01223
1.0118
1.01059
1.00797
1.00514
1.00247
1.00078
1.00015
1.00001
0.999999
0.999999
0.999998
0.999999
0.999999
1
1
1
1
1
1
0.999784
0.993817
0.993947
0.994611
0.995211
0.99558
0.995846
0.996028
0.996224
0.996603
0.997371
0.997925
0.998045
0.99783
0.997877
0.998195
0.998818
0.999614
1.00024
1.00061
1.0006
1.00052
1.00068
1.00111
1.00175
1.00234
1.00271
1.00279
1.00284
1.00309
1.00357
1.00415
1.00462
1.00491
1.00495
1.00509
1.00541
1.0059
1.0064
1.00677
1.00696
1.00706
1.0073
1.0077
1.00816
1.00853
1.00877
1.00889
1.00909
1.00943
1.00984
1.01018
1.01041
1.01053
1.01073
1.01101
1.01136
1.01165
1.01186
1.01192
1.01204
1.01223
1.01251
1.01273
1.01289
1.0129
1.0128
1.01283
1.01301
1.01326
1.01338
1.01333
1.01306
1.0129
1.01292
1.01311
1.01319
1.013
1.0123
1.0114
1.01035
1.00824
1.00527
1.00264
1.00089
1.00018
1.00002
1
0.999999
0.999999
0.999999
0.999999
1
1
1
1
1
1
1
0.999784
0.994735
0.994422
0.994713
0.995377
0.995966
0.996307
0.996514
0.996633
0.996854
0.997375
0.998215
0.998751
0.998901
0.998662
0.99868
0.998969
0.999556
1.0003
1.00091
1.0013
1.00131
1.00125
1.00143
1.00185
1.00246
1.00301
1.00337
1.00345
1.00352
1.00378
1.00423
1.00477
1.00522
1.00551
1.00558
1.00573
1.00604
1.0065
1.00696
1.00731
1.0075
1.00762
1.00787
1.00826
1.00868
1.00902
1.00923
1.00937
1.00959
1.00993
1.0103
1.0106
1.01078
1.0109
1.01111
1.0114
1.01173
1.01198
1.01213
1.01212
1.0122
1.01239
1.01269
1.01289
1.01299
1.0129
1.01274
1.01275
1.01294
1.01319
1.01328
1.01315
1.01281
1.01261
1.01262
1.01274
1.01263
1.01167
1.01003
1.00818
1.00545
1.00274
1.00097
1.00021
1.00002
1
0.999999
0.999999
0.999999
0.999999
1
1
1
1
1
1
1
1
0.999784
0.99583
0.995269
0.995142
0.995512
0.99624
0.99682
0.997091
0.99717
0.997268
0.997535
0.998158
0.998981
0.999498
0.999689
0.999478
0.999478
0.999734
1.00027
1.00096
1.00157
1.00196
1.00201
1.00197
1.00214
1.00254
1.00312
1.00367
1.00404
1.00413
1.00418
1.00442
1.00486
1.00539
1.00583
1.00612
1.00618
1.00632
1.00663
1.0071
1.00754
1.00787
1.00803
1.00815
1.0084
1.00879
1.0092
1.00951
1.00968
1.00982
1.01005
1.01038
1.01072
1.01099
1.01114
1.01127
1.01148
1.01173
1.01202
1.01221
1.01231
1.01227
1.01234
1.0125
1.01277
1.01294
1.01298
1.01283
1.01269
1.0127
1.01285
1.01302
1.01306
1.01285
1.01248
1.01228
1.01207
1.01172
1.0103
1.00804
1.00551
1.00283
1.00102
1.00023
1.00003
1
0.999999
0.999999
0.999999
0.999999
1
1
1
1
1
1
1
1
1
0.999784
0.996645
0.996388
0.995937
0.995913
0.996374
0.997141
0.997702
0.997896
0.997866
0.997958
0.998255
0.998887
0.999682
1.00022
1.00045
1.00027
1.00024
1.00047
1.00097
1.00162
1.00222
1.00261
1.00268
1.00265
1.00283
1.00323
1.00379
1.0043
1.00466
1.00476
1.00483
1.00507
1.0055
1.00599
1.00639
1.00666
1.00675
1.00692
1.00724
1.00768
1.00808
1.00837
1.00851
1.00866
1.00894
1.00932
1.00968
1.00995
1.01008
1.01024
1.01049
1.01082
1.01113
1.01137
1.01147
1.01157
1.01175
1.01199
1.01223
1.0124
1.01247
1.01237
1.01238
1.01253
1.01279
1.01294
1.01295
1.01274
1.0125
1.01246
1.01262
1.01284
1.01283
1.01242
1.01172
1.01103
1.01019
1.00815
1.00543
1.00287
1.00105
1.00024
1.00003
1
0.999999
0.999999
0.999999
0.999999
1
1
1
1
1
1
1
1
1
1
0.999784
0.996961
0.997261
0.996929
0.996636
0.996722
0.997251
0.998029
0.998562
0.998708
0.998592
0.998669
0.998983
0.999602
1.00036
1.0009
1.00116
1.00103
1.00099
1.0012
1.00166
1.00227
1.00285
1.00324
1.00336
1.00334
1.00351
1.00388
1.0044
1.00491
1.00528
1.00541
1.00547
1.00568
1.00608
1.00655
1.00696
1.00723
1.00733
1.00748
1.00779
1.00821
1.00859
1.00886
1.009
1.00916
1.00943
1.00979
1.01011
1.01035
1.01048
1.01065
1.0109
1.01121
1.01147
1.01167
1.01172
1.0118
1.01195
1.0122
1.0124
1.01252
1.0125
1.01237
1.01237
1.01253
1.01276
1.01286
1.01277
1.01249
1.01232
1.01233
1.01247
1.01244
1.01205
1.01097
1.00976
1.00801
1.00533
1.00283
1.00106
1.00025
1.00003
1
0.999999
0.999999
0.999999
0.999999
1
1
1
1
1
1
1
1
1
1
1
0.999784
0.997006
0.997658
0.997772
0.997529
0.99737
0.997547
0.998106
0.998862
0.999372
0.999508
0.999347
0.99941
0.99971
1.00028
1.001
1.00155
1.00186
1.00178
1.00172
1.00191
1.00233
1.00291
1.00349
1.0039
1.00403
1.004
1.00416
1.00453
1.00504
1.00552
1.00588
1.00601
1.00606
1.00629
1.00668
1.00713
1.00751
1.00776
1.00785
1.00803
1.00835
1.00875
1.0091
1.00933
1.00944
1.00962
1.0099
1.01025
1.01055
1.01075
1.01085
1.01102
1.01126
1.01153
1.01176
1.01192
1.01194
1.01195
1.01207
1.01229
1.01246
1.01257
1.01253
1.01234
1.01229
1.01241
1.0126
1.01269
1.01262
1.01229
1.01197
1.01182
1.0117
1.01132
1.00971
1.00767
1.00525
1.00274
1.00103
1.00024
1.00003
1
0.999999
0.999999
0.999999
0.999999
1
1
1
1
1
1
1
1
1
1
1
1
0.999784
0.997029
0.997734
0.998175
0.99834
0.998193
0.998129
0.998343
0.99889
0.99963
1.00015
1.00031
1.00012
1.00014
1.00042
1.00095
1.00163
1.00219
1.00253
1.0025
1.00243
1.00261
1.00301
1.00357
1.00412
1.00451
1.00467
1.00467
1.00483
1.00516
1.00562
1.00608
1.00645
1.00661
1.00668
1.00689
1.00724
1.00766
1.00803
1.00827
1.00839
1.00856
1.00886
1.00923
1.00954
1.00976
1.00989
1.01007
1.01035
1.01066
1.01092
1.01108
1.01119
1.01136
1.01158
1.01181
1.01197
1.01206
1.012
1.01199
1.01211
1.01237
1.01253
1.01257
1.01241
1.01217
1.01211
1.01227
1.01247
1.01249
1.01223
1.0117
1.01122
1.01076
1.00968
1.00749
1.00505
1.00265
1.00098
1.00023
1.00003
1
1
0.999999
0.999999
0.999999
1
1
1
1
1
1
1
1
1
1
1
1
1
0.999784
0.997324
0.997643
0.998285
0.998766
0.998997
0.9989
0.998876
0.9991
0.999642
1.00036
1.00088
1.00107
1.00089
1.00089
1.00112
1.00161
1.00223
1.0028
1.00318
1.00323
1.00316
1.00331
1.00366
1.00417
1.00473
1.00515
1.00533
1.00531
1.00544
1.00575
1.00621
1.00668
1.00704
1.0072
1.00725
1.00744
1.0078
1.00821
1.00856
1.00878
1.00887
1.00905
1.00936
1.00971
1.01001
1.01018
1.01029
1.01047
1.01075
1.01104
1.01128
1.01142
1.01147
1.0116
1.01176
1.01194
1.01207
1.01216
1.01207
1.01202
1.0121
1.01232
1.01244
1.01245
1.01225
1.012
1.01191
1.01201
1.01213
1.01202
1.01134
1.01026
1.00913
1.00728
1.00476
1.00248
1.00091
1.00021
1.00003
1
1
1
0.999999
1
1
1
1
1
1
1
1
1
1
1
1
1
1
1
0.999784
0.997981
0.997849
0.998233
0.998893
0.999447
0.999719
0.999634
0.999613
0.999828
1.00034
1.00105
1.00159
1.00183
1.00167
1.00162
1.00182
1.00227
1.00285
1.00343
1.00383
1.00394
1.00385
1.00399
1.00432
1.00482
1.00533
1.00572
1.00592
1.00593
1.00607
1.00636
1.00679
1.00721
1.00754
1.00772
1.00782
1.00801
1.00834
1.0087
1.00901
1.00922
1.00935
1.00954
1.00983
1.01014
1.01039
1.01054
1.01067
1.01087
1.01114
1.01138
1.01155
1.01161
1.0116
1.01168
1.01188
1.01209
1.0122
1.0122
1.01201
1.0119
1.01197
1.01223
1.01236
1.01233
1.01206
1.0117
1.01153
1.01149
1.0114
1.0105
1.00875
1.00686
1.00448
1.00225
1.00081
1.00018
1.00002
1
1
1
1
1
1
1
1
1
1
1
1
1
1
1
1
1
1
1
1
0.999784
0.998813
0.998451
0.998439
0.998886
0.999603
1.0002
1.00047
1.00035
1.00032
1.00054
1.00105
1.00173
1.00227
1.00255
1.00245
1.00238
1.00255
1.00296
1.0035
1.00405
1.00446
1.00463
1.00458
1.00468
1.00496
1.00539
1.00588
1.00629
1.00652
1.00655
1.00665
1.00692
1.00733
1.00776
1.00809
1.00827
1.00834
1.00851
1.00883
1.0092
1.0095
1.00968
1.00978
1.00996
1.01024
1.01055
1.01079
1.01092
1.01104
1.0112
1.0114
1.01157
1.01171
1.01174
1.01171
1.01176
1.01192
1.0121
1.01218
1.01213
1.01191
1.0118
1.01186
1.01207
1.01214
1.01199
1.01153
1.01107
1.01064
1.01011
1.00868
1.00647
1.00415
1.00203
1.0007
1.00015
1.00002
1
1
1
1
1
1
1
1
1
1
1
1
1
1
1
1
1
1
1
1
1
0.999784
0.999526
0.999356
0.999049
0.999125
0.999616
1.00034
1.00093
1.00119
1.00109
1.00105
1.00126
1.00172
1.00236
1.00294
1.00328
1.00326
1.00315
1.00329
1.00363
1.00414
1.00469
1.00511
1.00532
1.00526
1.00533
1.00558
1.00601
1.00647
1.00685
1.00708
1.00711
1.00723
1.00749
1.00789
1.00827
1.00855
1.00872
1.00883
1.00903
1.00934
1.00966
1.00991
1.01006
1.01019
1.01039
1.01068
1.01094
1.01114
1.01121
1.01126
1.01139
1.01159
1.01175
1.01184
1.01183
1.0117
1.01169
1.01185
1.01206
1.01215
1.01209
1.01177
1.01152
1.01151
1.01169
1.01175
1.01143
1.01043
1.00933
1.00806
1.00606
1.00375
1.00179
1.00059
1.00012
1.00001
1
1
1
1
1
1
1
1
1
1
1
1
1
1
1
1
1
1
1
1
1
1
0.999784
0.999839
1.00016
0.999931
0.999721
0.999852
1.00034
1.00105
1.00166
1.00194
1.00182
1.00174
1.00193
1.00239
1.00301
1.0036
1.00398
1.00402
1.0039
1.00402
1.00434
1.00481
1.0053
1.00571
1.00594
1.00597
1.00602
1.00622
1.00658
1.00699
1.00737
1.00761
1.0077
1.0078
1.00802
1.00837
1.00874
1.00903
1.0092
1.00931
1.00948
1.00976
1.01007
1.01032
1.01047
1.0106
1.01078
1.01101
1.01121
1.01135
1.01138
1.01142
1.01151
1.01168
1.01181
1.01186
1.01178
1.01165
1.01164
1.01179
1.01196
1.01198
1.01178
1.01138
1.01114
1.01112
1.01111
1.01065
1.00921
1.00753
1.00552
1.00328
1.0015
1.00047
1.00009
1.00001
1
1
1
1
1
1
1
1
1
1
1
1
1
1
1
1
1
1
1
1
1
1
1
0.999784
0.999946
1.00053
1.00073
1.00058
1.00044
1.00061
1.00109
1.00177
1.00234
1.00263
1.00253
1.00247
1.00264
1.00307
1.00365
1.00422
1.00462
1.00477
1.00469
1.00476
1.005
1.00542
1.00589
1.00633
1.0066
1.00663
1.00664
1.00682
1.00717
1.00758
1.00794
1.00817
1.00822
1.00832
1.00854
1.0089
1.00925
1.0095
1.00961
1.00972
1.00992
1.01022
1.01051
1.01071
1.01081
1.01091
1.01107
1.01125
1.0114
1.01151
1.0115
1.01145
1.0115
1.01165
1.01179
1.01187
1.01181
1.01154
1.01142
1.0115
1.01165
1.01173
1.01151
1.0109
1.01026
1.00975
1.00897
1.00723
1.00501
1.00286
1.00123
1.00036
1.00006
1.00001
1
1
1
1
1
1
1
1
1
1
1
1
1
1
1
1
1
1
1
1
1
1
1
1
0.999784
1.0001
1.00051
1.00103
1.00134
1.00132
1.00123
1.00136
1.00176
1.00237
1.00298
1.00332
1.00329
1.0032
1.00333
1.0037
1.00424
1.00485
1.00529
1.00548
1.00538
1.00542
1.00565
1.00608
1.00652
1.0069
1.00716
1.00725
1.0073
1.00747
1.00777
1.00811
1.00841
1.00864
1.00878
1.00888
1.00906
1.00935
1.00963
1.00987
1.01004
1.01018
1.01036
1.01059
1.01081
1.01099
1.01107
1.01115
1.01127
1.01141
1.01151
1.01155
1.01147
1.01141
1.01147
1.01166
1.01176
1.01175
1.01151
1.01119
1.01109
1.01126
1.0114
1.01117
1.01032
1.00924
1.00815
1.0065
1.0044
1.00242
1.00098
1.00026
1.00004
1
1
1
1
1
1
1
1
1
1
1
1
1
1
1
1
1
1
1
1
1
1
1
1
1
1
0.999784
1.00056
1.00057
1.00107
1.00169
1.00208
1.00206
1.0019
1.00201
1.00242
1.00306
1.00369
1.00404
1.004
1.00387
1.00401
1.00437
1.00491
1.00544
1.00585
1.00608
1.0061
1.00614
1.00632
1.00664
1.00704
1.00745
1.00775
1.0079
1.00792
1.00803
1.00831
1.00866
1.00897
1.00918
1.00926
1.00933
1.00952
1.00982
1.0101
1.0103
1.01041
1.01052
1.0107
1.01093
1.01111
1.01122
1.01122
1.01123
1.01132
1.01142
1.01152
1.01159
1.01151
1.01135
1.01133
1.01144
1.0115
1.01152
1.01136
1.01096
1.01063
1.01045
1.01021
1.00937
1.00771
1.00578
1.00374
1.00193
1.00073
1.00018
1.00002
1
1
1
1
1
1
1
1
1
1
1
1
1
1
1
1
1
1
1
1
1
1
1
1
1
1
1
0.999784
1.00126
1.00102
1.00118
1.00177
1.00237
1.00274
1.00273
1.00261
1.00273
1.00313
1.00372
1.00428
1.00464
1.00469
1.00461
1.00472
1.00499
1.00542
1.00595
1.00644
1.00673
1.00674
1.00671
1.00687
1.00721
1.00767
1.00806
1.00833
1.00843
1.00848
1.00865
1.00893
1.00923
1.00946
1.00961
1.00975
1.00988
1.01005
1.01029
1.01048
1.01063
1.01075
1.01088
1.01102
1.01115
1.01124
1.01125
1.01119
1.01121
1.01133
1.01149
1.01154
1.0115
1.01125
1.01104
1.01104
1.01129
1.01138
1.01122
1.0106
1.00989
1.00935
1.00863
1.00721
1.0052
1.00319
1.00151
1.00051
1.00011
1.00001
1
1
1
1
1
1
1
1
1
1
1
1
1
1
1
1
1
1
1
1
1
1
1
1
1
1
1
1
0.999784
1.00199
1.00178
1.00163
1.00183
1.00236
1.00298
1.00339
1.00345
1.00334
1.00343
1.00375
1.00429
1.0049
1.00531
1.0054
1.00526
1.00533
1.00559
1.00606
1.00656
1.00695
1.00721
1.00729
1.00735
1.00753
1.00782
1.00816
1.00847
1.00877
1.00899
1.00913
1.00923
1.00941
1.0097
1.00997
1.01018
1.01029
1.01034
1.01049
1.0107
1.01088
1.011
1.01101
1.01104
1.01109
1.01117
1.01126
1.01131
1.01125
1.01119
1.01124
1.01132
1.01135
1.0113
1.01112
1.01089
1.01076
1.01076
1.01067
1.01015
1.00909
1.00776
1.00617
1.00439
1.00255
1.00112
1.00034
1.00006
1.00001
1
1
1
1
1
1
1
1
1
1
1
1
1
1
1
1
1
1
1
1
1
1
1
1
1
1
1
1
1
0.999784
1.00244
1.00259
1.0023
1.00223
1.00248
1.00306
1.0037
1.0041
1.00414
1.00399
1.00408
1.0044
1.00496
1.00552
1.00589
1.006
1.00592
1.00601
1.00623
1.00661
1.00701
1.00742
1.00773
1.00791
1.00797
1.00805
1.00828
1.00865
1.00904
1.00934
1.00951
1.00956
1.00971
1.00997
1.01029
1.0105
1.01058
1.01067
1.0108
1.01098
1.01112
1.01116
1.0111
1.01099
1.011
1.01112
1.01128
1.01133
1.01128
1.01104
1.01091
1.01096
1.01122
1.01129
1.01112
1.01062
1.0101
1.00982
1.00964
1.00892
1.00733
1.00548
1.00361
1.00189
1.00075
1.0002
1.00003
1
1
1
1
1
1
1
1
1
1
1
1
1
1
1
1
1
1
1
1
1
1
1
1
1
1
1
1
1
1
1
0.999784
1.00258
1.003
1.00308
1.00293
1.00296
1.00322
1.00377
1.00432
1.00468
1.00476
1.00468
1.00477
1.00505
1.00554
1.00605
1.00644
1.00661
1.00658
1.0066
1.00678
1.00714
1.00759
1.00801
1.00829
1.00841
1.00846
1.00861
1.00887
1.00921
1.00948
1.00968
1.00989
1.01009
1.0103
1.0105
1.01066
1.01085
1.011
1.01112
1.01119
1.01121
1.01123
1.01122
1.01115
1.01111
1.01111
1.01113
1.01115
1.01115
1.01106
1.01092
1.01082
1.01079
1.01085
1.0108
1.01033
1.00963
1.00882
1.00774
1.00643
1.00477
1.0029
1.00139
1.00048
1.00011
1.00001
1
1
1
1
1
1
1
1
1
1
1
1
1
1
1
1
1
1
1
1
1
1
1
1
1
1
1
1
1
1
1
1
0.999784
1.00269
1.00306
1.00348
1.00371
1.00369
1.00371
1.00391
1.00437
1.00492
1.00531
1.00542
1.00534
1.0054
1.00565
1.00612
1.00664
1.00702
1.00717
1.00714
1.00719
1.00738
1.00773
1.00813
1.00845
1.0087
1.00888
1.00904
1.00919
1.00938
1.00963
1.0099
1.01016
1.01039
1.01054
1.01067
1.01087
1.01106
1.01122
1.01129
1.01123
1.01119
1.01126
1.01137
1.01142
1.01134
1.01108
1.0109
1.01089
1.01101
1.01112
1.01099
1.01058
1.01018
1.01002
1.01001
1.00969
1.00849
1.00701
1.00544
1.0037
1.00209
1.00091
1.00028
1.00005
1.00001
1
1
1
1
1
1
1
1
1
1
1
1
1
1
1
1
1
1
1
1
1
1
1
1
1
1
1
1
1
1
1
1
1
0.999784
1.00311
1.00316
1.00366
1.00418
1.00447
1.00441
1.00438
1.00457
1.00503
1.00556
1.00594
1.00604
1.00596
1.00604
1.00628
1.00673
1.00717
1.00749
1.00766
1.00772
1.00781
1.00798
1.00827
1.00861
1.00892
1.00918
1.00939
1.00954
1.00967
1.00987
1.01013
1.01039
1.01058
1.01073
1.01087
1.01102
1.01117
1.01128
1.01128
1.01124
1.01127
1.01135
1.01143
1.01145
1.01137
1.01113
1.01096
1.0109
1.01091
1.01086
1.01073
1.01027
1.00976
1.00933
1.00863
1.0077
1.00641
1.00464
1.00286
1.00142
1.00052
1.00013
1.00002
1
1
1
1
1
1
1
1
1
1
1
1
1
1
1
1
1
1
1
1
1
1
1
1
1
1
1
1
1
1
1
1
1
1
1
0.999784
1.00386
1.00365
1.00382
1.0043
1.00476
1.00509
1.00517
1.00513
1.00527
1.00564
1.00609
1.00647
1.00668
1.00668
1.00671
1.00689
1.00725
1.00765
1.008
1.00823
1.00834
1.00841
1.00855
1.0088
1.00911
1.00939
1.00963
1.00983
1.01001
1.01018
1.01038
1.0106
1.01077
1.01088
1.01097
1.01107
1.01116
1.01124
1.01125
1.01126
1.01131
1.01135
1.0113
1.01126
1.01126
1.01125
1.0112
1.01092
1.0105
1.0102
1.01002
1.00989
1.00905
1.0078
1.00658
1.00519
1.00356
1.00204
1.0009
1.00028
1.00006
1.00001
1
1
1
1
1
1
1
1
1
1
1
1
1
1
1
1
1
1
1
1
1
1
1
1
1
1
1
1
1
1
1
1
1
1
1
1
0.999784
1.00449
1.00439
1.0043
1.00448
1.00491
1.00534
1.00563
1.00577
1.00579
1.00592
1.00625
1.00668
1.00699
1.00719
1.00724
1.0073
1.00747
1.00782
1.00821
1.00849
1.0087
1.00885
1.00895
1.00909
1.00932
1.00962
1.00988
1.0101
1.0103
1.01047
1.01065
1.0108
1.0109
1.01096
1.01101
1.01107
1.01113
1.01118
1.0112
1.01123
1.01126
1.01126
1.01118
1.01113
1.01114
1.01113
1.01104
1.01076
1.01026
1.00985
1.00937
1.00853
1.00738
1.00584
1.00413
1.0025
1.00124
1.00047
1.00012
1.00002
1
1
1
1
1
1
1
1
1
1
1
1
1
1
1
1
1
1
1
1
1
1
1
1
1
1
1
1
1
1
1
1
1
1
1
1
1
1
0.999784
1.00509
1.00529
1.00528
1.00523
1.00538
1.0057
1.00613
1.00645
1.00662
1.00666
1.00677
1.00701
1.00739
1.00771
1.00793
1.00802
1.0081
1.00826
1.00855
1.00888
1.00914
1.00936
1.00952
1.00966
1.00982
1.01003
1.01026
1.01044
1.01058
1.01068
1.01077
1.01083
1.0109
1.01095
1.01098
1.011
1.01101
1.01101
1.01101
1.01103
1.01104
1.01097
1.01082
1.01068
1.01054
1.01036
1.01008
1.00965
1.0089
1.00795
1.00684
1.00547
1.00405
1.00262
1.00139
1.00058
1.00017
1.00003
1
1
1
1
1
1
1
1
1
1
1
1
1
1
1
1
1
1
1
1
1
1
1
1
1
1
1
1
1
1
1
1
1
1
1
1
1
1
1
1
0.999784
)
;

boundaryField
{
    back
    {
        type            empty;
    }
    outlet
    {
        type            zeroGradient;
    }
    top
    {
        type            zeroGradient;
    }
    inlet
    {
        type            fixedValue;
        value           uniform 1;
    }
    bottom
    {
        type            zeroGradient;
    }
    front
    {
        type            empty;
    }
}


// ************************************************************************* //
