/*--------------------------------*- C++ -*----------------------------------*\
  =========                 |
  \\      /  F ield         | OpenFOAM: The Open Source CFD Toolbox
   \\    /   O peration     | Website:  https://openfoam.org
    \\  /    A nd           | Version:  12
     \\/     M anipulation  |
\*---------------------------------------------------------------------------*/
FoamFile
{
    format      ascii;
    class       volScalarField;
    location    "24.6";
    object      T;
}
// * * * * * * * * * * * * * * * * * * * * * * * * * * * * * * * * * * * * * //

dimensions      [0 0 0 1 0 0 0];

internalField   nonuniform List<scalar> 
9801
(
0.811549
0.812717
0.811062
0.806915
0.798124
0.790084
0.789215
0.791237
0.799913
0.818298
0.828745
0.830907
0.830917
0.829817
0.824811
0.81304
0.805754
0.805694
0.807478
0.812532
0.826136
0.839921
0.84402
0.844767
0.844145
0.84082
0.831576
0.825061
0.825445
0.82785
0.832515
0.839004
0.847046
0.853439
0.856453
0.856968
0.856008
0.850838
0.845586
0.846039
0.848412
0.852099
0.855704
0.858715
0.861705
0.866152
0.870188
0.871823
0.872307
0.87195
0.868603
0.867856
0.869418
0.870984
0.872144
0.873395
0.875524
0.88077
0.887103
0.890544
0.892024
0.892795
0.892214
0.88892
0.887932
0.888513
0.889482
0.891109
0.893985
0.902601
0.910996
0.914802
0.916325
0.917054
0.915915
0.911644
0.908027
0.907973
0.90962
0.912491
0.921138
0.934219
0.941594
0.945077
0.946989
0.94846
0.945045
0.936641
0.93211
0.933784
0.938375
0.951545
0.972503
0.989262
1.00275
1.01143
1.00195
1.0905
1.52722
0.806908
0.812495
0.813283
0.811936
0.809008
0.806501
0.80392
0.802421
0.803143
0.808197
0.821469
0.829093
0.831405
0.832028
0.828705
0.82411
0.819984
0.816719
0.816089
0.817687
0.822511
0.832593
0.841688
0.845217
0.846774
0.846139
0.842192
0.836782
0.833261
0.83282
0.833855
0.836263
0.842564
0.851758
0.856885
0.859285
0.860241
0.860171
0.857216
0.852947
0.851873
0.852889
0.854804
0.857068
0.860325
0.866443
0.872024
0.874798
0.876105
0.877049
0.876862
0.873542
0.87174
0.87232
0.873632
0.875015
0.877447
0.88302
0.889666
0.893409
0.895368
0.896614
0.89757
0.894557
0.891043
0.891002
0.892641
0.894297
0.897328
0.905016
0.912785
0.916853
0.919081
0.920883
0.922048
0.917176
0.912025
0.911996
0.914298
0.917216
0.924097
0.935739
0.94389
0.948577
0.951856
0.954639
0.952655
0.943319
0.938983
0.941479
0.946661
0.955442
0.971473
0.98694
1.00058
1.0095
1.00014
1.09109
1.5495
0.805864
0.810373
0.811909
0.811456
0.81172
0.813211
0.8159
0.819099
0.819395
0.817853
0.819874
0.826116
0.83079
0.83115
0.828933
0.828339
0.829155
0.829849
0.830671
0.832348
0.832932
0.834607
0.839801
0.845465
0.847574
0.847947
0.847959
0.847544
0.846452
0.845136
0.844714
0.845354
0.846368
0.85096
0.857401
0.861289
0.863594
0.865693
0.867433
0.866647
0.863385
0.862336
0.862147
0.862212
0.863112
0.867311
0.87439
0.879174
0.881927
0.883949
0.88577
0.885218
0.881636
0.879896
0.879911
0.880621
0.881964
0.886414
0.894282
0.899746
0.902824
0.90487
0.906838
0.905817
0.901138
0.899176
0.899832
0.901457
0.903924
0.910594
0.919999
0.926073
0.929558
0.932038
0.933947
0.93031
0.92401
0.922729
0.924761
0.927827
0.93274
0.944599
0.956361
0.962813
0.966801
0.970123
0.969686
0.961819
0.95652
0.957755
0.963626
0.971286
0.985441
1.0031
1.01859
1.03072
1.02637
1.11897
1.5811
0.811711
0.805706
0.806845
0.812425
0.818838
0.824144
0.8312
0.835984
0.837291
0.834984
0.828716
0.825469
0.825486
0.829069
0.834417
0.837729
0.840185
0.84343
0.846155
0.847929
0.84756
0.842689
0.841165
0.843201
0.849477
0.855154
0.857867
0.859512
0.860525
0.860176
0.858364
0.855169
0.853281
0.853522
0.857605
0.867238
0.874187
0.877018
0.879158
0.880011
0.878052
0.873935
0.870112
0.869095
0.869655
0.872182
0.880898
0.890133
0.894791
0.897033
0.898964
0.898946
0.89413
0.889442
0.888452
0.889487
0.891356
0.895645
0.905545
0.913716
0.917625
0.919884
0.921894
0.921054
0.914756
0.911145
0.911763
0.913947
0.916865
0.923288
0.934154
0.941655
0.94548
0.948164
0.950426
0.948913
0.942039
0.938833
0.940609
0.944217
0.948692
0.958597
0.972314
0.981046
0.986112
0.990196
0.992411
0.987904
0.98195
0.980096
0.984268
0.991901
1.00188
1.01754
1.03279
1.0456
1.0479
1.1595
1.61711
0.821727
0.8099
0.809449
0.8115
0.819501
0.833005
0.842626
0.847604
0.849368
0.849245
0.841834
0.83284
0.831899
0.832807
0.836304
0.844602
0.850881
0.854271
0.856735
0.856879
0.853859
0.851344
0.851169
0.852486
0.856144
0.862913
0.868357
0.871283
0.872874
0.870819
0.865727
0.862811
0.8628
0.863808
0.868432
0.877436
0.885556
0.889808
0.892281
0.893729
0.889345
0.881859
0.879404
0.880058
0.881492
0.884607
0.893969
0.904049
0.909079
0.911636
0.913174
0.911991
0.905455
0.901085
0.901253
0.903089
0.905459
0.909939
0.919901
0.928611
0.932685
0.934926
0.936469
0.935922
0.930584
0.926673
0.927269
0.929755
0.932736
0.937936
0.948482
0.957376
0.961874
0.964901
0.967618
0.968204
0.962233
0.956473
0.956291
0.960191
0.964772
0.972052
0.985547
0.997602
1.00453
1.00916
1.01298
1.0121
1.00617
1.00182
1.00148
1.00664
1.0146
1.02653
1.04058
1.05187
1.05556
1.1857
1.6434
0.829928
0.820516
0.819884
0.821477
0.825751
0.837231
0.84914
0.853631
0.85424
0.852281
0.849012
0.846117
0.844616
0.845615
0.848346
0.852293
0.857391
0.860824
0.861926
0.86189
0.862273
0.86332
0.865994
0.869034
0.871725
0.874077
0.877153
0.879946
0.879467
0.87579
0.873936
0.874168
0.875511
0.879087
0.886643
0.893038
0.897447
0.900845
0.902886
0.901375
0.895885
0.892759
0.89276
0.894088
0.896087
0.900728
0.910198
0.917835
0.921514
0.923533
0.924214
0.922388
0.918015
0.915452
0.915902
0.917797
0.920215
0.924598
0.933553
0.941101
0.944919
0.947209
0.948889
0.949678
0.946704
0.941872
0.940969
0.943307
0.94628
0.95003
0.958549
0.96882
0.974575
0.977808
0.980567
0.982681
0.980022
0.973084
0.970179
0.97192
0.976006
0.981046
0.991006
1.00436
1.01378
1.02014
1.02523
1.02795
1.02464
1.01882
1.01556
1.01594
1.02006
1.02754
1.03966
1.05083
1.05571
1.20186
1.65889
0.843184
0.837991
0.836948
0.838226
0.839759
0.841129
0.846093
0.854495
0.859718
0.861754
0.863353
0.864636
0.864
0.863108
0.863341
0.862429
0.861108
0.861346
0.864105
0.868457
0.873228
0.878992
0.883591
0.886334
0.887884
0.888948
0.888277
0.883815
0.881159
0.881877
0.883806
0.885818
0.889065
0.896621
0.904047
0.908016
0.909902
0.911008
0.909053
0.904599
0.902562
0.903128
0.904887
0.906947
0.910147
0.916885
0.924351
0.928429
0.93026
0.931032
0.931109
0.930679
0.928388
0.926491
0.927389
0.929721
0.932415
0.936141
0.943001
0.949309
0.95294
0.955254
0.957437
0.959648
0.959803
0.954972
0.952156
0.95297
0.955209
0.957972
0.963052
0.973698
0.982292
0.986867
0.989856
0.992616
0.993344
0.988011
0.982323
0.98038
0.982154
0.986083
0.991917
1.00349
1.01631
1.02515
1.03091
1.03552
1.03654
1.03247
1.02751
1.02429
1.02439
1.0274
1.0353
1.04723
1.05441
1.21154
1.66729
0.856851
0.858962
0.856312
0.852359
0.848561
0.844785
0.844497
0.848619
0.860546
0.871343
0.877445
0.880901
0.882372
0.880628
0.875459
0.868675
0.863157
0.862243
0.863561
0.86844
0.87991
0.891091
0.897344
0.900123
0.901749
0.901236
0.894245
0.885857
0.883931
0.885028
0.887586
0.892471
0.900443
0.909315
0.915263
0.917376
0.917969
0.916228
0.912987
0.910389
0.908978
0.910015
0.912306
0.915781
0.920366
0.925819
0.930424
0.932982
0.934546
0.93563
0.937235
0.938923
0.938389
0.936389
0.936336
0.938259
0.940129
0.941938
0.9457
0.952964
0.958335
0.961603
0.964527
0.966985
0.968883
0.966523
0.961534
0.95932
0.960026
0.962239
0.965485
0.973871
0.985599
0.992937
0.997203
1.00016
1.00248
1.00019
0.992573
0.98772
0.986984
0.989155
0.993011
0.999767
1.01235
1.02411
1.03197
1.03737
1.04151
1.04191
1.03852
1.03334
1.02911
1.02837
1.03082
1.04065
1.05096
1.21912
1.67276
0.866705
0.87199
0.872559
0.867357
0.855536
0.848908
0.848444
0.849531
0.855503
0.87242
0.885327
0.889704
0.891982
0.892867
0.887229
0.874081
0.86777
0.867474
0.868374
0.870755
0.880036
0.896231
0.903987
0.906595
0.907682
0.904962
0.897597
0.892047
0.890375
0.891399
0.893617
0.898202
0.906461
0.91495
0.919304
0.920418
0.919689
0.918661
0.918873
0.918166
0.917905
0.919363
0.921934
0.923819
0.924914
0.926243
0.92957
0.934499
0.938097
0.941123
0.944117
0.946576
0.948427
0.946971
0.944469
0.942886
0.942294
0.942909
0.945155
0.95251
0.961839
0.967672
0.971195
0.973653
0.975676
0.975389
0.969222
0.96408
0.962867
0.964531
0.967348
0.972453
0.984261
0.995784
1.00184
1.0053
1.00783
1.009
1.00378
0.996187
0.992468
0.992236
0.994504
0.99853
1.00637
1.01908
1.03015
1.03743
1.04231
1.0457
1.0453
1.04273
1.0373
1.03147
1.02926
1.03298
1.04413
1.22485
1.67669
0.870902
0.876792
0.877057
0.869988
0.859394
0.855166
0.854821
0.855738
0.859595
0.872622
0.887626
0.893792
0.895838
0.894573
0.886962
0.878916
0.874864
0.874692
0.876701
0.881133
0.887169
0.896365
0.904639
0.907231
0.906799
0.904617
0.903245
0.901015
0.90032
0.901836
0.904775
0.907253
0.908632
0.910966
0.916104
0.919873
0.921771
0.923777
0.92618
0.928341
0.928567
0.92777
0.927437
0.926524
0.924673
0.924627
0.927053
0.93407
0.94192
0.947665
0.951828
0.954524
0.956338
0.95574
0.950259
0.944603
0.942269
0.942979
0.945096
0.950643
0.962753
0.972447
0.97695
0.979456
0.981381
0.982274
0.976891
0.969049
0.966212
0.966779
0.969246
0.972342
0.979578
0.993304
1.00329
1.00795
1.01082
1.01339
1.01392
1.00731
0.999927
0.997012
0.997428
0.999773
1.00394
1.01194
1.0239
1.03375
1.04036
1.04505
1.04815
1.04803
1.046
1.03954
1.03139
1.02906
1.03285
1.22742
1.67927
0.871182
0.875179
0.873438
0.86959
0.866713
0.864803
0.865049
0.867608
0.871772
0.877193
0.884508
0.889975
0.89171
0.891297
0.890588
0.887846
0.88637
0.886962
0.88927
0.891145
0.892527
0.893377
0.8979
0.903585
0.906489
0.908316
0.910457
0.912782
0.912706
0.911903
0.911906
0.910645
0.907358
0.907087
0.910233
0.917931
0.925412
0.931286
0.935104
0.937038
0.93776
0.935471
0.930525
0.925222
0.923317
0.924133
0.92618
0.932367
0.94477
0.954048
0.958262
0.960488
0.96204
0.961956
0.955373
0.946642
0.943951
0.9445
0.946155
0.949613
0.960944
0.974039
0.980308
0.982934
0.984549
0.985181
0.983597
0.976311
0.970897
0.970027
0.971119
0.973742
0.977108
0.985695
0.999343
1.00827
1.01276
1.01558
1.01798
1.01765
1.01151
1.00513
1.0022
1.00213
1.0041
1.00819
1.01646
1.02785
1.0367
1.04266
1.04733
1.05019
1.05025
1.0477
1.03944
1.02995
1.02349
1.22608
1.68099
0.870531
0.869185
0.869139
0.870811
0.872675
0.874059
0.877691
0.880553
0.881691
0.882009
0.882653
0.883493
0.885628
0.889085
0.893119
0.895765
0.89816
0.899721
0.899458
0.896996
0.892807
0.89112
0.892197
0.897375
0.906058
0.913777
0.918903
0.921221
0.922458
0.920749
0.915535
0.908551
0.906097
0.906574
0.908183
0.914157
0.927885
0.937399
0.940881
0.942772
0.943737
0.941999
0.933346
0.925884
0.924783
0.925813
0.927356
0.931999
0.945213
0.956467
0.960896
0.963161
0.963928
0.962247
0.957731
0.951026
0.94741
0.947907
0.950218
0.953547
0.958697
0.970289
0.979513
0.983242
0.984948
0.986056
0.987372
0.985732
0.978912
0.974838
0.974496
0.975458
0.977273
0.980216
0.988709
1.00276
1.01196
1.0165
1.01979
1.02281
1.02296
1.01663
1.00937
1.00572
1.00557
1.0078
1.01203
1.02089
1.03188
1.03969
1.04494
1.04934
1.05149
1.05121
1.047
1.03549
1.02131
1.22086
1.68246
0.869558
0.865712
0.86626
0.868532
0.873477
0.881348
0.88573
0.887705
0.88872
0.887332
0.882541
0.881881
0.884318
0.888876
0.895162
0.901385
0.904393
0.905638
0.903686
0.897103
0.891899
0.891359
0.89257
0.897141
0.908214
0.918879
0.922935
0.925045
0.926373
0.92432
0.914749
0.908472
0.907972
0.908814
0.910432
0.916058
0.929481
0.939368
0.943233
0.945103
0.944977
0.940953
0.934558
0.929412
0.928041
0.929134
0.931969
0.9369
0.944663
0.954716
0.960071
0.961896
0.96162
0.961729
0.961663
0.958501
0.954935
0.954681
0.956282
0.957747
0.958949
0.962476
0.973071
0.981614
0.985485
0.988266
0.990946
0.99323
0.990842
0.983349
0.978883
0.97732
0.977069
0.978867
0.982348
0.992273
1.00726
1.01714
1.02192
1.02484
1.02675
1.02568
1.02008
1.01329
1.0094
1.009
1.01121
1.01583
1.02529
1.03568
1.04235
1.04693
1.05087
1.05194
1.05088
1.04218
1.02651
1.21416
1.68381
0.872185
0.868287
0.868857
0.872802
0.879548
0.884248
0.887267
0.888835
0.887412
0.884548
0.883712
0.884757
0.888386
0.895559
0.902018
0.905255
0.907049
0.906471
0.900246
0.894711
0.893625
0.894329
0.89572
0.902272
0.914668
0.921662
0.925172
0.927106
0.927196
0.921392
0.914423
0.911112
0.911072
0.91226
0.91562
0.92367
0.93277
0.939487
0.942702
0.943127
0.941407
0.940538
0.938473
0.935562
0.935027
0.936616
0.939263
0.940759
0.942512
0.948454
0.955699
0.959287
0.961403
0.963588
0.966033
0.967792
0.964996
0.960998
0.959449
0.958423
0.957712
0.959037
0.964383
0.977085
0.9868
0.991997
0.995762
0.998091
0.999526
0.994866
0.985473
0.980146
0.97908
0.980017
0.982416
0.986185
0.996538
1.01127
1.02023
1.02436
1.02712
1.02916
1.02867
1.02387
1.01726
1.01304
1.01231
1.01422
1.01894
1.02879
1.03837
1.04419
1.04858
1.05149
1.052
1.04719
1.03483
1.20924
1.68508
0.87882
0.876814
0.878115
0.88073
0.882722
0.884163
0.883394
0.881325
0.8814
0.883221
0.88735
0.89452
0.900839
0.904585
0.906693
0.908164
0.907212
0.900163
0.895075
0.894394
0.895464
0.896898
0.90132
0.912511
0.921216
0.92523
0.926995
0.926481
0.922175
0.918495
0.91576
0.914539
0.915563
0.918915
0.923821
0.927938
0.933137
0.936753
0.938308
0.938278
0.939436
0.941724
0.943793
0.944656
0.943506
0.943103
0.942654
0.941075
0.940275
0.94205
0.94972
0.958795
0.964411
0.968992
0.97243
0.974518
0.974167
0.968159
0.961355
0.957335
0.956277
0.957616
0.960339
0.969307
0.985111
0.995093
0.998927
1.00116
1.00301
1.00342
0.996544
0.987184
0.983178
0.982894
0.984058
0.986388
0.990388
1.00074
1.01431
1.0228
1.02722
1.03025
1.03198
1.03177
1.02772
1.02061
1.01556
1.01446
1.01622
1.0211
1.03098
1.03984
1.0454
1.0496
1.05152
1.0499
1.04282
1.20759
1.68643
0.887273
0.890372
0.889247
0.88736
0.884782
0.879437
0.875605
0.87539
0.877188
0.881547
0.892285
0.904887
0.911356
0.913265
0.913103
0.909919
0.902465
0.89503
0.893221
0.894051
0.895677
0.900257
0.909393
0.917686
0.923559
0.925875
0.925171
0.921819
0.920452
0.920469
0.91991
0.921173
0.92414
0.92727
0.928241
0.927885
0.927874
0.930722
0.935403
0.939264
0.942564
0.946664
0.95086
0.953217
0.952556
0.947836
0.942285
0.938664
0.938604
0.94031
0.945009
0.957236
0.968992
0.975182
0.978141
0.979743
0.980019
0.975162
0.964929
0.958708
0.957569
0.958589
0.960878
0.965194
0.976726
0.992173
0.999812
1.00276
1.00409
1.00515
1.00522
0.998453
0.990474
0.987385
0.987671
0.989416
0.991387
0.994547
1.00354
1.0164
1.02481
1.02948
1.03275
1.03448
1.03417
1.02995
1.02231
1.01695
1.01581
1.01753
1.0223
1.03185
1.04041
1.04598
1.04999
1.05079
1.04878
1.21054
1.6883
0.894541
0.900656
0.90105
0.895966
0.884883
0.875647
0.872584
0.873038
0.874736
0.878803
0.892659
0.908659
0.914532
0.916684
0.917224
0.911419
0.90089
0.896109
0.895254
0.896637
0.902016
0.909006
0.913264
0.916941
0.920031
0.92091
0.920431
0.92075
0.922961
0.925714
0.929049
0.930991
0.931513
0.930565
0.927139
0.923417
0.922792
0.925179
0.933125
0.942773
0.950321
0.955084
0.957488
0.959028
0.958499
0.950626
0.940513
0.937587
0.938232
0.939917
0.943037
0.954293
0.970414
0.977875
0.980658
0.981923
0.981544
0.97917
0.971722
0.963793
0.961556
0.962987
0.966432
0.969394
0.971906
0.9804
0.993819
1.00095
1.00373
1.0054
1.00728
1.0087
1.00367
0.996608
0.993016
0.991893
0.991988
0.993732
0.997083
1.00634
1.0188
1.02677
1.03117
1.03428
1.03572
1.03539
1.03124
1.02361
1.01816
1.01689
1.01814
1.02231
1.03181
1.04055
1.04662
1.0493
1.05326
1.21806
1.69096
0.896952
0.903522
0.904517
0.90178
0.888539
0.876816
0.874343
0.874893
0.877689
0.885871
0.897481
0.907881
0.91358
0.914541
0.91096
0.906269
0.903828
0.902126
0.903489
0.907435
0.911394
0.913373
0.913087
0.910788
0.910372
0.913634
0.919085
0.924648
0.930319
0.935505
0.938411
0.939705
0.937739
0.930103
0.921941
0.919387
0.920113
0.922151
0.929594
0.945466
0.956632
0.961016
0.963005
0.963195
0.959109
0.950162
0.942626
0.939735
0.940211
0.942684
0.947928
0.954406
0.965249
0.975321
0.979116
0.979687
0.978741
0.979265
0.979629
0.975262
0.970558
0.969432
0.970031
0.970389
0.970232
0.972109
0.980098
0.993887
1.00244
1.00656
1.01007
1.01275
1.0139
1.00917
1.00056
0.994885
0.993486
0.99455
0.996587
0.999983
1.00958
1.02103
1.02806
1.03228
1.03545
1.03709
1.03698
1.03272
1.02479
1.0188
1.01691
1.01752
1.02128
1.03138
1.04101
1.04636
1.0548
1.2282
1.69448
0.896704
0.903608
0.90256
0.895701
0.888216
0.882903
0.881329
0.8834
0.889409
0.894716
0.897388
0.900536
0.903284
0.904955
0.905743
0.907081
0.909654
0.914385
0.91746
0.918132
0.917299
0.91357
0.906793
0.904055
0.904922
0.908409
0.918503
0.931561
0.940441
0.944105
0.945687
0.945837
0.941804
0.928684
0.920495
0.919484
0.920554
0.922474
0.929132
0.945897
0.958444
0.962929
0.964327
0.961457
0.956999
0.953365
0.94852
0.946016
0.946832
0.950312
0.953558
0.955008
0.956865
0.96367
0.972814
0.977423
0.979885
0.98261
0.985514
0.987056
0.982884
0.976341
0.972269
0.969497
0.968114
0.96901
0.971634
0.980388
0.996141
1.00726
1.01178
1.01388
1.0157
1.0161
1.01157
1.00363
0.998338
0.99679
0.99745
0.999323
1.00299
1.01237
1.02304
1.0298
1.03411
1.03732
1.0389
1.03878
1.03406
1.02547
1.01872
1.01575
1.01565
1.01968
1.0314
1.04118
1.05417
1.23947
1.69854
0.891371
0.895881
0.89388
0.892754
0.893105
0.893198
0.89465
0.896988
0.899059
0.89985
0.895993
0.891096
0.891298
0.896326
0.903947
0.911947
0.920555
0.925433
0.927378
0.927711
0.922675
0.909591
0.90191
0.901018
0.902125
0.904779
0.915282
0.935581
0.945377
0.948464
0.949816
0.94778
0.938001
0.928593
0.923033
0.921781
0.92302
0.928172
0.935996
0.943921
0.953279
0.958186
0.958583
0.956655
0.956752
0.95817
0.958799
0.957034
0.955254
0.95527
0.955304
0.953286
0.951436
0.953076
0.962014
0.974776
0.982982
0.98817
0.99192
0.993891
0.993969
0.986988
0.976716
0.970458
0.96901
0.969961
0.972003
0.974703
0.983039
0.999128
1.00917
1.01289
1.01495
1.01684
1.01759
1.01436
1.00763
1.00221
1.0001
1.00025
1.00165
1.00522
1.01473
1.02532
1.0321
1.03633
1.03907
1.04036
1.04003
1.03497
1.02591
1.01793
1.01355
1.01284
1.01842
1.03148
1.04952
1.25047
1.70219
0.885366
0.885698
0.887692
0.891226
0.898561
0.904909
0.907397
0.907446
0.905329
0.898848
0.889456
0.88642
0.886952
0.889636
0.901003
0.918904
0.92809
0.930971
0.932223
0.931335
0.921847
0.908384
0.902908
0.902557
0.903484
0.9071
0.920285
0.936771
0.945937
0.949254
0.948503
0.942113
0.936963
0.932486
0.929175
0.929201
0.932305
0.937581
0.940328
0.941415
0.942259
0.946922
0.953088
0.956875
0.960218
0.964445
0.968247
0.969445
0.965623
0.959395
0.953709
0.949285
0.947978
0.949237
0.952625
0.96526
0.982247
0.991725
0.995344
0.997095
0.998204
0.996592
0.986371
0.975898
0.972405
0.972822
0.974946
0.97737
0.980066
0.986911
1.00066
1.01017
1.01453
1.01702
1.01928
1.02059
1.01883
1.01253
1.00606
1.00272
1.00215
1.00316
1.00681
1.01656
1.02739
1.03432
1.03823
1.04047
1.04161
1.04098
1.03549
1.02591
1.01622
1.01052
1.00996
1.01775
1.0399
1.25872
1.70436
0.880615
0.88127
0.88651
0.896412
0.906993
0.911809
0.913513
0.913707
0.906941
0.892988
0.886805
0.886634
0.887753
0.891021
0.90532
0.923788
0.930702
0.933029
0.933699
0.927677
0.9165
0.909436
0.906191
0.906248
0.908986
0.917187
0.925785
0.933745
0.939888
0.941508
0.939355
0.936954
0.937957
0.939213
0.940206
0.940657
0.941142
0.941922
0.940697
0.935958
0.933951
0.936103
0.945705
0.958075
0.966845
0.973192
0.976329
0.977701
0.975345
0.964694
0.953423
0.948485
0.948212
0.94984
0.952253
0.957958
0.974502
0.990867
0.996587
0.998032
0.997201
0.995429
0.993491
0.987916
0.98179
0.979486
0.979583
0.98044
0.981214
0.982677
0.987395
0.999797
1.01063
1.01655
1.01992
1.02251
1.02422
1.02331
1.01667
1.00868
1.00421
1.00323
1.00403
1.00756
1.0179
1.02954
1.03649
1.0398
1.04144
1.04232
1.04117
1.03577
1.02572
1.01409
1.00786
1.00657
1.02515
1.26215
1.7048
0.877976
0.881353
0.893735
0.906289
0.911713
0.9139
0.915504
0.914019
0.901534
0.891077
0.888612
0.888876
0.89028
0.897478
0.9144
0.926197
0.931523
0.933327
0.929867
0.921546
0.916071
0.912625
0.912295
0.914793
0.921709
0.926804
0.928455
0.928164
0.927786
0.931314
0.935837
0.938739
0.941953
0.947837
0.952145
0.95334
0.950343
0.943843
0.935353
0.930592
0.930427
0.93228
0.938036
0.955305
0.971817
0.978776
0.981379
0.982089
0.980455
0.971614
0.957549
0.950852
0.950319
0.952908
0.958358
0.963488
0.968853
0.979496
0.989545
0.993191
0.994414
0.995755
0.997961
0.999347
0.996274
0.990057
0.985531
0.983014
0.981552
0.981381
0.982811
0.987376
1.00033
1.01278
1.01935
1.02289
1.02569
1.02714
1.02602
1.01917
1.01
1.00471
1.00352
1.00441
1.00805
1.01906
1.031
1.03759
1.04039
1.04184
1.0429
1.04131
1.03664
1.02464
1.01116
1.00437
1.00643
1.25816
1.70331
0.877818
0.88657
0.905566
0.914289
0.916637
0.917202
0.914841
0.905211
0.894949
0.890796
0.890533
0.891559
0.897285
0.908401
0.917834
0.924949
0.92759
0.925877
0.920855
0.918714
0.918923
0.919607
0.922447
0.926729
0.929489
0.9301
0.925764
0.919512
0.918256
0.921375
0.931518
0.942795
0.952343
0.958164
0.960305
0.961005
0.957216
0.943445
0.93139
0.928605
0.929388
0.93148
0.936458
0.951334
0.971561
0.980191
0.98246
0.980556
0.975319
0.970926
0.965662
0.959944
0.958723
0.96116
0.964262
0.966407
0.966935
0.967451
0.973524
0.984646
0.992698
0.997672
1.0015
1.00476
1.00656
1.00378
0.995276
0.986699
0.982234
0.981507
0.982321
0.983683
0.989163
1.00376
1.01634
1.02234
1.02542
1.02747
1.0282
1.02709
1.02027
1.01098
1.00542
1.00403
1.00466
1.00807
1.01971
1.03208
1.03835
1.04101
1.04286
1.04294
1.04123
1.03591
1.02179
1.00583
0.996799
1.24837
1.70056
0.877095
0.895103
0.912318
0.918017
0.920189
0.920096
0.910715
0.899242
0.894228
0.892662
0.893879
0.90089
0.910331
0.91444
0.915784
0.917199
0.917766
0.918515
0.919852
0.921478
0.924947
0.931102
0.934991
0.936493
0.935222
0.927215
0.917234
0.914056
0.914904
0.917269
0.926143
0.946747
0.960931
0.965168
0.9665
0.965914
0.958359
0.942634
0.932586
0.930076
0.93112
0.936706
0.945717
0.953403
0.962716
0.971881
0.974661
0.973723
0.972978
0.973471
0.973994
0.974129
0.972106
0.969864
0.968532
0.966793
0.96325
0.961801
0.963482
0.970394
0.984592
0.996992
1.0038
1.00714
1.00925
1.01019
1.00612
0.995213
0.986577
0.983302
0.98326
0.984449
0.986769
0.993206
1.00639
1.01747
1.02297
1.02576
1.02719
1.02881
1.02901
1.02272
1.01264
1.00579
1.00367
1.00421
1.00817
1.02074
1.0333
1.03904
1.04114
1.04212
1.04153
1.04061
1.03343
1.01521
0.99723
1.23478
1.69813
0.881362
0.900894
0.912948
0.917869
0.918197
0.911981
0.904484
0.900433
0.898334
0.899821
0.905752
0.912209
0.914974
0.914902
0.91003
0.906186
0.90717
0.912961
0.921383
0.930495
0.937959
0.941383
0.942522
0.942368
0.935475
0.920128
0.912492
0.911895
0.913179
0.91601
0.927142
0.949262
0.962484
0.9667
0.96766
0.962573
0.953423
0.945825
0.939272
0.937456
0.940525
0.947181
0.951266
0.952828
0.952643
0.954008
0.960901
0.967986
0.972603
0.977183
0.982834
0.986157
0.985591
0.980359
0.972942
0.964953
0.960229
0.959737
0.961195
0.963413
0.971484
0.990922
1.00354
1.00742
1.00928
1.0093
1.00753
1.00421
0.997088
0.990507
0.987646
0.987546
0.988205
0.989299
0.993609
1.00584
1.01714
1.02313
1.02655
1.02938
1.03152
1.03185
1.02468
1.01341
1.00614
1.00398
1.00439
1.00865
1.02155
1.03312
1.03782
1.04017
1.04104
1.04086
1.0392
1.02664
1.00801
1.22172
1.69689
0.89085
0.900175
0.905336
0.907232
0.906367
0.905634
0.906327
0.906662
0.909463
0.914437
0.917834
0.919153
0.917293
0.907771
0.899984
0.898684
0.90041
0.906674
0.923411
0.940504
0.948087
0.950256
0.950189
0.944707
0.929328
0.917493
0.913412
0.913204
0.915009
0.923266
0.934707
0.945655
0.956554
0.961089
0.959862
0.954877
0.952174
0.951985
0.951837
0.952043
0.952722
0.953664
0.953597
0.948913
0.943583
0.943291
0.947698
0.958549
0.971426
0.983039
0.990476
0.993423
0.994453
0.991907
0.98038
0.966902
0.961489
0.961216
0.962791
0.965706
0.971078
0.980717
0.994225
1.00194
1.0048
1.0062
1.00742
1.00873
1.00857
1.00392
0.99677
0.99182
0.989095
0.988079
0.988624
0.992828
1.00601
1.01935
1.02647
1.0298
1.03194
1.03373
1.03397
1.0271
1.01509
1.00655
1.00404
1.00456
1.00869
1.02113
1.03198
1.03669
1.0394
1.04023
1.04045
1.034
1.02196
1.21453
1.69727
0.896888
0.898199
0.893268
0.891968
0.896196
0.903434
0.911178
0.9194
0.924305
0.925689
0.925681
0.923357
0.912909
0.900514
0.896051
0.896206
0.897582
0.902268
0.922192
0.943762
0.950442
0.952502
0.951416
0.940589
0.928682
0.920603
0.917305
0.918388
0.925668
0.934764
0.938442
0.940044
0.941741
0.945894
0.950535
0.95306
0.955502
0.960515
0.965527
0.966588
0.963412
0.95819
0.95053
0.94209
0.93843
0.93877
0.94077
0.946887
0.965739
0.98503
0.992424
0.994695
0.995177
0.991513
0.984219
0.975025
0.968704
0.9677
0.969742
0.972892
0.975274
0.976385
0.979595
0.988781
0.997941
1.0039
1.00809
1.01169
1.01443
1.01558
1.01119
1.00109
0.992626
0.988352
0.987457
0.98817
0.992957
1.00777
1.0222
1.02915
1.03254
1.03504
1.03641
1.03565
1.02792
1.01532
1.00649
1.00407
1.00471
1.00885
1.02027
1.03054
1.03579
1.03847
1.03965
1.03781
1.03179
1.21455
1.69922
0.899732
0.889701
0.883662
0.88356
0.885906
0.896505
0.916316
0.929906
0.934634
0.935761
0.932999
0.922129
0.907029
0.898482
0.896946
0.897504
0.900011
0.910185
0.925717
0.939924
0.947306
0.948026
0.94155
0.935018
0.932116
0.929269
0.928796
0.931854
0.936432
0.938778
0.938729
0.933189
0.928967
0.930343
0.939267
0.951872
0.962659
0.971951
0.976234
0.977507
0.974308
0.962985
0.949613
0.941463
0.939215
0.939873
0.942058
0.948186
0.959657
0.976969
0.987826
0.990639
0.989742
0.98765
0.986719
0.986188
0.983905
0.980728
0.978958
0.978166
0.976473
0.973595
0.97291
0.975187
0.98468
0.99861
1.00857
1.01385
1.01738
1.02008
1.0203
1.0142
1.00146
0.991537
0.987561
0.987414
0.98899
0.994895
1.01105
1.02565
1.03216
1.0345
1.03574
1.03573
1.03463
1.02893
1.01678
1.00752
1.00495
1.00522
1.00806
1.01837
1.02866
1.03451
1.03761
1.03807
1.03922
1.22026
1.7021
0.898282
0.883747
0.881886
0.882909
0.884718
0.892085
0.915985
0.932647
0.936753
0.938326
0.936501
0.922399
0.906743
0.900354
0.899556
0.902258
0.912311
0.921029
0.924652
0.928282
0.932209
0.934888
0.936021
0.936998
0.937627
0.940787
0.945141
0.946609
0.945117
0.940702
0.931809
0.924657
0.923014
0.924408
0.928932
0.945003
0.966438
0.977128
0.980229
0.9815
0.980662
0.971281
0.954396
0.944691
0.942774
0.944932
0.951389
0.957717
0.9604
0.963329
0.970546
0.978371
0.982948
0.98574
0.989907
0.9949
0.997572
0.996329
0.990749
0.983148
0.97566
0.970907
0.969657
0.970338
0.973398
0.987521
1.00555
1.01474
1.01868
1.02091
1.02096
1.01944
1.01242
0.999282
0.990974
0.9892
0.990782
0.993065
0.997809
1.01172
1.02518
1.03118
1.03379
1.03585
1.03638
1.03564
1.03126
1.0185
1.00813
1.00483
1.00459
1.00617
1.01599
1.02708
1.03392
1.03593
1.04335
1.22922
1.70522
0.895079
0.883901
0.8834
0.884544
0.888393
0.900377
0.916934
0.930013
0.934777
0.934555
0.927599
0.91872
0.911588
0.90812
0.909498
0.916161
0.922945
0.924942
0.923505
0.9169
0.915388
0.920463
0.931418
0.940668
0.949016
0.955468
0.957711
0.957279
0.951544
0.93825
0.925459
0.921026
0.921244
0.923004
0.926897
0.938832
0.96246
0.9772
0.98104
0.980195
0.973571
0.967436
0.962601
0.957128
0.955388
0.957166
0.959884
0.961545
0.960292
0.955737
0.954863
0.96051
0.97252
0.984941
0.994915
1.00146
1.00487
1.00648
1.00351
0.991702
0.978429
0.971592
0.970193
0.97083
0.973277
0.980751
0.996255
1.01046
1.01666
1.01862
1.01727
1.01639
1.01655
1.01213
1.00247
0.996139
0.993819
0.993415
0.994065
0.997378
1.00916
1.02332
1.03125
1.03539
1.03725
1.03732
1.0365
1.03195
1.01941
1.00858
1.00416
1.00318
1.00424
1.0141
1.02584
1.03133
1.04454
1.23915
1.70805
0.893042
0.885969
0.885902
0.88994
0.899457
0.906791
0.913341
0.920127
0.923861
0.923808
0.922462
0.921877
0.921388
0.922338
0.924437
0.926574
0.927504
0.924869
0.915102
0.909789
0.909868
0.91233
0.922006
0.942751
0.959071
0.964872
0.966344
0.965663
0.957602
0.938807
0.925832
0.922315
0.922823
0.92768
0.938094
0.946643
0.953679
0.963531
0.969029
0.969227
0.968793
0.969545
0.970972
0.973582
0.973279
0.97035
0.966809
0.962
0.954405
0.949226
0.948489
0.949935
0.956681
0.977001
0.995821
1.00314
1.00603
1.00757
1.00591
0.999351
0.987305
0.977499
0.974248
0.974947
0.979452
0.984074
0.987359
0.996153
1.00644
1.01158
1.0138
1.01554
1.01731
1.01934
1.01818
1.0092
1.0002
0.995111
0.992906
0.992398
0.994863
1.00649
1.02244
1.03202
1.03597
1.03665
1.03615
1.03632
1.03255
1.02084
1.00949
1.00376
1.0011
1.00151
1.01231
1.02294
1.0419
1.24898
1.71037
0.895022
0.890647
0.893247
0.901554
0.906909
0.908689
0.908566
0.907576
0.910276
0.916413
0.922163
0.928459
0.934259
0.936666
0.935856
0.933082
0.927443
0.916831
0.909321
0.907552
0.908525
0.910324
0.917877
0.941746
0.960446
0.966194
0.967508
0.962638
0.951708
0.941863
0.933425
0.930462
0.933168
0.940948
0.946631
0.948295
0.947076
0.94423
0.947493
0.956707
0.965959
0.973636
0.981562
0.986538
0.987726
0.984288
0.974868
0.961825
0.951934
0.948386
0.94875
0.950002
0.953357
0.965882
0.987988
1.00011
1.00378
1.0034
0.999475
0.997522
0.99617
0.991296
0.986268
0.984565
0.984764
0.984632
0.983005
0.983495
0.990242
1.00304
1.0117
1.01635
1.02069
1.02466
1.02609
1.02314
1.01232
1.00035
0.992891
0.990972
0.991737
0.994298
1.00558
1.02247
1.03252
1.03603
1.03643
1.03617
1.03625
1.03232
1.02237
1.01049
1.00189
0.997686
0.998992
1.01053
1.03562
1.25738
1.71178
0.901405
0.900364
0.903374
0.906714
0.907945
0.905939
0.90091
0.899436
0.901274
0.908639
0.923006
0.937023
0.944753
0.946953
0.946231
0.938457
0.92503
0.914084
0.909504
0.909073
0.910277
0.916663
0.92646
0.936737
0.950711
0.958095
0.958343
0.954743
0.951362
0.948636
0.947315
0.947441
0.94877
0.950163
0.950636
0.946347
0.937185
0.933893
0.935304
0.941541
0.95719
0.976379
0.988132
0.992763
0.994721
0.993934
0.985831
0.968173
0.954868
0.950867
0.951448
0.954911
0.962149
0.968413
0.974337
0.984563
0.992247
0.995438
0.997122
0.999285
1.00196
1.00472
1.00367
0.996957
0.989122
0.982606
0.978183
0.97678
0.978535
0.98809
1.0047
1.01714
1.02419
1.02724
1.02807
1.02817
1.02421
1.01099
0.998223
0.992696
0.99196
0.993127
0.995325
1.00637
1.02375
1.03387
1.03634
1.0358
1.03548
1.03488
1.03296
1.02524
1.01158
0.999342
0.99413
0.995982
1.02494
1.26262
1.71198
0.911238
0.911222
0.910746
0.909424
0.904423
0.898249
0.896025
0.896662
0.898384
0.903105
0.920001
0.939748
0.947521
0.949996
0.951134
0.945892
0.928629
0.915798
0.912058
0.912729
0.918523
0.926634
0.930099
0.931721
0.933581
0.938452
0.945137
0.949654
0.952674
0.958431
0.96418
0.965648
0.9627
0.957563
0.949651
0.937825
0.930906
0.93007
0.931364
0.93387
0.944493
0.971848
0.988999
0.993551
0.994197
0.989502
0.981518
0.97454
0.966832
0.962458
0.962798
0.965646
0.967903
0.968608
0.966719
0.966545
0.973605
0.986618
0.997105
1.00393
1.00986
1.01332
1.0146
1.01009
0.996984
0.983636
0.976603
0.975161
0.97636
0.979446
0.991887
1.01293
1.02391
1.02691
1.02749
1.02661
1.02355
1.01944
1.01094
1.00194
0.997468
0.996398
0.996781
0.997883
1.00577
1.02142
1.03099
1.03357
1.03374
1.03442
1.03548
1.03516
1.02865
1.01214
0.996539
0.987945
1.0073
1.26279
1.7106
0.920222
0.921456
0.917523
0.909579
0.900208
0.89512
0.894544
0.895619
0.897364
0.902036
0.915164
0.93554
0.946457
0.949107
0.947295
0.941125
0.934386
0.926099
0.922318
0.923186
0.926775
0.929576
0.930531
0.926946
0.92229
0.922963
0.930105
0.942766
0.956877
0.969274
0.976426
0.978622
0.976695
0.967227
0.949888
0.936279
0.931794
0.931639
0.933552
0.940321
0.950803
0.962774
0.976826
0.983689
0.9839
0.982379
0.98189
0.981463
0.981815
0.981159
0.97878
0.975845
0.971666
0.965096
0.959266
0.958014
0.959746
0.97002
0.990879
1.0066
1.01369
1.01678
1.01766
1.01603
1.00747
0.990556
0.979759
0.97727
0.979314
0.984601
0.99042
1.00052
1.01498
1.02188
1.0229
1.02279
1.02232
1.02289
1.02281
1.01747
1.00884
1.00196
0.997708
0.995537
0.995258
1.00119
1.01743
1.02939
1.03304
1.03418
1.03642
1.03771
1.03757
1.03014
1.01046
0.990636
0.990935
1.25667
1.70787
0.925712
0.929429
0.926735
0.914029
0.901385
0.896523
0.896086
0.897636
0.902573
0.908313
0.912894
0.921934
0.934505
0.940856
0.941962
0.942366
0.942541
0.940377
0.936035
0.932975
0.931545
0.92988
0.925546
0.919539
0.916706
0.917123
0.919464
0.929899
0.953715
0.971967
0.978191
0.980427
0.979971
0.970734
0.954603
0.942972
0.938734
0.939665
0.944731
0.951234
0.954315
0.955561
0.956872
0.962054
0.970199
0.977185
0.983076
0.989768
0.994701
0.996366
0.994208
0.986598
0.974595
0.962593
0.956815
0.956176
0.957297
0.961274
0.977728
1.00226
1.01345
1.01664
1.01575
1.01153
1.00736
1.00105
0.991939
0.987612
0.987854
0.989325
0.99047
0.99095
0.996245
1.00824
1.01621
1.01997
1.0232
1.02596
1.02764
1.0279
1.02328
1.01215
1.00059
0.994133
0.99223
0.991831
0.9982
1.0172
1.03012
1.03368
1.03524
1.03685
1.03765
1.03707
1.0273
1.00257
0.987833
1.24393
1.70518
0.926431
0.929759
0.927656
0.921862
0.910239
0.903162
0.902218
0.904018
0.907705
0.910534
0.912063
0.91291
0.91597
0.926414
0.937999
0.944645
0.947814
0.950176
0.950217
0.945562
0.938849
0.931669
0.92374
0.918212
0.916945
0.917698
0.919476
0.925211
0.941818
0.964107
0.973992
0.975716
0.972633
0.967236
0.962235
0.957281
0.954595
0.954332
0.955461
0.956485
0.955884
0.949352
0.94475
0.945813
0.952581
0.967333
0.98445
0.996306
1.0018
1.00411
1.00384
0.99801
0.98157
0.965271
0.958401
0.957426
0.959863
0.967566
0.976002
0.987388
1.00177
1.00827
1.00886
1.00837
1.0088
1.00889
1.00788
1.00338
0.997415
0.992773
0.989058
0.985991
0.985541
0.990285
1.00307
1.01573
1.0237
1.02724
1.02875
1.02983
1.02988
1.02398
1.01031
0.997904
0.991944
0.990337
0.99121
0.99975
1.01785
1.0291
1.0323
1.03394
1.03535
1.03675
1.03493
1.01741
0.999281
1.23167
1.70373
0.922581
0.928105
0.92934
0.929611
0.923955
0.914609
0.909854
0.909075
0.909956
0.910879
0.910006
0.907975
0.908042
0.91146
0.924047
0.940519
0.950347
0.955644
0.958322
0.958641
0.952839
0.939534
0.926235
0.920249
0.919629
0.92181
0.927386
0.933073
0.937631
0.945043
0.955918
0.962842
0.965573
0.96699
0.969554
0.972365
0.972517
0.969517
0.965102
0.959834
0.951331
0.942693
0.939372
0.939804
0.941815
0.951642
0.978562
0.997021
1.00266
1.00485
1.00346
0.995928
0.986195
0.975321
0.967521
0.965909
0.969081
0.973054
0.97496
0.976199
0.980265
0.991668
1.00157
1.00674
1.01028
1.01516
1.01822
1.01723
1.01008
0.999522
0.989364
0.983752
0.98272
0.98392
0.98829
1.0034
1.01991
1.027
1.02864
1.02923
1.02914
1.02688
1.02111
1.0099
0.998493
0.992735
0.991447
0.993302
0.999932
1.0147
1.02497
1.0289
1.0312
1.03412
1.03635
1.0285
1.01635
1.22472
1.70394
0.915668
0.929147
0.931391
0.932402
0.932535
0.928201
0.92032
0.914975
0.912473
0.910788
0.908118
0.905877
0.905786
0.906803
0.91011
0.925654
0.94752
0.957115
0.959648
0.960995
0.960101
0.950411
0.936576
0.928803
0.92745
0.929623
0.93325
0.935348
0.936305
0.934275
0.934342
0.942609
0.956349
0.967785
0.976022
0.982633
0.985563
0.984726
0.978291
0.965214
0.950992
0.942808
0.940437
0.940733
0.943164
0.952577
0.968445
0.986815
0.996501
0.998674
0.995826
0.991421
0.989975
0.988201
0.984472
0.980977
0.97892
0.976925
0.973347
0.96865
0.967412
0.972148
0.986892
1.00202
1.01286
1.02006
1.02305
1.02381
1.02182
1.01103
0.994785
0.985286
0.983201
0.984354
0.986595
0.992204
1.00886
1.02207
1.02549
1.02565
1.02514
1.02446
1.0246
1.0233
1.01449
1.00269
0.995757
0.993441
0.992567
0.996064
1.01029
1.02144
1.02738
1.03183
1.03588
1.03558
1.0298
1.22615
1.70581
0.90332
0.921425
0.930238
0.934073
0.936575
0.937648
0.934691
0.926232
0.918213
0.912171
0.907692
0.905782
0.906121
0.907246
0.908917
0.913685
0.932833
0.9523
0.958614
0.959802
0.959239
0.958039
0.951913
0.943104
0.938326
0.937174
0.937355
0.936806
0.932407
0.926899
0.92585
0.927668
0.936752
0.958348
0.977078
0.98503
0.988032
0.989766
0.988468
0.976379
0.957618
0.947455
0.945195
0.946522
0.952497
0.95906
0.9621
0.967196
0.977249
0.985332
0.988924
0.990587
0.993127
0.997474
1.00017
0.997676
0.990092
0.98101
0.97098
0.963965
0.96253
0.963864
0.969586
0.989093
1.01082
1.02084
1.02319
1.02375
1.02184
1.01657
1.00595
0.994868
0.989988
0.98973
0.991221
0.993028
0.996576
1.00681
1.01612
1.02037
1.02222
1.02392
1.02666
1.02876
1.02809
1.01909
1.00441
0.993886
0.990074
0.989435
0.99231
1.00683
1.02088
1.02918
1.03479
1.03702
1.04135
1.23289
1.70904
0.898336
0.904498
0.920993
0.934105
0.939211
0.941395
0.942686
0.940466
0.929528
0.916706
0.909235
0.907136
0.907523
0.909182
0.912839
0.917115
0.921739
0.934401
0.949067
0.955569
0.957697
0.958673
0.959385
0.958583
0.954122
0.948316
0.943527
0.937647
0.929504
0.925016
0.92467
0.925733
0.927947
0.939985
0.967869
0.983588
0.98768
0.987977
0.983135
0.976944
0.970042
0.961953
0.958071
0.958345
0.960588
0.961998
0.960783
0.956621
0.956956
0.96617
0.980835
0.992139
1.00015
1.00659
1.00927
1.0097
1.00318
0.987759
0.972484
0.964699
0.963326
0.964818
0.96844
0.976594
0.997938
1.01521
1.01987
1.01989
1.01864
1.01722
1.01568
1.01112
1.00411
0.99871
0.995445
0.993174
0.991861
0.992552
0.999049
1.01116
1.02031
1.02511
1.02877
1.03168
1.03245
1.03062
1.01978
1.00247
0.991225
0.987215
0.986436
0.989741
1.00606
1.02204
1.03193
1.03577
1.04678
1.24338
1.71294
0.897946
0.899416
0.904902
0.924096
0.938093
0.942317
0.943774
0.944154
0.941669
0.929109
0.916565
0.912454
0.912786
0.915725
0.91976
0.921751
0.9218
0.921138
0.92571
0.939439
0.951086
0.95823
0.964631
0.968774
0.96934
0.964366
0.953536
0.940601
0.931019
0.927006
0.926932
0.928758
0.933014
0.938886
0.948978
0.966505
0.976789
0.979473
0.980011
0.980762
0.980917
0.979559
0.975657
0.971423
0.967579
0.962446
0.95475
0.949386
0.948831
0.951037
0.963473
0.986954
1.00331
1.00977
1.01186
1.01218
1.00894
0.997797
0.980921
0.970975
0.968825
0.971299
0.975259
0.978562
0.983233
0.99614
1.00815
1.01317
1.0153
1.01772
1.02076
1.02261
1.02066
1.01278
1.00222
0.993491
0.989048
0.987543
0.987726
0.995505
1.01234
1.02381
1.02881
1.03196
1.03242
1.03148
1.02841
1.01585
0.99938
0.990495
0.987465
0.985898
0.989311
1.00638
1.02276
1.02951
1.04798
1.25603
1.71685
0.898696
0.9005
0.902212
0.907261
0.924307
0.936824
0.940467
0.941437
0.941456
0.940067
0.933487
0.926022
0.923012
0.922918
0.923833
0.923687
0.919359
0.915504
0.915671
0.919712
0.935084
0.955325
0.966594
0.970559
0.972494
0.973256
0.967388
0.951618
0.939178
0.934307
0.933864
0.935301
0.937615
0.939318
0.940586
0.943713
0.955058
0.969311
0.979097
0.984645
0.989104
0.991884
0.991855
0.986642
0.976145
0.963162
0.952764
0.948656
0.948664
0.950282
0.955487
0.974075
0.999327
1.00925
1.01134
1.00838
1.00222
0.997582
0.992582
0.985994
0.981888
0.98079
0.980889
0.980242
0.978043
0.977967
0.98549
0.999027
1.01015
1.01839
1.02441
1.02778
1.02937
1.02714
1.01463
0.998373
0.989314
0.986625
0.986424
0.988576
0.998883
1.01542
1.02556
1.02992
1.03038
1.02874
1.02685
1.02357
1.0149
1.00379
0.994242
0.988183
0.985155
0.986957
1.0041
1.01744
1.04465
1.26982
1.72025
0.900974
0.902061
0.902244
0.90251
0.905468
0.919609
0.933627
0.939706
0.942851
0.94691
0.948868
0.945652
0.93732
0.930467
0.925716
0.92087
0.915853
0.913486
0.913832
0.914993
0.918622
0.93734
0.960359
0.968981
0.971362
0.971903
0.970471
0.965664
0.95588
0.94747
0.943156
0.941636
0.940995
0.939404
0.936518
0.935337
0.937071
0.947314
0.967757
0.984632
0.993056
0.996996
0.998838
0.998246
0.98934
0.970157
0.956037
0.951372
0.951404
0.955822
0.963893
0.97177
0.983436
0.996175
1.00046
0.999886
0.99955
0.999853
1.00088
1.00214
0.999425
0.993468
0.987223
0.980216
0.973338
0.970697
0.971672
0.978269
0.997288
1.01678
1.02541
1.02826
1.03
1.02977
1.02414
1.01025
0.996425
0.989749
0.988111
0.989859
0.993015
0.999708
1.0131
1.02231
1.02557
1.02566
1.02562
1.02489
1.0242
1.01905
1.0078
0.995191
0.98499
0.980265
0.982311
0.999241
1.03544
1.28238
1.72259
0.90314
0.901423
0.900842
0.9004
0.900722
0.90309
0.915124
0.932544
0.944265
0.950758
0.955157
0.957175
0.955426
0.945764
0.932843
0.921914
0.916031
0.914362
0.914752
0.916131
0.919439
0.925287
0.940594
0.958715
0.96714
0.969895
0.97121
0.972811
0.971998
0.965336
0.956927
0.950711
0.945778
0.940188
0.935452
0.934438
0.935355
0.937048
0.947206
0.974226
0.992286
0.997522
0.998953
0.996325
0.988976
0.979649
0.968354
0.962252
0.962064
0.965697
0.968942
0.97062
0.970738
0.973408
0.983074
0.992432
0.998468
1.00344
1.00894
1.012
1.01185
1.00722
0.996225
0.981877
0.972611
0.970289
0.970928
0.972274
0.980158
1.005
1.02177
1.02648
1.02779
1.02574
1.02305
1.02027
1.01139
1.00035
0.994582
0.99298
0.992799
0.992083
0.995928
1.00853
1.0191
1.0239
1.02566
1.02701
1.02771
1.02575
1.02046
1.00956
0.993197
0.979362
0.975056
0.977574
1.02161
1.28965
1.72315
0.904318
0.901711
0.901437
0.900778
0.900903
0.901801
0.90341
0.912858
0.934694
0.950412
0.956345
0.958585
0.960171
0.959216
0.947004
0.929117
0.919524
0.917168
0.917657
0.919588
0.922189
0.924258
0.926972
0.936522
0.953684
0.966158
0.972224
0.974939
0.976861
0.977842
0.974126
0.96437
0.953029
0.943598
0.937998
0.936327
0.936825
0.939099
0.944126
0.955319
0.976512
0.989462
0.992691
0.992266
0.990839
0.988521
0.984487
0.979344
0.975652
0.973623
0.971636
0.967184
0.961903
0.960961
0.96492
0.977216
0.99287
1.00576
1.01274
1.01555
1.01658
1.01569
1.00801
0.991281
0.978179
0.973736
0.973958
0.975959
0.981106
0.989652
1.00481
1.01619
1.02081
1.02256
1.0234
1.02403
1.02389
1.01795
1.00728
0.99854
0.992726
0.989709
0.988221
0.991097
1.00567
1.01989
1.02624
1.02814
1.02837
1.02788
1.02483
1.02082
1.00825
0.989046
0.975966
0.969048
1.0014
1.28823
1.72138
0.91093
0.903293
0.90225
0.901889
0.902472
0.9036
0.904936
0.906782
0.915675
0.93984
0.954519
0.958583
0.95949
0.958064
0.954578
0.944095
0.930782
0.924459
0.923134
0.923827
0.925023
0.926013
0.926667
0.927858
0.932543
0.94889
0.9664
0.974627
0.977565
0.979205
0.979943
0.977441
0.967671
0.954262
0.945008
0.941344
0.941029
0.94274
0.945529
0.948063
0.954132
0.969433
0.982899
0.98937
0.992092
0.994098
0.996596
0.996156
0.990339
0.982332
0.973586
0.964223
0.958978
0.958114
0.959256
0.962614
0.978008
1.00138
1.01222
1.01481
1.01497
1.01191
1.00768
1.00219
0.992969
0.985423
0.982322
0.982059
0.982625
0.98282
0.984815
0.996022
1.0109
1.01995
1.0238
1.0261
1.02869
1.02976
1.02412
1.00999
0.996744
0.988427
0.984936
0.984458
0.988854
1.00713
1.02345
1.02855
1.02872
1.02743
1.02455
1.02267
1.019
1.00466
0.986156
0.97262
0.983749
1.27727
1.71734
0.924434
0.910133
0.905426
0.904145
0.904466
0.905435
0.90684
0.909407
0.912886
0.920523
0.938604
0.950261
0.953735
0.954043
0.953544
0.952824
0.948975
0.940813
0.934556
0.931593
0.93026
0.929158
0.927712
0.926638
0.927146
0.930081
0.94542
0.966087
0.975628
0.978415
0.979631
0.980387
0.979151
0.970272
0.957389
0.949463
0.946746
0.946656
0.947615
0.948023
0.947571
0.949341
0.960758
0.978508
0.991057
0.998333
1.00291
1.00462
1.00368
0.995223
0.980264
0.96719
0.960928
0.960044
0.961713
0.965161
0.971389
0.985778
1.00178
1.00788
1.00895
1.00924
1.00913
1.00922
1.00826
1.00299
0.99507
0.988249
0.98281
0.979123
0.977676
0.978616
0.989754
1.00906
1.02222
1.02896
1.03215
1.03326
1.03225
1.02379
1.00622
0.992026
0.985802
0.984571
0.985064
0.992263
1.0127
1.02576
1.02758
1.0258
1.02301
1.02164
1.02145
1.01771
1.00253
0.982621
0.977408
1.2604
1.71266
0.934489
0.927088
0.91562
0.909401
0.907973
0.908805
0.911385
0.914084
0.914976
0.915038
0.915937
0.925582
0.939379
0.947907
0.952903
0.958108
0.961307
0.960471
0.953087
0.943572
0.936194
0.930716
0.926923
0.925906
0.926754
0.928321
0.931677
0.944595
0.964789
0.975732
0.979344
0.980388
0.979828
0.97913
0.97453
0.965095
0.957608
0.953903
0.951874
0.94886
0.945169
0.944641
0.94648
0.956751
0.979536
0.99717
1.00334
1.00499
1.0052
1.00237
0.993046
0.979163
0.969576
0.966689
0.96727
0.968901
0.970287
0.972511
0.981593
0.994641
1.00321
1.00802
1.0113
1.01431
1.01627
1.01621
1.01068
0.998602
0.986366
0.978675
0.97555
0.974943
0.976502
0.990535
1.01485
1.02803
1.03168
1.03203
1.03112
1.02881
1.01969
1.00552
0.994809
0.989668
0.988654
0.989185
0.995183
1.01205
1.02086
1.02118
1.02051
1.01997
1.02174
1.02298
1.0182
0.996781
0.981831
1.24341
1.70946
0.936774
0.939872
0.936261
0.925606
0.918141
0.915738
0.916026
0.916468
0.914456
0.909712
0.9074
0.908668
0.917044
0.935358
0.952128
0.961168
0.965546
0.967839
0.968076
0.961655
0.94862
0.937162
0.930679
0.928809
0.92941
0.931186
0.932498
0.933705
0.94071
0.958934
0.972264
0.977312
0.979726
0.982402
0.983821
0.982018
0.97392
0.964503
0.956828
0.950486
0.946585
0.945656
0.946653
0.948401
0.957385
0.981321
0.997912
1.00227
1.00322
1.004
1.00303
0.995557
0.983568
0.975675
0.97255
0.971389
0.970151
0.969334
0.96988
0.97499
0.988518
1.00257
1.01148
1.01578
1.0183
1.02008
1.01984
1.01226
0.996755
0.98345
0.97723
0.97572
0.977228
0.981843
0.99536
1.01621
1.02668
1.02884
1.02815
1.02758
1.02631
1.02153
1.01134
0.999621
0.992205
0.989007
0.988139
0.992576
1.00586
1.01445
1.0174
1.0203
1.02245
1.02465
1.02484
1.00958
0.994152
1.23163
1.70842
0.939695
0.94605
0.947679
0.945141
0.935129
0.924982
0.918682
0.914502
0.91049
0.906434
0.905087
0.90563
0.906996
0.914059
0.937163
0.958235
0.966117
0.968589
0.969486
0.969097
0.965292
0.954671
0.94316
0.936694
0.934422
0.932914
0.931202
0.93135
0.932683
0.937669
0.954232
0.971699
0.980456
0.983832
0.985711
0.987227
0.987493
0.981666
0.96957
0.957444
0.950026
0.947575
0.947752
0.949085
0.950996
0.95888
0.980856
0.996949
1.00229
1.00374
1.00407
1.00341
0.999576
0.991052
0.982774
0.976733
0.971881
0.968522
0.967613
0.968235
0.971593
0.986342
1.00521
1.01477
1.01812
1.01987
1.02016
1.01835
1.01045
0.996124
0.985304
0.981017
0.981176
0.981989
0.983065
0.993746
1.01259
1.02256
1.02526
1.02607
1.02799
1.03004
1.02694
1.01625
1.00167
0.989977
0.984714
0.983818
0.987657
1.00085
1.01262
1.01827
1.02187
1.02393
1.02583
1.01823
1.00671
1.22618
1.70897
0.938883
0.94748
0.949252
0.950788
0.950604
0.943343
0.93017
0.918206
0.910827
0.907227
0.906207
0.90687
0.908697
0.912014
0.918996
0.938609
0.957794
0.965511
0.96809
0.970266
0.971652
0.970455
0.961058
0.946585
0.936483
0.932586
0.93196
0.932125
0.933074
0.934544
0.937669
0.951362
0.971657
0.982722
0.986967
0.988978
0.990234
0.990194
0.984476
0.969673
0.956562
0.951066
0.950288
0.951838
0.954167
0.955634
0.959044
0.974566
0.990956
0.998661
1.00241
1.00604
1.00834
1.00711
0.999375
0.987796
0.977306
0.970695
0.968274
0.968301
0.96904
0.972061
0.987644
1.00657
1.01516
1.01797
1.0187
1.01805
1.01701
1.01163
1.0003
0.990784
0.985324
0.982562
0.981997
0.982491
0.98883
1.00636
1.01896
1.02505
1.03041
1.03383
1.03413
1.03028
1.01805
0.998111
0.984241
0.981339
0.982243
0.98617
1.00019
1.01302
1.0188
1.02184
1.02453
1.02234
1.01817
1.2263
1.71057
0.927392
0.944363
0.948409
0.950664
0.952071
0.952241
0.945888
0.931094
0.9183
0.912012
0.910302
0.910661
0.911889
0.913714
0.915791
0.919845
0.935294
0.956758
0.968007
0.971212
0.972149
0.971503
0.969828
0.96349
0.95049
0.940083
0.935799
0.934528
0.934352
0.935224
0.936607
0.939635
0.952534
0.97433
0.985989
0.989063
0.989472
0.987523
0.986198
0.983699
0.974361
0.963916
0.958846
0.957519
0.956765
0.954382
0.952936
0.954758
0.966813
0.987092
1.00137
1.00749
1.01022
1.01209
1.01229
1.00574
0.990862
0.977555
0.971101
0.969371
0.969561
0.970584
0.974628
0.988799
1.00555
1.01388
1.01671
1.01715
1.01782
1.01879
1.01618
1.00691
0.995733
0.987337
0.981898
0.977881
0.97723
0.983612
1.00426
1.0225
1.0308
1.03397
1.03476
1.03366
1.02915
1.0136
0.992806
0.983262
0.98237
0.983553
0.987997
1.00172
1.01231
1.01798
1.0211
1.02075
1.02655
1.23219
1.71247
0.911728
0.93018
0.943438
0.948898
0.950383
0.950301
0.950361
0.947839
0.935725
0.923057
0.916633
0.914534
0.914617
0.915658
0.91727
0.919677
0.923261
0.93382
0.95238
0.963697
0.967371
0.96864
0.96964
0.970735
0.968671
0.957839
0.945382
0.938567
0.936571
0.937287
0.939559
0.942347
0.944774
0.953034
0.971198
0.982122
0.984893
0.985684
0.98738
0.989398
0.989253
0.981731
0.97052
0.962374
0.95687
0.953339
0.951555
0.951517
0.952928
0.962833
0.987173
1.00473
1.01068
1.01264
1.0139
1.01359
1.00639
0.990761
0.978432
0.973242
0.97235
0.97386
0.97579
0.976836
0.984982
1.00048
1.01045
1.01506
1.01844
1.02157
1.02314
1.02146
1.01113
0.995862
0.982682
0.976606
0.975951
0.977117
0.98476
1.00895
1.02681
1.03173
1.03215
1.03043
1.02757
1.02262
1.00972
0.994115
0.987031
0.986182
0.98591
0.987886
0.998285
1.00802
1.01468
1.01669
1.03144
1.24232
1.71474
0.908011
0.911361
0.923136
0.938172
0.945752
0.948597
0.949636
0.950131
0.949971
0.943206
0.932279
0.925101
0.922056
0.921428
0.922053
0.923352
0.924256
0.924067
0.926993
0.941749
0.958533
0.967193
0.970769
0.972963
0.974548
0.974175
0.964849
0.950645
0.942963
0.94136
0.942263
0.94355
0.944381
0.94559
0.949603
0.964116
0.978691
0.985879
0.988752
0.99075
0.992465
0.993216
0.98848
0.976765
0.964695
0.956285
0.952612
0.952497
0.953807
0.955913
0.96463
0.988568
1.00551
1.01052
1.01178
1.01113
1.01069
1.00763
0.996824
0.985853
0.980381
0.978113
0.975509
0.973182
0.973461
0.980389
0.997854
1.01196
1.01891
1.02242
1.02424
1.02483
1.02251
1.01007
0.991124
0.979864
0.977479
0.978717
0.981454
0.990317
1.01148
1.02427
1.02757
1.02825
1.02808
1.02645
1.02214
1.01132
0.997854
0.989647
0.985974
0.983708
0.984287
0.993103
1.00572
1.01274
1.03534
1.254
1.71796
0.907817
0.905101
0.905267
0.913189
0.930214
0.942837
0.948653
0.952702
0.956032
0.957141
0.953557
0.943933
0.934769
0.929323
0.926795
0.92493
0.921099
0.918251
0.918194
0.920784
0.934944
0.957215
0.970045
0.974349
0.97594
0.977023
0.97698
0.970322
0.957339
0.948448
0.94524
0.944983
0.9454
0.944167
0.943214
0.94559
0.958126
0.976105
0.98628
0.990811
0.994131
0.99615
0.997067
0.993695
0.981084
0.966935
0.959106
0.956945
0.957291
0.958206
0.959226
0.964508
0.983642
1.0005
1.00721
1.01024
1.01318
1.01493
1.01356
1.00374
0.990187
0.979908
0.97411
0.971834
0.971493
0.972166
0.979441
1.00003
1.01601
1.02169
1.02348
1.024
1.02224
1.01718
1.00511
0.991295
0.984221
0.982833
0.983443
0.984834
0.990409
1.00706
1.01961
1.02517
1.02692
1.02669
1.02558
1.02316
1.01576
1.00177
0.990673
0.983765
0.978948
0.978443
0.992155
1.00606
1.03679
1.2651
1.72107
0.905007
0.899712
0.899612
0.900841
0.907286
0.926836
0.945676
0.954762
0.958845
0.961894
0.963562
0.962849
0.955227
0.943336
0.932573
0.92409
0.918813
0.916818
0.917143
0.918477
0.921544
0.934574
0.958471
0.972173
0.976265
0.977747
0.978837
0.979825
0.976816
0.965571
0.955013
0.949616
0.945943
0.942389
0.94171
0.942686
0.944785
0.955366
0.976241
0.99017
0.994852
0.996433
0.997524
0.998021
0.995991
0.986048
0.972159
0.963297
0.959786
0.958454
0.957923
0.958558
0.962173
0.978828
0.999911
1.01055
1.01405
1.01578
1.01715
1.01699
1.00774
0.99087
0.978275
0.972822
0.971591
0.97234
0.974918
0.984296
1.00425
1.01662
1.01997
1.01983
1.01834
1.01711
1.01544
1.00953
0.99898
0.99056
0.986233
0.984247
0.983465
0.985829
0.999167
1.01427
1.02303
1.02675
1.02739
1.02645
1.02522
1.01843
1.00319
0.989449
0.979529
0.974118
0.976413
0.992439
1.03195
1.27512
1.72311
0.902447
0.897801
0.89894
0.900884
0.90376
0.909611
0.926666
0.947185
0.958511
0.963709
0.966278
0.967827
0.968107
0.962706
0.946859
0.929513
0.92008
0.917683
0.918072
0.919979
0.923558
0.927643
0.936785
0.956603
0.971645
0.977803
0.980568
0.982437
0.983772
0.982266
0.970448
0.955326
0.946731
0.943799
0.943336
0.944426
0.945767
0.94716
0.954639
0.97488
0.989641
0.994686
0.996565
0.998007
0.999377
0.998573
0.990255
0.976758
0.966809
0.961667
0.959677
0.9598
0.960637
0.962475
0.975692
0.99852
1.01077
1.01499
1.017
1.01823
1.01743
1.00835
0.991265
0.979582
0.975719
0.97611
0.977745
0.979378
0.985672
1.00119
1.01149
1.0148
1.01606
1.0175
1.01975
1.01991
1.01481
1.00324
0.991914
0.98446
0.980483
0.978909
0.980306
0.994851
1.01623
1.02717
1.02873
1.02755
1.02624
1.02385
1.0172
1.00406
0.988108
0.974787
0.970107
0.974809
1.01999
1.28079
1.72359
0.904326
0.899181
0.900849
0.904082
0.907896
0.910684
0.91363
0.925919
0.949162
0.963209
0.967582
0.968912
0.968936
0.965756
0.957892
0.942778
0.929442
0.923797
0.923084
0.924702
0.926892
0.928555
0.930146
0.935334
0.953191
0.97179
0.980105
0.982635
0.983376
0.982667
0.981054
0.972655
0.958967
0.950449
0.947378
0.94653
0.946717
0.947657
0.949239
0.955122
0.972942
0.989159
0.995684
0.997697
0.998293
0.998486
0.999058
0.99565
0.984068
0.972128
0.965404
0.962419
0.960878
0.960781
0.96209
0.97416
0.998536
1.01238
1.0166
1.01802
1.01866
1.01786
1.0102
0.994918
0.984184
0.980148
0.978885
0.977975
0.97826
0.982854
0.997173
1.00917
1.01542
1.01969
1.02227
1.02281
1.02178
1.01729
1.00466
0.989665
0.981088
0.978203
0.977569
0.979331
0.997309
1.01991
1.02773
1.02769
1.02536
1.02284
1.02147
1.0175
1.00463
0.985267
0.970347
0.963659
1.00237
1.28078
1.72188
0.91457
0.90666
0.907567
0.90848
0.910144
0.912015
0.914851
0.91932
0.929552
0.949653
0.961687
0.964597
0.963182
0.95954
0.95707
0.955145
0.948358
0.938801
0.93259
0.930006
0.929497
0.93029
0.932136
0.933996
0.9365
0.949092
0.968217
0.977662
0.980324
0.981778
0.983314
0.983912
0.977671
0.963212
0.952513
0.94848
0.948425
0.950261
0.952368
0.95349
0.955773
0.967988
0.98457
0.992812
0.995947
0.998756
1.00104
1.00229
1.00025
0.989052
0.973651
0.963728
0.960432
0.960404
0.961233
0.963378
0.975474
0.999295
1.01345
1.01793
1.0188
1.01873
1.01801
1.01218
0.999338
0.988018
0.981641
0.97875
0.977969
0.978533
0.981443
0.993897
1.00909
1.01817
1.0214
1.02187
1.02196
1.02184
1.01813
1.00419
0.98931
0.981895
0.979177
0.978845
0.981863
0.999451
1.01852
1.02394
1.02285
1.02081
1.02059
1.02207
1.01959
1.0047
0.983011
0.964968
0.979509
1.27676
1.71865
0.931076
0.919924
0.914599
0.912286
0.912839
0.915918
0.921525
0.924959
0.926135
0.928113
0.936576
0.947667
0.953796
0.956238
0.958061
0.960761
0.962056
0.959
0.949731
0.940798
0.935892
0.934373
0.934117
0.933388
0.933132
0.934293
0.942785
0.96302
0.977108
0.981849
0.983243
0.983918
0.98435
0.981596
0.970434
0.959688
0.955419
0.954602
0.953927
0.952886
0.952906
0.95415
0.962558
0.980654
0.993633
0.998763
1.00079
1.00198
1.00275
1.00144
0.990861
0.975181
0.966034
0.963516
0.963938
0.966155
0.96875
0.976378
0.995784
1.00994
1.01486
1.01624
1.01695
1.01772
1.01617
1.00599
0.992784
0.984189
0.980007
0.977938
0.977065
0.978794
0.99152
1.00919
1.0181
1.02086
1.02162
1.02165
1.02159
1.01763
1.00405
0.990025
0.982488
0.97955
0.978994
0.980951
0.997384
1.01554
1.02002
1.01914
1.01892
1.02214
1.02474
1.02115
1.00251
0.974857
0.968388
1.26481
1.71519
0.939914
0.938742
0.933338
0.927215
0.924795
0.925222
0.926481
0.926623
0.92284
0.916712
0.915608
0.922425
0.938541
0.952428
0.960028
0.964467
0.967989
0.969702
0.968739
0.960895
0.949778
0.941169
0.935903
0.933232
0.931701
0.930996
0.931757
0.938162
0.958465
0.974861
0.980789
0.98377
0.986802
0.988449
0.987335
0.978354
0.96642
0.958952
0.955693
0.95451
0.953353
0.951894
0.952278
0.958133
0.977137
0.992494
0.998044
1.0002
1.00162
1.00228
1.00204
0.995395
0.982069
0.972752
0.969413
0.968858
0.968053
0.967711
0.971492
0.988515
1.00558
1.01331
1.01732
1.02091
1.02235
1.02103
1.01028
0.993831
0.982031
0.976629
0.975088
0.975363
0.977673
0.992788
1.0129
1.02133
1.02244
1.02227
1.02216
1.02097
1.01646
1.00463
0.99092
0.981961
0.978278
0.977907
0.980663
0.995663
1.01215
1.01706
1.01781
1.02054
1.02549
1.02677
1.0184
0.988096
0.972467
1.25123
1.71294
0.943132
0.951896
0.953866
0.950844
0.942306
0.934388
0.928116
0.920983
0.913059
0.908417
0.907654
0.908855
0.915291
0.935025
0.955265
0.965699
0.970756
0.974126
0.976223
0.976636
0.970562
0.956093
0.941926
0.933515
0.930044
0.929684
0.93067
0.932559
0.938064
0.956317
0.975481
0.984267
0.987285
0.988926
0.990882
0.99231
0.987386
0.974703
0.964154
0.957987
0.952962
0.950164
0.950296
0.951412
0.957127
0.976226
0.993179
0.999739
1.00191
1.00399
1.00568
1.00618
1.00154
0.988457
0.976358
0.969482
0.966053
0.964426
0.964384
0.967622
0.984885
1.00701
1.01835
1.02199
1.02325
1.02395
1.02236
1.00974
0.991107
0.979783
0.976381
0.976482
0.97796
0.981544
0.996816
1.01451
1.0206
1.02107
1.01999
1.01911
1.01931
1.01766
1.00731
0.99264
0.982201
0.977961
0.977241
0.978329
0.993319
1.01025
1.01554
1.01822
1.02292
1.02617
1.02511
1.00116
0.986453
1.24004
1.71216
0.946612
0.962664
0.967132
0.968691
0.965073
0.951637
0.932931
0.917665
0.909127
0.90652
0.906772
0.908234
0.910976
0.917358
0.937302
0.96041
0.972139
0.976735
0.978915
0.980271
0.979182
0.971696
0.954101
0.938673
0.93258
0.931695
0.932897
0.935574
0.937605
0.940028
0.95234
0.971812
0.983202
0.989193
0.994082
0.996666
0.997585
0.992805
0.976346
0.960683
0.953499
0.951325
0.951376
0.952472
0.954239
0.958693
0.974854
0.993077
1.00172
1.00477
1.00647
1.00759
1.00835
1.00527
0.992167
0.977559
0.968498
0.964934
0.964705
0.965845
0.968887
0.986045
1.01004
1.01998
1.02211
1.02225
1.02141
1.01953
1.00938
0.993458
0.984316
0.981554
0.981064
0.981255
0.982882
0.995603
1.011
1.01679
1.01777
1.01854
1.02024
1.02184
1.02061
1.00966
0.991615
0.978906
0.975103
0.975269
0.97782
0.993743
1.00938
1.01482
1.01871
1.02348
1.02561
1.01264
1.00085
1.23352
1.71268
0.943539
0.967397
0.971255
0.97299
0.972776
0.966327
0.946664
0.922153
0.910655
0.90802
0.908398
0.910825
0.914866
0.918814
0.923973
0.94228
0.966677
0.976651
0.979118
0.979235
0.974938
0.968908
0.963695
0.954743
0.944899
0.939959
0.938716
0.938462
0.937791
0.938109
0.939621
0.949613
0.973039
0.989015
0.994493
0.996469
0.996224
0.994439
0.990312
0.977106
0.963183
0.956756
0.954872
0.954824
0.955365
0.95634
0.959214
0.972874
0.991957
1.0019
1.00555
1.00727
1.00835
1.00932
1.00775
0.995695
0.979428
0.969954
0.967242
0.967258
0.968081
0.970782
0.987545
1.0091
1.01766
1.01958
1.02103
1.02183
1.02085
1.01189
0.997208
0.986959
0.981771
0.979421
0.979076
0.980896
0.992849
1.00975
1.01793
1.02052
1.02228
1.02356
1.02362
1.02104
1.00731
0.98762
0.976929
0.975079
0.975849
0.979994
0.995303
1.00793
1.0138
1.01818
1.0215
1.01826
1.01482
1.23555
1.71464
0.931457
0.964574
0.971211
0.972867
0.969314
0.957704
0.945387
0.933784
0.92195
0.916125
0.915092
0.916416
0.918745
0.921808
0.92657
0.933744
0.948534
0.965259
0.971553
0.971142
0.968509
0.967805
0.968017
0.967386
0.96299
0.953767
0.944938
0.939897
0.938901
0.939896
0.94277
0.945738
0.951946
0.970436
0.985033
0.990464
0.992455
0.99388
0.995138
0.99356
0.982503
0.968555
0.960525
0.957395
0.956929
0.957638
0.958365
0.959603
0.969412
0.989509
1.00194
1.0064
1.00882
1.01027
1.0108
1.00874
0.996736
0.979513
0.969879
0.967311
0.967572
0.968763
0.972032
0.987622
1.00947
1.01978
1.02193
1.02226
1.02243
1.02158
1.01407
0.999101
0.986418
0.980078
0.978675
0.979011
0.98085
0.993287
1.01175
1.01959
1.02139
1.02226
1.02232
1.02121
1.01746
1.004
0.987309
0.979785
0.979187
0.979763
0.981943
0.992704
1.00312
1.0106
1.01527
1.01502
1.02743
1.24532
1.71777
0.926346
0.94576
0.956423
0.95841
0.954188
0.950619
0.948835
0.945526
0.938462
0.929111
0.92339
0.922094
0.923582
0.928208
0.93446
0.937918
0.939186
0.942105
0.949648
0.957425
0.962862
0.966465
0.968993
0.97124
0.97276
0.971109
0.962124
0.951649
0.946645
0.945623
0.9454
0.944683
0.944538
0.946943
0.96095
0.979455
0.989692
0.993738
0.995469
0.996894
0.997487
0.990372
0.975928
0.965378
0.960591
0.958311
0.957076
0.957483
0.958987
0.968166
0.989893
1.0046
1.009
1.00999
1.01024
1.00987
1.00666
0.994829
0.979896
0.972138
0.970219
0.970673
0.972605
0.975665
0.987673
1.00748
1.01757
1.02008
1.02072
1.02114
1.02139
1.01622
1.00108
0.987314
0.98125
0.980113
0.980388
0.98243
0.994866
1.01094
1.01695
1.01835
1.0186
1.01911
1.01958
1.01732
1.00615
0.991582
0.984016
0.98149
0.979161
0.977475
0.984749
0.99712
1.00789
1.01288
1.03484
1.25756
1.72146
0.925549
0.927912
0.927334
0.929443
0.936343
0.944393
0.948176
0.949353
0.949052
0.945622
0.9403
0.937146
0.937218
0.939198
0.9409
0.9405
0.934113
0.927052
0.926735
0.934595
0.949542
0.961615
0.968398
0.973166
0.976868
0.979001
0.979242
0.973143
0.961671
0.952679
0.94725
0.943715
0.940451
0.939011
0.940702
0.953463
0.975805
0.989802
0.995877
0.999723
1.00172
1.00212
0.996194
0.981075
0.967238
0.960012
0.958207
0.958619
0.959729
0.961017
0.968323
0.988864
1.00263
1.0061
1.00667
1.00591
1.00587
1.00516
0.998449
0.987202
0.979447
0.976274
0.975119
0.974335
0.974668
0.98278
1.00235
1.01461
1.01852
1.02063
1.02211
1.02279
1.01845
1.00266
0.98782
0.981742
0.980593
0.980592
0.981884
0.99324
1.00806
1.01424
1.01664
1.01931
1.02109
1.02123
1.01859
1.00728
0.992628
0.983653
0.978228
0.972922
0.970578
0.97974
0.998918
1.00997
1.03996
1.26819
1.72488
0.926263
0.915235
0.905198
0.904702
0.911751
0.928128
0.941995
0.948171
0.953154
0.95863
0.961724
0.960546
0.955518
0.950158
0.944904
0.936684
0.925119
0.91786
0.916435
0.917728
0.925875
0.946194
0.964524
0.973399
0.978111
0.982751
0.986478
0.987791
0.98285
0.968576
0.953676
0.943059
0.937411
0.936306
0.937123
0.939563
0.951416
0.976401
0.993752
0.999785
1.00169
1.00288
1.00412
1.00156
0.986902
0.970605
0.96294
0.960702
0.959879
0.960047
0.961444
0.967705
0.985895
0.999181
1.00309
1.00413
1.00629
1.00868
1.00983
1.00557
0.99362
0.982365
0.975384
0.971787
0.970513
0.971102
0.979046
1.0008
1.01622
1.02109
1.02263
1.02387
1.02404
1.01852
1.00223
0.987237
0.980954
0.97998
0.980452
0.981769
0.991612
1.00626
1.01447
1.01844
1.02075
1.02151
1.0209
1.01728
1.0068
0.993001
0.982491
0.974478
0.967763
0.966708
0.9826
1.00008
1.03853
1.27811
1.72742
0.922681
0.90251
0.894272
0.892571
0.893902
0.901811
0.922373
0.942689
0.956916
0.969425
0.978166
0.980798
0.977725
0.966884
0.950576
0.933346
0.920516
0.914709
0.913846
0.914484
0.916469
0.924204
0.945943
0.967409
0.97964
0.987202
0.990903
0.992599
0.99197
0.985142
0.965515
0.946782
0.938985
0.937495
0.938328
0.940605
0.943474
0.951963
0.974674
0.992748
1.00043
1.0049
1.00701
1.00732
1.00328
0.987156
0.969318
0.960857
0.959307
0.960068
0.961194
0.962323
0.966982
0.983338
0.998544
1.00553
1.00869
1.01165
1.01351
1.01422
1.01002
0.995976
0.980453
0.972066
0.970175
0.970485
0.971633
0.979891
1.00249
1.01709
1.02128
1.02269
1.02258
1.02185
1.01726
1.00299
0.98968
0.983872
0.982297
0.981749
0.981637
0.988443
1.00314
1.01335
1.01862
1.02045
1.0205
1.01931
1.01616
1.00668
0.993301
0.981551
0.971063
0.963913
0.965064
0.981704
1.02997
1.28699
1.72896
0.922556
0.897209
0.891247
0.890304
0.890948
0.892925
0.898658
0.919953
0.952251
0.974846
0.98553
0.989492
0.990599
0.985589
0.966384
0.937392
0.920864
0.915325
0.914548
0.91527
0.91716
0.920329
0.927638
0.95284
0.978844
0.988452
0.991512
0.992401
0.990018
0.983672
0.975399
0.961662
0.949166
0.943537
0.942283
0.942765
0.94369
0.945349
0.952357
0.97724
0.998793
1.00529
1.00646
1.00582
1.00339
0.999085
0.986124
0.971671
0.964695
0.962831
0.962675
0.963084
0.964158
0.9675
0.981759
0.999498
1.0087
1.01222
1.01369
1.01446
1.01424
1.00973
0.994678
0.979665
0.973364
0.972336
0.973041
0.974433
0.981351
1.00088
1.01404
1.01821
1.01973
1.02086
1.02171
1.01957
1.00788
0.993966
0.986058
0.981906
0.978226
0.976757
0.983476
1.00151
1.01445
1.01937
1.02048
1.01987
1.01795
1.01441
1.0054
0.993161
0.978203
0.964117
0.958401
0.961916
1.01735
1.29166
1.72888
0.928823
0.897444
0.891995
0.891459
0.892118
0.894706
0.898426
0.904785
0.931992
0.971569
0.9864
0.990155
0.990112
0.982071
0.965435
0.947073
0.930619
0.922103
0.919492
0.919594
0.920743
0.923179
0.9292
0.941459
0.964968
0.982317
0.987795
0.987436
0.982605
0.978985
0.977832
0.97573
0.966687
0.954074
0.94607
0.943786
0.944718
0.948101
0.953932
0.962032
0.979602
0.994836
0.999389
0.999645
0.999043
0.998704
0.998161
0.99145
0.97921
0.970286
0.966114
0.96466
0.964339
0.965027
0.967807
0.981537
1.00051
1.00936
1.01136
1.01171
1.01161
1.01182
1.00918
0.996572
0.982769
0.976311
0.974327
0.973524
0.973486
0.978722
0.997212
1.01225
1.01887
1.02277
1.02509
1.02551
1.02331
1.01131
0.994033
0.981932
0.976073
0.973302
0.972545
0.982275
1.00501
1.01893
1.02166
1.02089
1.01842
1.01561
1.0113
1.00304
0.990613
0.973261
0.958991
0.951664
1.00059
1.29049
1.72638
0.934189
0.907324
0.899983
0.898157
0.898193
0.899791
0.903817
0.913689
0.92845
0.950203
0.971684
0.979352
0.978216
0.972172
0.966243
0.959245
0.948024
0.935335
0.927417
0.924794
0.925288
0.929625
0.938892
0.946422
0.951769
0.961215
0.970738
0.974884
0.976179
0.977244
0.9788
0.980212
0.980126
0.972535
0.960138
0.953566
0.952942
0.955149
0.957137
0.95806
0.95908
0.968006
0.983642
0.993093
0.997314
1.00058
1.00333
1.00407
0.998596
0.985204
0.973509
0.967302
0.965312
0.965525
0.966474
0.968019
0.979911
0.998695
1.00743
1.0099
1.01154
1.01284
1.01365
1.01149
0.99928
0.984283
0.975903
0.972922
0.972461
0.972751
0.977017
0.995915
1.01462
1.02304
1.02553
1.02592
1.02589
1.02343
1.00952
0.989418
0.977838
0.973689
0.972496
0.973751
0.988192
1.01099
1.01985
1.02
1.01627
1.01226
1.01041
1.0086
1.00273
0.988844
0.970138
0.9548
0.980068
1.28237
1.7222
0.941258
0.925389
0.915511
0.908939
0.906574
0.907733
0.915135
0.925112
0.929697
0.932253
0.940102
0.951969
0.959525
0.963028
0.964792
0.96571
0.963743
0.954
0.942259
0.936926
0.937611
0.943161
0.948704
0.950531
0.94875
0.943625
0.944037
0.953269
0.966237
0.974828
0.978928
0.980804
0.98189
0.982803
0.980744
0.973633
0.966658
0.96249
0.959135
0.954334
0.949706
0.949519
0.957645
0.977911
0.994167
1.00146
1.00435
1.00619
1.0073
1.00433
0.991646
0.977952
0.970377
0.967207
0.965726
0.965425
0.966627
0.977344
0.997112
1.00826
1.01192
1.01325
1.01406
1.01461
1.01263
1.00064
0.98534
0.976593
0.973565
0.973041
0.973491
0.977971
0.998299
1.01795
1.02458
1.02555
1.02559
1.02433
1.01915
1.00406
0.987635
0.979514
0.976934
0.976772
0.978725
0.992771
1.00973
1.01471
1.01325
1.00979
1.00903
1.0103
1.01081
1.0047
0.986153
0.963971
0.968788
1.27041
1.71846
0.945331
0.944189
0.936636
0.927146
0.922529
0.923769
0.928701
0.932005
0.932405
0.928984
0.921034
0.919319
0.928353
0.946542
0.959982
0.96484
0.966275
0.966749
0.964115
0.960248
0.958134
0.957181
0.955968
0.951895
0.94135
0.933078
0.931057
0.933484
0.945238
0.963546
0.974798
0.979416
0.983015
0.988717
0.993462
0.993702
0.986472
0.974306
0.961819
0.951214
0.945627
0.944572
0.945672
0.953291
0.97647
0.995614
1.00319
1.00728
1.01051
1.01221
1.01026
0.997082
0.979947
0.969405
0.965156
0.964173
0.964405
0.965722
0.976337
0.997302
1.0091
1.01253
1.01382
1.01457
1.01507
1.01403
1.00325
0.987225
0.977795
0.974799
0.974545
0.974877
0.980226
1.00219
1.01908
1.02324
1.0232
1.02117
1.01879
1.01505
1.00463
0.992262
0.984316
0.980254
0.978847
0.978966
0.990177
1.0056
1.01034
1.00956
1.00911
1.01085
1.01326
1.01338
1.00302
0.974167
0.967435
1.25781
1.71636
0.945084
0.948788
0.948802
0.948145
0.946521
0.944666
0.941693
0.938329
0.933473
0.922754
0.909366
0.903978
0.90501
0.915504
0.939799
0.957808
0.966125
0.973257
0.981249
0.98439
0.981141
0.972612
0.961445
0.948196
0.93619
0.928814
0.926668
0.927002
0.929091
0.93941
0.958998
0.974803
0.986465
0.996589
1.00161
1.00349
1.00246
0.991193
0.970045
0.953119
0.945965
0.944757
0.945554
0.947311
0.953866
0.976547
0.999037
1.00908
1.01304
1.01503
1.01575
1.01235
0.997049
0.97752
0.966683
0.963683
0.96377
0.96479
0.967081
0.97824
0.998836
1.0102
1.01362
1.01517
1.01626
1.01668
1.01534
1.00423
0.987562
0.978344
0.975708
0.9757
0.976705
0.983064
1.00212
1.01595
1.01943
1.01932
1.01878
1.01832
1.01707
1.00978
0.996583
0.984985
0.978317
0.976908
0.977677
0.987478
1.00259
1.00914
1.00989
1.01049
1.0132
1.01514
1.01335
0.98802
0.977608
1.24556
1.71572
0.934682
0.948325
0.955524
0.965073
0.96902
0.967192
0.959233
0.948478
0.934667
0.917852
0.905052
0.900293
0.900197
0.901713
0.909641
0.932862
0.958704
0.978136
0.991736
0.997613
0.998673
0.992709
0.974196
0.951551
0.935756
0.928198
0.926167
0.926513
0.927715
0.929712
0.936739
0.960455
0.987324
0.999623
1.00348
1.00496
1.00424
0.998844
0.98447
0.964381
0.951876
0.94754
0.947016
0.947801
0.94909
0.955551
0.982421
1.00634
1.01356
1.01523
1.01542
1.01353
1.0076
0.992459
0.975633
0.967413
0.965674
0.966342
0.968101
0.970139
0.979214
0.99912
1.01197
1.01582
1.01649
1.01656
1.01628
1.01376
1.0028
0.988382
0.980519
0.977861
0.977386
0.977414
0.981676
0.998577
1.01265
1.01731
1.01822
1.01908
1.0207
1.02036
1.01309
0.99739
0.983182
0.976432
0.975096
0.975966
0.985583
1.0022
1.00855
1.00931
1.01059
1.01313
1.0143
1.00127
0.991436
1.23761
1.7164
0.910143
0.940813
0.960914
0.974894
0.980849
0.982018
0.978945
0.966253
0.941645
0.918258
0.905742
0.901313
0.901066
0.902451
0.905211
0.910812
0.934883
0.973598
0.993261
0.998408
1.00005
0.998663
0.986849
0.961651
0.941734
0.931862
0.928122
0.927378
0.928027
0.929356
0.932553
0.94568
0.97684
0.997008
1.00226
1.00321
0.999125
0.993192
0.987965
0.979527
0.964816
0.952735
0.948109
0.947934
0.949795
0.955242
0.967193
0.990956
1.00689
1.011
1.01063
1.00774
1.00568
1.00352
0.993922
0.979633
0.971425
0.96914
0.968971
0.969551
0.970951
0.980862
1.00208
1.01316
1.01526
1.01526
1.01465
1.01388
1.0122
1.00408
0.991218
0.981897
0.977312
0.976167
0.976201
0.97949
0.994915
1.01023
1.0168
1.02009
1.02212
1.02273
1.02198
1.01401
0.995179
0.978982
0.974026
0.97475
0.97701
0.986923
1.00123
1.00599
1.00728
1.0104
1.01251
1.00724
1.00407
1.23665
1.7177
0.894874
0.916023
0.956641
0.976382
0.981466
0.982964
0.980408
0.968234
0.948906
0.92909
0.914964
0.908609
0.906995
0.907607
0.909303
0.912504
0.920862
0.950583
0.983193
0.994128
0.995808
0.991872
0.983546
0.972425
0.956135
0.941463
0.933177
0.930494
0.930795
0.933696
0.941805
0.951714
0.963156
0.980076
0.990807
0.99321
0.992066
0.990776
0.989905
0.987904
0.979444
0.964914
0.956173
0.954604
0.958092
0.963565
0.966947
0.970823
0.984234
0.997646
1.00316
1.00455
1.00549
1.00633
1.00576
0.996734
0.981449
0.972341
0.969935
0.970488
0.972862
0.975965
0.984342
1.00068
1.00943
1.01138
1.01153
1.01188
1.01304
1.01334
1.00654
0.992553
0.981574
0.976402
0.975204
0.975362
0.978347
0.994694
1.01248
1.0187
1.02036
1.02151
1.02179
1.02065
1.01124
0.991664
0.978418
0.975972
0.977423
0.978506
0.986091
0.99709
1.00249
1.00579
1.00863
1.00583
1.01533
1.24105
1.71908
0.899199
0.912929
0.934658
0.96181
0.973366
0.974951
0.971473
0.964927
0.957003
0.946172
0.93256
0.920851
0.91456
0.912951
0.913977
0.918999
0.927745
0.937364
0.955042
0.973868
0.981357
0.981967
0.980482
0.977947
0.971533
0.958328
0.945415
0.939286
0.938875
0.943032
0.950033
0.953988
0.955679
0.959036
0.967689
0.978243
0.984979
0.987513
0.987797
0.985748
0.984114
0.980769
0.974488
0.970078
0.968843
0.968597
0.966571
0.96292
0.963425
0.973193
0.990944
1.00185
1.00504
1.00557
1.00535
1.00507
0.9994
0.987399
0.97955
0.976948
0.976252
0.975402
0.974944
0.979803
0.994677
1.00526
1.00941
1.01138
1.0128
1.01396
1.01417
1.00858
0.994238
0.981974
0.976796
0.975963
0.976347
0.979048
0.995578
1.01161
1.01673
1.01872
1.01955
1.01957
1.01817
1.00921
0.991898
0.980606
0.977935
0.977583
0.976047
0.980228
0.989609
0.997611
1.00363
1.00538
1.02422
1.24905
1.72101
0.910745
0.918061
0.920995
0.929283
0.946568
0.958195
0.962069
0.962636
0.962423
0.960538
0.952972
0.938439
0.927205
0.923517
0.924827
0.930123
0.934343
0.935972
0.936263
0.940531
0.954601
0.968401
0.97496
0.976716
0.977078
0.974982
0.965386
0.956072
0.952973
0.954172
0.956282
0.956915
0.954117
0.948562
0.947519
0.954203
0.969375
0.980033
0.983443
0.984631
0.98671
0.990555
0.993467
0.991154
0.983314
0.974363
0.965899
0.959495
0.956295
0.956877
0.966472
0.987066
0.999125
1.00256
1.00488
1.00773
1.00989
1.0078
0.996798
0.985224
0.977744
0.972898
0.970198
0.97007
0.975129
0.991069
1.00452
1.01029
1.01275
1.01496
1.01691
1.01743
1.01191
0.996205
0.982459
0.976546
0.974761
0.974387
0.977537
0.994939
1.01051
1.01606
1.01828
1.01948
1.01966
1.01781
1.00867
0.992463
0.980987
0.976407
0.973172
0.970294
0.973818
0.985723
0.998897
1.00589
1.03153
1.25802
1.72365
0.918136
0.920186
0.918622
0.915132
0.915754
0.927165
0.94622
0.958532
0.962423
0.963345
0.962808
0.95829
0.949618
0.942802
0.939885
0.939138
0.938241
0.933576
0.926667
0.923874
0.926439
0.942121
0.963614
0.974586
0.977533
0.978344
0.978896
0.978329
0.97452
0.968918
0.964175
0.959098
0.94989
0.941254
0.937982
0.938631
0.946422
0.964791
0.978668
0.985605
0.991588
0.999125
1.0035
1.0041
0.998996
0.985156
0.969324
0.958658
0.953942
0.952989
0.953971
0.962088
0.983066
0.998726
1.0063
1.01187
1.01623
1.01798
1.01478
1.00059
0.983669
0.973122
0.969049
0.96816
0.968521
0.972731
0.988699
1.0046
1.01275
1.01752
1.02007
1.02067
1.02045
1.01364
0.994698
0.978762
0.973587
0.973278
0.97396
0.978092
0.995134
1.0109
1.01746
1.01937
1.01956
1.01846
1.01507
1.00716
0.992603
0.980569
0.974426
0.969544
0.966382
0.97202
0.989112
1.00092
1.03402
1.26726
1.72611
0.921497
0.916891
0.912275
0.907331
0.904649
0.905772
0.916267
0.939922
0.956104
0.961809
0.965436
0.970526
0.972203
0.967082
0.956901
0.947782
0.940192
0.932498
0.924931
0.919595
0.918028
0.919503
0.933205
0.957194
0.971657
0.979968
0.989801
0.995038
0.994816
0.987284
0.974159
0.959862
0.947808
0.939333
0.934973
0.934144
0.934962
0.941181
0.960115
0.980651
0.995783
1.00541
1.00913
1.01039
1.00927
0.99925
0.978886
0.962486
0.955128
0.952785
0.95218
0.952551
0.958644
0.981793
1.00448
1.01535
1.01939
1.02093
1.02054
1.01491
0.997611
0.979778
0.97079
0.968004
0.967843
0.968597
0.972339
0.989913
1.01009
1.01874
1.02102
1.0214
1.02135
1.01983
1.01018
0.990102
0.977365
0.974419
0.974523
0.975506
0.979845
0.996312
1.01126
1.01692
1.01797
1.01733
1.01492
1.0121
1.00645
0.993057
0.981597
0.9746
0.968338
0.965589
0.974528
0.98861
1.02801
1.27552
1.72765
0.928114
0.916425
0.910531
0.904524
0.901431
0.901227
0.902334
0.909678
0.932548
0.955277
0.969311
0.977973
0.982677
0.983758
0.97829
0.963485
0.947659
0.935269
0.926069
0.919798
0.917407
0.917715
0.91897
0.927565
0.9539
0.980694
0.994758
1.00074
1.00316
1.00232
0.992448
0.970403
0.951287
0.940545
0.935443
0.93427
0.934707
0.935774
0.940783
0.966218
0.995444
1.00667
1.00991
1.01113
1.00967
1.00463
0.992169
0.974009
0.960153
0.953122
0.950742
0.950996
0.952595
0.963169
0.995218
1.01498
1.01943
1.02046
1.01949
1.01642
1.00965
0.993902
0.97825
0.970599
0.968683
0.968862
0.970104
0.975772
0.997681
1.0158
1.02058
1.02116
1.0209
1.01916
1.01535
1.00489
0.989043
0.979941
0.977661
0.977481
0.977507
0.980592
0.995648
1.00961
1.01496
1.01577
1.01515
1.01332
1.01102
1.00573
0.994676
0.984431
0.974929
0.966683
0.964702
0.971691
1.01545
1.28142
1.72832
0.943234
0.920096
0.910034
0.903925
0.901206
0.901159
0.902139
0.903759
0.908608
0.931565
0.963473
0.979143
0.983533
0.985242
0.985225
0.979123
0.961815
0.944127
0.931246
0.922791
0.91846
0.917726
0.918511
0.920418
0.930379
0.965441
0.993122
1.00103
1.00303
1.00161
0.994799
0.982274
0.963895
0.947618
0.938756
0.935657
0.935511
0.936701
0.941051
0.953495
0.982023
1.00183
1.00751
1.00815
1.00578
1.00312
1.00001
0.988498
0.968525
0.955798
0.952407
0.952718
0.956552
0.965611
0.980795
1.0021
1.01311
1.01566
1.01546
1.01442
1.01279
1.00758
0.993067
0.978366
0.971918
0.970856
0.972076
0.975291
0.983698
1.00308
1.01514
1.01803
1.01786
1.01657
1.01504
1.01295
1.00549
0.993005
0.984039
0.980011
0.977928
0.97669
0.978825
0.99364
1.0091
1.01565
1.01649
1.01482
1.01252
1.01078
1.00621
0.997556
0.985978
0.971766
0.9616
0.957358
1.00074
1.28419
1.72782
0.958205
0.9302
0.914616
0.907388
0.904086
0.903613
0.904641
0.906816
0.91083
0.916973
0.937297
0.966261
0.978908
0.98184
0.981653
0.979734
0.975215
0.960778
0.942917
0.929543
0.922558
0.920815
0.922024
0.92626
0.932882
0.945534
0.972839
0.991488
0.99631
0.996078
0.99459
0.991377
0.980198
0.961118
0.946229
0.940162
0.939462
0.942168
0.948601
0.955644
0.964899
0.983096
0.99671
1.00135
1.00205
1.0013
0.999254
0.99454
0.981738
0.966864
0.960732
0.961345
0.966004
0.97017
0.972479
0.980007
0.996565
1.00809
1.01226
1.01338
1.01318
1.01166
1.00568
0.991576
0.979855
0.975851
0.976409
0.979311
0.981532
0.985839
0.999641
1.01055
1.01461
1.01561
1.0157
1.01524
1.01385
1.00827
0.996162
0.985638
0.979808
0.976506
0.975384
0.977692
0.992896
1.00984
1.01612
1.01624
1.0142
1.01209
1.01113
1.00786
0.999234
0.983561
0.965338
0.952149
0.981356
1.28276
1.72604
0.960872
0.949671
0.932047
0.918879
0.911851
0.90977
0.910351
0.913091
0.917362
0.920419
0.923064
0.934819
0.958765
0.972591
0.976488
0.976966
0.975788
0.97215
0.960346
0.944232
0.933325
0.929396
0.92996
0.932913
0.936126
0.938643
0.945737
0.965933
0.983063
0.989665
0.991216
0.990333
0.987045
0.978099
0.963104
0.952516
0.949573
0.951169
0.955031
0.957531
0.958905
0.961856
0.974808
0.989617
0.996286
0.997808
0.997255
0.995388
0.991794
0.983965
0.976498
0.973435
0.973118
0.972576
0.970649
0.970087
0.974482
0.990307
1.00382
1.00887
1.00976
1.00853
1.00779
1.00581
0.998254
0.989399
0.984583
0.98212
0.979643
0.978353
0.981057
0.994027
1.0071
1.01322
1.015
1.01505
1.01459
1.01403
1.01075
1.00023
0.98823
0.980272
0.975848
0.974066
0.976214
0.992843
1.01161
1.01715
1.0161
1.01277
1.01147
1.01167
1.00952
0.99836
0.976839
0.954755
0.968002
1.27666
1.72362
0.958173
0.959668
0.955875
0.941489
0.927526
0.920735
0.918903
0.919497
0.920814
0.922012
0.921847
0.922202
0.928145
0.947739
0.964439
0.970975
0.972459
0.972893
0.972138
0.965055
0.953326
0.944881
0.941065
0.940088
0.93998
0.9393
0.937949
0.9391
0.953688
0.973971
0.98405
0.986571
0.987153
0.987867
0.983486
0.972784
0.964495
0.961007
0.959872
0.958449
0.955444
0.954121
0.955718
0.96616
0.982166
0.990756
0.993319
0.99411
0.995262
0.997477
0.996817
0.990471
0.982385
0.975223
0.969607
0.967024
0.966296
0.969386
0.98381
0.998039
1.00377
1.00601
1.00944
1.01274
1.01324
1.00661
0.994157
0.983699
0.977757
0.97562
0.974982
0.976979
0.989209
1.0041
1.0113
1.01352
1.01474
1.01585
1.01676
1.01519
1.00417
0.988239
0.977915
0.973862
0.973042
0.975439
0.99377
1.01138
1.0143
1.01211
1.01066
1.01077
1.01243
1.00983
0.992324
0.963019
0.963474
1.26603
1.72105
0.953353
0.961495
0.963261
0.96317
0.953554
0.939034
0.929405
0.924757
0.922518
0.921406
0.920759
0.919085
0.917413
0.919311
0.935547
0.957358
0.968314
0.972098
0.974369
0.976645
0.975707
0.967012
0.956106
0.948763
0.944053
0.938393
0.932478
0.930687
0.932107
0.944848
0.968551
0.982757
0.987385
0.989316
0.992097
0.992626
0.985035
0.973683
0.965249
0.959346
0.954951
0.951817
0.949406
0.949814
0.958735
0.976177
0.987557
0.993861
1.00038
1.00601
1.00806
1.00561
0.995308
0.981855
0.971648
0.965453
0.962021
0.961117
0.963718
0.977591
0.994778
1.00587
1.01323
1.0178
1.01922
1.01883
1.01006
0.993588
0.981477
0.975841
0.973193
0.971853
0.972781
0.984077
1.00134
1.01145
1.01612
1.01836
1.01949
1.02012
1.01713
1.00299
0.985188
0.974948
0.972161
0.972105
0.976092
0.994567
1.00842
1.00939
1.00778
1.00774
1.01087
1.01231
1.00593
0.974544
0.967466
1.25401
1.71877
0.934083
0.959554
0.965923
0.969638
0.971071
0.965256
0.949522
0.936129
0.928651
0.924709
0.921721
0.916906
0.911809
0.910768
0.912648
0.927422
0.95298
0.969332
0.977974
0.984033
0.986803
0.986098
0.97641
0.961107
0.948096
0.939137
0.933382
0.930194
0.929301
0.929963
0.938414
0.961638
0.980355
0.990771
0.998446
1.002
1.00203
0.992859
0.977091
0.964755
0.9568
0.95048
0.946172
0.945205
0.946173
0.953604
0.972599
0.991098
1.0034
1.0103
1.01302
1.01366
1.00943
0.995226
0.978172
0.96639
0.960457
0.958088
0.957797
0.959744
0.974618
0.999228
1.01405
1.0189
1.02011
1.02045
1.01838
1.00858
0.99269
0.980246
0.97307
0.969214
0.967512
0.968318
0.981818
1.00486
1.01656
1.0192
1.01993
1.0201
1.0191
1.01444
0.999712
0.982536
0.973194
0.971098
0.97129
0.976032
0.992875
1.00324
1.00421
1.00489
1.00811
1.01152
1.01118
0.98909
0.977691
1.2433
1.71733
0.905648
0.940704
0.963698
0.971462
0.974573
0.976187
0.973067
0.958181
0.941631
0.93026
0.921157
0.91357
0.910254
0.910187
0.911037
0.912856
0.925391
0.955641
0.977783
0.98534
0.9877
0.988996
0.988646
0.980327
0.962028
0.946026
0.936557
0.931042
0.928718
0.928782
0.929745
0.935746
0.96185
0.989215
0.999688
1.00265
1.00426
1.00372
0.994067
0.976233
0.961306
0.952052
0.947136
0.945473
0.94571
0.946486
0.952678
0.978262
1.00228
1.01096
1.01338
1.01435
1.01353
1.00749
0.990958
0.972497
0.96125
0.957331
0.956992
0.95763
0.961764
0.984293
1.00985
1.01798
1.01944
1.01939
1.01816
1.01615
1.00817
0.990869
0.974914
0.967491
0.965606
0.965605
0.969472
0.991093
1.01313
1.01888
1.01947
1.01913
1.01778
1.01621
1.01221
0.997982
0.980236
0.971084
0.969667
0.970064
0.974695
0.990527
1.00001
1.0029
1.0058
1.01002
1.01151
0.999822
0.991718
1.23759
1.71707
0.89867
0.908036
0.942891
0.967852
0.975337
0.977457
0.978126
0.975453
0.96034
0.938835
0.9244
0.916883
0.913399
0.912703
0.913563
0.915783
0.919092
0.930908
0.961221
0.981322
0.98702
0.9886
0.988575
0.985826
0.976692
0.959905
0.943956
0.933969
0.929849
0.929395
0.930292
0.9334
0.942223
0.969576
0.99318
1.00077
1.00271
1.00298
1.00141
0.992187
0.974713
0.959053
0.950041
0.946505
0.946207
0.947307
0.950696
0.961791
0.98886
1.00654
1.01129
1.01221
1.01162
1.00986
1.00359
0.9851
0.967291
0.959978
0.958838
0.960316
0.96537
0.9749
0.993717
1.01024
1.0159
1.01723
1.01788
1.01766
1.01521
1.00334
0.982865
0.970572
0.967108
0.967526
0.972142
0.981395
0.999042
1.01328
1.01676
1.0168
1.016
1.01523
1.01464
1.01083
0.994449
0.976466
0.969543
0.969204
0.970622
0.977718
0.991852
0.999675
1.00325
1.00695
1.00867
1.0021
1.00575
1.23871
1.71856
0.901633
0.904633
0.915396
0.943505
0.966672
0.9739
0.975124
0.973643
0.968804
0.956729
0.939424
0.92709
0.921004
0.918813
0.918888
0.920323
0.922835
0.926303
0.93621
0.961823
0.979734
0.984881
0.985339
0.984144
0.98285
0.97644
0.959828
0.943966
0.936339
0.934866
0.936616
0.940353
0.943567
0.949025
0.97004
0.991532
0.999397
1.00114
1.00102
0.999425
0.990715
0.972053
0.956721
0.950369
0.94956
0.951959
0.956402
0.960858
0.96953
0.990311
1.00474
1.0089
1.00953
1.00829
1.00494
0.996728
0.980968
0.969344
0.966052
0.967392
0.970517
0.972737
0.977202
0.992946
1.00976
1.01621
1.01736
1.01567
1.01132
1.00602
0.996502
0.983379
0.976219
0.975085
0.976319
0.977672
0.982746
0.998799
1.01217
1.01579
1.01596
1.01494
1.01312
1.01089
1.00648
0.992211
0.9779
0.973903
0.974714
0.975886
0.980671
0.990936
0.998568
1.00342
1.00575
1.00073
1.0143
1.24564
1.72097
0.910029
0.912249
0.913627
0.916501
0.935701
0.959317
0.969127
0.970925
0.971306
0.970588
0.962215
0.944951
0.931629
0.925954
0.924902
0.926006
0.928263
0.930245
0.931801
0.936498
0.955406
0.973462
0.980326
0.981876
0.982081
0.981552
0.977517
0.964251
0.950833
0.944681
0.943482
0.944072
0.945105
0.94621
0.950186
0.967758
0.987961
0.996186
0.997897
0.997631
0.995651
0.989397
0.975302
0.964068
0.960156
0.960114
0.961338
0.962427
0.963327
0.96864
0.987317
1.00137
1.00542
1.00586
1.00489
1.00278
0.996653
0.986391
0.979138
0.976241
0.975024
0.974206
0.974306
0.977238
0.992255
1.00717
1.01162
1.01138
1.0096
1.00804
1.00638
1.00152
0.992472
0.984825
0.980295
0.978887
0.979399
0.983376
0.998463
1.01036
1.01308
1.01206
1.00967
1.00925
1.00961
1.0078
0.997402
0.984683
0.979449
0.978296
0.977064
0.979116
0.988839
0.998412
1.00194
0.998433
1.01938
1.25529
1.72376
0.919938
0.917521
0.914228
0.913324
0.914597
0.926501
0.951652
0.967105
0.971491
0.972331
0.9721
0.966712
0.954075
0.942973
0.937145
0.934908
0.934307
0.933833
0.9319
0.930244
0.931879
0.94672
0.967945
0.97812
0.981234
0.983485
0.984986
0.983745
0.973932
0.960534
0.951706
0.947861
0.947339
0.948266
0.949035
0.94991
0.960769
0.980987
0.991719
0.994626
0.995884
0.997404
0.995677
0.985877
0.974928
0.968568
0.965086
0.962671
0.961756
0.962178
0.966434
0.982909
0.99716
1.00238
1.00363
1.00419
1.00515
1.00482
0.998388
0.988624
0.980732
0.976275
0.975137
0.975576
0.97726
0.987992
1.00192
1.00772
1.0088
1.00906
1.01118
1.01355
1.01169
1.00101
0.988554
0.981877
0.9805
0.981013
0.983363
0.993863
1.00378
1.00668
1.00752
1.01037
1.01368
1.01518
1.01358
1.0021
0.987733
0.981283
0.978984
0.975792
0.976092
0.985709
0.994655
0.994337
1.02292
1.26646
1.7267
0.92851
0.919769
0.917579
0.914471
0.9121
0.912161
0.920198
0.945902
0.965023
0.970694
0.972729
0.976174
0.976683
0.967834
0.953889
0.944045
0.938628
0.934786
0.930709
0.927046
0.926216
0.928017
0.942416
0.967166
0.980413
0.984622
0.986945
0.990236
0.990859
0.982516
0.966879
0.956377
0.952216
0.950218
0.946613
0.94451
0.945487
0.956354
0.978779
0.992631
0.997701
1.00077
1.00414
1.00417
0.994866
0.980647
0.970928
0.965923
0.96328
0.961528
0.960444
0.963254
0.978637
0.994695
1.00243
1.00673
1.01129
1.01412
1.01318
1.00416
0.990903
0.981925
0.977406
0.974333
0.971683
0.972608
0.983477
0.99894
1.00689
1.01102
1.01575
1.01969
1.0208
1.01685
1.00317
0.989836
0.983336
0.980211
0.977086
0.977034
0.986495
0.999649
1.00772
1.01383
1.01952
1.02104
1.02013
1.01468
1.00138
0.988677
0.982431
0.977436
0.969826
0.967951
0.978526
0.985527
1.0241
1.27893
1.72941
0.946225
0.927641
0.921245
0.914948
0.910825
0.910078
0.910662
0.916131
0.939671
0.96299
0.975923
0.982979
0.985701
0.985766
0.977622
0.961285
0.947681
0.937714
0.930381
0.926615
0.925898
0.926498
0.927911
0.939601
0.964192
0.980827
0.99001
0.994679
0.996474
0.996366
0.987663
0.971088
0.957907
0.949123
0.944573
0.942724
0.942769
0.943578
0.952978
0.976325
0.994349
1.00388
1.00784
1.00947
1.00881
0.999668
0.985047
0.97401
0.966086
0.960097
0.957545
0.957597
0.960236
0.975332
0.994904
1.00822
1.01507
1.01761
1.01871
1.01737
1.00765
0.993531
0.981627
0.972626
0.968469
0.967883
0.969119
0.97976
0.997786
1.01118
1.01894
1.02246
1.02384
1.02379
1.01877
1.00465
0.989861
0.97905
0.973354
0.971139
0.971167
0.981277
1.00038
1.01552
1.02308
1.02426
1.02257
1.01902
1.0135
1.00216
0.990321
0.980392
0.96917
0.959248
0.958926
0.970664
1.02173
1.29144
1.73158
0.966682
0.946884
0.932195
0.921843
0.915274
0.912253
0.911831
0.91228
0.915064
0.933887
0.96362
0.979549
0.984442
0.986396
0.987149
0.98258
0.968379
0.951872
0.939543
0.932325
0.928964
0.928174
0.928413
0.929328
0.937828
0.964223
0.985493
0.992883
0.995512
0.997303
0.997453
0.990942
0.975487
0.960287
0.950644
0.945843
0.944098
0.944101
0.944645
0.951784
0.976977
0.997951
1.00528
1.0081
1.00984
1.00931
1.00257
0.98879
0.974734
0.964794
0.959923
0.958608
0.958798
0.960479
0.974356
0.998322
1.01157
1.01599
1.01818
1.01939
1.01843
1.01043
0.99461
0.979638
0.971728
0.969202
0.96891
0.969448
0.978799
1.00065
1.01522
1.02076
1.023
1.0237
1.0233
1.01911
1.00524
0.987998
0.977565
0.972967
0.970442
0.970231
0.982711
1.00741
1.02044
1.02292
1.02177
1.01869
1.01658
1.01341
1.00515
0.993528
0.977025
0.961393
0.954
0.955756
1.01476
1.29933
1.73238
)
;

boundaryField
{
    back
    {
        type            empty;
    }
    outlet
    {
        type            zeroGradient;
    }
    top
    {
        type            zeroGradient;
    }
    inlet
    {
        type            fixedValue;
        value           uniform 1;
    }
    bottom
    {
        type            zeroGradient;
    }
    front
    {
        type            empty;
    }
}


// ************************************************************************* //
