/*--------------------------------*- C++ -*----------------------------------*\
  =========                 |
  \\      /  F ield         | OpenFOAM: The Open Source CFD Toolbox
   \\    /   O peration     | Website:  https://openfoam.org
    \\  /    A nd           | Version:  12
     \\/     M anipulation  |
\*---------------------------------------------------------------------------*/
FoamFile
{
    format      ascii;
    class       volScalarField;
    location    "28.5";
    object      p;
}
// * * * * * * * * * * * * * * * * * * * * * * * * * * * * * * * * * * * * * //

dimensions      [1 -1 -2 0 0 0 0];

internalField   nonuniform List<scalar> 
9801
(
0.58665
0.639105
0.750721
0.818259
0.843418
0.853024
0.844477
0.805167
0.754925
0.720971
0.700638
0.688161
0.683485
0.684025
0.687016
0.691695
0.704114
0.75347
0.844224
0.897723
0.914804
0.918895
0.898794
0.840622
0.788315
0.76326
0.753068
0.750101
0.751256
0.754249
0.757932
0.763468
0.775719
0.819782
0.918627
0.989717
1.01419
1.0243
1.02667
1.00275
0.932193
0.86593
0.836788
0.830672
0.832395
0.836467
0.843866
0.871118
0.959026
1.04527
1.08087
1.09657
1.10719
1.11008
1.09262
1.03867
0.974174
0.944427
0.9438
0.950465
0.961983
0.984517
1.05273
1.13761
1.17913
1.1972
1.21024
1.21837
1.19005
1.14031
1.11827
1.11836
1.1257
1.1431
1.18503
1.22066
1.24053
1.25452
1.26609
1.27554
1.25849
1.23834
1.24264
1.26002
1.28677
1.34623
1.41301
1.4557
1.48584
1.51824
1.5525
1.55784
1.51624
1.49642
1.51886
1.60705
1.85587
5.16292
36.4503
0.629883
0.678458
0.728377
0.78497
0.812287
0.812999
0.797354
0.781254
0.771241
0.750546
0.724048
0.707093
0.700327
0.700527
0.704262
0.716258
0.741663
0.776793
0.831723
0.880406
0.89359
0.886482
0.871358
0.854198
0.81745
0.785623
0.771589
0.766556
0.767494
0.770794
0.776992
0.791806
0.817269
0.858647
0.923449
0.981718
1.00493
1.00943
0.997464
0.968216
0.917806
0.869186
0.845724
0.842382
0.84547
0.851613
0.866446
0.913662
0.987031
1.04184
1.06935
1.08093
1.07824
1.064
1.0412
1.00671
0.976536
0.962463
0.962213
0.967816
0.977003
1.00679
1.0763
1.13507
1.16668
1.18361
1.19629
1.19799
1.16582
1.12845
1.11669
1.12094
1.12881
1.14715
1.18905
1.22391
1.24577
1.26118
1.2741
1.28486
1.27058
1.24833
1.24811
1.26283
1.28477
1.32737
1.397
1.45597
1.50106
1.5382
1.57242
1.57244
1.53451
1.51119
1.51736
1.5747
1.66724
4.66428
36.8639
0.672627
0.706101
0.715103
0.727708
0.7448
0.761719
0.771773
0.775624
0.776653
0.775184
0.757475
0.725758
0.712896
0.715469
0.72928
0.755735
0.775195
0.783607
0.797033
0.823985
0.849589
0.86023
0.862266
0.861921
0.855162
0.820144
0.786895
0.777886
0.780332
0.786931
0.805149
0.829829
0.850474
0.874455
0.915218
0.951111
0.965631
0.963672
0.956466
0.948639
0.922313
0.879704
0.857563
0.855789
0.859961
0.873609
0.907516
0.951547
0.99606
1.02407
1.03427
1.03153
1.02223
1.01514
1.00787
0.994602
0.980769
0.976988
0.979064
0.984258
0.993881
1.03128
1.08985
1.12664
1.14361
1.15595
1.16552
1.15595
1.12775
1.1088
1.10561
1.11137
1.12071
1.14387
1.18678
1.22142
1.24706
1.26798
1.28594
1.30107
1.28989
1.26122
1.25274
1.26391
1.28565
1.31976
1.39704
1.47472
1.52044
1.55454
1.58904
1.59143
1.56362
1.54458
1.54348
1.58194
1.58909
4.40169
37.0351
0.709189
0.720939
0.718393
0.692802
0.678558
0.688897
0.729952
0.763606
0.773367
0.775139
0.777974
0.778438
0.77029
0.769729
0.77663
0.784225
0.788608
0.783057
0.762779
0.757594
0.783662
0.831925
0.858006
0.866789
0.870823
0.863812
0.828738
0.809707
0.81215
0.825462
0.845311
0.858294
0.868095
0.879348
0.891208
0.906103
0.922304
0.932414
0.937278
0.939732
0.930472
0.898615
0.87867
0.879121
0.890792
0.915501
0.937123
0.960298
0.981536
0.990662
0.991881
0.990903
0.993202
0.997762
0.999903
0.999377
0.99773
0.995099
0.995641
1.00016
1.00973
1.04606
1.08915
1.10845
1.12039
1.13163
1.13963
1.12788
1.10344
1.08916
1.08784
1.09491
1.10606
1.13192
1.18372
1.22708
1.25691
1.28151
1.30328
1.32123
1.31337
1.27967
1.25885
1.26136
1.27998
1.3073
1.36301
1.44764
1.51052
1.55404
1.59484
1.61285
1.5918
1.56643
1.5429
1.55367
1.53048
4.20611
37.1722
0.742278
0.727675
0.694817
0.654526
0.638612
0.639876
0.66562
0.723089
0.762163
0.784036
0.80846
0.832078
0.841689
0.834153
0.817722
0.802147
0.776255
0.740537
0.723458
0.722114
0.73448
0.786879
0.84705
0.873157
0.882652
0.887693
0.882252
0.861574
0.852492
0.855359
0.861392
0.871003
0.876801
0.869404
0.855874
0.854984
0.878148
0.91222
0.929987
0.936201
0.940638
0.930907
0.918875
0.920954
0.930528
0.939634
0.945799
0.948238
0.947612
0.954602
0.96745
0.978874
0.989033
0.99808
1.0051
1.00409
1.00148
1.00145
1.00328
1.00861
1.01779
1.04786
1.08117
1.0995
1.11207
1.124
1.13167
1.11504
1.08155
1.06381
1.06556
1.07709
1.09225
1.12257
1.18405
1.24073
1.27424
1.29744
1.31812
1.33627
1.33283
1.30106
1.26766
1.25404
1.26407
1.28793
1.32606
1.40327
1.49289
1.55769
1.60585
1.64359
1.6396
1.61395
1.57481
1.54767
1.47124
4.08422
37.1863
0.79292
0.740984
0.667051
0.626514
0.616121
0.616282
0.622371
0.654166
0.730361
0.808803
0.858666
0.879236
0.887056
0.887197
0.867462
0.81247
0.742174
0.709321
0.7034
0.706187
0.712787
0.736659
0.80215
0.862229
0.890286
0.906638
0.917634
0.920359
0.904597
0.885203
0.876543
0.87271
0.86146
0.841678
0.829776
0.82926
0.841752
0.88178
0.920069
0.941233
0.956126
0.971054
0.975078
0.965936
0.957121
0.950059
0.935113
0.925366
0.926153
0.936672
0.959409
0.983888
0.999095
1.00789
1.0147
1.01397
1.00398
1.00083
1.00443
1.01094
1.02057
1.05012
1.08492
1.10307
1.11423
1.12384
1.12506
1.10479
1.07003
1.05272
1.05569
1.06825
1.08681
1.12093
1.18234
1.24861
1.28938
1.31292
1.33183
1.34837
1.34748
1.31889
1.283
1.26094
1.25664
1.26922
1.29498
1.34698
1.43566
1.51766
1.57464
1.61947
1.64221
1.63432
1.60889
1.5711
1.45115
3.9302
37.3343
0.818029
0.732484
0.649054
0.620695
0.61434
0.614893
0.617955
0.629236
0.688724
0.817408
0.88088
0.895562
0.902323
0.900682
0.865855
0.79057
0.732977
0.710777
0.707619
0.710811
0.717864
0.728202
0.753876
0.818396
0.88453
0.918873
0.933502
0.941286
0.942682
0.928005
0.901287
0.872306
0.840012
0.818887
0.812892
0.814538
0.819804
0.839638
0.895948
0.957171
0.991988
1.00583
1.01186
1.00507
0.979066
0.943134
0.92192
0.918046
0.92138
0.928273
0.949021
0.985985
1.01082
1.0212
1.02734
1.02396
1.00884
1.00316
1.00767
1.01547
1.028
1.05931
1.09439
1.11131
1.12013
1.12065
1.1124
1.09999
1.08162
1.06771
1.06827
1.07744
1.0922
1.12197
1.17407
1.23699
1.28758
1.31676
1.33537
1.34963
1.35567
1.33648
1.29845
1.26807
1.25673
1.26183
1.27835
1.31116
1.38236
1.46292
1.52092
1.56263
1.597
1.61215
1.60574
1.58192
1.47982
3.82826
37.5003
0.797463
0.705097
0.652756
0.631841
0.625209
0.625179
0.628762
0.643729
0.715883
0.822113
0.876486
0.893576
0.898374
0.878543
0.824738
0.774072
0.743856
0.727856
0.723131
0.725899
0.735929
0.750081
0.759622
0.776638
0.839132
0.909854
0.939827
0.95069
0.957093
0.956239
0.93438
0.879817
0.828679
0.806189
0.802327
0.804431
0.807995
0.820102
0.873408
0.958892
1.00252
1.01622
1.02413
1.01774
0.981962
0.943197
0.929093
0.928935
0.933102
0.94034
0.956294
0.986402
1.01223
1.02516
1.03075
1.02812
1.01765
1.01244
1.01721
1.02628
1.04277
1.07059
1.09964
1.1157
1.12161
1.11684
1.11136
1.11105
1.10547
1.09254
1.08977
1.09806
1.11796
1.14234
1.16059
1.19393
1.25165
1.30051
1.32769
1.34443
1.35665
1.35453
1.31912
1.27998
1.26275
1.2655
1.28454
1.3169
1.35528
1.40966
1.46348
1.5011
1.53013
1.55222
1.57015
1.56565
1.51051
3.82591
37.7531
0.749848
0.685746
0.664515
0.653142
0.646933
0.647058
0.661287
0.706825
0.764441
0.81202
0.844294
0.858035
0.853297
0.824009
0.79625
0.779237
0.765235
0.756216
0.754855
0.761309
0.769845
0.77332
0.775643
0.778246
0.798828
0.875045
0.933129
0.95225
0.961497
0.966044
0.951498
0.892074
0.829998
0.806675
0.803839
0.805793
0.811678
0.838477
0.903911
0.959676
0.991122
1.00878
1.01657
1.00329
0.973287
0.95286
0.942853
0.942752
0.947706
0.955612
0.972571
0.994081
1.00939
1.01863
1.0241
1.03001
1.03082
1.02948
1.0371
1.05028
1.06018
1.07183
1.08766
1.10312
1.1134
1.11891
1.12612
1.13368
1.13832
1.13699
1.13481
1.13928
1.14764
1.15093
1.15152
1.1621
1.19317
1.25698
1.30671
1.3308
1.34322
1.34771
1.33604
1.30535
1.28595
1.28631
1.3008
1.32175
1.34503
1.37382
1.41409
1.45195
1.48182
1.50695
1.52741
1.54056
1.52465
3.89979
38.0163
0.709211
0.685923
0.678866
0.676283
0.678776
0.697217
0.736921
0.770012
0.789805
0.804205
0.811681
0.808998
0.796362
0.786644
0.783
0.784721
0.787915
0.791914
0.798653
0.802155
0.794717
0.784624
0.782607
0.78473
0.799647
0.858655
0.918923
0.947556
0.960044
0.96775
0.948958
0.879481
0.83145
0.815531
0.813146
0.814946
0.82992
0.886276
0.936843
0.960079
0.9761
0.987361
0.983827
0.968028
0.962123
0.961986
0.962004
0.961969
0.964394
0.970025
0.980632
0.992009
1.0008
1.0107
1.02688
1.04017
1.05046
1.05568
1.05986
1.06386
1.06254
1.05839
1.06127
1.07779
1.10587
1.12852
1.14763
1.16325
1.17655
1.18584
1.18586
1.17989
1.17176
1.15776
1.14268
1.1415
1.15277
1.18438
1.24725
1.29451
1.31768
1.33154
1.34036
1.33692
1.32435
1.31844
1.32145
1.3281
1.33765
1.35208
1.37457
1.40779
1.44388
1.47639
1.50172
1.5176
1.51807
4.00728
38.1903
0.678684
0.679655
0.689644
0.700726
0.733964
0.769937
0.793704
0.80953
0.813245
0.805648
0.784907
0.769521
0.768061
0.773788
0.779091
0.786971
0.807495
0.825014
0.832185
0.823403
0.809635
0.800393
0.796666
0.797278
0.815441
0.876751
0.919864
0.939388
0.951597
0.952541
0.906802
0.851186
0.830063
0.825845
0.826113
0.832825
0.87787
0.935376
0.95697
0.965496
0.971586
0.963074
0.945781
0.942068
0.94763
0.957832
0.967041
0.973163
0.977624
0.980255
0.982675
0.988351
0.99867
1.01854
1.04034
1.05935
1.07376
1.08234
1.07683
1.06031
1.04374
1.03977
1.04567
1.05982
1.10005
1.1466
1.17261
1.1926
1.20751
1.2175
1.22234
1.2143
1.19474
1.17228
1.1533
1.14108
1.13697
1.1439
1.1689
1.22895
1.28303
1.31479
1.33525
1.35086
1.36107
1.36189
1.356
1.34835
1.33916
1.33657
1.34531
1.36518
1.39786
1.44263
1.48
1.49707
1.51312
4.10348
38.2499
0.676099
0.673873
0.697412
0.747089
0.776672
0.789051
0.798839
0.805313
0.801799
0.784646
0.769933
0.770079
0.775117
0.781843
0.796753
0.816676
0.832017
0.840931
0.836596
0.819311
0.804758
0.801676
0.803803
0.812426
0.857014
0.909447
0.93112
0.94166
0.945831
0.91224
0.851804
0.826838
0.824945
0.828989
0.83636
0.875612
0.936812
0.964579
0.973445
0.97494
0.958563
0.936374
0.930285
0.93401
0.942369
0.952697
0.96227
0.970119
0.972053
0.972465
0.97692
0.986262
1.00965
1.03813
1.06257
1.07895
1.08974
1.09687
1.08058
1.04641
1.03033
1.02956
1.03584
1.04848
1.08379
1.13955
1.18077
1.20423
1.22145
1.23649
1.24635
1.24638
1.22914
1.20068
1.17187
1.14745
1.13038
1.12518
1.13365
1.1578
1.21517
1.27612
1.32057
1.35441
1.37936
1.39459
1.39814
1.38774
1.36426
1.3377
1.32469
1.32579
1.34343
1.38031
1.43647
1.47317
1.50114
4.21178
38.302
0.700035
0.712704
0.746802
0.770217
0.77742
0.783495
0.782113
0.77153
0.766178
0.770341
0.778785
0.786039
0.796629
0.813973
0.83164
0.843091
0.849431
0.845297
0.820169
0.801961
0.800009
0.803662
0.808891
0.836798
0.899845
0.934341
0.944322
0.946064
0.918664
0.85701
0.822549
0.81759
0.822263
0.830495
0.869201
0.936729
0.969187
0.978161
0.979058
0.960897
0.934996
0.924674
0.926555
0.93526
0.944884
0.953165
0.960559
0.96263
0.963596
0.968526
0.975976
0.988329
1.02292
1.0648
1.08567
1.09439
1.1
1.09614
1.07131
1.04561
1.03362
1.03234
1.03727
1.05167
1.06991
1.09525
1.14079
1.18737
1.22276
1.24599
1.26144
1.27273
1.27285
1.24196
1.1946
1.15455
1.1322
1.12472
1.12659
1.13794
1.16153
1.21735
1.2895
1.34882
1.3847
1.40552
1.41611
1.41783
1.39877
1.35994
1.32192
1.30386
1.30299
1.3162
1.37045
1.42782
1.4699
4.31101
38.4144
0.745773
0.756601
0.768208
0.771488
0.765677
0.748388
0.732015
0.726941
0.730889
0.748383
0.780329
0.811906
0.839803
0.855947
0.862322
0.864811
0.860932
0.831886
0.797742
0.790176
0.794051
0.800858
0.823565
0.875149
0.916127
0.935591
0.938412
0.918778
0.868406
0.828765
0.817592
0.819436
0.82573
0.865505
0.935584
0.971492
0.982028
0.980304
0.957516
0.931052
0.919927
0.919824
0.927385
0.943298
0.954803
0.962459
0.966699
0.960697
0.962927
0.972405
0.981767
0.994551
1.03019
1.0753
1.09821
1.10665
1.11138
1.10213
1.07675
1.0548
1.0448
1.04439
1.05101
1.05749
1.05682
1.05913
1.07547
1.1304
1.20201
1.24737
1.27207
1.28687
1.29358
1.28161
1.22926
1.17071
1.13742
1.12776
1.13229
1.1434
1.15947
1.18223
1.24248
1.32395
1.37787
1.40375
1.41781
1.42198
1.41247
1.38465
1.3404
1.29839
1.27957
1.28081
1.30933
1.36367
1.416
4.3924
38.5882
0.799461
0.789717
0.774873
0.753412
0.727444
0.708771
0.703074
0.705535
0.71149
0.724822
0.767197
0.83177
0.874001
0.889533
0.893405
0.890542
0.868286
0.820773
0.796963
0.793696
0.798396
0.820907
0.861079
0.888612
0.906738
0.911512
0.896101
0.869337
0.844164
0.826939
0.824368
0.832052
0.877166
0.941238
0.973824
0.985607
0.981162
0.947925
0.916537
0.907088
0.909291
0.920199
0.939286
0.959086
0.976274
0.989544
0.998536
0.992538
0.973905
0.966894
0.971372
0.979902
1.00719
1.05957
1.09028
1.10089
1.10711
1.10583
1.09774
1.08495
1.07271
1.06561
1.06195
1.05294
1.04063
1.03877
1.04665
1.07136
1.15241
1.23662
1.2709
1.28505
1.28898
1.27814
1.25089
1.19971
1.15842
1.14384
1.14754
1.16118
1.17724
1.19368
1.21737
1.27825
1.35055
1.39134
1.40946
1.41888
1.41338
1.3885
1.35678
1.31625
1.27934
1.26058
1.26768
1.30808
1.36522
4.40671
38.7391
0.857648
0.835342
0.771024
0.726071
0.695012
0.685121
0.686262
0.692095
0.70088
0.71502
0.752643
0.831604
0.88283
0.897321
0.90092
0.892547
0.861484
0.830381
0.812492
0.814991
0.834248
0.865393
0.87993
0.883926
0.874367
0.851306
0.838901
0.836804
0.838025
0.840944
0.850261
0.899341
0.955681
0.981023
0.991034
0.987516
0.944986
0.898976
0.883991
0.885027
0.894607
0.920973
0.957811
0.991178
1.01632
1.03159
1.04048
1.02213
0.976464
0.95408
0.950386
0.953795
0.964767
1.01601
1.07422
1.09905
1.11207
1.12217
1.12022
1.11304
1.10139
1.08126
1.05737
1.03997
1.03324
1.03603
1.04683
1.06671
1.10076
1.17675
1.23564
1.25637
1.25634
1.24832
1.23878
1.22139
1.19866
1.18559
1.18508
1.19037
1.19705
1.20524
1.21671
1.24032
1.30425
1.36245
1.39029
1.40396
1.40793
1.38821
1.36249
1.33785
1.3048
1.27338
1.2557
1.26763
1.33417
4.39401
38.8546
0.877693
0.878439
0.79467
0.717188
0.688629
0.684497
0.686583
0.694594
0.716788
0.746344
0.770854
0.803445
0.852499
0.874605
0.876224
0.869873
0.868274
0.86318
0.862835
0.869075
0.878482
0.885041
0.882707
0.852844
0.815481
0.800484
0.801415
0.811934
0.82818
0.857163
0.924075
0.976048
0.993143
0.999171
0.998079
0.956467
0.893537
0.866592
0.864419
0.869287
0.881084
0.922303
0.990426
1.03799
1.0562
1.06335
1.06262
1.03068
0.97163
0.939628
0.93388
0.935585
0.942818
0.972337
1.04162
1.0965
1.11788
1.12515
1.12285
1.12133
1.11999
1.10466
1.07022
1.04751
1.04135
1.04639
1.06365
1.07729
1.08753
1.10829
1.15849
1.20031
1.21847
1.22629
1.2315
1.23295
1.233
1.2363
1.23722
1.22923
1.2168
1.20893
1.21147
1.22347
1.25593
1.31939
1.36169
1.381
1.38929
1.3783
1.36186
1.34774
1.33362
1.30994
1.2834
1.2617
1.30553
4.35223
38.9139
0.86561
0.847186
0.778433
0.729016
0.703878
0.700742
0.709877
0.732708
0.758437
0.770816
0.773977
0.774617
0.784264
0.821108
0.848681
0.865439
0.888829
0.912485
0.923034
0.920887
0.910936
0.890113
0.845115
0.797903
0.776595
0.77307
0.776133
0.786963
0.823467
0.915876
0.987005
1.00712
1.01363
1.01376
0.980511
0.904557
0.857627
0.847399
0.850172
0.85561
0.868845
0.930548
1.0282
1.06735
1.07761
1.082
1.06769
1.01466
0.957913
0.934042
0.931083
0.934169
0.951442
0.98576
1.01423
1.05257
1.09175
1.11031
1.11678
1.11586
1.11389
1.1191
1.11121
1.08722
1.07364
1.07137
1.07561
1.07964
1.07976
1.08104
1.09359
1.13363
1.17757
1.20355
1.21937
1.23314
1.25213
1.26946
1.27676
1.27495
1.25106
1.21961
1.20794
1.21477
1.22602
1.2649
1.31585
1.34332
1.35664
1.35927
1.35126
1.35128
1.35222
1.34998
1.33879
1.30136
1.26985
4.29542
38.9636
0.813649
0.806606
0.788628
0.76533
0.755265
0.756706
0.76406
0.771469
0.776287
0.776925
0.765019
0.7508
0.748452
0.761728
0.812665
0.882212
0.928931
0.94922
0.957242
0.958938
0.939852
0.876089
0.801781
0.769421
0.763586
0.765526
0.770072
0.78722
0.865344
0.962884
0.997365
1.00825
1.01499
1.00209
0.936175
0.871672
0.844609
0.838959
0.84151
0.845828
0.863391
0.949759
1.03802
1.06946
1.0796
1.08086
1.04662
0.989236
0.952913
0.937197
0.935699
0.944183
0.98056
1.01018
1.01792
1.01833
1.02307
1.04813
1.08424
1.10647
1.12259
1.13755
1.14887
1.14741
1.12095
1.09168
1.07436
1.0701
1.07233
1.07509
1.07946
1.09189
1.12407
1.16452
1.1957
1.2247
1.25249
1.27174
1.28309
1.29095
1.28489
1.2477
1.21483
1.20577
1.21093
1.22173
1.25344
1.28524
1.30737
1.32422
1.33822
1.35475
1.37669
1.38504
1.38104
1.35081
1.28017
4.21274
38.9838
0.761685
0.784268
0.796649
0.811447
0.823089
0.822771
0.813954
0.802025
0.784287
0.760462
0.741589
0.735376
0.736282
0.740828
0.779342
0.878586
0.939274
0.954181
0.962245
0.96202
0.924796
0.83824
0.779085
0.762885
0.762613
0.765742
0.775221
0.826009
0.922496
0.972603
0.992644
1.0008
0.992556
0.946698
0.898221
0.865968
0.845201
0.839469
0.842982
0.855934
0.903973
0.969556
1.02384
1.05172
1.05885
1.04426
1.00155
0.973376
0.961963
0.955572
0.958616
0.981167
1.00947
1.02098
1.01835
0.991344
0.976369
0.985868
1.03164
1.09848
1.14035
1.16614
1.18255
1.18994
1.17751
1.13461
1.09747
1.08353
1.08359
1.08639
1.08839
1.09126
1.10017
1.11723
1.1467
1.18818
1.22924
1.25572
1.27359
1.28514
1.29066
1.27271
1.23356
1.20543
1.1967
1.19833
1.20488
1.22399
1.24643
1.28155
1.32266
1.36006
1.38604
1.40062
1.40351
1.3855
1.32831
4.13471
39.0425
0.71404
0.763682
0.813094
0.848724
0.859209
0.862822
0.85954
0.841758
0.802653
0.75296
0.73375
0.732622
0.735111
0.745815
0.799379
0.888031
0.929855
0.945448
0.953189
0.93669
0.866947
0.806198
0.778502
0.767144
0.766486
0.77026
0.802166
0.891284
0.949551
0.969436
0.974702
0.967076
0.933725
0.904119
0.886734
0.869672
0.858672
0.859126
0.870013
0.905628
0.943317
0.9656
0.986347
1.00277
1.00743
0.997244
0.980123
0.975949
0.979788
0.988487
1.01005
1.0288
1.03481
1.03009
1.00522
0.970001
0.957452
0.961873
0.977276
1.0461
1.13427
1.17594
1.19185
1.19953
1.20008
1.18105
1.14916
1.13058
1.12502
1.1223
1.11753
1.11206
1.10372
1.09841
1.10281
1.12668
1.18002
1.23042
1.26104
1.27849
1.2882
1.28112
1.25488
1.22079
1.1956
1.18333
1.18163
1.18378
1.19388
1.22617
1.29196
1.34393
1.37719
1.398
1.40567
1.39283
1.37553
4.1041
39.2265
0.699057
0.756911
0.824942
0.852827
0.862663
0.868169
0.866785
0.846427
0.792467
0.753416
0.740523
0.739243
0.743045
0.772339
0.844766
0.892067
0.912245
0.921015
0.915479
0.867255
0.813964
0.787271
0.777236
0.775167
0.778337
0.801825
0.871073
0.923699
0.94712
0.95351
0.945323
0.920488
0.898338
0.88776
0.883677
0.882124
0.884866
0.894082
0.918596
0.94372
0.954244
0.958781
0.955091
0.950297
0.955492
0.970575
0.982358
0.989859
1.0078
1.04504
1.07356
1.08299
1.07422
1.04206
0.993812
0.962698
0.956641
0.961606
0.971245
0.999253
1.08443
1.15878
1.18663
1.19349
1.19487
1.19901
1.19901
1.19393
1.18223
1.16377
1.14301
1.12049
1.09652
1.0824
1.08116
1.08891
1.12378
1.19584
1.24893
1.27266
1.28537
1.28737
1.27201
1.25166
1.22305
1.19341
1.17027
1.15484
1.14974
1.16347
1.23266
1.31275
1.35574
1.3824
1.3945
1.38761
1.39683
4.11681
39.4701
0.718025
0.783125
0.820218
0.841499
0.851065
0.853719
0.842801
0.814023
0.784939
0.765316
0.757314
0.759233
0.778616
0.83251
0.874329
0.892323
0.896141
0.890378
0.856402
0.816801
0.793656
0.781225
0.779641
0.785238
0.810326
0.875186
0.916854
0.929258
0.93207
0.922477
0.906721
0.898634
0.894864
0.894557
0.896941
0.905905
0.921747
0.942026
0.959315
0.966995
0.962449
0.944036
0.923415
0.913612
0.916915
0.938694
0.976299
1.01007
1.05827
1.10695
1.12787
1.13561
1.11745
1.05796
0.999146
0.967914
0.960286
0.9639
0.976214
0.996718
1.03177
1.09781
1.15226
1.17833
1.19483
1.21374
1.22911
1.23382
1.22914
1.21046
1.17392
1.12489
1.08476
1.06886
1.06838
1.07382
1.09154
1.16048
1.23297
1.26776
1.28416
1.29215
1.28314
1.27337
1.26289
1.22702
1.17664
1.13355
1.11125
1.11775
1.16512
1.25635
1.32267
1.35258
1.36995
1.37424
1.39385
4.15007
39.7069
0.760437
0.795986
0.816304
0.826038
0.826311
0.816773
0.803781
0.789365
0.776909
0.776206
0.782352
0.804937
0.844203
0.871693
0.885227
0.885368
0.8785
0.850923
0.81739
0.795058
0.786137
0.786213
0.791759
0.814311
0.874966
0.918313
0.9329
0.932248
0.908185
0.885595
0.881153
0.889431
0.903879
0.915295
0.928405
0.945979
0.963001
0.974256
0.980305
0.979722
0.967181
0.935679
0.907886
0.90003
0.90264
0.912416
0.95409
1.03595
1.11727
1.15512
1.17057
1.17375
1.15526
1.09235
1.01466
0.977666
0.966015
0.966899
0.9793
0.997651
1.01907
1.04815
1.09882
1.15227
1.18935
1.2168
1.23317
1.23862
1.23779
1.23401
1.20962
1.14175
1.0845
1.06578
1.06769
1.07432
1.09424
1.15046
1.21478
1.2616
1.28478
1.29455
1.28684
1.27851
1.27829
1.26449
1.19825
1.13375
1.10617
1.1113
1.13069
1.18724
1.27387
1.31837
1.33668
1.34407
1.37695
4.17761
39.9256
0.780041
0.790247
0.79402
0.793961
0.788499
0.784029
0.784485
0.783858
0.786688
0.798529
0.830108
0.862762
0.87691
0.88128
0.881628
0.870916
0.847047
0.825305
0.8082
0.796368
0.792185
0.795964
0.818727
0.875662
0.91776
0.933685
0.938368
0.914781
0.87523
0.86032
0.861157
0.874867
0.907408
0.941155
0.971131
0.990625
0.999684
1.00241
0.991521
0.970232
0.946093
0.925193
0.908509
0.902829
0.905669
0.916227
0.959978
1.06082
1.13786
1.17059
1.18263
1.1725
1.13113
1.08079
1.03275
0.992713
0.97462
0.97563
0.99638
1.0252
1.05108
1.07243
1.08553
1.09301
1.12021
1.16597
1.19998
1.21245
1.21491
1.21162
1.19929
1.15556
1.10247
1.08002
1.08071
1.0943
1.14199
1.19374
1.22123
1.2407
1.2677
1.28069
1.27785
1.26903
1.26054
1.24623
1.22019
1.17282
1.13799
1.13504
1.14134
1.15503
1.21604
1.27158
1.29773
1.29848
1.34085
4.24385
40.1642
0.775087
0.753852
0.746102
0.75757
0.775288
0.78229
0.78893
0.800651
0.823299
0.849865
0.870977
0.880932
0.880483
0.875144
0.857369
0.834144
0.818386
0.811342
0.809521
0.808386
0.808422
0.823971
0.879653
0.926762
0.945217
0.952546
0.932011
0.882161
0.852814
0.847592
0.850745
0.85969
0.898932
0.965234
1.01503
1.03444
1.04178
1.0363
1.00492
0.96004
0.932681
0.920094
0.913584
0.911022
0.918642
0.960615
1.01155
1.0537
1.10895
1.14581
1.14988
1.12356
1.0875
1.05616
1.0337
1.01605
1.00511
1.01986
1.05805
1.0849
1.09647
1.09361
1.06443
1.04394
1.04245
1.06639
1.12645
1.1717
1.18663
1.19023
1.18427
1.15515
1.12843
1.11632
1.1208
1.15556
1.20399
1.22623
1.22618
1.22146
1.21761
1.22496
1.23664
1.24045
1.23526
1.23291
1.22896
1.21932
1.21035
1.20021
1.1813
1.17077
1.1823
1.21074
1.23127
1.22209
1.27098
4.38686
40.4327
0.738811
0.707617
0.705631
0.720181
0.757075
0.79169
0.825343
0.858922
0.877849
0.884694
0.88612
0.879657
0.863883
0.83769
0.814621
0.802519
0.799212
0.800973
0.805074
0.811775
0.834776
0.891698
0.938667
0.955797
0.963117
0.956498
0.907438
0.85627
0.837968
0.837122
0.840462
0.84691
0.883364
0.975318
1.02987
1.04828
1.05802
1.05421
1.00837
0.960086
0.93619
0.924893
0.921942
0.929955
0.970559
1.01643
1.03512
1.04127
1.04597
1.05171
1.06097
1.06338
1.05813
1.05441
1.05018
1.04415
1.06095
1.11157
1.13739
1.13958
1.12822
1.08818
1.03287
1.0031
0.996942
1.00429
1.04164
1.11586
1.15599
1.16777
1.16895
1.15211
1.14786
1.15981
1.19822
1.24115
1.25753
1.25531
1.23034
1.1894
1.15957
1.15807
1.18739
1.21385
1.22379
1.23637
1.26152
1.28798
1.29299
1.26998
1.23104
1.20064
1.17922
1.16571
1.15397
1.1316
1.16409
4.6536
40.4042
0.696139
0.678907
0.682242
0.688501
0.727379
0.81235
0.884821
0.912479
0.919998
0.916086
0.894352
0.861998
0.825811
0.797223
0.781351
0.776599
0.779291
0.786104
0.795199
0.819525
0.893684
0.965594
0.985722
0.989849
0.980535
0.937687
0.874001
0.836485
0.827151
0.828891
0.833272
0.850138
0.896591
0.961368
1.01966
1.04711
1.05485
1.03394
0.993979
0.965981
0.948465
0.940528
0.946642
0.983537
1.02243
1.03776
1.03809
1.02223
0.984209
0.959579
0.960996
0.985466
1.01387
1.03215
1.04235
1.07529
1.1498
1.19109
1.19408
1.18103
1.14365
1.06434
1.00027
0.976958
0.975302
0.982431
0.999346
1.05541
1.11437
1.13776
1.14842
1.15012
1.16307
1.21677
1.27695
1.29871
1.30034
1.27412
1.21358
1.14336
1.11044
1.1093
1.1383
1.19243
1.24023
1.28247
1.32062
1.33738
1.32896
1.30454
1.27475
1.23954
1.19585
1.14993
1.10921
1.07023
1.09668
4.89427
40.3291
0.670072
0.659088
0.663124
0.669385
0.712053
0.836628
0.915003
0.931322
0.938113
0.932932
0.898458
0.840923
0.801067
0.779066
0.765014
0.758667
0.759796
0.76448
0.776986
0.836062
0.951683
1.00281
1.01599
1.0212
1.00068
0.92093
0.854839
0.829684
0.824467
0.826289
0.836292
0.876483
0.922098
0.943633
0.966571
0.997624
1.00736
0.993616
0.980982
0.978408
0.977348
0.983411
1.01913
1.05085
1.05701
1.04744
1.01898
0.972445
0.933651
0.913591
0.909071
0.918459
0.945999
0.982789
1.03378
1.13401
1.21764
1.23901
1.23587
1.21861
1.15651
1.05501
0.995644
0.975684
0.975255
0.981911
0.995191
1.02585
1.0655
1.09739
1.11987
1.1428
1.19894
1.27304
1.30564
1.31754
1.31887
1.28752
1.19585
1.11539
1.08604
1.08469
1.10284
1.16402
1.25058
1.31208
1.34124
1.34702
1.33633
1.3091
1.28754
1.26656
1.22772
1.16491
1.10829
1.05461
1.06392
5.01645
40.1608
0.664294
0.653871
0.65981
0.674371
0.749947
0.863536
0.913883
0.930503
0.93712
0.917485
0.859083
0.817485
0.796003
0.778643
0.763467
0.756963
0.75827
0.762733
0.791352
0.881511
0.964239
1.0055
1.01821
1.0127
0.959358
0.894525
0.856166
0.837131
0.832847
0.836693
0.865368
0.914683
0.938675
0.943257
0.936831
0.915693
0.908886
0.92802
0.954876
0.975807
1.01259
1.06996
1.10477
1.10801
1.0849
1.03163
0.971387
0.927263
0.903188
0.890542
0.884725
0.885552
0.895161
0.919938
1.00474
1.15949
1.22617
1.24076
1.23709
1.19916
1.131
1.06966
1.02033
0.996105
0.992383
0.997812
1.00687
1.02159
1.03386
1.05037
1.08122
1.14674
1.24377
1.30222
1.32159
1.32516
1.30402
1.24554
1.17276
1.11638
1.0884
1.08754
1.11401
1.15372
1.2135
1.28451
1.3174
1.32243
1.31675
1.29968
1.27762
1.27229
1.2602
1.20673
1.14331
1.08574
1.06699
4.96583
40.0589
0.670723
0.661758
0.668485
0.724886
0.820781
0.871999
0.896807
0.907568
0.897323
0.853261
0.815364
0.800091
0.797451
0.794525
0.778562
0.767855
0.771662
0.797588
0.859529
0.906491
0.939345
0.964462
0.968874
0.948466
0.920021
0.89486
0.872216
0.861942
0.863042
0.88011
0.918168
0.944174
0.949952
0.94319
0.897132
0.844999
0.83202
0.845816
0.89734
0.977994
1.0769
1.14956
1.17054
1.16721
1.12198
1.02424
0.947872
0.913531
0.897696
0.888793
0.884048
0.887125
0.899366
0.936102
1.02761
1.13041
1.18967
1.20276
1.19245
1.15789
1.12094
1.09447
1.07082
1.04845
1.03259
1.02473
1.02221
1.02248
1.02143
1.02461
1.04197
1.12593
1.24293
1.29629
1.31328
1.30467
1.27056
1.23219
1.18362
1.13532
1.1096
1.11382
1.13341
1.14321
1.15836
1.2084
1.25708
1.27065
1.26755
1.26863
1.28053
1.28227
1.27638
1.24152
1.18007
1.11046
1.0536
4.83382
40.081
0.691825
0.689483
0.731369
0.817067
0.855658
0.8672
0.872311
0.85922
0.826595
0.805858
0.798261
0.797889
0.801068
0.805528
0.805862
0.805837
0.82498
0.868805
0.89914
0.907326
0.908596
0.894936
0.881603
0.884263
0.895413
0.901966
0.906239
0.91083
0.926394
0.948833
0.96087
0.96234
0.955689
0.91571
0.851614
0.815395
0.809345
0.8143
0.834169
0.940638
1.11073
1.171
1.18525
1.17154
1.09535
1.00872
0.95753
0.926981
0.910075
0.902447
0.904239
0.914523
0.940516
0.987763
1.03549
1.07615
1.10854
1.12764
1.1353
1.13766
1.12993
1.12175
1.11875
1.10717
1.07972
1.05124
1.03264
1.02417
1.02307
1.02731
1.05614
1.11736
1.19578
1.25443
1.27306
1.26759
1.2499
1.22666
1.19647
1.16572
1.14546
1.14403
1.1454
1.13874
1.13454
1.1389
1.18701
1.22556
1.23923
1.25506
1.28273
1.28559
1.27626
1.25384
1.20394
1.13628
1.07323
4.63319
40.1735
0.714059
0.752257
0.836555
0.872644
0.877534
0.870806
0.83486
0.789662
0.772373
0.772828
0.78167
0.793328
0.803901
0.817312
0.845211
0.879052
0.898758
0.904487
0.907528
0.903023
0.865812
0.82977
0.822061
0.83142
0.862974
0.904238
0.940213
0.980352
1.00129
1.00445
0.993611
0.967476
0.927492
0.868862
0.820856
0.803488
0.802276
0.808012
0.852598
0.969626
1.08371
1.14854
1.16422
1.12719
1.06196
1.01305
0.981052
0.959751
0.945828
0.939359
0.942028
0.956448
0.98601
1.01275
1.02798
1.03471
1.03678
1.05191
1.08396
1.11873
1.1392
1.15057
1.15648
1.14613
1.11593
1.08052
1.05121
1.03578
1.03224
1.04846
1.08775
1.10942
1.13229
1.18805
1.23056
1.24606
1.24525
1.23299
1.20977
1.18867
1.17404
1.16693
1.1506
1.13189
1.12024
1.11633
1.12833
1.18221
1.2218
1.24871
1.27263
1.27356
1.25871
1.24347
1.21033
1.16067
1.13321
4.47581
40.3855
0.75203
0.85163
0.891323
0.899551
0.897835
0.856648
0.785355
0.75185
0.746511
0.751855
0.768737
0.790055
0.822681
0.869867
0.910998
0.93108
0.937104
0.92946
0.903925
0.864637
0.826972
0.805953
0.801856
0.804982
0.818202
0.876391
0.967051
1.0181
1.03824
1.04325
1.03579
0.993018
0.910093
0.846019
0.815638
0.806071
0.809008
0.855379
0.932385
0.982029
1.02238
1.05965
1.069
1.05274
1.04143
1.03416
1.02083
1.00531
0.994616
0.991129
0.99608
1.00928
1.02197
1.02872
1.01812
0.999899
0.998246
1.00479
1.03043
1.09304
1.14129
1.16087
1.16994
1.15461
1.12212
1.0944
1.07095
1.05542
1.05219
1.08123
1.10914
1.11358
1.11502
1.12963
1.18373
1.22694
1.23923
1.22902
1.21657
1.20506
1.19085
1.18493
1.17305
1.15558
1.12933
1.1034
1.0991
1.12109
1.17696
1.22344
1.24443
1.24401
1.22176
1.20429
1.18606
1.1634
1.2025
4.43697
40.671
0.817169
0.887749
0.899011
0.901828
0.873954
0.801081
0.752786
0.73951
0.73912
0.743182
0.764611
0.819134
0.881865
0.914896
0.927092
0.933918
0.935169
0.917198
0.878259
0.846432
0.825815
0.811458
0.807147
0.81656
0.845487
0.881538
0.943731
1.01206
1.03835
1.03979
1.01647
0.967316
0.907169
0.85707
0.830848
0.82931
0.870365
0.935419
0.96594
0.976106
0.982051
0.966316
0.957103
0.974055
1.00612
1.02647
1.03138
1.03957
1.04776
1.05529
1.05713
1.05518
1.05281
1.03812
1.00807
0.991901
0.991973
0.996945
1.01168
1.06274
1.12665
1.15517
1.16626
1.14807
1.10812
1.08352
1.07718
1.07528
1.0834
1.12
1.13846
1.13605
1.12548
1.11677
1.1214
1.15284
1.18979
1.20373
1.20821
1.20857
1.21336
1.21224
1.20919
1.20062
1.16854
1.11357
1.08765
1.08636
1.10723
1.15762
1.1936
1.1989
1.18436
1.1673
1.17055
1.16341
1.22189
4.55107
40.9765
0.860225
0.886398
0.891904
0.870067
0.805451
0.75742
0.738691
0.735928
0.737768
0.743099
0.775604
0.860017
0.9179
0.939483
0.945432
0.933672
0.909232
0.877281
0.851377
0.83869
0.832591
0.829107
0.83856
0.864643
0.878177
0.881601
0.89033
0.934085
0.979251
0.988692
0.98001
0.957206
0.92533
0.894442
0.884543
0.907215
0.953727
0.978272
0.982367
0.97386
0.937572
0.903858
0.896213
0.90808
0.94002
0.986753
1.02348
1.05316
1.08811
1.10913
1.1125
1.10323
1.08147
1.04727
1.01938
1.00501
1.00227
1.00749
1.03657
1.07203
1.09222
1.11605
1.12252
1.1039
1.0816
1.07078
1.07132
1.08498
1.13866
1.18232
1.19136
1.17665
1.13757
1.09633
1.07201
1.06838
1.09759
1.14732
1.18516
1.21022
1.2381
1.25824
1.25614
1.24551
1.22212
1.1521
1.09717
1.07331
1.0645
1.07207
1.10502
1.13141
1.14266
1.15954
1.1818
1.17929
1.2494
4.6382
41.1915
0.878188
0.884879
0.850331
0.793863
0.75887
0.74576
0.7406
0.739602
0.744469
0.772589
0.8185
0.86979
0.921857
0.945035
0.950331
0.93585
0.891717
0.861187
0.847956
0.841619
0.8437
0.865587
0.892019
0.896899
0.891508
0.874383
0.854001
0.851437
0.891884
0.944139
0.963094
0.966574
0.96593
0.963646
0.975129
0.993421
1.00133
1.00104
0.994285
0.957024
0.910131
0.885274
0.877873
0.880874
0.892605
0.920889
0.97845
1.04874
1.09846
1.12224
1.13046
1.13268
1.11574
1.07059
1.04367
1.03681
1.03968
1.05512
1.07419
1.0787
1.06901
1.0498
1.03775
1.04218
1.05279
1.05934
1.06808
1.12458
1.21479
1.24915
1.24678
1.21489
1.14999
1.07987
1.04034
1.02728
1.03163
1.06505
1.13215
1.20342
1.25905
1.2897
1.29298
1.27936
1.26295
1.20754
1.12599
1.07163
1.03867
1.01885
1.02024
1.05248
1.11182
1.17287
1.21085
1.20603
1.2771
4.62859
41.2734
0.901558
0.864823
0.791978
0.745503
0.730479
0.731406
0.737838
0.748953
0.786588
0.820414
0.835825
0.855738
0.888962
0.908104
0.907793
0.894771
0.885625
0.876001
0.870684
0.880498
0.903635
0.921338
0.92079
0.906133
0.874483
0.839086
0.818589
0.813463
0.82305
0.876588
0.935829
0.97054
1.00318
1.05124
1.07698
1.07115
1.04376
1.01241
0.979223
0.937401
0.90326
0.887248
0.882016
0.882722
0.88874
0.897297
0.91864
0.994749
1.08044
1.11556
1.12268
1.12201
1.10611
1.09423
1.0903
1.09387
1.1037
1.10977
1.10398
1.08008
1.03116
0.983679
0.966461
0.973838
1.00518
1.03849
1.09313
1.20627
1.27261
1.28854
1.28292
1.24439
1.15147
1.06881
1.03185
1.02249
1.02346
1.03181
1.07231
1.17567
1.25875
1.28957
1.29744
1.28558
1.27213
1.24146
1.16396
1.07863
1.01836
0.994375
0.98773
0.998335
1.09222
1.20505
1.24002
1.22535
1.29163
4.54583
41.2304
0.915222
0.859584
0.776318
0.742238
0.730289
0.731987
0.746825
0.789755
0.822311
0.8303
0.832399
0.829523
0.826201
0.846618
0.877733
0.895744
0.909039
0.928617
0.949349
0.956773
0.951668
0.937902
0.910248
0.87301
0.838625
0.817697
0.809433
0.80796
0.811205
0.823159
0.875071
0.963128
1.04918
1.10935
1.1332
1.13584
1.11781
1.06933
0.993683
0.938476
0.910274
0.897284
0.89471
0.897864
0.90413
0.911824
0.920699
0.944119
1.0068
1.06787
1.09611
1.10542
1.10741
1.11615
1.144
1.16396
1.16709
1.15036
1.11768
1.05944
0.986399
0.944172
0.933466
0.935452
0.956676
1.02296
1.15701
1.25942
1.29166
1.30222
1.29116
1.21821
1.14172
1.08557
1.05048
1.04023
1.04426
1.05873
1.08361
1.12839
1.21271
1.26466
1.28134
1.27585
1.26025
1.23545
1.18333
1.10277
1.03233
0.99853
0.991733
1.01091
1.11264
1.19782
1.21865
1.20963
1.28327
4.53273
41.2818
0.872404
0.838556
0.798095
0.765027
0.757455
0.766092
0.795362
0.824114
0.831055
0.827763
0.806279
0.782601
0.774417
0.780865
0.828487
0.902292
0.966864
1.01408
1.03135
1.02939
0.992665
0.930552
0.876942
0.833519
0.810211
0.803477
0.803709
0.808671
0.8157
0.82971
0.859911
0.928742
1.05003
1.11895
1.13827
1.13452
1.09815
1.05221
1.01582
0.974155
0.943194
0.929603
0.924007
0.920476
0.920239
0.924645
0.930896
0.943215
0.955046
0.97612
1.01916
1.06609
1.10956
1.15822
1.19454
1.20876
1.21007
1.17922
1.11276
1.02329
0.956468
0.92977
0.925492
0.927141
0.944766
1.04163
1.17577
1.2516
1.28066
1.28346
1.24118
1.18665
1.1521
1.12407
1.10144
1.08935
1.08566
1.08229
1.07942
1.08545
1.12561
1.19573
1.23669
1.25106
1.24231
1.218
1.17423
1.13742
1.10377
1.07878
1.07341
1.08683
1.13106
1.16462
1.1748
1.17357
1.25246
4.60594
41.4465
0.843911
0.853519
0.849821
0.830022
0.817805
0.819183
0.827069
0.83098
0.822009
0.793195
0.76787
0.758081
0.757184
0.761804
0.783611
0.882868
1.01325
1.05669
1.07009
1.07145
1.04011
0.956568
0.864527
0.818373
0.804079
0.802188
0.805706
0.816727
0.84719
0.890174
0.923716
0.949589
0.98146
1.03638
1.06804
1.07136
1.0684
1.06476
1.05323
1.0297
0.998516
0.973062
0.954863
0.942746
0.937013
0.936302
0.938445
0.939606
0.936942
0.933666
0.941228
0.990736
1.09762
1.1818
1.21308
1.22393
1.22584
1.19396
1.09874
1.00814
0.95675
0.935019
0.931515
0.948822
1.01106
1.07588
1.1392
1.19716
1.21856
1.21539
1.20134
1.18594
1.17521
1.17061
1.16174
1.14405
1.11928
1.08885
1.06603
1.06243
1.07393
1.10996
1.17135
1.20803
1.21464
1.20208
1.17716
1.16711
1.17317
1.17936
1.16622
1.14217
1.12873
1.12309
1.12678
1.12559
1.20544
4.75684
41.5358
0.806123
0.867376
0.893663
0.908248
0.90306
0.88114
0.853118
0.817998
0.774416
0.748417
0.741184
0.741896
0.746191
0.763092
0.821772
0.920436
1.00689
1.05548
1.07097
1.05757
0.993156
0.917841
0.868355
0.835402
0.819314
0.817211
0.830321
0.868044
0.911165
0.936844
0.947151
0.948127
0.933865
0.92471
0.946411
0.996987
1.042
1.06345
1.07225
1.07694
1.06483
1.02879
0.991747
0.967048
0.953203
0.945397
0.939652
0.933623
0.928932
0.927157
0.929564
0.948484
1.04126
1.16634
1.21205
1.21997
1.19963
1.15081
1.08836
1.02553
0.981887
0.967804
0.977525
1.02432
1.06773
1.08285
1.09217
1.10507
1.1316
1.16189
1.18165
1.19848
1.21276
1.21094
1.20095
1.18409
1.15071
1.09898
1.06275
1.05358
1.05864
1.07003
1.10521
1.1528
1.1777
1.18296
1.17786
1.18817
1.21448
1.22674
1.22538
1.19451
1.14299
1.11332
1.09759
1.08192
1.1795
4.95273
41.5095
0.749056
0.860114
0.935293
0.965263
0.974826
0.960151
0.892219
0.80042
0.746236
0.731509
0.7308
0.73419
0.750962
0.814129
0.890896
0.928184
0.958044
0.989066
0.993749
0.965971
0.939197
0.919965
0.894711
0.872133
0.860695
0.866894
0.897922
0.93244
0.95146
0.956872
0.954727
0.92891
0.888263
0.870078
0.871703
0.894769
0.962826
1.04274
1.08411
1.09657
1.09635
1.07311
1.02856
0.987442
0.962384
0.948793
0.941467
0.936599
0.933778
0.936661
0.955897
0.987018
1.01278
1.06948
1.13371
1.15143
1.14614
1.12602
1.09857
1.06508
1.03933
1.03286
1.04871
1.07139
1.07968
1.0757
1.05183
1.04396
1.05893
1.10241
1.16767
1.21535
1.23187
1.23166
1.22174
1.20494
1.17343
1.11768
1.07599
1.05826
1.05716
1.06646
1.08504
1.1089
1.12967
1.14699
1.16437
1.19293
1.22757
1.24207
1.25009
1.23807
1.18845
1.1286
1.09056
1.04833
1.12318
5.04508
41.5773
0.736581
0.836297
0.944676
0.973505
0.982433
0.971646
0.901769
0.802142
0.751845
0.736639
0.73508
0.743517
0.803706
0.887866
0.919022
0.925526
0.92681
0.899525
0.869359
0.871772
0.895521
0.912599
0.915772
0.915459
0.926865
0.954735
0.970238
0.972697
0.973477
0.965835
0.937472
0.899487
0.868041
0.855705
0.857478
0.863084
0.886837
0.980065
1.07094
1.09481
1.09761
1.07327
1.03298
1.00114
0.979402
0.964934
0.957239
0.956364
0.967075
0.988371
1.00292
1.00437
0.993633
0.980927
1.00305
1.0723
1.11486
1.12549
1.12677
1.11636
1.11003
1.11252
1.11522
1.10945
1.0859
1.04811
1.0206
1.01381
1.01916
1.04081
1.12347
1.20315
1.22426
1.22592
1.21652
1.19252
1.15505
1.12626
1.1012
1.08127
1.07246
1.0754
1.08645
1.09141
1.08849
1.097
1.13348
1.18545
1.22091
1.23812
1.25075
1.24088
1.21403
1.16379
1.10344
1.05221
1.07227
5.02412
41.9477
0.774525
0.856362
0.911543
0.949714
0.95918
0.927288
0.869038
0.819199
0.779306
0.762801
0.763651
0.803539
0.883165
0.920434
0.926221
0.922075
0.88105
0.814248
0.785263
0.787942
0.819299
0.872966
0.917561
0.969726
1.01786
1.03544
1.03358
1.01421
0.973712
0.936901
0.912392
0.88921
0.869181
0.858912
0.861001
0.8774
0.921677
0.961259
0.991623
1.02262
1.03252
1.02585
1.01245
0.998071
0.992602
0.993453
0.997085
1.01442
1.03934
1.04792
1.03705
1.00297
0.954667
0.93031
0.931367
0.975758
1.071
1.12709
1.14648
1.16369
1.17591
1.17209
1.15788
1.13851
1.10128
1.04892
1.02031
1.01523
1.01809
1.02731
1.0847
1.16904
1.2016
1.20696
1.19779
1.1696
1.14414
1.13045
1.12188
1.11317
1.10524
1.09938
1.09224
1.07305
1.05668
1.05528
1.0829
1.15285
1.20142
1.22358
1.23714
1.22854
1.21481
1.18895
1.14127
1.08198
1.07337
4.85031
42.264
0.825323
0.862018
0.871302
0.884582
0.87944
0.854962
0.845846
0.841614
0.829845
0.819223
0.834075
0.886264
0.920337
0.926337
0.921151
0.890609
0.828566
0.783005
0.764482
0.761322
0.766972
0.801265
0.910765
1.00769
1.03779
1.04532
1.04228
1.01458
0.973884
0.935273
0.907919
0.893419
0.887242
0.89098
0.909159
0.940745
0.961964
0.960275
0.931206
0.91218
0.924182
0.964602
0.992557
1.00006
1.00617
1.02042
1.0575
1.09567
1.11122
1.10534
1.06403
0.991073
0.936317
0.913672
0.911393
0.91912
0.97872
1.08894
1.15942
1.19318
1.20844
1.20956
1.18265
1.14151
1.10257
1.06613
1.03796
1.02808
1.02948
1.0413
1.07701
1.1269
1.16002
1.17133
1.17005
1.15658
1.14365
1.13953
1.1396
1.14444
1.14545
1.13557
1.10311
1.05522
1.02755
1.01826
1.02428
1.08668
1.16571
1.20257
1.21899
1.21769
1.20716
1.19768
1.17496
1.14305
1.15597
4.54039
42.3219
0.851101
0.8694
0.865058
0.823161
0.788091
0.788541
0.812202
0.838989
0.854255
0.893934
0.941828
0.956409
0.948676
0.926628
0.893859
0.843396
0.796244
0.771581
0.763792
0.768592
0.794453
0.853419
0.906004
0.956719
0.994434
1.00068
0.986571
0.975834
0.968813
0.958394
0.944465
0.934519
0.939901
0.958043
0.97741
0.988328
0.983317
0.942613
0.880158
0.849818
0.847037
0.873211
0.939555
0.988324
1.01761
1.06243
1.11424
1.1428
1.15104
1.14243
1.09342
1.0024
0.937771
0.915515
0.913747
0.918717
0.933131
1.00986
1.13473
1.19201
1.20592
1.20945
1.19338
1.15125
1.11357
1.08772
1.06903
1.05685
1.05222
1.05499
1.06884
1.09238
1.1188
1.13791
1.1476
1.1515
1.1506
1.15211
1.16276
1.17315
1.17373
1.16796
1.13021
1.05598
1.00365
0.987321
0.986142
1.03118
1.13344
1.19635
1.22141
1.22942
1.21644
1.20204
1.18671
1.16593
1.21889
4.40033
42.2889
0.856088
0.865654
0.837893
0.776784
0.748333
0.746399
0.756047
0.794862
0.867585
0.940613
0.991613
1.00732
1.00386
0.968668
0.890373
0.829812
0.797226
0.781205
0.783803
0.815701
0.869411
0.895374
0.897129
0.882848
0.868418
0.875394
0.902855
0.941389
0.973393
0.99259
1.00279
1.01209
1.02333
1.03156
1.03342
1.02103
0.977752
0.906901
0.854076
0.830555
0.826361
0.829432
0.857358
0.935274
1.02663
1.10993
1.16085
1.17894
1.18333
1.15866
1.09601
1.02408
0.966125
0.938415
0.932856
0.936894
0.943687
0.960229
1.04078
1.14286
1.1791
1.18788
1.18851
1.16995
1.14155
1.1167
1.09563
1.07868
1.06705
1.06145
1.06255
1.07304
1.08869
1.10645
1.12425
1.13875
1.15026
1.16861
1.18316
1.18826
1.18751
1.1791
1.1405
1.05383
0.994728
0.976896
0.97553
1.01776
1.12393
1.20653
1.2334
1.2398
1.2286
1.20507
1.17999
1.12336
1.11147
4.5761
42.2096
0.850426
0.841063
0.797171
0.763605
0.74946
0.751314
0.762516
0.789876
0.841423
0.923722
0.979037
0.989628
0.973037
0.934734
0.898991
0.858685
0.832798
0.833238
0.858133
0.891772
0.906615
0.902729
0.868589
0.812289
0.783658
0.780939
0.801793
0.867305
0.949724
1.01049
1.06402
1.09922
1.11037
1.10341
1.08031
1.02958
0.951727
0.88426
0.843133
0.826015
0.823506
0.825805
0.833825
0.871016
1.00436
1.13229
1.18056
1.19591
1.19769
1.16703
1.10665
1.05057
1.00595
0.973311
0.955403
0.948679
0.948528
0.951791
0.965854
1.04499
1.13657
1.17279
1.18595
1.18941
1.17409
1.14431
1.11388
1.09053
1.07662
1.07029
1.06866
1.07055
1.07764
1.08888
1.10552
1.13007
1.1606
1.17768
1.18512
1.18794
1.18613
1.17019
1.11606
1.0472
1.00443
0.985916
0.98406
1.04291
1.15887
1.21594
1.23683
1.24156
1.2283
1.19013
1.12619
1.04696
1.00099
4.9336
42.1894
0.84601
0.801593
0.768003
0.757647
0.760257
0.769215
0.789699
0.803946
0.813032
0.837516
0.887327
0.925733
0.94016
0.943487
0.937794
0.928815
0.923995
0.927341
0.933567
0.935944
0.923963
0.869913
0.803574
0.766818
0.754902
0.754313
0.758301
0.776213
0.859702
1.00734
1.11863
1.16964
1.18327
1.17579
1.12579
1.03041
0.940841
0.878509
0.843367
0.828782
0.826325
0.830132
0.839855
0.863387
0.956279
1.11882
1.18332
1.19589
1.18563
1.15251
1.12017
1.0828
1.04208
1.00252
0.971817
0.953852
0.94666
0.947905
0.95227
0.97093
1.05326
1.14127
1.17635
1.18609
1.17442
1.15464
1.13198
1.1101
1.09405
1.08374
1.07835
1.07722
1.08212
1.09339
1.11393
1.14213
1.16035
1.17061
1.17682
1.17885
1.16565
1.12983
1.08812
1.04953
1.02021
1.00947
1.03212
1.10477
1.16821
1.20866
1.22621
1.22444
1.19972
1.1365
1.0752
1.00724
0.971973
5.15361
42.1722
0.858126
0.795235
0.771361
0.767348
0.77339
0.791212
0.801618
0.80441
0.796886
0.780361
0.782251
0.827185
0.898109
0.945216
0.984423
1.02345
1.03998
1.02538
0.994521
0.955227
0.889472
0.815054
0.76939
0.750472
0.747207
0.750111
0.754605
0.761153
0.789483
0.957292
1.14192
1.19148
1.20306
1.20183
1.15916
1.05491
0.94607
0.883253
0.852811
0.841004
0.839585
0.846966
0.866839
0.903646
0.956144
1.04487
1.13057
1.15702
1.15495
1.14701
1.13374
1.11017
1.07304
1.03041
0.993
0.967945
0.955894
0.954026
0.957452
0.968079
1.00161
1.07473
1.13576
1.15934
1.1596
1.14424
1.13536
1.12869
1.11364
1.09903
1.09287
1.09291
1.09875
1.11519
1.13427
1.14478
1.15338
1.15784
1.15715
1.14177
1.11499
1.09528
1.0802
1.06705
1.06559
1.08431
1.11678
1.13463
1.1481
1.16253
1.16651
1.15744
1.1264
1.0857
1.05793
1.03285
1.08738
5.07871
42.1856
0.886106
0.81695
0.792795
0.791646
0.796234
0.802108
0.80364
0.790638
0.760672
0.74306
0.740607
0.748293
0.799052
0.918106
1.03884
1.11035
1.13128
1.12376
1.06518
0.960295
0.858188
0.795029
0.765174
0.753498
0.751225
0.753862
0.759154
0.769153
0.805427
0.931814
1.11195
1.18528
1.19904
1.18704
1.12022
1.03227
0.964201
0.911594
0.880825
0.86842
0.868015
0.879852
0.909713
0.942325
0.959182
0.977751
1.02795
1.08958
1.12158
1.13049
1.13132
1.12199
1.10128
1.06463
1.02184
0.991798
0.978429
0.976104
0.98259
0.999149
1.01483
1.02835
1.05786
1.09401
1.11491
1.12122
1.12156
1.12049
1.11933
1.11929
1.11999
1.12482
1.13548
1.14524
1.14443
1.13801
1.128
1.12102
1.11102
1.09483
1.08426
1.08221
1.09148
1.11123
1.14476
1.16608
1.16044
1.13636
1.11039
1.09623
1.09403
1.08796
1.07642
1.07844
1.09174
1.09019
1.18143
4.91186
42.1876
0.92868
0.879339
0.838777
0.821518
0.814362
0.807759
0.786688
0.755906
0.737831
0.734055
0.735829
0.739998
0.751936
0.853023
1.0536
1.12645
1.14277
1.14367
1.1021
0.980386
0.86443
0.805922
0.779853
0.771453
0.771143
0.774569
0.781683
0.807511
0.867255
0.930915
1.01442
1.10394
1.1356
1.12648
1.08483
1.03359
0.987951
0.950679
0.923103
0.91074
0.911812
0.926593
0.947976
0.959958
0.961949
0.95322
0.949972
0.987447
1.06218
1.10411
1.11637
1.12412
1.12117
1.09242
1.05396
1.02713
1.01509
1.01321
1.01906
1.02705
1.02768
1.02236
1.01173
1.01171
1.03687
1.07323
1.09854
1.11455
1.13356
1.15363
1.16841
1.17111
1.16641
1.157
1.1351
1.10573
1.08691
1.07951
1.07773
1.07618
1.08145
1.09664
1.129
1.17475
1.19994
1.19852
1.17474
1.1308
1.09384
1.06426
1.03394
1.02333
1.02817
1.05596
1.10386
1.116
1.22156
4.88872
42.2997
0.945984
0.943203
0.907064
0.865843
0.834747
0.801952
0.761193
0.7328
0.725642
0.727568
0.732883
0.743186
0.786754
0.880736
0.995043
1.0854
1.11251
1.10332
1.04427
0.965609
0.901768
0.850382
0.820277
0.805966
0.801167
0.802387
0.816928
0.869529
0.917223
0.936228
0.951738
0.986387
1.03186
1.05269
1.05252
1.04097
1.02066
0.997552
0.979384
0.970749
0.969857
0.97224
0.971417
0.966197
0.947456
0.931499
0.926679
0.931699
0.978672
1.06471
1.11027
1.12437
1.12236
1.10463
1.08768
1.07311
1.06223
1.05542
1.05149
1.04737
1.03935
1.0158
0.982719
0.967945
0.974511
1.00279
1.05558
1.11204
1.16436
1.20464
1.21644
1.20745
1.18435
1.14882
1.10281
1.06627
1.0496
1.04865
1.05834
1.07151
1.08913
1.12249
1.17645
1.21589
1.22444
1.21547
1.19518
1.15644
1.10727
1.06598
1.03145
1.00262
0.99331
1.00499
1.07559
1.11798
1.22871
4.98065
42.5851
0.946711
0.972921
0.975839
0.950327
0.887445
0.81102
0.753824
0.730283
0.726999
0.729135
0.739211
0.783456
0.860223
0.901685
0.924086
0.964652
1.00516
1.01386
1.00024
0.982936
0.957374
0.920126
0.87296
0.841577
0.831951
0.837266
0.874469
0.921238
0.939266
0.94138
0.931762
0.911881
0.909704
0.949079
1.0045
1.03087
1.03895
1.04863
1.04854
1.03567
1.01655
0.9987
0.980206
0.956335
0.937526
0.927074
0.923618
0.925378
0.937928
0.98909
1.06434
1.10211
1.11493
1.11837
1.12097
1.11642
1.10699
1.09375
1.07809
1.06138
1.03886
1.00532
0.972817
0.952084
0.946662
0.955106
0.982534
1.07147
1.18291
1.2388
1.24946
1.24297
1.20934
1.14961
1.0918
1.0539
1.03194
1.0242
1.03059
1.04517
1.07241
1.12052
1.17179
1.209
1.2209
1.21682
1.20559
1.18581
1.14775
1.10532
1.07007
1.03648
1.01296
1.00206
1.01024
1.05431
1.17231
5.16017
42.8871
0.9284
0.978828
0.983158
0.984099
0.947076
0.841497
0.768596
0.744595
0.741477
0.746618
0.77209
0.842654
0.895023
0.908744
0.91098
0.892753
0.874795
0.891033
0.941344
0.973209
0.975594
0.961317
0.925445
0.894842
0.886769
0.901522
0.931841
0.947811
0.949153
0.940914
0.910903
0.874187
0.860944
0.86638
0.919892
1.00503
1.05756
1.08578
1.09965
1.09049
1.05401
1.00985
0.978439
0.960297
0.947493
0.939009
0.936629
0.941595
0.950284
0.95686
0.983009
1.04596
1.09868
1.12726
1.13882
1.14403
1.14363
1.13336
1.11144
1.081
1.04497
1.00993
0.978328
0.956188
0.948116
0.951088
0.957938
1.0121
1.16113
1.2349
1.24582
1.24383
1.22843
1.17295
1.10323
1.05984
1.03951
1.03541
1.04177
1.05116
1.06068
1.08365
1.13179
1.16731
1.17985
1.18468
1.19601
1.20287
1.1858
1.15132
1.11599
1.07705
1.03923
1.00922
0.988571
0.962406
1.08885
5.29365
43.0151
0.865456
0.957433
0.970706
0.969572
0.944724
0.88678
0.818369
0.784316
0.775944
0.779902
0.817114
0.880782
0.906373
0.90997
0.899316
0.851505
0.80696
0.800213
0.829631
0.910449
0.953959
0.960791
0.962891
0.963603
0.963361
0.962396
0.960759
0.958381
0.94977
0.930657
0.899481
0.868891
0.856862
0.85747
0.866479
0.934234
1.0491
1.0934
1.10552
1.0984
1.07351
1.03459
0.99855
0.979752
0.972438
0.971164
0.971206
0.967468
0.955733
0.945933
0.947233
0.964027
1.02592
1.09941
1.13649
1.1498
1.15334
1.15213
1.13953
1.10782
1.06916
1.03431
1.00137
0.976863
0.9684
0.971099
0.978052
1.00729
1.10263
1.19403
1.21678
1.21443
1.20661
1.186
1.14223
1.09955
1.07495
1.06335
1.05767
1.05341
1.04756
1.0479
1.07025
1.11421
1.1469
1.1714
1.1944
1.20618
1.19754
1.17382
1.14449
1.10873
1.07125
1.03542
0.999693
0.949874
0.999689
5.32948
43.0566
0.803372
0.874719
0.921911
0.936261
0.932648
0.917199
0.883667
0.845225
0.825864
0.829373
0.870076
0.904981
0.911373
0.909585
0.891833
0.836888
0.7941
0.780465
0.7825
0.807854
0.886393
0.953837
0.991467
1.015
1.0241
1.01451
0.985103
0.957305
0.935376
0.917247
0.900406
0.882415
0.872154
0.875971
0.895985
0.933693
0.985512
1.04117
1.06269
1.06133
1.04925
1.03896
1.03338
1.02877
1.02899
1.02796
1.01673
0.990133
0.959878
0.940768
0.936618
0.94108
0.957568
1.03316
1.11316
1.13774
1.14125
1.13731
1.12983
1.11574
1.09731
1.07514
1.04344
1.01198
0.99652
0.993673
0.995871
1.0041
1.03756
1.11273
1.16855
1.18678
1.19586
1.19651
1.17753
1.14405
1.11464
1.09164
1.0713
1.05162
1.03771
1.03029
1.03228
1.06069
1.11789
1.15941
1.18113
1.19384
1.18894
1.17432
1.15489
1.12677
1.09694
1.06658
1.03482
0.979551
0.957889
5.23744
42.9259
0.791742
0.801456
0.82443
0.864483
0.898464
0.91328
0.910411
0.90123
0.89605
0.907075
0.922165
0.922231
0.918015
0.908015
0.871392
0.823647
0.794574
0.783193
0.782001
0.785696
0.804583
0.894843
0.992767
1.02493
1.03192
1.02635
1.00507
0.965264
0.935081
0.92138
0.913096
0.909538
0.912498
0.923072
0.936197
0.940594
0.934131
0.934057
0.961331
1.00217
1.03024
1.05028
1.07164
1.08754
1.09475
1.09193
1.06696
1.01152
0.962454
0.939644
0.934965
0.938196
0.944461
0.978017
1.06125
1.11064
1.12146
1.12306
1.12376
1.12105
1.11729
1.10774
1.08701
1.05501
1.02911
1.01551
1.00825
1.00137
0.999471
1.03134
1.11032
1.16755
1.19087
1.20242
1.19173
1.17274
1.15042
1.12549
1.0991
1.07112
1.04723
1.03299
1.02669
1.02951
1.06041
1.11505
1.14613
1.16022
1.16248
1.15708
1.14852
1.13327
1.11111
1.08622
1.05993
1.01191
0.962229
5.12095
42.8853
0.790408
0.786943
0.771697
0.77595
0.809147
0.865142
0.899746
0.918423
0.951819
0.981308
0.983228
0.968917
0.945458
0.90917
0.859171
0.820563
0.799362
0.790938
0.791969
0.800771
0.824117
0.860295
0.928824
0.986516
1.00133
0.993792
0.979018
0.964813
0.95323
0.945449
0.94738
0.958581
0.970926
0.975183
0.966921
0.936352
0.892544
0.874955
0.878739
0.91325
0.988251
1.05609
1.1018
1.12985
1.14078
1.14227
1.11655
1.04201
0.975644
0.947344
0.941385
0.942792
0.946144
0.963097
1.01191
1.06969
1.09983
1.11293
1.12297
1.13034
1.12564
1.11872
1.1107
1.09439
1.06861
1.03996
1.01246
0.995002
0.98902
0.994764
1.03702
1.1186
1.16936
1.19187
1.20064
1.191
1.17653
1.15964
1.13776
1.1092
1.07591
1.04884
1.03209
1.02337
1.02381
1.05475
1.10307
1.13101
1.14367
1.14665
1.14563
1.1368
1.11622
1.09277
1.06755
1.02527
0.976884
5.05906
43.0235
0.794362
0.787994
0.760707
0.743303
0.746298
0.770028
0.826487
0.897395
0.963002
1.0117
1.02482
1.02006
0.989527
0.925159
0.86441
0.827096
0.810537
0.807566
0.813897
0.834223
0.856989
0.866879
0.870856
0.884403
0.91566
0.946401
0.964344
0.975386
0.982978
0.991029
1.00499
1.0168
1.01998
1.01122
0.977287
0.913689
0.871953
0.859924
0.861071
0.867667
0.914163
1.03248
1.11571
1.14364
1.15297
1.15419
1.13319
1.06834
0.997173
0.964227
0.956101
0.956393
0.959206
0.966464
0.989225
1.0268
1.06941
1.0973
1.11265
1.12389
1.12333
1.11742
1.11217
1.10654
1.09399
1.06453
1.02524
0.998295
0.989134
0.989211
1.00195
1.05849
1.13964
1.18373
1.20161
1.19875
1.18731
1.17633
1.16457
1.14688
1.1127
1.06384
1.02684
1.01417
1.01472
1.02622
1.07039
1.11839
1.14079
1.14379
1.13947
1.13004
1.11149
1.08282
1.05479
1.02506
1.0112
5.00421
43.3413
0.800048
0.787879
0.763253
0.746875
0.742156
0.744264
0.753727
0.798109
0.907814
0.994653
1.02289
1.02993
1.02866
0.981009
0.89317
0.846286
0.832547
0.834068
0.848631
0.86941
0.878837
0.873146
0.83984
0.818862
0.826076
0.87269
0.935246
0.977761
1.01365
1.04716
1.06301
1.06345
1.05305
1.02022
0.955154
0.900581
0.871319
0.862097
0.86286
0.869957
0.898787
0.989552
1.10257
1.14202
1.14943
1.13817
1.10801
1.06403
1.02029
0.991222
0.980471
0.978696
0.979666
0.982037
0.99107
1.00974
1.03717
1.07167
1.09508
1.10564
1.10978
1.10761
1.10541
1.1029
1.09716
1.07601
1.03709
1.00831
0.995953
0.994228
1.0024
1.02837
1.0911
1.15641
1.18583
1.19334
1.18344
1.17353
1.16817
1.16047
1.13776
1.07966
1.03625
1.02227
1.02104
1.02882
1.05769
1.11201
1.13874
1.13764
1.12013
1.09722
1.07465
1.05294
1.03746
1.02431
1.06235
4.93842
43.707
0.811144
0.796562
0.778424
0.757514
0.748044
0.74696
0.750131
0.755085
0.797526
0.922922
1.00206
1.01924
1.01637
0.993087
0.941921
0.893628
0.876097
0.877586
0.888733
0.896338
0.893337
0.858222
0.81243
0.794824
0.794228
0.803967
0.85712
0.955441
1.04262
1.09179
1.1065
1.1063
1.08285
1.01456
0.942843
0.902118
0.882409
0.8773
0.885273
0.914207
0.944748
0.971111
1.02566
1.08106
1.0976
1.09676
1.09215
1.07475
1.04592
1.02081
1.00566
1.0003
1.00011
1.00275
1.00769
1.01182
1.01643
1.03201
1.06612
1.09047
1.10026
1.10328
1.1026
1.09905
1.08942
1.06504
1.03603
1.01648
1.00735
1.00756
1.02656
1.05865
1.08083
1.10662
1.14302
1.15954
1.15767
1.14298
1.13254
1.12624
1.12142
1.10379
1.06668
1.05139
1.05706
1.07104
1.08186
1.09721
1.11495
1.11046
1.08643
1.06124
1.04532
1.03573
1.03848
1.03349
1.10071
4.87632
43.9192
0.837009
0.809743
0.78621
0.763289
0.752714
0.750531
0.752789
0.7592
0.774364
0.813547
0.901429
0.963218
0.981868
0.986109
0.990993
0.980611
0.952284
0.932911
0.924245
0.913127
0.879583
0.833316
0.804361
0.79322
0.791967
0.795726
0.806712
0.897677
1.04783
1.1016
1.11458
1.11439
1.07803
1.00757
0.950973
0.918537
0.909028
0.916028
0.940421
0.963287
0.970932
0.96653
0.957861
0.974693
1.02842
1.06797
1.0812
1.08424
1.07912
1.05823
1.03516
1.02273
1.01941
1.01965
1.01614
1.00484
1.00027
1.00608
1.03051
1.07599
1.1005
1.1071
1.10621
1.09805
1.08113
1.05871
1.03718
1.02688
1.02849
1.04765
1.07183
1.08262
1.07979
1.07566
1.07152
1.08199
1.09563
1.10039
1.10013
1.10034
1.1141
1.12991
1.12892
1.11138
1.10156
1.09747
1.09168
1.07986
1.0674
1.05915
1.04519
1.02849
1.01927
1.02949
1.04923
1.05096
1.13988
4.87304
43.8424
0.87882
0.818996
0.786934
0.768276
0.762422
0.762519
0.766984
0.778311
0.784344
0.788718
0.796053
0.835377
0.914375
0.980455
1.02094
1.04369
1.04115
1.00564
0.962274
0.914841
0.858875
0.815413
0.796084
0.791596
0.793263
0.797494
0.816511
0.880311
0.992734
1.07388
1.09538
1.08844
1.05126
1.01189
0.981282
0.961803
0.959006
0.96895
0.979416
0.98356
0.973917
0.941303
0.916466
0.91357
0.937873
1.00717
1.06202
1.08606
1.09578
1.09619
1.07802
1.05282
1.03634
1.02567
1.01112
0.997263
0.991043
0.993675
1.00356
1.04577
1.09167
1.10538
1.10431
1.09404
1.07872
1.06296
1.05461
1.06018
1.08047
1.09538
1.0957
1.09058
1.07635
1.04278
1.01166
1.00317
1.02714
1.06084
1.08022
1.09938
1.13363
1.16908
1.1845
1.16771
1.13596
1.10991
1.08739
1.05968
1.02861
1.00756
0.998591
0.997554
1.00557
1.04101
1.0755
1.07867
1.18611
4.87785
43.77
0.937758
0.870285
0.809661
0.784848
0.78084
0.782731
0.789139
0.795724
0.796716
0.782673
0.761044
0.758778
0.788422
0.90259
1.02142
1.07715
1.09868
1.09615
1.04064
0.941027
0.856483
0.809996
0.793957
0.792474
0.795532
0.813571
0.857575
0.891958
0.921264
0.980735
1.02918
1.04121
1.03579
1.03246
1.0279
1.02554
1.02237
1.01459
1.00381
0.985881
0.949246
0.914376
0.899723
0.898078
0.902082
0.92989
1.01533
1.07908
1.09819
1.10418
1.1054
1.08898
1.05465
1.02691
1.01148
1.00039
0.993823
0.994857
0.999438
1.01144
1.05265
1.08021
1.08567
1.08213
1.08324
1.08834
1.10279
1.12154
1.12945
1.12308
1.10891
1.08317
1.05057
1.00987
0.97333
0.957404
0.964912
1.00831
1.0623
1.11468
1.16918
1.21132
1.2255
1.21122
1.16865
1.12102
1.07827
1.03946
1.00756
0.979846
0.965748
0.973138
1.01133
1.07172
1.11391
1.12328
1.23128
4.90036
43.7762
0.960383
0.945213
0.87136
0.822058
0.805743
0.803771
0.806153
0.807868
0.806376
0.782941
0.756193
0.751291
0.755721
0.792689
0.956382
1.08326
1.11261
1.12098
1.1083
1.00127
0.873816
0.816241
0.800229
0.799395
0.808877
0.845879
0.885732
0.901183
0.906576
0.907979
0.917499
0.957064
1.00675
1.04118
1.07028
1.08911
1.08909
1.06545
1.02424
0.971026
0.922065
0.897118
0.890778
0.892084
0.895579
0.904108
0.953029
1.04179
1.08723
1.09936
1.10364
1.10213
1.08692
1.05356
1.02697
1.01378
1.00785
1.00622
1.00115
0.992626
0.994514
1.02991
1.06048
1.07615
1.10163
1.13793
1.16037
1.16488
1.15538
1.13717
1.10934
1.07808
1.041
0.996934
0.96069
0.943691
0.938224
0.950624
1.0091
1.10468
1.18801
1.22774
1.24003
1.23401
1.1996
1.13893
1.08239
1.03935
1.00775
0.988628
0.981669
0.985906
1.01027
1.0819
1.13093
1.13502
1.24621
4.96993
43.8437
0.959663
0.972153
0.95428
0.894698
0.847975
0.829432
0.822076
0.813816
0.795435
0.775126
0.761496
0.755767
0.758061
0.768297
0.861202
1.04867
1.11352
1.1236
1.11695
1.04468
0.915678
0.843132
0.822091
0.820343
0.834381
0.871957
0.898936
0.906407
0.901758
0.872519
0.854309
0.863234
0.926857
1.02595
1.09268
1.12801
1.13772
1.12465
1.05697
0.971259
0.91853
0.89696
0.891875
0.893144
0.899708
0.918776
0.943196
0.978743
1.03385
1.07195
1.0891
1.09912
1.10833
1.10339
1.07625
1.05076
1.03207
1.01216
0.984626
0.963373
0.957954
0.971238
1.02234
1.0886
1.14313
1.17506
1.18688
1.18683
1.1712
1.1387
1.11011
1.08783
1.05925
1.01543
0.970681
0.947048
0.940571
0.945868
0.96803
1.04303
1.16313
1.22312
1.23247
1.21063
1.16762
1.1399
1.11022
1.07135
1.04092
1.02222
1.00844
1.00165
1.00505
1.03537
1.09679
1.09595
1.21405
5.111
43.956
0.953402
0.97874
0.980588
0.968339
0.917917
0.869284
0.838282
0.812515
0.790882
0.778143
0.770966
0.767875
0.770348
0.786829
0.837287
0.954516
1.06545
1.09478
1.08898
1.04261
0.960108
0.889362
0.859785
0.854762
0.868143
0.897309
0.912213
0.914172
0.898029
0.855339
0.836497
0.836417
0.850321
0.953054
1.08528
1.12891
1.13996
1.14025
1.09287
0.991701
0.929648
0.908616
0.905009
0.907678
0.918842
0.934449
0.942038
0.945292
0.959372
1.00945
1.06939
1.10681
1.12755
1.13965
1.13811
1.11185
1.06327
1.00363
0.959033
0.942329
0.939955
0.945022
0.978031
1.07157
1.15102
1.1799
1.18983
1.18161
1.1521
1.13143
1.12273
1.11419
1.09825
1.05961
1.00825
0.974406
0.961769
0.96075
0.968058
0.988745
1.0645
1.15537
1.18463
1.17695
1.15485
1.13882
1.12791
1.12305
1.09992
1.06947
1.0452
1.02191
1.00743
1.00386
1.01932
1.0323
1.16817
5.2885
44.0904
0.910308
0.976668
0.983596
0.985326
0.974424
0.925745
0.8628
0.819319
0.797023
0.787248
0.784589
0.786392
0.798448
0.827933
0.853027
0.881886
0.954427
1.02155
1.03947
1.03143
1.0022
0.953302
0.916167
0.903186
0.909171
0.922492
0.925471
0.920864
0.889868
0.850406
0.83583
0.836739
0.84332
0.885987
1.02481
1.10999
1.12711
1.12643
1.08732
1.01917
0.965217
0.939493
0.930525
0.929177
0.933772
0.940549
0.942126
0.931597
0.928878
0.941085
0.999055
1.08706
1.13851
1.1579
1.16568
1.15958
1.10833
1.01481
0.95502
0.939471
0.939749
0.956451
1.01228
1.06601
1.10667
1.13748
1.14799
1.14337
1.1375
1.13502
1.13539
1.1369
1.13453
1.10589
1.05553
1.01488
0.992157
0.983986
0.987196
0.995188
1.0086
1.05949
1.1184
1.13861
1.1344
1.12641
1.13567
1.14782
1.14543
1.11724
1.08462
1.05281
1.02101
0.993133
0.964333
0.933231
1.1002
5.41982
44.2038
0.831176
0.939406
0.972499
0.979946
0.975682
0.955199
0.901708
0.845042
0.814494
0.804148
0.803034
0.809156
0.834351
0.862711
0.872069
0.874015
0.875944
0.891948
0.947121
0.99268
1.00481
0.999972
0.980743
0.962459
0.954034
0.947218
0.938321
0.92178
0.890498
0.86181
0.851074
0.852705
0.86
0.87699
0.939423
1.04221
1.0897
1.09845
1.08433
1.04922
1.01023
0.980733
0.96311
0.955276
0.95378
0.954269
0.946565
0.930181
0.925475
0.929607
0.943938
1.02458
1.12404
1.156
1.16144
1.15393
1.11387
1.04075
0.984177
0.96454
0.968908
1.00569
1.04692
1.06212
1.06694
1.06991
1.0778
1.09673
1.12041
1.13757
1.14682
1.15239
1.14898
1.12372
1.08781
1.05486
1.02942
1.0139
1.00814
1.00707
1.00349
1.0154
1.05081
1.08772
1.10653
1.11914
1.13684
1.14971
1.15254
1.13556
1.11144
1.07569
1.03007
0.989584
0.955221
0.918586
1.01013
5.42076
44.3867
0.7924
0.831882
0.903386
0.942082
0.949462
0.94723
0.936039
0.894939
0.849401
0.829144
0.826365
0.838314
0.86837
0.886739
0.889585
0.876068
0.837023
0.816909
0.831839
0.908094
0.979281
1.00749
1.0236
1.03127
1.01873
0.992958
0.965281
0.933359
0.90132
0.882062
0.874606
0.874158
0.878403
0.887481
0.905206
0.947307
1.00907
1.04669
1.0585
1.05498
1.04081
1.0233
1.00779
0.995562
0.986684
0.975926
0.956858
0.940318
0.936459
0.941328
0.949881
0.977079
1.05973
1.11845
1.13079
1.12103
1.09455
1.06174
1.0333
1.02045
1.02898
1.05511
1.06734
1.06464
1.04938
1.03333
1.02938
1.04583
1.09506
1.13262
1.14704
1.15423
1.14577
1.12147
1.09213
1.07101
1.05447
1.04125
1.03559
1.02914
1.01867
1.01141
1.01745
1.04058
1.07294
1.10841
1.13583
1.14554
1.1449
1.12392
1.09449
1.06726
1.03895
1.0058
0.971086
0.933665
0.994941
5.25591
44.6762
0.788869
0.780711
0.792872
0.858091
0.916532
0.936985
0.940125
0.931233
0.898363
0.871221
0.865647
0.878295
0.896436
0.902973
0.901949
0.878197
0.821081
0.793626
0.791255
0.805869
0.884904
0.984515
1.02986
1.046
1.05197
1.04682
1.01294
0.963607
0.929202
0.912148
0.904107
0.900411
0.899709
0.902831
0.907025
0.908852
0.915442
0.954288
1.00851
1.03648
1.04068
1.04341
1.04629
1.04486
1.03571
1.01567
0.987991
0.966769
0.95798
0.957209
0.960394
0.96763
0.992271
1.04211
1.07571
1.08417
1.08283
1.07788
1.07522
1.07625
1.0816
1.08461
1.08121
1.06683
1.04014
1.02283
1.01726
1.02334
1.06023
1.10985
1.13316
1.14111
1.1264
1.10049
1.08276
1.07234
1.0656
1.06577
1.06916
1.06138
1.04728
1.0296
1.01665
1.01679
1.04443
1.0921
1.12654
1.13466
1.13061
1.10598
1.07588
1.05655
1.04045
1.02259
1.00481
0.979436
1.04476
4.99109
44.8978
0.78853
0.761226
0.751953
0.760281
0.819262
0.892894
0.924034
0.930373
0.935162
0.934794
0.927891
0.923752
0.921094
0.917023
0.903623
0.860785
0.816952
0.794268
0.790287
0.793786
0.807201
0.893327
1.00556
1.04448
1.05373
1.05688
1.04938
1.01552
0.976771
0.951951
0.937869
0.929411
0.924033
0.919717
0.910537
0.892405
0.878927
0.881447
0.917152
0.986004
1.02938
1.04845
1.06464
1.07635
1.08097
1.06853
1.03278
0.997355
0.977334
0.969133
0.96571
0.962107
0.962813
0.974307
1.00779
1.04412
1.06898
1.08462
1.09638
1.11453
1.11857
1.10554
1.09058
1.0739
1.05148
1.03179
1.02321
1.02666
1.03739
1.06358
1.09292
1.10575
1.09887
1.0854
1.07839
1.07624
1.07646
1.09075
1.09821
1.09453
1.08376
1.05653
1.02678
1.01885
1.02512
1.05711
1.09989
1.11056
1.10208
1.08118
1.0647
1.05
1.04137
1.03916
1.03726
1.00813
1.10839
4.78957
44.9431
0.789139
0.757971
0.740956
0.737485
0.743265
0.789527
0.870196
0.923201
0.955568
0.984089
0.994623
0.985027
0.961456
0.934132
0.893444
0.846946
0.816547
0.801484
0.795753
0.796968
0.802138
0.824029
0.919665
1.01701
1.04758
1.05551
1.05979
1.05329
1.02557
0.995885
0.975499
0.961923
0.952002
0.941518
0.920934
0.888653
0.866878
0.861518
0.864519
0.89588
0.97831
1.04411
1.07639
1.09455
1.10344
1.1011
1.07523
1.03469
1.00278
0.983613
0.972547
0.965349
0.960069
0.959552
0.963286
0.984612
1.02341
1.06234
1.09875
1.1243
1.13312
1.12925
1.11321
1.0933
1.07395
1.05405
1.03705
1.02537
1.01887
1.02035
1.03323
1.05759
1.07569
1.08057
1.08332
1.08574
1.09834
1.1142
1.12454
1.12645
1.11914
1.08948
1.04018
1.01363
1.00547
1.00935
1.03681
1.06967
1.07855
1.07577
1.06987
1.06626
1.06526
1.0669
1.0652
1.03163
1.08077
4.76964
44.8514
0.779886
0.752183
0.740548
0.735716
0.736632
0.741375
0.770185
0.858207
0.955793
1.01198
1.03577
1.04085
1.02239
0.964826
0.894198
0.845082
0.820186
0.810416
0.807104
0.807148
0.811348
0.819987
0.849114
0.942658
1.02789
1.05594
1.06353
1.05853
1.04307
1.0282
1.01208
0.996986
0.983406
0.967059
0.938094
0.8969
0.868294
0.859971
0.860704
0.866532
0.905907
1.00867
1.07789
1.09898
1.10766
1.10428
1.08441
1.06058
1.0325
1.00809
0.992758
0.983146
0.973015
0.961089
0.954079
0.957784
0.969761
1.00098
1.05809
1.10899
1.13412
1.14299
1.14213
1.13151
1.10948
1.07854
1.04536
1.01687
0.997518
0.98902
0.990991
1.00246
1.03361
1.06597
1.08212
1.0959
1.12238
1.14627
1.1583
1.15826
1.14981
1.12101
1.05838
1.00882
0.979455
0.965973
0.969331
1.00498
1.05916
1.09504
1.1124
1.11622
1.11663
1.11608
1.1047
1.02666
0.985942
4.82651
44.5852
0.777124
0.750566
0.742783
0.738309
0.738396
0.741181
0.745841
0.777136
0.911864
1.01584
1.04027
1.04648
1.04324
0.998561
0.912293
0.855889
0.832615
0.825171
0.823184
0.822794
0.824172
0.828402
0.846277
0.891502
0.968798
1.02798
1.04912
1.05167
1.03985
1.0291
1.02659
1.02389
1.01694
1.00187
0.967389
0.915608
0.878366
0.866259
0.865461
0.868415
0.885401
0.954145
1.04978
1.08758
1.09747
1.09172
1.0682
1.05266
1.04718
1.04132
1.03213
1.01837
0.997348
0.975186
0.960014
0.950219
0.948668
0.954667
0.983404
1.0621
1.12752
1.15218
1.16
1.15939
1.14626
1.10723
1.05211
1.01497
0.996983
0.986074
0.977462
0.974101
0.98024
1.01399
1.05964
1.09696
1.14188
1.17943
1.19487
1.1933
1.17879
1.14874
1.07819
1.00053
0.956257
0.939519
0.937604
0.950711
1.02624
1.11847
1.15465
1.15707
1.14978
1.14224
1.1134
1.02171
0.954051
4.81243
44.488
0.78325
0.754679
0.747567
0.743845
0.743633
0.745913
0.749716
0.769063
0.846563
0.973618
1.02605
1.03632
1.0307
1.00071
0.941628
0.882403
0.852781
0.841799
0.838237
0.837563
0.839329
0.85339
0.881795
0.904958
0.924344
0.959357
0.996136
1.01629
1.02315
1.02512
1.02911
1.03312
1.03481
1.03045
1.00309
0.944283
0.898206
0.881775
0.879204
0.883737
0.905542
0.94551
0.994312
1.0417
1.06139
1.05974
1.04998
1.04756
1.05227
1.06479
1.0702
1.06519
1.03859
0.998826
0.966799
0.950475
0.946317
0.948176
0.953018
0.998464
1.09781
1.14604
1.15509
1.15499
1.15147
1.13469
1.08053
1.03099
1.00684
0.992977
0.982514
0.977636
0.974834
0.975115
1.00469
1.07356
1.14256
1.18957
1.21012
1.21628
1.20811
1.17756
1.09921
1.00234
0.950041
0.932444
0.928863
0.942416
1.01795
1.12243
1.15741
1.16028
1.1525
1.14282
1.10884
1.02464
1.01861
4.68597
44.5098
0.806338
0.764311
0.754652
0.750388
0.750505
0.753394
0.767214
0.801013
0.838962
0.893395
0.966029
1.00032
1.00514
0.992264
0.96093
0.916128
0.878275
0.858897
0.852436
0.852278
0.861772
0.894354
0.921389
0.929713
0.929241
0.921036
0.920884
0.949292
0.996119
1.02249
1.02925
1.03212
1.03404
1.03508
1.02223
0.97415
0.928891
0.909442
0.905031
0.913798
0.940349
0.958427
0.966536
0.97948
0.998193
1.01434
1.0279
1.04202
1.06189
1.07978
1.09028
1.09527
1.08622
1.04048
0.985476
0.956758
0.949789
0.950491
0.956169
0.977696
1.03649
1.10546
1.1316
1.13549
1.13276
1.12653
1.10902
1.07532
1.04607
1.02424
1.00391
0.985642
0.972503
0.966175
0.968415
1.01301
1.11788
1.18744
1.21044
1.2161
1.19732
1.15289
1.08569
1.01859
0.974963
0.960181
0.962578
0.984171
1.03708
1.09548
1.12088
1.12111
1.11322
1.10218
1.08081
1.03533
1.09971
4.60829
44.8285
0.848606
0.781856
0.763906
0.759009
0.759771
0.769966
0.804089
0.835367
0.846296
0.852617
0.873098
0.918111
0.951736
0.962657
0.960864
0.947531
0.914817
0.883926
0.871821
0.873487
0.899011
0.935433
0.95104
0.953211
0.936022
0.903295
0.894141
0.898629
0.932507
0.990575
1.01855
1.02566
1.02945
1.03041
1.0126
0.984681
0.961931
0.947401
0.944324
0.956903
0.971012
0.973389
0.964919
0.945333
0.939886
0.95504
0.992544
1.03449
1.06669
1.08855
1.10072
1.10749
1.10847
1.08205
1.02275
0.9816
0.968271
0.967316
0.973479
0.979968
0.987685
1.02179
1.07666
1.10736
1.11859
1.12552
1.13276
1.12771
1.10573
1.07322
1.0312
0.989495
0.967931
0.961595
0.964237
0.98351
1.05336
1.14726
1.18864
1.19576
1.18139
1.14079
1.08863
1.0483
1.0229
1.01434
1.01767
1.02272
1.03769
1.05958
1.06962
1.07215
1.06833
1.06271
1.05811
1.03898
1.13722
4.66746
45.1585
0.903861
0.82874
0.789854
0.779995
0.783823
0.808704
0.842162
0.856207
0.857415
0.846162
0.831708
0.830579
0.861768
0.915886
0.945071
0.9497
0.939491
0.917709
0.906242
0.915537
0.944448
0.961818
0.965561
0.956847
0.923107
0.899059
0.892512
0.893273
0.899058
0.93249
0.987152
1.01242
1.01958
1.01726
1.00299
0.992885
0.98828
0.987211
0.993939
1.00084
0.999302
0.990407
0.962631
0.928094
0.915609
0.917752
0.940409
1.00358
1.06316
1.09248
1.10634
1.11309
1.11535
1.1029
1.0649
1.02267
0.998237
0.988163
0.984726
0.980089
0.966705
0.964256
0.988683
1.05063
1.10093
1.13242
1.15544
1.16393
1.1579
1.13508
1.08357
1.01833
0.980702
0.970398
0.973669
0.990785
1.0123
1.06425
1.13145
1.15865
1.15397
1.12518
1.09492
1.07402
1.06401
1.0663
1.06228
1.05376
1.04334
1.0389
1.04288
1.04732
1.04672
1.05392
1.06149
1.04938
1.14711
4.72769
45.2339
0.922915
0.892766
0.84611
0.828734
0.833993
0.851213
0.862359
0.865383
0.860494
0.839279
0.813844
0.800708
0.801061
0.827643
0.888958
0.925743
0.933922
0.938908
0.957621
0.977791
0.98471
0.981628
0.967846
0.935789
0.905447
0.892994
0.890739
0.89238
0.89567
0.903123
0.932716
0.975165
0.997067
1.00328
1.0032
1.0048
1.00939
1.02337
1.03332
1.03208
1.02426
1.00701
0.965629
0.9251
0.912306
0.913469
0.918364
0.954026
1.03988
1.09213
1.10818
1.1154
1.11814
1.11062
1.0923
1.06487
1.03688
1.01655
1.00043
0.979305
0.954772
0.944696
0.94609
0.967314
1.04334
1.12697
1.1651
1.17625
1.17728
1.16659
1.13156
1.06782
1.01866
0.998338
0.998034
1.00937
1.01541
1.01993
1.04353
1.08699
1.10508
1.1003
1.09167
1.08508
1.09087
1.09297
1.08547
1.07404
1.05153
1.03535
1.03545
1.04219
1.04982
1.06481
1.07347
1.0597
1.15245
4.71535
45.1544
0.914057
0.921453
0.923802
0.912847
0.89821
0.884497
0.871876
0.85502
0.83852
0.824742
0.809703
0.794742
0.786714
0.786596
0.803017
0.857018
0.911397
0.958457
1.00808
1.03203
1.03583
1.01772
0.974104
0.92636
0.898637
0.890296
0.88994
0.89248
0.896506
0.899991
0.903719
0.919238
0.954178
0.98463
1.00279
1.01532
1.03454
1.0507
1.05571
1.05224
1.04074
1.01546
0.972227
0.934445
0.918609
0.917256
0.920169
0.929712
0.993399
1.07806
1.10878
1.11823
1.1221
1.11423
1.10201
1.08743
1.06794
1.04621
1.02029
0.985049
0.954364
0.942508
0.942735
0.94769
0.981565
1.08873
1.1572
1.17098
1.17191
1.15841
1.12615
1.09267
1.06304
1.04218
1.03561
1.03383
1.02548
1.01576
1.00916
1.01494
1.04566
1.06801
1.07749
1.08893
1.1037
1.1071
1.10196
1.09286
1.06748
1.04275
1.03587
1.03805
1.0428
1.06168
1.0713
1.05546
1.14554
4.72358
44.9999
0.897392
0.95012
0.978426
0.98813
0.977535
0.93544
0.887794
0.852801
0.831795
0.819292
0.809481
0.796823
0.785816
0.782488
0.783552
0.791558
0.844073
0.95242
1.02039
1.04288
1.04979
1.04398
0.997195
0.930118
0.89988
0.89187
0.891641
0.893911
0.896901
0.898281
0.896452
0.89771
0.907443
0.940685
0.985005
1.02186
1.05018
1.06676
1.0726
1.07351
1.06142
1.02862
0.985514
0.949629
0.929855
0.923724
0.924536
0.928385
0.961034
1.05206
1.10476
1.11711
1.11965
1.11102
1.09912
1.09314
1.08612
1.06933
1.04251
1.00123
0.963332
0.948026
0.946768
0.951416
0.980318
1.05636
1.12566
1.14856
1.15046
1.1322
1.10982
1.09855
1.09089
1.08412
1.07883
1.06663
1.04446
1.01855
0.998209
0.98594
0.988913
1.01731
1.05393
1.08655
1.10896
1.12099
1.12426
1.12018
1.09696
1.0646
1.04678
1.03802
1.02866
1.03323
1.04009
1.02285
1.11921
4.80774
45.0665
0.846561
0.956039
0.99165
1.00272
1.00733
0.993287
0.935282
0.868949
0.835925
0.822363
0.813825
0.802908
0.789446
0.782424
0.781815
0.784388
0.808046
0.904852
1.00444
1.03732
1.04753
1.04079
1.0003
0.950488
0.916043
0.901318
0.897033
0.895867
0.894768
0.895253
0.894872
0.893238
0.895404
0.903234
0.941205
1.00754
1.04958
1.0659
1.0708
1.07026
1.06701
1.0493
1.00543
0.962158
0.937554
0.928789
0.928367
0.935411
0.966345
1.02003
1.07424
1.09832
1.10282
1.09613
1.08959
1.09037
1.09171
1.0835
1.05643
1.01731
0.982427
0.966529
0.965819
0.979616
1.00578
1.0395
1.07885
1.10432
1.10968
1.10043
1.0946
1.09764
1.10204
1.11122
1.11013
1.0965
1.07387
1.03967
0.999204
0.972357
0.963471
0.97118
1.00919
1.06932
1.11557
1.14073
1.14801
1.14578
1.12934
1.09419
1.0594
1.03448
1.01661
0.997368
0.990283
0.977284
1.09186
4.94927
45.2591
0.793954
0.924324
0.987699
1.00203
1.00791
0.997301
0.957454
0.901376
0.860611
0.839211
0.825443
0.810177
0.795614
0.789193
0.788819
0.797816
0.835102
0.883549
0.938773
0.988386
1.01094
1.0112
0.998722
0.983389
0.952453
0.921209
0.902422
0.896179
0.895954
0.897309
0.900042
0.902068
0.90528
0.913407
0.922639
0.951639
1.01371
1.05111
1.06345
1.06968
1.07322
1.06771
1.02458
0.969399
0.944893
0.939005
0.942992
0.966348
0.99053
1.00486
1.02424
1.05417
1.07638
1.08684
1.09128
1.09301
1.09146
1.08413
1.06479
1.03372
1.00943
0.999898
1.00338
1.01565
1.02635
1.03316
1.04423
1.05836
1.06855
1.07367
1.07876
1.08855
1.10995
1.12581
1.12761
1.11959
1.10451
1.07134
1.01144
0.96812
0.955608
0.958131
0.973795
1.03839
1.12378
1.16098
1.16491
1.15918
1.14779
1.11746
1.07421
1.0358
1.00393
0.977737
0.959188
0.940841
1.07013
5.13831
45.5016
0.800864
0.867407
0.929789
0.962775
0.972483
0.968821
0.955929
0.938731
0.908838
0.875216
0.845685
0.822701
0.809092
0.803411
0.803595
0.824
0.862247
0.883615
0.892047
0.910535
0.939252
0.961548
0.97891
0.986599
0.987234
0.964965
0.932227
0.913
0.907037
0.90774
0.910866
0.913796
0.916505
0.917753
0.912249
0.9155
0.943391
1.01404
1.05723
1.06806
1.06937
1.05974
1.02795
0.987284
0.965112
0.962522
0.976826
0.997008
1.0051
1.00266
0.992605
0.99464
1.02185
1.06329
1.08414
1.08725
1.08368
1.08294
1.07742
1.05865
1.04139
1.0344
1.03415
1.03544
1.03532
1.03008
1.02105
1.01954
1.02954
1.04617
1.06303
1.08578
1.11672
1.13515
1.13946
1.13449
1.12394
1.09699
1.03419
0.983686
0.968975
0.974484
0.988034
1.01416
1.09106
1.15269
1.16235
1.15078
1.13275
1.11449
1.08561
1.05154
1.01841
0.990218
0.965813
0.935125
1.0253
5.35181
45.5055
0.826654
0.842644
0.851834
0.876017
0.906032
0.929174
0.941772
0.945545
0.943465
0.927607
0.890413
0.853395
0.832636
0.825001
0.82897
0.856871
0.882942
0.891194
0.889459
0.870402
0.858677
0.873557
0.925813
0.974498
0.990796
0.994908
0.981057
0.951836
0.932449
0.925162
0.925391
0.928403
0.928609
0.915075
0.90276
0.900103
0.905979
0.939644
1.01165
1.04736
1.05311
1.05217
1.03966
1.01484
1.00033
1.00114
1.01049
1.01633
1.01547
0.998396
0.970237
0.956315
0.95843
0.995556
1.04904
1.07325
1.08311
1.08781
1.09288
1.09583
1.08477
1.06636
1.05275
1.0431
1.03157
1.01431
1.00068
0.996588
1.00045
1.01492
1.0434
1.0834
1.12061
1.1409
1.14695
1.14453
1.13757
1.11443
1.06069
1.01842
1.0013
1.00204
1.01015
1.02018
1.04601
1.09797
1.11919
1.11216
1.10022
1.0941
1.08873
1.08276
1.06109
1.03543
1.00507
0.956404
0.964255
5.40543
45.3875
0.844713
0.841745
0.819759
0.810594
0.819673
0.853923
0.905592
0.93795
0.946407
0.945114
0.931034
0.901964
0.877123
0.867744
0.876542
0.894556
0.902941
0.902493
0.890353
0.848186
0.814637
0.812869
0.836871
0.91357
0.978248
1.00292
1.01222
1.00987
0.991826
0.968599
0.951926
0.93976
0.925003
0.908624
0.897602
0.893538
0.894476
0.899181
0.931208
0.997668
1.03316
1.04175
1.0427
1.04329
1.04707
1.04763
1.04188
1.03357
1.0204
0.993062
0.957024
0.931573
0.923588
0.929534
0.980813
1.04757
1.0795
1.09809
1.11909
1.13384
1.13408
1.10756
1.07329
1.04628
1.02112
0.999978
0.986013
0.97947
0.978663
0.984078
1.01255
1.07159
1.12063
1.14379
1.14976
1.14952
1.14149
1.109
1.07331
1.05059
1.03829
1.0337
1.03175
1.02965
1.02489
1.03571
1.06377
1.07568
1.08025
1.08835
1.09757
1.10571
1.10639
1.07862
1.03692
0.971356
0.908086
5.35316
45.3256
0.863889
0.841905
0.809294
0.787765
0.783029
0.788927
0.82061
0.883983
0.924667
0.935682
0.935879
0.937578
0.934358
0.936769
0.941885
0.935512
0.925289
0.914097
0.887423
0.83827
0.803993
0.792611
0.795622
0.82
0.909134
0.989607
1.0235
1.04139
1.04765
1.03789
1.00007
0.95546
0.923747
0.906592
0.897138
0.892336
0.890164
0.889945
0.893097
0.918724
0.976313
1.01645
1.04172
1.07027
1.08926
1.09155
1.07863
1.05687
1.03003
0.992785
0.949977
0.918719
0.9054
0.903278
0.911544
0.971078
1.05415
1.10755
1.14123
1.16126
1.16861
1.15462
1.10522
1.05478
1.02143
0.998626
0.981525
0.971269
0.967723
0.967869
0.983692
1.05137
1.12017
1.14639
1.15382
1.15432
1.13716
1.1055
1.08363
1.07182
1.06521
1.05888
1.04753
1.02795
1.00666
0.997591
1.01342
1.04218
1.06758
1.09359
1.11035
1.11757
1.11879
1.09409
1.05237
0.984768
0.922991
5.19842
45.4109
0.888092
0.850549
0.809771
0.788071
0.779849
0.779283
0.78247
0.79955
0.856854
0.911718
0.937403
0.952859
0.980881
1.00067
1.00415
0.988912
0.960381
0.929256
0.887533
0.840743
0.808011
0.794603
0.793971
0.79799
0.818927
0.915559
1.01089
1.05175
1.07226
1.07967
1.06688
1.0044
0.942039
0.911519
0.897497
0.889765
0.886384
0.885919
0.887403
0.891128
0.909553
0.964706
1.03104
1.07977
1.10819
1.12005
1.11938
1.10011
1.06128
1.00608
0.949977
0.913381
0.89956
0.897362
0.897777
0.909038
0.982403
1.09049
1.14779
1.16749
1.1755
1.1749
1.14778
1.08664
1.0366
1.00468
0.981589
0.968221
0.96334
0.96276
0.971483
1.02842
1.11225
1.14493
1.15496
1.15159
1.12757
1.1034
1.08881
1.08064
1.07723
1.07129
1.05721
1.02971
0.999759
0.984632
0.984039
1.00897
1.05583
1.09819
1.11726
1.12048
1.11769
1.10239
1.07087
1.01095
1.00346
4.94785
45.6007
0.915529
0.876883
0.829767
0.801732
0.786778
0.779912
0.77556
0.777295
0.787612
0.837804
0.906411
0.957375
0.999722
1.03322
1.04334
1.03998
1.01033
0.957487
0.903309
0.855326
0.821098
0.803262
0.797947
0.798757
0.801959
0.830298
0.951218
1.04852
1.0755
1.08315
1.08529
1.05523
0.980112
0.923899
0.900293
0.892264
0.889252
0.888322
0.889082
0.890965
0.895107
0.911814
0.980844
1.06791
1.11052
1.1231
1.12642
1.12618
1.10334
1.03905
0.967043
0.920559
0.901001
0.896785
0.897899
0.90888
0.935397
1.01229
1.11275
1.15902
1.17125
1.17074
1.15214
1.1219
1.07661
1.02763
0.988442
0.967712
0.96154
0.963842
0.983008
1.0243
1.08605
1.1303
1.14393
1.1349
1.11485
1.1004
1.08992
1.08139
1.08103
1.07576
1.06426
1.03882
1.00299
0.985461
0.982985
0.99402
1.03769
1.08371
1.10257
1.10385
1.09899
1.08802
1.06903
1.03197
1.09814
4.76156
45.6634
0.938783
0.925886
0.871788
0.823409
0.794159
0.780496
0.77718
0.77967
0.785405
0.793603
0.828469
0.911857
0.992328
1.0351
1.05051
1.05285
1.04942
1.00991
0.939726
0.881128
0.839702
0.815235
0.805627
0.805374
0.807486
0.815907
0.873978
0.996137
1.05962
1.07454
1.07895
1.06988
1.02835
0.964397
0.922384
0.904495
0.897547
0.895472
0.896599
0.898988
0.902674
0.912325
0.933149
1.00538
1.08541
1.11333
1.1183
1.119
1.11356
1.07934
1.01261
0.95205
0.919545
0.908946
0.90934
0.921046
0.940308
0.960878
1.01691
1.10157
1.14532
1.15501
1.15265
1.14376
1.11815
1.0645
1.00932
0.978616
0.969636
0.97812
1.00044
1.02143
1.04695
1.09089
1.11797
1.1189
1.11029
1.0981
1.08676
1.08008
1.08308
1.08006
1.07262
1.05297
1.01736
0.999191
0.99635
0.999867
1.02217
1.06564
1.08843
1.09188
1.09032
1.08453
1.07076
1.04124
1.12923
4.73615
45.7231
0.95328
0.955852
0.921086
0.855128
0.811851
0.794516
0.790844
0.793938
0.797178
0.796676
0.798057
0.82382
0.924865
1.01011
1.03919
1.05296
1.05991
1.05303
0.990661
0.913799
0.863387
0.836426
0.826244
0.825605
0.82719
0.832061
0.852621
0.907267
0.992352
1.04191
1.05873
1.06389
1.05243
1.01548
0.96598
0.930317
0.912196
0.905775
0.905735
0.908066
0.912125
0.919677
0.926907
0.942683
1.01054
1.08122
1.1043
1.10851
1.10569
1.0904
1.05783
1.00759
0.961398
0.937419
0.930817
0.937291
0.951811
0.960664
0.966919
1.0016
1.0792
1.12733
1.13974
1.13401
1.11693
1.0952
1.05662
1.01548
0.996186
0.999177
1.01237
1.0218
1.02933
1.03963
1.06858
1.09932
1.10471
1.09685
1.08609
1.08323
1.08461
1.08679
1.08607
1.07612
1.03895
1.0111
1.00171
1.00159
1.00994
1.05237
1.08472
1.08838
1.08648
1.08452
1.07448
1.03877
1.12978
4.75611
45.7531
0.955709
0.962092
0.954029
0.902885
0.848706
0.824945
0.816446
0.811188
0.80367
0.796018
0.792236
0.794297
0.828539
0.947154
1.03006
1.05311
1.05957
1.0602
1.0268
0.953562
0.897594
0.869353
0.856901
0.851952
0.850042
0.849904
0.856341
0.871424
0.901402
0.963543
1.01766
1.04244
1.04942
1.04305
1.01891
0.979591
0.947879
0.931668
0.926007
0.925716
0.927637
0.928232
0.927662
0.928455
0.941058
1.00805
1.06999
1.08956
1.09337
1.08686
1.07195
1.05208
1.01924
0.987333
0.971234
0.968498
0.969868
0.966087
0.964593
0.967495
0.989167
1.05686
1.10165
1.1111
1.10642
1.10246
1.09499
1.07223
1.04542
1.03318
1.03062
1.02749
1.01825
1.01034
1.01457
1.047
1.07896
1.08643
1.08818
1.09214
1.09445
1.09871
1.10583
1.10908
1.06973
1.02008
0.994504
0.987934
0.991139
1.02319
1.07129
1.08802
1.08421
1.08583
1.08325
1.04189
1.11985
4.79064
45.7796
0.950369
0.960654
0.962427
0.949995
0.898768
0.858762
0.837922
0.822245
0.806839
0.79493
0.791043
0.791891
0.797984
0.852458
0.979467
1.03747
1.04928
1.05295
1.04361
0.995967
0.940249
0.906518
0.887483
0.87612
0.869337
0.865441
0.863425
0.868235
0.877724
0.890244
0.935638
0.998114
1.03124
1.04046
1.03896
1.02772
1.00805
0.986445
0.966169
0.951602
0.941609
0.931577
0.922976
0.922022
0.926651
0.946446
1.00477
1.05508
1.07394
1.07901
1.0729
1.0617
1.05415
1.04116
1.02663
1.01238
0.994679
0.97786
0.968255
0.963714
0.961206
0.975171
1.03346
1.0782
1.09363
1.09736
1.09883
1.1043
1.1049
1.08425
1.061
1.04306
1.02476
1.00851
0.997302
0.996284
1.02301
1.05687
1.07854
1.09766
1.11113
1.12147
1.12946
1.1351
1.10526
1.04397
1.00421
0.983981
0.975836
0.979988
1.02226
1.06164
1.07857
1.08301
1.07637
1.03793
1.13069
4.82654
45.7655
0.942394
0.962733
0.969378
0.974801
0.952291
0.895205
0.852701
0.82494
0.804878
0.794813
0.793509
0.794936
0.797065
0.811695
0.898172
0.999159
1.03348
1.04322
1.04864
1.03244
0.984982
0.938898
0.90874
0.891198
0.881953
0.877473
0.874943
0.875527
0.876992
0.876315
0.879977
0.915981
0.983848
1.0256
1.04127
1.05138
1.05618
1.04768
1.01722
0.976703
0.947341
0.933957
0.928829
0.926382
0.927339
0.933056
0.94918
0.994346
1.03748
1.05808
1.06513
1.06499
1.06774
1.07156
1.07078
1.05573
1.03139
1.00776
0.985452
0.9657
0.952624
0.947551
0.962638
1.01757
1.06279
1.08358
1.09946
1.12173
1.13382
1.12475
1.09724
1.07126
1.04439
1.01638
0.993351
0.976682
0.976458
1.00709
1.05207
1.09112
1.12612
1.14959
1.14972
1.14713
1.12902
1.07573
1.02344
0.987478
0.968032
0.957916
0.96076
1.00079
1.04104
1.0615
1.06334
1.03435
1.1551
4.91071
45.7997
0.913737
0.965025
0.977704
0.981394
0.978405
0.941434
0.876461
0.82815
0.803513
0.79577
0.796728
0.7992
0.801218
0.807425
0.844441
0.925058
0.99685
1.03247
1.04824
1.04956
1.02132
0.973619
0.932164
0.906603
0.893522
0.887392
0.884824
0.885656
0.884592
0.872706
0.864148
0.868531
0.901141
0.976927
1.03753
1.0663
1.07526
1.07659
1.06826
1.03293
0.982547
0.950962
0.937473
0.93169
0.929506
0.93166
0.938148
0.95026
0.982345
1.02161
1.04873
1.06473
1.07434
1.08043
1.08456
1.08078
1.06729
1.04769
1.01561
0.97566
0.949155
0.941229
0.944171
0.960194
1.00739
1.05943
1.10193
1.12871
1.14077
1.1422
1.12657
1.10402
1.07491
1.03136
0.988942
0.965607
0.957857
0.961448
0.997574
1.06701
1.13107
1.16508
1.16661
1.15923
1.14693
1.11053
1.06114
1.01223
0.969448
0.941844
0.927967
0.927807
0.96106
1.01007
1.04555
1.04475
1.18491
5.09304
45.8852
0.860029
0.939645
0.963819
0.971451
0.975045
0.967543
0.914238
0.852039
0.81946
0.807643
0.806466
0.808115
0.809971
0.816355
0.837892
0.874266
0.933404
0.989249
1.01687
1.03118
1.02537
0.995293
0.962965
0.938146
0.922569
0.91362
0.908882
0.907853
0.905402
0.88709
0.867945
0.863004
0.867717
0.89614
0.978996
1.04241
1.0657
1.07261
1.07412
1.07044
1.03483
0.988786
0.963971
0.953221
0.948415
0.946856
0.946766
0.948037
0.954886
0.973299
1.00379
1.03461
1.05719
1.07061
1.07994
1.08308
1.07853
1.07167
1.05208
1.00587
0.968776
0.954142
0.95035
0.952076
0.963924
1.01047
1.07513
1.11549
1.13449
1.14386
1.1413
1.1308
1.11203
1.06692
1.01153
0.975248
0.958995
0.953444
0.955523
1.00292
1.0975
1.15147
1.1643
1.16117
1.15501
1.13301
1.10269
1.06455
1.00866
0.958344
0.93151
0.918721
0.920354
0.949231
1.00208
1.02623
1.17982
5.28802
46.1089
)
;

boundaryField
{
    back
    {
        type            empty;
    }
    outlet
    {
        type            zeroGradient;
    }
    top
    {
        type            zeroGradient;
    }
    inlet
    {
        type            fixedValue;
        value           uniform 1;
    }
    bottom
    {
        type            zeroGradient;
    }
    front
    {
        type            empty;
    }
}


// ************************************************************************* //
