/*--------------------------------*- C++ -*----------------------------------*\
  =========                 |
  \\      /  F ield         | OpenFOAM: The Open Source CFD Toolbox
   \\    /   O peration     | Website:  https://openfoam.org
    \\  /    A nd           | Version:  12
     \\/     M anipulation  |
\*---------------------------------------------------------------------------*/
FoamFile
{
    format      ascii;
    class       volScalarField;
    location    "19.4";
    object      rho;
}
// * * * * * * * * * * * * * * * * * * * * * * * * * * * * * * * * * * * * * //

dimensions      [1 -3 0 0 0 0 0];

internalField   nonuniform List<scalar> 
9801
(
1.1314
1.147
1.15951
1.16929
1.17449
1.17479
1.17061
1.17216
1.17687
1.1862
1.19889
1.20948
1.21696
1.22171
1.22286
1.2209
1.21964
1.22147
1.22914
1.24383
1.25915
1.27119
1.28014
1.28745
1.29117
1.28623
1.28006
1.27832
1.28031
1.28717
1.30668
1.32732
1.34084
1.35027
1.35774
1.36391
1.36055
1.35165
1.35014
1.35285
1.35705
1.36893
1.39311
1.41173
1.42351
1.43247
1.44024
1.44273
1.43235
1.42783
1.43053
1.43607
1.44478
1.46685
1.49205
1.50809
1.5195
1.52842
1.53611
1.52952
1.51508
1.51438
1.52121
1.53091
1.55326
1.58743
1.61175
1.62649
1.63822
1.64856
1.64845
1.62526
1.61534
1.62248
1.63495
1.66165
1.71055
1.74837
1.77005
1.78599
1.80056
1.80524
1.77624
1.75428
1.76233
1.78364
1.82681
1.90563
1.96918
2.00883
2.04085
2.072
2.07431
2.05123
2.04496
2.07553
2.16876
4.15202
14.6969
1.14099
1.14775
1.15477
1.16187
1.1685
1.17371
1.18114
1.18897
1.19596
1.20176
1.2079
1.21374
1.21703
1.21487
1.2131
1.21505
1.22019
1.23396
1.24978
1.26168
1.27123
1.27918
1.28537
1.2878
1.28025
1.27445
1.27534
1.27958
1.28661
1.30424
1.32605
1.34049
1.34996
1.35683
1.36218
1.36016
1.34867
1.34423
1.34671
1.35202
1.36074
1.38326
1.40871
1.42316
1.43185
1.43883
1.44411
1.43845
1.42557
1.42297
1.42715
1.43386
1.44596
1.47491
1.50179
1.51588
1.52556
1.5333
1.53849
1.52786
1.51363
1.51332
1.52024
1.52945
1.5517
1.58965
1.61559
1.63011
1.64124
1.65082
1.64885
1.6259
1.61585
1.62246
1.63412
1.65478
1.70148
1.74264
1.76651
1.78399
1.8
1.8073
1.77857
1.75356
1.75812
1.77745
1.80868
1.87522
1.94034
1.98438
2.01959
2.05312
2.05944
2.03539
2.02135
2.0355
2.04345
3.85754
14.6713
1.14145
1.13637
1.13564
1.1413
1.15577
1.1764
1.19415
1.20376
1.20866
1.21117
1.21049
1.20607
1.19839
1.19649
1.20032
1.20723
1.22166
1.24781
1.2655
1.27237
1.2764
1.27951
1.27952
1.26725
1.26047
1.26338
1.26915
1.27718
1.29221
1.31862
1.33705
1.34544
1.35072
1.35485
1.3512
1.33788
1.33249
1.33574
1.34163
1.34896
1.3635
1.39145
1.41438
1.42483
1.43061
1.4345
1.43136
1.41914
1.41214
1.41456
1.4211
1.42913
1.44524
1.47756
1.50208
1.51358
1.52061
1.52549
1.52508
1.5116
1.5008
1.50268
1.51098
1.52089
1.54335
1.58398
1.60959
1.62175
1.63096
1.63845
1.63618
1.61583
1.6046
1.60973
1.62104
1.63697
1.67982
1.72721
1.75235
1.76804
1.78192
1.78991
1.76869
1.73978
1.73745
1.75429
1.77743
1.82795
1.90243
1.95622
1.99237
2.02487
2.03535
2.01309
1.99939
2.01102
1.99748
3.66097
14.4603
1.1399
1.12184
1.12208
1.12688
1.14383
1.17813
1.20017
1.20923
1.21449
1.2188
1.21572
1.19449
1.18268
1.18439
1.18948
1.19926
1.2208
1.24961
1.26711
1.27427
1.27903
1.28018
1.26577
1.25122
1.25085
1.25597
1.26285
1.27323
1.29299
1.31866
1.33513
1.34136
1.34427
1.34207
1.33382
1.32573
1.32567
1.33111
1.33801
1.34625
1.36205
1.3889
1.40744
1.41463
1.41769
1.41862
1.41659
1.40867
1.40477
1.40913
1.41647
1.42406
1.4378
1.46662
1.48824
1.49765
1.50326
1.50788
1.5102
1.50083
1.49109
1.49371
1.50212
1.51128
1.52719
1.56218
1.58898
1.6018
1.61107
1.61947
1.6225
1.60608
1.5901
1.59264
1.60353
1.61639
1.64549
1.69389
1.72375
1.74001
1.75379
1.76651
1.75976
1.72882
1.71304
1.72308
1.74406
1.77455
1.8343
1.89349
1.93408
1.96848
1.99157
1.98137
1.96114
1.95412
1.91691
3.50863
14.2903
1.12907
1.11685
1.11874
1.1227
1.13543
1.17279
1.19946
1.20836
1.2134
1.21413
1.20065
1.18289
1.17855
1.18131
1.18571
1.1919
1.21036
1.24294
1.26022
1.26615
1.26809
1.26353
1.25458
1.24797
1.24821
1.25219
1.25789
1.26556
1.28264
1.30707
1.32067
1.32553
1.3269
1.3272
1.3265
1.32286
1.32155
1.32577
1.33196
1.33825
1.34688
1.36745
1.38583
1.39476
1.40036
1.40579
1.41025
1.40657
1.39986
1.40048
1.40524
1.41087
1.4176
1.4367
1.46384
1.47922
1.48777
1.49464
1.50112
1.49737
1.48394
1.48039
1.48549
1.49273
1.50173
1.52709
1.56104
1.58002
1.59164
1.60139
1.60975
1.60203
1.57952
1.57225
1.57963
1.5911
1.60851
1.65191
1.69431
1.71664
1.73175
1.74598
1.75156
1.72802
1.70134
1.69596
1.71039
1.73314
1.77411
1.8356
1.88673
1.92534
1.95889
1.97132
1.95518
1.93562
1.86914
3.41292
14.2041
1.12045
1.11717
1.11984
1.12403
1.13631
1.16609
1.18952
1.19835
1.20084
1.19614
1.18614
1.1794
1.179
1.18165
1.18591
1.19134
1.20154
1.2254
1.24367
1.25007
1.25115
1.2509
1.25052
1.24888
1.24849
1.2513
1.25584
1.26098
1.26653
1.28135
1.29906
1.30837
1.31402
1.31981
1.3255
1.3262
1.32182
1.32177
1.32431
1.32602
1.32871
1.33754
1.3599
1.3786
1.3902
1.39855
1.40527
1.40874
1.40051
1.39269
1.39108
1.393
1.39762
1.40806
1.43724
1.46326
1.47678
1.48538
1.49292
1.49645
1.48346
1.46984
1.46758
1.47243
1.48004
1.4964
1.53382
1.56222
1.577
1.58768
1.59748
1.60092
1.57988
1.56103
1.55927
1.56871
1.58161
1.6107
1.66204
1.69831
1.71851
1.734
1.74637
1.73598
1.70505
1.68771
1.68968
1.70613
1.73183
1.77943
1.8344
1.87797
1.91312
1.94275
1.94672
1.93499
1.86944
3.32953
14.193
1.11845
1.1201
1.12337
1.13035
1.14337
1.15851
1.17085
1.17842
1.18089
1.18087
1.18132
1.18169
1.18277
1.18529
1.18903
1.19346
1.19775
1.20569
1.2199
1.23027
1.2385
1.24524
1.25051
1.25284
1.2519
1.25303
1.25473
1.25367
1.25307
1.25678
1.27189
1.29187
1.30721
1.31735
1.32417
1.32911
1.32715
1.32104
1.3152
1.31134
1.31269
1.31749
1.33433
1.36454
1.38462
1.39523
1.40241
1.40849
1.40508
1.38831
1.37794
1.37799
1.38313
1.39096
1.41408
1.44803
1.46776
1.47837
1.48649
1.49374
1.48874
1.46573
1.45435
1.45668
1.46439
1.47659
1.50901
1.54796
1.569
1.58091
1.59064
1.59861
1.58742
1.55929
1.54796
1.55156
1.56322
1.5809
1.62379
1.6766
1.70806
1.72628
1.74136
1.7473
1.72369
1.69492
1.68506
1.69142
1.7093
1.73913
1.78883
1.83607
1.87172
1.90078
1.92079
1.92182
1.87992
3.28854
14.221
1.1155
1.12293
1.13114
1.14182
1.14937
1.15205
1.15434
1.15717
1.16213
1.16926
1.17679
1.18294
1.18723
1.19104
1.19376
1.19396
1.19221
1.19317
1.19899
1.21344
1.22984
1.24161
1.24952
1.25533
1.258
1.25632
1.25025
1.24345
1.24239
1.24517
1.25428
1.28049
1.30301
1.31517
1.32279
1.32906
1.33201
1.31955
1.30297
1.29973
1.30336
1.30917
1.32283
1.35606
1.38128
1.39246
1.39946
1.40537
1.40572
1.38551
1.36959
1.3699
1.37584
1.38428
1.40406
1.43922
1.46274
1.4739
1.48178
1.48856
1.48866
1.46709
1.45007
1.44917
1.45629
1.46621
1.48952
1.53351
1.56411
1.57815
1.58765
1.59587
1.59391
1.56707
1.5466
1.54505
1.5539
1.56627
1.58905
1.64025
1.68819
1.71507
1.73261
1.74732
1.74724
1.72025
1.69509
1.68929
1.69808
1.71722
1.75095
1.79829
1.83733
1.86521
1.88485
1.89622
1.88478
3.28314
14.2585
1.11167
1.12476
1.13563
1.14328
1.14783
1.14822
1.14609
1.14865
1.15804
1.16725
1.17463
1.18218
1.18975
1.19443
1.19352
1.18704
1.18461
1.1866
1.19399
1.2132
1.23006
1.24111
1.24948
1.25621
1.26089
1.25435
1.23919
1.23431
1.23676
1.2414
1.252
1.28152
1.30503
1.31541
1.32194
1.32744
1.32889
1.30989
1.29541
1.29599
1.30109
1.30821
1.32496
1.356
1.37822
1.38871
1.3952
1.39942
1.39767
1.38281
1.36942
1.36869
1.37401
1.3823
1.39945
1.43303
1.45964
1.47143
1.47859
1.48375
1.48575
1.47307
1.45308
1.44863
1.45386
1.46294
1.47653
1.51214
1.55299
1.57354
1.58402
1.59261
1.59847
1.58686
1.55951
1.5478
1.54942
1.55919
1.57295
1.6026
1.65494
1.69653
1.72133
1.73884
1.75169
1.74695
1.72315
1.70228
1.69769
1.70662
1.7253
1.76019
1.80434
1.83654
1.85597
1.86878
1.87697
3.30358
14.2867
1.11852
1.128
1.13287
1.13594
1.13727
1.14094
1.14542
1.15252
1.16205
1.17259
1.1812
1.18777
1.19236
1.1909
1.18198
1.17717
1.17855
1.18265
1.19589
1.22001
1.23736
1.24682
1.25263
1.25754
1.25843
1.24167
1.22935
1.23007
1.23459
1.24133
1.25859
1.29036
1.30931
1.3179
1.32348
1.3261
1.31671
1.30051
1.29339
1.29548
1.30082
1.31007
1.33164
1.35883
1.37733
1.38597
1.39005
1.39126
1.39163
1.38523
1.37285
1.37115
1.37682
1.38453
1.39405
1.42101
1.45178
1.46675
1.47413
1.48019
1.48641
1.48485
1.46718
1.45611
1.45731
1.46328
1.47135
1.48689
1.52728
1.56294
1.58074
1.59147
1.60086
1.60628
1.58684
1.56078
1.55321
1.55786
1.56752
1.58003
1.61016
1.6608
1.6992
1.72336
1.74212
1.75505
1.75321
1.73277
1.71048
1.70262
1.70955
1.7272
1.76328
1.80521
1.83177
1.84562
1.8615
3.3409
14.3097
1.12415
1.1283
1.12224
1.11796
1.12064
1.13137
1.14978
1.16592
1.17705
1.18445
1.1897
1.19371
1.19052
1.17563
1.16789
1.16934
1.17387
1.18077
1.20133
1.2331
1.24818
1.25394
1.25778
1.25889
1.24635
1.22845
1.22441
1.22762
1.23243
1.24174
1.26918
1.29733
1.31295
1.31957
1.32151
1.31683
1.31037
1.30201
1.2967
1.30042
1.30871
1.31807
1.33053
1.35479
1.37176
1.37927
1.38325
1.38822
1.39486
1.39503
1.38589
1.38145
1.38334
1.38609
1.39122
1.40174
1.43214
1.45919
1.4728
1.48171
1.48948
1.49611
1.48821
1.46772
1.45898
1.45968
1.46514
1.473
1.49375
1.5397
1.5737
1.59076
1.60236
1.61314
1.61695
1.59264
1.56724
1.55914
1.56014
1.56791
1.58164
1.61599
1.66662
1.70543
1.73106
1.75065
1.76105
1.75845
1.73743
1.71098
1.70032
1.70629
1.72365
1.76287
1.80265
1.82395
1.84295
3.38732
14.3354
1.12854
1.11643
1.10632
1.1062
1.10998
1.12088
1.1525
1.18114
1.19336
1.19805
1.20021
1.19669
1.17928
1.16252
1.16062
1.16417
1.16963
1.17952
1.20973
1.24105
1.25496
1.26102
1.2638
1.25542
1.23915
1.22894
1.22677
1.23108
1.23949
1.25345
1.27164
1.29541
1.30841
1.31232
1.31081
1.31224
1.31625
1.31273
1.31032
1.31349
1.3186
1.3198
1.32318
1.33321
1.35599
1.37303
1.38364
1.39296
1.40112
1.40806
1.40586
1.39258
1.38505
1.38258
1.38372
1.38896
1.40664
1.44549
1.47225
1.48591
1.49562
1.50367
1.50727
1.48887
1.46595
1.45776
1.45705
1.46273
1.47242
1.50305
1.55487
1.58775
1.60537
1.61809
1.62784
1.62465
1.59296
1.56485
1.55743
1.5623
1.57257
1.58786
1.62517
1.67617
1.71288
1.73624
1.75426
1.76172
1.75654
1.73353
1.70591
1.69521
1.69992
1.71811
1.76006
1.79456
1.81883
3.44212
14.3697
1.13332
1.10533
1.10043
1.10366
1.10823
1.11744
1.15075
1.18847
1.20064
1.206
1.20931
1.20011
1.17433
1.16257
1.16253
1.16623
1.1743
1.19121
1.21538
1.2412
1.25399
1.25723
1.25196
1.24747
1.24461
1.23874
1.23977
1.24605
1.25463
1.25909
1.26257
1.27249
1.29032
1.30143
1.30918
1.31788
1.32642
1.33346
1.33208
1.32483
1.31892
1.31289
1.31032
1.3141
1.33212
1.36489
1.38772
1.40301
1.41275
1.41938
1.42199
1.40687
1.3856
1.37515
1.37493
1.38055
1.39007
1.4225
1.4671
1.49021
1.50153
1.50979
1.51646
1.50992
1.47972
1.45766
1.45322
1.4568
1.46437
1.47822
1.52153
1.57608
1.60459
1.6174
1.62641
1.6324
1.62436
1.59249
1.5686
1.56407
1.56945
1.58063
1.59888
1.6388
1.68476
1.71508
1.73477
1.75065
1.75678
1.75077
1.72845
1.70132
1.69026
1.69315
1.71248
1.75161
1.78495
3.49881
14.4136
1.13065
1.10654
1.10389
1.10689
1.11235
1.12812
1.16005
1.18872
1.20178
1.20577
1.19979
1.18712
1.17819
1.17089
1.17251
1.18013
1.19279
1.20061
1.20836
1.22272
1.23471
1.23946
1.24251
1.24989
1.2575
1.26303
1.26201
1.26098
1.26001
1.25345
1.24716
1.24936
1.2658
1.29389
1.31503
1.33121
1.34175
1.34828
1.35039
1.33573
1.31242
1.2998
1.29956
1.30444
1.31553
1.35165
1.3934
1.41269
1.42156
1.42729
1.43023
1.41928
1.38851
1.37302
1.37269
1.37771
1.38485
1.40283
1.45097
1.49014
1.50511
1.5125
1.51695
1.51898
1.5045
1.47248
1.45813
1.46027
1.46947
1.47935
1.4916
1.53302
1.58171
1.60558
1.61779
1.62798
1.63618
1.62909
1.60029
1.57904
1.57462
1.58015
1.59027
1.60723
1.64603
1.68693
1.71335
1.7319
1.74688
1.75429
1.74924
1.72572
1.69633
1.68229
1.68295
1.70022
1.74233
3.54495
14.4599
1.12638
1.11466
1.11455
1.12052
1.13248
1.14543
1.15924
1.17547
1.1845
1.18571
1.1837
1.18731
1.19003
1.19246
1.19545
1.20043
1.20458
1.2024
1.19505
1.19617
1.20981
1.23036
1.24846
1.26441
1.27631
1.28265
1.284
1.27356
1.25443
1.23861
1.23626
1.24017
1.24992
1.28341
1.32413
1.34422
1.35255
1.35753
1.35955
1.34535
1.31135
1.29826
1.30016
1.30531
1.31347
1.34133
1.39099
1.41574
1.42429
1.42809
1.42647
1.41993
1.40142
1.38029
1.37675
1.38266
1.39322
1.40321
1.42248
1.46652
1.49463
1.50471
1.51006
1.51714
1.52396
1.51009
1.48279
1.47245
1.47256
1.47558
1.48158
1.49314
1.53344
1.58279
1.61005
1.62501
1.63652
1.64451
1.63974
1.61366
1.58985
1.58096
1.58316
1.59117
1.6103
1.65165
1.69042
1.71613
1.73557
1.75062
1.7559
1.7475
1.72072
1.68713
1.66741
1.66514
1.69085
3.56402
14.5038
1.12661
1.1296
1.13512
1.14434
1.15
1.15232
1.15155
1.15225
1.16088
1.16948
1.1788
1.19363
1.20887
1.21676
1.21873
1.21472
1.20405
1.18716
1.18182
1.18415
1.19187
1.22061
1.25922
1.28003
1.28813
1.29303
1.29549
1.28284
1.24761
1.23369
1.23542
1.24019
1.24805
1.27809
1.32717
1.34854
1.3561
1.35977
1.35357
1.3372
1.3179
1.30503
1.30581
1.31354
1.32708
1.34247
1.37186
1.40219
1.41363
1.41638
1.41687
1.42204
1.42396
1.40925
1.396
1.39528
1.39817
1.40055
1.40485
1.42185
1.46462
1.494
1.50925
1.52218
1.53168
1.53764
1.52156
1.49143
1.47585
1.47261
1.4742
1.47947
1.49192
1.53398
1.58655
1.61762
1.63506
1.64774
1.65483
1.64888
1.62033
1.59092
1.57991
1.58358
1.5934
1.61564
1.66004
1.69916
1.72371
1.73959
1.7502
1.75127
1.74058
1.71142
1.67591
1.64963
1.63857
3.54496
14.5522
1.13183
1.14771
1.15692
1.16194
1.16095
1.14716
1.13611
1.13587
1.14323
1.16226
1.18765
1.21076
1.22298
1.22872
1.23191
1.22132
1.19069
1.17729
1.17829
1.18243
1.19099
1.22122
1.26514
1.2836
1.2907
1.29495
1.29141
1.27009
1.2477
1.23835
1.23951
1.2452
1.26042
1.28793
1.32152
1.34324
1.35026
1.34641
1.34068
1.33972
1.33331
1.32601
1.32611
1.33226
1.33823
1.34063
1.34465
1.36652
1.39465
1.40861
1.41846
1.42896
1.43925
1.44272
1.42546
1.40686
1.39825
1.39221
1.3919
1.39806
1.42173
1.47342
1.51112
1.52713
1.53648
1.54486
1.54911
1.52924
1.49406
1.47457
1.47105
1.47586
1.48374
1.49795
1.54396
1.59835
1.62749
1.64203
1.65242
1.65618
1.64792
1.61992
1.59247
1.58373
1.58671
1.597
1.62257
1.66811
1.70438
1.72524
1.73808
1.74486
1.74328
1.7313
1.70087
1.65781
1.61514
3.48403
14.6072
1.14611
1.16246
1.16778
1.16729
1.15121
1.13323
1.12878
1.13113
1.13862
1.16823
1.206
1.22136
1.22715
1.2319
1.23158
1.20852
1.18498
1.17977
1.18187
1.18636
1.201
1.23744
1.26831
1.28378
1.29018
1.28697
1.27423
1.26457
1.25455
1.25068
1.2552
1.26737
1.27817
1.28484
1.30004
1.31815
1.32765
1.33163
1.33719
1.34645
1.35582
1.35777
1.34881
1.34206
1.33595
1.3285
1.32722
1.33541
1.36769
1.40491
1.42808
1.44399
1.45287
1.45876
1.45336
1.42339
1.39609
1.38599
1.38673
1.39235
1.40043
1.43323
1.49327
1.527
1.53987
1.54777
1.55478
1.55509
1.52725
1.49024
1.47592
1.47753
1.48539
1.4966
1.51291
1.55607
1.60175
1.62557
1.63841
1.64818
1.65327
1.64809
1.62438
1.59914
1.58915
1.59056
1.59875
1.62374
1.66884
1.70304
1.72178
1.73277
1.7379
1.7359
1.72288
1.684
1.62139
3.39734
14.6658
1.15964
1.17016
1.17117
1.15321
1.13117
1.12633
1.12895
1.13312
1.14506
1.18703
1.21758
1.22733
1.23234
1.23091
1.21278
1.19462
1.18582
1.18468
1.18869
1.20089
1.22065
1.24234
1.2643
1.27412
1.27394
1.26565
1.26527
1.26982
1.2714
1.2733
1.27791
1.2833
1.28342
1.27669
1.27458
1.28454
1.30913
1.33028
1.34806
1.36374
1.37343
1.37835
1.37106
1.34734
1.32412
1.31442
1.31608
1.32185
1.33982
1.39107
1.43457
1.45127
1.45939
1.465
1.46612
1.44725
1.40758
1.3889
1.38856
1.39468
1.40499
1.41887
1.45258
1.50525
1.53264
1.54319
1.54675
1.54882
1.5503
1.53169
1.50496
1.49407
1.49511
1.50006
1.50642
1.51742
1.55418
1.59751
1.62238
1.6369
1.64813
1.65711
1.65772
1.63393
1.60334
1.58867
1.58778
1.59432
1.61889
1.66449
1.69971
1.71884
1.72854
1.73168
1.73041
1.71118
1.65676
3.32103
14.7285
1.16913
1.17552
1.15846
1.13119
1.12176
1.1236
1.12757
1.13629
1.16474
1.19988
1.22091
1.22969
1.23003
1.21604
1.20327
1.19628
1.19315
1.19773
1.21104
1.22504
1.23025
1.23339
1.24023
1.25155
1.25797
1.26278
1.27056
1.28308
1.29573
1.30156
1.29871
1.28734
1.27101
1.26081
1.26145
1.26799
1.29146
1.33369
1.3657
1.37999
1.38605
1.38887
1.38347
1.35099
1.31963
1.31282
1.3163
1.32215
1.3339
1.36925
1.42512
1.45129
1.45947
1.45903
1.45422
1.4507
1.437
1.41341
1.40523
1.4091
1.41682
1.42228
1.42779
1.44879
1.49428
1.52329
1.53619
1.54739
1.55857
1.56591
1.55239
1.52404
1.50639
1.49941
1.49706
1.50145
1.5147
1.55486
1.5999
1.62762
1.64647
1.65994
1.66745
1.66474
1.63638
1.60089
1.58362
1.58208
1.58758
1.61233
1.66151
1.69897
1.71765
1.72487
1.72682
1.72046
1.69696
3.28718
14.7893
1.17835
1.17759
1.1441
1.12827
1.12445
1.1266
1.13581
1.15656
1.17762
1.19825
1.21253
1.21571
1.20877
1.20428
1.20811
1.20991
1.21424
1.22158
1.22813
1.2313
1.2252
1.214
1.21251
1.22403
1.24761
1.27081
1.29279
1.30675
1.31321
1.31656
1.31052
1.2806
1.2551
1.25008
1.2535
1.2597
1.27852
1.33318
1.37204
1.38479
1.39132
1.39376
1.38208
1.35623
1.32858
1.31932
1.32309
1.33612
1.3517
1.36365
1.38893
1.4231
1.43919
1.44489
1.4497
1.45674
1.46481
1.45977
1.43741
1.4248
1.42105
1.41585
1.41286
1.41796
1.44037
1.49194
1.53373
1.55513
1.56785
1.5773
1.58174
1.56561
1.5286
1.50111
1.49332
1.49629
1.50308
1.51904
1.5664
1.61487
1.64097
1.65431
1.66384
1.66895
1.66396
1.63267
1.59592
1.57857
1.57625
1.58251
1.61023
1.663
1.69998
1.71374
1.71742
1.71405
1.72005
3.3058
14.8473
1.17341
1.16219
1.14644
1.13618
1.13648
1.14499
1.16197
1.17205
1.17574
1.17793
1.1828
1.19317
1.20148
1.2096
1.22038
1.23475
1.24321
1.24573
1.24061
1.22377
1.20292
1.19634
1.1992
1.20728
1.23574
1.28401
1.31409
1.32424
1.32833
1.32513
1.30561
1.27374
1.25462
1.25188
1.2551
1.26339
1.28434
1.3227
1.36501
1.38196
1.38553
1.37691
1.37159
1.36958
1.35825
1.3471
1.34666
1.35196
1.35662
1.35621
1.35604
1.37179
1.40901
1.43656
1.45405
1.47155
1.48344
1.48961
1.47835
1.44613
1.41954
1.40722
1.40489
1.40915
1.41659
1.444
1.50667
1.55163
1.56858
1.57692
1.5829
1.58211
1.56181
1.52408
1.50119
1.49754
1.5027
1.51322
1.53317
1.58043
1.62174
1.64164
1.65196
1.65976
1.66408
1.66044
1.63314
1.59802
1.57977
1.57591
1.57977
1.60781
1.65871
1.69055
1.70215
1.70066
1.72703
3.36696
14.9064
1.15571
1.15501
1.15838
1.16086
1.16435
1.16885
1.17334
1.17395
1.16223
1.15357
1.15669
1.17335
1.20151
1.2279
1.24711
1.25632
1.26027
1.26041
1.2467
1.20912
1.1905
1.18995
1.19381
1.2006
1.22846
1.28804
1.31871
1.3283
1.33273
1.32709
1.30558
1.27885
1.26195
1.26069
1.26885
1.28597
1.29744
1.30546
1.32716
1.35263
1.3635
1.36819
1.37409
1.38248
1.3917
1.38919
1.37374
1.36097
1.34973
1.33858
1.33702
1.34281
1.36584
1.41702
1.46027
1.48151
1.49207
1.49896
1.50149
1.48111
1.43526
1.40991
1.40599
1.41049
1.41926
1.43309
1.4629
1.51791
1.55237
1.56515
1.57068
1.57211
1.57323
1.56346
1.53685
1.51768
1.51301
1.51482
1.51985
1.5343
1.57656
1.61657
1.63672
1.64795
1.6576
1.66672
1.66856
1.64218
1.6013
1.5763
1.56994
1.57135
1.59709
1.64696
1.6785
1.68602
1.71833
3.45064
14.9626
1.14883
1.16342
1.17572
1.18677
1.19203
1.19132
1.18002
1.15819
1.14173
1.13933
1.14259
1.15309
1.19291
1.24094
1.26224
1.26963
1.27306
1.26786
1.23669
1.20684
1.19393
1.19324
1.19783
1.21293
1.24143
1.27837
1.30873
1.31877
1.31568
1.30667
1.30528
1.30036
1.29044
1.28706
1.29096
1.29636
1.2981
1.29236
1.29089
1.30736
1.34173
1.36869
1.38845
1.40527
1.41438
1.41757
1.40361
1.36996
1.34153
1.331
1.33205
1.33715
1.34529
1.37919
1.44602
1.48174
1.49307
1.49714
1.49439
1.48681
1.46767
1.43705
1.42345
1.42509
1.43314
1.4412
1.44748
1.46367
1.50699
1.54086
1.55607
1.56493
1.57516
1.5843
1.58209
1.55506
1.5274
1.51349
1.50984
1.51207
1.52658
1.5718
1.61581
1.64072
1.65778
1.66986
1.67595
1.67397
1.64455
1.59723
1.56641
1.55836
1.56067
1.58703
1.63784
1.66451
1.70298
3.53817
15.016
1.14318
1.18032
1.19618
1.20343
1.20645
1.20561
1.18767
1.15161
1.13878
1.14016
1.14381
1.15143
1.18444
1.24105
1.26507
1.2723
1.27196
1.25628
1.23697
1.2168
1.20692
1.20897
1.22007
1.23562
1.24375
1.25312
1.27076
1.28992
1.29949
1.30506
1.31214
1.32158
1.32792
1.32306
1.31078
1.29847
1.28364
1.27411
1.27464
1.28106
1.30695
1.35934
1.39989
1.41767
1.42609
1.43073
1.4273
1.39343
1.34983
1.33451
1.33518
1.34238
1.35689
1.37497
1.40578
1.44999
1.47278
1.48021
1.48363
1.48835
1.4931
1.48656
1.46456
1.44902
1.44367
1.44046
1.43601
1.43891
1.45494
1.50043
1.54244
1.56658
1.58131
1.59224
1.5996
1.59533
1.56159
1.52366
1.50554
1.50393
1.50887
1.52447
1.57301
1.62443
1.65076
1.66209
1.66943
1.67425
1.67167
1.64176
1.59207
1.55928
1.54925
1.55061
1.5809
1.62518
1.67485
3.61853
15.0588
1.13432
1.18923
1.2071
1.2133
1.21637
1.2075
1.17692
1.15411
1.14501
1.14606
1.15215
1.16858
1.1936
1.22627
1.25023
1.25599
1.25078
1.24504
1.24491
1.24136
1.23649
1.23569
1.23913
1.24305
1.24071
1.23203
1.23347
1.25348
1.28762
1.31243
1.33028
1.34353
1.35028
1.35052
1.33239
1.29869
1.27442
1.26813
1.27075
1.27555
1.28649
1.33173
1.39453
1.4194
1.42679
1.42605
1.41715
1.40577
1.38233
1.36008
1.35528
1.36045
1.36776
1.37323
1.3769
1.39167
1.43062
1.46264
1.48022
1.49443
1.50844
1.51629
1.5124
1.48634
1.45652
1.43649
1.42904
1.42974
1.43529
1.45408
1.50775
1.55806
1.58226
1.59272
1.5999
1.60333
1.59509
1.55699
1.51969
1.50624
1.50618
1.51176
1.52932
1.57771
1.62505
1.64721
1.65773
1.66498
1.66979
1.66634
1.63929
1.59088
1.55468
1.54199
1.54312
1.56894
1.63203
3.67298
15.0922
1.13168
1.18898
1.20942
1.21518
1.21466
1.19975
1.17951
1.16337
1.16013
1.16448
1.17667
1.18716
1.19195
1.19904
1.21578
1.23393
1.2428
1.24908
1.25638
1.26575
1.27044
1.26589
1.25484
1.24035
1.22378
1.21726
1.21961
1.22769
1.25923
1.31051
1.34269
1.35662
1.3629
1.36596
1.35526
1.31244
1.27922
1.27187
1.27476
1.28423
1.30023
1.31999
1.35713
1.39451
1.40845
1.41167
1.41416
1.41778
1.41826
1.40488
1.38598
1.37627
1.37188
1.36502
1.3593
1.36233
1.37734
1.42285
1.47161
1.50063
1.51435
1.52269
1.52841
1.52366
1.48889
1.44835
1.43045
1.42928
1.4345
1.44329
1.46838
1.52679
1.56876
1.58444
1.59084
1.59266
1.59351
1.58947
1.56212
1.53124
1.51685
1.5144
1.51689
1.52786
1.57032
1.61807
1.64237
1.65365
1.66126
1.66703
1.66628
1.64205
1.59352
1.55259
1.53373
1.52633
1.57512
3.69103
15.1238
1.13679
1.17947
1.19861
1.20216
1.19866
1.19464
1.18981
1.18367
1.18264
1.18599
1.19067
1.19271
1.1844
1.17921
1.18403
1.20797
1.23958
1.26001
1.27555
1.28445
1.28858
1.28727
1.26924
1.23584
1.2163
1.21399
1.21751
1.22252
1.23769
1.29327
1.34352
1.35909
1.36427
1.36135
1.35082
1.33334
1.30558
1.2918
1.29304
1.3006
1.30771
1.31295
1.31919
1.34251
1.37866
1.40258
1.41726
1.43004
1.43935
1.44238
1.42852
1.40115
1.37687
1.36144
1.35646
1.35875
1.36396
1.37827
1.43344
1.49012
1.51269
1.52115
1.52535
1.52386
1.51452
1.48432
1.45363
1.44299
1.44579
1.4537
1.46222
1.47902
1.52262
1.55828
1.57444
1.5829
1.59125
1.60023
1.60306
1.5795
1.54248
1.51887
1.51056
1.5113
1.51885
1.55788
1.60843
1.63769
1.6536
1.66355
1.66827
1.66651
1.64446
1.59573
1.54966
1.51506
1.51384
3.65956
15.1579
1.13648
1.1582
1.17809
1.18985
1.19534
1.19992
1.20443
1.20783
1.20601
1.20206
1.19608
1.18336
1.17295
1.17219
1.17584
1.1863
1.22321
1.26644
1.28734
1.296
1.30014
1.29955
1.28022
1.24184
1.22057
1.21782
1.22159
1.23136
1.24671
1.27148
1.31571
1.3438
1.35148
1.35256
1.35299
1.35201
1.34332
1.32576
1.31446
1.31138
1.3098
1.3049
1.30195
1.30647
1.32903
1.37584
1.4153
1.43645
1.4474
1.45439
1.45792
1.44227
1.40213
1.37071
1.36037
1.362
1.36841
1.3799
1.39891
1.44538
1.48867
1.50576
1.51164
1.51467
1.51813
1.51936
1.50238
1.47615
1.46189
1.45699
1.45399
1.45534
1.46867
1.51128
1.55404
1.57826
1.59395
1.60684
1.61572
1.61776
1.59192
1.54586
1.51395
1.50356
1.50483
1.51123
1.54872
1.60557
1.64095
1.65746
1.6649
1.66624
1.66079
1.63818
1.59206
1.53211
1.48795
3.5778
15.2015
1.13388
1.13746
1.15283
1.18096
1.20044
1.2128
1.22029
1.22425
1.22381
1.21451
1.19477
1.17561
1.16917
1.17071
1.17452
1.18048
1.20484
1.25979
1.2895
1.29839
1.30149
1.29727
1.2856
1.26205
1.23896
1.23308
1.23706
1.24529
1.25222
1.25782
1.27199
1.30608
1.33405
1.3482
1.35727
1.36577
1.37148
1.36678
1.34617
1.32645
1.31185
1.30073
1.29586
1.29775
1.30305
1.32609
1.38525
1.43176
1.44872
1.45568
1.45942
1.45709
1.44003
1.40557
1.38119
1.37518
1.37829
1.3839
1.38914
1.39912
1.43724
1.48022
1.50138
1.51228
1.52388
1.53303
1.53698
1.52265
1.49042
1.46313
1.44903
1.44598
1.44833
1.46037
1.50487
1.55868
1.59141
1.60673
1.61504
1.62087
1.6211
1.59271
1.54215
1.50991
1.50039
1.50131
1.50866
1.54703
1.60649
1.64241
1.65537
1.65839
1.65676
1.64892
1.62909
1.57764
1.50881
3.46845
15.2687
1.12845
1.13025
1.13636
1.16232
1.20028
1.2218
1.23128
1.23543
1.23616
1.22582
1.20029
1.17936
1.17304
1.17497
1.18039
1.1886
1.20094
1.23265
1.27292
1.28868
1.2928
1.29415
1.29334
1.2863
1.2697
1.25605
1.25238
1.25386
1.25503
1.25237
1.25053
1.25839
1.29315
1.33378
1.35988
1.37663
1.38746
1.39282
1.38794
1.35946
1.32423
1.30183
1.29545
1.29777
1.30267
1.31098
1.33983
1.40036
1.43834
1.45051
1.45458
1.45708
1.45876
1.44898
1.42099
1.39732
1.38743
1.38502
1.3854
1.38826
1.39583
1.42941
1.47789
1.50773
1.52341
1.53394
1.54233
1.54791
1.53601
1.49503
1.45872
1.44449
1.4432
1.44753
1.45993
1.51051
1.57033
1.59894
1.60939
1.61495
1.61655
1.61326
1.58984
1.54603
1.51559
1.50536
1.50479
1.50864
1.5421
1.59862
1.63219
1.64359
1.64654
1.64553
1.64074
1.61687
1.56746
3.38317
15.35
1.12812
1.1287
1.13257
1.14351
1.18371
1.22156
1.2347
1.24028
1.24264
1.23884
1.21829
1.19351
1.18365
1.18442
1.18846
1.19358
1.19853
1.20707
1.23527
1.26979
1.28711
1.29472
1.29946
1.30447
1.30521
1.29081
1.27367
1.26388
1.25581
1.24388
1.23803
1.2405
1.25033
1.29222
1.3505
1.38238
1.39457
1.40147
1.40506
1.39681
1.3549
1.31411
1.30078
1.30173
1.30865
1.31917
1.32938
1.35035
1.39815
1.43309
1.44781
1.45467
1.45827
1.46245
1.46203
1.44363
1.41748
1.39884
1.38957
1.38678
1.38822
1.39428
1.42469
1.47962
1.51605
1.53342
1.54305
1.54946
1.55317
1.53717
1.49143
1.45759
1.44846
1.4514
1.45878
1.4713
1.5132
1.56604
1.59261
1.60256
1.60821
1.61318
1.61518
1.59991
1.55829
1.52144
1.50423
1.50022
1.50117
1.52904
1.58687
1.62393
1.63687
1.63884
1.63882
1.6301
1.62347
3.35513
15.4235
1.13124
1.132
1.13575
1.13996
1.15588
1.20033
1.22852
1.23723
1.24124
1.24453
1.24196
1.22085
1.20016
1.19337
1.194
1.19662
1.19829
1.19837
1.20194
1.22653
1.2673
1.29276
1.30812
1.32099
1.32757
1.32693
1.30744
1.27862
1.25259
1.23701
1.23481
1.23852
1.2438
1.25898
1.31518
1.37538
1.39573
1.4015
1.39931
1.39118
1.37997
1.35252
1.32773
1.32103
1.32395
1.32977
1.33435
1.33604
1.34293
1.37768
1.41976
1.44244
1.45452
1.46691
1.47745
1.48215
1.467
1.43116
1.40122
1.3872
1.38405
1.38716
1.39466
1.42927
1.49271
1.52924
1.5416
1.5471
1.54861
1.54818
1.53617
1.50095
1.47186
1.46119
1.45954
1.46134
1.46765
1.50256
1.5566
1.58819
1.60273
1.61186
1.61853
1.62199
1.61045
1.56728
1.52169
1.49767
1.49121
1.49242
1.51883
1.57802
1.61819
1.63169
1.6346
1.62655
1.65263
3.38694
15.4842
1.13772
1.13446
1.13699
1.14062
1.14487
1.16306
1.20662
1.23308
1.2429
1.24748
1.25132
1.25059
1.23108
1.21101
1.20359
1.20144
1.1973
1.19103
1.19135
1.19643
1.22379
1.2774
1.31424
1.33037
1.33884
1.34353
1.34045
1.30624
1.26071
1.2415
1.23954
1.24403
1.25605
1.27129
1.28876
1.3274
1.36591
1.38019
1.38369
1.38665
1.3914
1.3948
1.38278
1.36002
1.34634
1.34047
1.33293
1.32261
1.32141
1.32915
1.36469
1.42062
1.45853
1.47728
1.4871
1.49252
1.4923
1.4731
1.42606
1.39281
1.38461
1.38779
1.3951
1.40713
1.44203
1.49711
1.52685
1.53768
1.54295
1.54805
1.55303
1.54913
1.52082
1.4869
1.46642
1.45875
1.45915
1.4645
1.49103
1.54569
1.58567
1.60512
1.61468
1.62073
1.62501
1.6183
1.574
1.52028
1.492
1.48372
1.48357
1.50953
1.57308
1.61338
1.62601
1.61966
1.66189
3.45635
15.54
1.14645
1.13553
1.13787
1.14131
1.14404
1.1475
1.16488
1.20941
1.23882
1.25143
1.25954
1.26444
1.26357
1.24458
1.22142
1.20567
1.19327
1.18875
1.1909
1.19498
1.20269
1.23845
1.30146
1.33115
1.33943
1.34055
1.33317
1.32183
1.29565
1.26918
1.26164
1.26483
1.27191
1.27716
1.27983
1.28107
1.30236
1.34448
1.37309
1.38982
1.40632
1.41851
1.42328
1.41191
1.38003
1.34727
1.32456
1.31587
1.31696
1.32153
1.33111
1.37438
1.44351
1.47577
1.48529
1.48829
1.48489
1.47771
1.46288
1.42958
1.40731
1.40335
1.40756
1.41365
1.41865
1.43639
1.48193
1.51733
1.53454
1.54481
1.55462
1.56426
1.56641
1.54121
1.49815
1.46908
1.45735
1.45301
1.45527
1.479
1.53953
1.58792
1.60928
1.61969
1.62501
1.62649
1.61704
1.5696
1.51348
1.48362
1.47602
1.4778
1.50914
1.56959
1.60467
1.60723
1.65552
3.54585
15.5959
1.1675
1.14412
1.14234
1.14311
1.14347
1.14551
1.14934
1.16799
1.21731
1.25158
1.26484
1.27152
1.27642
1.27665
1.25115
1.21521
1.19737
1.19382
1.19654
1.20345
1.21113
1.2203
1.25294
1.30073
1.32164
1.32729
1.3306
1.3344
1.3339
1.31793
1.29537
1.28359
1.27973
1.27455
1.26416
1.26086
1.26507
1.28595
1.33949
1.38913
1.41486
1.4262
1.4328
1.43595
1.42317
1.37622
1.33396
1.31994
1.32047
1.32732
1.34209
1.36136
1.39679
1.44275
1.46363
1.4689
1.46912
1.47198
1.47763
1.4797
1.46034
1.43472
1.42064
1.41295
1.40506
1.40457
1.41823
1.46456
1.51151
1.5396
1.55971
1.57214
1.5784
1.57793
1.54885
1.4951
1.45832
1.44772
1.44885
1.45368
1.47911
1.54805
1.59794
1.61348
1.61781
1.61854
1.61669
1.60799
1.56902
1.51586
1.48426
1.47565
1.47566
1.50442
1.55842
1.58036
1.63583
3.64399
15.6455
1.19645
1.16515
1.14933
1.14441
1.14413
1.14655
1.15
1.15488
1.17619
1.22866
1.26163
1.27237
1.27729
1.27843
1.27523
1.25101
1.22031
1.20833
1.20779
1.21085
1.21442
1.21774
1.22204
1.24419
1.28913
1.31969
1.33571
1.34634
1.35489
1.35738
1.34241
1.31311
1.28777
1.26995
1.2609
1.25986
1.26316
1.26844
1.28975
1.35604
1.40905
1.42585
1.43116
1.42873
1.41848
1.40409
1.37453
1.35036
1.34444
1.34842
1.35458
1.3592
1.36276
1.37865
1.41789
1.4475
1.46237
1.476
1.49345
1.50411
1.50508
1.48188
1.44316
1.41151
1.39578
1.39242
1.39513
1.40887
1.46503
1.53071
1.56057
1.57062
1.57626
1.5785
1.57345
1.54192
1.49044
1.46169
1.45575
1.45966
1.46818
1.48858
1.54441
1.58599
1.59917
1.60361
1.60817
1.61317
1.61244
1.57957
1.52136
1.48099
1.46807
1.46631
1.49283
1.53548
1.60365
3.7361
15.6821
1.21355
1.20032
1.16717
1.15045
1.1475
1.14984
1.15329
1.1568
1.16139
1.18291
1.23536
1.26586
1.2748
1.27963
1.28448
1.28348
1.2598
1.2298
1.21575
1.21236
1.21297
1.21395
1.2144
1.21817
1.23615
1.2848
1.32892
1.35083
1.36063
1.36647
1.37005
1.35969
1.32005
1.28211
1.26622
1.26474
1.26928
1.27941
1.29225
1.31312
1.36153
1.39898
1.41105
1.41376
1.41635
1.4194
1.41934
1.40546
1.38357
1.3688
1.36033
1.35133
1.34262
1.34373
1.35922
1.40537
1.45397
1.48639
1.50468
1.51388
1.51905
1.51753
1.48485
1.42987
1.39878
1.39224
1.39556
1.40445
1.42452
1.48043
1.53599
1.55767
1.56378
1.56377
1.56248
1.56269
1.54841
1.51247
1.48405
1.47072
1.46502
1.46336
1.47494
1.52471
1.57125
1.59223
1.60511
1.61629
1.62088
1.61848
1.58537
1.52198
1.47374
1.45577
1.45508
1.47537
1.5596
3.79919
15.7086
1.21699
1.2225
1.2021
1.16965
1.15582
1.15433
1.15576
1.15837
1.16224
1.16839
1.18973
1.2393
1.27087
1.28207
1.28656
1.28883
1.28971
1.27231
1.24342
1.22646
1.21903
1.21566
1.21554
1.2179
1.22201
1.23495
1.28418
1.33651
1.35805
1.36523
1.36863
1.36712
1.35744
1.32535
1.29403
1.28309
1.28399
1.28871
1.29348
1.29751
1.30633
1.34084
1.38232
1.40585
1.41971
1.43246
1.44302
1.44689
1.43446
1.40339
1.37074
1.3461
1.33634
1.33711
1.34163
1.35654
1.41641
1.48027
1.50532
1.51368
1.51655
1.51256
1.50224
1.47291
1.43264
1.41379
1.41297
1.4191
1.42531
1.43269
1.46715
1.51622
1.54201
1.55182
1.55976
1.57208
1.58082
1.57298
1.533
1.4874
1.46026
1.45217
1.45126
1.46063
1.51073
1.56999
1.60053
1.61236
1.61758
1.61892
1.61317
1.57764
1.51611
1.46789
1.44615
1.43487
1.50497
3.81268
15.7383
1.2184
1.22923
1.22959
1.2079
1.1745
1.16038
1.15994
1.1637
1.16847
1.17178
1.17489
1.18853
1.23346
1.26856
1.28265
1.29173
1.29905
1.30239
1.2909
1.26098
1.23596
1.22325
1.21928
1.21981
1.22297
1.22747
1.23871
1.28522
1.33762
1.3583
1.36426
1.36813
1.37253
1.36896
1.34299
1.31364
1.299
1.2938
1.2915
1.28868
1.28752
1.29343
1.32349
1.37614
1.41731
1.43968
1.45035
1.45661
1.45962
1.44774
1.40179
1.35767
1.34083
1.34031
1.34684
1.36139
1.38482
1.43443
1.47923
1.49563
1.49925
1.49862
1.50177
1.50536
1.49521
1.46551
1.44204
1.43023
1.42205
1.41455
1.41731
1.44334
1.49815
1.54114
1.56723
1.58359
1.59217
1.59542
1.58312
1.53358
1.47784
1.45064
1.44546
1.44721
1.45745
1.51343
1.57629
1.60223
1.60997
1.61189
1.60891
1.59835
1.56716
1.5146
1.46987
1.43342
1.45206
3.76484
15.7748
1.21669
1.23324
1.23757
1.23831
1.21689
1.18438
1.17214
1.17186
1.17178
1.17028
1.17087
1.17407
1.18572
1.23009
1.2752
1.29598
1.30491
1.31113
1.3156
1.307
1.27041
1.23621
1.2218
1.22087
1.22419
1.22878
1.23446
1.24392
1.28024
1.33245
1.3594
1.36925
1.37355
1.37752
1.38025
1.36578
1.33571
1.31139
1.29529
1.28543
1.2835
1.28685
1.29284
1.32089
1.38756
1.43411
1.4494
1.45473
1.45378
1.44649
1.43335
1.40036
1.37142
1.36267
1.36526
1.37038
1.37425
1.38071
1.41271
1.45722
1.48214
1.49422
1.50769
1.52308
1.53077
1.52369
1.48895
1.4479
1.41813
1.40545
1.40406
1.40768
1.43294
1.50269
1.55993
1.58081
1.58811
1.59195
1.59092
1.57507
1.52528
1.47526
1.45425
1.45163
1.45613
1.46824
1.51468
1.56746
1.59045
1.59654
1.59738
1.59695
1.59057
1.5667
1.52321
1.46315
1.4334
3.66029
15.8212
1.20502
1.23579
1.24126
1.24524
1.24661
1.22622
1.19181
1.17484
1.17095
1.17094
1.17185
1.17453
1.17822
1.18839
1.23121
1.28212
1.3046
1.31267
1.31659
1.31771
1.31176
1.28078
1.24722
1.2335
1.23248
1.23534
1.2386
1.24052
1.2445
1.26901
1.32166
1.3562
1.37153
1.38391
1.39199
1.39576
1.38459
1.34823
1.30988
1.28984
1.28662
1.29027
1.29853
1.31044
1.33565
1.39002
1.42711
1.43887
1.4425
1.4458
1.44908
1.44687
1.42543
1.39765
1.38124
1.37216
1.36309
1.35772
1.36238
1.39066
1.44595
1.49097
1.51723
1.53186
1.53989
1.54398
1.53476
1.48863
1.43542
1.40905
1.404
1.40774
1.41738
1.44702
1.51185
1.55809
1.57283
1.57647
1.57581
1.57454
1.56844
1.53666
1.4943
1.46983
1.46056
1.4567
1.45815
1.49428
1.54808
1.57728
1.58918
1.59459
1.59497
1.58969
1.5712
1.51649
1.45317
3.53486
15.8817
1.17544
1.22804
1.24077
1.24608
1.25023
1.25156
1.23579
1.20246
1.18119
1.17451
1.17478
1.17787
1.18168
1.18525
1.19218
1.22902
1.28141
1.30481
1.31264
1.31853
1.32373
1.32339
1.29973
1.26505
1.24729
1.24212
1.23848
1.23656
1.23943
1.24413
1.26404
1.321
1.36902
1.38738
1.39415
1.398
1.39962
1.39
1.3544
1.31817
1.30317
1.30229
1.3064
1.31086
1.31485
1.32931
1.37459
1.41645
1.43712
1.44893
1.45977
1.4681
1.46933
1.44893
1.41202
1.37987
1.3604
1.35448
1.3557
1.36055
1.38445
1.45295
1.5092
1.53025
1.53733
1.5395
1.53564
1.52319
1.48418
1.44169
1.42347
1.42209
1.4261
1.42973
1.44432
1.49516
1.54007
1.55842
1.56595
1.57406
1.58223
1.58275
1.55644
1.50592
1.46582
1.44771
1.44282
1.44274
1.47586
1.53836
1.57858
1.59385
1.59659
1.59268
1.58534
1.55616
1.51285
3.44393
15.9534
1.14483
1.19095
1.22988
1.24581
1.25308
1.25866
1.26186
1.24892
1.2128
1.18769
1.18103
1.18173
1.18299
1.1859
1.18979
1.19634
1.22654
1.28017
1.31081
1.32162
1.32688
1.33095
1.3331
1.31611
1.27662
1.24956
1.24039
1.23972
1.24237
1.24725
1.2531
1.26835
1.32107
1.36853
1.38598
1.39207
1.3958
1.39964
1.39757
1.37261
1.33864
1.31914
1.31213
1.31058
1.31038
1.31165
1.32041
1.35992
1.41267
1.44694
1.46438
1.47286
1.47839
1.48078
1.46202
1.41474
1.37606
1.3609
1.36024
1.36549
1.37612
1.39923
1.45698
1.50383
1.52063
1.52578
1.52903
1.53214
1.529
1.50359
1.46708
1.44281
1.43011
1.4234
1.42151
1.42928
1.47267
1.52816
1.56096
1.57841
1.58901
1.59412
1.59328
1.56545
1.50395
1.45571
1.43618
1.43175
1.43273
1.47012
1.54432
1.5849
1.59232
1.58879
1.58276
1.5659
1.56838
3.42069
16.0276
1.14199
1.1511
1.18792
1.23321
1.25322
1.26064
1.26362
1.26515
1.25843
1.22639
1.19677
1.18564
1.18556
1.18902
1.19366
1.19741
1.20171
1.22266
1.275
1.31103
1.32388
1.32941
1.33237
1.33427
1.32571
1.29186
1.26287
1.25236
1.25074
1.25258
1.25603
1.25956
1.26789
1.30868
1.36015
1.38542
1.39577
1.40208
1.40806
1.41045
1.39416
1.35971
1.3316
1.31597
1.30871
1.30761
1.3108
1.31816
1.3555
1.42007
1.45872
1.47185
1.47698
1.47751
1.47615
1.46364
1.42401
1.38804
1.37458
1.37411
1.37737
1.38084
1.39306
1.4397
1.48886
1.51331
1.52502
1.53394
1.54378
1.54805
1.52984
1.48588
1.44481
1.42029
1.41195
1.41189
1.41867
1.46399
1.53447
1.57509
1.58846
1.59253
1.59342
1.58717
1.55559
1.49355
1.4491
1.43285
1.42969
1.4361
1.47895
1.54473
1.57444
1.57573
1.57069
1.55626
1.60101
3.46213
16.0984
1.14376
1.14556
1.15016
1.18143
1.22864
1.25151
1.26075
1.26792
1.27302
1.2713
1.24435
1.21176
1.19826
1.19633
1.1965
1.19729
1.19966
1.20326
1.21719
1.26483
1.30706
1.32384
1.33234
1.34045
1.34528
1.34077
1.3098
1.27515
1.25852
1.25445
1.25476
1.25557
1.25815
1.26482
1.29795
1.35486
1.38986
1.40428
1.41092
1.41607
1.42016
1.41085
1.37342
1.33467
1.31467
1.31056
1.31355
1.31989
1.32832
1.35793
1.41836
1.45624
1.46835
1.47341
1.47858
1.48249
1.47564
1.44219
1.40585
1.38609
1.37851
1.37686
1.37754
1.38346
1.41901
1.47551
1.5147
1.53813
1.55145
1.55767
1.55901
1.53891
1.48444
1.43395
1.41293
1.41029
1.41372
1.4247
1.47487
1.54551
1.57643
1.5823
1.57921
1.57364
1.57004
1.5522
1.50565
1.46416
1.44405
1.43736
1.43504
1.46775
1.52559
1.55331
1.5593
1.54841
1.60881
3.54859
16.1553
1.14238
1.14105
1.14288
1.14754
1.17453
1.22823
1.25991
1.27151
1.27762
1.2829
1.28391
1.26107
1.22319
1.20216
1.1969
1.19754
1.19869
1.19991
1.20281
1.21315
1.25744
1.31017
1.33446
1.3429
1.34749
1.35089
1.35103
1.32894
1.29178
1.26865
1.25962
1.25806
1.26026
1.26382
1.26816
1.28932
1.34635
1.39142
1.40891
1.41587
1.41958
1.42128
1.41695
1.38631
1.34632
1.32625
1.32213
1.32317
1.32548
1.32981
1.35147
1.40924
1.45395
1.47112
1.47729
1.48155
1.4874
1.48984
1.46671
1.42482
1.39358
1.37715
1.36961
1.36974
1.37557
1.40951
1.48141
1.53185
1.54902
1.55464
1.55645
1.55258
1.53075
1.48096
1.44048
1.42597
1.42551
1.42931
1.43479
1.47157
1.52936
1.55721
1.56405
1.56749
1.5723
1.5764
1.56772
1.52159
1.4665
1.43367
1.42308
1.42061
1.44923
1.50939
1.54415
1.54446
1.60909
3.64046
16.2044
1.14445
1.14046
1.14239
1.14554
1.15029
1.17561
1.23113
1.2666
1.27915
1.28455
1.28808
1.2894
1.27497
1.2398
1.21405
1.20362
1.20028
1.20104
1.20424
1.20824
1.2157
1.25243
1.30751
1.33456
1.34467
1.35057
1.35592
1.3593
1.34705
1.31171
1.28161
1.26877
1.26503
1.26318
1.26494
1.26939
1.28553
1.3396
1.39021
1.40947
1.41649
1.42274
1.42745
1.42639
1.40081
1.36044
1.33525
1.32628
1.32629
1.32966
1.33326
1.34525
1.39418
1.44478
1.4686
1.48302
1.49492
1.50091
1.50212
1.47881
1.42669
1.3867
1.372
1.37159
1.3764
1.38606
1.4192
1.48567
1.52723
1.53961
1.54263
1.54314
1.54335
1.53533
1.50058
1.46164
1.43966
1.42908
1.42349
1.42394
1.45204
1.51216
1.55159
1.56821
1.57775
1.58502
1.58763
1.57767
1.52683
1.46022
1.4201
1.40923
1.40885
1.44183
1.50691
1.53014
1.60247
3.72769
16.2487
1.15195
1.14037
1.14227
1.14584
1.15117
1.15867
1.17884
1.22985
1.26824
1.28191
1.28809
1.29413
1.29817
1.29047
1.25444
1.21968
1.20554
1.20419
1.20689
1.20923
1.2127
1.21874
1.2471
1.30343
1.33919
1.353
1.35943
1.36497
1.36936
1.36296
1.32714
1.2875
1.26783
1.26387
1.26604
1.27036
1.27565
1.28712
1.33343
1.38943
1.41435
1.42221
1.42546
1.429
1.43269
1.41931
1.3803
1.34841
1.33488
1.32971
1.32718
1.32958
1.33915
1.38666
1.45103
1.48306
1.49355
1.49783
1.49834
1.49803
1.48241
1.4364
1.39997
1.38795
1.38748
1.39057
1.39395
1.41309
1.46885
1.51256
1.53026
1.53911
1.54943
1.55614
1.55383
1.52158
1.47175
1.43418
1.41655
1.41301
1.41389
1.43825
1.50411
1.55666
1.57746
1.5835
1.58518
1.58446
1.57237
1.51624
1.44633
1.41014
1.40285
1.40642
1.44928
1.49217
1.57479
3.80494
16.2832
1.16891
1.14261
1.14389
1.14859
1.15495
1.16111
1.16685
1.17992
1.22475
1.26972
1.28872
1.29544
1.29863
1.29857
1.29348
1.26668
1.23149
1.21251
1.20785
1.2099
1.21383
1.21868
1.22464
1.24485
1.29817
1.34095
1.35807
1.36449
1.36637
1.36758
1.36683
1.34288
1.30338
1.2807
1.27482
1.27584
1.27884
1.28218
1.28838
1.32417
1.38056
1.40996
1.42204
1.43245
1.43938
1.44299
1.4331
1.39339
1.35282
1.33276
1.32905
1.332
1.33836
1.34685
1.38272
1.44377
1.47657
1.4879
1.49485
1.50115
1.50493
1.49467
1.45504
1.4175
1.39871
1.39033
1.38647
1.38631
1.39868
1.45054
1.50647
1.53706
1.55188
1.5601
1.56461
1.56327
1.53033
1.46747
1.42426
1.40983
1.40858
1.41122
1.4384
1.51547
1.56402
1.57518
1.57611
1.57286
1.56677
1.55378
1.5099
1.45125
1.41691
1.40902
1.41075
1.435
1.52655
3.86035
16.3104
1.20171
1.16615
1.15773
1.15811
1.16225
1.16889
1.17221
1.17433
1.18053
1.21504
1.26315
1.28494
1.29238
1.29709
1.30166
1.30349
1.28557
1.2492
1.22612
1.21974
1.22115
1.22475
1.22828
1.23094
1.24078
1.28471
1.33302
1.35342
1.36179
1.37025
1.3761
1.37868
1.36223
1.32235
1.29215
1.28085
1.27883
1.27957
1.28229
1.28785
1.31673
1.37838
1.41869
1.43265
1.43783
1.43954
1.44204
1.43988
1.40978
1.36759
1.34637
1.34132
1.34001
1.34054
1.34523
1.37253
1.43453
1.47783
1.4946
1.50085
1.50544
1.51123
1.50985
1.47765
1.43161
1.39911
1.38339
1.38031
1.38218
1.39167
1.44393
1.51285
1.54751
1.5589
1.56329
1.56446
1.55698
1.5209
1.46187
1.425
1.4154
1.4173
1.42594
1.45105
1.50997
1.54744
1.55722
1.55834
1.55952
1.56176
1.55683
1.51949
1.46295
1.42329
1.40433
1.38483
1.46049
3.88732
16.3259
1.2299
1.22211
1.19668
1.1807
1.17671
1.1758
1.17316
1.1733
1.17549
1.1795
1.20243
1.25113
1.28355
1.29664
1.30235
1.30625
1.31039
1.30494
1.27434
1.2441
1.23126
1.22841
1.22689
1.22647
1.22957
1.23694
1.27301
1.32968
1.36144
1.37275
1.3784
1.38233
1.38565
1.37739
1.34077
1.30408
1.28638
1.28251
1.2852
1.29043
1.29543
1.31368
1.36888
1.41194
1.42824
1.43718
1.44489
1.44983
1.45011
1.42627
1.38286
1.35353
1.34255
1.34187
1.34494
1.34851
1.36367
1.41793
1.46917
1.49291
1.50728
1.51774
1.52283
1.5214
1.48849
1.43257
1.39507
1.38234
1.382
1.38591
1.39862
1.45097
1.51813
1.54618
1.55166
1.54901
1.5489
1.54915
1.52691
1.47741
1.44259
1.42864
1.42332
1.42056
1.43511
1.48827
1.53018
1.54813
1.55953
1.56819
1.56882
1.56068
1.52489
1.46785
1.41953
1.37448
1.39936
3.86013
16.3365
1.24383
1.25982
1.25576
1.22741
1.19647
1.17967
1.17588
1.17607
1.17514
1.17183
1.17348
1.18899
1.23791
1.27993
1.2984
1.31007
1.31977
1.32483
1.32277
1.29528
1.25775
1.23615
1.22911
1.22913
1.23119
1.23367
1.23751
1.26162
1.32011
1.3595
1.37373
1.37994
1.38447
1.38847
1.38813
1.36136
1.32064
1.29897
1.29376
1.29216
1.29176
1.29512
1.30838
1.35903
1.4124
1.43611
1.44405
1.44771
1.45247
1.45728
1.44586
1.40387
1.36781
1.35224
1.34498
1.34105
1.34318
1.35514
1.40925
1.47634
1.50724
1.51631
1.52026
1.52108
1.51915
1.49281
1.43959
1.4036
1.39248
1.3929
1.39616
1.40214
1.44423
1.50393
1.53036
1.53892
1.54817
1.55543
1.55773
1.54153
1.49188
1.44371
1.41834
1.41208
1.4108
1.42039
1.47147
1.52686
1.55551
1.5659
1.56771
1.56431
1.55162
1.5144
1.46147
1.39675
1.38715
3.76383
16.3719
1.25096
1.27962
1.28509
1.2806
1.24812
1.20791
1.18764
1.17689
1.16725
1.16506
1.16722
1.17198
1.18622
1.23473
1.28848
1.31302
1.32154
1.32625
1.32941
1.33022
1.31344
1.27587
1.24827
1.23731
1.23216
1.22979
1.23214
1.23743
1.25728
1.31264
1.35865
1.3767
1.38477
1.39231
1.397
1.39743
1.37648
1.33455
1.30512
1.29421
1.29362
1.29656
1.30002
1.30666
1.34508
1.40133
1.43039
1.44502
1.45766
1.46467
1.4682
1.45853
1.41506
1.36891
1.34667
1.34223
1.34466
1.35003
1.36037
1.40654
1.47282
1.50332
1.51191
1.51692
1.52153
1.52208
1.49984
1.45108
1.41517
1.39963
1.39478
1.39504
1.39845
1.43071
1.49348
1.53154
1.54572
1.55385
1.56119
1.56429
1.55227
1.49867
1.44042
1.41234
1.40401
1.40186
1.41088
1.47118
1.53432
1.55826
1.56261
1.56049
1.5505
1.53105
1.5002
1.4441
1.41202
3.64662
16.4418
1.25145
1.2864
1.28947
1.28948
1.2838
1.2554
1.20501
1.17562
1.16782
1.16728
1.16968
1.17483
1.18271
1.19486
1.23602
1.28918
1.31489
1.32456
1.33082
1.33627
1.33901
1.32863
1.28726
1.24815
1.23299
1.23169
1.23467
1.23927
1.24495
1.25796
1.30636
1.36017
1.38409
1.39183
1.39452
1.39636
1.39996
1.39137
1.3543
1.31959
1.30499
1.29936
1.29575
1.2972
1.30314
1.33671
1.40336
1.44466
1.4583
1.46346
1.46521
1.46648
1.46194
1.42655
1.38
1.35762
1.35243
1.35244
1.35482
1.36123
1.40019
1.46667
1.50242
1.51369
1.51699
1.51901
1.52185
1.51068
1.47015
1.42824
1.40332
1.39376
1.39192
1.39376
1.41972
1.48427
1.53013
1.55094
1.5621
1.56576
1.56546
1.54923
1.49079
1.43129
1.40597
1.40066
1.40232
1.41913
1.47756
1.53061
1.548
1.54825
1.54312
1.53395
1.5211
1.48874
1.47285
3.54796
16.5284
1.2307
1.27997
1.28442
1.28179
1.2714
1.25846
1.23873
1.20469
1.18228
1.17616
1.17753
1.18233
1.18835
1.19519
1.20391
1.23345
1.2867
1.31965
1.33144
1.33539
1.33393
1.33025
1.32504
1.29908
1.2643
1.24784
1.24485
1.24705
1.25112
1.25672
1.26414
1.29744
1.35047
1.37786
1.38859
1.39765
1.40481
1.40909
1.40397
1.36905
1.32548
1.30256
1.2976
1.29981
1.30572
1.31319
1.33756
1.3975
1.43951
1.45437
1.46114
1.46659
1.47067
1.46892
1.43943
1.39311
1.36542
1.35713
1.35833
1.36224
1.36516
1.38703
1.4471
1.48915
1.5049
1.51593
1.52608
1.53247
1.52726
1.48672
1.43167
1.39859
1.38831
1.38795
1.39056
1.41713
1.49325
1.54459
1.55843
1.5612
1.55765
1.55114
1.5359
1.48977
1.44031
1.41775
1.4111
1.40833
1.41375
1.4643
1.51475
1.53346
1.53545
1.53148
1.52674
1.51014
1.53079
3.50488
16.6023
1.19179
1.23309
1.25125
1.25758
1.25797
1.25845
1.25939
1.25065
1.22355
1.20073
1.19279
1.1935
1.19842
1.20653
1.21138
1.21462
1.22757
1.27119
1.30808
1.32128
1.32601
1.3305
1.33572
1.33743
1.32086
1.28618
1.26267
1.25482
1.25456
1.25501
1.256
1.26086
1.2854
1.34148
1.38215
1.39771
1.40333
1.40527
1.40845
1.40917
1.38472
1.34114
1.317
1.31109
1.3106
1.31153
1.315
1.3312
1.38673
1.43766
1.45796
1.46421
1.46669
1.47157
1.47633
1.46068
1.41586
1.38279
1.36863
1.35839
1.35217
1.35415
1.37282
1.43631
1.4949
1.52167
1.53208
1.53748
1.53922
1.53009
1.4836
1.42456
1.39548
1.3899
1.39283
1.40222
1.42943
1.49248
1.53417
1.54574
1.54801
1.54848
1.54736
1.53878
1.50273
1.4532
1.41963
1.40384
1.39917
1.40244
1.44692
1.50163
1.52661
1.53095
1.52937
1.51401
1.56789
3.52446
16.6555
1.17337
1.16853
1.18429
1.21898
1.24365
1.25416
1.25844
1.26246
1.26642
1.25983
1.24095
1.2256
1.21918
1.21618
1.21119
1.20785
1.20811
1.21414
1.24673
1.29309
1.31947
1.33077
1.33725
1.34353
1.34872
1.34474
1.31631
1.28405
1.26553
1.25854
1.25825
1.25973
1.26223
1.27581
1.32737
1.37457
1.39325
1.40299
1.41082
1.41562
1.41741
1.4004
1.3592
1.32769
1.31467
1.31313
1.31594
1.31913
1.32668
1.36946
1.42376
1.44997
1.46495
1.47914
1.48643
1.48976
1.47598
1.4274
1.37908
1.35622
1.35147
1.35283
1.3569
1.37439
1.44274
1.50601
1.5271
1.53216
1.53073
1.52582
1.51741
1.48317
1.43548
1.41124
1.40539
1.40451
1.40437
1.41989
1.47626
1.52141
1.53874
1.54381
1.54619
1.54926
1.54784
1.51831
1.46158
1.41784
1.39567
1.38671
1.38689
1.43434
1.49923
1.52526
1.52809
1.51259
1.58372
3.58081
16.7013
1.15459
1.13429
1.13663
1.1571
1.20258
1.23834
1.25753
1.27579
1.29443
1.30394
1.30182
1.27809
1.2443
1.22052
1.21054
1.2057
1.19945
1.19569
1.19936
1.22556
1.27953
1.31719
1.33531
1.35047
1.3613
1.36744
1.36783
1.34487
1.30422
1.27633
1.26418
1.25713
1.25614
1.25959
1.2718
1.32037
1.37731
1.40263
1.41064
1.41412
1.41862
1.4238
1.41868
1.3826
1.3442
1.32598
1.31814
1.31265
1.31335
1.3201
1.35879
1.42643
1.46604
1.47955
1.48552
1.48893
1.49072
1.47956
1.43008
1.38018
1.36152
1.35983
1.36402
1.3717
1.38904
1.444
1.49555
1.51335
1.51797
1.5212
1.52398
1.52264
1.49919
1.45401
1.41989
1.4046
1.40059
1.4
1.40714
1.45383
1.50698
1.5334
1.54686
1.55451
1.55652
1.55416
1.52507
1.45994
1.40495
1.38126
1.37623
1.38168
1.43623
1.49812
1.51841
1.50706
1.5846
3.65951
16.7496
1.13904
1.1156
1.11776
1.12188
1.14059
1.19176
1.24993
1.29012
1.31431
1.32543
1.3307
1.32712
1.29815
1.25197
1.21995
1.20104
1.18933
1.18743
1.19018
1.19639
1.21974
1.28163
1.33476
1.35777
1.36829
1.37515
1.38033
1.3806
1.35934
1.30752
1.26914
1.25811
1.25844
1.26258
1.26841
1.27627
1.31135
1.36699
1.39691
1.41104
1.42369
1.43113
1.43522
1.43117
1.39597
1.34809
1.32115
1.31429
1.31554
1.3201
1.32694
1.35734
1.42277
1.46347
1.47734
1.48303
1.48675
1.48855
1.47889
1.43755
1.39587
1.37771
1.37358
1.37393
1.37472
1.38205
1.42773
1.48323
1.50917
1.5183
1.52365
1.5318
1.53537
1.51735
1.467
1.4236
1.40105
1.38851
1.38483
1.39236
1.44642
1.51727
1.54851
1.5547
1.55573
1.55467
1.54841
1.51647
1.44825
1.39602
1.37737
1.37478
1.38843
1.4445
1.48906
1.48935
1.5706
3.75018
16.7952
1.13591
1.11126
1.11534
1.1196
1.12726
1.14501
1.2071
1.28917
1.32115
1.33052
1.33453
1.33381
1.32532
1.29742
1.2437
1.20502
1.19221
1.19047
1.19332
1.19977
1.21055
1.23167
1.29227
1.34766
1.36981
1.37704
1.37997
1.37833
1.37198
1.35311
1.31033
1.2793
1.26985
1.26918
1.26914
1.27062
1.27549
1.30333
1.36674
1.40967
1.42461
1.43021
1.43198
1.4331
1.43235
1.40692
1.35978
1.33225
1.32466
1.32388
1.32542
1.32945
1.35228
1.4149
1.46118
1.47769
1.48268
1.48501
1.48894
1.48876
1.46032
1.41742
1.38854
1.37398
1.3689
1.36831
1.37345
1.41194
1.47132
1.50698
1.52679
1.53868
1.5425
1.5424
1.52135
1.46118
1.40825
1.38722
1.38346
1.38569
1.39879
1.45864
1.52591
1.54703
1.54853
1.54407
1.53787
1.53274
1.50972
1.45177
1.40347
1.38415
1.38163
1.38892
1.432
1.45235
1.5403
3.8492
16.8295
1.14773
1.11844
1.1204
1.12388
1.13396
1.1587
1.19616
1.25065
1.30306
1.3222
1.32638
1.31952
1.30413
1.2896
1.27309
1.24139
1.21445
1.20541
1.20664
1.21311
1.22248
1.2329
1.24759
1.29418
1.3438
1.36267
1.36625
1.36467
1.36312
1.36341
1.35808
1.3289
1.29477
1.27585
1.27096
1.2734
1.28002
1.28755
1.30646
1.36022
1.40373
1.42015
1.42718
1.43286
1.43726
1.43798
1.41745
1.37143
1.33855
1.32681
1.32671
1.33113
1.33607
1.34908
1.39876
1.44901
1.47226
1.48554
1.49764
1.50302
1.50299
1.47885
1.42928
1.38855
1.36932
1.36388
1.36453
1.36911
1.4072
1.48175
1.52383
1.53502
1.53749
1.53536
1.53271
1.51434
1.45813
1.41272
1.39738
1.39523
1.39666
1.4052
1.45718
1.51194
1.52877
1.53003
1.52987
1.53308
1.53542
1.51893
1.46281
1.40719
1.37848
1.37198
1.37479
1.40015
1.5041
3.93338
16.8371
1.17511
1.14147
1.13874
1.14371
1.16391
1.19335
1.21129
1.22159
1.24195
1.27296
1.28974
1.29241
1.29082
1.29077
1.29057
1.28272
1.25984
1.23803
1.23026
1.23197
1.23821
1.24648
1.25131
1.25457
1.27377
1.31415
1.34149
1.35318
1.35848
1.36278
1.36895
1.37207
1.35371
1.31621
1.29317
1.28722
1.28629
1.28602
1.28862
1.30005
1.34713
1.39977
1.42354
1.43095
1.43251
1.43519
1.43914
1.43112
1.39161
1.35554
1.34088
1.33575
1.33175
1.33219
1.34084
1.38613
1.44922
1.484
1.49612
1.5015
1.50465
1.50571
1.48699
1.43357
1.38726
1.36857
1.36631
1.36978
1.37787
1.41263
1.47982
1.51599
1.52555
1.5289
1.53157
1.53207
1.5165
1.47052
1.42774
1.40511
1.39678
1.39554
1.39881
1.44004
1.49426
1.51844
1.52884
1.53889
1.54403
1.54266
1.52396
1.46528
1.40303
1.36766
1.35679
1.34756
1.46046
3.97865
16.8391
1.21097
1.18656
1.17937
1.18756
1.20413
1.21554
1.21984
1.21718
1.2052
1.20198
1.21866
1.25066
1.27449
1.2854
1.29028
1.29631
1.30291
1.30198
1.28763
1.27091
1.26144
1.25645
1.24724
1.2363
1.23296
1.24428
1.28584
1.32843
1.3514
1.36513
1.37744
1.38488
1.38835
1.37727
1.34111
1.30785
1.2916
1.28815
1.28964
1.29155
1.29588
1.32891
1.38392
1.4131
1.42558
1.43753
1.44589
1.45027
1.44579
1.41161
1.36817
1.34198
1.33334
1.33335
1.33608
1.34081
1.37538
1.4433
1.48215
1.49446
1.49939
1.50269
1.50332
1.49084
1.44203
1.39578
1.37821
1.37504
1.37509
1.37828
1.4083
1.47495
1.51518
1.52704
1.52962
1.53126
1.53446
1.52945
1.48844
1.43526
1.40191
1.38842
1.38574
1.38764
1.42437
1.48637
1.52239
1.53701
1.54182
1.54171
1.53736
1.51163
1.45066
1.39353
1.36055
1.33124
1.41256
3.95606
16.8576
1.22736
1.24739
1.25332
1.25306
1.24653
1.2371
1.22378
1.20159
1.17501
1.16148
1.16329
1.18549
1.23263
1.26975
1.29092
1.31337
1.3368
1.34888
1.34815
1.32613
1.29034
1.25921
1.23791
1.2222
1.21458
1.21528
1.22426
1.26645
1.3276
1.36438
1.37875
1.38733
1.39609
1.40253
1.39888
1.36557
1.32396
1.30162
1.29121
1.28389
1.2835
1.28839
1.31548
1.37697
1.42167
1.43884
1.44626
1.4521
1.45829
1.45924
1.43154
1.38155
1.35022
1.33864
1.33314
1.33315
1.338
1.37096
1.44298
1.48574
1.4975
1.50089
1.50384
1.50544
1.49439
1.44876
1.40289
1.3814
1.37697
1.37961
1.38314
1.40193
1.46031
1.50377
1.52093
1.53209
1.5409
1.54397
1.53874
1.49554
1.43096
1.39196
1.38072
1.37978
1.38252
1.42376
1.49451
1.52762
1.53575
1.53628
1.53261
1.51833
1.48614
1.43945
1.39628
1.35018
1.3915
3.86981
16.8986
1.24539
1.30371
1.31806
1.31735
1.29929
1.26637
1.22493
1.182
1.15096
1.14015
1.14001
1.14452
1.16637
1.22267
1.28576
1.33199
1.36041
1.37234
1.37711
1.3731
1.34291
1.2866
1.24069
1.21715
1.2102
1.21133
1.21563
1.22595
1.26718
1.33471
1.37383
1.39285
1.40525
1.41144
1.41392
1.40926
1.37498
1.3223
1.29199
1.28399
1.28428
1.28749
1.29273
1.31217
1.36938
1.41968
1.44237
1.45576
1.46417
1.46817
1.46698
1.43858
1.38229
1.34497
1.33403
1.33458
1.33912
1.34615
1.37257
1.43843
1.48252
1.49534
1.49831
1.49974
1.50377
1.50177
1.46541
1.41851
1.39401
1.38263
1.37414
1.37296
1.38781
1.44827
1.50693
1.53226
1.54039
1.54339
1.54369
1.53428
1.48616
1.42099
1.38784
1.38044
1.38122
1.39097
1.43479
1.49264
1.51749
1.52179
1.51984
1.5139
1.50318
1.48161
1.44648
1.39385
1.39471
3.74902
16.9573
1.2499
1.33611
1.35117
1.35496
1.34814
1.31612
1.24619
1.17607
1.14483
1.13706
1.13773
1.14206
1.15049
1.17193
1.24593
1.33342
1.3669
1.37682
1.38081
1.37762
1.36289
1.3278
1.26832
1.22794
1.21545
1.21515
1.2199
1.2299
1.24338
1.27818
1.3489
1.39224
1.40563
1.41003
1.40983
1.40571
1.39881
1.37162
1.32613
1.29894
1.29108
1.29066
1.29299
1.29659
1.31133
1.36938
1.43079
1.45514
1.46203
1.4628
1.46217
1.46242
1.44395
1.39362
1.35786
1.34677
1.34549
1.34638
1.34797
1.36595
1.42575
1.47062
1.4874
1.50055
1.51115
1.51535
1.51231
1.47738
1.42038
1.38186
1.36951
1.36884
1.37088
1.386
1.4536
1.51519
1.5341
1.53775
1.53567
1.52966
1.51926
1.48179
1.42805
1.39942
1.39235
1.391
1.39022
1.42315
1.47665
1.50307
1.51057
1.51217
1.50933
1.50187
1.48574
1.44223
1.42535
3.63755
17.0194
1.23758
1.34134
1.35465
1.35783
1.34545
1.30122
1.24485
1.19414
1.15899
1.14624
1.14526
1.14976
1.162
1.18764
1.22806
1.2923
1.34764
1.3666
1.3693
1.3575
1.33794
1.32176
1.30397
1.27021
1.24297
1.23425
1.23647
1.24409
1.25513
1.26955
1.29774
1.35004
1.38335
1.3938
1.39581
1.39605
1.39681
1.39695
1.38107
1.34099
1.30992
1.29813
1.29813
1.30472
1.31211
1.32154
1.36429
1.42161
1.44626
1.45412
1.45993
1.4647
1.46659
1.45209
1.40626
1.36639
1.34804
1.34305
1.34393
1.34677
1.36112
1.42033
1.47915
1.50276
1.51012
1.51433
1.51693
1.51404
1.47732
1.41474
1.38008
1.37175
1.37266
1.37785
1.39768
1.45818
1.50743
1.52249
1.52502
1.52601
1.5262
1.52115
1.49205
1.44145
1.40504
1.38898
1.38404
1.38316
1.40939
1.46456
1.50018
1.51148
1.51056
1.50538
1.49747
1.47019
1.47901
3.57309
17.0806
1.21459
1.30473
1.32958
1.33029
1.30845
1.27648
1.25097
1.22654
1.19718
1.17563
1.1692
1.17323
1.19089
1.21968
1.24033
1.25577
1.2837
1.31588
1.32988
1.32966
1.32676
1.32651
1.32481
1.31569
1.29274
1.27117
1.26297
1.26406
1.26974
1.27551
1.27939
1.28759
1.31909
1.35748
1.37874
1.3876
1.39139
1.39619
1.40305
1.40019
1.36733
1.33174
1.31675
1.31286
1.3106
1.31177
1.31759
1.35365
1.41483
1.44802
1.45861
1.46177
1.46276
1.46542
1.46
1.42269
1.37897
1.3545
1.34758
1.34867
1.35263
1.36532
1.41915
1.47861
1.50174
1.50814
1.51035
1.50874
1.50407
1.47466
1.42361
1.39327
1.3845
1.38445
1.3859
1.39514
1.44385
1.4939
1.51553
1.52261
1.52545
1.52899
1.52866
1.50573
1.45161
1.40771
1.38608
1.37423
1.36887
1.39341
1.46008
1.50087
1.5088
1.50424
1.4968
1.47522
1.52423
3.56428
17.1337
1.20465
1.23297
1.25721
1.26926
1.26696
1.261
1.25923
1.25705
1.24534
1.22492
1.21294
1.21564
1.22997
1.24354
1.24925
1.24996
1.24084
1.23683
1.25313
1.28526
1.30992
1.32189
1.32885
1.33709
1.34317
1.33857
1.32057
1.3025
1.29089
1.28244
1.27181
1.26083
1.26124
1.2854
1.33396
1.36908
1.38785
1.40426
1.41632
1.42172
1.42033
1.39174
1.34845
1.3217
1.31361
1.314
1.31619
1.31829
1.33805
1.39442
1.43472
1.44954
1.45816
1.46633
1.47293
1.47302
1.44235
1.39158
1.36221
1.35469
1.35473
1.35615
1.36393
1.41236
1.47224
1.49652
1.50263
1.50551
1.50907
1.51032
1.48998
1.44255
1.40574
1.38836
1.38178
1.3801
1.38475
1.42513
1.48083
1.51126
1.52692
1.53573
1.53697
1.53447
1.51233
1.45267
1.39803
1.3715
1.36288
1.36083
1.39245
1.46453
1.4996
1.50035
1.49295
1.47232
1.54946
3.5989
17.1818
1.20992
1.19933
1.17775
1.18063
1.20674
1.23711
1.25465
1.26229
1.27187
1.28117
1.28618
1.28389
1.27677
1.26814
1.25705
1.23676
1.20626
1.18922
1.19142
1.21634
1.26773
1.3088
1.33384
1.35896
1.38032
1.38956
1.38426
1.3565
1.31926
1.28653
1.25925
1.24265
1.23928
1.24281
1.26429
1.32467
1.38113
1.40658
1.41756
1.42622
1.43426
1.43741
1.41531
1.36723
1.33543
1.32154
1.30971
1.30366
1.30537
1.32245
1.38119
1.4363
1.46167
1.4734
1.48052
1.48356
1.48118
1.45269
1.40092
1.36706
1.35565
1.35507
1.35734
1.36315
1.40256
1.46303
1.49473
1.50708
1.51392
1.51935
1.52109
1.50457
1.45411
1.4074
1.38319
1.37385
1.37102
1.37425
1.41708
1.48934
1.52657
1.53457
1.5352
1.53405
1.52832
1.50408
1.44531
1.3919
1.36735
1.36031
1.36144
1.40171
1.46471
1.48914
1.48696
1.46607
1.55429
3.6729
17.2284
1.20645
1.16106
1.1332
1.12866
1.14123
1.18177
1.23
1.26342
1.29454
1.33131
1.35101
1.35175
1.33394
1.30328
1.26475
1.21739
1.1791
1.16523
1.16498
1.17052
1.1965
1.26179
1.33059
1.37656
1.40357
1.41478
1.4189
1.41013
1.36822
1.3058
1.26024
1.24157
1.23835
1.24026
1.24624
1.26604
1.32806
1.38754
1.41621
1.43354
1.44395
1.44874
1.44814
1.42483
1.36777
1.32212
1.30473
1.3016
1.30339
1.30687
1.32072
1.38231
1.44707
1.47143
1.4781
1.48107
1.48331
1.48368
1.46286
1.4117
1.37403
1.35987
1.3555
1.35479
1.35849
1.39169
1.4556
1.49613
1.5123
1.51835
1.52107
1.522
1.50867
1.45684
1.40344
1.37777
1.37149
1.37222
1.37861
1.42415
1.49496
1.52393
1.52734
1.52405
1.51863
1.51469
1.49908
1.44829
1.39637
1.37055
1.36365
1.36301
1.39769
1.45012
1.46964
1.4564
1.54708
3.76574
17.2678
1.2047
1.13218
1.10917
1.10529
1.10779
1.12017
1.16241
1.23516
1.30945
1.36389
1.38674
1.39281
1.3882
1.35792
1.28878
1.21161
1.17387
1.16359
1.16408
1.16824
1.17759
1.20342
1.28768
1.37496
1.4088
1.41842
1.42222
1.41862
1.3995
1.34798
1.28464
1.25218
1.2435
1.24409
1.24922
1.25823
1.27574
1.33692
1.40762
1.43687
1.44511
1.44771
1.44558
1.43685
1.41495
1.36332
1.3225
1.30842
1.30741
1.31159
1.32031
1.33548
1.38589
1.44361
1.46797
1.47673
1.48319
1.48698
1.48634
1.46692
1.41689
1.37499
1.35668
1.35279
1.35401
1.35724
1.38343
1.44967
1.49725
1.51304
1.51775
1.5202
1.52139
1.51062
1.46012
1.40638
1.38342
1.37737
1.37613
1.37928
1.42282
1.48894
1.51312
1.51493
1.51486
1.51546
1.51522
1.50462
1.45615
1.39828
1.3649
1.35529
1.35524
1.38695
1.43641
1.44462
1.53935
3.8542
17.2903
1.21578
1.12337
1.10558
1.105
1.10667
1.11476
1.12841
1.17482
1.29435
1.37002
1.39008
1.39633
1.39245
1.35897
1.29542
1.23271
1.19107
1.17599
1.1748
1.18051
1.19205
1.21061
1.2448
1.32689
1.39147
1.41076
1.41348
1.40028
1.37899
1.35874
1.3278
1.2874
1.26422
1.25818
1.26075
1.26886
1.2825
1.30256
1.35374
1.40937
1.42963
1.43216
1.42574
1.41934
1.41834
1.4125
1.37845
1.34064
1.32437
1.32196
1.32403
1.32697
1.33492
1.37978
1.44303
1.47259
1.48047
1.48093
1.48042
1.48197
1.47176
1.42613
1.37968
1.35893
1.35335
1.35301
1.35529
1.3796
1.45142
1.50176
1.51638
1.51982
1.5222
1.52239
1.51067
1.45993
1.40655
1.38127
1.37464
1.37461
1.37916
1.41966
1.48159
1.50868
1.51409
1.5159
1.51857
1.51936
1.51003
1.46014
1.39416
1.35583
1.34663
1.34739
1.38213
1.41791
1.52303
3.92696
17.3014
1.22824
1.14237
1.11987
1.11796
1.12162
1.13192
1.14852
1.18119
1.24292
1.32921
1.36846
1.37634
1.36438
1.33272
1.30002
1.26922
1.23505
1.20978
1.20014
1.20108
1.21049
1.23127
1.25612
1.2835
1.32967
1.36662
1.37657
1.37139
1.36358
1.35886
1.35528
1.34065
1.31102
1.29067
1.28591
1.29088
1.30054
1.30801
1.31305
1.33351
1.37287
1.39974
1.41083
1.41669
1.42467
1.43022
1.42846
1.40016
1.35939
1.33583
1.32881
1.33081
1.33657
1.34153
1.37109
1.42909
1.46024
1.4709
1.47846
1.48384
1.48661
1.47861
1.43318
1.38315
1.35994
1.35502
1.35706
1.36294
1.38547
1.45339
1.50247
1.51571
1.51762
1.5165
1.51636
1.50819
1.46491
1.41396
1.38657
1.37701
1.37503
1.37667
1.41295
1.47385
1.50377
1.51317
1.51742
1.51827
1.51722
1.50637
1.45273
1.38387
1.34849
1.34216
1.34624
1.37144
1.48971
3.97434
17.3178
1.24727
1.18968
1.16002
1.14841
1.14638
1.15263
1.17447
1.20389
1.22566
1.25432
1.29754
1.32159
1.32232
1.31445
1.30877
1.30159
1.28533
1.25887
1.2392
1.2349
1.24401
1.26049
1.27067
1.27439
1.27341
1.27808
1.30158
1.33049
1.34775
1.35616
1.36455
1.37093
1.36854
1.35251
1.33464
1.32443
1.31939
1.31254
1.29668
1.28685
1.29593
1.33969
1.38989
1.41636
1.42707
1.43401
1.44054
1.4443
1.42745
1.38592
1.35622
1.34396
1.33618
1.32972
1.33108
1.354
1.41628
1.46119
1.4764
1.48122
1.48482
1.4894
1.48664
1.44552
1.39411
1.37082
1.3654
1.3646
1.36537
1.38263
1.44677
1.49329
1.50578
1.51049
1.51505
1.51709
1.51153
1.4737
1.41883
1.38427
1.37253
1.3714
1.37337
1.40757
1.47336
1.50602
1.51391
1.51497
1.51451
1.51156
1.49251
1.43847
1.38195
1.35157
1.34265
1.3329
1.44671
3.9835
17.3342
1.26655
1.24969
1.21502
1.18904
1.18007
1.18632
1.20598
1.22029
1.22497
1.2258
1.21973
1.22564
1.25526
1.28779
1.30294
1.30706
1.31078
1.31115
1.30686
1.30149
1.29652
1.29119
1.28372
1.26432
1.23473
1.22173
1.22848
1.26564
1.31924
1.35192
1.36813
1.3832
1.40171
1.41097
1.40117
1.37272
1.34138
1.30947
1.2793
1.26372
1.26235
1.27198
1.32114
1.3854
1.41765
1.43428
1.45178
1.46408
1.46926
1.45394
1.4052
1.35832
1.33222
1.32208
1.31905
1.32091
1.34164
1.40738
1.45716
1.47582
1.48824
1.49584
1.49958
1.49538
1.45608
1.40214
1.37202
1.36219
1.36136
1.36267
1.37859
1.44113
1.49245
1.50985
1.51401
1.51627
1.5174
1.5131
1.47872
1.42037
1.3825
1.37093
1.37025
1.3742
1.4106
1.47229
1.50078
1.50741
1.50778
1.50605
1.50076
1.48014
1.43579
1.38977
1.35856
1.32607
1.3932
3.95243
17.3471
1.26575
1.275
1.26815
1.2536
1.24192
1.23849
1.23693
1.23397
1.22437
1.20035
1.17262
1.16651
1.18021
1.22905
1.28051
1.30657
1.32483
1.35219
1.36974
1.37039
1.35333
1.32492
1.29119
1.2509
1.21459
1.19746
1.19577
1.2029
1.24185
1.30774
1.35839
1.39746
1.43096
1.44512
1.44845
1.43214
1.38043
1.31684
1.27534
1.25929
1.25722
1.25984
1.26852
1.31207
1.3873
1.43873
1.46446
1.47801
1.48431
1.48532
1.46386
1.40189
1.34551
1.32099
1.31548
1.31662
1.32028
1.34164
1.41274
1.47091
1.48961
1.49551
1.49945
1.50265
1.49979
1.46267
1.40504
1.37171
1.36174
1.36127
1.36379
1.37816
1.43487
1.48753
1.50588
1.51149
1.51427
1.51545
1.51396
1.48351
1.42249
1.38447
1.37402
1.37281
1.37356
1.40518
1.46286
1.49086
1.49885
1.50104
1.49996
1.49542
1.47811
1.44024
1.39719
1.344
1.36533
3.87665
17.3656
1.24337
1.28019
1.2976
1.31458
1.31658
1.30037
1.2748
1.25096
1.22128
1.1786
1.14985
1.14272
1.14504
1.15872
1.20948
1.27897
1.33482
1.37817
1.40585
1.4142
1.41089
1.38113
1.31982
1.254
1.21135
1.19492
1.19375
1.19683
1.20367
1.23531
1.3221
1.40569
1.44299
1.45471
1.45957
1.45669
1.42675
1.35307
1.29009
1.26512
1.25965
1.26088
1.26473
1.27396
1.32194
1.41689
1.46717
1.48041
1.48534
1.48493
1.47483
1.44599
1.38623
1.33906
1.32199
1.31985
1.32275
1.33027
1.35435
1.42118
1.47442
1.49271
1.49984
1.50427
1.50548
1.49835
1.45973
1.40544
1.37383
1.36394
1.36253
1.36279
1.3742
1.43179
1.48696
1.50612
1.51257
1.51655
1.51708
1.51319
1.48298
1.42371
1.38456
1.37189
1.36996
1.37109
1.39933
1.45386
1.48557
1.49709
1.50019
1.49825
1.49137
1.47478
1.43946
1.3814
1.37558
3.77285
17.4091
1.18475
1.2725
1.31782
1.34779
1.35913
1.35828
1.33396
1.28384
1.22313
1.17551
1.15097
1.14426
1.14605
1.15149
1.16278
1.20745
1.30511
1.38164
1.40982
1.41735
1.42077
1.41254
1.3638
1.28113
1.22593
1.20345
1.19881
1.20087
1.20659
1.2176
1.26243
1.37593
1.43908
1.4532
1.45582
1.44156
1.41358
1.3809
1.33432
1.29121
1.27189
1.26807
1.27037
1.2793
1.3023
1.36178
1.43796
1.468
1.47404
1.46714
1.4541
1.4443
1.42958
1.38968
1.35075
1.33519
1.33378
1.33742
1.34285
1.36275
1.42728
1.47988
1.49632
1.49959
1.49711
1.49404
1.49066
1.46359
1.41153
1.37571
1.36354
1.36313
1.36632
1.37929
1.43446
1.48995
1.50969
1.51378
1.51413
1.51389
1.5112
1.4846
1.4262
1.38576
1.37214
1.36798
1.36593
1.39001
1.4499
1.48699
1.49764
1.49699
1.49141
1.48153
1.4619
1.41753
1.41681
3.68063
17.4728
1.13257
1.21489
1.31411
1.35175
1.36153
1.36391
1.35664
1.31967
1.25228
1.19732
1.16876
1.15958
1.16022
1.16486
1.17157
1.18233
1.23056
1.34131
1.39803
1.41034
1.40819
1.39036
1.36318
1.32325
1.26913
1.2313
1.21677
1.21548
1.22108
1.23872
1.27247
1.32375
1.38955
1.42132
1.4254
1.4162
1.40645
1.39955
1.38122
1.33685
1.29858
1.28555
1.2882
1.3051
1.32453
1.3375
1.36477
1.41268
1.4387
1.4451
1.44596
1.4468
1.44652
1.43691
1.40179
1.36551
1.35016
1.34871
1.35507
1.36318
1.37286
1.41564
1.46175
1.47928
1.48431
1.48741
1.49122
1.49296
1.47294
1.42064
1.38345
1.37169
1.36958
1.36984
1.37921
1.43349
1.4864
1.50464
1.51013
1.51286
1.51309
1.50994
1.48501
1.42841
1.38593
1.3686
1.36282
1.3609
1.38782
1.4511
1.48632
1.493
1.48968
1.48196
1.46826
1.43806
1.47154
3.62582
17.5393
1.14058
1.17021
1.24247
1.31394
1.3387
1.34152
1.33495
1.32243
1.29894
1.25522
1.21249
1.18646
1.17674
1.17624
1.18121
1.19665
1.22284
1.26665
1.33413
1.3692
1.37557
1.37035
1.36192
1.35224
1.32621
1.28339
1.25305
1.24456
1.25083
1.26949
1.28398
1.29262
1.31166
1.34948
1.37951
1.39295
1.3975
1.3976
1.39282
1.3819
1.35769
1.33748
1.3326
1.33566
1.33765
1.33182
1.32484
1.3332
1.37352
1.4166
1.43662
1.44198
1.44294
1.44527
1.44815
1.43313
1.40075
1.37954
1.36965
1.35937
1.35212
1.356
1.3922
1.44628
1.47447
1.48593
1.49318
1.49653
1.49709
1.47985
1.42955
1.38928
1.37342
1.37061
1.37186
1.37919
1.42862
1.48435
1.50617
1.51054
1.51055
1.51044
1.50904
1.48829
1.4317
1.38608
1.36654
1.35882
1.35549
1.3848
1.45194
1.48475
1.48731
1.48103
1.46985
1.44623
1.51413
3.61815
17.5948
1.16481
1.17349
1.17793
1.21136
1.27431
1.31016
1.32128
1.32384
1.32421
1.31321
1.27314
1.22687
1.20425
1.20037
1.20896
1.22403
1.23077
1.2336
1.2415
1.2785
1.3225
1.34682
1.35492
1.35788
1.36025
1.34661
1.31677
1.29779
1.29348
1.29528
1.29541
1.2876
1.27511
1.27398
1.29883
1.34534
1.3772
1.38911
1.39538
1.40599
1.41418
1.4102
1.39043
1.36654
1.34463
1.32439
1.30638
1.29794
1.30502
1.3493
1.40361
1.42872
1.44112
1.45711
1.472
1.47866
1.46528
1.42247
1.38013
1.35354
1.34058
1.33554
1.33895
1.3762
1.44267
1.47879
1.48936
1.49286
1.49844
1.50339
1.49401
1.44496
1.39816
1.3778
1.36942
1.3661
1.37157
1.42075
1.4792
1.50161
1.5086
1.51114
1.51046
1.50692
1.48538
1.42958
1.38212
1.36028
1.35326
1.3528
1.38924
1.45279
1.47879
1.47784
1.46863
1.44678
1.53471
3.65508
17.6374
1.18124
1.17271
1.16138
1.16003
1.1764
1.23622
1.29394
1.31768
1.32375
1.32308
1.31626
1.2965
1.26896
1.25108
1.24414
1.24156
1.2335
1.21224
1.20103
1.2039
1.23654
1.30106
1.34508
1.36077
1.36567
1.37229
1.37905
1.36889
1.34445
1.32249
1.30478
1.28126
1.25281
1.23889
1.24074
1.26679
1.32767
1.37585
1.40295
1.42746
1.44968
1.45775
1.44966
1.41637
1.36951
1.32661
1.29654
1.28265
1.28157
1.28873
1.33198
1.39821
1.44232
1.46955
1.49026
1.4997
1.5015
1.48002
1.41976
1.36394
1.3366
1.32766
1.32718
1.33139
1.36958
1.43893
1.47589
1.49392
1.50831
1.51501
1.51724
1.50099
1.44324
1.38873
1.36599
1.361
1.36035
1.36764
1.42271
1.48565
1.50638
1.50846
1.50616
1.50378
1.50053
1.48292
1.43076
1.38316
1.36097
1.35403
1.35336
1.39023
1.44574
1.46606
1.46283
1.44216
1.53935
3.72454
17.6688
1.18606
1.16599
1.15698
1.14744
1.14498
1.15267
1.20433
1.27308
1.30516
1.32007
1.34073
1.35228
1.34649
1.31538
1.27844
1.24933
1.22644
1.20681
1.19174
1.18657
1.18896
1.21264
1.27908
1.33509
1.36632
1.39645
1.41693
1.42167
1.40691
1.36805
1.3236
1.28041
1.24676
1.23025
1.22789
1.23087
1.25108
1.31592
1.38997
1.43991
1.46734
1.47705
1.47936
1.46655
1.41487
1.34499
1.29954
1.2822
1.27923
1.28094
1.28673
1.32653
1.41409
1.47583
1.49974
1.50695
1.50848
1.5021
1.46841
1.39708
1.34563
1.32842
1.32595
1.32712
1.33295
1.374
1.45644
1.5016
1.51403
1.51857
1.51821
1.51215
1.48915
1.43024
1.38125
1.3638
1.36054
1.36198
1.37446
1.4278
1.48239
1.49917
1.50139
1.50238
1.50201
1.49826
1.48258
1.43386
1.38355
1.35765
1.34968
1.35011
1.38395
1.43401
1.45187
1.43736
1.53567
3.80583
17.6866
1.21301
1.1674
1.15475
1.14392
1.13759
1.13826
1.14379
1.18173
1.26464
1.32777
1.35777
1.37211
1.37775
1.37332
1.33813
1.28326
1.23938
1.21149
1.19364
1.18642
1.18694
1.19015
1.20321
1.26407
1.35322
1.40622
1.42545
1.43168
1.43404
1.42164
1.3687
1.29887
1.25349
1.23339
1.2294
1.23165
1.23642
1.25436
1.33849
1.43408
1.46838
1.47662
1.47876
1.47204
1.44757
1.38751
1.32386
1.2897
1.27971
1.27976
1.28283
1.29655
1.36382
1.46185
1.49617
1.50322
1.50119
1.49004
1.47414
1.44174
1.38427
1.34274
1.32948
1.32837
1.3313
1.34659
1.40735
1.48341
1.5093
1.51412
1.51
1.50157
1.49389
1.4748
1.42565
1.38368
1.36822
1.36576
1.36622
1.37492
1.42847
1.48543
1.50337
1.50406
1.50183
1.49921
1.49561
1.48357
1.43849
1.38452
1.35331
1.34381
1.34399
1.37663
1.42118
1.42371
1.52528
3.89176
17.6884
1.25654
1.18548
1.15853
1.14463
1.13753
1.13786
1.14131
1.15134
1.18896
1.28385
1.35104
1.37174
1.37727
1.37591
1.36394
1.33106
1.28158
1.23603
1.20478
1.18944
1.18649
1.18902
1.19557
1.21529
1.28783
1.38423
1.42147
1.42915
1.42727
1.41321
1.39033
1.34622
1.28795
1.25222
1.24061
1.24059
1.24526
1.25698
1.28684
1.37583
1.44502
1.4631
1.46427
1.458
1.44769
1.42623
1.36939
1.31489
1.29272
1.29028
1.2985
1.31889
1.34954
1.40349
1.45999
1.47963
1.482
1.47895
1.47412
1.46525
1.43199
1.3771
1.34665
1.34093
1.34847
1.36437
1.38324
1.42472
1.47359
1.49242
1.49503
1.49429
1.49224
1.48859
1.47208
1.42691
1.38705
1.37065
1.36748
1.37063
1.38407
1.43297
1.48133
1.49586
1.49632
1.49358
1.49275
1.4933
1.48661
1.44432
1.38343
1.34703
1.33645
1.33604
1.36492
1.39163
1.50203
3.97835
17.6906
1.30076
1.23946
1.183
1.15731
1.14885
1.15003
1.15922
1.17447
1.18936
1.21309
1.28034
1.33851
1.35738
1.36054
1.36064
1.35888
1.339
1.28377
1.22998
1.20347
1.1979
1.20348
1.21964
1.23503
1.2498
1.29957
1.37067
1.40002
1.4049
1.40468
1.40238
1.38963
1.34362
1.28793
1.25963
1.25422
1.25978
1.27364
1.28925
1.31305
1.37459
1.42397
1.43977
1.44161
1.43582
1.42633
1.41034
1.3699
1.33264
1.3208
1.32505
1.33447
1.34122
1.35213
1.39134
1.44
1.46236
1.46815
1.46623
1.4582
1.44812
1.42678
1.39518
1.37871
1.37612
1.37685
1.37717
1.37854
1.40726
1.45637
1.48065
1.48639
1.48458
1.48094
1.48026
1.4739
1.44107
1.40427
1.38592
1.37983
1.3779
1.38105
1.41918
1.46626
1.48368
1.48799
1.49264
1.49541
1.49477
1.48687
1.44297
1.37775
1.33891
1.32904
1.32692
1.34197
1.4642
4.04501
17.6954
1.29825
1.28758
1.24476
1.20249
1.1819
1.17737
1.18067
1.18591
1.18973
1.19336
1.20438
1.25246
1.3139
1.34295
1.35102
1.35038
1.34158
1.32924
1.29508
1.25614
1.23729
1.23435
1.23752
1.2409
1.24304
1.2467
1.27984
1.34597
1.384
1.39585
1.39835
1.39499
1.3853
1.35025
1.31117
1.2934
1.29101
1.29465
1.29734
1.29793
1.30175
1.34291
1.39531
1.41854
1.42423
1.4263
1.42747
1.41995
1.39444
1.36891
1.35553
1.34835
1.34387
1.34395
1.34557
1.36669
1.41163
1.43992
1.44872
1.45094
1.45351
1.45799
1.45839
1.44086
1.41256
1.38821
1.37355
1.36809
1.36799
1.38824
1.43553
1.46391
1.47255
1.47734
1.48475
1.49244
1.49334
1.46604
1.41997
1.38821
1.37296
1.36802
1.36994
1.4046
1.45821
1.48346
1.49031
1.49177
1.49358
1.49296
1.48408
1.43734
1.37499
1.33874
1.32243
1.30168
1.41654
4.06761
17.6953
1.28642
1.2982
1.3007
1.27969
1.24308
1.21721
1.20317
1.19624
1.19414
1.19331
1.18896
1.18933
1.21721
1.28044
1.32169
1.33548
1.34368
1.3538
1.35528
1.33342
1.29336
1.26392
1.24825
1.24089
1.23837
1.23589
1.23627
1.25479
1.31655
1.36622
1.38427
1.38961
1.39572
1.40132
1.38774
1.35366
1.32689
1.31094
1.29667
1.28221
1.27694
1.28138
1.31764
1.37828
1.41324
1.42451
1.42837
1.43663
1.44602
1.43536
1.40354
1.37419
1.35382
1.338
1.32487
1.32301
1.3406
1.38971
1.4293
1.44952
1.46608
1.48463
1.49404
1.4905
1.46153
1.41603
1.38156
1.36189
1.35022
1.34922
1.36736
1.41838
1.4584
1.47856
1.49398
1.50886
1.5157
1.51243
1.47814
1.4199
1.37891
1.36191
1.35664
1.35807
1.39313
1.4508
1.47714
1.48696
1.49375
1.49623
1.49402
1.47969
1.43059
1.3747
1.33603
1.29526
1.36942
4.03328
17.6983
1.2684
1.30507
1.3146
1.32314
1.31926
1.28795
1.24725
1.21952
1.20381
1.18937
1.17523
1.1686
1.1698
1.18914
1.2556
1.31984
1.35039
1.36527
1.37837
1.38368
1.36875
1.3222
1.27915
1.25463
1.24084
1.22839
1.21804
1.21705
1.23201
1.29415
1.35857
1.39329
1.41496
1.43079
1.43591
1.42208
1.37926
1.33511
1.30381
1.28442
1.27344
1.26783
1.26943
1.2971
1.36061
1.40575
1.43292
1.46037
1.47352
1.47654
1.45946
1.41501
1.36875
1.33565
1.31676
1.3069
1.30626
1.32036
1.37276
1.43223
1.47399
1.49914
1.51003
1.51317
1.50632
1.46672
1.40759
1.36487
1.34513
1.33698
1.33593
1.35052
1.40755
1.46764
1.50301
1.52067
1.52636
1.52749
1.51978
1.47587
1.40822
1.36592
1.3521
1.34891
1.34941
1.38616
1.45214
1.48532
1.497
1.5009
1.49926
1.49315
1.46854
1.4201
1.37154
1.31479
1.35375
3.94789
17.717
1.20646
1.2947
1.32538
1.34465
1.35252
1.35034
1.31568
1.25682
1.21216
1.18924
1.17599
1.16589
1.1622
1.16388
1.17619
1.23943
1.32319
1.36846
1.38941
1.39978
1.40351
1.38905
1.33622
1.28127
1.24519
1.22286
1.21104
1.20928
1.212
1.22482
1.28746
1.37387
1.42004
1.43547
1.4416
1.44439
1.4344
1.39
1.33539
1.2976
1.2744
1.26218
1.26086
1.26427
1.28857
1.36487
1.43716
1.46768
1.47803
1.48229
1.48391
1.46811
1.41437
1.3559
1.31976
1.30453
1.30201
1.30393
1.31528
1.37856
1.46372
1.5016
1.5113
1.51454
1.51474
1.50553
1.45897
1.39252
1.3489
1.33196
1.32916
1.33063
1.35046
1.43226
1.50185
1.52172
1.52633
1.52738
1.52358
1.51074
1.46454
1.39689
1.35719
1.34667
1.34513
1.34855
1.3954
1.46597
1.49586
1.50182
1.50039
1.49475
1.48004
1.45231
1.40986
1.35084
1.36774
3.84047
17.7629
1.14489
1.24093
1.32058
1.34651
1.3541
1.35661
1.35262
1.32113
1.26017
1.20935
1.18038
1.1653
1.16166
1.16364
1.16871
1.18299
1.2479
1.34662
1.39074
1.40115
1.40464
1.40322
1.38723
1.33206
1.26964
1.23017
1.21479
1.21239
1.21514
1.22203
1.23746
1.30351
1.39339
1.43094
1.44002
1.44328
1.44119
1.42759
1.38298
1.32334
1.28123
1.2648
1.26286
1.26598
1.27439
1.30476
1.39271
1.45753
1.47583
1.48013
1.47914
1.47331
1.4551
1.40126
1.33964
1.30927
1.30293
1.30451
1.31155
1.33649
1.41593
1.48504
1.5052
1.5091
1.50805
1.50434
1.49386
1.43936
1.36874
1.33711
1.33177
1.33467
1.34804
1.38733
1.46551
1.50956
1.51882
1.51877
1.51467
1.50994
1.4984
1.44973
1.38411
1.35343
1.34709
1.34713
1.35933
1.42013
1.47909
1.49702
1.4979
1.49311
1.48214
1.46606
1.43749
1.38578
1.4038
3.74857
17.8301
1.1471
1.16644
1.24411
1.31615
1.3414
1.34698
1.34864
1.34848
1.32543
1.25725
1.20011
1.17605
1.1711
1.17461
1.18354
1.19353
1.20646
1.25921
1.34552
1.3831
1.39118
1.39221
1.3896
1.37677
1.32428
1.26544
1.23591
1.22821
1.23006
1.23614
1.24454
1.25738
1.31323
1.39148
1.42375
1.43056
1.43116
1.42866
1.41774
1.37331
1.31608
1.28507
1.27818
1.28167
1.29004
1.30083
1.32657
1.39845
1.45151
1.4664
1.46959
1.4705
1.46647
1.44309
1.38537
1.33646
1.31964
1.3205
1.33023
1.3427
1.36339
1.424
1.47766
1.49505
1.49892
1.49879
1.49067
1.46859
1.41792
1.37161
1.35536
1.35644
1.36239
1.3688
1.39901
1.46362
1.499
1.50719
1.50851
1.50627
1.49518
1.47736
1.4366
1.3885
1.36677
1.36262
1.36451
1.37703
1.42815
1.47243
1.48553
1.48429
1.47709
1.46584
1.45015
1.41306
1.44779
3.6938
17.9027
1.15272
1.15638
1.17093
1.23079
1.30254
1.33091
1.33745
1.33394
1.32581
1.31288
1.26719
1.21911
1.19769
1.19334
1.19563
1.20037
1.20574
1.21278
1.25078
1.32597
1.36664
1.37749
1.37848
1.37379
1.36475
1.33001
1.28207
1.25503
1.24719
1.24814
1.25243
1.25703
1.26409
1.30656
1.3765
1.40879
1.41639
1.41448
1.40984
1.40579
1.37822
1.33226
1.30569
1.29815
1.29879
1.30183
1.30548
1.32396
1.38957
1.44107
1.45609
1.45699
1.44979
1.44648
1.43628
1.39733
1.36043
1.34538
1.3425
1.3437
1.34552
1.35859
1.41706
1.46815
1.48345
1.48383
1.47565
1.47034
1.46235
1.43377
1.39979
1.37997
1.3708
1.36853
1.37024
1.39465
1.45713
1.49095
1.49726
1.4896
1.47799
1.47539
1.47292
1.45409
1.4154
1.387
1.37385
1.36871
1.37097
1.41415
1.45747
1.47122
1.46894
1.46099
1.44673
1.41843
1.49321
3.68683
17.9589
1.16341
1.16434
1.16573
1.16627
1.19609
1.26357
1.30323
1.31684
1.32688
1.33277
1.32945
1.29322
1.24629
1.22013
1.21038
1.20819
1.20841
1.20894
1.20946
1.22677
1.29076
1.34201
1.36
1.36604
1.37245
1.37447
1.3549
1.31383
1.28299
1.26797
1.26166
1.25895
1.25788
1.25973
1.28514
1.34757
1.38562
1.3977
1.40565
1.41349
1.41655
1.4014
1.36057
1.32717
1.31035
1.30397
1.30388
1.30625
1.31619
1.36596
1.41567
1.43285
1.4382
1.4464
1.45301
1.45309
1.42662
1.38539
1.35704
1.34469
1.3434
1.3456
1.35441
1.39891
1.4437
1.45992
1.4642
1.46909
1.47749
1.48169
1.46635
1.42521
1.38859
1.3713
1.36799
1.36961
1.38898
1.43601
1.46286
1.46842
1.47002
1.477
1.48818
1.49275
1.47771
1.42951
1.38743
1.36827
1.36243
1.36245
1.39669
1.43938
1.45448
1.45347
1.4418
1.41526
1.51331
3.73814
17.9627
1.18321
1.16655
1.15222
1.14328
1.1444
1.16789
1.24366
1.30588
1.32679
1.33289
1.33768
1.34268
1.3243
1.27722
1.24023
1.22183
1.21193
1.20256
1.19345
1.19177
1.20548
1.26904
1.33558
1.36305
1.37232
1.38123
1.3895
1.38171
1.34149
1.29828
1.27267
1.25933
1.25059
1.24261
1.24234
1.26487
1.33393
1.38638
1.40552
1.41417
1.42585
1.43323
1.42273
1.37855
1.33554
1.31385
1.30427
1.29507
1.28901
1.29671
1.34705
1.40907
1.43719
1.44744
1.45834
1.46961
1.47045
1.44309
1.39351
1.36043
1.34669
1.33826
1.33007
1.3348
1.37691
1.43182
1.46009
1.47343
1.4873
1.49778
1.49868
1.47858
1.42882
1.38894
1.37175
1.36298
1.3551
1.36406
1.40911
1.45139
1.47451
1.48957
1.50322
1.50656
1.5038
1.48183
1.4304
1.38628
1.36216
1.34839
1.34286
1.37078
1.42082
1.44354
1.44291
1.41919
1.52075
3.8114
17.9557
1.20408
1.15733
1.14489
1.13841
1.13833
1.1413
1.15694
1.22486
1.29255
1.32779
1.35104
1.36149
1.36374
1.34798
1.29794
1.25135
1.22033
1.1977
1.1851
1.18273
1.18536
1.19618
1.25301
1.32568
1.36741
1.39191
1.40265
1.40579
1.39877
1.35891
1.30949
1.27353
1.24723
1.23322
1.23143
1.23476
1.25495
1.32289
1.38284
1.41695
1.4368
1.44407
1.44654
1.43533
1.38987
1.34143
1.30689
1.28497
1.27805
1.27918
1.28733
1.33509
1.402
1.44335
1.46805
1.47839
1.48156
1.47981
1.45117
1.39971
1.35752
1.32868
1.3162
1.31492
1.32106
1.36258
1.42656
1.47141
1.49657
1.50475
1.50624
1.50454
1.48365
1.43404
1.38731
1.35448
1.33909
1.33602
1.34483
1.39391
1.45681
1.49707
1.51077
1.51117
1.50936
1.5056
1.48731
1.43659
1.37961
1.33979
1.32184
1.31996
1.35588
1.42099
1.44736
1.42606
1.5273
3.88468
17.9483
1.26381
1.19525
1.16638
1.15124
1.14482
1.14446
1.1469
1.1553
1.20558
1.29096
1.34081
1.35612
1.36187
1.36434
1.35668
1.31985
1.269
1.2271
1.20132
1.19048
1.18923
1.19172
1.19842
1.24151
1.32621
1.37917
1.39614
1.40261
1.40596
1.40318
1.37524
1.32276
1.2745
1.24711
1.23801
1.2379
1.24108
1.25453
1.31698
1.39374
1.4286
1.43946
1.44469
1.44713
1.44032
1.40234
1.3464
1.30527
1.28746
1.28357
1.28521
1.29086
1.32995
1.40817
1.45693
1.4727
1.47843
1.48147
1.48045
1.45892
1.40595
1.35362
1.3269
1.31934
1.31959
1.32379
1.35923
1.43559
1.48409
1.49854
1.50269
1.50431
1.50316
1.48815
1.43747
1.38
1.34922
1.33947
1.33845
1.34506
1.39859
1.47278
1.50117
1.50613
1.50661
1.50555
1.50452
1.49234
1.43494
1.36457
1.32898
1.32077
1.32456
1.37067
1.41897
1.41084
1.51861
3.97049
17.9728
)
;

boundaryField
{
    back
    {
        type            empty;
    }
    outlet
    {
        type            calculated;
        value           nonuniform List<scalar> 
99
(
1.13219
1.14112
1.14079
1.13727
1.12654
1.11923
1.11796
1.11569
1.11218
1.11919
1.12421
1.1274
1.13028
1.12724
1.12451
1.12633
1.13258
1.1474
1.16008
1.16885
1.17775
1.17194
1.15466
1.14937
1.14605
1.13888
1.13573
1.1394
1.13698
1.13329
1.12799
1.12773
1.13083
1.13677
1.14433
1.16408
1.19352
1.21291
1.21676
1.21843
1.21762
1.20822
1.18056
1.14665
1.14218
1.14346
1.1417
1.14361
1.14987
1.16443
1.19758
1.22935
1.24476
1.25301
1.25512
1.23684
1.19454
1.17229
1.15182
1.13588
1.13246
1.1435
1.17061
1.20843
1.22823
1.24951
1.25882
1.2508
1.22201
1.20583
1.20932
1.20342
1.19842
1.20525
1.21948
1.24231
1.26559
1.2662
1.2474
1.19307
1.13549
1.14239
1.16595
1.1807
1.18356
1.2072
1.24883
1.29732
1.29698
1.28682
1.27251
1.21591
1.1495
1.14802
1.153
1.16333
1.18146
1.19879
1.25735
)
;
    }
    top
    {
        type            calculated;
        value           nonuniform List<scalar> 
99
(
1.26381
1.19525
1.16638
1.15124
1.14482
1.14446
1.1469
1.1553
1.20558
1.29096
1.34081
1.35612
1.36187
1.36434
1.35668
1.31985
1.269
1.2271
1.20132
1.19048
1.18923
1.19172
1.19842
1.24151
1.32621
1.37917
1.39614
1.40261
1.40596
1.40318
1.37524
1.32276
1.2745
1.24711
1.23801
1.2379
1.24108
1.25453
1.31698
1.39374
1.4286
1.43946
1.44469
1.44713
1.44032
1.40234
1.3464
1.30527
1.28746
1.28357
1.28521
1.29086
1.32995
1.40817
1.45693
1.4727
1.47843
1.48147
1.48045
1.45892
1.40595
1.35362
1.3269
1.31934
1.31959
1.32379
1.35923
1.43559
1.48409
1.49854
1.50269
1.50431
1.50316
1.48815
1.43747
1.38
1.34922
1.33947
1.33845
1.34506
1.39859
1.47278
1.50117
1.50613
1.50661
1.50555
1.50452
1.49234
1.43494
1.36457
1.32898
1.32077
1.32456
1.37067
1.41897
1.41084
1.51861
3.97049
17.9728
)
;
    }
    inlet
    {
        type            calculated;
        value           uniform 1.40001;
    }
    bottom
    {
        type            calculated;
        value           nonuniform List<scalar> 
99
(
1.1314
1.147
1.15951
1.16929
1.17449
1.17479
1.17061
1.17216
1.17687
1.1862
1.19889
1.20948
1.21696
1.22171
1.22286
1.2209
1.21964
1.22147
1.22914
1.24383
1.25915
1.27119
1.28014
1.28745
1.29117
1.28623
1.28006
1.27832
1.28031
1.28717
1.30668
1.32732
1.34084
1.35027
1.35774
1.36391
1.36055
1.35165
1.35014
1.35285
1.35705
1.36893
1.39311
1.41173
1.42351
1.43247
1.44024
1.44273
1.43235
1.42783
1.43053
1.43607
1.44478
1.46685
1.49205
1.50809
1.5195
1.52842
1.53611
1.52952
1.51508
1.51438
1.52121
1.53091
1.55326
1.58743
1.61175
1.62649
1.63822
1.64856
1.64845
1.62526
1.61534
1.62248
1.63495
1.66165
1.71055
1.74837
1.77005
1.78599
1.80056
1.80524
1.77624
1.75428
1.76233
1.78364
1.82681
1.90563
1.96918
2.00883
2.04085
2.072
2.07431
2.05123
2.04496
2.07553
2.16876
4.15202
14.6969
)
;
    }
    front
    {
        type            empty;
    }
}


// ************************************************************************* //
