/*--------------------------------*- C++ -*----------------------------------*\
  =========                 |
  \\      /  F ield         | OpenFOAM: The Open Source CFD Toolbox
   \\    /   O peration     | Website:  https://openfoam.org
    \\  /    A nd           | Version:  12
     \\/     M anipulation  |
\*---------------------------------------------------------------------------*/
FoamFile
{
    format      ascii;
    class       volScalarField;
    location    "20.3";
    object      T;
}
// * * * * * * * * * * * * * * * * * * * * * * * * * * * * * * * * * * * * * //

dimensions      [0 0 0 1 0 0 0];

internalField   nonuniform List<scalar> 
9801
(
0.819321
0.828712
0.831311
0.83207
0.827803
0.819809
0.817195
0.817496
0.819795
0.826308
0.835151
0.840488
0.842768
0.843773
0.841408
0.835092
0.831269
0.831469
0.833432
0.839776
0.84834
0.854065
0.856979
0.858634
0.858091
0.852626
0.846728
0.84532
0.84606
0.849208
0.85784
0.86591
0.870119
0.87237
0.874062
0.874131
0.868988
0.863079
0.861744
0.862474
0.864042
0.870313
0.880056
0.885993
0.888806
0.890626
0.891649
0.888754
0.882665
0.880068
0.880623
0.881866
0.884743
0.892855
0.900982
0.905171
0.907577
0.909192
0.909975
0.905985
0.900478
0.89945
0.900681
0.9025
0.907497
0.917002
0.923631
0.927031
0.929432
0.931164
0.929835
0.922697
0.919337
0.920488
0.922704
0.927895
0.938603
0.946783
0.951109
0.954059
0.956432
0.957112
0.949971
0.942794
0.943245
0.946705
0.954567
0.969931
0.981646
0.988471
0.994338
0.999228
0.998604
0.989204
0.982208
0.983136
0.999955
1.18301
1.56666
0.821409
0.827075
0.8284
0.827177
0.825672
0.825858
0.825763
0.827411
0.830618
0.834256
0.838004
0.840907
0.841763
0.839686
0.837519
0.837301
0.83781
0.839545
0.844101
0.848911
0.853323
0.85653
0.858386
0.857571
0.853842
0.851325
0.851227
0.851571
0.85325
0.858841
0.864925
0.869682
0.87268
0.874591
0.874859
0.871281
0.868005
0.867418
0.867497
0.868448
0.871557
0.878494
0.885171
0.889054
0.89109
0.892374
0.891202
0.887135
0.884928
0.884915
0.885762
0.88736
0.891472
0.89939
0.905558
0.908512
0.910336
0.911473
0.910735
0.906189
0.903178
0.903451
0.904913
0.907121
0.913067
0.922207
0.927933
0.930799
0.932753
0.934052
0.932085
0.925928
0.923289
0.924472
0.926783
0.931342
0.941783
0.950638
0.955325
0.958455
0.961044
0.962024
0.955131
0.94815
0.94829
0.951843
0.957856
0.971043
0.983389
0.991064
0.997469
1.00359
1.00459
0.997236
0.988701
0.987594
0.990632
1.17316
1.58803
0.823167
0.821574
0.822819
0.82627
0.830829
0.836082
0.839887
0.841115
0.841163
0.8416
0.841674
0.838629
0.836599
0.837347
0.839572
0.842788
0.849057
0.854545
0.857058
0.858262
0.859717
0.860864
0.857297
0.853738
0.853924
0.855304
0.85675
0.860167
0.866576
0.87151
0.873894
0.875786
0.877429
0.87703
0.87332
0.871912
0.872568
0.873691
0.875362
0.878171
0.8838
0.889491
0.892509
0.893845
0.894494
0.893945
0.892072
0.891197
0.891538
0.893071
0.894728
0.896694
0.901156
0.90799
0.911803
0.91355
0.91444
0.91499
0.914507
0.911744
0.91091
0.912393
0.914483
0.916986
0.922997
0.930911
0.935115
0.937134
0.938485
0.939651
0.939087
0.934751
0.932712
0.934157
0.9369
0.940805
0.950385
0.960158
0.965139
0.968252
0.970816
0.972331
0.968074
0.961639
0.960863
0.964519
0.96996
0.980684
0.996153
1.00658
1.01357
1.02073
1.0241
1.01991
1.01404
1.01286
1.01177
1.18468
1.61632
0.823547
0.820172
0.821594
0.827011
0.838693
0.849348
0.85462
0.856698
0.85723
0.854841
0.845852
0.837763
0.836858
0.838345
0.842241
0.850655
0.861474
0.868804
0.871598
0.87292
0.872354
0.864988
0.857552
0.856636
0.857718
0.860645
0.865263
0.871339
0.878877
0.884084
0.885878
0.886156
0.883614
0.879468
0.877822
0.878425
0.880464
0.883347
0.886296
0.889778
0.895148
0.899211
0.900282
0.900266
0.900177
0.900726
0.900433
0.900808
0.902539
0.904254
0.906244
0.908259
0.911452
0.916119
0.918933
0.920857
0.922825
0.924681
0.925908
0.924602
0.924223
0.92538
0.927336
0.929535
0.93289
0.939492
0.944508
0.947613
0.950245
0.952625
0.954092
0.951192
0.948631
0.949598
0.95222
0.955483
0.961736
0.972398
0.979367
0.983396
0.98679
0.990095
0.989562
0.98295
0.979346
0.98178
0.987366
0.994968
1.00862
1.02189
1.03088
1.03897
1.04593
1.04527
1.04015
1.03576
1.02795
1.19719
1.64461
0.8275
0.824702
0.825205
0.828489
0.842288
0.858946
0.864991
0.867805
0.869304
0.863899
0.849995
0.843849
0.843537
0.844351
0.846718
0.855518
0.871117
0.879355
0.882352
0.882774
0.877574
0.869164
0.865354
0.865257
0.866287
0.868391
0.873089
0.88141
0.889115
0.892753
0.893192
0.89133
0.889746
0.889242
0.888745
0.88919
0.891069
0.894143
0.897493
0.900566
0.903514
0.906161
0.907928
0.909266
0.911227
0.913359
0.914816
0.914483
0.914899
0.916469
0.917373
0.917981
0.919471
0.924211
0.929879
0.933457
0.936279
0.938788
0.940922
0.940707
0.938689
0.938407
0.939157
0.940505
0.942871
0.949495
0.957688
0.962477
0.965874
0.968862
0.971472
0.970465
0.965774
0.964116
0.965534
0.968399
0.972716
0.983149
0.99404
1.00002
1.00415
1.00808
1.01038
1.00584
0.999323
0.997441
1.00102
1.00729
1.01728
1.03177
1.0435
1.05256
1.06088
1.06481
1.06142
1.05447
1.03784
1.20458
1.66429
0.834549
0.833579
0.834392
0.838552
0.852384
0.866858
0.873359
0.87536
0.873085
0.864113
0.856751
0.854109
0.854339
0.85601
0.859933
0.867522
0.878448
0.885596
0.887171
0.885149
0.881196
0.878759
0.877633
0.878203
0.880364
0.883697
0.886414
0.888963
0.893165
0.897115
0.898993
0.899942
0.901279
0.903283
0.904705
0.90471
0.905153
0.906272
0.906679
0.906505
0.907765
0.911929
0.917813
0.922538
0.926137
0.928818
0.930849
0.931187
0.928947
0.926658
0.925441
0.925866
0.927616
0.932161
0.941334
0.948039
0.951834
0.954503
0.956883
0.957676
0.953779
0.949306
0.948365
0.949886
0.952439
0.957984
0.96854
0.976227
0.980646
0.983894
0.986623
0.987568
0.982165
0.97623
0.975083
0.977699
0.981527
0.98949
1.00282
1.01242
1.01818
1.02231
1.02572
1.02398
1.0162
1.01106
1.01086
1.01492
1.02158
1.03274
1.04525
1.05516
1.06356
1.07016
1.07098
1.06628
1.04955
1.20407
1.67576
0.845458
0.846624
0.849714
0.856353
0.863708
0.871813
0.875897
0.87597
0.872968
0.870168
0.868225
0.867887
0.869519
0.872581
0.875623
0.8784
0.881894
0.885731
0.888407
0.889536
0.890488
0.891799
0.89343
0.894441
0.895425
0.897058
0.897147
0.894677
0.894507
0.898087
0.904992
0.910583
0.914704
0.917756
0.919798
0.920156
0.918749
0.915638
0.911645
0.910971
0.91254
0.91678
0.926249
0.935176
0.9404
0.942951
0.944862
0.945816
0.941041
0.933552
0.931247
0.932316
0.934573
0.938694
0.949062
0.959831
0.965057
0.967667
0.969831
0.970409
0.965081
0.957408
0.955019
0.956366
0.959053
0.964097
0.975058
0.986108
0.991909
0.994891
0.997233
0.998464
0.993777
0.985595
0.982444
0.983395
0.986853
0.992523
1.0049
1.01857
1.02597
1.03023
1.03378
1.03488
1.02907
1.02184
1.01898
1.02023
1.02465
1.03187
1.04311
1.05379
1.06213
1.06889
1.07223
1.07085
1.0597
1.20487
1.68334
0.858875
0.863526
0.867437
0.870073
0.87248
0.873613
0.873987
0.875481
0.877359
0.878856
0.880826
0.883735
0.885478
0.886525
0.887195
0.88557
0.883084
0.883545
0.887446
0.893902
0.90005
0.9049
0.907506
0.908745
0.908334
0.906197
0.900391
0.897415
0.897911
0.899917
0.908131
0.920011
0.926557
0.929334
0.931254
0.932352
0.928989
0.919846
0.915913
0.916359
0.917759
0.92059
0.930838
0.943891
0.9496
0.952191
0.953877
0.953319
0.947172
0.939892
0.937954
0.939001
0.940779
0.944003
0.953796
0.966183
0.972125
0.974635
0.975942
0.975459
0.971729
0.965473
0.962303
0.962853
0.964993
0.968674
0.977867
0.99033
0.997195
1.00012
1.00201
1.00297
1.00092
0.994108
0.989349
0.989218
0.991581
0.995418
1.00254
1.01597
1.02685
1.03258
1.03618
1.03926
1.03933
1.03352
1.02807
1.02656
1.02809
1.03222
1.03919
1.04937
1.05821
1.06526
1.06995
1.07139
1.06643
1.20915
1.68915
0.871015
0.878315
0.880628
0.881443
0.878353
0.872971
0.871927
0.87327
0.877559
0.884536
0.891839
0.89521
0.897219
0.897525
0.893277
0.886553
0.884669
0.885337
0.887984
0.896874
0.908412
0.913818
0.916111
0.918014
0.91721
0.909328
0.902498
0.901856
0.902938
0.904779
0.911762
0.925834
0.933497
0.936365
0.938198
0.937887
0.931082
0.923571
0.921813
0.922607
0.924063
0.926995
0.935619
0.947781
0.953766
0.956007
0.956325
0.954293
0.950739
0.946318
0.944327
0.945345
0.94785
0.951772
0.958078
0.967496
0.973172
0.975437
0.976353
0.977224
0.977429
0.973601
0.969887
0.969935
0.972049
0.974616
0.978124
0.988214
0.997388
1.00119
1.00319
1.00516
1.00683
1.00418
0.998603
0.996427
0.997202
0.999217
1.00197
1.0087
1.02163
1.03153
1.03734
1.04137
1.04473
1.04461
1.03968
1.03462
1.03244
1.03347
1.03721
1.0438
1.05333
1.06151
1.06748
1.0707
1.07025
1.21553
1.69377
0.878798
0.883846
0.885489
0.883873
0.877026
0.874255
0.874636
0.876766
0.882782
0.892313
0.898191
0.90105
0.902744
0.900519
0.892224
0.88813
0.888323
0.889647
0.894033
0.905281
0.914782
0.918883
0.921404
0.922701
0.918019
0.909486
0.906822
0.907013
0.908138
0.910576
0.91955
0.93071
0.936668
0.939154
0.939901
0.936666
0.931434
0.928067
0.92737
0.928645
0.931408
0.936216
0.94268
0.949559
0.953535
0.954934
0.954974
0.955412
0.955276
0.95331
0.952333
0.953522
0.955779
0.957538
0.959519
0.965241
0.971392
0.974282
0.97629
0.978871
0.981267
0.982269
0.978638
0.976459
0.976442
0.97719
0.978644
0.982262
0.992743
1.00142
1.00589
1.00917
1.01195
1.01367
1.00949
1.00342
1.00092
1.00081
1.00225
1.00531
1.01233
1.0253
1.03584
1.04244
1.0471
1.0504
1.05053
1.04554
1.03899
1.03564
1.03653
1.04009
1.04704
1.05712
1.06502
1.06963
1.07247
1.22261
1.69778
0.882985
0.885518
0.88384
0.879547
0.878295
0.878714
0.879983
0.885349
0.893786
0.899071
0.902106
0.904205
0.9031
0.896197
0.892649
0.892569
0.893527
0.895262
0.903712
0.914116
0.919093
0.922038
0.923666
0.921217
0.914124
0.910946
0.910883
0.91182
0.913722
0.91941
0.928115
0.934452
0.93733
0.938269
0.936918
0.935403
0.933696
0.932637
0.933608
0.936237
0.93982
0.941886
0.944602
0.948243
0.950807
0.952254
0.954089
0.956907
0.959277
0.961232
0.960333
0.959334
0.95904
0.958657
0.958781
0.961111
0.968229
0.975245
0.979601
0.9832
0.986369
0.988605
0.987405
0.982036
0.978628
0.977008
0.977445
0.979635
0.985845
0.999041
1.00887
1.01376
1.01702
1.01958
1.02014
1.01356
1.00589
1.0025
1.00226
1.00419
1.00787
1.01678
1.0306
1.04144
1.04782
1.05205
1.05412
1.05305
1.04787
1.04093
1.03742
1.03831
1.04184
1.05003
1.06063
1.06759
1.07304
1.23014
1.70146
0.884727
0.880681
0.877484
0.877823
0.879807
0.883778
0.891641
0.899338
0.902987
0.904765
0.90623
0.904187
0.896564
0.893442
0.89398
0.895421
0.897343
0.903438
0.914766
0.921047
0.923363
0.924236
0.922226
0.916277
0.912696
0.912393
0.913758
0.916769
0.921989
0.926984
0.931411
0.934492
0.935543
0.935043
0.934934
0.936546
0.937984
0.939069
0.940355
0.942543
0.943706
0.942949
0.942464
0.94397
0.948529
0.953295
0.957244
0.961311
0.965052
0.9674
0.967739
0.963773
0.959369
0.956783
0.957182
0.959253
0.964912
0.976206
0.984727
0.989395
0.991697
0.993583
0.994108
0.988004
0.979945
0.976563
0.976793
0.978958
0.982527
0.992808
1.00794
1.01654
1.02012
1.02266
1.02488
1.02325
1.01374
1.00626
1.00438
1.00562
1.00829
1.01265
1.02272
1.03598
1.04521
1.05046
1.05392
1.05528
1.05375
1.04884
1.04265
1.03935
1.03974
1.0428
1.05215
1.0621
1.07072
1.23861
1.70487
0.881387
0.874319
0.873879
0.875394
0.878793
0.888193
0.902154
0.909149
0.911054
0.911222
0.908271
0.899036
0.892946
0.892668
0.893924
0.895824
0.901256
0.911884
0.919867
0.9238
0.924812
0.9227
0.918542
0.916387
0.915401
0.916305
0.919741
0.924712
0.92771
0.928738
0.929434
0.931161
0.933586
0.935291
0.93739
0.940375
0.944134
0.946634
0.947189
0.945868
0.943193
0.940083
0.939537
0.941198
0.946843
0.956133
0.963652
0.968158
0.970536
0.972244
0.973033
0.967484
0.958303
0.955389
0.956234
0.958307
0.962846
0.975344
0.987805
0.992963
0.995492
0.997196
0.9975
0.993423
0.983956
0.978936
0.978775
0.980526
0.983387
0.988318
1.00059
1.01428
1.02062
1.02349
1.02494
1.02549
1.02329
1.01564
1.01056
1.01009
1.01188
1.01464
1.01851
1.02777
1.03899
1.04637
1.05101
1.05431
1.05586
1.05521
1.05113
1.04494
1.04063
1.04013
1.04289
1.05272
1.06519
1.24718
1.70787
0.879709
0.873798
0.874295
0.875764
0.878694
0.890875
0.905993
0.911762
0.91387
0.914255
0.907306
0.897843
0.89466
0.894669
0.896676
0.902496
0.909328
0.914893
0.919848
0.921925
0.921176
0.918955
0.919139
0.920253
0.921899
0.924262
0.926583
0.928598
0.928934
0.926366
0.924517
0.925697
0.930918
0.937571
0.943432
0.948213
0.95101
0.952773
0.953054
0.948262
0.940367
0.937163
0.937696
0.939601
0.944858
0.957823
0.968654
0.973299
0.975376
0.976531
0.974921
0.967968
0.960544
0.95761
0.958174
0.960035
0.963503
0.972232
0.986277
0.993946
0.996638
0.996821
0.996214
0.995854
0.992095
0.98605
0.984343
0.98572
0.988038
0.989819
0.992887
1.0032
1.01531
1.02136
1.02447
1.02727
1.02949
1.02814
1.02187
1.01706
1.01541
1.01575
1.01772
1.02133
1.0304
1.04073
1.04776
1.05267
1.05643
1.05869
1.05823
1.05348
1.04558
1.0394
1.03822
1.04174
1.05684
1.25488
1.71031
0.880187
0.876362
0.876762
0.879851
0.88699
0.897033
0.906236
0.911008
0.911784
0.908674
0.904551
0.901579
0.900241
0.901912
0.906233
0.910745
0.913247
0.914166
0.913647
0.914237
0.917149
0.920283
0.923615
0.927807
0.931371
0.933007
0.932906
0.931059
0.926063
0.9218
0.921537
0.92323
0.92812
0.939792
0.950277
0.955105
0.957141
0.958298
0.957461
0.949487
0.940012
0.937822
0.938679
0.940173
0.943844
0.957037
0.970568
0.975413
0.977281
0.977084
0.974714
0.970984
0.96545
0.962614
0.963461
0.966235
0.969179
0.971312
0.97807
0.988121
0.99323
0.995541
0.997603
0.999678
1.00135
0.997725
0.992066
0.990057
0.989828
0.989859
0.990945
0.994024
1.00421
1.01761
1.02568
1.0298
1.03307
1.03572
1.03499
1.02794
1.02061
1.01719
1.01724
1.01908
1.02346
1.03384
1.04454
1.05163
1.05617
1.05936
1.06085
1.05955
1.05384
1.04383
1.03633
1.03509
1.04474
1.25881
1.71168
0.883932
0.883422
0.8856
0.890987
0.89543
0.898435
0.901488
0.903656
0.904478
0.904702
0.90572
0.907752
0.911022
0.913212
0.914077
0.914985
0.914151
0.909094
0.906942
0.908313
0.913439
0.92272
0.93131
0.936836
0.939294
0.940387
0.939415
0.932312
0.922737
0.919691
0.920389
0.922062
0.92635
0.940367
0.953913
0.95866
0.960722
0.961731
0.958727
0.949882
0.94285
0.940518
0.941506
0.944277
0.949063
0.956381
0.96693
0.973058
0.9747
0.974425
0.974682
0.975734
0.974406
0.971051
0.969702
0.97022
0.970754
0.970764
0.971623
0.977492
0.988883
0.996552
1.00098
1.00488
1.00748
1.00855
1.00342
0.995672
0.991258
0.989735
0.989785
0.991473
0.995087
1.0068
1.02181
1.03055
1.03488
1.03771
1.03919
1.03758
1.02987
1.02148
1.01808
1.01879
1.02121
1.02701
1.03864
1.04936
1.05536
1.05848
1.06069
1.06113
1.05929
1.0523
1.04074
1.03303
1.03193
1.25623
1.71166
0.890639
0.893565
0.896587
0.898812
0.899768
0.898144
0.894938
0.895367
0.899251
0.904507
0.910134
0.916667
0.92039
0.921814
0.921594
0.918039
0.910005
0.904804
0.904477
0.905767
0.909376
0.922263
0.936532
0.94207
0.944233
0.945432
0.943931
0.933858
0.924053
0.921712
0.922321
0.923834
0.928406
0.941465
0.954631
0.959911
0.961486
0.959476
0.956271
0.953395
0.949141
0.947298
0.948356
0.951157
0.953609
0.955181
0.958544
0.966441
0.972347
0.975244
0.977709
0.980222
0.982448
0.981813
0.977078
0.973155
0.970437
0.968742
0.969183
0.971529
0.979741
0.994097
1.00384
1.0084
1.01127
1.01352
1.01376
1.00623
0.996184
0.991363
0.990904
0.992306
0.994572
0.998665
1.01171
1.02671
1.03399
1.03719
1.03934
1.04009
1.03764
1.03008
1.02316
1.02089
1.0217
1.02423
1.03082
1.043
1.05227
1.05652
1.05885
1.06071
1.06076
1.05855
1.04972
1.03634
1.02674
1.24769
1.71053
0.897634
0.90269
0.903885
0.904271
0.901389
0.893931
0.891559
0.892259
0.894944
0.903997
0.916701
0.923579
0.926019
0.927446
0.927309
0.919619
0.908379
0.905601
0.906109
0.907254
0.910568
0.924117
0.938642
0.943879
0.945996
0.946178
0.940924
0.933356
0.927956
0.926088
0.927025
0.930204
0.935608
0.941784
0.949966
0.955048
0.956147
0.955509
0.955899
0.957552
0.95814
0.95642
0.955325
0.955581
0.955264
0.953676
0.953617
0.957294
0.967738
0.976623
0.981732
0.985612
0.988152
0.989578
0.986693
0.97821
0.971198
0.968754
0.969234
0.970898
0.973557
0.985059
1.00186
1.00999
1.01305
1.01493
1.01582
1.01454
1.00584
0.997109
0.994367
0.995222
0.997418
1.00039
1.00484
1.01606
1.02812
1.03419
1.03713
1.03909
1.04013
1.039
1.03353
1.02743
1.02448
1.02458
1.02666
1.03275
1.04412
1.05216
1.05592
1.0586
1.06079
1.06112
1.05809
1.04504
1.02833
1.23589
1.70921
0.903518
0.906994
0.908225
0.906429
0.897793
0.892547
0.892355
0.893378
0.896083
0.907443
0.9209
0.926015
0.928103
0.92948
0.926845
0.916314
0.909763
0.908252
0.908991
0.910745
0.916961
0.928903
0.938687
0.943058
0.944104
0.941351
0.938483
0.936065
0.933669
0.933443
0.935154
0.938472
0.940744
0.941683
0.942327
0.947045
0.953172
0.956555
0.959106
0.962283
0.965379
0.966561
0.964016
0.959562
0.954901
0.951646
0.95149
0.953253
0.959638
0.973723
0.984382
0.989567
0.992347
0.994195
0.994412
0.986537
0.975303
0.97092
0.971047
0.972735
0.975571
0.980106
0.991753
1.00545
1.01152
1.01372
1.01498
1.01599
1.01553
1.00928
1.00243
1.00003
1.00042
1.00179
1.00379
1.00715
1.01721
1.02842
1.03462
1.03811
1.04093
1.04361
1.04392
1.03806
1.03014
1.0257
1.02501
1.02664
1.03257
1.04397
1.05211
1.05641
1.05976
1.06169
1.0618
1.05452
1.03804
1.2258
1.70868
0.906614
0.908821
0.909293
0.903216
0.896195
0.894594
0.895016
0.896134
0.900015
0.914135
0.924702
0.928242
0.9297
0.928835
0.922082
0.915559
0.912325
0.912303
0.91398
0.918424
0.923744
0.929691
0.93549
0.93829
0.938241
0.937395
0.938651
0.940197
0.941183
0.941417
0.942135
0.9432
0.942394
0.938679
0.937646
0.939804
0.948293
0.95773
0.964008
0.968614
0.971291
0.972715
0.971651
0.96404
0.954662
0.950863
0.951135
0.952601
0.955234
0.966811
0.983996
0.991517
0.994092
0.99552
0.995066
0.992165
0.984109
0.976877
0.975281
0.97652
0.978608
0.980609
0.983655
0.993054
1.00539
1.01225
1.01537
1.01745
1.01967
1.02039
1.01544
1.00844
1.00454
1.00325
1.00342
1.00484
1.00838
1.0188
1.03017
1.03712
1.04154
1.04477
1.04694
1.04663
1.03985
1.03036
1.02518
1.02458
1.02651
1.03255
1.04419
1.05281
1.05758
1.06075
1.06209
1.05956
1.05003
1.22151
1.7095
0.909532
0.910611
0.906847
0.898899
0.89523
0.895384
0.896433
0.898422
0.906147
0.91836
0.926026
0.928465
0.928254
0.924823
0.921588
0.91816
0.916921
0.918224
0.921579
0.925093
0.926829
0.927601
0.928848
0.932758
0.936812
0.939461
0.941917
0.945415
0.948389
0.949658
0.948685
0.945438
0.939841
0.936261
0.936358
0.937997
0.942954
0.956329
0.968232
0.97384
0.97612
0.977263
0.976176
0.967782
0.956573
0.952397
0.95262
0.954063
0.957086
0.963026
0.977008
0.989225
0.99348
0.994629
0.994936
0.995416
0.993738
0.987005
0.981822
0.980672
0.981372
0.982185
0.982928
0.984828
0.991902
1.00518
1.0144
1.01887
1.02138
1.0236
1.02514
1.02164
1.01336
1.00691
1.00424
1.00452
1.00628
1.01036
1.02164
1.03387
1.04086
1.04444
1.04694
1.04859
1.04782
1.04051
1.03053
1.02553
1.02474
1.02641
1.03262
1.04449
1.05313
1.05795
1.0612
1.0614
1.05814
1.22431
1.71177
0.914847
0.914688
0.905262
0.898296
0.896384
0.896899
0.899119
0.903914
0.910206
0.917912
0.923525
0.925158
0.924078
0.923672
0.924748
0.924362
0.92375
0.924407
0.925861
0.927223
0.92675
0.923978
0.923584
0.926719
0.935163
0.942734
0.948136
0.951917
0.954135
0.955277
0.954004
0.946396
0.937726
0.93513
0.935809
0.937369
0.940411
0.953428
0.96971
0.975682
0.977859
0.978951
0.977258
0.971241
0.962008
0.956874
0.956783
0.959008
0.962705
0.965929
0.969415
0.978886
0.98841
0.99272
0.994599
0.995846
0.99777
0.998826
0.994647
0.989119
0.986162
0.984475
0.983043
0.982757
0.984518
0.991312
1.00598
1.01708
1.02226
1.02566
1.02798
1.02903
1.02513
1.01516
1.00749
1.00514
1.00585
1.00781
1.01304
1.026
1.03743
1.0431
1.0461
1.04832
1.04965
1.04854
1.04119
1.03138
1.02616
1.02521
1.02638
1.03216
1.0437
1.05239
1.05784
1.05979
1.0638
1.23299
1.71508
0.915697
0.914108
0.906097
0.900577
0.89964
0.901101
0.904234
0.907582
0.909853
0.912702
0.916997
0.921649
0.92468
0.926823
0.928655
0.930598
0.931656
0.931128
0.929777
0.927443
0.923493
0.921047
0.921488
0.92337
0.930288
0.943754
0.953186
0.957721
0.959471
0.959984
0.957063
0.947721
0.939233
0.936755
0.937288
0.938825
0.942809
0.951378
0.965372
0.974062
0.976532
0.976118
0.974239
0.973439
0.970918
0.966217
0.964138
0.964877
0.966652
0.967865
0.967018
0.967683
0.974601
0.986027
0.993287
0.997996
1.00264
1.00563
1.00666
1.00195
0.993312
0.986523
0.982737
0.981939
0.983205
0.985437
0.993353
1.01055
1.02234
1.0265
1.02852
1.0299
1.02972
1.02496
1.01532
1.0089
1.00753
1.00882
1.01138
1.01642
1.0283
1.03874
1.04411
1.04709
1.04914
1.05055
1.05028
1.04337
1.03312
1.02689
1.02505
1.0253
1.02983
1.0414
1.05144
1.0564
1.066
1.24463
1.71896
0.913865
0.913529
0.910613
0.907354
0.905823
0.906261
0.907794
0.909341
0.909536
0.908425
0.909685
0.91623
0.925143
0.930271
0.933639
0.936178
0.937747
0.937896
0.934963
0.92797
0.921447
0.919632
0.92037
0.921869
0.926171
0.941288
0.955182
0.959859
0.961883
0.963105
0.960784
0.951436
0.942706
0.940204
0.941078
0.94404
0.947895
0.95102
0.95626
0.965494
0.971641
0.973955
0.975285
0.976745
0.978689
0.978984
0.974968
0.971365
0.969664
0.967198
0.963778
0.963179
0.96514
0.973464
0.989158
1.00101
1.00662
1.00962
1.01157
1.01152
1.00435
0.991749
0.984602
0.983382
0.984578
0.98695
0.990726
0.999439
1.01453
1.02341
1.0266
1.02801
1.02874
1.02924
1.02681
1.01976
1.01404
1.01174
1.01134
1.01266
1.0166
1.02773
1.03856
1.04466
1.04842
1.05096
1.05244
1.05252
1.04595
1.0345
1.02653
1.02322
1.02275
1.02692
1.04009
1.05057
1.06572
1.25689
1.72287
0.912918
0.913756
0.914475
0.914622
0.913437
0.912418
0.911956
0.910908
0.908087
0.906381
0.906795
0.909105
0.918911
0.930831
0.937653
0.941177
0.942745
0.943418
0.940327
0.93024
0.922332
0.920713
0.921503
0.922851
0.925621
0.936171
0.952738
0.959835
0.96169
0.961118
0.958763
0.955803
0.950659
0.947081
0.946868
0.948448
0.950201
0.951331
0.951459
0.953195
0.961519
0.971191
0.977233
0.981832
0.985733
0.987894
0.987128
0.980586
0.972305
0.965745
0.962344
0.962246
0.963592
0.965942
0.977128
0.997483
1.00757
1.01075
1.01207
1.0115
1.00894
1.00193
0.992771
0.988987
0.989458
0.991722
0.994104
0.996053
1.00134
1.01329
1.02177
1.02566
1.02805
1.03061
1.03325
1.03285
1.02562
1.01725
1.01252
1.01117
1.01183
1.01533
1.02673
1.03924
1.0467
1.05088
1.05318
1.05417
1.05376
1.04713
1.03512
1.02552
1.02075
1.01955
1.02513
1.03969
1.06067
1.26798
1.72575
0.908919
0.914521
0.917013
0.91943
0.920913
0.921017
0.918791
0.913596
0.908278
0.906198
0.90646
0.907521
0.911693
0.927229
0.939745
0.944041
0.946084
0.947417
0.945864
0.934826
0.925062
0.923038
0.923901
0.92619
0.930108
0.935079
0.944587
0.954641
0.95865
0.959384
0.959824
0.960293
0.959914
0.957097
0.954022
0.952586
0.951815
0.950137
0.947989
0.948054
0.951065
0.961882
0.976072
0.985221
0.990323
0.993029
0.994584
0.992085
0.979884
0.967919
0.963596
0.963525
0.964974
0.968398
0.974488
0.986264
1.00055
1.00684
1.00852
1.00877
1.00912
1.00964
1.00708
1.00117
0.997152
0.995789
0.995175
0.994321
0.995123
0.99982
1.01212
1.02258
1.02884
1.03358
1.03661
1.03831
1.03731
1.0283
1.01699
1.01125
1.01038
1.01151
1.01491
1.02732
1.04187
1.0499
1.05291
1.05392
1.05436
1.05348
1.04721
1.03529
1.02401
1.01776
1.01694
1.02442
1.05034
1.2755
1.72716
0.902047
0.915003
0.920503
0.924262
0.926258
0.927326
0.925722
0.91743
0.908951
0.906565
0.907056
0.908201
0.910914
0.921973
0.93908
0.945505
0.947496
0.947765
0.944877
0.938674
0.930965
0.927995
0.928772
0.931464
0.93453
0.936344
0.937702
0.942364
0.951258
0.957539
0.96119
0.964206
0.966786
0.967914
0.965074
0.959581
0.95426
0.949135
0.946071
0.945946
0.947132
0.950926
0.967063
0.984934
0.991942
0.994407
0.995876
0.994896
0.988183
0.97593
0.968998
0.96818
0.970255
0.973715
0.976198
0.978289
0.98458
0.995776
1.00353
1.00738
1.01015
1.01368
1.01606
1.01518
1.00864
1.00101
0.995489
0.992745
0.992433
0.993905
0.999794
1.015
1.02809
1.03415
1.03686
1.03873
1.03954
1.0373
1.02739
1.01669
1.01198
1.0114
1.01262
1.01648
1.02913
1.04351
1.05058
1.05265
1.05316
1.05344
1.05259
1.04766
1.03611
1.02303
1.01556
1.01359
1.03504
1.27748
1.72679
0.896793
0.913794
0.924785
0.929169
0.930841
0.931591
0.929411
0.919072
0.909713
0.908002
0.908721
0.910506
0.914731
0.922471
0.934276
0.942891
0.945147
0.94472
0.943588
0.942544
0.93964
0.936098
0.93539
0.936592
0.938125
0.937186
0.933988
0.933719
0.938424
0.950593
0.961266
0.968392
0.973182
0.975471
0.97588
0.970116
0.958352
0.949133
0.945951
0.9463
0.947616
0.950164
0.957801
0.976488
0.989377
0.993206
0.993613
0.992264
0.990994
0.987785
0.981268
0.977311
0.976703
0.977463
0.97763
0.976029
0.975947
0.980303
0.992503
1.00459
1.01215
1.0165
1.01931
1.02112
1.02019
1.01158
1.0001
0.993909
0.993018
0.994277
0.996589
1.00376
1.01961
1.0312
1.03543
1.03707
1.03733
1.03772
1.0372
1.02978
1.02007
1.01526
1.01422
1.01467
1.01708
1.02857
1.04259
1.04929
1.05113
1.05193
1.05316
1.05325
1.04946
1.0371
1.02176
1.01258
1.01629
1.27193
1.72429
0.896882
0.912352
0.927394
0.931787
0.933407
0.933947
0.928808
0.918425
0.912335
0.911241
0.912621
0.917288
0.921772
0.923637
0.926065
0.933472
0.940308
0.943083
0.944361
0.946212
0.948601
0.948921
0.945699
0.942855
0.940065
0.934668
0.930789
0.930678
0.932272
0.939585
0.958055
0.971911
0.977273
0.979735
0.980902
0.978983
0.966845
0.952452
0.947974
0.948297
0.950687
0.955515
0.960067
0.965456
0.976789
0.985964
0.989642
0.99117
0.992726
0.994847
0.995707
0.991753
0.986025
0.981882
0.977859
0.973943
0.973036
0.974332
0.978687
0.993553
1.00961
1.01714
1.02002
1.02188
1.02275
1.02074
1.01095
1.00059
0.996616
0.996794
0.998436
1.00031
1.00637
1.0205
1.03049
1.0344
1.03621
1.03804
1.03977
1.04002
1.03401
1.02426
1.0175
1.01451
1.01437
1.01601
1.02617
1.04046
1.04799
1.05066
1.05238
1.05418
1.05456
1.05101
1.03691
1.01719
1.00653
1.26016
1.7211
0.901154
0.915538
0.927071
0.932185
0.933292
0.930101
0.92568
0.9215
0.917984
0.91797
0.92052
0.923984
0.925544
0.924029
0.920982
0.921612
0.92919
0.939371
0.946171
0.952476
0.956978
0.958764
0.956947
0.949162
0.938668
0.930953
0.928916
0.929643
0.931262
0.934909
0.94972
0.970836
0.978628
0.980736
0.98004
0.975849
0.970102
0.961834
0.95574
0.95516
0.957725
0.96091
0.962599
0.962367
0.962573
0.969236
0.981064
0.989563
0.995403
1.00076
1.00374
1.00462
1.00012
0.989983
0.979997
0.974665
0.973802
0.97492
0.976854
0.98236
0.999639
1.01415
1.01935
1.02128
1.02182
1.0214
1.0198
1.01269
1.00469
1.00099
1.00032
1.00098
1.00248
1.00663
1.01885
1.0301
1.03556
1.03792
1.03971
1.04258
1.04416
1.03928
1.02744
1.0177
1.0133
1.01268
1.01397
1.02374
1.03938
1.04801
1.05114
1.05339
1.05493
1.05501
1.04998
1.03034
1.00915
1.24548
1.71888
0.907659
0.91414
0.92089
0.925596
0.926613
0.92622
0.926805
0.927653
0.928227
0.927826
0.927688
0.927734
0.925505
0.919975
0.916768
0.917033
0.919991
0.932004
0.94899
0.959184
0.963331
0.965062
0.965097
0.957553
0.940027
0.93128
0.930012
0.930863
0.934309
0.941297
0.949152
0.960617
0.971429
0.974725
0.974291
0.973514
0.973756
0.973684
0.971062
0.96723
0.965449
0.964871
0.962885
0.958277
0.956574
0.958175
0.965633
0.982242
0.996602
1.0036
1.00669
1.00861
1.00874
1.00251
0.987958
0.978483
0.976305
0.977161
0.97968
0.983617
0.989634
1.00306
1.014
1.01836
1.01979
1.02028
1.02126
1.02207
1.01899
1.01198
1.00619
1.00288
1.00131
1.00133
1.00412
1.01546
1.02839
1.03577
1.04087
1.04454
1.04652
1.04699
1.04108
1.02726
1.01571
1.01137
1.01121
1.01306
1.02333
1.03973
1.0483
1.05126
1.05356
1.05462
1.05404
1.04253
1.02393
1.23358
1.71805
0.910496
0.911487
0.910261
0.913392
0.920908
0.927031
0.932224
0.936729
0.939072
0.938265
0.934092
0.928083
0.920237
0.915215
0.914313
0.915209
0.916807
0.924273
0.947375
0.961314
0.964993
0.966415
0.964773
0.956633
0.945265
0.936587
0.935026
0.937449
0.943404
0.947741
0.949237
0.950038
0.953328
0.961883
0.968967
0.973477
0.978469
0.983455
0.985625
0.983027
0.975774
0.96789
0.960433
0.955719
0.954968
0.956134
0.958356
0.967523
0.990235
1.00373
1.00759
1.00899
1.00794
1.00396
0.99748
0.988483
0.983366
0.982837
0.984644
0.986952
0.988639
0.990754
0.998861
1.0094
1.01529
1.01855
1.022
1.02604
1.02829
1.0263
1.01716
1.0069
1.00077
0.998756
0.999102
1.00197
1.01514
1.0328
1.04155
1.04432
1.04596
1.04712
1.04672
1.04016
1.0261
1.01532
1.0118
1.01182
1.01391
1.02397
1.03866
1.04615
1.04953
1.05198
1.05358
1.04894
1.03919
1.22914
1.71895
0.909625
0.905112
0.902368
0.903544
0.911
0.926443
0.93903
0.945599
0.947894
0.948117
0.941911
0.927996
0.917662
0.914244
0.9146
0.915828
0.919605
0.929087
0.942716
0.956672
0.962119
0.962181
0.958109
0.954764
0.953052
0.949714
0.947173
0.947406
0.948889
0.949983
0.947629
0.942824
0.942153
0.946657
0.958901
0.973205
0.984289
0.990827
0.993615
0.994424
0.989149
0.974899
0.961781
0.956457
0.955995
0.957298
0.960777
0.967762
0.979125
0.994652
1.00252
1.00424
1.00363
1.00317
1.00354
1.00222
0.997753
0.993464
0.991201
0.989757
0.987153
0.984874
0.986151
0.994122
1.00748
1.01777
1.02514
1.0298
1.0319
1.03292
1.02964
1.01694
1.00405
0.999075
0.999029
1.00058
1.00454
1.0186
1.03477
1.0417
1.0438
1.04497
1.0453
1.04486
1.04048
1.02886
1.01839
1.01407
1.0137
1.01431
1.02151
1.0347
1.04284
1.04754
1.05103
1.05141
1.05033
1.23322
1.72151
0.904426
0.899882
0.899803
0.901057
0.90432
0.921092
0.942033
0.948869
0.950967
0.952129
0.948754
0.9333
0.919126
0.915764
0.916382
0.921078
0.930428
0.935752
0.937938
0.942249
0.949366
0.953859
0.955513
0.957061
0.960249
0.963603
0.963171
0.958489
0.953529
0.948106
0.941617
0.937974
0.937902
0.939245
0.945055
0.966058
0.985831
0.992778
0.995088
0.995986
0.993504
0.984162
0.969717
0.962053
0.96107
0.963654
0.968595
0.972097
0.973678
0.977221
0.986514
0.995244
0.999935
1.00288
1.00667
1.01066
1.01203
1.00836
1.00055
0.991926
0.984784
0.981572
0.981738
0.983733
0.993963
1.01348
1.02597
1.0303
1.03223
1.03316
1.03253
1.02751
1.01474
1.00511
1.00248
1.00327
1.00499
1.00718
1.01819
1.0327
1.03973
1.04232
1.04384
1.04552
1.04686
1.04477
1.03337
1.02036
1.01364
1.01198
1.01182
1.01722
1.0306
1.04079
1.04803
1.05066
1.05827
1.24294
1.72507
0.900789
0.897625
0.898446
0.900395
0.90497
0.918987
0.939464
0.949115
0.951326
0.949114
0.942403
0.935497
0.927671
0.924141
0.926002
0.931837
0.936117
0.937296
0.934692
0.9303
0.931222
0.940119
0.951951
0.961156
0.969376
0.974036
0.975608
0.97263
0.961263
0.947695
0.939681
0.937626
0.938308
0.939911
0.945081
0.957307
0.977374
0.989219
0.992461
0.991226
0.987013
0.984236
0.981814
0.976834
0.973633
0.973322
0.974193
0.974411
0.971068
0.968048
0.969898
0.97946
0.992948
1.00372
1.01175
1.01661
1.01882
1.01919
1.01308
0.998584
0.986325
0.982046
0.982201
0.983773
0.98809
1.00222
1.02038
1.02813
1.03039
1.03028
1.02924
1.0288
1.02717
1.01969
1.01204
1.0081
1.00656
1.00639
1.00731
1.01372
1.02747
1.03717
1.04245
1.04636
1.04908
1.05021
1.04824
1.03599
1.02032
1.01201
1.00949
1.00872
1.01385
1.02902
1.04238
1.04832
1.0623
1.25421
1.72896
0.901095
0.898412
0.899767
0.905557
0.914268
0.920912
0.928833
0.938059
0.9417
0.941294
0.941219
0.940976
0.940515
0.940036
0.939803
0.939965
0.939407
0.934121
0.926218
0.923062
0.923713
0.927355
0.94146
0.962673
0.974822
0.979378
0.981378
0.981152
0.972914
0.953677
0.941917
0.939733
0.94089
0.946686
0.954682
0.959299
0.963408
0.972315
0.98018
0.983427
0.984742
0.986647
0.990202
0.99285
0.990917
0.985245
0.979766
0.973467
0.966286
0.963207
0.963712
0.966365
0.978749
1.00021
1.01336
1.01782
1.01977
1.02023
1.01738
1.00867
0.995059
0.98762
0.98675
0.989316
0.993315
0.9972
1.00522
1.01685
1.02335
1.02589
1.0273
1.02936
1.03293
1.03437
1.02869
1.01838
1.01034
1.00526
1.0026
1.00297
1.00903
1.02496
1.03896
1.04656
1.04994
1.05079
1.05066
1.04746
1.03409
1.01863
1.0106
1.00741
1.00646
1.01321
1.03016
1.04137
1.06175
1.266
1.7324
0.907155
0.904688
0.908336
0.915971
0.92012
0.921346
0.920368
0.919604
0.925456
0.934904
0.941993
0.948288
0.953946
0.955994
0.953947
0.948373
0.938811
0.926285
0.919722
0.919171
0.920406
0.922908
0.931767
0.957269
0.9759
0.980811
0.981713
0.977555
0.969372
0.961093
0.95265
0.949366
0.951226
0.955923
0.958838
0.959761
0.956992
0.954947
0.959836
0.972153
0.983201
0.991229
0.99849
1.00264
1.00406
1.00044
0.988518
0.974365
0.966052
0.963827
0.964392
0.966206
0.971921
0.989146
1.00863
1.01597
1.01764
1.01538
1.01209
1.01054
1.00776
1.00176
0.99761
0.99656
0.996571
0.995581
0.994541
0.997968
1.00924
1.01976
1.0265
1.03301
1.03827
1.04055
1.04089
1.03359
1.01785
1.0056
1.00177
1.00172
1.00275
1.00886
1.02821
1.04335
1.04847
1.04958
1.04907
1.04709
1.04337
1.03331
1.02047
1.01187
1.00719
1.00525
1.01284
1.02741
1.05487
1.27724
1.73467
0.920185
0.917203
0.918913
0.920823
0.921834
0.91857
0.912188
0.910941
0.913372
0.922906
0.940348
0.955942
0.964009
0.966501
0.966434
0.959787
0.94061
0.924073
0.919503
0.919595
0.921507
0.928883
0.939807
0.951011
0.964835
0.972399
0.972619
0.970239
0.96947
0.968857
0.967984
0.966436
0.965005
0.963809
0.961555
0.955865
0.949011
0.946746
0.948051
0.954465
0.972808
0.992466
1.00242
1.00602
1.00784
1.00732
0.999409
0.982289
0.970353
0.967235
0.96815
0.972562
0.978846
0.984438
0.993424
1.00396
1.00876
1.01003
1.01107
1.01285
1.01585
1.0174
1.01329
1.00578
0.998815
0.99237
0.9885
0.988476
0.992177
1.00617
1.02387
1.03474
1.03917
1.04109
1.04198
1.04063
1.03119
1.01489
1.00563
1.00362
1.00447
1.00718
1.01363
1.02902
1.04101
1.04515
1.04575
1.04544
1.04513
1.04412
1.03724
1.02457
1.01253
1.00457
1.00243
1.00833
1.04196
1.28638
1.7357
0.933535
0.932187
0.927527
0.923609
0.918048
0.911191
0.907881
0.908051
0.909312
0.912965
0.933023
0.957645
0.9656
0.967969
0.968044
0.959798
0.943054
0.929579
0.924551
0.9253
0.931823
0.941103
0.945381
0.946701
0.947321
0.950629
0.957841
0.964678
0.970229
0.976305
0.981667
0.983403
0.980839
0.97394
0.963286
0.951375
0.945155
0.94452
0.945702
0.948294
0.958704
0.985297
1.0022
1.0065
1.00708
1.00237
0.995945
0.990404
0.982888
0.978297
0.978268
0.980648
0.98246
0.982747
0.981471
0.984275
0.994712
1.00508
1.01198
1.01771
1.02293
1.02552
1.02549
1.01843
1.0044
0.99238
0.987876
0.987833
0.989108
0.993217
1.01114
1.03067
1.0379
1.03988
1.03948
1.03737
1.03516
1.02939
1.01881
1.01179
1.00926
1.00838
1.00805
1.01073
1.02427
1.03731
1.04286
1.0446
1.04575
1.04703
1.047
1.04135
1.027
1.01032
0.999829
0.995222
1.02299
1.2906
1.73519
0.944209
0.944873
0.939003
0.927688
0.916242
0.909408
0.908081
0.908819
0.910394
0.916322
0.9293
0.948489
0.960297
0.962856
0.960298
0.954354
0.948859
0.943214
0.940199
0.940918
0.943889
0.946176
0.946911
0.942066
0.935185
0.934892
0.940346
0.953534
0.969914
0.98367
0.990975
0.99342
0.993463
0.988094
0.970422
0.952122
0.945906
0.945604
0.947649
0.954547
0.96435
0.975184
0.98913
0.996864
0.997548
0.996181
0.996348
0.996645
0.997114
0.995927
0.99262
0.988736
0.984153
0.978127
0.973799
0.973797
0.977799
0.991512
1.00893
1.02067
1.02597
1.0282
1.02928
1.02734
1.01601
0.999399
0.991271
0.990039
0.991931
0.996284
1.00242
1.01501
1.02792
1.03339
1.03493
1.0358
1.03675
1.0377
1.03589
1.02703
1.01656
1.0094
1.0061
1.0052
1.0068
1.01923
1.03502
1.04342
1.04633
1.04753
1.0483
1.04802
1.04237
1.02573
1.00573
0.993243
1.00263
1.28554
1.73259
0.948423
0.951061
0.950381
0.939212
0.919618
0.91118
0.910168
0.911808
0.917558
0.923753
0.927398
0.932718
0.942258
0.950028
0.953023
0.95405
0.955821
0.958397
0.959757
0.957323
0.953159
0.948857
0.941625
0.932838
0.928753
0.928827
0.930605
0.937526
0.962632
0.985605
0.992562
0.994799
0.99416
0.986066
0.973265
0.961034
0.954162
0.953879
0.958453
0.964757
0.96784
0.969162
0.969991
0.97531
0.984527
0.992104
0.997584
1.00327
1.00801
1.00967
1.00722
0.998856
0.986476
0.975693
0.971674
0.971942
0.97336
0.978019
0.997385
1.0187
1.02596
1.02789
1.02671
1.02309
1.01956
1.01292
1.00372
0.999172
0.998696
0.999596
1.00019
1.00088
1.00762
1.02083
1.03014
1.03506
1.03845
1.0418
1.04371
1.0421
1.03141
1.01684
1.00698
1.00255
1.00133
1.00306
1.01795
1.03784
1.0459
1.04693
1.0473
1.04742
1.04672
1.03946
1.02054
0.99857
0.995296
1.27203
1.72895
0.949479
0.951483
0.949568
0.942417
0.930073
0.919961
0.917859
0.919628
0.92329
0.925698
0.926345
0.924787
0.925193
0.932434
0.944923
0.955895
0.964431
0.97164
0.974416
0.973583
0.966218
0.952516
0.938998
0.931065
0.929133
0.929668
0.931806
0.940134
0.955235
0.975388
0.986801
0.989115
0.986202
0.981212
0.977878
0.975074
0.972199
0.970662
0.970717
0.971093
0.969745
0.962875
0.958164
0.959092
0.966292
0.981958
0.998142
1.00915
1.01423
1.01612
1.01598
1.01068
0.994367
0.978683
0.973241
0.973156
0.97581
0.982159
0.990759
1.00442
1.01659
1.02061
1.02091
1.02143
1.02235
1.02318
1.02148
1.01494
1.00784
1.00228
0.99765
0.994648
0.994866
1.00081
1.01646
1.03101
1.03983
1.04423
1.04593
1.04647
1.04366
1.03009
1.01266
1.00301
1.00056
1.00088
1.00469
1.02196
1.0396
1.04425
1.04409
1.04382
1.04388
1.04342
1.03617
1.01367
0.999208
1.25422
1.7258
0.942997
0.947195
0.946886
0.946376
0.942691
0.934617
0.928208
0.925965
0.925595
0.924674
0.921696
0.918937
0.918809
0.920614
0.928898
0.949069
0.96713
0.974864
0.977678
0.979242
0.977772
0.963877
0.943212
0.933865
0.932253
0.934282
0.941645
0.948989
0.952218
0.956447
0.965405
0.973745
0.977743
0.979463
0.982263
0.987707
0.990823
0.988913
0.983354
0.976454
0.966319
0.956478
0.953383
0.954037
0.956355
0.965709
0.991868
1.00991
1.01487
1.01635
1.01424
1.0078
1.00011
0.990342
0.983309
0.982092
0.984355
0.986817
0.988144
0.989526
0.995719
1.00697
1.01559
1.02089
1.02524
1.02986
1.0323
1.03081
1.02168
1.00845
0.997412
0.992411
0.991674
0.992416
0.99869
1.01978
1.03797
1.04373
1.04512
1.04525
1.04374
1.03963
1.02727
1.01309
1.00583
1.00411
1.00458
1.00735
1.02138
1.03476
1.03856
1.03957
1.04157
1.044
1.04403
1.03024
1.01424
1.24009
1.72435
0.927536
0.941291
0.945716
0.947853
0.949056
0.94826
0.942219
0.934557
0.929259
0.92513
0.92146
0.91912
0.919056
0.920304
0.922948
0.933749
0.958939
0.973695
0.977305
0.976972
0.971201
0.96399
0.955712
0.947505
0.945106
0.946974
0.950413
0.952102
0.951733
0.947013
0.946068
0.952798
0.966327
0.979315
0.990019
0.998406
1.00188
1.00256
0.997545
0.983604
0.966403
0.956963
0.954613
0.955432
0.959297
0.968478
0.981831
0.999039
1.00791
1.00941
1.00729
1.0054
1.00515
1.0046
1.00168
0.996952
0.993113
0.989892
0.985813
0.981629
0.981268
0.986704
1.00138
1.01688
1.02801
1.03402
1.03645
1.03734
1.03466
1.02085
1.0031
0.99389
0.992025
0.99301
0.996425
1.00547
1.02415
1.0372
1.04075
1.04108
1.0406
1.04035
1.03923
1.03189
1.01929
1.00955
1.00519
1.00482
1.00562
1.0156
1.02871
1.03501
1.03909
1.04302
1.04558
1.04128
1.03056
1.23459
1.72505
0.91246
0.92468
0.939016
0.947837
0.951846
0.953767
0.953949
0.949224
0.939589
0.929994
0.923595
0.921671
0.92265
0.925101
0.928342
0.931655
0.939949
0.956724
0.966122
0.967851
0.967847
0.968365
0.968291
0.966662
0.962812
0.959203
0.956268
0.951988
0.944849
0.939604
0.938726
0.940322
0.948125
0.970118
0.991509
1.00014
1.00289
1.00418
1.00127
0.990059
0.97472
0.964722
0.962131
0.964089
0.969287
0.973245
0.974988
0.978783
0.988
0.996904
1.00171
1.00473
1.01003
1.01538
1.01716
1.01365
1.00475
0.993801
0.983193
0.977415
0.976612
0.97781
0.983573
1.00501
1.0266
1.03427
1.03629
1.03656
1.03411
1.02863
1.0164
1.00404
0.998907
0.998845
1.00029
1.00137
1.00528
1.01924
1.03157
1.03635
1.03814
1.04031
1.0435
1.04429
1.03798
1.02264
1.00881
1.00239
1.00128
1.00152
1.01023
1.02526
1.03464
1.0408
1.04534
1.04544
1.04368
1.23717
1.72762
0.907005
0.910561
0.920697
0.940071
0.951206
0.955332
0.957469
0.958681
0.955649
0.944071
0.932365
0.927558
0.927218
0.928365
0.93004
0.931527
0.932546
0.934397
0.944235
0.957791
0.967298
0.973216
0.978302
0.980991
0.980304
0.974452
0.964303
0.952447
0.943466
0.939882
0.939844
0.941016
0.944594
0.956356
0.980861
0.995746
0.999612
0.998376
0.992901
0.989563
0.986953
0.982339
0.978503
0.976752
0.976378
0.975669
0.971399
0.96738
0.968712
0.978027
0.992781
1.00619
1.01641
1.02239
1.02458
1.02468
1.01839
1.00168
0.985396
0.978489
0.977518
0.978978
0.983499
0.993154
1.01209
1.02675
1.03124
1.03152
1.03043
1.02996
1.02883
1.02287
1.01377
1.00704
1.00278
0.999812
0.998508
1.00039
1.01189
1.02664
1.03581
1.04207
1.04622
1.04759
1.04713
1.04
1.02164
1.00517
0.999387
0.998859
0.999178
1.00859
1.02554
1.03632
1.04282
1.04424
1.05169
1.24554
1.73102
0.905269
0.907378
0.908944
0.920083
0.942483
0.954954
0.958606
0.960124
0.96142
0.960017
0.949516
0.937608
0.93219
0.93082
0.9309
0.930489
0.927298
0.926125
0.92788
0.93731
0.957468
0.97446
0.982444
0.985885
0.987636
0.987109
0.979087
0.961012
0.947754
0.943601
0.944015
0.947593
0.953371
0.957547
0.962662
0.974709
0.984977
0.988938
0.99019
0.992116
0.995505
0.998097
0.996426
0.990213
0.982818
0.974658
0.966193
0.962228
0.96238
0.964606
0.976054
1.00028
1.01733
1.02301
1.02502
1.02507
1.02129
1.01167
0.996574
0.986857
0.984552
0.9863
0.989389
0.991111
0.994079
1.00565
1.01882
1.02539
1.02808
1.0306
1.03444
1.0362
1.03205
1.0204
1.0079
0.99898
0.995235
0.994748
0.996337
1.00836
1.02888
1.0413
1.04549
1.04691
1.04704
1.04513
1.03622
1.01749
1.00373
0.999689
0.999078
1.00032
1.01006
1.02453
1.03516
1.0387
1.05401
1.25759
1.73436
0.904802
0.907384
0.909392
0.91269
0.923309
0.944388
0.956728
0.960532
0.96219
0.963128
0.962499
0.95587
0.945491
0.938516
0.933954
0.928841
0.925324
0.925145
0.926256
0.928448
0.938241
0.964384
0.981831
0.986552
0.987452
0.984284
0.979015
0.97294
0.962946
0.956203
0.954639
0.955875
0.95743
0.957974
0.95537
0.955264
0.962908
0.977752
0.989932
0.997059
1.00305
1.00665
1.00786
1.00477
0.99331
0.977747
0.967121
0.963487
0.963568
0.965492
0.970823
0.985448
1.00698
1.0176
1.02005
1.01882
1.01613
1.01503
1.0125
1.00541
0.99865
0.995125
0.993253
0.990671
0.987507
0.987842
0.996388
1.01274
1.02538
1.03332
1.03842
1.04095
1.0416
1.03662
1.02059
1.00358
0.995509
0.994204
0.994939
0.997792
1.01235
1.03287
1.04186
1.04405
1.04374
1.04164
1.039
1.03304
1.01989
1.009
1.00427
1.00136
0.999314
1.00585
1.02035
1.02852
1.05356
1.2718
1.73774
0.906761
0.910507
0.913816
0.91565
0.917283
0.923417
0.941719
0.955971
0.961376
0.963909
0.966249
0.967228
0.963342
0.950713
0.937884
0.930334
0.927482
0.92757
0.929698
0.933657
0.938049
0.945857
0.96443
0.977003
0.980263
0.980725
0.981437
0.981903
0.979862
0.973307
0.966423
0.961807
0.957942
0.953366
0.94986
0.949268
0.950791
0.958491
0.978405
0.996699
1.00471
1.00758
1.0091
1.0093
1.00422
0.989358
0.975425
0.970132
0.970163
0.973137
0.976734
0.978938
0.984727
0.998071
1.00851
1.01293
1.01479
1.01807
1.02204
1.023
1.01724
1.00703
0.997487
0.988868
0.983366
0.982246
0.983554
0.992225
1.01425
1.03229
1.039
1.04112
1.04208
1.04089
1.03376
1.01661
1.00273
0.998087
0.998254
1.00009
1.00246
1.01336
1.0292
1.03716
1.03948
1.03994
1.04005
1.03946
1.0363
1.0253
1.0124
1.00309
0.996749
0.993514
1.00045
1.01523
1.04965
1.28568
1.74067
0.912954
0.914669
0.916167
0.917087
0.918128
0.919562
0.923526
0.938898
0.956372
0.964203
0.966662
0.967176
0.965784
0.962852
0.95336
0.941706
0.935585
0.934252
0.935101
0.936818
0.938337
0.939647
0.943102
0.955932
0.971418
0.980462
0.984117
0.986233
0.988095
0.987858
0.98176
0.971567
0.96173
0.954368
0.950904
0.950303
0.951426
0.953625
0.961272
0.982917
0.999999
1.0053
1.00619
1.00425
1.00283
1.00113
0.993747
0.985044
0.980569
0.979401
0.979082
0.976425
0.973828
0.975984
0.988026
1.00436
1.01582
1.02288
1.0282
1.03066
1.03086
1.0236
1.00717
0.991456
0.98402
0.982744
0.983614
0.986408
0.99744
1.02099
1.03496
1.03865
1.03888
1.03679
1.03466
1.03054
1.01981
1.00952
1.00439
1.00229
1.00138
1.00116
1.00796
1.02366
1.03453
1.03946
1.04131
1.04203
1.04195
1.03959
1.02918
1.01359
0.999271
0.990203
0.98779
0.997023
1.04109
1.2956
1.74233
0.923302
0.918034
0.917946
0.919027
0.921174
0.92226
0.92279
0.92428
0.93414
0.951947
0.961078
0.96383
0.965688
0.967648
0.967749
0.960776
0.949304
0.942136
0.939424
0.938728
0.938586
0.938069
0.937705
0.939162
0.948949
0.968378
0.981667
0.98698
0.98917
0.99039
0.990713
0.986365
0.974591
0.962827
0.956733
0.955332
0.956176
0.957969
0.959684
0.963668
0.979068
0.994545
1.00063
1.00247
1.00495
1.0074
1.00816
1.00331
0.993601
0.985205
0.978615
0.972964
0.969665
0.969559
0.971806
0.984377
1.00757
1.0233
1.029
1.03109
1.03226
1.0309
1.02134
1.00336
0.991469
0.987998
0.9888
0.991493
0.994564
1.00144
1.01755
1.02876
1.03268
1.03394
1.03496
1.0361
1.03577
1.0283
1.01588
1.00605
1.00046
0.998111
0.997318
1.00257
1.01974
1.03499
1.04173
1.04297
1.04247
1.04161
1.03946
1.02867
1.01104
0.993758
0.985009
0.982917
1.02639
1.2984
1.74212
0.942621
0.930841
0.925752
0.924252
0.924051
0.923068
0.921817
0.921
0.921976
0.929035
0.947795
0.962121
0.967345
0.9692
0.970497
0.971352
0.968078
0.95839
0.949669
0.944465
0.940884
0.938103
0.937329
0.938159
0.939507
0.945858
0.965164
0.981362
0.987142
0.98908
0.990407
0.991712
0.990076
0.980725
0.96896
0.962258
0.960178
0.959762
0.958807
0.958911
0.961051
0.972595
0.991139
1.00255
1.00719
1.01032
1.01268
1.01368
1.00966
0.997503
0.983944
0.974485
0.970564
0.970341
0.971694
0.974773
0.988206
1.01244
1.02531
1.02857
1.02857
1.02639
1.02468
1.02014
1.00906
0.999876
0.996013
0.994945
0.994241
0.993276
0.996028
1.00959
1.02436
1.03243
1.03678
1.03995
1.04154
1.04117
1.03312
1.01683
1.00331
0.996875
0.994691
0.994183
1.00076
1.02341
1.03976
1.04271
1.04189
1.04023
1.03862
1.03579
1.02644
1.00896
0.991597
0.980394
1.00727
1.29181
1.73891
0.958025
0.953646
0.940666
0.930113
0.924545
0.92206
0.920355
0.919435
0.919832
0.920928
0.926082
0.944545
0.961622
0.968472
0.971871
0.974906
0.976615
0.975624
0.967369
0.955275
0.945503
0.939974
0.938298
0.938287
0.938832
0.940009
0.944162
0.961898
0.980877
0.988919
0.991822
0.993978
0.995511
0.994707
0.986611
0.97379
0.96509
0.961135
0.959754
0.959475
0.960259
0.961796
0.969575
0.989047
1.00392
1.01029
1.0128
1.01406
1.01465
1.01171
0.998961
0.98419
0.976892
0.975452
0.976424
0.978253
0.98037
0.989161
1.00807
1.0199
1.02354
1.02477
1.02662
1.02831
1.02672
1.01754
1.0063
0.998079
0.99239
0.989474
0.988837
0.991132
1.00491
1.02448
1.03665
1.04127
1.04252
1.04281
1.04138
1.03158
1.01314
1.00033
0.995598
0.994852
0.996528
1.00582
1.02621
1.03762
1.03862
1.03654
1.03526
1.03558
1.03528
1.02737
1.00832
0.988676
0.993071
1.27766
1.73423
0.963518
0.964794
0.959969
0.946538
0.931943
0.923673
0.920351
0.919576
0.920127
0.92114
0.922736
0.926499
0.941655
0.961702
0.97256
0.976462
0.978139
0.979467
0.979636
0.973191
0.958772
0.946427
0.940027
0.938207
0.938782
0.940064
0.9419
0.945992
0.961598
0.98177
0.991284
0.994262
0.995338
0.995511
0.995378
0.990988
0.97995
0.969904
0.964452
0.962163
0.961537
0.961856
0.962722
0.967714
0.986585
1.00402
1.01064
1.01281
1.01432
1.01556
1.01367
1.0027
0.989738
0.982733
0.98043
0.980022
0.979878
0.980032
0.984326
1.00054
1.01664
1.0247
1.02816
1.03099
1.03287
1.03244
1.02365
1.00812
0.995125
0.989187
0.988185
0.988772
0.990995
1.00685
1.02994
1.03963
1.04131
1.04101
1.03894
1.03628
1.02864
1.01433
1.00413
0.999883
0.998634
0.998414
1.00475
1.02268
1.03248
1.0334
1.03294
1.0347
1.03748
1.03772
1.02837
1.0023
0.989156
1.26183
1.7309
0.965543
0.965439
0.963778
0.959832
0.947266
0.931994
0.92365
0.921162
0.921304
0.922391
0.923912
0.925636
0.928365
0.940209
0.96233
0.974813
0.978596
0.980004
0.980607
0.980203
0.975019
0.960562
0.947616
0.942096
0.94138
0.942701
0.945647
0.948043
0.949843
0.959106
0.977867
0.988866
0.99256
0.994533
0.996647
0.997942
0.996395
0.986907
0.974062
0.965552
0.961913
0.960858
0.961372
0.962795
0.966977
0.985211
1.0048
1.01308
1.01545
1.01637
1.01707
1.0165
1.00884
0.996494
0.987818
0.982985
0.979902
0.978318
0.978192
0.980627
0.995276
1.01562
1.02698
1.03179
1.03395
1.03495
1.03416
1.02421
1.00599
0.994204
0.990552
0.990682
0.992348
0.996501
1.01074
1.02873
1.03591
1.03686
1.03689
1.03704
1.03652
1.03193
1.02013
1.00768
0.999702
0.997121
0.996981
1.00184
1.01723
1.02825
1.03165
1.03399
1.03769
1.04038
1.03944
1.01856
1.0009
1.24789
1.72946
0.959423
0.96085
0.959067
0.957436
0.955941
0.949565
0.937243
0.928726
0.925673
0.925559
0.926695
0.928903
0.931396
0.933639
0.940591
0.959534
0.973001
0.977038
0.977847
0.977133
0.975676
0.973779
0.966152
0.956233
0.950566
0.948951
0.94902
0.94861
0.948283
0.94936
0.9553
0.973376
0.98888
0.995429
0.997685
0.99907
1.00034
0.999973
0.990859
0.975155
0.965561
0.962573
0.962849
0.964619
0.967251
0.970282
0.983008
1.0019
1.01158
1.01496
1.01664
1.01785
1.01891
1.01554
1.00405
0.991812
0.983114
0.978425
0.977306
0.978003
0.980165
0.994921
1.01895
1.03069
1.03353
1.03415
1.03285
1.03071
1.02315
1.0084
0.99821
0.99482
0.994593
0.995071
0.99635
1.00759
1.02463
1.03305
1.03547
1.03646
1.03838
1.04007
1.0373
1.02434
1.0081
0.997897
0.99426
0.993567
0.997341
1.01381
1.02744
1.0324
1.03584
1.03956
1.0413
1.02915
1.01606
1.24064
1.72987
0.93848
0.950215
0.953996
0.95577
0.956461
0.9569
0.95507
0.946939
0.937781
0.93304
0.931937
0.932495
0.933183
0.933735
0.934715
0.937871
0.951532
0.966668
0.973379
0.975477
0.977343
0.979771
0.980503
0.976027
0.965597
0.95625
0.95078
0.948622
0.948488
0.949347
0.950659
0.954418
0.970366
0.98836
0.996046
0.998457
0.999197
0.998646
0.998318
0.993307
0.981279
0.9725
0.969491
0.969037
0.968969
0.968331
0.968772
0.976365
0.995316
1.00895
1.01493
1.01916
1.0221
1.02325
1.02093
1.00847
0.991505
0.981208
0.978378
0.978765
0.980433
0.983734
0.997416
1.01885
1.02891
1.03106
1.03163
1.03217
1.03179
1.0261
1.01353
1.00287
0.996887
0.994434
0.994181
0.994786
1.00291
1.01974
1.03075
1.03633
1.04047
1.04237
1.04258
1.03901
1.02399
1.00391
0.993267
0.991905
0.992736
0.997528
1.01508
1.02761
1.03239
1.03592
1.0385
1.03418
1.02867
1.24083
1.73169
0.916095
0.927209
0.942392
0.952043
0.956421
0.960165
0.963096
0.963797
0.959082
0.948758
0.940312
0.936211
0.935215
0.935265
0.934028
0.931938
0.932991
0.942823
0.961465
0.973913
0.979103
0.981941
0.984258
0.985498
0.983837
0.974515
0.96234
0.954561
0.951701
0.951255
0.951776
0.952472
0.954067
0.965376
0.983935
0.99334
0.996236
0.998691
1.00158
1.00335
1.00134
0.990512
0.978865
0.972278
0.968441
0.965544
0.964626
0.965685
0.971996
0.992733
1.01247
1.02021
1.02243
1.02365
1.02407
1.02139
1.0082
0.992274
0.984366
0.982677
0.983326
0.984443
0.98592
0.995844
1.01549
1.02708
1.03065
1.03152
1.03224
1.0335
1.03124
1.01948
1.00535
0.996416
0.99239
0.991362
0.992007
1.00008
1.02108
1.03549
1.03959
1.04113
1.04174
1.04111
1.03649
1.02012
1.00183
0.994589
0.994202
0.995467
1.00051
1.01414
1.02406
1.02956
1.03275
1.03148
1.04013
1.2486
1.7343
0.905193
0.908213
0.918168
0.938145
0.953618
0.961722
0.966502
0.970193
0.972125
0.970147
0.959821
0.947902
0.940893
0.936206
0.931105
0.928998
0.929313
0.930748
0.938657
0.959135
0.975541
0.982408
0.98558
0.987694
0.989148
0.989017
0.981897
0.967986
0.957326
0.952953
0.951578
0.95043
0.950465
0.951973
0.960397
0.980074
0.994818
1.00137
1.00487
1.00778
1.00936
1.00796
0.996982
0.981563
0.970795
0.966133
0.965409
0.966301
0.968072
0.973599
0.993745
1.01309
1.01981
1.02157
1.02195
1.0216
1.02024
1.01143
0.998579
0.990449
0.986891
0.985567
0.985443
0.985792
0.991891
1.01034
1.02415
1.02991
1.03381
1.0361
1.03685
1.03378
1.0201
1.00283
0.993334
0.991245
0.991579
0.993514
1.00327
1.02357
1.03495
1.03783
1.03849
1.03789
1.03645
1.03305
1.02076
1.00557
0.998761
0.997473
0.996543
0.997435
1.00742
1.01803
1.02608
1.02872
1.0469
1.26096
1.73769
0.902544
0.904553
0.907659
0.915723
0.937632
0.958497
0.968942
0.97421
0.976998
0.978301
0.976332
0.965491
0.947933
0.936028
0.931455
0.92996
0.930136
0.931153
0.933057
0.939153
0.959029
0.978322
0.986465
0.989114
0.990431
0.991447
0.991696
0.986493
0.971367
0.95824
0.952401
0.950878
0.950957
0.951909
0.953459
0.959144
0.9786
0.997217
1.00531
1.00835
1.00983
1.01044
1.00953
1.00021
0.983721
0.972998
0.969643
0.969601
0.970625
0.971895
0.974981
0.990188
1.00883
1.01724
1.01989
1.02124
1.02295
1.02397
1.01855
1.00553
0.994208
0.987624
0.983837
0.982592
0.983361
0.989396
1.01006
1.02809
1.03408
1.03563
1.03634
1.03603
1.03245
1.01886
1.00277
0.995342
0.994062
0.994807
0.995994
1.0039
1.0216
1.03171
1.03484
1.03579
1.03635
1.03649
1.03428
1.02399
1.00893
0.99969
0.995411
0.992104
0.991474
1.00093
1.0164
1.02504
1.05192
1.27395
1.74155
0.902829
0.905372
0.908493
0.912693
0.921633
0.944443
0.966947
0.97511
0.977673
0.978277
0.976568
0.972445
0.962398
0.946936
0.936816
0.933087
0.932491
0.933261
0.934796
0.937402
0.942549
0.959271
0.979087
0.987732
0.990329
0.991233
0.990244
0.988539
0.985382
0.974501
0.961516
0.95506
0.953545
0.95414
0.955555
0.957465
0.961247
0.976708
0.996165
1.00505
1.00782
1.00912
1.01011
1.01005
1.00358
0.989101
0.977455
0.972718
0.971527
0.970955
0.971142
0.973259
0.985251
1.00533
1.0175
1.02279
1.02563
1.02737
1.02772
1.0223
1.00731
0.99247
0.984977
0.983359
0.98393
0.985718
0.992119
1.01158
1.02769
1.03274
1.03405
1.03454
1.03439
1.03163
1.02019
1.0064
0.999022
0.996707
0.996688
0.997507
1.00166
1.0161
1.02757
1.03321
1.03604
1.03731
1.03743
1.03554
1.02682
1.01139
0.999539
0.992076
0.986205
0.985314
1.00028
1.0169
1.05236
1.28541
1.74474
0.907177
0.909963
0.914236
0.920291
0.927448
0.93519
0.950617
0.96619
0.972218
0.972876
0.971115
0.96944
0.968811
0.964514
0.951493
0.940879
0.937001
0.936945
0.938937
0.942676
0.945541
0.947779
0.956601
0.973834
0.983802
0.986718
0.98749
0.988294
0.989321
0.988869
0.980691
0.967598
0.95945
0.956884
0.956751
0.957245
0.958227
0.960567
0.973504
0.994516
1.00584
1.00931
1.01032
1.01103
1.01146
1.00755
0.994049
0.981032
0.974409
0.971952
0.971787
0.97275
0.974352
0.983162
1.00437
1.01967
1.02491
1.02641
1.02683
1.02655
1.02252
1.00823
0.993973
0.988145
0.987181
0.987825
0.988802
0.992762
1.00939
1.02496
1.03062
1.03211
1.03267
1.03368
1.0341
1.02687
1.01313
1.00328
0.998412
0.995322
0.99368
0.996047
1.00995
1.02537
1.03425
1.03831
1.0388
1.03756
1.03504
1.02707
1.01103
0.996748
0.987134
0.981929
0.984579
1.00166
1.04536
1.29379
1.74659
0.916997
0.917921
0.922674
0.928871
0.933608
0.936067
0.937629
0.943191
0.953478
0.961449
0.965484
0.96728
0.968011
0.968144
0.967237
0.960488
0.951953
0.947666
0.946815
0.947159
0.946748
0.945694
0.946009
0.949842
0.964029
0.978195
0.985177
0.988306
0.990414
0.992113
0.992956
0.98766
0.974292
0.963841
0.959284
0.958467
0.959558
0.961404
0.962938
0.970648
0.990151
1.0036
1.00829
1.00982
1.01016
1.01097
1.01017
1.0006
0.986809
0.978281
0.975115
0.974469
0.975081
0.976115
0.982557
1.00272
1.01808
1.02291
1.02452
1.02581
1.02665
1.02384
1.0116
0.998443
0.991599
0.989151
0.9888
0.989239
0.991068
1.00398
1.01987
1.0278
1.03276
1.0372
1.03864
1.03839
1.03147
1.0152
1.00069
0.993596
0.991188
0.990158
0.992645
1.01041
1.03072
1.03843
1.03908
1.03768
1.03519
1.03192
1.02383
1.0102
0.99605
0.984394
0.979642
0.983749
1.03146
1.29716
1.74617
0.936799
0.934187
0.93629
0.937949
0.939062
0.93826
0.9335
0.928544
0.92882
0.937697
0.952255
0.962057
0.966881
0.970918
0.9749
0.976738
0.974015
0.965109
0.956227
0.950484
0.947406
0.945335
0.942309
0.940779
0.942937
0.955436
0.974197
0.985568
0.990268
0.992719
0.994734
0.996485
0.994853
0.983469
0.970742
0.964663
0.962935
0.962078
0.961175
0.961122
0.965438
0.983074
0.999523
1.00621
1.00947
1.01291
1.01481
1.01495
1.00726
0.991574
0.98017
0.975832
0.975004
0.975209
0.976077
0.981461
1.00069
1.01762
1.02404
1.02598
1.02693
1.02776
1.02665
1.01708
1.00267
0.993398
0.989004
0.986975
0.986726
0.988457
1.00116
1.02133
1.03311
1.03718
1.0384
1.03869
1.03812
1.03091
1.01298
0.998243
0.99219
0.99068
0.991028
0.995478
1.0144
1.03212
1.03668
1.03588
1.03208
1.02945
1.0282
1.02397
1.01286
0.996208
0.982042
0.973661
1.01103
1.29531
1.74342
0.9592
0.95866
0.953127
0.947808
0.943191
0.936286
0.926092
0.919301
0.91763
0.919173
0.927964
0.946836
0.96327
0.973093
0.980064
0.98529
0.987648
0.986041
0.975873
0.962069
0.951774
0.944036
0.938602
0.937443
0.938185
0.940446
0.951396
0.972881
0.987441
0.993648
0.998088
1.00113
1.00254
1.00118
0.990324
0.97489
0.964744
0.960107
0.958064
0.957373
0.958237
0.962131
0.978836
1.00014
1.01095
1.01446
1.01617
1.01751
1.01793
1.011
0.994288
0.98154
0.976477
0.975718
0.976622
0.977897
0.981578
0.997755
1.01545
1.02345
1.02668
1.02854
1.02955
1.02898
1.02009
1.00435
0.99303
0.988335
0.987686
0.988451
0.989945
1.00122
1.02257
1.0339
1.03678
1.03715
1.0362
1.03514
1.02924
1.01345
1.00064
0.995489
0.993729
0.993052
0.995846
1.01344
1.02867
1.03192
1.03028
1.02861
1.02863
1.02979
1.0272
1.01438
0.994189
0.97545
0.990276
1.28854
1.73957
0.977922
0.979758
0.975379
0.963809
0.94815
0.932966
0.921075
0.915161
0.91417
0.914846
0.917029
0.924323
0.94526
0.969451
0.983406
0.990003
0.992846
0.993997
0.991548
0.979794
0.958543
0.944564
0.939614
0.938509
0.939096
0.940569
0.943031
0.951518
0.974204
0.992771
0.999781
1.00202
1.00311
1.00379
1.00298
0.993826
0.97599
0.963747
0.959024
0.958278
0.959075
0.960683
0.963961
0.978741
1.00168
1.01276
1.016
1.01726
1.01766
1.01783
1.01338
0.998653
0.985187
0.979558
0.978171
0.977728
0.9782
0.980727
0.994963
1.01479
1.02467
1.02763
1.02873
1.02975
1.03045
1.02401
1.00779
0.995705
0.991089
0.989562
0.989212
0.990231
1.00126
1.02245
1.03294
1.0349
1.03508
1.03529
1.03467
1.02947
1.01606
1.00333
0.995873
0.992532
0.991841
0.994497
1.01038
1.02542
1.02929
1.02883
1.02892
1.03093
1.03265
1.02929
1.01205
0.985191
0.983617
1.27525
1.73626
0.984385
0.987695
0.987074
0.98148
0.963834
0.936457
0.919951
0.914677
0.914132
0.91502
0.917297
0.921501
0.930388
0.955206
0.98161
0.990683
0.993249
0.993465
0.989831
0.982141
0.971048
0.956164
0.946035
0.942356
0.942031
0.943137
0.945299
0.948845
0.955994
0.976161
0.993874
1.00025
1.00208
1.00221
1.00053
0.998567
0.993094
0.979215
0.96738
0.962905
0.96256
0.963705
0.965379
0.967898
0.978723
0.999555
1.01163
1.01521
1.01683
1.01835
1.01909
1.01597
1.0023
0.987463
0.980007
0.978182
0.978629
0.979605
0.981277
0.9928
1.0129
1.0238
1.02819
1.0311
1.03234
1.03199
1.0248
1.00795
0.994726
0.989906
0.989295
0.989854
0.991353
1.00203
1.02206
1.03272
1.03495
1.03476
1.03426
1.03378
1.03118
1.01995
1.00527
0.995451
0.99124
0.990524
0.99265
1.00788
1.02367
1.02796
1.02822
1.0292
1.03242
1.03342
1.02671
0.998193
0.988014
1.26129
1.73443
0.984554
0.987797
0.986407
0.977126
0.959518
0.941927
0.927127
0.919739
0.918249
0.919525
0.923189
0.929678
0.937932
0.94765
0.964668
0.980782
0.986584
0.986553
0.983343
0.980803
0.979483
0.973707
0.96077
0.950764
0.947291
0.947553
0.950102
0.953863
0.956944
0.960346
0.972626
0.988722
0.996294
0.998291
0.998939
0.999854
1.00087
0.998111
0.985469
0.97283
0.96733
0.966041
0.966232
0.96695
0.96828
0.97636
0.997223
1.012
1.01681
1.01801
1.01821
1.01856
1.01729
1.00652
0.991213
0.982933
0.980354
0.979511
0.979707
0.981143
0.993009
1.01593
1.02783
1.0307
1.03131
1.03093
1.02971
1.02363
1.00956
0.998364
0.993684
0.992388
0.992381
0.992976
1.00105
1.01903
1.02935
1.03186
1.03274
1.03404
1.03518
1.03386
1.023
1.00567
0.993757
0.989527
0.989356
0.991693
1.00717
1.02267
1.02623
1.02714
1.03002
1.03296
1.0326
1.01238
1.00044
1.24992
1.73392
0.969447
0.976411
0.972402
0.963789
0.95677
0.950324
0.941679
0.932879
0.928505
0.928429
0.931858
0.938367
0.944153
0.94717
0.949377
0.956697
0.967222
0.973931
0.977025
0.97843
0.978933
0.978694
0.977036
0.970366
0.962714
0.958975
0.958219
0.958431
0.957873
0.95665
0.956861
0.962815
0.978714
0.991667
0.997648
1.00029
1.00207
1.00341
1.00292
0.99351
0.979773
0.971391
0.968403
0.968359
0.969595
0.970455
0.974592
0.992152
1.00828
1.01424
1.01686
1.01904
1.0203
1.01963
1.00974
0.993546
0.98365
0.980811
0.981173
0.983068
0.98537
0.994987
1.01444
1.02463
1.0272
1.02797
1.02861
1.02898
1.02622
1.01514
1.00277
0.995758
0.992567
0.990801
0.990682
0.997321
1.01527
1.02792
1.03249
1.03466
1.03626
1.03667
1.03526
1.02381
1.0042
0.991446
0.988448
0.98909
0.992367
1.0077
1.02106
1.02455
1.02638
1.03017
1.03245
1.02314
1.01436
1.2448
1.73458
0.942003
0.949501
0.951185
0.952792
0.95413
0.955079
0.955261
0.951858
0.946849
0.944636
0.945684
0.948045
0.949703
0.950007
0.946214
0.94034
0.940052
0.948608
0.962984
0.972916
0.977664
0.981658
0.985651
0.987482
0.985133
0.977254
0.968964
0.963129
0.958804
0.954416
0.949947
0.948998
0.953458
0.970722
0.989132
0.997996
1.00211
1.00561
1.00801
1.00875
1.00178
0.986921
0.976477
0.97233
0.969835
0.967852
0.967884
0.97082
0.986978
1.0071
1.01615
1.01862
1.01965
1.02057
1.0211
1.01394
0.998149
0.988307
0.985478
0.984752
0.984309
0.984899
0.992083
1.01011
1.02221
1.02667
1.02899
1.03112
1.03208
1.03061
1.02025
1.00495
0.994172
0.989565
0.988864
0.989216
0.99495
1.01454
1.0296
1.03412
1.03541
1.03621
1.03619
1.03433
1.02163
1.00153
0.990669
0.989213
0.990342
0.993281
1.00629
1.01716
1.02176
1.0254
1.02864
1.02565
1.02866
1.24736
1.73625
0.924053
0.918844
0.923701
0.937073
0.949538
0.955928
0.959444
0.964195
0.968109
0.96842
0.964762
0.959955
0.955797
0.950283
0.939045
0.929474
0.926658
0.928186
0.937681
0.95761
0.974127
0.983652
0.990862
0.996942
0.999709
0.998133
0.988324
0.97412
0.961312
0.950875
0.94529
0.944446
0.945344
0.949641
0.967485
0.990609
1.00295
1.00811
1.01151
1.01337
1.01396
1.00795
0.991176
0.975736
0.968191
0.966113
0.966106
0.966831
0.969617
0.984636
1.00556
1.01522
1.01896
1.02195
1.02347
1.02347
1.01686
1.0015
0.989828
0.984828
0.983465
0.983387
0.983705
0.98886
1.0067
1.02185
1.02824
1.03047
1.03173
1.03269
1.03213
1.02241
1.00423
0.992448
0.988898
0.988733
0.989671
0.996693
1.01738
1.0304
1.03349
1.03449
1.03461
1.03393
1.03135
1.01988
1.00198
0.992238
0.99077
0.990955
0.991933
1.00156
1.01151
1.01879
1.02416
1.0252
1.03954
1.25538
1.73873
0.911272
0.904697
0.90592
0.912358
0.929915
0.948306
0.961711
0.974885
0.984672
0.987893
0.986125
0.97739
0.963712
0.947982
0.933633
0.924962
0.922798
0.923203
0.925042
0.932856
0.954881
0.979173
0.994376
1.00248
1.00576
1.00699
1.00445
0.991157
0.967717
0.951673
0.946078
0.945232
0.946073
0.948174
0.952473
0.969003
0.994294
1.00808
1.01246
1.01407
1.01505
1.01476
1.00879
0.989754
0.973252
0.967357
0.966569
0.967236
0.968613
0.971531
0.985092
1.00744
1.01891
1.02203
1.02308
1.02365
1.02368
1.01925
1.00531
0.991958
0.985365
0.983062
0.982916
0.983606
0.987945
1.00533
1.02212
1.02856
1.0308
1.03227
1.03301
1.03185
1.02157
1.00402
0.993493
0.990987
0.991266
0.99246
0.998991
1.01666
1.02775
1.03098
1.03212
1.0328
1.03291
1.03115
1.02076
1.00322
0.993135
0.990291
0.98852
0.987613
0.995885
1.00887
1.02009
1.02517
1.04621
1.26511
1.74181
0.905836
0.900318
0.901058
0.902648
0.907683
0.926175
0.956917
0.98019
0.991629
0.995834
0.997373
0.99463
0.981804
0.954735
0.933249
0.924711
0.922981
0.923479
0.925339
0.928771
0.936549
0.963552
0.993032
1.00333
1.00613
1.0068
1.00368
0.9953
0.980464
0.962321
0.952225
0.949391
0.949721
0.951385
0.953818
0.95756
0.972844
0.99842
1.01045
1.01343
1.01416
1.01241
1.00876
1.0027
0.988864
0.975916
0.970766
0.97019
0.971259
0.973144
0.976165
0.986861
1.00683
1.01806
1.02141
1.02277
1.02385
1.0244
1.0209
1.00727
0.992872
0.9856
0.983661
0.98383
0.98457
0.988334
1.00569
1.02365
1.02993
1.03138
1.03192
1.03207
1.03158
1.02304
1.0061
0.995582
0.992502
0.992214
0.992165
0.996865
1.01333
1.02521
1.02985
1.03242
1.03356
1.03303
1.03027
1.0205
1.00382
0.992991
0.988691
0.985231
0.984364
0.994494
1.01149
1.02073
1.04928
1.27513
1.74476
0.905344
0.900233
0.901551
0.903843
0.907867
0.914881
0.93769
0.976231
0.992483
0.996521
0.99745
0.992821
0.978604
0.96014
0.942163
0.931263
0.92787
0.928082
0.930151
0.933954
0.940549
0.951679
0.975119
0.994522
1.00067
1.00075
0.996621
0.99194
0.988055
0.97992
0.966987
0.957974
0.954882
0.955022
0.956922
0.960627
0.965922
0.97766
0.996361
1.00589
1.00793
1.00744
1.00717
1.00744
1.00517
0.994231
0.981738
0.975842
0.9745
0.974965
0.975957
0.977341
0.985473
1.00501
1.01779
1.02183
1.02272
1.0226
1.02319
1.0219
1.01078
0.995533
0.987151
0.984805
0.984918
0.985614
0.989012
1.00641
1.02333
1.02897
1.03095
1.03275
1.03326
1.03195
1.02309
1.00662
0.99538
0.991704
0.991433
0.991633
0.995718
1.01173
1.02535
1.03103
1.03248
1.03242
1.03088
1.02802
1.01983
1.00442
0.993965
0.98828
0.9831
0.982983
0.996438
1.00943
1.04586
1.2851
1.74695
0.913239
0.906348
0.907666
0.909991
0.91366
0.922207
0.935925
0.956479
0.978994
0.987718
0.9879
0.981892
0.974056
0.967062
0.95786
0.946348
0.938264
0.935519
0.936175
0.940315
0.947727
0.953833
0.958647
0.97011
0.982988
0.988708
0.989728
0.989669
0.99001
0.989909
0.985427
0.974649
0.966232
0.963566
0.964523
0.967062
0.96871
0.969098
0.971374
0.983504
0.996507
1.0033
1.00637
1.00824
1.00971
1.00963
1.00226
0.989897
0.981712
0.978364
0.977817
0.978434
0.978926
0.982854
0.99963
1.01392
1.01917
1.02187
1.02389
1.02487
1.02366
1.01285
0.997015
0.98831
0.985991
0.986256
0.987576
0.991043
1.00688
1.02321
1.02936
1.03118
1.03136
1.03132
1.03066
1.02351
1.00781
0.996682
0.9931
0.992226
0.991921
0.995329
1.01062
1.02472
1.0304
1.03156
1.03088
1.02871
1.02626
1.01949
1.00653
0.996081
0.987461
0.980808
0.981269
0.992393
1.03646
1.29413
1.74819
0.929055
0.918339
0.916816
0.917727
0.923152
0.933943
0.940667
0.94389
0.951138
0.962965
0.969707
0.971049
0.970916
0.971176
0.970585
0.965501
0.955456
0.949049
0.948363
0.95162
0.955814
0.957775
0.956907
0.952481
0.953167
0.963911
0.977798
0.985864
0.989232
0.991054
0.99271
0.992852
0.988418
0.981124
0.97594
0.972805
0.968847
0.962633
0.959731
0.961598
0.974265
0.992954
1.00376
1.00837
1.01136
1.01407
1.01529
1.01046
0.997572
0.986995
0.981533
0.977845
0.975253
0.975242
0.978887
0.99607
1.0144
1.0215
1.02325
1.02395
1.0247
1.02442
1.01622
1.00145
0.992326
0.989409
0.989023
0.989329
0.990939
1.00418
1.02007
1.02668
1.02917
1.03061
1.03106
1.0308
1.02506
1.01029
0.998708
0.993995
0.992097
0.990965
0.993316
1.00906
1.02469
1.03045
1.03103
1.02918
1.02703
1.02568
1.02075
1.00957
0.996697
0.983326
0.975413
0.973797
1.02327
1.30063
1.74832
0.950025
0.936769
0.931653
0.931894
0.936598
0.941454
0.943299
0.942837
0.937608
0.934361
0.939211
0.952845
0.96514
0.970657
0.972399
0.973604
0.974157
0.972952
0.969849
0.96641
0.96365
0.960025
0.950872
0.941094
0.938163
0.94053
0.953967
0.974178
0.985942
0.991673
0.997752
1.00368
1.00579
1.00186
0.990627
0.977752
0.966595
0.958915
0.954976
0.954648
0.956458
0.96873
0.991157
1.00574
1.01263
1.01719
1.01993
1.02108
1.01707
1.0024
0.986311
0.977345
0.97456
0.974243
0.9748
0.977699
0.99429
1.01315
1.02025
1.0231
1.02552
1.02697
1.02725
1.02034
1.00494
0.993992
0.989445
0.987793
0.987455
0.989121
1.00189
1.01962
1.0282
1.03067
1.03125
1.03164
1.03169
1.02725
1.01262
0.998961
0.9928
0.990607
0.989736
0.992135
1.00846
1.02486
1.02995
1.02971
1.02786
1.02621
1.02566
1.02233
1.01148
0.994425
0.977594
0.966522
1.00439
1.30094
1.74674
0.960297
0.958131
0.954084
0.951204
0.948966
0.946738
0.943585
0.93833
0.927934
0.920181
0.919977
0.926399
0.945127
0.962348
0.971222
0.979357
0.989413
0.993883
0.992481
0.984266
0.972201
0.958857
0.945775
0.936581
0.93352
0.93371
0.935776
0.947335
0.970367
0.989766
1.00266
1.01092
1.01419
1.01517
1.00961
0.991377
0.970801
0.958414
0.954052
0.953929
0.954941
0.957134
0.96782
0.992594
1.01118
1.01847
1.0214
1.02311
1.0233
1.01847
1.00117
0.983422
0.97567
0.973766
0.974002
0.975073
0.978557
0.995301
1.01548
1.02389
1.02646
1.02798
1.02914
1.02878
1.02154
1.00566
0.993477
0.988572
0.987756
0.988071
0.989417
1.00048
1.01847
1.02779
1.03091
1.03198
1.03205
1.03192
1.02761
1.01287
0.999169
0.992761
0.990083
0.9892
0.991957
1.00907
1.02557
1.02937
1.02761
1.0251
1.02477
1.0261
1.02386
1.0114
0.989621
0.969305
0.988602
1.29316
1.74367
0.965009
0.972179
0.975564
0.973739
0.966097
0.957028
0.947479
0.934437
0.920999
0.914823
0.914018
0.91519
0.920211
0.938437
0.963835
0.984428
0.997755
1.00398
1.00561
1.00322
0.989506
0.966037
0.946187
0.936285
0.933409
0.933641
0.934768
0.937075
0.946873
0.977176
1.00339
1.01249
1.01522
1.01631
1.01474
1.0053
0.982966
0.964253
0.956942
0.955432
0.955876
0.957184
0.959533
0.971209
1.00024
1.01712
1.0214
1.02295
1.02293
1.02002
1.01276
0.996393
0.981882
0.976331
0.975642
0.976802
0.979112
0.982903
0.997397
1.01677
1.02511
1.02745
1.0284
1.02848
1.0277
1.02115
1.00627
0.994463
0.98976
0.988252
0.987969
0.988599
0.999518
1.01948
1.02941
1.03135
1.03139
1.03095
1.03086
1.02793
1.01482
1.00095
0.993332
0.989938
0.988708
0.991331
1.00876
1.02319
1.02516
1.02343
1.02291
1.02518
1.02759
1.02431
1.00653
0.978541
0.981175
1.28042
1.74063
0.962734
0.978567
0.984869
0.986785
0.985336
0.975569
0.955399
0.933702
0.920803
0.915576
0.914851
0.916055
0.918737
0.922984
0.940598
0.977299
0.998787
1.00458
1.00637
1.00563
0.998306
0.977918
0.955251
0.941663
0.936566
0.935692
0.936414
0.938115
0.942607
0.958913
0.991879
1.00934
1.01352
1.01357
1.00875
1.00235
0.994035
0.979714
0.966096
0.95977
0.958272
0.958767
0.96139
0.968872
0.983802
1.00522
1.01568
1.01818
1.0165
1.01336
1.01183
1.00943
0.998778
0.986498
0.981032
0.980105
0.980697
0.981674
0.984209
0.997976
1.01582
1.02336
1.0254
1.02622
1.0266
1.02629
1.02153
1.00781
0.99533
0.98957
0.988006
0.988132
0.98945
1.00024
1.01917
1.02802
1.02977
1.03043
1.03128
1.03158
1.02903
1.01669
1.00122
0.99133
0.987169
0.986265
0.98911
1.00699
1.02118
1.02312
1.02259
1.02368
1.0277
1.02849
1.02149
0.990713
0.98498
1.26566
1.73841
0.945979
0.97856
0.98563
0.987451
0.986486
0.979085
0.963486
0.943868
0.928641
0.921923
0.920504
0.921561
0.923702
0.927024
0.93342
0.953105
0.984497
0.99813
1.00067
0.998807
0.993877
0.98701
0.972273
0.954591
0.943805
0.940402
0.940632
0.943868
0.952157
0.961358
0.972749
0.990601
1.00131
1.00368
1.00278
1.00171
1.00049
0.995092
0.981036
0.968791
0.964648
0.965552
0.970974
0.976152
0.978295
0.983006
0.996099
1.00604
1.00967
1.01093
1.01219
1.0132
1.01193
1.00238
0.990243
0.98431
0.982874
0.983803
0.985751
0.986931
0.995328
1.01141
1.02042
1.02346
1.02442
1.02509
1.02586
1.02343
1.01103
0.99789
0.991475
0.989077
0.988289
0.988865
0.999117
1.01843
1.02831
1.03056
1.03103
1.03156
1.03175
1.02952
1.01717
0.999149
0.987595
0.984463
0.984638
0.989071
1.00711
1.0202
1.02206
1.02213
1.02511
1.02769
1.02705
1.00604
0.995309
1.25348
1.73731
0.926801
0.956823
0.974294
0.978932
0.978291
0.975445
0.971044
0.961714
0.947465
0.934962
0.928651
0.927218
0.928303
0.932471
0.938679
0.944341
0.955837
0.975985
0.987265
0.990019
0.989553
0.987968
0.984278
0.973218
0.959314
0.952076
0.951338
0.955352
0.960797
0.962923
0.963947
0.966562
0.975928
0.988099
0.995806
0.998855
0.999612
0.998715
0.995451
0.988105
0.981925
0.979971
0.980214
0.980154
0.976737
0.973553
0.974846
0.985539
1.00084
1.00915
1.0116
1.01212
1.01273
1.0136
1.01021
1.00028
0.992587
0.988846
0.985895
0.982823
0.982375
0.989294
1.00648
1.01783
1.02246
1.02546
1.02721
1.02784
1.02565
1.01362
0.99887
0.990831
0.988423
0.988352
0.989082
0.998041
1.01716
1.02726
1.02954
1.03026
1.03072
1.03104
1.02933
1.0162
0.996135
0.985701
0.984221
0.985238
0.991137
1.0084
1.01843
1.02007
1.02114
1.02459
1.02644
1.01651
1.00828
1.24778
1.73731
0.924983
0.928487
0.942039
0.960692
0.969737
0.972376
0.973302
0.973386
0.96895
0.954933
0.94234
0.937678
0.937902
0.941301
0.943958
0.944766
0.943987
0.945303
0.957635
0.973495
0.982101
0.985021
0.986278
0.986687
0.981429
0.973147
0.968372
0.966961
0.966364
0.964283
0.960193
0.955824
0.955308
0.962725
0.979566
0.991769
0.996422
0.998617
1.00252
1.00557
1.00413
0.997147
0.988657
0.981155
0.97479
0.96935
0.966637
0.967931
0.97924
0.997102
1.00628
1.01034
1.01549
1.02032
1.02241
1.01911
1.00686
0.993601
0.984129
0.978863
0.977098
0.977748
0.985315
1.0055
1.02025
1.0255
1.02733
1.0288
1.02976
1.02868
1.01715
1.00093
0.99189
0.988055
0.986727
0.987302
0.996835
1.01686
1.02664
1.02868
1.02964
1.03028
1.03023
1.02772
1.01322
0.994166
0.985997
0.985764
0.987538
0.992656
1.0068
1.01507
1.01787
1.02063
1.02302
1.01869
1.02214
1.24919
1.7384
0.923429
0.920523
0.919471
0.927977
0.949731
0.966707
0.973092
0.974813
0.974875
0.973309
0.966679
0.957741
0.952109
0.949402
0.947174
0.942229
0.935823
0.932308
0.933281
0.944863
0.966883
0.981422
0.987361
0.990633
0.994774
0.995772
0.98996
0.980805
0.972995
0.965947
0.957294
0.949674
0.946426
0.94689
0.953982
0.973272
0.990091
1.00049
1.0093
1.01591
1.01801
1.0152
1.0038
0.988434
0.97551
0.966816
0.962759
0.962324
0.963825
0.974062
0.994583
1.01072
1.02039
1.02642
1.02864
1.0294
1.0244
1.00679
0.988433
0.979384
0.977162
0.977308
0.978342
0.985045
1.00569
1.02122
1.02706
1.03036
1.03196
1.03277
1.03088
1.01723
0.997849
0.988087
0.986257
0.986431
0.987917
0.998525
1.0186
1.02761
1.02914
1.02941
1.02942
1.0291
1.02611
1.01218
0.99465
0.987589
0.987515
0.988332
0.991528
1.00291
1.01123
1.01656
1.01977
1.01827
1.03264
1.25607
1.74068
0.921423
0.917444
0.914183
0.913997
0.918981
0.940525
0.961874
0.971112
0.977299
0.984413
0.986883
0.982691
0.970363
0.95779
0.948341
0.941006
0.934095
0.928761
0.927247
0.928246
0.937045
0.960432
0.980864
0.993798
1.0036
1.00818
1.00848
1.00096
0.985801
0.970172
0.957397
0.948775
0.944468
0.943768
0.944648
0.949651
0.969489
0.995784
1.01254
1.01985
1.02237
1.02292
1.01882
1.00213
0.980872
0.968213
0.963076
0.961844
0.962213
0.963507
0.973103
1.00104
1.02168
1.02816
1.0298
1.03027
1.02846
1.02023
1.00143
0.985761
0.979405
0.977861
0.977913
0.97903
0.987028
1.01116
1.02787
1.03205
1.03296
1.0331
1.03186
1.02723
1.0125
0.995743
0.988541
0.987258
0.987553
0.989886
1.00148
1.01906
1.02636
1.02797
1.02881
1.02932
1.02912
1.02559
1.01218
0.996463
0.98964
0.988404
0.987333
0.988918
0.998
1.00819
1.01572
1.01804
1.03979
1.26668
1.74385
0.922196
0.916176
0.913244
0.91257
0.913237
0.916342
0.933667
0.962205
0.980739
0.988803
0.992353
0.993937
0.990725
0.975873
0.957251
0.943772
0.934773
0.929204
0.927543
0.928008
0.929375
0.935201
0.960971
0.991708
1.00524
1.00915
1.01076
1.01082
1.00346
0.983043
0.963016
0.950621
0.944978
0.943955
0.944728
0.94651
0.952694
0.979982
1.01005
1.01967
1.02194
1.02196
1.01849
1.01049
0.994523
0.97618
0.965618
0.962147
0.962081
0.963251
0.967761
0.985841
1.01446
1.0262
1.02841
1.02777
1.02474
1.02111
1.01402
0.998635
0.984668
0.979359
0.978753
0.979673
0.983407
0.996871
1.0201
1.03017
1.03168
1.03087
1.02841
1.02641
1.02293
1.01146
0.997006
0.99031
0.989215
0.989964
0.99168
1.00193
1.01875
1.02657
1.02887
1.02942
1.02938
1.02831
1.02475
1.01406
0.999375
0.991533
0.988369
0.98441
0.983798
0.993133
1.00742
1.01501
1.04489
1.27857
1.74721
0.928341
0.917543
0.914079
0.912961
0.913429
0.915249
0.920132
0.93704
0.969406
0.987517
0.992568
0.993808
0.992436
0.987013
0.972977
0.954698
0.940511
0.932749
0.930079
0.930317
0.932042
0.935694
0.94298
0.96964
0.997603
1.00691
1.00872
1.00803
1.0051
0.997248
0.977858
0.959007
0.949739
0.947434
0.948231
0.95123
0.956884
0.967774
0.991999
1.01122
1.01664
1.01699
1.01566
1.0134
1.00685
0.989508
0.973034
0.966583
0.966038
0.969479
0.976108
0.983242
0.99576
1.01295
1.0208
1.02238
1.02229
1.02131
1.01893
1.01123
0.996685
0.986893
0.984455
0.986177
0.989962
0.99423
1.00283
1.01749
1.02465
1.02599
1.02613
1.02603
1.02579
1.02339
1.01234
0.99868
0.992239
0.991133
0.991771
0.993842
1.00314
1.01785
1.02536
1.02812
1.0289
1.02889
1.02756
1.02437
1.01572
1.00179
0.992156
0.986044
0.979929
0.979287
0.992604
1.00619
1.0459
1.2901
1.75032
0.943798
0.924194
0.919067
0.917799
0.918985
0.922979
0.927675
0.931846
0.941864
0.966466
0.982737
0.98713
0.987796
0.987959
0.986335
0.974575
0.954903
0.941286
0.936022
0.935503
0.937356
0.940946
0.944973
0.950577
0.970612
0.992978
1.00133
1.0029
1.00242
1.00046
0.993398
0.976491
0.961232
0.955141
0.954735
0.957381
0.961568
0.965441
0.972023
0.98961
1.00462
1.01006
1.01113
1.00966
1.00643
1.0016
0.990239
0.979911
0.976697
0.977958
0.980272
0.981425
0.983044
0.991553
1.00707
1.01603
1.01873
1.01828
1.01555
1.01368
1.01068
1.0034
0.997145
0.994396
0.993304
0.992437
0.992134
0.997506
1.0117
1.0209
1.02406
1.02469
1.024
1.02376
1.02302
1.01563
1.00384
0.997301
0.995559
0.99515
0.99486
0.999839
1.0136
1.02353
1.02781
1.02873
1.02782
1.02577
1.02337
1.01734
1.00419
0.992584
0.982635
0.975289
0.976206
0.990233
1.03928
1.3003
1.75239
0.961537
0.942875
0.932816
0.928191
0.927532
0.928704
0.930071
0.931167
0.932214
0.936853
0.95604
0.975434
0.983344
0.985444
0.985402
0.983525
0.975382
0.959888
0.949036
0.945077
0.944949
0.946401
0.947571
0.948331
0.949527
0.962756
0.984115
0.994799
0.997922
0.998683
0.998409
0.993738
0.98098
0.970188
0.965962
0.965606
0.966666
0.967298
0.967342
0.968171
0.979599
0.995322
1.00291
1.00507
1.0061
1.007
1.00556
0.999254
0.991845
0.986748
0.983256
0.981206
0.980932
0.981068
0.985512
0.998915
1.00878
1.01197
1.01306
1.01463
1.01747
1.01934
1.01565
1.00577
0.996382
0.991034
0.98931
0.989135
0.992436
1.00517
1.01581
1.0201
1.02211
1.02455
1.02685
1.02759
1.02244
1.00973
0.999947
0.994783
0.991375
0.989709
0.994278
1.01025
1.02284
1.02741
1.02793
1.02662
1.02459
1.02341
1.01895
1.00649
0.991344
0.9774
0.969911
0.970793
1.02569
1.30619
1.75277
0.969303
0.967581
0.957152
0.944944
0.937778
0.934053
0.932205
0.931443
0.930253
0.928543
0.929851
0.943914
0.966317
0.978093
0.981965
0.984717
0.986913
0.984324
0.971903
0.959577
0.953246
0.950485
0.948173
0.945198
0.944119
0.944928
0.953275
0.974596
0.98988
0.995683
0.997622
0.998906
0.998961
0.992413
0.982413
0.975515
0.971483
0.967355
0.962161
0.960129
0.961217
0.971274
0.989959
1.00162
1.00578
1.00754
1.01099
1.01348
1.01016
1.00018
0.990186
0.983564
0.979207
0.975547
0.97469
0.978286
0.992027
1.0052
1.01211
1.0168
1.02289
1.02647
1.02654
1.02005
1.00581
0.994114
0.988139
0.984409
0.983336
0.986188
0.999316
1.01316
1.02125
1.02699
1.03124
1.03242
1.03188
1.02529
1.0098
0.996465
0.989882
0.986919
0.985592
0.990344
1.00912
1.02394
1.02791
1.02731
1.02538
1.02444
1.02425
1.02037
1.00624
0.986505
0.969503
0.960219
1.00776
1.3056
1.75084
0.973378
0.975168
0.976425
0.970582
0.95711
0.945104
0.937871
0.933183
0.927747
0.923236
0.921755
0.922905
0.934269
0.960156
0.978795
0.987243
0.992281
0.995151
0.994102
0.982182
0.965721
0.954942
0.949401
0.946136
0.942758
0.939584
0.939501
0.945618
0.967476
0.987219
0.99723
1.00372
1.00758
1.00836
1.00228
0.988964
0.976631
0.968139
0.962647
0.958746
0.956637
0.957061
0.964997
0.984602
0.999687
1.00888
1.01678
1.02021
1.02101
1.01623
1.00285
0.988595
0.978765
0.973242
0.97007
0.969588
0.972708
0.986707
1.00473
1.01829
1.02692
1.03004
1.03067
1.02951
1.02037
1.00292
0.98915
0.982563
0.979729
0.97898
0.981185
0.995579
1.01563
1.02827
1.03345
1.03428
1.03419
1.03294
1.02444
1.00656
0.992823
0.986522
0.983568
0.982486
0.988338
1.01005
1.02474
1.02722
1.02636
1.02498
1.0248
1.02535
1.019
1.00169
0.978645
0.960209
0.988953
1.29779
1.74682
0.970096
0.979537
0.983944
0.985098
0.980652
0.964141
0.945737
0.933493
0.926761
0.92236
0.920412
0.920616
0.921789
0.930055
0.957748
0.983295
0.994031
0.997873
0.99976
0.999273
0.987905
0.969023
0.955833
0.947903
0.941198
0.937856
0.938016
0.939248
0.94419
0.966237
0.99247
1.00483
1.00849
1.01003
1.01043
1.00627
0.992319
0.976432
0.965619
0.958607
0.955041
0.954905
0.956043
0.962732
0.986229
1.00905
1.01798
1.02066
1.02173
1.02199
1.01766
1.00243
0.984985
0.973678
0.968599
0.967702
0.968396
0.971484
0.990155
1.01615
1.02707
1.02981
1.0305
1.03043
1.02863
1.01802
0.998714
0.984161
0.978334
0.977274
0.977631
0.981162
1.0021
1.02551
1.03301
1.03385
1.03377
1.03278
1.03019
1.02089
1.00317
0.989182
0.982996
0.981071
0.981141
0.990236
1.01499
1.02693
1.02713
1.02476
1.02381
1.02432
1.02338
1.0147
0.992949
0.967654
0.978464
1.28474
1.74264
0.955768
0.980529
0.984924
0.986386
0.986373
0.981891
0.964881
0.94409
0.930267
0.923416
0.921107
0.921242
0.922343
0.924639
0.932433
0.962565
0.989899
0.998406
1.00036
1.00065
0.998365
0.987044
0.967615
0.952073
0.943659
0.940344
0.939921
0.940985
0.9434
0.949069
0.971963
0.997744
1.00738
1.00977
1.01067
1.00987
1.00497
0.990319
0.972524
0.960581
0.956111
0.955718
0.956797
0.959718
0.968876
0.995048
1.01418
1.0196
1.02085
1.02082
1.01947
1.01455
0.997966
0.978918
0.970022
0.968459
0.969253
0.972336
0.98032
1.00193
1.02149
1.02768
1.02881
1.02886
1.02827
1.02617
1.01301
0.991239
0.980369
0.978296
0.978852
0.982135
0.991307
1.01259
1.02801
1.03153
1.03156
1.03028
1.02881
1.02657
1.01742
0.999356
0.986503
0.981815
0.980997
0.98338
0.998688
1.02025
1.02588
1.02436
1.02203
1.0218
1.02229
1.0207
1.00764
0.978322
0.977627
1.27024
1.73954
0.929493
0.962913
0.979025
0.983041
0.983647
0.983228
0.980455
0.964857
0.943097
0.930364
0.925923
0.925533
0.926968
0.929464
0.933014
0.939755
0.964458
0.987888
0.995334
0.996536
0.996357
0.995012
0.986267
0.967965
0.953356
0.946936
0.945266
0.945892
0.947936
0.951063
0.956088
0.974973
0.997438
1.00598
1.00766
1.00744
1.00632
1.00258
0.988373
0.971373
0.962879
0.961166
0.96249
0.965377
0.96889
0.976209
0.996673
1.01264
1.01745
1.01845
1.01836
1.0167
1.01027
0.993399
0.97933
0.974864
0.97542
0.978112
0.981065
0.986507
1.00415
1.02049
1.0261
1.02721
1.02696
1.02458
1.01866
1.00567
0.991704
0.986098
0.985914
0.987481
0.989057
0.995283
1.01295
1.0257
1.02882
1.02892
1.02805
1.0252
1.0214
1.01379
1
0.990021
0.986661
0.986755
0.989363
1.00297
1.0179
1.02111
1.01967
1.0186
1.01937
1.0202
1.01793
0.993069
0.985192
1.2588
1.73805
0.922221
0.933065
0.957506
0.974856
0.980018
0.980746
0.979324
0.97677
0.966645
0.948987
0.937211
0.933255
0.933195
0.935073
0.937614
0.93919
0.942033
0.958679
0.981586
0.991757
0.994277
0.994565
0.993593
0.986782
0.971184
0.958339
0.953051
0.952267
0.953699
0.955693
0.956978
0.959067
0.973002
0.993554
1.00243
1.00438
1.00387
1.0024
1.0008
0.991662
0.978088
0.97071
0.968805
0.969097
0.970025
0.971104
0.976082
0.99472
1.0101
1.01494
1.01557
1.01403
1.01266
1.00919
0.997909
0.987661
0.98351
0.982736
0.982949
0.983657
0.98693
1.00279
1.01797
1.02298
1.02336
1.02143
1.01975
1.01785
1.01082
1.00104
0.994832
0.99163
0.990287
0.990328
0.99472
1.01185
1.02396
1.02656
1.02516
1.02137
1.02068
1.02084
1.01859
1.0084
0.996714
0.990677
0.989737
0.990402
0.999747
1.01308
1.01729
1.01712
1.01685
1.01776
1.01801
1.00747
1.00211
1.25296
1.73914
0.924829
0.926705
0.928008
0.945717
0.966683
0.975487
0.978062
0.980435
0.981342
0.97526
0.96022
0.948741
0.943706
0.942254
0.94182
0.940372
0.939202
0.940317
0.951112
0.974154
0.987859
0.991939
0.992904
0.993679
0.991326
0.981472
0.970665
0.964325
0.961395
0.959818
0.958266
0.957254
0.958329
0.967571
0.986828
0.997721
1.00098
1.00316
1.00543
1.00604
1.00072
0.988497
0.97884
0.97375
0.97173
0.971685
0.972561
0.975208
0.989241
1.00449
1.01049
1.01217
1.01409
1.01586
1.01568
1.00847
0.997494
0.989735
0.985577
0.984199
0.98453
0.986491
0.998367
1.01247
1.01843
1.01986
1.02089
1.0231
1.02443
1.02119
1.01019
0.999028
0.992802
0.991081
0.991329
0.994863
1.00809
1.01829
1.02052
1.02018
1.02124
1.02489
1.02782
1.02656
1.01486
0.999018
0.990701
0.989583
0.990311
0.996842
1.0084
1.01342
1.01492
1.01644
1.0179
1.0112
1.02209
1.25634
1.74177
0.926002
0.922199
0.920756
0.922545
0.938599
0.965332
0.979026
0.982204
0.983502
0.985513
0.984658
0.973458
0.958898
0.949618
0.944661
0.941723
0.939631
0.938115
0.93842
0.945983
0.968858
0.986627
0.993315
0.996063
0.999011
1.00019
0.993736
0.98025
0.96896
0.962512
0.959154
0.956909
0.95477
0.95503
0.962958
0.984322
0.999338
1.00454
1.00693
1.01048
1.01245
1.00875
0.995341
0.982587
0.976091
0.973188
0.970687
0.968862
0.970853
0.984834
1.00347
1.01261
1.01593
1.01913
1.02237
1.02266
1.01545
1.00175
0.991552
0.986489
0.983681
0.981389
0.982071
0.992906
1.00977
1.01926
1.02334
1.02694
1.0302
1.03094
1.02653
1.01292
1.00022
0.993922
0.990795
0.988574
0.990064
1.00203
1.01528
1.0216
1.02469
1.02939
1.03268
1.03316
1.02998
1.01564
0.998326
0.990347
0.988823
0.988554
0.991766
1.00234
1.00964
1.01551
1.01893
1.01558
1.0353
1.26448
1.74454
0.925668
0.921459
0.920597
0.920924
0.922403
0.934287
0.9609
0.977595
0.986589
0.991869
0.993423
0.992554
0.98214
0.96546
0.953313
0.945497
0.939791
0.936544
0.936314
0.93744
0.942807
0.963965
0.985628
0.997801
1.00393
1.0059
1.00608
1.0006
0.986307
0.972907
0.963574
0.956526
0.952773
0.952286
0.953282
0.960229
0.981621
0.999107
1.0089
1.01458
1.0165
1.01708
1.01326
0.999573
0.985328
0.975172
0.968511
0.966195
0.966466
0.968559
0.981963
1.00233
1.01526
1.02282
1.02588
1.02671
1.02637
1.0193
1.00521
0.992791
0.98333
0.978178
0.977156
0.978593
0.989171
1.00859
1.02264
1.03043
1.0332
1.03401
1.03402
1.02917
1.01502
1.00023
0.989463
0.984614
0.984057
0.986133
0.997893
1.01508
1.02641
1.03233
1.03491
1.03561
1.03528
1.03043
1.01535
0.997824
0.988258
0.985269
0.983633
0.984976
0.996677
1.01081
1.01999
1.02014
1.04414
1.27288
1.74716
0.938403
0.927816
0.924409
0.922888
0.923126
0.924102
0.930879
0.955934
0.980503
0.989938
0.992449
0.993515
0.993496
0.987466
0.973097
0.958095
0.947156
0.940882
0.938616
0.938652
0.939556
0.942617
0.96009
0.986853
1.00034
1.0042
1.00577
1.00622
1.00342
0.992379
0.976788
0.963844
0.956669
0.954231
0.954229
0.955079
0.959584
0.98007
1.00301
1.01261
1.01545
1.01679
1.01733
1.01498
1.00373
0.987542
0.975201
0.969412
0.967974
0.968347
0.969863
0.980565
1.00408
1.01953
1.02436
1.02587
1.02675
1.02672
1.02203
1.00829
0.992114
0.98214
0.978919
0.978769
0.979813
0.988312
1.01083
1.02675
1.0316
1.03317
1.03408
1.03399
1.03024
1.0161
0.998228
0.988257
0.985688
0.985686
0.986751
0.997465
1.01822
1.02948
1.03373
1.03515
1.03506
1.03326
1.0285
1.01522
0.997927
0.989644
0.985584
0.980818
0.982173
0.99622
1.013
1.01891
1.04676
1.28219
1.7497
)
;

boundaryField
{
    back
    {
        type            empty;
    }
    outlet
    {
        type            inletOutlet;
        inletValue      uniform 1;
        value           nonuniform List<scalar> 
99
(
0.816433
0.820412
0.823886
0.825813
0.830048
0.836236
0.846297
0.858861
0.868899
0.877055
0.882447
0.88532
0.884015
0.883213
0.882711
0.885191
0.890643
0.896261
0.90246
0.906345
0.909846
0.915343
0.916328
0.914315
0.9128
0.907551
0.899772
0.895273
0.896022
0.899481
0.906453
0.910449
0.910617
0.90649
0.903084
0.903656
0.909708
0.921742
0.933894
0.944059
0.947936
0.948576
0.940618
0.923667
0.91162
0.907267
0.905737
0.905178
0.907122
0.914083
0.92638
0.945652
0.958286
0.963247
0.965091
0.957679
0.935025
0.915513
0.905843
0.903187
0.903435
0.90813
0.918722
0.938779
0.95926
0.97654
0.982804
0.981953
0.965012
0.940435
0.926819
0.914726
0.909236
0.908827
0.917279
0.933253
0.953108
0.96059
0.96311
0.956675
0.935368
0.922811
0.924859
0.925035
0.922828
0.924751
0.932792
0.950097
0.9651
0.969392
0.97242
0.965719
0.946423
0.923956
0.921815
0.925042
0.927519
0.928038
0.942451
)
;
    }
    top
    {
        type            zeroGradient;
    }
    inlet
    {
        type            fixedValue;
        value           uniform 1;
    }
    bottom
    {
        type            zeroGradient;
    }
    front
    {
        type            empty;
    }
}


// ************************************************************************* //
