/*--------------------------------*- C++ -*----------------------------------*\
  =========                 |
  \\      /  F ield         | OpenFOAM: The Open Source CFD Toolbox
   \\    /   O peration     | Website:  https://openfoam.org
    \\  /    A nd           | Version:  12
     \\/     M anipulation  |
\*---------------------------------------------------------------------------*/
FoamFile
{
    format      ascii;
    class       volScalarField;
    location    "29.7";
    object      rho;
}
// * * * * * * * * * * * * * * * * * * * * * * * * * * * * * * * * * * * * * //

dimensions      [1 -3 0 0 0 0 0];

internalField   nonuniform List<scalar> 
9801
(
1.23599
1.29649
1.32471
1.34188
1.34649
1.33731
1.30467
1.26243
1.24171
1.24214
1.25529
1.30005
1.36727
1.40133
1.41209
1.41537
1.39885
1.36403
1.33827
1.33385
1.34055
1.3895
1.48234
1.54482
1.56887
1.57938
1.5848
1.56605
1.50011
1.41382
1.34535
1.31432
1.30809
1.30963
1.31507
1.35521
1.51705
1.67758
1.72956
1.74542
1.74884
1.70922
1.60125
1.46883
1.38744
1.36041
1.35777
1.3615
1.37254
1.41691
1.57888
1.77294
1.84932
1.87385
1.88353
1.86028
1.78607
1.66992
1.55952
1.50044
1.48281
1.48377
1.49214
1.52532
1.67624
1.90416
2.00282
2.0308
2.04134
2.0037
1.883
1.74632
1.68473
1.67781
1.68589
1.70365
1.758
1.87881
1.99123
2.05511
2.09435
2.12588
2.14546
2.11721
2.0803
2.07931
2.10461
2.13987
2.19289
2.2957
2.40707
2.48743
2.55131
2.62591
2.66177
2.61836
2.49416
5.71054
40.7043
1.21744
1.25898
1.28547
1.30512
1.31535
1.32121
1.3241
1.30703
1.29151
1.29469
1.30683
1.32325
1.34404
1.36524
1.37197
1.36405
1.35048
1.34096
1.34201
1.34828
1.38373
1.45112
1.49939
1.52939
1.54702
1.55293
1.52979
1.47783
1.43149
1.3996
1.37281
1.34812
1.33874
1.34384
1.37293
1.45471
1.55954
1.64129
1.68327
1.69297
1.66879
1.60957
1.54358
1.48687
1.43502
1.40757
1.40581
1.41573
1.44938
1.53396
1.63162
1.71705
1.77856
1.79972
1.78807
1.74762
1.69768
1.65054
1.60151
1.55641
1.53929
1.54533
1.57202
1.64716
1.75377
1.85251
1.92836
1.95737
1.94966
1.89676
1.82262
1.76905
1.73647
1.72874
1.73712
1.75958
1.83103
1.92551
1.99174
2.03401
2.06044
2.07084
2.06326
2.03996
2.0229
2.02982
2.05512
2.08857
2.14159
2.24491
2.35189
2.42679
2.48342
2.53364
2.52897
2.49709
2.3374
5.25994
40.27
1.19151
1.19395
1.2135
1.25367
1.29084
1.31575
1.33475
1.34886
1.3493
1.33475
1.32442
1.32126
1.31177
1.29784
1.29441
1.30276
1.31503
1.32769
1.34505
1.3788
1.43797
1.48401
1.50111
1.50465
1.50347
1.47369
1.42223
1.38836
1.37893
1.38113
1.38056
1.37653
1.37877
1.39947
1.45205
1.51125
1.55649
1.57818
1.58735
1.58117
1.55762
1.52958
1.50668
1.48856
1.47572
1.46846
1.46797
1.48218
1.53548
1.59741
1.63653
1.65271
1.66337
1.66601
1.65821
1.64624
1.6373
1.63064
1.61948
1.60885
1.60587
1.61592
1.65719
1.72
1.76641
1.79158
1.80953
1.82039
1.81717
1.8011
1.78339
1.77131
1.76479
1.76847
1.78095
1.817
1.88762
1.93874
1.96032
1.97317
1.97557
1.97409
1.97299
1.96951
1.96919
1.97973
2.00317
2.03496
2.08671
2.17946
2.2661
2.32657
2.3745
2.389
2.38402
2.38573
2.28015
5.02663
39.1387
1.15966
1.15153
1.15812
1.18587
1.2426
1.30234
1.34248
1.36494
1.37503
1.37291
1.34769
1.31347
1.28091
1.25236
1.24492
1.25153
1.2722
1.30331
1.3395
1.38378
1.43548
1.46842
1.47315
1.46535
1.44121
1.40545
1.36942
1.34497
1.34257
1.3521
1.3682
1.38823
1.42148
1.46311
1.50147
1.52696
1.52599
1.51833
1.50433
1.49299
1.48908
1.48231
1.48046
1.49237
1.50203
1.50704
1.51756
1.54797
1.5926
1.61841
1.61381
1.59829
1.57769
1.56519
1.56438
1.57153
1.58425
1.602
1.62135
1.63443
1.64887
1.67616
1.71649
1.74884
1.74977
1.73374
1.71616
1.70904
1.71334
1.72471
1.74138
1.76204
1.78056
1.79419
1.81272
1.84686
1.89119
1.90905
1.91003
1.90259
1.89714
1.89589
1.90202
1.90604
1.90182
1.89805
1.91025
1.93556
1.97247
2.04013
2.10861
2.16229
2.21232
2.23653
2.25314
2.27853
2.23088
4.91674
38.0332
1.15378
1.14515
1.15214
1.16158
1.18241
1.23898
1.31496
1.3606
1.37758
1.38328
1.37986
1.33838
1.27841
1.24876
1.24053
1.24248
1.25033
1.26828
1.3016
1.34668
1.38878
1.41335
1.41958
1.41463
1.40266
1.38812
1.36687
1.34107
1.33134
1.33702
1.35167
1.38775
1.42829
1.45643
1.47821
1.48536
1.4802
1.46847
1.46296
1.46565
1.47372
1.47384
1.47245
1.48101
1.49319
1.50492
1.52036
1.54569
1.56881
1.57515
1.57025
1.55497
1.54236
1.53918
1.54198
1.53908
1.54271
1.56219
1.59548
1.62963
1.65256
1.672
1.69554
1.704
1.69754
1.6797
1.66931
1.6714
1.6797
1.68232
1.69556
1.72789
1.76411
1.79104
1.80833
1.82469
1.84362
1.85112
1.85516
1.85972
1.86115
1.86415
1.86605
1.86335
1.84649
1.8271
1.82311
1.83624
1.85934
1.89933
1.95744
2.01607
2.07974
2.1274
2.16135
2.20363
2.17474
4.91725
37.1994
1.16267
1.15333
1.16449
1.17273
1.17543
1.18073
1.21864
1.3005
1.34724
1.35919
1.36142
1.3532
1.31736
1.27386
1.25351
1.25073
1.25442
1.25777
1.26001
1.26751
1.28797
1.32434
1.36345
1.38524
1.39331
1.39592
1.37822
1.35124
1.33855
1.33903
1.34593
1.36724
1.399
1.41516
1.41638
1.41077
1.41271
1.42773
1.44975
1.46782
1.47924
1.48492
1.47328
1.46189
1.4659
1.47642
1.49256
1.5055
1.51005
1.51154
1.5165
1.52596
1.53466
1.54436
1.5519
1.55467
1.55264
1.55339
1.56387
1.58097
1.60193
1.61691
1.62278
1.6274
1.63683
1.64925
1.66107
1.67737
1.68932
1.69616
1.70064
1.7042
1.71642
1.73141
1.73413
1.72745
1.7325
1.75895
1.79838
1.83107
1.85535
1.8747
1.88538
1.88248
1.85943
1.82484
1.79208
1.77305
1.77281
1.79047
1.8261
1.89365
1.96902
2.02736
2.07185
2.12844
2.15838
4.92549
36.77
1.20419
1.18233
1.18116
1.17186
1.15973
1.15665
1.16145
1.19644
1.28291
1.33807
1.35341
1.35927
1.36013
1.32843
1.28078
1.25517
1.23902
1.2263
1.21829
1.21531
1.21956
1.23829
1.29157
1.35412
1.38543
1.39534
1.39724
1.37714
1.35097
1.34106
1.34418
1.3506
1.35255
1.35144
1.34693
1.35048
1.36265
1.39419
1.44311
1.47733
1.493
1.49881
1.48422
1.45967
1.45106
1.44566
1.44255
1.44212
1.44597
1.45641
1.47491
1.50283
1.53149
1.55575
1.57317
1.58074
1.57563
1.56482
1.55861
1.54698
1.53375
1.52591
1.52975
1.54722
1.58147
1.62248
1.65938
1.69466
1.71853
1.72762
1.71867
1.70258
1.68494
1.65583
1.6244
1.61337
1.62359
1.65129
1.71631
1.8065
1.87598
1.90622
1.9181
1.91302
1.88269
1.83088
1.7763
1.73594
1.72476
1.73835
1.76986
1.83852
1.91716
1.97592
2.01649
2.0613
2.10634
4.91427
36.587
1.25824
1.21489
1.18267
1.16403
1.15522
1.15244
1.15468
1.16021
1.19061
1.27974
1.34117
1.35832
1.36234
1.35947
1.32378
1.2601
1.22712
1.21473
1.20876
1.20646
1.20786
1.21271
1.22798
1.28655
1.35879
1.39236
1.40135
1.4022
1.38055
1.35416
1.34017
1.33147
1.31998
1.30684
1.30652
1.31305
1.32742
1.3658
1.43719
1.48385
1.49855
1.50465
1.50323
1.47561
1.43483
1.41702
1.41055
1.40853
1.41248
1.42138
1.4405
1.47939
1.53137
1.56665
1.5826
1.59206
1.59785
1.58534
1.54825
1.51209
1.48042
1.46881
1.47303
1.48751
1.52745
1.60278
1.68018
1.71893
1.73484
1.73973
1.72932
1.69529
1.64098
1.58945
1.56038
1.55453
1.56397
1.58228
1.62951
1.75784
1.87198
1.91187
1.92604
1.92603
1.90311
1.83406
1.75386
1.71869
1.71734
1.73357
1.76886
1.84839
1.93022
1.97133
1.98946
2.00811
2.04596
4.8372
36.4674
1.29096
1.28114
1.22476
1.18068
1.16142
1.15693
1.16003
1.16786
1.17347
1.19064
1.2642
1.32005
1.33259
1.33094
1.32082
1.29158
1.24441
1.22054
1.21343
1.21256
1.21712
1.22766
1.23495
1.23827
1.26777
1.33508
1.37851
1.39202
1.39631
1.38897
1.36201
1.33354
1.31385
1.30492
1.30592
1.31401
1.33552
1.36091
1.39229
1.44307
1.47277
1.47987
1.47642
1.46139
1.43875
1.41827
1.40875
1.40717
1.41156
1.42117
1.43574
1.45596
1.49494
1.54827
1.57861
1.58933
1.59169
1.58191
1.55116
1.49736
1.46454
1.45958
1.46648
1.47852
1.50924
1.59133
1.67663
1.7127
1.72786
1.73038
1.7021
1.64809
1.59563
1.56307
1.55044
1.55075
1.56225
1.59652
1.65461
1.71887
1.80786
1.87668
1.90448
1.91149
1.87792
1.80991
1.75592
1.7354
1.73917
1.77055
1.83846
1.91192
1.95683
1.96654
1.96607
1.96161
1.98463
4.76029
36.2935
1.28289
1.29367
1.28461
1.25051
1.21537
1.19884
1.19088
1.18121
1.16908
1.1582
1.16089
1.21339
1.27465
1.29701
1.30081
1.30404
1.30384
1.28659
1.27084
1.26691
1.26583
1.2546
1.23449
1.2176
1.21037
1.22501
1.29002
1.35404
1.3818
1.39239
1.39622
1.38128
1.3477
1.33355
1.33862
1.35815
1.36982
1.365
1.35654
1.3552
1.37943
1.41734
1.44002
1.45055
1.46012
1.4622
1.45476
1.44677
1.44466
1.44777
1.45195
1.45459
1.46007
1.47627
1.514
1.53856
1.54491
1.54229
1.53116
1.50632
1.47807
1.47033
1.4788
1.51073
1.5603
1.60391
1.64562
1.6757
1.68463
1.66634
1.62753
1.5961
1.57954
1.56735
1.56186
1.57431
1.61043
1.65359
1.68251
1.69819
1.72738
1.78171
1.8203
1.83083
1.81611
1.79362
1.78413
1.79327
1.83391
1.8899
1.92856
1.94992
1.95818
1.95295
1.93362
1.90859
1.92121
4.77438
36.1088
1.26402
1.30321
1.32361
1.33403
1.31734
1.27053
1.21852
1.17774
1.14183
1.11588
1.10513
1.11118
1.16587
1.24134
1.28856
1.32626
1.35952
1.37456
1.36367
1.33386
1.29758
1.25613
1.212
1.18564
1.17554
1.17492
1.19091
1.26377
1.34677
1.384
1.40478
1.4224
1.42675
1.40897
1.39703
1.39014
1.37504
1.3467
1.31574
1.301
1.302
1.32904
1.38702
1.44073
1.47516
1.50289
1.51733
1.5137
1.49282
1.47334
1.46057
1.44634
1.4316
1.4251
1.4323
1.46127
1.49021
1.50654
1.51533
1.51444
1.51057
1.52002
1.54799
1.579
1.59477
1.60161
1.60727
1.60987
1.60205
1.58475
1.56776
1.56161
1.56854
1.58361
1.61581
1.65562
1.68029
1.6919
1.69476
1.68577
1.68213
1.6907
1.71488
1.74375
1.7661
1.79016
1.82763
1.90181
1.95536
1.97394
1.97284
1.9613
1.9389
1.90563
1.87859
1.85298
1.86501
4.92412
35.933
1.24958
1.34234
1.36335
1.37448
1.37611
1.33653
1.25634
1.16798
1.11036
1.08739
1.08243
1.08378
1.09359
1.14905
1.27684
1.37186
1.41281
1.42829
1.43172
1.40427
1.32893
1.23735
1.18343
1.16436
1.16112
1.16269
1.16785
1.18738
1.26625
1.37341
1.43513
1.4698
1.48694
1.48623
1.4551
1.40561
1.34849
1.30556
1.28634
1.28159
1.28246
1.29063
1.32411
1.39997
1.48875
1.52898
1.5437
1.54921
1.53955
1.50456
1.45929
1.42235
1.40245
1.39562
1.39712
1.40851
1.43605
1.46687
1.49282
1.51946
1.56125
1.5924
1.60335
1.60324
1.59943
1.58566
1.56109
1.5415
1.53601
1.54103
1.5501
1.56013
1.57684
1.63026
1.69605
1.72609
1.73159
1.71457
1.6847
1.662
1.643
1.63189
1.64003
1.66968
1.71662
1.79056
1.90125
1.97627
2.00978
2.01707
1.99881
1.9673
1.91768
1.86532
1.82447
1.80073
1.81114
5.09015
35.8007
1.26842
1.35323
1.36676
1.37689
1.37396
1.32022
1.21999
1.14396
1.10449
1.08923
1.08516
1.08485
1.08936
1.1275
1.26051
1.39054
1.42524
1.43721
1.43809
1.40964
1.32584
1.23134
1.18052
1.16506
1.16304
1.16445
1.1692
1.18095
1.22285
1.34114
1.45375
1.48778
1.50097
1.50262
1.46989
1.39088
1.32033
1.28984
1.28215
1.28147
1.2839
1.29648
1.33798
1.41514
1.48214
1.52088
1.53903
1.54882
1.54332
1.50773
1.44792
1.40711
1.38957
1.38583
1.38871
1.39755
1.41954
1.45087
1.49893
1.56396
1.60365
1.61911
1.62285
1.61139
1.58188
1.54532
1.5138
1.49631
1.49566
1.509
1.53346
1.5636
1.61919
1.70458
1.75156
1.76684
1.76878
1.74292
1.69415
1.65118
1.61752
1.59734
1.60028
1.62149
1.67082
1.78744
1.90686
1.96175
1.98969
1.99752
1.98096
1.94786
1.9022
1.85164
1.80978
1.77811
1.77389
5.13643
35.8328
1.28713
1.34405
1.3557
1.36092
1.32038
1.23365
1.17317
1.14001
1.11471
1.09953
1.09576
1.09592
1.11067
1.1923
1.30335
1.3706
1.40604
1.41942
1.41117
1.35194
1.28053
1.22933
1.19684
1.18044
1.17592
1.17675
1.1805
1.19705
1.26978
1.3747
1.4378
1.4706
1.48659
1.48611
1.42438
1.34382
1.30484
1.29297
1.28888
1.28856
1.29543
1.33134
1.39006
1.42997
1.45755
1.48229
1.50063
1.50956
1.50626
1.4802
1.44077
1.4092
1.39324
1.39023
1.3942
1.40126
1.42647
1.48909
1.55356
1.5884
1.60436
1.61449
1.61644
1.5931
1.55528
1.52045
1.49384
1.47952
1.48001
1.49166
1.51362
1.5628
1.66968
1.76165
1.79471
1.80568
1.80777
1.78427
1.72749
1.66265
1.615
1.59117
1.59055
1.60526
1.64111
1.756
1.86743
1.91931
1.94348
1.95152
1.93385
1.9147
1.8892
1.85134
1.81801
1.78979
1.77942
5.08225
36.0343
1.31001
1.33723
1.33475
1.28504
1.20199
1.15285
1.13758
1.13447
1.13348
1.1295
1.12486
1.13069
1.20205
1.28878
1.319
1.33309
1.34535
1.3502
1.31987
1.28118
1.25707
1.24097
1.22843
1.21661
1.20802
1.2071
1.21473
1.26352
1.34495
1.39024
1.41278
1.42827
1.43504
1.40073
1.34192
1.30827
1.29796
1.29881
1.30254
1.30764
1.33538
1.39321
1.43234
1.44584
1.45117
1.45832
1.46075
1.46018
1.45697
1.44632
1.42725
1.40701
1.39595
1.39563
1.40214
1.41179
1.45093
1.54475
1.59752
1.60978
1.61212
1.60484
1.58388
1.55547
1.52882
1.5041
1.48128
1.46985
1.47286
1.4848
1.50349
1.56059
1.6906
1.77537
1.80357
1.81586
1.81477
1.79194
1.75307
1.69336
1.63231
1.59954
1.59327
1.60329
1.63991
1.72098
1.80646
1.85567
1.88076
1.89504
1.8889
1.88023
1.86635
1.84861
1.83226
1.80712
1.7787
4.98261
36.2374
1.33929
1.35452
1.30487
1.18994
1.1121
1.08855
1.09011
1.10517
1.1224
1.12902
1.13942
1.21212
1.31936
1.3494
1.34711
1.33128
1.30594
1.25944
1.2288
1.22291
1.23022
1.24069
1.24194
1.24162
1.24655
1.25531
1.2809
1.34643
1.3913
1.40059
1.40203
1.40104
1.36453
1.31649
1.29281
1.28919
1.29558
1.30358
1.31405
1.34162
1.38622
1.42997
1.461
1.46901
1.46207
1.4484
1.44721
1.45006
1.44484
1.42605
1.40396
1.39376
1.39308
1.39857
1.40738
1.41936
1.4719
1.57321
1.62569
1.63905
1.63842
1.60532
1.56613
1.54378
1.5266
1.50511
1.48037
1.46476
1.46575
1.47822
1.49584
1.55611
1.68084
1.76442
1.79455
1.8044
1.80348
1.78258
1.74242
1.69876
1.65505
1.62148
1.60803
1.61187
1.63815
1.69279
1.75046
1.79604
1.82376
1.84118
1.84085
1.83055
1.82834
1.82821
1.83123
1.82846
1.8295
4.88577
36.4541
1.34215
1.34769
1.24859
1.14319
1.08951
1.06809
1.06394
1.06836
1.08312
1.10809
1.16821
1.31221
1.38743
1.39831
1.39661
1.36952
1.28589
1.21755
1.19217
1.18497
1.18903
1.20418
1.23526
1.26991
1.28962
1.3024
1.33556
1.40081
1.42944
1.42472
1.40844
1.36808
1.3188
1.28447
1.2705
1.27104
1.28146
1.30224
1.33759
1.3688
1.39218
1.42394
1.44769
1.45376
1.45331
1.46019
1.46451
1.46599
1.463
1.44718
1.41808
1.39123
1.3831
1.38805
1.39688
1.41143
1.47097
1.5694
1.62006
1.63012
1.61714
1.60078
1.58388
1.56143
1.53968
1.51538
1.48901
1.47458
1.47696
1.48795
1.50711
1.56581
1.65059
1.72031
1.7615
1.78088
1.78578
1.75741
1.71542
1.68591
1.66275
1.64064
1.62701
1.62819
1.64998
1.68367
1.71168
1.74103
1.76137
1.77434
1.77461
1.77136
1.78218
1.79899
1.81765
1.83035
1.86181
4.86915
36.6987
1.31398
1.29206
1.20715
1.14085
1.09418
1.07136
1.06927
1.07525
1.08277
1.10811
1.22426
1.34608
1.39046
1.40103
1.39089
1.3346
1.268
1.22232
1.19734
1.19497
1.20882
1.23868
1.26914
1.28365
1.29221
1.30103
1.33824
1.39879
1.4154
1.41032
1.39754
1.36935
1.32771
1.29464
1.28921
1.29922
1.31495
1.33361
1.34905
1.36087
1.37307
1.3821
1.40025
1.43235
1.46502
1.48781
1.50218
1.50904
1.50447
1.47286
1.42183
1.38555
1.37407
1.3764
1.38255
1.39996
1.44923
1.52216
1.57852
1.60262
1.61131
1.61537
1.61318
1.59827
1.56918
1.53029
1.49692
1.48319
1.48558
1.49612
1.52634
1.58418
1.63076
1.66727
1.7001
1.71873
1.71544
1.69239
1.67342
1.66478
1.65787
1.65194
1.65577
1.67419
1.6923
1.69059
1.68522
1.68437
1.68702
1.69232
1.70327
1.72452
1.74869
1.77553
1.80475
1.82755
1.87316
4.85884
36.9372
1.26325
1.22772
1.1894
1.15846
1.12312
1.09669
1.09118
1.09535
1.11159
1.17587
1.261
1.32505
1.35873
1.3593
1.33053
1.29766
1.2771
1.25932
1.24887
1.25211
1.26244
1.27176
1.27483
1.26893
1.26937
1.27378
1.29626
1.35382
1.38635
1.39255
1.39764
1.39679
1.36555
1.33951
1.33554
1.33911
1.34093
1.342
1.34371
1.3434
1.33988
1.34215
1.3549
1.40671
1.47966
1.52118
1.53941
1.54772
1.54402
1.5001
1.42374
1.37892
1.36738
1.36924
1.37746
1.40536
1.44041
1.47315
1.5232
1.57886
1.61089
1.62331
1.62655
1.62084
1.59079
1.54377
1.51204
1.5019
1.50631
1.52556
1.56685
1.60208
1.61804
1.62674
1.63144
1.62374
1.6151
1.61597
1.62505
1.63824
1.6563
1.68782
1.72021
1.73388
1.72079
1.68616
1.64977
1.62869
1.62183
1.63258
1.67042
1.70422
1.73535
1.76766
1.79874
1.82246
1.86036
4.80397
37.0866
1.20542
1.18253
1.18004
1.17171
1.15455
1.13107
1.12324
1.13282
1.18416
1.23754
1.26449
1.28277
1.29138
1.28689
1.28342
1.28633
1.29096
1.30275
1.31879
1.32273
1.31268
1.29218
1.26737
1.24684
1.23672
1.23513
1.24141
1.28321
1.35339
1.3957
1.41604
1.4263
1.42456
1.39934
1.37509
1.36119
1.35121
1.33775
1.32389
1.3172
1.31839
1.32353
1.33456
1.37471
1.47321
1.53479
1.55119
1.55899
1.56018
1.52784
1.44669
1.38318
1.36675
1.36737
1.37966
1.41619
1.44693
1.46529
1.48288
1.51605
1.56103
1.59254
1.60481
1.60678
1.59731
1.57244
1.55122
1.54829
1.56005
1.5818
1.59921
1.60674
1.60935
1.59174
1.55865
1.54077
1.54123
1.55503
1.58583
1.63129
1.69457
1.73705
1.75542
1.75259
1.71829
1.65579
1.61063
1.59495
1.59189
1.6236
1.66725
1.7091
1.74541
1.77117
1.78966
1.79845
1.81269
4.76063
37.1313
1.1608
1.14883
1.15716
1.16828
1.16881
1.16711
1.17242
1.21016
1.24597
1.25772
1.26149
1.24898
1.22344
1.22094
1.2355
1.26716
1.31251
1.35217
1.37025
1.37445
1.36133
1.31117
1.24997
1.21654
1.20568
1.20617
1.21042
1.2265
1.3002
1.39679
1.43705
1.45248
1.46024
1.44687
1.40779
1.36677
1.3404
1.32517
1.316
1.31502
1.31902
1.32886
1.35927
1.40437
1.45051
1.5091
1.5399
1.54835
1.53423
1.48872
1.43893
1.40501
1.38694
1.38553
1.40782
1.45176
1.47796
1.48786
1.48821
1.47469
1.47485
1.5026
1.54507
1.57265
1.58531
1.59515
1.6063
1.61504
1.62166
1.62336
1.61818
1.604
1.57646
1.53228
1.50229
1.49693
1.50268
1.52438
1.58745
1.67588
1.72533
1.75032
1.76308
1.74698
1.68845
1.62739
1.60144
1.59363
1.60643
1.64501
1.69527
1.7358
1.75831
1.76706
1.76863
1.75678
1.6971
4.80641
37.014
1.13585
1.11847
1.12299
1.1377
1.15897
1.18604
1.23711
1.27427
1.28415
1.28307
1.26395
1.22047
1.19716
1.19796
1.20509
1.23482
1.31683
1.36947
1.38209
1.38748
1.3832
1.33597
1.24999
1.20479
1.19741
1.19979
1.20566
1.22299
1.27807
1.37447
1.44161
1.45975
1.46366
1.44939
1.41775
1.38383
1.35058
1.32787
1.32107
1.32411
1.33683
1.37347
1.40719
1.41752
1.42293
1.43353
1.45857
1.4748
1.47365
1.46545
1.45227
1.43776
1.43248
1.4429
1.47792
1.50383
1.51206
1.50867
1.47912
1.4343
1.41425
1.4178
1.44681
1.50408
1.57057
1.62482
1.6553
1.66514
1.6627
1.6534
1.64068
1.60741
1.54371
1.49376
1.47896
1.48119
1.4944
1.54371
1.63184
1.69289
1.72255
1.74324
1.75083
1.71234
1.65025
1.61949
1.61493
1.61584
1.6536
1.71139
1.74516
1.75788
1.75817
1.75232
1.73335
1.67558
1.54394
5.04345
36.8028
1.12963
1.11183
1.11731
1.12489
1.14164
1.19572
1.25807
1.2845
1.29413
1.29562
1.26353
1.21619
1.20157
1.20184
1.21079
1.25668
1.32626
1.3645
1.37862
1.3814
1.35412
1.29287
1.24167
1.21513
1.2062
1.20701
1.21533
1.26015
1.33113
1.3774
1.40558
1.42235
1.41683
1.40126
1.38405
1.36881
1.36492
1.36157
1.36299
1.37819
1.40531
1.42607
1.43059
1.42472
1.4032
1.37843
1.367
1.37841
1.41248
1.44349
1.45596
1.46452
1.49378
1.53371
1.54822
1.54592
1.53617
1.50588
1.44114
1.39679
1.38472
1.38721
1.39721
1.43371
1.53241
1.6299
1.65991
1.66834
1.66155
1.6455
1.61467
1.572
1.52765
1.49343
1.48159
1.48478
1.51843
1.60268
1.66183
1.68784
1.70816
1.72354
1.70643
1.65844
1.6315
1.62948
1.63474
1.67406
1.73921
1.76601
1.76682
1.75711
1.74798
1.72596
1.67
1.58073
1.47046
5.34323
36.6553
1.1331
1.11461
1.11836
1.12874
1.16289
1.21337
1.25044
1.27209
1.27743
1.26627
1.24367
1.22675
1.21997
1.22631
1.25384
1.29286
1.32069
1.33848
1.34164
1.32345
1.29289
1.26914
1.25189
1.2379
1.23362
1.23963
1.28176
1.34356
1.37144
1.37717
1.36011
1.32987
1.32493
1.34371
1.36593
1.37764
1.39029
1.41596
1.44608
1.46335
1.46634
1.45331
1.43071
1.39995
1.36861
1.3395
1.32297
1.32193
1.33714
1.38407
1.44325
1.50485
1.5694
1.59744
1.60312
1.588
1.5478
1.47359
1.41028
1.38437
1.38163
1.38654
1.40702
1.47575
1.54925
1.59376
1.62359
1.63368
1.62135
1.59461
1.56617
1.54083
1.52272
1.51217
1.50895
1.53199
1.60351
1.65301
1.66844
1.67511
1.67555
1.66669
1.6406
1.62119
1.62319
1.63885
1.67712
1.74653
1.78361
1.78601
1.77296
1.75656
1.72913
1.67879
1.61643
1.53973
1.48314
5.51985
36.5994
1.14969
1.13575
1.13948
1.16576
1.19429
1.21334
1.22828
1.238
1.24081
1.23915
1.24122
1.24399
1.2525
1.27838
1.30162
1.30947
1.31155
1.3018
1.28256
1.26718
1.25794
1.2536
1.25317
1.25535
1.2655
1.3167
1.37452
1.39596
1.39756
1.37155
1.30045
1.26011
1.25778
1.2775
1.33391
1.39187
1.44606
1.49
1.5099
1.51473
1.49541
1.44928
1.39614
1.36417
1.3444
1.32856
1.31667
1.31419
1.31738
1.33038
1.40094
1.52924
1.58846
1.60373
1.60855
1.59307
1.53025
1.45674
1.41035
1.39147
1.39079
1.41157
1.4795
1.5392
1.5604
1.56607
1.5577
1.54296
1.53513
1.53425
1.53557
1.53314
1.52853
1.5332
1.56517
1.63777
1.68028
1.68863
1.67668
1.6581
1.63889
1.60877
1.58756
1.59094
1.60905
1.6432
1.70986
1.77007
1.79366
1.7886
1.7666
1.7377
1.70354
1.65469
1.59793
1.54561
1.55556
5.48634
36.5894
1.16032
1.17643
1.20721
1.22205
1.22358
1.21677
1.20768
1.20116
1.20243
1.21219
1.22976
1.26279
1.30204
1.322
1.3273
1.31311
1.28096
1.25286
1.24108
1.24183
1.24696
1.25
1.25493
1.27204
1.33458
1.39694
1.4212
1.42778
1.41372
1.3358
1.25841
1.23243
1.23042
1.23447
1.27175
1.39057
1.49689
1.5355
1.54718
1.54489
1.50586
1.42173
1.36355
1.33919
1.32898
1.3231
1.31933
1.31906
1.33121
1.37564
1.436
1.50122
1.55973
1.57972
1.57121
1.53363
1.48825
1.4544
1.4326
1.42459
1.44445
1.5005
1.54403
1.55957
1.56432
1.54122
1.49079
1.46
1.45564
1.47158
1.50261
1.52432
1.53839
1.5809
1.67183
1.72466
1.73807
1.72278
1.6875
1.65389
1.61324
1.56579
1.54673
1.5507
1.57082
1.62584
1.69745
1.74615
1.76303
1.76443
1.75107
1.72847
1.70414
1.66999
1.6328
1.57965
1.54943
5.41082
36.7076
1.16641
1.23513
1.2661
1.27216
1.266
1.23984
1.20189
1.19032
1.19332
1.20995
1.25215
1.30278
1.32938
1.33923
1.32454
1.28124
1.23519
1.21668
1.21651
1.22786
1.24497
1.25677
1.27566
1.33248
1.39523
1.42317
1.43279
1.4288
1.3758
1.29688
1.24844
1.23025
1.22725
1.23205
1.26812
1.38929
1.50418
1.54185
1.55246
1.53952
1.47539
1.40048
1.35592
1.33559
1.32746
1.32426
1.3257
1.34743
1.40032
1.43927
1.45265
1.45801
1.46909
1.48476
1.49092
1.48892
1.48126
1.46693
1.46578
1.49533
1.55083
1.58123
1.58977
1.58362
1.55442
1.49625
1.43514
1.406
1.40246
1.41536
1.45553
1.50892
1.57939
1.68444
1.74908
1.76917
1.76629
1.73624
1.70202
1.65668
1.59242
1.54092
1.52454
1.52483
1.53702
1.59246
1.66134
1.70109
1.72481
1.74129
1.74202
1.73143
1.71449
1.69391
1.67225
1.62611
1.56694
5.24322
36.8141
1.1699
1.25844
1.2762
1.27998
1.26127
1.22189
1.20079
1.19726
1.20846
1.2519
1.3008
1.32548
1.33592
1.32969
1.28955
1.22791
1.1921
1.18265
1.18506
1.19913
1.22619
1.26518
1.33428
1.39678
1.41866
1.42522
1.42544
1.38305
1.31416
1.27674
1.2584
1.24552
1.2443
1.27631
1.34038
1.38878
1.44985
1.49453
1.50106
1.47303
1.42589
1.39278
1.37059
1.35138
1.34222
1.34513
1.37468
1.42157
1.45018
1.45696
1.44627
1.41216
1.38337
1.3845
1.41364
1.4501
1.47171
1.48894
1.53766
1.59996
1.62592
1.63053
1.62659
1.60555
1.54489
1.46023
1.40051
1.37722
1.37539
1.38293
1.41397
1.50904
1.6605
1.75306
1.7793
1.78622
1.76372
1.72956
1.69206
1.64388
1.58275
1.53497
1.51584
1.51096
1.51538
1.55114
1.61232
1.66145
1.70231
1.73476
1.74219
1.73091
1.72197
1.70861
1.69691
1.67625
1.64368
5.07016
36.8735
1.19959
1.23577
1.24704
1.23674
1.21969
1.21233
1.21282
1.23496
1.27838
1.31057
1.32435
1.33019
1.32827
1.29141
1.22962
1.18637
1.16473
1.1577
1.15885
1.16391
1.18616
1.27785
1.39806
1.44752
1.45423
1.44224
1.39778
1.3212
1.27189
1.25855
1.25959
1.26493
1.29847
1.35945
1.3838
1.38824
1.38843
1.38607
1.39451
1.40766
1.41347
1.4125
1.3981
1.38468
1.3831
1.41231
1.45354
1.47248
1.47352
1.45396
1.4001
1.34985
1.33007
1.33168
1.34957
1.39093
1.45175
1.53882
1.63377
1.66953
1.67544
1.67042
1.65434
1.61398
1.53284
1.44906
1.39388
1.37139
1.36924
1.37358
1.39738
1.53393
1.71583
1.7736
1.78874
1.78099
1.7416
1.69839
1.66526
1.63019
1.58272
1.53782
1.51397
1.50499
1.50572
1.51951
1.57045
1.64341
1.70242
1.73274
1.73803
1.73142
1.72217
1.71021
1.70424
1.69333
1.72375
4.9554
36.931
1.20847
1.19889
1.16555
1.16038
1.17183
1.19218
1.23223
1.30324
1.35125
1.361
1.35251
1.33756
1.30181
1.22977
1.17443
1.15172
1.14573
1.14606
1.14875
1.15238
1.16688
1.27369
1.41902
1.46117
1.47142
1.46382
1.38346
1.30154
1.27004
1.26242
1.26923
1.31394
1.37625
1.39688
1.39765
1.37957
1.32827
1.29578
1.29723
1.33741
1.39017
1.4106
1.41666
1.43327
1.48331
1.51952
1.52465
1.51295
1.48024
1.41112
1.34807
1.31743
1.31111
1.31533
1.32392
1.34237
1.41725
1.58444
1.66906
1.68753
1.69281
1.68688
1.65507
1.59544
1.52958
1.45989
1.40283
1.3773
1.37446
1.37844
1.4164
1.58605
1.72074
1.76425
1.77873
1.75821
1.69768
1.66084
1.64391
1.62384
1.59001
1.55341
1.52877
1.51695
1.51424
1.51919
1.54185
1.61651
1.68381
1.71181
1.72199
1.71274
1.7051
1.69593
1.6973
1.69691
1.75352
4.94202
37.0796
1.20392
1.13966
1.10891
1.10543
1.11281
1.13816
1.2234
1.34398
1.40337
1.4147
1.40682
1.3653
1.27493
1.18121
1.13314
1.11985
1.12203
1.12924
1.13624
1.14601
1.19433
1.30993
1.4075
1.44936
1.45542
1.42563
1.36233
1.31533
1.29406
1.29896
1.33261
1.38709
1.40872
1.40908
1.38506
1.32382
1.27199
1.25145
1.25039
1.26697
1.32421
1.38594
1.44191
1.53122
1.58726
1.59681
1.58104
1.53347
1.45291
1.37135
1.32367
1.30848
1.30974
1.3168
1.32661
1.36223
1.46725
1.58493
1.6575
1.68056
1.68182
1.65607
1.61566
1.57542
1.531
1.47439
1.42256
1.39692
1.39347
1.40656
1.49191
1.61408
1.68591
1.713
1.71896
1.693
1.65695
1.64134
1.63462
1.62307
1.60344
1.58321
1.56306
1.5424
1.52819
1.52513
1.53152
1.58161
1.65374
1.68475
1.68932
1.68357
1.68124
1.68055
1.69006
1.69717
1.76821
4.94992
37.3367
1.16566
1.10588
1.09477
1.09554
1.09959
1.11087
1.19346
1.35152
1.40909
1.42096
1.42302
1.38363
1.26662
1.17103
1.12828
1.11783
1.12018
1.12608
1.13538
1.17514
1.25878
1.31922
1.36288
1.39477
1.40314
1.39235
1.37619
1.36148
1.36263
1.37861
1.4013
1.41291
1.41402
1.38864
1.33101
1.27984
1.25357
1.24445
1.2442
1.24887
1.26559
1.33894
1.4914
1.60362
1.63653
1.64355
1.62903
1.56487
1.44854
1.36618
1.329
1.31759
1.32005
1.33273
1.37416
1.44732
1.50636
1.55021
1.59276
1.61395
1.61332
1.60195
1.58869
1.57251
1.53712
1.48666
1.45152
1.43996
1.44392
1.47979
1.54907
1.59189
1.6155
1.62952
1.637
1.63791
1.63644
1.63715
1.64136
1.64254
1.63628
1.62408
1.59447
1.55637
1.52763
1.51768
1.5175
1.53745
1.60283
1.64855
1.66826
1.6709
1.67198
1.67493
1.68645
1.69214
1.76487
4.95066
37.5417
1.12666
1.09293
1.09508
1.09869
1.10417
1.13383
1.22291
1.32533
1.38574
1.39898
1.39029
1.35085
1.27387
1.18903
1.14274
1.13002
1.13296
1.14057
1.1679
1.24407
1.29647
1.31074
1.31816
1.32405
1.34176
1.36715
1.39105
1.42425
1.45134
1.46106
1.45557
1.42883
1.38484
1.33086
1.28342
1.25612
1.24533
1.24329
1.24561
1.25054
1.26496
1.33208
1.49572
1.60495
1.6347
1.6381
1.6044
1.5177
1.43966
1.39073
1.36326
1.35843
1.37011
1.40025
1.44854
1.4889
1.50801
1.51393
1.51157
1.51533
1.53195
1.55027
1.56304
1.56908
1.55094
1.51676
1.49952
1.49654
1.50115
1.52622
1.55134
1.55373
1.5464
1.54569
1.56321
1.59742
1.62454
1.64475
1.65811
1.6726
1.67643
1.64998
1.60905
1.56277
1.5199
1.49039
1.47899
1.48567
1.55854
1.63875
1.67408
1.68361
1.68638
1.68928
1.69296
1.68381
1.67504
5.00247
37.5877
1.10825
1.08474
1.09169
1.09899
1.13126
1.1978
1.24093
1.2737
1.31404
1.33746
1.33616
1.32006
1.2897
1.23855
1.18937
1.16689
1.16627
1.17948
1.23149
1.29011
1.30759
1.30695
1.28313
1.26992
1.27598
1.31975
1.40553
1.47437
1.50511
1.51675
1.51116
1.46483
1.3699
1.30165
1.27116
1.25627
1.24916
1.24895
1.25559
1.28152
1.33259
1.39372
1.46247
1.54146
1.57424
1.57022
1.54103
1.49586
1.45345
1.42912
1.42512
1.43352
1.44733
1.4628
1.48108
1.49257
1.49061
1.46545
1.44388
1.44068
1.45464
1.49595
1.53665
1.55858
1.57247
1.55975
1.54025
1.53024
1.52799
1.53486
1.53192
1.50934
1.49614
1.49626
1.52356
1.57725
1.62942
1.66414
1.68477
1.69696
1.68977
1.66163
1.61755
1.55316
1.48518
1.44834
1.43883
1.44846
1.52825
1.65133
1.71251
1.71794
1.71351
1.70398
1.68302
1.63306
1.50583
5.14559
37.5091
1.11219
1.08846
1.09833
1.12571
1.19161
1.2389
1.25105
1.25461
1.24772
1.23952
1.25657
1.28352
1.29247
1.29289
1.26503
1.23175
1.22682
1.24757
1.2856
1.30384
1.3074
1.28773
1.26366
1.2584
1.26178
1.28354
1.3834
1.47909
1.5095
1.52081
1.50008
1.42345
1.35398
1.31319
1.28635
1.27254
1.26914
1.27715
1.3037
1.34622
1.38317
1.40591
1.42467
1.44025
1.4618
1.48019
1.48894
1.49015
1.48129
1.48219
1.49138
1.4981
1.4984
1.49711
1.49506
1.48403
1.45325
1.42185
1.40871
1.40704
1.4123
1.44974
1.51238
1.55635
1.57808
1.57945
1.55193
1.53779
1.53517
1.52585
1.50374
1.48318
1.47697
1.48612
1.52239
1.59147
1.64941
1.67839
1.69431
1.69416
1.67803
1.64141
1.58736
1.51955
1.4591
1.43083
1.42549
1.44565
1.54337
1.68471
1.73636
1.7342
1.72199
1.69233
1.64523
1.54017
1.3694
5.37056
37.4263
1.13485
1.11589
1.13168
1.17304
1.22483
1.24775
1.25456
1.23991
1.19437
1.17439
1.17984
1.22908
1.2878
1.30732
1.31585
1.32351
1.32542
1.32362
1.32179
1.31054
1.27539
1.25391
1.25043
1.25376
1.27025
1.31675
1.37075
1.42764
1.46453
1.46645
1.43152
1.3945
1.36988
1.34619
1.32728
1.31743
1.32222
1.34254
1.36795
1.38837
1.39587
1.39744
1.38105
1.36756
1.37128
1.39492
1.43304
1.47564
1.50995
1.52843
1.53248
1.52423
1.51797
1.51628
1.50779
1.47693
1.4351
1.41055
1.40252
1.40215
1.41395
1.46068
1.51694
1.54633
1.56379
1.56448
1.54122
1.52629
1.51502
1.50167
1.48824
1.48122
1.48287
1.5042
1.55647
1.61524
1.65412
1.67588
1.68552
1.67143
1.62976
1.58391
1.54
1.49772
1.46209
1.44026
1.44178
1.50688
1.60983
1.68257
1.71775
1.72371
1.70997
1.66051
1.57538
1.46109
1.3535
5.5533
37.4269
1.18326
1.16275
1.17638
1.21122
1.23631
1.24414
1.24068
1.20979
1.1762
1.15949
1.1583
1.16745
1.21722
1.29424
1.35398
1.39724
1.41258
1.40723
1.36755
1.30621
1.26143
1.24845
1.24913
1.26093
1.30367
1.34267
1.35584
1.36312
1.36844
1.36246
1.36267
1.37097
1.3776
1.37783
1.37754
1.38888
1.4082
1.4137
1.40825
1.40538
1.39089
1.35896
1.34135
1.33748
1.34141
1.35254
1.37829
1.44489
1.51191
1.53134
1.52986
1.5152
1.50022
1.48713
1.47767
1.46988
1.44697
1.42108
1.41221
1.415
1.44895
1.50088
1.52515
1.53438
1.53868
1.52007
1.49857
1.48522
1.47997
1.48172
1.48778
1.49987
1.52948
1.57243
1.60505
1.62345
1.63984
1.65241
1.64282
1.61052
1.57557
1.54468
1.51806
1.49715
1.48383
1.48254
1.5418
1.60711
1.63381
1.64771
1.6539
1.65174
1.62158
1.55774
1.50228
1.45402
1.49426
5.59515
37.4972
1.24349
1.2301
1.23307
1.24125
1.24437
1.2355
1.20439
1.18028
1.16763
1.16081
1.15704
1.15799
1.16777
1.23743
1.35897
1.41023
1.42406
1.42793
1.4015
1.32441
1.27526
1.26229
1.26467
1.29418
1.33487
1.34848
1.34784
1.32171
1.28163
1.26958
1.28234
1.31879
1.35874
1.38879
1.43662
1.47594
1.48727
1.48094
1.45063
1.40185
1.35441
1.33387
1.33116
1.33567
1.347
1.36928
1.4196
1.46517
1.48239
1.49071
1.4784
1.45825
1.44855
1.44934
1.45654
1.46342
1.46069
1.4515
1.45293
1.47684
1.51179
1.52815
1.53078
1.51925
1.4823
1.45319
1.44551
1.45037
1.46192
1.48053
1.51035
1.56276
1.61058
1.63209
1.63479
1.63034
1.61995
1.59544
1.57002
1.54995
1.53361
1.51726
1.50226
1.49621
1.49929
1.56309
1.63933
1.6606
1.649
1.62495
1.60694
1.55762
1.49585
1.46764
1.47828
1.50939
1.59549
5.6421
37.4139
1.27859
1.31178
1.30788
1.29013
1.26295
1.22819
1.1905
1.16765
1.16091
1.16101
1.16382
1.17019
1.19548
1.23223
1.28987
1.36545
1.39683
1.3974
1.37547
1.34721
1.31776
1.30377
1.30843
1.33041
1.34433
1.34339
1.32628
1.28536
1.25304
1.24181
1.24307
1.25393
1.29419
1.39257
1.4715
1.496
1.50061
1.49501
1.45825
1.39018
1.35005
1.33909
1.33828
1.35072
1.39121
1.44373
1.4719
1.47541
1.45125
1.4107
1.39008
1.38896
1.39966
1.42412
1.44871
1.46229
1.47536
1.50017
1.53114
1.54844
1.55023
1.54355
1.52226
1.47039
1.42151
1.40461
1.40747
1.42203
1.4467
1.49084
1.57603
1.64452
1.66815
1.66905
1.65415
1.6256
1.57847
1.53608
1.51094
1.50047
1.49766
1.49633
1.49947
1.50999
1.55557
1.63267
1.67599
1.69125
1.68466
1.64527
1.57688
1.5053
1.44856
1.42725
1.45029
1.53058
1.64691
5.72058
37.5182
1.28039
1.34054
1.34995
1.34978
1.31621
1.24673
1.19487
1.17271
1.16749
1.17
1.1762
1.19511
1.22505
1.24198
1.24793
1.26622
1.30554
1.3362
1.35115
1.35879
1.3689
1.37119
1.3638
1.35497
1.34599
1.33264
1.30069
1.26281
1.24342
1.23972
1.24687
1.26462
1.30725
1.37099
1.44189
1.4773
1.48248
1.45422
1.41031
1.38142
1.36263
1.35757
1.37509
1.43022
1.4844
1.50724
1.50876
1.4725
1.39566
1.34403
1.32967
1.33248
1.34858
1.39121
1.44339
1.48791
1.53665
1.57501
1.59077
1.59158
1.57132
1.53745
1.48467
1.4265
1.38809
1.37881
1.38349
1.39703
1.43291
1.52675
1.64495
1.69172
1.70204
1.69717
1.66395
1.59866
1.5408
1.50626
1.48746
1.47725
1.47289
1.47742
1.50184
1.54959
1.60431
1.64725
1.66694
1.67098
1.6625
1.62422
1.56942
1.51187
1.46201
1.44239
1.44308
1.48173
1.62568
5.7218
37.6685
1.25501
1.34506
1.35552
1.35931
1.34845
1.29033
1.22067
1.18834
1.18047
1.18146
1.18749
1.20996
1.23583
1.24365
1.24091
1.21998
1.21018
1.23222
1.29703
1.35672
1.39243
1.41714
1.42188
1.4049
1.37066
1.3315
1.2903
1.26223
1.25082
1.25415
1.27059
1.30488
1.33636
1.35611
1.37582
1.39206
1.38763
1.37418
1.36845
1.37079
1.38069
1.41732
1.47922
1.52586
1.54172
1.54298
1.51744
1.43082
1.35055
1.31421
1.30682
1.30971
1.31868
1.3577
1.4465
1.54407
1.59481
1.61015
1.61354
1.60129
1.56404
1.5076
1.45818
1.41423
1.38247
1.3746
1.37842
1.38421
1.41852
1.55152
1.65959
1.68972
1.69901
1.69444
1.63791
1.56824
1.52369
1.49819
1.48597
1.4806
1.48197
1.50052
1.53496
1.5742
1.60892
1.63351
1.64788
1.64859
1.63064
1.59851
1.56368
1.52912
1.48824
1.46081
1.4537
1.45414
1.56672
5.64878
37.9255
1.20882
1.30925
1.34042
1.34983
1.344
1.31128
1.25674
1.21295
1.19503
1.19323
1.2017
1.22751
1.24442
1.24511
1.23072
1.19755
1.18268
1.18581
1.20798
1.28965
1.38427
1.42901
1.44365
1.44677
1.41493
1.35026
1.30376
1.28072
1.27822
1.28849
1.30857
1.32866
1.33947
1.34615
1.33363
1.29947
1.28681
1.2962
1.31858
1.3487
1.40195
1.5037
1.57742
1.59409
1.58867
1.56253
1.48763
1.38596
1.32274
1.30077
1.2991
1.30296
1.3146
1.35318
1.46966
1.57808
1.61903
1.63131
1.63011
1.59311
1.53057
1.48375
1.44928
1.41755
1.3918
1.38321
1.38714
1.40286
1.4475
1.54696
1.64015
1.67048
1.67527
1.65591
1.60212
1.55613
1.52326
1.50153
1.49157
1.4921
1.50808
1.53517
1.56085
1.58189
1.60198
1.61951
1.62834
1.6193
1.60047
1.57832
1.55507
1.53876
1.51886
1.49946
1.48976
1.4639
1.55023
5.49923
38.0831
1.20425
1.23864
1.27964
1.30568
1.30741
1.297
1.28729
1.26351
1.23843
1.23019
1.23694
1.2504
1.25422
1.2467
1.21415
1.18661
1.17905
1.18027
1.18463
1.20974
1.32671
1.42576
1.45131
1.45475
1.44383
1.40438
1.35102
1.32378
1.3175
1.32287
1.33283
1.339
1.34019
1.31906
1.27534
1.24489
1.23772
1.24384
1.25859
1.29469
1.40277
1.5525
1.61914
1.63314
1.63285
1.59176
1.46904
1.36513
1.31603
1.30169
1.3023
1.30919
1.33445
1.39872
1.48905
1.5755
1.61935
1.62941
1.61512
1.56372
1.5145
1.48267
1.45447
1.42837
1.41402
1.41522
1.42807
1.44137
1.46309
1.52082
1.58475
1.61369
1.62064
1.6186
1.5925
1.55617
1.53089
1.51881
1.51661
1.52043
1.5318
1.55209
1.56965
1.58258
1.59336
1.59947
1.59422
1.58712
1.57996
1.56674
1.55178
1.54461
1.54089
1.53353
1.52817
1.5133
1.58856
5.29382
38.1176
1.22106
1.22508
1.21196
1.20934
1.23167
1.26796
1.28842
1.29696
1.29902
1.29298
1.28289
1.2719
1.25639
1.2312
1.19875
1.18184
1.18064
1.18417
1.19555
1.21932
1.26134
1.35755
1.42513
1.44078
1.43992
1.43618
1.4175
1.38603
1.36269
1.35153
1.34881
1.34609
1.32024
1.28008
1.24947
1.23181
1.22654
1.22957
1.23698
1.26586
1.38407
1.54645
1.61494
1.6265
1.61433
1.55031
1.45393
1.37322
1.32752
1.31486
1.3191
1.34457
1.39644
1.44132
1.47902
1.53243
1.57317
1.58324
1.57052
1.54321
1.51873
1.49552
1.47749
1.4651
1.46149
1.46477
1.4636
1.45714
1.45791
1.48023
1.51121
1.54592
1.57602
1.5938
1.6015
1.58489
1.56903
1.55704
1.54666
1.54048
1.54045
1.5538
1.56066
1.55989
1.56067
1.55693
1.55964
1.56676
1.56749
1.56772
1.56659
1.56654
1.56188
1.55061
1.5449
1.53971
1.62879
5.18422
38.1557
1.2382
1.21978
1.16555
1.14657
1.15103
1.1925
1.2623
1.31456
1.35059
1.36275
1.35536
1.32222
1.27419
1.2251
1.19236
1.18207
1.18284
1.19593
1.22413
1.24379
1.2553
1.27245
1.33166
1.39747
1.42999
1.45028
1.46639
1.4651
1.43436
1.3935
1.36093
1.32571
1.28896
1.26177
1.24776
1.23842
1.23727
1.24743
1.27923
1.32624
1.37899
1.46933
1.54124
1.55894
1.55172
1.52339
1.46397
1.39932
1.3675
1.36322
1.37746
1.40625
1.4333
1.44968
1.45878
1.46658
1.48973
1.5189
1.53302
1.53596
1.53491
1.5339
1.53389
1.52901
1.51641
1.49304
1.47368
1.45952
1.44713
1.43934
1.44753
1.48344
1.54066
1.58375
1.60795
1.62017
1.61388
1.59326
1.56784
1.55195
1.54081
1.53194
1.52734
1.51993
1.51516
1.52328
1.54333
1.56485
1.59543
1.61359
1.61734
1.60427
1.57579
1.55461
1.53733
1.5124
1.56192
5.29834
38.2025
1.23973
1.19198
1.14247
1.12966
1.13094
1.14006
1.19907
1.31569
1.37799
1.39793
1.40378
1.38505
1.31412
1.23437
1.20069
1.19324
1.2027
1.23237
1.25328
1.26036
1.25813
1.25243
1.25739
1.30347
1.39318
1.45415
1.47672
1.48555
1.48676
1.46268
1.39766
1.3264
1.28546
1.26763
1.26026
1.26468
1.28114
1.30829
1.33285
1.34895
1.36395
1.38263
1.43096
1.48382
1.50684
1.5104
1.48993
1.45564
1.43729
1.43425
1.43856
1.44185
1.44326
1.43873
1.42453
1.41237
1.41166
1.43582
1.48905
1.53612
1.56455
1.58514
1.59535
1.59105
1.55589
1.50185
1.46019
1.437
1.42339
1.41509
1.4206
1.45882
1.51326
1.57367
1.61318
1.62965
1.62847
1.59927
1.56637
1.54029
1.5183
1.50132
1.49128
1.48745
1.49188
1.521
1.56078
1.60857
1.64315
1.6558
1.65183
1.61874
1.57161
1.53306
1.49102
1.43055
1.41243
5.66638
38.1761
1.21295
1.15959
1.13908
1.13448
1.13586
1.14091
1.1714
1.28508
1.38107
1.40409
1.40658
1.38246
1.33336
1.27643
1.23975
1.23424
1.2501
1.26771
1.2729
1.26637
1.24874
1.24291
1.24657
1.25785
1.30658
1.40996
1.46384
1.47516
1.47467
1.45845
1.41656
1.35828
1.31671
1.30427
1.31114
1.33003
1.34842
1.3533
1.35417
1.34794
1.33798
1.33714
1.35063
1.3961
1.45561
1.49071
1.50732
1.5219
1.51813
1.49875
1.47409
1.45384
1.42953
1.40615
1.38962
1.38095
1.37838
1.38349
1.42317
1.51959
1.589
1.61363
1.6259
1.61838
1.57184
1.50622
1.45384
1.42845
1.4164
1.4118
1.43429
1.48985
1.54683
1.58007
1.60228
1.61735
1.61674
1.58456
1.54254
1.51244
1.49259
1.48102
1.47554
1.47384
1.49432
1.54666
1.60607
1.64739
1.66394
1.66611
1.65379
1.60017
1.5437
1.49381
1.44334
1.37992
1.36615
5.93948
38.0228
1.18584
1.13454
1.12989
1.13236
1.13869
1.16806
1.21315
1.26463
1.33406
1.37278
1.37293
1.35901
1.35152
1.33716
1.31472
1.30018
1.29574
1.29241
1.27654
1.24805
1.23652
1.23721
1.2447
1.25642
1.27782
1.32918
1.40331
1.43924
1.44653
1.44446
1.4375
1.41386
1.38796
1.37759
1.37941
1.38447
1.38398
1.37328
1.349
1.33427
1.33088
1.33035
1.33422
1.34691
1.38671
1.46795
1.53108
1.55576
1.56356
1.54396
1.49643
1.44028
1.40028
1.3792
1.37025
1.36679
1.36891
1.38174
1.41422
1.4963
1.58173
1.61086
1.62232
1.60799
1.54826
1.48308
1.45015
1.43571
1.42735
1.42896
1.47475
1.54216
1.57667
1.59288
1.6031
1.60668
1.59179
1.54924
1.51028
1.48387
1.46959
1.46657
1.46803
1.47545
1.52702
1.59278
1.63636
1.65789
1.66261
1.65984
1.62856
1.54971
1.49435
1.45881
1.43126
1.40446
1.48164
5.99096
37.8739
1.17939
1.13037
1.12819
1.1347
1.16776
1.21425
1.2345
1.24442
1.26137
1.29108
1.32048
1.3406
1.35917
1.38297
1.39582
1.38619
1.35635
1.31326
1.26653
1.24003
1.23375
1.23582
1.24854
1.26909
1.28577
1.29941
1.31884
1.35581
1.39322
1.4201
1.43934
1.4596
1.47136
1.4615
1.43853
1.41191
1.38484
1.35679
1.34671
1.34204
1.33659
1.33353
1.33524
1.34503
1.36825
1.43158
1.52247
1.55499
1.56341
1.54074
1.48006
1.41915
1.38345
1.36952
1.36439
1.36426
1.37738
1.41758
1.47632
1.51869
1.54698
1.57339
1.58083
1.54729
1.49803
1.46814
1.45426
1.44478
1.44295
1.46523
1.54098
1.58726
1.59939
1.60135
1.60374
1.60055
1.56245
1.50983
1.47428
1.4549
1.44909
1.45272
1.45981
1.5024
1.58574
1.63325
1.6484
1.65286
1.64887
1.63692
1.57276
1.49352
1.45499
1.44397
1.45979
1.4848
1.59108
5.89846
37.854
1.19312
1.14289
1.14183
1.16674
1.21082
1.23537
1.24218
1.23911
1.22035
1.21663
1.24208
1.29982
1.36495
1.41078
1.43051
1.4353
1.41999
1.36508
1.28494
1.24589
1.24017
1.244
1.2656
1.28923
1.29791
1.30045
1.29274
1.2884
1.30618
1.36194
1.44011
1.48844
1.50602
1.5087
1.48598
1.42994
1.36993
1.34808
1.34455
1.3472
1.35002
1.35512
1.36635
1.38468
1.41136
1.44577
1.48175
1.51134
1.51515
1.48105
1.43384
1.39924
1.3805
1.37347
1.37146
1.3836
1.43458
1.49153
1.51677
1.52147
1.5233
1.51807
1.49163
1.46431
1.45306
1.45134
1.45035
1.45288
1.46416
1.53655
1.6035
1.61763
1.61435
1.61125
1.60662
1.5751
1.5247
1.4801
1.44873
1.43094
1.42893
1.43779
1.46035
1.53694
1.62127
1.65571
1.66024
1.65011
1.62712
1.58836
1.52201
1.45894
1.43999
1.45515
1.47666
1.50785
1.61452
5.82855
37.8935
1.22928
1.18533
1.18663
1.20792
1.22946
1.23595
1.236
1.2188
1.20422
1.2028
1.20771
1.23511
1.33512
1.41392
1.43385
1.43955
1.41706
1.3488
1.29154
1.26851
1.26231
1.27075
1.29239
1.30668
1.31105
1.3085
1.28775
1.27476
1.27625
1.29663
1.39
1.48083
1.50556
1.51024
1.47978
1.41134
1.36767
1.35347
1.35116
1.35384
1.36645
1.39392
1.42417
1.44268
1.44891
1.44927
1.44995
1.43771
1.4131
1.39893
1.39434
1.39181
1.39164
1.39112
1.39891
1.45584
1.52049
1.54616
1.54736
1.53436
1.50822
1.45755
1.41242
1.39712
1.40402
1.42098
1.43678
1.44809
1.50817
1.6139
1.65209
1.65505
1.64304
1.62519
1.58876
1.54289
1.50227
1.46604
1.44141
1.43652
1.44617
1.4585
1.47801
1.54377
1.6158
1.64396
1.64134
1.63196
1.60902
1.56383
1.50992
1.4601
1.42987
1.42605
1.43428
1.46517
1.60112
5.80744
38.1488
1.27662
1.25361
1.24683
1.2462
1.2431
1.23343
1.21064
1.19519
1.19405
1.20172
1.21513
1.25425
1.31047
1.36429
1.39355
1.3959
1.36503
1.32742
1.30897
1.30359
1.30398
1.3149
1.32219
1.32402
1.32436
1.31634
1.29659
1.2916
1.30104
1.33222
1.36744
1.40614
1.43955
1.44669
1.43112
1.40304
1.37943
1.36984
1.36891
1.37387
1.4011
1.44519
1.47418
1.48353
1.4786
1.45676
1.41743
1.36446
1.33437
1.33265
1.35078
1.37593
1.39054
1.404
1.4654
1.55056
1.58331
1.58455
1.57324
1.54066
1.4743
1.41207
1.3708
1.35396
1.35648
1.37434
1.40432
1.45436
1.56146
1.64519
1.66704
1.66909
1.65662
1.60812
1.56255
1.53268
1.50346
1.47397
1.46014
1.46431
1.47609
1.48205
1.49106
1.53116
1.59035
1.62034
1.62251
1.61739
1.60415
1.56874
1.52251
1.47698
1.44039
1.42125
1.41753
1.42017
1.55178
5.75184
38.5221
1.29137
1.31948
1.32366
1.30769
1.2756
1.23674
1.20624
1.19715
1.19878
1.20772
1.24357
1.27889
1.29409
1.30485
1.31323
1.30578
1.29746
1.30044
1.30587
1.31131
1.33809
1.36008
1.3614
1.35599
1.349
1.3393
1.32998
1.33231
1.34447
1.35484
1.35329
1.34069
1.33247
1.34263
1.3686
1.38882
1.39188
1.39296
1.39662
1.4129
1.44708
1.48008
1.49623
1.49993
1.49296
1.45695
1.38305
1.32163
1.29635
1.29501
1.30721
1.33669
1.37596
1.43873
1.55434
1.62226
1.63563
1.62533
1.59154
1.52563
1.45637
1.40454
1.36883
1.35207
1.35228
1.35984
1.3826
1.45129
1.55709
1.6266
1.64304
1.6379
1.60822
1.57383
1.55331
1.53792
1.51472
1.49613
1.49365
1.49914
1.49886
1.49533
1.4931
1.5083
1.54013
1.57171
1.59271
1.60041
1.59344
1.56997
1.54094
1.51405
1.48088
1.45175
1.43553
1.41598
1.53103
5.57013
38.8149
1.28161
1.33924
1.35029
1.35237
1.332
1.26837
1.22061
1.21135
1.21587
1.23444
1.26615
1.28558
1.29066
1.28619
1.26137
1.23004
1.22397
1.23548
1.25935
1.2929
1.33819
1.37989
1.39504
1.38937
1.3881
1.38971
1.38864
1.3824
1.37489
1.35962
1.32939
1.29154
1.27179
1.27424
1.29446
1.34222
1.38348
1.40211
1.42233
1.45969
1.49309
1.50814
1.51079
1.50813
1.4926
1.43859
1.36284
1.30903
1.28832
1.2869
1.29149
1.30364
1.3449
1.46412
1.58259
1.63258
1.64252
1.63756
1.58539
1.51928
1.46981
1.42244
1.3861
1.37476
1.38115
1.3966
1.41525
1.4442
1.51082
1.56421
1.57879
1.57534
1.56339
1.55904
1.55754
1.556
1.55074
1.53945
1.52899
1.51669
1.50759
1.50078
1.49375
1.48669
1.48777
1.50442
1.53572
1.56144
1.57119
1.57261
1.56533
1.54881
1.52098
1.48982
1.46686
1.44072
1.53646
5.46271
38.9493
1.23775
1.3371
1.3534
1.35786
1.35045
1.31622
1.26727
1.24872
1.24959
1.25982
1.27287
1.27802
1.27772
1.27219
1.25056
1.21347
1.18884
1.1881
1.19849
1.22096
1.27303
1.34015
1.39033
1.43105
1.45617
1.46752
1.46249
1.43288
1.38954
1.34237
1.29534
1.26188
1.24646
1.24623
1.25264
1.27406
1.3287
1.38656
1.43214
1.48698
1.52819
1.53695
1.53248
1.51682
1.48482
1.42522
1.35589
1.31307
1.29735
1.29832
1.30882
1.33622
1.38304
1.45831
1.56025
1.6067
1.60975
1.59523
1.56608
1.52905
1.49289
1.46188
1.43816
1.42813
1.42787
1.42767
1.42662
1.43151
1.4559
1.4845
1.50276
1.51514
1.53108
1.55078
1.57693
1.5935
1.59634
1.5797
1.5442
1.52011
1.50202
1.48309
1.46766
1.4568
1.45888
1.48754
1.51281
1.54183
1.57628
1.59216
1.59028
1.56789
1.53029
1.50464
1.47845
1.43856
1.49782
5.54838
39.0149
1.19039
1.28172
1.32428
1.33817
1.34046
1.33563
1.32132
1.30008
1.28676
1.28032
1.277
1.27527
1.27591
1.27242
1.25317
1.22287
1.19945
1.18269
1.17018
1.16854
1.1793
1.23482
1.35161
1.46025
1.52698
1.54489
1.53988
1.49311
1.40481
1.3296
1.28423
1.25796
1.24711
1.24726
1.2527
1.25949
1.2733
1.31873
1.39993
1.48426
1.54122
1.55699
1.55624
1.54359
1.49815
1.42666
1.36212
1.3274
1.32298
1.33186
1.35355
1.38007
1.40024
1.42717
1.48189
1.53681
1.55763
1.56113
1.56038
1.54732
1.52817
1.51132
1.49734
1.48391
1.46441
1.44066
1.42289
1.41173
1.4104
1.42461
1.44562
1.47141
1.5105
1.56497
1.60008
1.61191
1.61503
1.59633
1.54404
1.49239
1.46084
1.44373
1.43625
1.43563
1.47038
1.51626
1.55621
1.58282
1.59835
1.60681
1.60134
1.55784
1.5099
1.47126
1.4332
1.38132
1.39741
5.83426
38.9635
1.1947
1.21598
1.24553
1.28144
1.30789
1.32727
1.34183
1.34633
1.33723
1.32091
1.30326
1.29011
1.28252
1.2756
1.26525
1.24693
1.21571
1.18205
1.15664
1.14858
1.15099
1.16036
1.24112
1.43903
1.55036
1.57848
1.583
1.56304
1.46069
1.34754
1.29096
1.26616
1.25806
1.25961
1.26186
1.26413
1.26752
1.27445
1.31513
1.42857
1.52406
1.55822
1.56769
1.56982
1.53661
1.45263
1.38993
1.36545
1.3638
1.37272
1.38625
1.39245
1.39677
1.39793
1.40852
1.45415
1.5096
1.54038
1.55773
1.57049
1.57022
1.5551
1.532
1.50595
1.47541
1.43571
1.40235
1.3885
1.38638
1.39386
1.42399
1.475
1.53848
1.58446
1.60341
1.60898
1.60995
1.57987
1.5071
1.44802
1.42235
1.41598
1.41713
1.44119
1.50661
1.56409
1.58928
1.59811
1.60212
1.60142
1.58497
1.53025
1.4801
1.44565
1.40999
1.36432
1.42355
6.07074
38.831
1.20699
1.21231
1.20297
1.20665
1.22584
1.27088
1.32177
1.35477
1.36993
1.36531
1.35042
1.32799
1.3081
1.29326
1.27958
1.25746
1.22201
1.18114
1.15603
1.15029
1.15303
1.16051
1.19126
1.35369
1.53846
1.57954
1.58007
1.55765
1.49538
1.40347
1.33483
1.30218
1.28534
1.27382
1.26501
1.26085
1.26276
1.26791
1.27816
1.33398
1.47486
1.55504
1.57052
1.57258
1.55019
1.49693
1.44063
1.40936
1.3991
1.39895
1.3992
1.38934
1.3755
1.37426
1.37876
1.39494
1.44927
1.52198
1.56753
1.58475
1.5897
1.58264
1.55172
1.50302
1.44908
1.40896
1.38791
1.38022
1.38046
1.3847
1.42356
1.51693
1.57877
1.59687
1.60193
1.6035
1.5972
1.53844
1.45389
1.40842
1.39327
1.39255
1.39741
1.44378
1.54552
1.60344
1.61571
1.61242
1.60743
1.60119
1.56944
1.50588
1.45589
1.42426
1.40028
1.38868
1.51466
6.11697
38.8051
1.2215
1.2233
1.19986
1.17764
1.17312
1.18248
1.23123
1.31017
1.36376
1.39261
1.39859
1.39234
1.36608
1.32943
1.29152
1.25273
1.21491
1.18521
1.16805
1.16547
1.17336
1.19498
1.22095
1.27488
1.42569
1.52499
1.53658
1.53483
1.52186
1.47841
1.40974
1.34803
1.30248
1.27186
1.26127
1.26223
1.26554
1.27046
1.27816
1.29281
1.37189
1.49965
1.5487
1.55729
1.55445
1.53768
1.50069
1.45992
1.43355
1.41663
1.39491
1.37125
1.36315
1.36446
1.36803
1.37345
1.40282
1.49351
1.56168
1.58154
1.58724
1.58443
1.55967
1.49133
1.42458
1.39266
1.38013
1.37713
1.37846
1.38578
1.45299
1.5586
1.60031
1.60826
1.60803
1.60374
1.56664
1.48772
1.41968
1.38389
1.36997
1.36829
1.37224
1.42878
1.55099
1.61697
1.63733
1.63888
1.63202
1.62508
1.58204
1.49908
1.43866
1.40584
1.41434
1.42496
1.53885
6.07596
38.8338
1.23778
1.2362
1.2067
1.17245
1.15087
1.14414
1.14955
1.19788
1.30963
1.39043
1.42281
1.43228
1.43047
1.39886
1.32999
1.26032
1.21709
1.19701
1.19246
1.19786
1.21712
1.23561
1.24149
1.24438
1.28069
1.41288
1.50049
1.5236
1.53193
1.52895
1.48673
1.40143
1.32921
1.28923
1.27342
1.2707
1.27296
1.27746
1.28436
1.29397
1.31488
1.39559
1.49661
1.53997
1.55117
1.54893
1.5362
1.51039
1.4703
1.42582
1.39142
1.37385
1.36646
1.36608
1.36942
1.37817
1.40475
1.46975
1.54072
1.56955
1.57667
1.57187
1.53336
1.46829
1.41969
1.39429
1.38277
1.38039
1.38507
1.42069
1.50292
1.57061
1.60049
1.60852
1.60441
1.57546
1.52286
1.46325
1.41577
1.38497
1.37336
1.37286
1.38127
1.44543
1.54208
1.59229
1.60574
1.60777
1.60567
1.59186
1.55356
1.49694
1.45175
1.41748
1.3841
1.35033
1.46549
6.06361
38.9731
1.26016
1.24484
1.21151
1.17143
1.14146
1.12958
1.13045
1.13669
1.18613
1.32736
1.41883
1.44308
1.44992
1.44916
1.39837
1.29521
1.23565
1.22142
1.22485
1.24038
1.25523
1.2571
1.24522
1.22903
1.23034
1.27736
1.41837
1.50478
1.52813
1.53483
1.51741
1.45954
1.38153
1.3263
1.29883
1.2877
1.28461
1.28529
1.28961
1.29655
1.30645
1.33443
1.4044
1.48525
1.52685
1.53919
1.53833
1.52383
1.49199
1.4448
1.40622
1.38767
1.38139
1.38121
1.38568
1.39965
1.42318
1.45386
1.49806
1.53089
1.53995
1.53228
1.50365
1.46337
1.42976
1.41125
1.40614
1.41035
1.43523
1.48113
1.52305
1.55888
1.58146
1.58422
1.56779
1.54085
1.50769
1.46832
1.43106
1.41255
1.40859
1.41105
1.42211
1.46171
1.51914
1.55802
1.57456
1.57966
1.58016
1.56808
1.54206
1.50675
1.46531
1.43078
1.39517
1.34771
1.40057
5.9206
39.2768
1.29148
1.24615
1.20594
1.1639
1.1354
1.12609
1.12695
1.13062
1.13992
1.21024
1.36995
1.44174
1.45266
1.45221
1.42876
1.35633
1.28607
1.26362
1.26556
1.2759
1.27906
1.26529
1.23645
1.22709
1.22789
1.23882
1.31406
1.44833
1.50557
1.52063
1.52107
1.49745
1.44008
1.374
1.33108
1.30811
1.29691
1.2928
1.2932
1.29571
1.30304
1.32599
1.36198
1.41127
1.47083
1.5064
1.51945
1.51595
1.4926
1.46619
1.4418
1.424
1.41248
1.40675
1.40748
1.42071
1.43418
1.44239
1.45417
1.47381
1.4903
1.49455
1.48522
1.46794
1.45818
1.4542
1.45431
1.46367
1.48961
1.50986
1.52106
1.53013
1.53641
1.53304
1.52458
1.51575
1.50196
1.48213
1.46847
1.46513
1.46548
1.46498
1.46591
1.47404
1.49346
1.51218
1.52538
1.53347
1.53656
1.53051
1.51744
1.50104
1.47899
1.45524
1.43537
1.40393
1.42941
5.63592
39.5097
1.34793
1.26999
1.20591
1.15773
1.13334
1.12826
1.12972
1.13505
1.14445
1.16749
1.26055
1.38883
1.43278
1.43754
1.43524
1.4145
1.35946
1.31858
1.30462
1.29874
1.28113
1.25195
1.23843
1.23484
1.23456
1.23644
1.27514
1.37827
1.46333
1.49929
1.51179
1.50821
1.47559
1.41902
1.36728
1.33399
1.31455
1.30436
1.30066
1.30034
1.30478
1.32685
1.35765
1.38442
1.40963
1.44432
1.47512
1.49161
1.49544
1.48546
1.47669
1.46342
1.44871
1.43804
1.43451
1.4393
1.43626
1.42888
1.42674
1.42994
1.43901
1.45298
1.46808
1.48391
1.49357
1.49634
1.50029
1.51405
1.53257
1.53124
1.52185
1.50991
1.48976
1.47748
1.47786
1.48393
1.49019
1.49688
1.50952
1.52083
1.52382
1.52182
1.51594
1.50605
1.49398
1.48108
1.47522
1.47652
1.47841
1.47799
1.47846
1.47856
1.47416
1.46542
1.46172
1.45811
1.54036
5.40379
39.6761
1.41298
1.33037
1.21791
1.16183
1.13967
1.13548
1.13821
1.14858
1.16425
1.17775
1.19887
1.27123
1.37516
1.42188
1.43414
1.43775
1.43053
1.39196
1.34719
1.30595
1.26463
1.23847
1.23052
1.23101
1.234
1.24113
1.28109
1.35078
1.40929
1.45693
1.48594
1.49935
1.48932
1.43841
1.3872
1.35827
1.33865
1.32342
1.31476
1.3118
1.31477
1.33704
1.3623
1.37915
1.39386
1.40706
1.4236
1.4537
1.48293
1.49668
1.4866
1.47259
1.46753
1.46612
1.46503
1.45693
1.44307
1.42976
1.42513
1.42707
1.4292
1.43404
1.45348
1.48563
1.5022
1.50564
1.50718
1.52325
1.55107
1.55336
1.54208
1.50474
1.47389
1.46338
1.45987
1.46321
1.47852
1.51039
1.52929
1.53168
1.53165
1.53149
1.52889
1.51914
1.49254
1.46996
1.46343
1.45892
1.45901
1.46744
1.47885
1.48288
1.47501
1.4662
1.46778
1.46395
1.57587
5.43412
39.8623
1.42786
1.38923
1.26219
1.18673
1.15889
1.15392
1.1585
1.16989
1.18182
1.18862
1.19275
1.20641
1.25939
1.35813
1.41783
1.44055
1.45042
1.4502
1.41093
1.3301
1.26407
1.23454
1.22684
1.22841
1.23298
1.24626
1.29605
1.35602
1.3938
1.42035
1.44984
1.47128
1.48084
1.43746
1.38252
1.3554
1.34435
1.33886
1.33447
1.33175
1.33572
1.35486
1.36967
1.38201
1.39833
1.41539
1.43029
1.43931
1.45415
1.46609
1.46887
1.45965
1.45022
1.44661
1.45049
1.45628
1.45946
1.45841
1.45414
1.45462
1.46336
1.47706
1.48779
1.48149
1.47253
1.4737
1.47936
1.49764
1.52103
1.52259
1.51574
1.50385
1.48703
1.47766
1.48291
1.49902
1.51298
1.51711
1.51386
1.51236
1.50924
1.5013
1.49216
1.48166
1.47251
1.47398
1.48379
1.50229
1.51665
1.51962
1.51522
1.50306
1.47493
1.45004
1.42723
1.39606
1.45745
5.7524
39.9332
1.41179
1.40243
1.32087
1.23751
1.19402
1.18104
1.18109
1.18679
1.19471
1.1995
1.2003
1.20045
1.20643
1.24963
1.36162
1.43083
1.44813
1.45321
1.43905
1.36604
1.27933
1.23852
1.22887
1.22957
1.23326
1.2498
1.3118
1.37605
1.40537
1.41797
1.4257
1.43619
1.43816
1.40553
1.36646
1.34895
1.34467
1.34463
1.34545
1.34702
1.34979
1.36755
1.38812
1.40673
1.42987
1.44931
1.45951
1.45494
1.42607
1.40602
1.40104
1.405
1.41021
1.41791
1.43954
1.46829
1.48591
1.50123
1.5176
1.52702
1.52669
1.51796
1.49222
1.45798
1.434
1.42408
1.42501
1.44045
1.47862
1.50382
1.51289
1.51965
1.52627
1.53033
1.53184
1.53263
1.53103
1.51627
1.48807
1.46421
1.44962
1.44223
1.44171
1.44664
1.46632
1.5061
1.54659
1.56591
1.56704
1.5607
1.55059
1.51331
1.46281
1.42727
1.39345
1.33992
1.35507
6.08338
39.7273
1.38654
1.39404
1.35421
1.30027
1.24887
1.21859
1.2072
1.20644
1.20931
1.21097
1.2092
1.20261
1.20186
1.21147
1.2753
1.38549
1.43039
1.44161
1.43828
1.39393
1.31212
1.25464
1.23644
1.23516
1.23768
1.25579
1.33238
1.40167
1.4223
1.42639
1.42844
1.42523
1.39612
1.35645
1.34435
1.34511
1.34648
1.34596
1.34419
1.3419
1.34177
1.35527
1.40648
1.45833
1.48607
1.49418
1.49273
1.47131
1.41308
1.35857
1.33685
1.33965
1.35645
1.37964
1.41552
1.46309
1.51191
1.56128
1.58818
1.59307
1.58235
1.54911
1.48953
1.43235
1.39597
1.38055
1.37905
1.38638
1.41947
1.47455
1.51413
1.54665
1.56934
1.57413
1.56573
1.55197
1.53366
1.49948
1.4511
1.41425
1.39725
1.39473
1.39957
1.42301
1.49051
1.55885
1.58914
1.59324
1.58662
1.57836
1.55548
1.4979
1.44715
1.41501
1.38601
1.34324
1.4132
6.19725
39.4643
1.32507
1.35218
1.35147
1.33839
1.31511
1.27931
1.25078
1.23467
1.22564
1.21657
1.20658
1.20426
1.20455
1.21184
1.24927
1.31627
1.38052
1.41167
1.42213
1.40251
1.33622
1.27567
1.25006
1.24637
1.24914
1.27609
1.36507
1.42316
1.43544
1.43621
1.43058
1.41511
1.37408
1.3326
1.31912
1.32617
1.33646
1.33937
1.33454
1.32938
1.32901
1.34115
1.42304
1.51167
1.53915
1.54
1.52836
1.48927
1.40556
1.33371
1.30458
1.30074
1.30679
1.32359
1.35563
1.42497
1.53289
1.60953
1.63482
1.63948
1.63221
1.59651
1.51377
1.42751
1.3787
1.35969
1.35559
1.35751
1.36677
1.41899
1.50729
1.56816
1.59543
1.6015
1.59536
1.57738
1.54059
1.47975
1.41799
1.38168
1.36717
1.36522
1.36846
1.40202
1.51327
1.58939
1.60787
1.60539
1.59669
1.58813
1.55103
1.48195
1.43641
1.40515
1.39574
1.39629
1.5442
6.1076
39.3614
1.24587
1.27251
1.31713
1.33787
1.33841
1.33362
1.31734
1.28171
1.24136
1.21558
1.20859
1.20827
1.21422
1.23844
1.26841
1.28936
1.3143
1.34668
1.36674
1.36229
1.33253
1.30287
1.28281
1.27449
1.27725
1.32143
1.39919
1.43427
1.44081
1.43959
1.43293
1.40957
1.37174
1.339
1.32532
1.32151
1.31706
1.31334
1.31058
1.31023
1.31313
1.33269
1.44106
1.54263
1.56601
1.57071
1.56527
1.52431
1.41915
1.33046
1.30044
1.29696
1.30013
1.30718
1.31793
1.36323
1.51581
1.619
1.64011
1.64345
1.63928
1.61574
1.54101
1.44068
1.38188
1.36125
1.3567
1.35745
1.35905
1.38121
1.47794
1.56414
1.5929
1.60087
1.60133
1.59044
1.5475
1.46838
1.40439
1.37178
1.35768
1.35515
1.35865
1.41242
1.52825
1.59863
1.62371
1.62803
1.62269
1.60342
1.53977
1.47499
1.43603
1.42018
1.416
1.40399
1.53573
6.02456
39.4667
1.20055
1.1896
1.22228
1.29617
1.33163
1.33738
1.33748
1.32525
1.27538
1.23006
1.21761
1.21718
1.23378
1.26953
1.29045
1.29772
1.3021
1.29929
1.28593
1.28776
1.30609
1.31079
1.30237
1.30289
1.31899
1.38081
1.42256
1.43486
1.43831
1.43727
1.42682
1.40851
1.38568
1.36122
1.34008
1.31906
1.29947
1.28753
1.28536
1.28941
1.29583
1.33131
1.45874
1.54593
1.56591
1.571
1.56222
1.50561
1.41722
1.35165
1.31813
1.3091
1.31148
1.31955
1.3293
1.36777
1.49468
1.5951
1.62331
1.62768
1.62096
1.59016
1.52315
1.45484
1.40406
1.37751
1.36795
1.36548
1.36457
1.37708
1.45529
1.54643
1.57818
1.5826
1.58042
1.56475
1.52457
1.4631
1.4084
1.37945
1.37315
1.3753
1.38764
1.44436
1.53064
1.58239
1.59958
1.60281
1.60102
1.57634
1.52954
1.48087
1.44643
1.4257
1.40372
1.36449
1.46227
5.97494
39.8002
1.19543
1.16684
1.17127
1.20841
1.28544
1.32189
1.33009
1.3228
1.29381
1.25917
1.24354
1.24436
1.26846
1.29757
1.31174
1.31645
1.31327
1.278
1.22979
1.22131
1.24301
1.28174
1.29974
1.31544
1.3694
1.43174
1.45354
1.45332
1.44685
1.43663
1.42855
1.41808
1.40356
1.38477
1.35467
1.31671
1.28712
1.27462
1.27325
1.27666
1.28721
1.35204
1.46852
1.53005
1.54865
1.55376
1.5398
1.48617
1.42909
1.38309
1.35026
1.33281
1.32831
1.33118
1.34
1.38939
1.484
1.54937
1.57961
1.58849
1.58827
1.56584
1.52038
1.47358
1.43198
1.40056
1.38357
1.37584
1.37184
1.3773
1.43626
1.51242
1.54712
1.55612
1.55878
1.55237
1.52322
1.47321
1.42912
1.41064
1.40655
1.40639
1.41471
1.45325
1.50937
1.55029
1.57122
1.582
1.5828
1.56197
1.53082
1.49228
1.45497
1.42576
1.40079
1.36439
1.43105
5.81135
40.0804
1.19939
1.17263
1.17511
1.17969
1.20444
1.25708
1.28761
1.29266
1.28694
1.28553
1.28323
1.29674
1.31919
1.33235
1.33992
1.34275
1.3289
1.26308
1.20349
1.18771
1.19198
1.21603
1.26395
1.31782
1.38271
1.44015
1.45932
1.45793
1.45478
1.45013
1.44089
1.43144
1.4194
1.39646
1.35671
1.31288
1.28394
1.27319
1.27184
1.27437
1.29755
1.38953
1.46939
1.50064
1.51599
1.52352
1.50662
1.46663
1.43626
1.41088
1.3813
1.3569
1.34573
1.34475
1.35884
1.42049
1.48098
1.51275
1.53313
1.54701
1.55169
1.54138
1.52003
1.48684
1.45123
1.41912
1.39629
1.38361
1.37703
1.38114
1.42551
1.4775
1.50992
1.52861
1.53795
1.54112
1.52558
1.49414
1.46669
1.45032
1.44018
1.43306
1.43482
1.45501
1.4816
1.50655
1.52766
1.54385
1.54748
1.53565
1.51712
1.48796
1.46189
1.43808
1.42006
1.40265
1.51457
5.56899
40.1993
1.21253
1.18824
1.18542
1.18428
1.18155
1.18034
1.19786
1.23236
1.26246
1.28413
1.31703
1.35969
1.38155
1.38433
1.3787
1.36856
1.32775
1.25144
1.19997
1.18442
1.18507
1.19058
1.2096
1.27238
1.36069
1.42374
1.44894
1.45849
1.46448
1.46648
1.46074
1.44757
1.42891
1.39591
1.34846
1.30731
1.28547
1.27771
1.27652
1.27992
1.32783
1.42419
1.4704
1.48254
1.48735
1.48403
1.45842
1.44159
1.43401
1.41905
1.39904
1.38124
1.37077
1.36989
1.39694
1.45297
1.48347
1.49592
1.50298
1.50747
1.50575
1.50498
1.50124
1.48341
1.45419
1.42989
1.41177
1.40082
1.39479
1.4004
1.43123
1.45955
1.47607
1.49053
1.50376
1.5132
1.51784
1.51379
1.50386
1.48723
1.47561
1.46861
1.46791
1.47227
1.47049
1.47158
1.47875
1.49092
1.49716
1.49203
1.48545
1.48222
1.4685
1.4545
1.44438
1.43204
1.55178
5.47743
40.2207
1.22863
1.20683
1.20024
1.19026
1.16872
1.1466
1.14218
1.15365
1.19293
1.2525
1.32553
1.4016
1.44233
1.44851
1.43716
1.40421
1.33448
1.25351
1.20516
1.19108
1.19343
1.20264
1.21526
1.23053
1.2806
1.36513
1.4278
1.45564
1.46727
1.47272
1.47294
1.46206
1.43601
1.39011
1.33562
1.29912
1.28521
1.28264
1.28309
1.29353
1.36711
1.44836
1.47444
1.4807
1.4821
1.45688
1.41836
1.40235
1.40312
1.40794
1.40162
1.39199
1.39086
1.40094
1.44227
1.47805
1.48962
1.49424
1.49625
1.49127
1.4782
1.46797
1.45988
1.45171
1.44037
1.42711
1.41902
1.41619
1.41625
1.42864
1.44635
1.45923
1.47167
1.48118
1.48977
1.49967
1.51103
1.52044
1.51585
1.49649
1.48806
1.48324
1.47602
1.46581
1.45958
1.46328
1.46841
1.47139
1.47654
1.48977
1.49875
1.49275
1.47915
1.45878
1.43824
1.40055
1.44245
5.66688
40.259
1.24765
1.22241
1.21188
1.19566
1.16476
1.14173
1.13257
1.13299
1.13947
1.17014
1.27183
1.40285
1.47072
1.4889
1.48972
1.46292
1.37284
1.27589
1.22636
1.21074
1.21052
1.21592
1.22145
1.22633
1.23516
1.27308
1.36653
1.43928
1.46497
1.47439
1.4777
1.47
1.4432
1.38547
1.32416
1.2913
1.28146
1.28152
1.28515
1.31173
1.4036
1.47014
1.48721
1.49025
1.48482
1.45185
1.40368
1.37356
1.36785
1.37952
1.39176
1.39602
1.40225
1.42452
1.47025
1.50213
1.5055
1.50269
1.49802
1.48915
1.4752
1.45436
1.43204
1.41782
1.41569
1.41901
1.42004
1.42309
1.42928
1.44811
1.46863
1.47357
1.47826
1.48932
1.50481
1.51636
1.52048
1.52086
1.50222
1.47909
1.46574
1.45885
1.456
1.45341
1.45977
1.47697
1.48987
1.50082
1.51102
1.51515
1.51408
1.50857
1.47949
1.44206
1.40361
1.3329
1.30871
5.99322
40.0523
1.27258
1.23394
1.21795
1.19808
1.16976
1.14675
1.13523
1.13425
1.13718
1.14225
1.18478
1.34814
1.46615
1.49161
1.49555
1.48647
1.42074
1.32947
1.27159
1.24528
1.23432
1.22943
1.22679
1.2262
1.22824
1.23745
1.28576
1.38699
1.44633
1.46465
1.4725
1.47192
1.44615
1.38064
1.31827
1.28856
1.27949
1.28018
1.28595
1.32873
1.42944
1.48651
1.50116
1.5039
1.49377
1.45448
1.4014
1.36225
1.34566
1.34689
1.3636
1.38955
1.4076
1.42636
1.46884
1.50474
1.51503
1.51449
1.50974
1.49466
1.47095
1.44386
1.4191
1.4017
1.39642
1.40224
1.41895
1.43176
1.43988
1.45586
1.4822
1.49682
1.50536
1.51547
1.52414
1.52633
1.52426
1.51012
1.47766
1.45641
1.44632
1.44363
1.44509
1.44888
1.47476
1.51269
1.53047
1.53175
1.52983
1.52474
1.51861
1.50248
1.45975
1.42045
1.37911
1.31159
1.32929
6.18967
39.9251
1.30965
1.24639
1.22532
1.20537
1.1802
1.15886
1.14598
1.14281
1.14478
1.14933
1.15861
1.24687
1.41404
1.47399
1.4802
1.47755
1.4568
1.39889
1.33645
1.29357
1.26549
1.2465
1.23577
1.23281
1.2336
1.23708
1.2574
1.32162
1.39654
1.43467
1.4503
1.45716
1.44044
1.37791
1.31729
1.28955
1.28289
1.28545
1.29315
1.34659
1.44589
1.49268
1.50624
1.50976
1.50433
1.46766
1.40933
1.36309
1.34435
1.34325
1.34963
1.36557
1.38739
1.41147
1.45448
1.50382
1.5249
1.5282
1.52383
1.50286
1.47001
1.44167
1.41744
1.40023
1.3949
1.39928
1.41114
1.42581
1.43493
1.44529
1.47864
1.52038
1.54331
1.54961
1.54577
1.5389
1.53174
1.50372
1.46221
1.43998
1.43215
1.43239
1.43611
1.44612
1.49176
1.54272
1.56355
1.56027
1.55012
1.54119
1.5341
1.50131
1.44914
1.40224
1.35769
1.31754
1.41931
6.19722
39.9066
1.35932
1.27588
1.24262
1.21678
1.19141
1.17151
1.15927
1.15464
1.15511
1.15842
1.16297
1.19135
1.31268
1.42943
1.4635
1.46926
1.46989
1.44925
1.39826
1.34551
1.3053
1.27617
1.25784
1.24932
1.24723
1.24816
1.25758
1.29248
1.34367
1.38578
1.41093
1.42379
1.42023
1.3737
1.32639
1.30032
1.29288
1.2955
1.3053
1.36681
1.45285
1.49187
1.50266
1.50577
1.50125
1.48315
1.43857
1.38402
1.3536
1.34569
1.3462
1.35185
1.36335
1.38157
1.42801
1.49429
1.52418
1.52746
1.51714
1.50497
1.48643
1.45893
1.43543
1.42051
1.41371
1.41196
1.41041
1.40555
1.40639
1.4145
1.45227
1.52405
1.56664
1.57776
1.57669
1.56898
1.55679
1.51911
1.46853
1.43423
1.41779
1.41398
1.41493
1.42268
1.47869
1.54254
1.57465
1.58422
1.58274
1.57658
1.56237
1.50872
1.45227
1.41788
1.38811
1.3414
1.41481
6.14811
40.0689
1.40759
1.33574
1.27302
1.23067
1.20099
1.18105
1.17064
1.1669
1.16675
1.1684
1.17151
1.18138
1.22817
1.33949
1.42622
1.45608
1.46662
1.46691
1.44149
1.39121
1.34641
1.31479
1.2914
1.27459
1.26543
1.26308
1.26513
1.28769
1.32267
1.34932
1.36891
1.3813
1.37797
1.35625
1.33169
1.31293
1.30616
1.30885
1.32657
1.3857
1.44743
1.48101
1.49434
1.4989
1.49768
1.48865
1.46749
1.41917
1.37052
1.35083
1.3503
1.35884
1.37412
1.38561
1.39562
1.43917
1.4906
1.50735
1.50828
1.50567
1.50269
1.4937
1.47984
1.46041
1.43774
1.42055
1.40431
1.38864
1.37975
1.38118
1.40671
1.49671
1.56242
1.58445
1.59009
1.58792
1.5752
1.53981
1.48724
1.44997
1.43037
1.41986
1.41503
1.4158
1.45224
1.51822
1.55423
1.56728
1.57156
1.57042
1.55687
1.51368
1.47026
1.43713
1.40423
1.35173
1.38336
6.01403
40.3876
1.41873
1.40522
1.33039
1.26077
1.21773
1.19365
1.18335
1.17983
1.1778
1.17652
1.17772
1.18039
1.1959
1.25406
1.36313
1.43085
1.45461
1.46565
1.45849
1.42525
1.37985
1.34604
1.3233
1.30598
1.29327
1.28631
1.28471
1.29226
1.31756
1.33509
1.34523
1.34869
1.33866
1.33211
1.32969
1.32313
1.32308
1.33125
1.35824
1.39195
1.42785
1.46009
1.48153
1.49109
1.49151
1.48471
1.47716
1.46111
1.41792
1.38302
1.37339
1.37651
1.38296
1.38603
1.3862
1.39154
1.42802
1.47302
1.49265
1.49816
1.50388
1.51877
1.52763
1.51757
1.47845
1.43612
1.40584
1.38556
1.37187
1.36791
1.3769
1.45071
1.54381
1.57563
1.58338
1.58525
1.57741
1.55684
1.51201
1.46722
1.43843
1.41889
1.40788
1.40335
1.41794
1.47354
1.52215
1.54705
1.55977
1.56277
1.5502
1.52042
1.48504
1.45107
1.42045
1.38139
1.42846
5.75357
40.5996
1.41107
1.42569
1.39872
1.31859
1.24932
1.21238
1.19607
1.18874
1.18459
1.18215
1.18168
1.18291
1.18801
1.2171
1.30534
1.39642
1.43649
1.4521
1.46126
1.44754
1.40685
1.36262
1.33587
1.32176
1.31455
1.31068
1.30894
1.31137
1.3205
1.32971
1.33351
1.32843
1.32144
1.31986
1.3232
1.32891
1.33956
1.36161
1.37946
1.39026
1.40194
1.42499
1.4522
1.47042
1.47877
1.48136
1.4819
1.48207
1.46963
1.43462
1.40664
1.39334
1.38555
1.37991
1.37729
1.37569
1.38211
1.41161
1.45347
1.48503
1.50933
1.53015
1.5424
1.54507
1.52553
1.46932
1.41498
1.38259
1.36902
1.36489
1.37059
1.41861
1.50894
1.56076
1.57793
1.5836
1.57836
1.56273
1.52735
1.4829
1.45007
1.42417
1.40668
1.39941
1.40292
1.43759
1.48222
1.51131
1.52677
1.53215
1.5206
1.50179
1.47792
1.4585
1.44499
1.42672
1.53951
5.4747
40.706
1.38697
1.42787
1.42472
1.38319
1.30538
1.24412
1.2103
1.19169
1.18213
1.17944
1.18021
1.1825
1.1874
1.20633
1.2754
1.36448
1.41527
1.43727
1.44931
1.45413
1.42382
1.37408
1.34159
1.32805
1.32384
1.32354
1.32471
1.32768
1.33111
1.33068
1.32377
1.31931
1.31927
1.3218
1.3266
1.34069
1.36601
1.38223
1.38796
1.38743
1.38502
1.3881
1.40333
1.43169
1.45876
1.47724
1.48517
1.48905
1.49172
1.48385
1.45722
1.4295
1.40729
1.38938
1.3764
1.37004
1.36934
1.37845
1.40019
1.4442
1.49852
1.53163
1.54592
1.55151
1.54114
1.49758
1.43147
1.38861
1.37438
1.3714
1.37698
1.41245
1.47952
1.53062
1.55096
1.55723
1.55514
1.54665
1.52258
1.48828
1.46334
1.44462
1.42878
1.41762
1.4143
1.42583
1.45142
1.47243
1.48501
1.48809
1.48234
1.47357
1.46735
1.46243
1.46159
1.45769
1.58108
5.37132
40.7695
1.33144
1.4131
1.42164
1.41329
1.37025
1.29872
1.23858
1.203
1.18457
1.17812
1.17899
1.18222
1.18734
1.20662
1.27036
1.34633
1.39552
1.42043
1.43311
1.44118
1.42576
1.38069
1.3493
1.33459
1.32871
1.3273
1.328
1.32959
1.32904
1.32205
1.31674
1.31717
1.32036
1.32531
1.33753
1.36675
1.38956
1.39635
1.39577
1.38195
1.36799
1.36558
1.36914
1.38399
1.41876
1.45738
1.47974
1.48809
1.49404
1.49418
1.4854
1.46751
1.43993
1.40715
1.38498
1.37525
1.37211
1.3752
1.3927
1.42608
1.47344
1.51273
1.53051
1.53794
1.53357
1.49726
1.43905
1.39939
1.38713
1.38483
1.38925
1.42006
1.47793
1.51379
1.52511
1.52684
1.52263
1.51788
1.50324
1.48029
1.46639
1.45733
1.44901
1.43932
1.43362
1.43247
1.44559
1.46208
1.47074
1.4726
1.47189
1.46455
1.4588
1.46228
1.46473
1.45627
1.58233
5.35808
40.8973
1.26052
1.36739
1.40207
1.41028
1.39717
1.35196
1.28301
1.22468
1.19251
1.18237
1.18323
1.18619
1.19088
1.21356
1.28346
1.34616
1.37719
1.39772
1.41223
1.42007
1.41279
1.38187
1.35881
1.34523
1.33697
1.33298
1.33095
1.3275
1.31841
1.31052
1.30964
1.31172
1.31575
1.32654
1.35838
1.39487
1.40713
1.41049
1.40625
1.37955
1.35933
1.35728
1.35953
1.36577
1.38708
1.42108
1.45414
1.47364
1.48453
1.4915
1.4865
1.46948
1.44675
1.42596
1.40768
1.39429
1.38727
1.38946
1.41718
1.44625
1.46502
1.48005
1.49545
1.50294
1.50202
1.48009
1.43633
1.40734
1.39799
1.39704
1.4007
1.43184
1.48542
1.51341
1.51775
1.5156
1.50823
1.49977
1.48685
1.47441
1.47119
1.46739
1.45867
1.44833
1.44232
1.44109
1.44974
1.46392
1.47391
1.47542
1.4739
1.46535
1.45596
1.45723
1.45661
1.4351
1.56399
5.40375
41.065
1.22855
1.28789
1.34884
1.37979
1.38654
1.36899
1.32107
1.26071
1.21786
1.19836
1.19419
1.1961
1.20088
1.23174
1.30299
1.34786
1.36568
1.37609
1.38646
1.3934
1.38793
1.37664
1.36547
1.35708
1.34847
1.34235
1.33481
1.32254
1.30925
1.30391
1.30418
1.30548
1.30847
1.32799
1.37647
1.40645
1.41381
1.41771
1.41072
1.37959
1.35999
1.35821
1.35966
1.36624
1.38951
1.41122
1.42571
1.44246
1.4587
1.4706
1.47289
1.45752
1.43995
1.42497
1.41258
1.40414
1.40053
1.42255
1.45442
1.46875
1.47558
1.48093
1.47399
1.4673
1.45995
1.44606
1.42438
1.40415
1.39531
1.39577
1.40034
1.4355
1.49372
1.51308
1.51458
1.51219
1.50466
1.49781
1.49086
1.48365
1.47691
1.46768
1.45745
1.44688
1.44061
1.43921
1.45436
1.47807
1.49084
1.4912
1.48806
1.47522
1.45692
1.44763
1.43846
1.41327
1.51602
5.53316
41.2066
1.23316
1.25479
1.27757
1.31513
1.342
1.34569
1.32663
1.29549
1.25929
1.22979
1.21603
1.21447
1.21887
1.25722
1.32137
1.35261
1.36442
1.36985
1.37111
1.36103
1.35535
1.36197
1.36766
1.36166
1.35537
1.34673
1.33561
1.32095
1.30955
1.30472
1.30413
1.30451
1.30842
1.33836
1.38392
1.40303
1.40961
1.41431
1.40376
1.37551
1.36448
1.36426
1.36645
1.37611
1.40006
1.41464
1.42175
1.42771
1.4344
1.43986
1.43879
1.43418
1.426
1.41599
1.40689
1.40207
1.41014
1.45711
1.49079
1.49878
1.50051
1.49152
1.4727
1.45808
1.44207
1.41953
1.39905
1.38719
1.38285
1.38523
1.39125
1.42532
1.492
1.52062
1.52289
1.52408
1.523
1.51943
1.51507
1.50212
1.47777
1.45259
1.43593
1.42493
1.41839
1.41715
1.43753
1.47787
1.50815
1.51421
1.50723
1.48633
1.45981
1.44301
1.42962
1.40471
1.49345
5.60007
41.2529
1.24268
1.25069
1.25568
1.26106
1.2721
1.29146
1.30726
1.30437
1.28127
1.2588
1.24505
1.24187
1.24781
1.29353
1.342
1.36025
1.36613
1.36727
1.35936
1.33124
1.32344
1.33222
1.35072
1.36084
1.358
1.34492
1.33148
1.32255
1.31591
1.31156
1.30987
1.30895
1.31695
1.35277
1.38486
1.39619
1.40151
1.40628
1.39201
1.36896
1.36429
1.36719
1.37226
1.38873
1.41355
1.42229
1.42378
1.42572
1.42944
1.4279
1.41509
1.40308
1.39647
1.3933
1.39115
1.39073
1.41366
1.47608
1.51606
1.52811
1.53106
1.51925
1.4863
1.45931
1.43871
1.41511
1.3886
1.36975
1.36595
1.36873
1.37405
1.39586
1.46741
1.52535
1.54793
1.55767
1.56034
1.55332
1.53731
1.50956
1.47533
1.44387
1.41871
1.40168
1.39119
1.38817
1.39843
1.44789
1.49087
1.50985
1.50989
1.49557
1.47968
1.46483
1.44584
1.41216
1.47176
5.60196
41.2407
1.25107
1.25396
1.2533
1.24604
1.22959
1.23015
1.25353
1.27882
1.28108
1.2641
1.25739
1.26031
1.28134
1.33705
1.36852
1.37729
1.3789
1.3753
1.35204
1.318
1.30472
1.30746
1.32087
1.33918
1.34767
1.33717
1.32597
1.32308
1.32388
1.32358
1.32089
1.31921
1.33229
1.36511
1.38538
1.39269
1.39855
1.40189
1.3816
1.36308
1.36302
1.36836
1.37476
1.39166
1.41944
1.43024
1.42973
1.43076
1.4331
1.43045
1.4144
1.38995
1.37098
1.36451
1.36481
1.36811
1.40624
1.47746
1.51779
1.53257
1.53926
1.53746
1.50968
1.47415
1.4449
1.41816
1.39115
1.36931
1.35644
1.35371
1.35378
1.3593
1.41491
1.51585
1.57038
1.59143
1.59699
1.59197
1.56637
1.5226
1.48055
1.44759
1.42146
1.40144
1.38548
1.37752
1.3751
1.39505
1.4456
1.48381
1.49911
1.49999
1.5
1.50023
1.49821
1.46548
1.45589
5.53908
41.1783
1.26553
1.26323
1.2589
1.24727
1.22135
1.20086
1.19909
1.21674
1.24652
1.2578
1.25919
1.26591
1.3128
1.37335
1.39802
1.40372
1.40282
1.38859
1.35159
1.32053
1.30536
1.3026
1.30487
1.31171
1.31626
1.32051
1.32122
1.32103
1.32268
1.32498
1.32904
1.33661
1.35358
1.37842
1.39103
1.39702
1.40202
1.40219
1.37429
1.35462
1.35694
1.36376
1.3695
1.3824
1.40844
1.4283
1.43949
1.44492
1.44807
1.44556
1.42317
1.38863
1.3633
1.35306
1.35158
1.35621
1.39977
1.46734
1.508
1.5269
1.53533
1.53613
1.52013
1.49246
1.46575
1.43757
1.40657
1.37909
1.36039
1.3474
1.34124
1.34184
1.37317
1.4917
1.57375
1.59585
1.6007
1.59753
1.57673
1.53832
1.50208
1.47321
1.44655
1.42072
1.39788
1.37907
1.36746
1.36679
1.38199
1.42166
1.46946
1.50745
1.52417
1.52577
1.51865
1.47681
1.46824
5.51727
41.1738
1.28625
1.27573
1.2708
1.25926
1.22645
1.19257
1.17416
1.17327
1.18554
1.21419
1.24071
1.27063
1.3327
1.38333
1.4002
1.4053
1.40361
1.39146
1.36353
1.33187
1.31475
1.31006
1.30973
1.30189
1.29415
1.29542
1.30139
1.30669
1.31262
1.31904
1.32468
1.33717
1.36972
1.39715
1.4095
1.41371
1.41561
1.40854
1.37916
1.35972
1.35514
1.35521
1.35908
1.36588
1.38531
1.41718
1.43831
1.44738
1.4525
1.45627
1.43815
1.39211
1.36228
1.35195
1.35048
1.36123
1.40937
1.45546
1.48471
1.50725
1.52219
1.52661
1.51336
1.498
1.48531
1.46545
1.43609
1.39938
1.36499
1.34453
1.33856
1.34002
1.36831
1.47687
1.5632
1.58785
1.59185
1.58758
1.56735
1.54118
1.52096
1.5015
1.478
1.44933
1.4196
1.3899
1.36674
1.36226
1.36836
1.37782
1.41007
1.47653
1.51463
1.51602
1.50656
1.47328
1.54909
5.54499
41.2993
1.30931
1.29567
1.288
1.27393
1.23725
1.19644
1.17573
1.16996
1.1713
1.17629
1.19456
1.25077
1.33425
1.37918
1.39403
1.39548
1.38944
1.37825
1.36007
1.34135
1.33106
1.32723
1.32117
1.3101
1.30124
1.29498
1.29235
1.29456
1.2968
1.30005
1.30652
1.3215
1.35999
1.40892
1.43221
1.44065
1.44358
1.43495
1.40292
1.37537
1.3626
1.35804
1.35699
1.35614
1.35779
1.38039
1.41728
1.43876
1.44824
1.45407
1.44907
1.41222
1.37672
1.3628
1.36089
1.37836
1.42319
1.4545
1.46986
1.48219
1.49471
1.50016
1.49819
1.49929
1.49109
1.47412
1.45675
1.42672
1.38155
1.35183
1.34477
1.34589
1.37938
1.4842
1.54966
1.56627
1.5687
1.56671
1.55353
1.54079
1.52899
1.51538
1.49736
1.47487
1.45018
1.42162
1.3915
1.37756
1.37671
1.37817
1.38221
1.41337
1.46144
1.47579
1.47174
1.4504
1.582
5.68365
41.4695
1.30876
1.30563
1.30141
1.29834
1.27613
1.22444
1.18815
1.1751
1.17405
1.17697
1.18765
1.24004
1.31151
1.35212
1.36786
1.36894
1.36073
1.35597
1.35004
1.34612
1.35017
1.35427
1.34836
1.33197
1.31812
1.30964
1.30238
1.29205
1.28038
1.2759
1.27744
1.28853
1.33355
1.40196
1.44477
1.46339
1.47169
1.47295
1.44665
1.40493
1.3779
1.36333
1.35501
1.34944
1.34743
1.35032
1.37685
1.4159
1.43741
1.44621
1.44587
1.42299
1.39869
1.38699
1.38495
1.4076
1.44016
1.45571
1.46417
1.47194
1.47631
1.46924
1.46756
1.47651
1.48122
1.47467
1.46156
1.44026
1.39952
1.3687
1.36294
1.36507
1.4058
1.50109
1.54829
1.55572
1.5546
1.54745
1.53513
1.53112
1.52653
1.51403
1.50021
1.48494
1.46739
1.44486
1.41965
1.40591
1.39889
1.38998
1.38284
1.38737
1.42249
1.44482
1.44842
1.43623
1.57719
5.81345
41.5569
1.2959
1.30879
1.31297
1.31747
1.31534
1.26932
1.20821
1.18265
1.17951
1.18398
1.20928
1.26321
1.29907
1.31702
1.32584
1.32012
1.31727
1.32147
1.33131
1.34738
1.36055
1.37161
1.37933
1.37496
1.35934
1.34075
1.31406
1.28455
1.2635
1.25611
1.25525
1.2581
1.28868
1.37721
1.44504
1.47117
1.48404
1.49367
1.49259
1.45431
1.40523
1.37268
1.35429
1.34686
1.34442
1.34401
1.34938
1.37487
1.40431
1.42114
1.42785
1.41757
1.40714
1.40698
1.41792
1.44666
1.46209
1.46587
1.46837
1.47276
1.47117
1.45647
1.44675
1.44753
1.45445
1.45957
1.45686
1.43926
1.40372
1.38383
1.38348
1.38765
1.43534
1.5277
1.56013
1.55905
1.55513
1.54127
1.5223
1.51497
1.51361
1.50746
1.49868
1.48623
1.47007
1.44876
1.42347
1.4112
1.40746
1.40088
1.39484
1.39937
1.4296
1.44444
1.44458
1.43446
1.58255
5.85157
41.5741
1.26447
1.30027
1.30785
1.31263
1.31493
1.30327
1.25232
1.21568
1.20734
1.21375
1.24937
1.28594
1.29952
1.30297
1.28925
1.27048
1.2695
1.27548
1.29418
1.33192
1.36158
1.37951
1.39577
1.40732
1.40979
1.38611
1.32988
1.27794
1.25407
1.24435
1.24152
1.24128
1.25271
1.3293
1.42669
1.47123
1.48864
1.50041
1.50875
1.49469
1.44718
1.40234
1.37039
1.35182
1.34399
1.34206
1.34408
1.35513
1.37165
1.38725
1.39801
1.40151
1.40499
1.41221
1.44634
1.47428
1.48288
1.48539
1.48532
1.48421
1.47311
1.45582
1.44409
1.43886
1.43495
1.43384
1.43433
1.42616
1.39986
1.389
1.39288
1.39928
1.44856
1.54491
1.57962
1.57697
1.56777
1.54023
1.5117
1.50715
1.50806
1.50221
1.49465
1.48101
1.46666
1.44631
1.42007
1.40735
1.40397
1.40468
1.40914
1.43502
1.45353
1.45332
1.44835
1.43499
1.59565
5.8083
41.4928
1.20759
1.26948
1.29529
1.30635
1.31329
1.31695
1.29555
1.2616
1.2488
1.25952
1.28925
1.3004
1.30259
1.29814
1.26719
1.24131
1.23424
1.23525
1.2469
1.29097
1.34478
1.38051
1.40272
1.41935
1.42981
1.42318
1.36037
1.28902
1.25358
1.24055
1.2362
1.23483
1.24118
1.29554
1.38817
1.45236
1.48492
1.50127
1.51134
1.50499
1.46895
1.42975
1.39619
1.36801
1.35042
1.34388
1.3444
1.35108
1.36275
1.37181
1.37673
1.37955
1.38808
1.41394
1.46146
1.48039
1.48366
1.48616
1.48418
1.47948
1.47376
1.4613
1.44807
1.44035
1.43421
1.42677
1.41969
1.40403
1.38688
1.38829
1.39466
1.40373
1.45365
1.55134
1.58481
1.57901
1.56006
1.54179
1.52173
1.51354
1.51023
1.50196
1.48812
1.47296
1.45853
1.43352
1.39899
1.38515
1.38936
1.39914
1.44214
1.49756
1.4993
1.47943
1.4676
1.44186
1.61651
5.72418
41.4086
1.1609
1.20185
1.26541
1.29921
1.31207
1.31793
1.3093
1.29783
1.29906
1.32012
1.33056
1.32921
1.3228
1.29785
1.25913
1.23352
1.22285
1.21999
1.22414
1.25396
1.31182
1.36607
1.40031
1.41996
1.43136
1.4261
1.37184
1.30832
1.26728
1.24519
1.23606
1.23428
1.2398
1.29008
1.37308
1.42954
1.46611
1.49009
1.50354
1.50444
1.4707
1.4332
1.40579
1.38308
1.36482
1.35462
1.35187
1.35395
1.36228
1.37033
1.37463
1.37819
1.38471
1.4227
1.46462
1.47562
1.47947
1.47958
1.47053
1.46749
1.47095
1.47206
1.4635
1.45118
1.43902
1.42935
1.41876
1.3952
1.37735
1.38077
1.38937
1.3996
1.44404
1.53412
1.57165
1.56614
1.55542
1.55189
1.55091
1.53825
1.5221
1.50565
1.48741
1.47134
1.45471
1.42295
1.37442
1.35501
1.36363
1.38591
1.46544
1.54208
1.54468
1.52031
1.49897
1.45654
1.61596
5.67614
41.3899
1.14908
1.15556
1.19822
1.25523
1.28764
1.30099
1.30722
1.31715
1.348
1.36445
1.36347
1.35916
1.34679
1.30518
1.25804
1.23186
1.22003
1.21645
1.22034
1.24774
1.30462
1.35387
1.38597
1.40982
1.42437
1.42091
1.36915
1.31651
1.28376
1.2598
1.2439
1.23874
1.24197
1.29099
1.37712
1.42972
1.45475
1.47167
1.48358
1.48717
1.46396
1.43009
1.40322
1.38313
1.37047
1.36417
1.36194
1.36252
1.36795
1.37533
1.37948
1.38328
1.39524
1.43554
1.46178
1.46497
1.465
1.46097
1.44721
1.44975
1.45969
1.46788
1.47178
1.4671
1.4518
1.43724
1.42125
1.3957
1.38004
1.38309
1.38985
1.40261
1.44239
1.49885
1.53472
1.54349
1.54317
1.54902
1.56005
1.55959
1.54196
1.51646
1.49279
1.47548
1.45771
1.42702
1.37378
1.34137
1.34198
1.35691
1.44871
1.54394
1.55071
1.52751
1.50662
1.46551
1.58236
5.69376
41.3921
1.14866
1.15301
1.1659
1.19337
1.23315
1.26773
1.29823
1.33713
1.37862
1.39395
1.39244
1.3852
1.3658
1.31719
1.26621
1.23766
1.22478
1.22116
1.22529
1.25215
1.31365
1.36439
1.3892
1.40291
1.41167
1.40241
1.35663
1.31471
1.28489
1.26444
1.25116
1.24568
1.24846
1.29923
1.38951
1.43864
1.45861
1.47128
1.47953
1.47498
1.44447
1.41562
1.39547
1.37944
1.36797
1.36218
1.36046
1.36197
1.36934
1.37889
1.38677
1.39247
1.41462
1.45289
1.46363
1.46122
1.45902
1.44588
1.42226
1.42446
1.43685
1.45335
1.46718
1.4694
1.46216
1.45072
1.43563
1.40683
1.38802
1.39007
1.3964
1.41522
1.45138
1.4799
1.49324
1.50056
1.5117
1.52902
1.54588
1.55866
1.55375
1.53508
1.50823
1.48688
1.4675
1.43743
1.38438
1.34929
1.34403
1.34461
1.39512
1.51027
1.53539
1.51451
1.49333
1.46289
1.57433
5.72385
41.4372
1.15668
1.15893
1.16619
1.17602
1.18749
1.20595
1.24225
1.31485
1.37613
1.40009
1.4047
1.40393
1.38647
1.33554
1.2815
1.24914
1.23297
1.22709
1.2291
1.25385
1.32025
1.37509
1.39817
1.4078
1.41295
1.39512
1.34249
1.30144
1.27657
1.26011
1.2488
1.24447
1.24748
1.29968
1.39867
1.45319
1.47331
1.48354
1.48904
1.47823
1.44058
1.40403
1.38148
1.36786
1.35912
1.35484
1.35334
1.35479
1.36286
1.37326
1.38277
1.39196
1.4266
1.47264
1.48148
1.47676
1.46967
1.44914
1.41734
1.40769
1.41364
1.42223
1.44019
1.45335
1.45333
1.44874
1.43964
1.41855
1.40311
1.40734
1.41608
1.44223
1.4766
1.48958
1.49059
1.4838
1.47929
1.48788
1.50959
1.53422
1.54206
1.53284
1.51045
1.49195
1.4766
1.45085
1.40055
1.36444
1.35349
1.34947
1.37931
1.46946
1.49806
1.47979
1.45813
1.43779
1.59376
5.78394
41.6495
)
;

boundaryField
{
    back
    {
        type            empty;
    }
    outlet
    {
        type            calculated;
        value           nonuniform List<scalar> 
99
(
1.2403
1.22022
1.19132
1.15803
1.15242
1.16099
1.20084
1.25378
1.29007
1.28199
1.26602
1.25749
1.27807
1.2923
1.31069
1.33842
1.3413
1.31283
1.26117
1.20327
1.1592
1.13353
1.12712
1.1297
1.14659
1.16043
1.17112
1.17996
1.20323
1.20816
1.19919
1.15901
1.12221
1.10518
1.10942
1.13174
1.17915
1.2414
1.28085
1.28628
1.26599
1.21694
1.20587
1.22058
1.23733
1.23766
1.20844
1.18008
1.17288
1.18636
1.22341
1.27486
1.29256
1.28786
1.24909
1.19589
1.19652
1.20787
1.2219
1.2378
1.25908
1.28787
1.34131
1.40871
1.42674
1.41132
1.38747
1.32952
1.24836
1.19869
1.19238
1.19608
1.20987
1.22637
1.24491
1.26826
1.30251
1.35099
1.40298
1.41845
1.41233
1.39168
1.34087
1.26891
1.23087
1.23394
1.24274
1.25062
1.26441
1.28409
1.30724
1.30795
1.29593
1.26741
1.21308
1.16252
1.14919
1.14885
1.1566
)
;
    }
    top
    {
        type            calculated;
        value           nonuniform List<scalar> 
99
(
1.15668
1.15893
1.16619
1.17602
1.18749
1.20595
1.24225
1.31485
1.37613
1.40009
1.4047
1.40393
1.38647
1.33554
1.2815
1.24914
1.23297
1.22709
1.2291
1.25385
1.32025
1.37509
1.39817
1.4078
1.41295
1.39512
1.34249
1.30144
1.27657
1.26011
1.2488
1.24447
1.24748
1.29968
1.39867
1.45319
1.47331
1.48354
1.48904
1.47823
1.44058
1.40403
1.38148
1.36786
1.35912
1.35484
1.35334
1.35479
1.36286
1.37326
1.38277
1.39196
1.4266
1.47264
1.48148
1.47676
1.46967
1.44914
1.41734
1.40769
1.41364
1.42223
1.44019
1.45335
1.45333
1.44874
1.43964
1.41855
1.40311
1.40734
1.41608
1.44223
1.4766
1.48958
1.49059
1.4838
1.47929
1.48788
1.50959
1.53422
1.54206
1.53284
1.51045
1.49195
1.4766
1.45085
1.40055
1.36444
1.35349
1.34947
1.37931
1.46946
1.49806
1.47979
1.45813
1.43779
1.59376
5.78394
41.6495
)
;
    }
    inlet
    {
        type            calculated;
        value           uniform 1.40001;
    }
    bottom
    {
        type            calculated;
        value           nonuniform List<scalar> 
99
(
1.23599
1.29649
1.32471
1.34188
1.34649
1.33731
1.30467
1.26243
1.24171
1.24214
1.25529
1.30005
1.36727
1.40133
1.41209
1.41537
1.39885
1.36403
1.33827
1.33385
1.34055
1.3895
1.48234
1.54482
1.56887
1.57938
1.5848
1.56605
1.50011
1.41382
1.34535
1.31432
1.30809
1.30963
1.31507
1.35521
1.51705
1.67758
1.72956
1.74542
1.74884
1.70922
1.60125
1.46883
1.38744
1.36041
1.35777
1.3615
1.37254
1.41691
1.57888
1.77294
1.84932
1.87385
1.88353
1.86028
1.78607
1.66992
1.55952
1.50044
1.48281
1.48377
1.49214
1.52532
1.67624
1.90416
2.00282
2.0308
2.04134
2.0037
1.883
1.74632
1.68473
1.67781
1.68589
1.70365
1.758
1.87881
1.99123
2.05511
2.09435
2.12588
2.14546
2.11721
2.0803
2.07931
2.10461
2.13987
2.19289
2.2957
2.40707
2.48743
2.55131
2.62591
2.66177
2.61836
2.49416
5.71054
40.7043
)
;
    }
    front
    {
        type            empty;
    }
}


// ************************************************************************* //
