/*--------------------------------*- C++ -*----------------------------------*\
  =========                 |
  \\      /  F ield         | OpenFOAM: The Open Source CFD Toolbox
   \\    /   O peration     | Website:  https://openfoam.org
    \\  /    A nd           | Version:  12
     \\/     M anipulation  |
\*---------------------------------------------------------------------------*/
FoamFile
{
    format      ascii;
    class       volScalarField;
    location    "15.7";
    object      T;
}
// * * * * * * * * * * * * * * * * * * * * * * * * * * * * * * * * * * * * * //

dimensions      [0 0 0 1 0 0 0];

internalField   nonuniform List<scalar> 
9801
(
0.818743
0.818979
0.819823
0.821419
0.825216
0.83082
0.833879
0.834994
0.835398
0.834853
0.834574
0.834834
0.83547
0.836279
0.83746
0.840081
0.845309
0.849204
0.8507
0.851365
0.851203
0.851169
0.851631
0.852322
0.853143
0.85415
0.855827
0.859768
0.864211
0.866556
0.867714
0.868342
0.86837
0.868671
0.86918
0.869924
0.870906
0.872048
0.874223
0.879306
0.883484
0.88544
0.886463
0.886886
0.886188
0.886087
0.886611
0.887465
0.888611
0.89012
0.894401
0.900721
0.904028
0.90545
0.906151
0.904894
0.903721
0.903808
0.904597
0.905797
0.907529
0.911507
0.918867
0.923545
0.92549
0.926659
0.925683
0.922506
0.921738
0.922595
0.924085
0.926273
0.931609
0.940546
0.946165
0.948752
0.950344
0.948994
0.944245
0.94193
0.942685
0.945179
0.949303
0.960347
0.970902
0.976143
0.979136
0.981336
0.979528
0.972318
0.968565
0.970523
0.976339
0.993342
1.01453
1.03107
1.03888
1.13534
1.53943
0.822624
0.823247
0.824176
0.825835
0.829539
0.833203
0.835849
0.83765
0.838856
0.83936
0.838514
0.838375
0.839054
0.83999
0.841088
0.843143
0.84761
0.851441
0.853588
0.854968
0.855858
0.855148
0.85445
0.85502
0.855969
0.857066
0.858346
0.861414
0.866573
0.86965
0.871202
0.872333
0.872647
0.871304
0.871164
0.872044
0.873237
0.874494
0.876307
0.881199
0.885972
0.888266
0.889622
0.890576
0.88931
0.887798
0.888242
0.889424
0.890823
0.892388
0.896431
0.902647
0.9062
0.907987
0.909211
0.908523
0.905744
0.905296
0.906379
0.907863
0.909606
0.913458
0.920889
0.925625
0.927793
0.929255
0.929157
0.925325
0.923734
0.924776
0.92655
0.92883
0.93419
0.943048
0.948495
0.95117
0.953
0.953501
0.948344
0.944756
0.946139
0.94863
0.952721
0.962262
0.972164
0.977903
0.981743
0.985308
0.985644
0.97852
0.973865
0.976561
0.982295
0.993405
1.01046
1.02607
1.03494
1.13672
1.561
0.826585
0.827647
0.828767
0.830642
0.834331
0.837439
0.839443
0.841076
0.842346
0.843201
0.842997
0.842839
0.843424
0.844395
0.845561
0.847437
0.851536
0.855181
0.857329
0.858836
0.859977
0.860018
0.8592
0.859363
0.860079
0.861105
0.862311
0.865004
0.870151
0.873599
0.875445
0.876831
0.877597
0.876434
0.875681
0.876194
0.877203
0.878429
0.880129
0.884769
0.889809
0.892414
0.894035
0.895268
0.894464
0.892629
0.892797
0.89382
0.895197
0.896772
0.900534
0.906701
0.910423
0.912429
0.913942
0.91393
0.911241
0.910236
0.911175
0.912792
0.914671
0.918281
0.92547
0.930357
0.932774
0.934532
0.935324
0.932281
0.930013
0.930721
0.932564
0.934889
0.939575
0.947988
0.954028
0.957416
0.959995
0.961755
0.957902
0.953251
0.953811
0.956649
0.960246
0.967695
0.979276
0.987489
0.992239
0.996227
0.997992
0.992768
0.988166
0.989605
0.995553
1.00411
1.01995
1.03752
1.0481
1.15605
1.58458
0.831993
0.83339
0.834547
0.836677
0.840186
0.842946
0.844758
0.846202
0.847415
0.848488
0.849077
0.848758
0.84913
0.850076
0.851287
0.853077
0.857126
0.860915
0.86307
0.864518
0.865656
0.866481
0.865664
0.86505
0.865604
0.866708
0.868103
0.870848
0.876148
0.879906
0.88186
0.883227
0.884234
0.883355
0.881778
0.881944
0.882935
0.884339
0.886347
0.89111
0.896471
0.899311
0.900997
0.902317
0.901947
0.899809
0.899455
0.900359
0.901769
0.903536
0.907357
0.913745
0.91783
0.919997
0.92162
0.922281
0.919809
0.918162
0.918932
0.920583
0.922575
0.926037
0.933176
0.938731
0.941573
0.943593
0.945155
0.943101
0.939667
0.939735
0.941669
0.944184
0.948106
0.956494
0.96386
0.967917
0.970836
0.973232
0.9717
0.966313
0.964815
0.967487
0.971262
0.9769
0.988016
0.998369
1.00443
1.00893
1.01272
1.01089
1.00599
1.00447
1.00878
1.01623
1.02795
1.04388
1.05329
1.17769
1.60645
0.838011
0.839566
0.840744
0.84317
0.846726
0.849317
0.851107
0.852503
0.853661
0.85478
0.855481
0.855142
0.855577
0.856584
0.857824
0.85971
0.863848
0.867588
0.869802
0.871264
0.872394
0.873392
0.872736
0.871929
0.872575
0.873763
0.875211
0.877999
0.883328
0.887154
0.889154
0.89046
0.891456
0.890969
0.889361
0.889564
0.890716
0.892179
0.894135
0.89874
0.904208
0.907232
0.908976
0.9103
0.910584
0.908554
0.90786
0.908807
0.910274
0.912002
0.915483
0.921781
0.926254
0.928686
0.930453
0.931757
0.930183
0.927679
0.927962
0.92958
0.931561
0.934487
0.941242
0.947712
0.951191
0.953516
0.955557
0.955488
0.95156
0.949658
0.951089
0.953609
0.956855
0.964123
0.973166
0.978468
0.981705
0.984554
0.985783
0.980934
0.976518
0.977113
0.980907
0.985652
0.994508
1.00635
1.01473
1.02025
1.02495
1.02666
1.02243
1.01891
1.01869
1.02356
1.03201
1.04515
1.05306
1.18989
1.61919
0.844162
0.84579
0.847387
0.850416
0.854148
0.856407
0.857875
0.859155
0.860352
0.861574
0.86184
0.861756
0.862512
0.863623
0.864973
0.8674
0.871517
0.874613
0.87656
0.878077
0.879397
0.880482
0.879865
0.87948
0.880223
0.881415
0.882874
0.885867
0.890941
0.894373
0.896325
0.897739
0.898972
0.898957
0.897509
0.897647
0.898743
0.90019
0.902054
0.906364
0.911739
0.914904
0.916835
0.918346
0.919378
0.917815
0.916123
0.916704
0.918127
0.919861
0.922859
0.929116
0.934279
0.937136
0.939151
0.940885
0.940913
0.937653
0.936121
0.937178
0.939086
0.94162
0.947673
0.955426
0.959883
0.962499
0.964717
0.966259
0.963326
0.959139
0.95874
0.960979
0.963889
0.969321
0.979158
0.986638
0.990696
0.993569
0.995877
0.993489
0.987523
0.985531
0.98767
0.991609
0.997499
1.00806
1.01819
1.02491
1.0301
1.03473
1.03463
1.03018
1.02693
1.02741
1.0312
1.04132
1.04995
1.19761
1.62631
0.849745
0.851156
0.852828
0.856308
0.860941
0.86352
0.864841
0.865989
0.867085
0.867898
0.867238
0.867093
0.868041
0.869439
0.871147
0.87437
0.87901
0.881756
0.883311
0.884579
0.885803
0.886455
0.885428
0.885245
0.886276
0.88776
0.889522
0.893027
0.898125
0.901176
0.902834
0.904158
0.905452
0.905786
0.904214
0.903921
0.905038
0.906588
0.908543
0.9128
0.91829
0.921563
0.923528
0.925128
0.926573
0.926168
0.923564
0.922923
0.9241
0.925857
0.928549
0.934659
0.940762
0.94398
0.946026
0.947791
0.948953
0.946403
0.943159
0.94295
0.944643
0.94691
0.951645
0.960128
0.966165
0.969209
0.971364
0.973273
0.972239
0.967179
0.965039
0.966236
0.968827
0.972394
0.980513
0.990251
0.995888
0.999309
1.0021
1.00311
0.998193
0.993291
0.992494
0.994965
0.998981
1.00634
1.01721
1.02603
1.03228
1.03724
1.04059
1.03912
1.0347
1.03083
1.03062
1.03555
1.0446
1.20142
1.63074
0.855219
0.855999
0.857116
0.859576
0.865272
0.869665
0.871455
0.872414
0.873353
0.873805
0.873114
0.872314
0.872671
0.873854
0.875404
0.878642
0.884301
0.888114
0.889636
0.890703
0.891792
0.892336
0.891422
0.890496
0.891039
0.892379
0.894049
0.897455
0.903065
0.906831
0.908592
0.909899
0.911234
0.912021
0.910553
0.909304
0.909771
0.911111
0.912854
0.916666
0.922827
0.926849
0.928915
0.930497
0.932007
0.932579
0.929919
0.928056
0.928519
0.930072
0.932246
0.937518
0.944766
0.949003
0.951131
0.952778
0.954166
0.953043
0.948997
0.947675
0.948743
0.950725
0.95376
0.961274
0.969341
0.973506
0.975879
0.977826
0.978569
0.974574
0.970489
0.970056
0.971975
0.974604
0.979294
0.989361
0.997931
1.00257
1.00585
1.00861
1.00787
1.00118
0.997132
0.997515
1.00035
1.00464
1.01302
1.02329
1.03095
1.03656
1.04121
1.04337
1.04178
1.0368
1.03154
1.0316
1.03605
1.20287
1.63317
0.860252
0.860573
0.861465
0.862804
0.867146
0.873189
0.876056
0.877555
0.878743
0.879412
0.878548
0.877259
0.877175
0.877944
0.879092
0.880955
0.886369
0.891847
0.89446
0.895928
0.897118
0.897814
0.896803
0.895384
0.895296
0.896101
0.897332
0.899381
0.904934
0.910373
0.913129
0.914754
0.916147
0.917246
0.916218
0.913965
0.91348
0.914324
0.915729
0.918348
0.924729
0.930262
0.93301
0.934681
0.936151
0.937135
0.935208
0.932342
0.932098
0.933287
0.934977
0.938358
0.945944
0.951764
0.954519
0.956269
0.957825
0.958105
0.954527
0.951826
0.952033
0.953612
0.95566
0.960126
0.969281
0.975701
0.97886
0.98098
0.982774
0.981584
0.976212
0.973467
0.973819
0.975975
0.978759
0.985423
0.996493
1.00397
1.008
1.01092
1.01303
1.01037
1.00385
1.00091
1.00165
1.00449
1.00929
1.01825
1.02757
1.03428
1.03935
1.04368
1.04483
1.04298
1.03703
1.03087
1.02746
1.20102
1.63472
0.864685
0.864592
0.86544
0.866467
0.868923
0.874584
0.878839
0.880877
0.882235
0.883322
0.88375
0.882097
0.881153
0.881652
0.882601
0.883755
0.886999
0.893351
0.897276
0.899208
0.900613
0.901807
0.901941
0.899888
0.898901
0.899309
0.900257
0.90152
0.905157
0.911803
0.915869
0.917942
0.919464
0.920774
0.920959
0.918199
0.916676
0.917075
0.918238
0.919879
0.924706
0.931723
0.935596
0.9376
0.939129
0.940437
0.939799
0.936396
0.935129
0.935773
0.93717
0.939099
0.944838
0.952599
0.956719
0.958912
0.960615
0.962034
0.960195
0.955994
0.954765
0.955432
0.957152
0.959543
0.966507
0.975867
0.980908
0.983687
0.985728
0.987097
0.98329
0.97754
0.976037
0.977093
0.979389
0.982491
0.990703
1.00174
1.0082
1.0118
1.01479
1.01678
1.01344
1.00671
1.00405
1.00512
1.00821
1.01361
1.02272
1.03086
1.03673
1.04158
1.04534
1.04568
1.04266
1.0346
1.0242
1.19538
1.63575
0.86862
0.868198
0.868823
0.869768
0.871402
0.875753
0.880148
0.882712
0.884379
0.885728
0.886887
0.886718
0.884832
0.884699
0.885518
0.886556
0.888433
0.893544
0.898409
0.90104
0.902778
0.904176
0.905282
0.904481
0.902125
0.901905
0.902734
0.903874
0.90596
0.911867
0.917251
0.919911
0.921594
0.922979
0.924011
0.922416
0.91964
0.919532
0.920501
0.921814
0.924446
0.931456
0.937005
0.939638
0.941314
0.942759
0.943509
0.940733
0.937851
0.937734
0.93876
0.940324
0.943354
0.951516
0.958193
0.961256
0.963099
0.964656
0.964896
0.960654
0.957045
0.956859
0.958231
0.960148
0.963603
0.972962
0.981457
0.985389
0.987699
0.989615
0.990198
0.984937
0.979732
0.978708
0.979717
0.98197
0.985883
0.995732
1.00639
1.01244
1.01597
1.01882
1.01971
1.0156
1.00953
1.00723
1.00839
1.01167
1.01771
1.02691
1.03418
1.03926
1.04364
1.04595
1.04562
1.03962
1.02702
1.18874
1.63674
0.870999
0.871208
0.871828
0.872757
0.874081
0.877738
0.881716
0.884225
0.886028
0.887524
0.888838
0.889619
0.888225
0.887426
0.887998
0.888986
0.890384
0.894372
0.899331
0.902322
0.904285
0.905841
0.907179
0.907761
0.905496
0.904299
0.904912
0.905987
0.907467
0.911877
0.917956
0.921288
0.923166
0.924644
0.925954
0.925945
0.922991
0.92176
0.922413
0.923592
0.925169
0.930182
0.937456
0.941253
0.943197
0.944682
0.945987
0.945115
0.94108
0.939589
0.940305
0.94172
0.943504
0.948828
0.957757
0.962743
0.965111
0.966745
0.968213
0.966625
0.961251
0.959019
0.959479
0.961061
0.96312
0.968194
0.978813
0.985969
0.989319
0.991793
0.993931
0.993119
0.986047
0.98134
0.981117
0.982774
0.985383
0.989894
1.00017
1.00997
1.01538
1.01873
1.02154
1.02248
1.01832
1.01225
1.00998
1.01124
1.01467
1.0214
1.0304
1.03684
1.0415
1.04506
1.04631
1.04356
1.03333
1.18351
1.63774
0.87274
0.872952
0.873687
0.874765
0.876468
0.880267
0.883665
0.885996
0.887772
0.889243
0.890504
0.891473
0.89067
0.889748
0.890224
0.891208
0.892477
0.895791
0.900837
0.903935
0.905883
0.907419
0.908751
0.909762
0.908527
0.906723
0.906946
0.907897
0.909134
0.912123
0.918365
0.922598
0.924739
0.926304
0.927673
0.928598
0.926568
0.924065
0.924077
0.925104
0.926498
0.929216
0.936523
0.942327
0.944925
0.946503
0.947878
0.948649
0.945602
0.942274
0.942106
0.943175
0.944656
0.947042
0.954738
0.962866
0.966491
0.968547
0.970224
0.971372
0.967949
0.962618
0.961186
0.961821
0.963511
0.965925
0.97312
0.984264
0.990377
0.993142
0.995057
0.996724
0.995158
0.988457
0.98466
0.984564
0.985897
0.988405
0.993572
1.00414
1.01324
1.01847
1.02183
1.02445
1.02477
1.02053
1.01461
1.01233
1.01355
1.01699
1.0243
1.03307
1.039
1.04319
1.04559
1.04538
1.03988
1.18151
1.63903
0.874336
0.874441
0.875147
0.876233
0.877766
0.881669
0.885782
0.887951
0.889582
0.890972
0.892194
0.893239
0.892689
0.89165
0.892013
0.892954
0.894141
0.896751
0.902082
0.905741
0.907658
0.909162
0.910455
0.911587
0.911166
0.909004
0.908676
0.909492
0.910702
0.912657
0.918291
0.923849
0.926521
0.928109
0.92945
0.930654
0.930036
0.926823
0.925849
0.926616
0.927876
0.929465
0.934442
0.942292
0.946367
0.948365
0.949867
0.951324
0.950731
0.946283
0.944085
0.944296
0.945451
0.947151
0.951226
0.960696
0.967429
0.970406
0.972401
0.974074
0.974215
0.968783
0.964052
0.963468
0.964588
0.966386
0.969054
0.977396
0.988023
0.993141
0.995968
0.998618
1.00061
0.998126
0.990741
0.986949
0.987096
0.988861
0.991612
0.99727
1.00772
1.01606
1.02094
1.02425
1.02671
1.02689
1.02245
1.01642
1.01405
1.01516
1.01846
1.02611
1.03464
1.0402
1.044
1.04536
1.04466
1.18364
1.64083
0.876056
0.875928
0.876472
0.877469
0.878687
0.881874
0.887187
0.890298
0.891724
0.892957
0.894102
0.895133
0.89478
0.893411
0.893441
0.894258
0.895416
0.897241
0.902392
0.907455
0.909781
0.911138
0.912335
0.91345
0.913626
0.911343
0.910328
0.91094
0.912089
0.913529
0.917455
0.924364
0.928285
0.930077
0.931392
0.932637
0.933238
0.930561
0.928126
0.928109
0.928987
0.930347
0.93283
0.940369
0.947309
0.950348
0.95211
0.953526
0.954455
0.951435
0.946745
0.945633
0.946484
0.948064
0.95004
0.956077
0.966046
0.971348
0.973681
0.975304
0.977013
0.976613
0.970689
0.966679
0.966091
0.966721
0.968405
0.97159
0.981516
0.992404
0.99751
0.999939
1.00197
1.00331
1.0003
0.993436
0.990016
0.990094
0.991704
0.994485
1.0009
1.01122
1.01876
1.02326
1.02644
1.02865
1.02874
1.02409
1.01768
1.0151
1.01603
1.01908
1.02695
1.03546
1.04112
1.04378
1.04735
1.18971
1.64329
0.878146
0.877491
0.877795
0.878638
0.879731
0.881559
0.887052
0.892105
0.894288
0.895351
0.896369
0.897303
0.897153
0.895389
0.894827
0.895394
0.896501
0.89787
0.901536
0.908152
0.911844
0.913373
0.914459
0.915513
0.916135
0.91426
0.912307
0.91241
0.913337
0.914584
0.916612
0.923032
0.929363
0.932151
0.933589
0.934821
0.93597
0.934958
0.93109
0.929594
0.93009
0.931299
0.932872
0.937298
0.946244
0.95168
0.954056
0.955571
0.956879
0.95681
0.95203
0.948422
0.948243
0.94916
0.950602
0.952884
0.960617
0.970117
0.974601
0.97716
0.979225
0.980881
0.978986
0.972
0.968198
0.968168
0.969434
0.971304
0.974716
0.985009
0.995243
0.999764
1.00233
1.00486
1.0066
1.00329
0.995956
0.992428
0.992643
0.994506
0.997496
1.00433
1.01421
1.02113
1.02545
1.02852
1.03057
1.03049
1.02516
1.01834
1.01557
1.01618
1.01895
1.02722
1.03605
1.04118
1.04787
1.19816
1.64629
0.880987
0.879468
0.879264
0.879963
0.880957
0.882134
0.885402
0.892362
0.896401
0.898017
0.898929
0.899755
0.899954
0.898067
0.896546
0.896796
0.8977
0.898881
0.900632
0.906625
0.9129
0.915582
0.916826
0.917865
0.918784
0.917965
0.915069
0.914032
0.914429
0.915469
0.916853
0.920521
0.928641
0.933676
0.935824
0.937059
0.938223
0.938754
0.935422
0.931888
0.931597
0.932586
0.933939
0.935765
0.942223
0.951022
0.955135
0.957212
0.958756
0.960187
0.959172
0.953586
0.950469
0.950282
0.951122
0.952668
0.955729
0.965283
0.974619
0.978592
0.980515
0.982021
0.983641
0.981408
0.974559
0.971227
0.970933
0.971634
0.973367
0.977285
0.988365
0.998658
1.00344
1.00593
1.00795
1.00881
1.00541
0.998737
0.995245
0.995141
0.996742
0.999716
1.00739
1.01729
1.02383
1.02774
1.03038
1.03209
1.03178
1.02614
1.01888
1.01558
1.01571
1.01825
1.02738
1.03598
1.04591
1.20759
1.64941
0.884679
0.882995
0.881224
0.881533
0.882409
0.883474
0.884964
0.890445
0.896972
0.899861
0.90134
0.902331
0.903088
0.90217
0.899383
0.898526
0.899125
0.90011
0.901258
0.904212
0.911898
0.916956
0.919058
0.920225
0.921247
0.921701
0.919043
0.916089
0.91585
0.916721
0.917917
0.91953
0.925328
0.933481
0.937195
0.938986
0.940182
0.941382
0.9407
0.936174
0.933846
0.933992
0.934804
0.936132
0.938708
0.947129
0.955257
0.958762
0.960777
0.962397
0.9636
0.960917
0.954679
0.952138
0.952509
0.953713
0.955265
0.958784
0.969061
0.977515
0.981122
0.983693
0.9858
0.987181
0.98372
0.976144
0.972682
0.972906
0.974361
0.976368
0.980258
0.990969
1.0008
1.00531
1.00781
1.01008
1.01151
1.00833
1.00114
0.997186
0.996984
0.998717
1.00196
1.0102
1.01989
1.02598
1.02961
1.03208
1.03364
1.03303
1.02708
1.0192
1.01499
1.01443
1.01734
1.02715
1.04058
1.21637
1.65185
0.88729
0.88793
0.884756
0.883516
0.884005
0.88495
0.886029
0.888724
0.895793
0.900671
0.90274
0.904121
0.905299
0.906077
0.904035
0.901049
0.90071
0.901517
0.902603
0.903966
0.909012
0.916771
0.920438
0.922219
0.923424
0.924485
0.923921
0.919918
0.917894
0.918244
0.919212
0.920336
0.922562
0.930332
0.937573
0.940523
0.942219
0.943489
0.944497
0.942146
0.937135
0.935402
0.935906
0.937067
0.938547
0.942193
0.951855
0.959006
0.961859
0.963496
0.964962
0.966225
0.962978
0.956908
0.954791
0.954811
0.955661
0.957288
0.961696
0.973066
0.981609
0.984947
0.986661
0.988093
0.989453
0.986301
0.979192
0.976043
0.975858
0.976531
0.978242
0.982536
0.993804
1.0036
1.00821
1.01063
1.01258
1.0135
1.01056
1.00364
0.999356
0.998744
1.00009
1.00337
1.01235
1.02228
1.02824
1.03147
1.0335
1.03479
1.03404
1.02809
1.01917
1.01352
1.01254
1.01612
1.032
1.22236
1.6532
0.888483
0.890317
0.889344
0.886468
0.88586
0.886546
0.887526
0.888921
0.893756
0.90053
0.903766
0.905409
0.906681
0.907861
0.90825
0.905223
0.902896
0.903107
0.904065
0.905169
0.907253
0.91431
0.92079
0.923401
0.924932
0.926204
0.927256
0.925459
0.921201
0.919918
0.920426
0.92143
0.922689
0.926343
0.935357
0.94138
0.94388
0.945493
0.94678
0.947328
0.943269
0.938552
0.937666
0.938412
0.939478
0.940929
0.945564
0.955784
0.962052
0.96477
0.966805
0.968524
0.969235
0.96449
0.958094
0.956268
0.95704
0.95846
0.960067
0.964384
0.975581
0.983362
0.986663
0.989245
0.991412
0.992658
0.988878
0.981243
0.977532
0.977554
0.978979
0.981079
0.985508
0.996324
1.00554
1.0099
1.01244
1.01462
1.01587
1.01279
1.00518
1.00046
0.999796
1.0012
1.00469
1.01404
1.02406
1.02978
1.0327
1.03457
1.03571
1.03483
1.02887
1.01875
1.01164
1.00947
1.02017
1.22306
1.6533
0.889445
0.891454
0.892079
0.890258
0.888181
0.888378
0.889249
0.890254
0.892726
0.899197
0.90424
0.906484
0.907916
0.909159
0.910295
0.909732
0.906227
0.904995
0.905548
0.906522
0.907688
0.911349
0.919485
0.924327
0.926388
0.927769
0.92901
0.929671
0.926279
0.92231
0.921832
0.922768
0.923976
0.925394
0.930561
0.939804
0.944627
0.946727
0.948263
0.949625
0.949754
0.944862
0.94048
0.93973
0.940326
0.941477
0.943221
0.949258
0.959925
0.965732
0.968035
0.969343
0.970745
0.971546
0.966749
0.960877
0.959264
0.959362
0.960109
0.961729
0.966789
0.978744
0.987061
0.990292
0.992048
0.993525
0.994705
0.9915
0.984235
0.980686
0.980426
0.981248
0.982978
0.987799
0.999252
1.00821
1.01227
1.01444
1.01627
1.01745
1.01476
1.00734
1.00223
1.00112
1.00207
1.00536
1.01511
1.0255
1.03102
1.03353
1.03525
1.0363
1.03542
1.02923
1.01787
1.00896
1.00839
1.21745
1.65199
0.890518
0.89265
0.893629
0.893505
0.891005
0.890409
0.891035
0.891958
0.893142
0.897431
0.904092
0.907476
0.909196
0.910495
0.911673
0.912586
0.910416
0.907311
0.907064
0.907911
0.909005
0.910578
0.916311
0.924063
0.927574
0.929249
0.930466
0.931691
0.93142
0.926828
0.924102
0.92427
0.925164
0.926237
0.927968
0.934746
0.9437
0.94778
0.949803
0.951402
0.95277
0.95196
0.945977
0.941927
0.941705
0.942849
0.944152
0.945838
0.952417
0.962772
0.967861
0.970354
0.972463
0.974163
0.97442
0.968838
0.962433
0.960578
0.961304
0.96272
0.964413
0.969204
0.980697
0.988462
0.991733
0.994174
0.996292
0.997503
0.994246
0.986786
0.982534
0.982084
0.983365
0.985438
0.990345
1.00127
1.00948
1.01338
1.01609
1.01846
1.01996
1.01719
1.00901
1.0032
1.00176
1.00269
1.00595
1.01579
1.02622
1.03149
1.03387
1.03568
1.03667
1.03574
1.02885
1.01448
1.00381
1.2064
1.65023
0.891828
0.894058
0.895068
0.895847
0.893945
0.892341
0.892619
0.893493
0.894529
0.896661
0.902965
0.908286
0.910563
0.911901
0.913107
0.91427
0.914174
0.910604
0.90889
0.909367
0.910375
0.911455
0.913694
0.921215
0.927895
0.930562
0.932078
0.93329
0.934412
0.932758
0.927752
0.925797
0.926145
0.927148
0.928386
0.930783
0.938983
0.947236
0.950644
0.952347
0.953624
0.955046
0.954133
0.948102
0.944634
0.944373
0.944862
0.945998
0.948014
0.955608
0.966305
0.971497
0.973595
0.974868
0.976363
0.977019
0.97177
0.965482
0.96363
0.96362
0.964321
0.965968
0.971261
0.983373
0.991778
0.995044
0.996759
0.99821
0.99958
0.997292
0.989982
0.985338
0.98442
0.98494
0.986528
0.992001
1.00385
1.01266
1.01662
1.01868
1.02054
1.02169
1.01903
1.01083
1.00438
1.00252
1.0032
1.00613
1.01591
1.02643
1.03156
1.03401
1.03605
1.03684
1.03566
1.02523
1.00865
1.19393
1.64914
0.893404
0.895689
0.896657
0.897686
0.896751
0.894391
0.894191
0.895002
0.896058
0.897179
0.9009
0.908016
0.911815
0.913523
0.914724
0.915854
0.916799
0.914793
0.911373
0.910827
0.911469
0.912458
0.913674
0.917271
0.925906
0.931455
0.933737
0.935107
0.936258
0.937027
0.933633
0.928731
0.927668
0.928425
0.929548
0.930711
0.933467
0.942532
0.950159
0.953224
0.955143
0.956779
0.958034
0.956113
0.949511
0.945962
0.946006
0.947166
0.948482
0.950429
0.958018
0.968356
0.973242
0.975761
0.977884
0.9795
0.979713
0.974034
0.967135
0.964806
0.965378
0.96686
0.968724
0.973518
0.984861
0.992843
0.996273
0.998698
1.00075
1.00213
0.999857
0.992258
0.986784
0.985574
0.98667
0.988811
0.994424
1.00597
1.01418
1.01789
1.02014
1.02218
1.02367
1.02098
1.01221
1.00516
1.00293
1.00351
1.00629
1.01575
1.02611
1.03132
1.03414
1.03616
1.0369
1.03293
1.02099
1.18596
1.64931
0.895049
0.89755
0.898493
0.89954
0.899611
0.897095
0.895907
0.896346
0.897197
0.898201
0.899758
0.905649
0.912393
0.915237
0.916571
0.917636
0.918672
0.918686
0.914982
0.9125
0.912636
0.913588
0.914714
0.916071
0.92115
0.930042
0.934588
0.936598
0.937941
0.939119
0.939441
0.935064
0.930758
0.930047
0.930513
0.931465
0.932814
0.93651
0.946305
0.953499
0.956318
0.957723
0.958821
0.960165
0.958376
0.951917
0.948737
0.948481
0.948894
0.950073
0.952229
0.960541
0.971506
0.976609
0.978609
0.979686
0.981035
0.981836
0.977071
0.970395
0.968079
0.968038
0.968599
0.970112
0.974983
0.987033
0.995812
0.999255
1.00092
1.00233
1.00405
1.00277
0.995389
0.989606
0.98804
0.988283
0.989722
0.995072
1.00683
1.01568
1.01981
1.02205
1.02382
1.02502
1.02294
1.01432
1.0063
1.0035
1.00376
1.00603
1.01502
1.02533
1.03085
1.03403
1.03623
1.03575
1.0315
1.18518
1.65079
0.896106
0.899765
0.900659
0.901636
0.902339
0.90064
0.897925
0.897506
0.898141
0.899145
0.900274
0.902775
0.91028
0.916092
0.918413
0.919552
0.920525
0.921464
0.919912
0.915609
0.914275
0.91482
0.915761
0.916781
0.918384
0.924859
0.933601
0.937605
0.939568
0.941071
0.942341
0.941897
0.936237
0.932032
0.931722
0.932772
0.933966
0.935219
0.939104
0.949068
0.955637
0.958315
0.960319
0.96198
0.963174
0.960639
0.953643
0.950038
0.950021
0.951126
0.952456
0.954341
0.962098
0.972584
0.977519
0.980075
0.982303
0.984037
0.984611
0.980005
0.972791
0.969472
0.969499
0.970795
0.97261
0.977246
0.98845
0.996642
1.00027
1.0029
1.00502
1.00649
1.00491
0.997158
0.990366
0.988234
0.988821
0.990571
0.995795
1.00764
1.01675
1.0209
1.02344
1.02566
1.02687
1.02465
1.01551
1.00675
1.00353
1.00366
1.00558
1.01395
1.02425
1.03027
1.03411
1.03524
1.03817
1.19045
1.65335
0.89573
0.901584
0.902855
0.90378
0.904657
0.904519
0.901195
0.899069
0.899301
0.900235
0.901264
0.902351
0.905784
0.914226
0.919435
0.921567
0.92275
0.923734
0.924227
0.92089
0.916846
0.91607
0.916617
0.917586
0.91877
0.920887
0.928556
0.936868
0.940372
0.942031
0.943238
0.944483
0.943982
0.93838
0.934719
0.934358
0.934736
0.935642
0.937085
0.941699
0.952095
0.958822
0.961436
0.962799
0.964052
0.965462
0.963472
0.956628
0.953079
0.952481
0.952586
0.953637
0.955733
0.964174
0.975562
0.98102
0.983145
0.984398
0.985741
0.986885
0.983396
0.97602
0.972497
0.972078
0.972508
0.973825
0.978417
0.990403
0.999526
1.00319
1.0049
1.00618
1.00767
1.00684
0.9995
0.992542
0.990209
0.990426
0.991937
0.996668
1.00823
1.01814
1.02288
1.02505
1.02652
1.02735
1.02578
1.01709
1.00765
1.00378
1.00346
1.00481
1.01263
1.02301
1.0301
1.03304
1.04104
1.20009
1.65647
0.893133
0.901922
0.904543
0.905824
0.906745
0.907577
0.9062
0.902253
0.900921
0.901276
0.901998
0.903019
0.904365
0.90923
0.918139
0.922773
0.92471
0.925863
0.926815
0.926601
0.921832
0.918022
0.917779
0.918778
0.919942
0.921017
0.923297
0.931658
0.939572
0.942786
0.944613
0.946177
0.947452
0.946198
0.939934
0.936
0.935774
0.93678
0.937944
0.939273
0.943766
0.954108
0.960558
0.963346
0.965555
0.967222
0.968392
0.965958
0.958538
0.954143
0.953768
0.954867
0.956453
0.958401
0.965979
0.97678
0.981991
0.984521
0.986709
0.988463
0.989441
0.986156
0.978553
0.973914
0.973177
0.974249
0.976027
0.980492
0.991634
1.00015
1.00375
1.00616
1.00839
1.01009
1.00963
1.00251
0.994713
0.991573
0.991471
0.992519
0.996476
1.00792
1.01813
1.02286
1.02548
1.02738
1.02844
1.02709
1.01862
1.00861
1.0038
1.00279
1.00344
1.01089
1.02215
1.02877
1.04121
1.21116
1.65965
0.890333
0.8992
0.905172
0.907469
0.90869
0.909638
0.910221
0.907462
0.903255
0.902309
0.903019
0.904094
0.90521
0.906849
0.912913
0.921497
0.92548
0.927348
0.928634
0.92963
0.928731
0.923515
0.920382
0.920259
0.920813
0.921761
0.92301
0.925928
0.934876
0.942526
0.945609
0.947121
0.948167
0.949467
0.948566
0.942511
0.938783
0.938285
0.938555
0.939426
0.940911
0.94599
0.956946
0.963897
0.966495
0.96771
0.968837
0.970304
0.9689
0.962007
0.957798
0.957011
0.956948
0.957669
0.959475
0.967225
0.978912
0.985001
0.987292
0.988536
0.98986
0.991354
0.98938
0.981817
0.976749
0.97561
0.975804
0.97692
0.98108
0.992788
1.00262
1.00701
1.00911
1.01081
1.01244
1.01197
1.00463
0.995951
0.992058
0.991825
0.993097
0.996745
1.00771
1.01905
1.02484
1.02718
1.02826
1.02888
1.0278
1.02013
1.00947
1.00332
1.00138
1.00166
1.00995
1.02068
1.03749
1.2219
1.66232
0.89025
0.894531
0.903224
0.908201
0.910181
0.911248
0.912187
0.912417
0.908478
0.904717
0.904486
0.905363
0.906437
0.907509
0.909242
0.916001
0.924378
0.928144
0.93
0.931391
0.932491
0.931159
0.925218
0.92185
0.921906
0.922995
0.924159
0.925264
0.928141
0.937318
0.944674
0.947609
0.949537
0.951177
0.952427
0.950962
0.944331
0.940025
0.939619
0.940614
0.941836
0.943137
0.947501
0.95802
0.964762
0.96774
0.970167
0.971975
0.973347
0.971653
0.964243
0.958683
0.957358
0.958139
0.959581
0.961644
0.968819
0.979851
0.985629
0.988398
0.990734
0.992504
0.993771
0.992013
0.984459
0.97826
0.976461
0.977168
0.978834
0.9827
0.993641
1.00378
1.00841
1.01063
1.01213
1.01354
1.01381
1.0075
0.998481
0.994099
0.993432
0.994237
0.997079
1.00728
1.01876
1.0248
1.02736
1.02853
1.02908
1.02821
1.02158
1.01058
1.00274
0.999521
0.999965
1.00842
1.02946
1.23024
1.66392
0.891294
0.893037
0.897987
0.906519
0.91078
0.912631
0.913795
0.914827
0.914439
0.909721
0.906691
0.906687
0.907442
0.908359
0.909474
0.911514
0.918869
0.927032
0.930537
0.932198
0.933478
0.934561
0.933346
0.927749
0.924693
0.924516
0.924929
0.925805
0.927092
0.930498
0.940097
0.947618
0.950582
0.951995
0.952994
0.954343
0.95358
0.947373
0.943158
0.942328
0.942228
0.942862
0.944299
0.948979
0.96031
0.96818
0.971149
0.972644
0.973547
0.974646
0.973986
0.967267
0.961654
0.960292
0.960593
0.961436
0.963137
0.969787
0.981604
0.988584
0.991259
0.992585
0.993871
0.99547
0.994887
0.987664
0.980913
0.978809
0.978715
0.979602
0.98269
0.99345
1.0043
1.0093
1.0118
1.01413
1.01576
1.01611
1.01034
1.00074
0.995401
0.99417
0.994654
0.996461
1.006
1.01867
1.02539
1.02768
1.02849
1.02913
1.02872
1.02309
1.01169
1.00154
0.997266
0.996924
1.01757
1.23403
1.66414
0.892448
0.893628
0.895195
0.901293
0.909728
0.913572
0.915285
0.916364
0.917414
0.916488
0.911372
0.908585
0.90865
0.909546
0.910507
0.911456
0.91353
0.921466
0.929537
0.932902
0.934661
0.936139
0.937325
0.935795
0.929589
0.925997
0.925927
0.92696
0.928103
0.929252
0.93238
0.941902
0.949186
0.952169
0.954276
0.955978
0.957278
0.956187
0.949507
0.94419
0.943158
0.94397
0.94537
0.946846
0.950871
0.961492
0.96902
0.972035
0.973993
0.975812
0.977317
0.977273
0.971297
0.964361
0.961758
0.962008
0.963193
0.964938
0.970856
0.981986
0.988911
0.992141
0.994642
0.996507
0.997933
0.997231
0.990072
0.982476
0.979471
0.979547
0.980873
0.983728
0.99359
1.00556
1.01181
1.01427
1.01576
1.01707
1.01746
1.01231
1.0025
0.996153
0.994264
0.994733
0.99672
1.00579
1.01842
1.02533
1.0276
1.02838
1.02906
1.02886
1.02439
1.01238
1.00042
0.993432
1.00251
1.2306
1.66262
0.893771
0.89481
0.895747
0.897806
0.904713
0.912653
0.916136
0.91792
0.919198
0.920193
0.918548
0.913213
0.91074
0.910711
0.9112
0.912167
0.913395
0.916028
0.924372
0.932176
0.935399
0.936962
0.938045
0.939219
0.938167
0.93232
0.928863
0.928487
0.928737
0.929503
0.930789
0.934268
0.944168
0.952112
0.955247
0.956668
0.957568
0.958904
0.958722
0.952847
0.947704
0.94653
0.946452
0.946682
0.947838
0.951582
0.962457
0.971439
0.975285
0.97709
0.978621
0.980109
0.980095
0.974147
0.966692
0.963757
0.963673
0.964461
0.965883
0.971112
0.98327
0.991811
0.995076
0.996586
0.997758
0.999339
0.999687
0.993483
0.985247
0.981769
0.981342
0.982118
0.98421
0.993088
1.00531
1.01195
1.01471
1.01642
1.01787
1.01883
1.01522
1.00549
0.997988
0.995392
0.99519
0.996251
1.00444
1.01768
1.02485
1.02699
1.02802
1.02905
1.02908
1.02508
1.01227
0.996799
0.993232
1.21973
1.65991
0.895505
0.896081
0.896982
0.898039
0.900229
0.907827
0.915666
0.919048
0.920744
0.921956
0.922835
0.920458
0.914467
0.911956
0.912343
0.91342
0.914551
0.915607
0.918091
0.926746
0.934403
0.937468
0.939254
0.940826
0.942025
0.940647
0.934231
0.930028
0.929617
0.930557
0.931743
0.932929
0.935875
0.945419
0.953191
0.956412
0.958648
0.960509
0.961924
0.961485
0.955705
0.949374
0.946946
0.947237
0.948381
0.949922
0.95338
0.963673
0.973091
0.977119
0.978947
0.979925
0.981088
0.981873
0.977542
0.969661
0.965593
0.965203
0.966415
0.968107
0.972688
0.983678
0.991826
0.995569
0.998347
1.0005
1.00199
1.00212
0.996065
0.987279
0.982846
0.982008
0.982738
0.984305
0.991804
1.00507
1.01303
1.01629
1.01824
1.01978
1.02056
1.01713
1.00705
0.998459
0.994947
0.994704
0.996072
1.0039
1.01694
1.02416
1.02642
1.02778
1.02905
1.02916
1.02493
1.00833
0.993674
1.20477
1.65779
0.897646
0.897268
0.898035
0.899033
0.900203
0.902852
0.910976
0.918371
0.921357
0.922918
0.924108
0.924834
0.922221
0.916684
0.914653
0.914785
0.915282
0.916214
0.917474
0.920499
0.929487
0.937126
0.940181
0.941613
0.942499
0.94368
0.943068
0.937196
0.933013
0.932308
0.932405
0.932991
0.934241
0.937335
0.947098
0.95596
0.959714
0.961398
0.962469
0.963687
0.964164
0.958939
0.952151
0.949759
0.949967
0.950693
0.951706
0.954224
0.963588
0.973373
0.977716
0.980026
0.982124
0.98374
0.984622
0.980922
0.97295
0.968647
0.967879
0.968026
0.968985
0.972604
0.983962
0.994315
0.998794
1.00066
1.00174
1.00313
1.00409
0.999597
0.990201
0.984367
0.982917
0.983668
0.98544
0.991981
1.00504
1.0142
1.01769
1.019
1.01996
1.02102
1.01922
1.00992
1.00001
0.995655
0.994918
0.995757
1.00261
1.01566
1.02304
1.02565
1.02767
1.02901
1.02908
1.02087
1.00576
1.19238
1.65694
0.900867
0.898745
0.899413
0.900468
0.901488
0.902535
0.905095
0.913573
0.920727
0.923591
0.925193
0.92651
0.927425
0.924617
0.918482
0.91597
0.91635
0.917462
0.918624
0.919686
0.922371
0.931297
0.938739
0.941702
0.943597
0.945219
0.946493
0.945734
0.939588
0.934382
0.933259
0.934014
0.935234
0.936463
0.938909
0.947952
0.956939
0.960728
0.962658
0.964337
0.965718
0.966485
0.96283
0.955563
0.95165
0.95095
0.951549
0.952648
0.954929
0.964293
0.97554
0.980841
0.98296
0.984366
0.985664
0.986689
0.983988
0.976099
0.970236
0.968664
0.969391
0.970883
0.974038
0.983938
0.994031
0.998839
1.00175
1.00414
1.00573
1.00652
1.00231
0.992709
0.986517
0.984858
0.984979
0.98587
0.990874
1.00376
1.01319
1.01696
1.01946
1.02154
1.02262
1.0208
1.01128
1.00033
0.995165
0.994362
0.995383
1.00169
1.01413
1.02173
1.02506
1.02745
1.02909
1.02677
1.01979
1.18776
1.65764
0.906159
0.901791
0.901121
0.901597
0.90232
0.903306
0.904495
0.907285
0.91583
0.922847
0.925652
0.927101
0.928214
0.929177
0.927048
0.921405
0.919016
0.919001
0.919348
0.920127
0.921306
0.924212
0.933324
0.941269
0.944499
0.945954
0.946855
0.948125
0.94825
0.94293
0.937551
0.936181
0.936189
0.936517
0.937621
0.940015
0.948972
0.958871
0.96348
0.965472
0.966854
0.968366
0.969222
0.966141
0.958465
0.953613
0.952693
0.953575
0.95504
0.957115
0.964927
0.976025
0.981609
0.983933
0.985469
0.986963
0.988477
0.987438
0.980055
0.973433
0.971341
0.970998
0.971515
0.973654
0.982977
0.9954
1.00195
1.00438
1.00556
1.00666
1.00796
1.00553
0.99612
0.988139
0.985149
0.985173
0.986394
0.990668
1.00327
1.01463
1.01921
1.02085
1.0219
1.02259
1.02169
1.01333
1.00155
0.9956
0.99458
0.995107
1.00026
1.01214
1.0203
1.02449
1.02749
1.02778
1.02965
1.19126
1.65982
0.91165
0.907927
0.9033
0.902674
0.903511
0.904485
0.90516
0.90607
0.908883
0.917854
0.924948
0.927757
0.929397
0.930835
0.931815
0.929647
0.923519
0.920277
0.920245
0.921186
0.92223
0.923236
0.925644
0.93441
0.942375
0.945712
0.947841
0.949626
0.950998
0.951054
0.945823
0.939404
0.937087
0.937434
0.938547
0.939883
0.941871
0.949574
0.95998
0.965218
0.967398
0.968513
0.969504
0.970843
0.969598
0.962492
0.956978
0.955667
0.9556
0.956032
0.957565
0.964588
0.976217
0.982925
0.985838
0.987927
0.989602
0.990818
0.990084
0.98308
0.97518
0.971876
0.971877
0.973109
0.975189
0.982689
0.994687
1.00154
1.00472
1.00724
1.00915
1.01033
1.00825
0.998967
0.99027
0.986944
0.986728
0.987526
0.990922
1.00234
1.01341
1.01817
1.02062
1.02264
1.02361
1.02295
1.01506
1.0026
0.995681
0.994177
0.994378
0.998462
1.0099
1.01875
1.02447
1.02638
1.03501
1.20045
1.66292
0.914604
0.915343
0.910075
0.906086
0.905175
0.905047
0.905458
0.906455
0.907842
0.911384
0.920496
0.927476
0.93028
0.931707
0.932732
0.933827
0.932502
0.926695
0.923242
0.922687
0.922737
0.923302
0.924437
0.927051
0.936025
0.944946
0.948748
0.950362
0.951279
0.952487
0.953309
0.949443
0.942795
0.940171
0.939996
0.940178
0.940956
0.942624
0.949734
0.960355
0.965841
0.968302
0.970599
0.972275
0.973538
0.972546
0.965357
0.958399
0.955968
0.956294
0.957548
0.959332
0.965145
0.977041
0.98516
0.988239
0.98955
0.990521
0.991927
0.992408
0.986751
0.978429
0.974696
0.973799
0.973773
0.974945
0.981035
0.994381
1.00379
1.00746
1.00901
1.01017
1.01127
1.0101
1.00176
0.992367
0.988063
0.987302
0.987737
0.98988
1.00043
1.01354
1.02006
1.02237
1.0234
1.02377
1.02329
1.0164
1.00379
0.995926
0.993546
0.993206
0.996454
1.00774
1.0182
1.02298
1.03702
1.21218
1.66634
0.915991
0.918262
0.917706
0.911998
0.906608
0.905674
0.906433
0.907563
0.908765
0.910047
0.913341
0.9224
0.929291
0.932064
0.933902
0.93546
0.936607
0.935273
0.928803
0.924191
0.923484
0.924258
0.925435
0.926598
0.928667
0.936819
0.945693
0.949653
0.951933
0.953909
0.955342
0.956116
0.952628
0.945395
0.941438
0.940808
0.941496
0.942663
0.944213
0.95003
0.961422
0.968606
0.971321
0.972699
0.973517
0.974621
0.974684
0.96882
0.961437
0.9588
0.958872
0.959599
0.960797
0.965354
0.976686
0.984823
0.988355
0.990907
0.992948
0.994351
0.994734
0.989716
0.980636
0.975244
0.974105
0.974945
0.976528
0.981121
0.993151
1.00307
1.00732
1.00963
1.0114
1.01268
1.01212
1.00466
0.994184
0.988516
0.987516
0.988336
0.990504
0.999694
1.01251
1.01942
1.02216
1.02333
1.02371
1.02344
1.01766
1.00533
0.996291
0.992679
0.991582
0.994433
1.00663
1.01603
1.03532
1.22409
1.6694
0.916423
0.918751
0.919111
0.918495
0.912983
0.90875
0.908228
0.908883
0.909589
0.910539
0.911923
0.915438
0.924675
0.931898
0.934798
0.936145
0.936803
0.93764
0.937302
0.931958
0.927317
0.926313
0.92642
0.926747
0.927772
0.92978
0.937757
0.947836
0.952721
0.954638
0.955675
0.95675
0.957974
0.956252
0.949227
0.944284
0.943106
0.94335
0.944143
0.945536
0.950741
0.961752
0.96899
0.971958
0.974019
0.975834
0.977267
0.977592
0.972558
0.96453
0.960478
0.959817
0.960556
0.961726
0.965244
0.976439
0.986819
0.991295
0.993078
0.99401
0.995264
0.99645
0.99324
0.984202
0.978205
0.976402
0.975972
0.976604
0.979819
0.99185
1.00419
1.00982
1.01186
1.01308
1.014
1.01392
1.00751
0.996919
0.990967
0.989138
0.988823
0.989596
0.997239
1.01113
1.01955
1.02263
1.02346
1.02366
1.02351
1.01886
1.00703
0.996675
0.99141
0.989448
0.992841
1.00441
1.02869
1.2343
1.67134
0.914141
0.917696
0.918532
0.919489
0.919907
0.916013
0.911275
0.910011
0.910691
0.911983
0.913273
0.914388
0.917125
0.925849
0.932985
0.93578
0.937454
0.938983
0.940265
0.940169
0.935109
0.929299
0.927255
0.927631
0.928704
0.929932
0.931518
0.93817
0.948153
0.953275
0.955835
0.958036
0.959604
0.960768
0.959335
0.95219
0.946121
0.944318
0.944692
0.945673
0.946828
0.950676
0.961763
0.97105
0.974983
0.976728
0.977982
0.979237
0.979931
0.976038
0.967787
0.962661
0.96145
0.962183
0.963535
0.966474
0.975969
0.986144
0.991002
0.993795
0.996191
0.997775
0.998786
0.996192
0.987079
0.979399
0.976688
0.976986
0.978396
0.980978
0.99077
1.00344
1.01003
1.01269
1.01394
1.0148
1.01522
1.01045
0.999107
0.990903
0.988246
0.988303
0.989354
0.996278
1.01033
1.01971
1.02293
1.0233
1.02318
1.02303
1.0198
1.00916
0.996988
0.989238
0.986978
0.990107
1.0178
1.24069
1.67205
0.907905
0.915926
0.918531
0.920351
0.921825
0.922811
0.920148
0.915291
0.913653
0.913853
0.914181
0.914833
0.915897
0.918374
0.926676
0.934596
0.938069
0.93965
0.940613
0.941879
0.942684
0.939065
0.93286
0.930362
0.930084
0.930139
0.930867
0.932358
0.938458
0.94959
0.956229
0.958726
0.959942
0.960729
0.961986
0.962026
0.956354
0.949283
0.946356
0.946227
0.947199
0.948646
0.95201
0.961945
0.971619
0.975858
0.977709
0.979062
0.980368
0.981633
0.979842
0.972017
0.965735
0.963929
0.963802
0.964285
0.966158
0.974596
0.986973
0.993845
0.996402
0.99757
0.998672
1.00005
0.999304
0.991241
0.982828
0.979574
0.978632
0.97858
0.98009
0.988451
1.00212
1.01007
1.01306
1.01465
1.01576
1.01615
1.01202
1.00123
0.992835
0.989623
0.988924
0.989242
0.994917
1.00907
1.0189
1.02189
1.02236
1.02272
1.02289
1.02073
1.01109
0.99701
0.987219
0.98205
1.00289
1.23992
1.67091
0.900559
0.910268
0.917638
0.921383
0.923972
0.925674
0.926737
0.924506
0.91861
0.915351
0.915089
0.915831
0.916495
0.91712
0.918934
0.926624
0.93513
0.939067
0.941472
0.943406
0.944781
0.94555
0.942459
0.935488
0.931406
0.930886
0.931688
0.932891
0.934275
0.939013
0.949582
0.956402
0.959335
0.961518
0.963254
0.96457
0.964816
0.959923
0.952361
0.948933
0.948771
0.94936
0.950128
0.952172
0.96069
0.971315
0.976709
0.97923
0.98138
0.982943
0.984055
0.982858
0.975444
0.967762
0.964675
0.96476
0.965976
0.967848
0.974333
0.98596
0.993141
0.996552
0.999322
1.00127
1.00252
1.00179
0.994027
0.98412
0.979263
0.978473
0.97924
0.98076
0.987631
1.00165
1.01097
1.01431
1.01541
1.01611
1.01692
1.01446
1.00412
0.994023
0.989318
0.988323
0.988656
0.993341
1.00769
1.01848
1.02159
1.02193
1.02235
1.02275
1.02151
1.0123
0.996382
0.98329
0.989079
1.23127
1.6679
0.8978
0.90268
0.913964
0.922069
0.925664
0.927642
0.92903
0.929863
0.927978
0.922046
0.918225
0.916949
0.916201
0.916523
0.917564
0.91978
0.92791
0.937769
0.942354
0.944166
0.945171
0.946113
0.947262
0.945811
0.939184
0.934568
0.933562
0.933539
0.933896
0.935056
0.939108
0.950033
0.958752
0.962244
0.963733
0.964568
0.965797
0.966914
0.964244
0.956527
0.951169
0.949659
0.950117
0.951224
0.952993
0.960111
0.971973
0.979069
0.981686
0.982911
0.983834
0.985158
0.985416
0.979532
0.971244
0.967662
0.966914
0.966874
0.967857
0.97277
0.985456
0.995491
0.999518
1.00109
1.00186
1.00305
1.00358
0.997741
0.98756
0.982078
0.980616
0.980674
0.981535
0.986874
1.00037
1.01051
1.01464
1.0164
1.01745
1.01819
1.01597
1.00598
0.995087
0.989481
0.988
0.988274
0.992852
1.00674
1.01728
1.02027
1.02101
1.02207
1.02285
1.02183
1.01221
0.992162
0.984171
1.21652
1.66498
0.898229
0.901235
0.907968
0.919531
0.926614
0.929015
0.930179
0.931231
0.932137
0.930799
0.923421
0.917675
0.916686
0.917289
0.918365
0.919815
0.922035
0.929278
0.938638
0.943179
0.945334
0.947223
0.948636
0.949718
0.948748
0.942289
0.936171
0.934207
0.934628
0.935752
0.93719
0.940254
0.949684
0.958498
0.962447
0.964896
0.967065
0.968526
0.969519
0.967581
0.95994
0.953564
0.951631
0.952023
0.953045
0.954516
0.960071
0.971323
0.978624
0.981842
0.984314
0.986249
0.987538
0.987842
0.982866
0.973833
0.968479
0.967347
0.968143
0.969585
0.973232
0.984189
0.99432
0.998932
1.0017
1.00407
1.00546
1.00588
1.00078
0.990169
0.983118
0.980853
0.980906
0.981671
0.98562
0.999094
1.01097
1.01554
1.01679
1.01746
1.01806
1.01714
1.00893
0.996891
0.98995
0.988154
0.988129
0.991437
1.00488
1.01586
1.01915
1.0204
1.02198
1.02296
1.02162
1.00717
0.99162
1.20113
1.6633
0.901667
0.905825
0.90973
0.914612
0.923056
0.928383
0.930512
0.931503
0.931415
0.930995
0.929636
0.924199
0.919906
0.919176
0.91985
0.920834
0.92189
0.923622
0.930025
0.940112
0.945734
0.947911
0.948969
0.949569
0.950679
0.951006
0.946174
0.939715
0.937361
0.937186
0.937323
0.938139
0.940342
0.949079
0.960035
0.965502
0.967579
0.968616
0.969441
0.970693
0.970495
0.964236
0.956748
0.953805
0.95358
0.954057
0.955109
0.959245
0.970826
0.980647
0.984744
0.986381
0.987206
0.988357
0.989468
0.98655
0.977689
0.971639
0.969846
0.969332
0.96975
0.972124
0.982491
0.995396
1.00189
1.00421
1.00533
1.00612
1.00675
1.0032
0.993235
0.985053
0.981813
0.981665
0.9827
0.986162
0.998096
1.00977
1.0145
1.01639
1.01812
1.01913
1.01837
1.01039
0.997446
0.98935
0.987144
0.987426
0.991034
1.00351
1.01406
1.01784
1.01997
1.02202
1.02324
1.01718
1.00702
1.19211
1.66325
0.907487
0.910564
0.912191
0.912957
0.914903
0.921032
0.926399
0.928552
0.929571
0.930353
0.931258
0.931669
0.928001
0.923177
0.921548
0.922008
0.9234
0.92488
0.926148
0.930302
0.939703
0.945739
0.948312
0.950262
0.951957
0.953242
0.953779
0.949994
0.94275
0.938641
0.938035
0.93888
0.94021
0.942164
0.94898
0.95956
0.965328
0.96796
0.970119
0.971796
0.973036
0.973117
0.967831
0.959672
0.955391
0.954727
0.955633
0.957061
0.960213
0.969926
0.979745
0.984312
0.986977
0.989308
0.990818
0.991808
0.989577
0.980816
0.972969
0.970033
0.970187
0.971441
0.973392
0.981215
0.993957
1.00104
1.00387
1.00553
1.00694
1.00814
1.00645
0.997288
0.987687
0.983633
0.982764
0.98285
0.984945
0.996157
1.0098
1.01576
1.01732
1.01811
1.01877
1.01867
1.01259
0.999185
0.990051
0.987671
0.987724
0.989968
1.00119
1.01184
1.01665
1.01969
1.02195
1.02123
1.01956
1.19235
1.66478
0.914211
0.913496
0.91255
0.911437
0.910615
0.911495
0.916721
0.923811
0.928015
0.930313
0.932339
0.934507
0.935855
0.934183
0.929281
0.926553
0.925932
0.925419
0.925484
0.926471
0.929941
0.939443
0.947365
0.950872
0.952421
0.953408
0.954791
0.95601
0.954216
0.947049
0.942129
0.941032
0.941
0.941373
0.942636
0.948001
0.959438
0.96744
0.970598
0.971971
0.972674
0.973865
0.974929
0.971918
0.963775
0.958677
0.95749
0.957338
0.957796
0.959685
0.96818
0.980318
0.987038
0.989555
0.990658
0.991662
0.992959
0.99255
0.985053
0.976443
0.972921
0.971846
0.971504
0.972665
0.979259
0.993054
1.00244
1.00617
1.00783
1.0091
1.01
1.00859
0.999667
0.988908
0.983596
0.982675
0.983452
0.985592
0.995284
1.00817
1.01412
1.01656
1.01873
1.01979
1.01963
1.01387
1.00015
0.989961
0.987029
0.987087
0.988807
0.998735
1.00959
1.01564
1.01977
1.02054
1.02832
1.19924
1.66753
0.922304
0.915834
0.910987
0.907934
0.906499
0.90652
0.908001
0.913943
0.923133
0.929572
0.934092
0.93803
0.940417
0.941768
0.940517
0.934059
0.928023
0.925992
0.92615
0.926815
0.927605
0.929723
0.93808
0.9469
0.951151
0.953914
0.956245
0.957715
0.958754
0.957497
0.950646
0.944081
0.941769
0.942066
0.943153
0.94458
0.948163
0.958127
0.966561
0.970305
0.972788
0.975026
0.976459
0.97741
0.975372
0.967434
0.960522
0.958046
0.95829
0.959441
0.961187
0.967445
0.978956
0.986191
0.989608
0.992314
0.994177
0.995345
0.994928
0.987847
0.977924
0.972812
0.971969
0.972822
0.974405
0.979269
0.992057
1.00275
1.007
1.0084
1.00904
1.01003
1.01011
1.00294
0.991656
0.985665
0.98395
0.983666
0.984633
0.992942
1.0075
1.01555
1.01816
1.01916
1.01943
1.01923
1.01463
1.0014
0.990644
0.987066
0.986442
0.987306
0.996232
1.00741
1.01543
1.0185
1.03218
1.21018
1.67081
0.929991
0.920245
0.909902
0.905691
0.904162
0.904469
0.905517
0.907828
0.914819
0.927326
0.936291
0.94076
0.9432
0.944692
0.945312
0.943592
0.936141
0.929544
0.927261
0.926468
0.92654
0.927509
0.929764
0.938068
0.949093
0.954741
0.956897
0.958081
0.958881
0.96004
0.960198
0.954873
0.947729
0.944861
0.944341
0.94419
0.944951
0.947514
0.956837
0.967776
0.973277
0.975417
0.976506
0.977505
0.97876
0.978451
0.971712
0.963869
0.96081
0.960172
0.960157
0.961205
0.965923
0.97839
0.988456
0.992435
0.99391
0.994488
0.995551
0.996369
0.991605
0.981985
0.976529
0.97489
0.974471
0.974825
0.977725
0.989448
1.00088
1.00573
1.00839
1.01059
1.01172
1.01147
1.0048
0.99291
0.985421
0.983465
0.983856
0.985226
0.992162
1.00585
1.01408
1.01722
1.01868
1.01919
1.01919
1.01548
1.00313
0.991675
0.986935
0.985215
0.985355
0.993765
1.00659
1.01334
1.03311
1.22228
1.67408
0.930293
0.922713
0.912952
0.906051
0.904229
0.90476
0.906043
0.908326
0.912358
0.920632
0.934566
0.941966
0.944441
0.945448
0.945849
0.945509
0.943684
0.936964
0.929524
0.927034
0.927244
0.928302
0.929866
0.932233
0.939186
0.949454
0.95511
0.95762
0.959576
0.961219
0.962409
0.962739
0.958341
0.950227
0.945592
0.944791
0.945605
0.946961
0.949069
0.95616
0.966827
0.972842
0.975795
0.978273
0.980001
0.981184
0.98106
0.975017
0.966093
0.961473
0.960808
0.961778
0.963262
0.96636
0.976635
0.986715
0.99127
0.993992
0.996593
0.998264
0.999074
0.995326
0.985317
0.977261
0.974181
0.974063
0.974909
0.977234
0.987977
1.00165
1.00809
1.01011
1.01094
1.01168
1.01216
1.00744
0.995666
0.987517
0.984879
0.984145
0.984325
0.989685
1.00401
1.01432
1.01828
1.01926
1.01928
1.01897
1.016
1.00494
0.992785
0.986375
0.983372
0.983074
0.992654
1.00396
1.02946
1.23376
1.67656
0.923704
0.919463
0.916549
0.911814
0.908207
0.908124
0.910176
0.914157
0.918527
0.922609
0.92826
0.937152
0.942008
0.943398
0.943179
0.94199
0.94157
0.941594
0.938628
0.932917
0.93043
0.930507
0.931461
0.932565
0.933889
0.938868
0.949451
0.956889
0.960055
0.961442
0.961911
0.962731
0.963751
0.961692
0.954237
0.94907
0.947816
0.947751
0.948086
0.949349
0.95465
0.966503
0.975144
0.978561
0.979935
0.980552
0.981731
0.982768
0.979181
0.970346
0.965087
0.963588
0.96279
0.963006
0.965029
0.974523
0.987447
0.994399
0.997036
0.998453
0.999424
1.00036
0.998146
0.988486
0.979323
0.975668
0.975281
0.976021
0.978006
0.98714
1.00012
1.0068
1.00979
1.012
1.01311
1.01338
1.00901
0.997046
0.987519
0.984092
0.983823
0.984516
0.989153
1.00285
1.01397
1.01828
1.01902
1.01863
1.01804
1.01607
1.00698
0.994269
0.985448
0.980984
0.980986
0.990044
1.02074
1.2423
1.67788
0.918673
0.919438
0.919665
0.919064
0.917566
0.917187
0.918709
0.920987
0.922951
0.924349
0.924972
0.926304
0.930893
0.93603
0.938851
0.940419
0.942027
0.943577
0.944753
0.943515
0.938198
0.93416
0.933119
0.933826
0.935305
0.936615
0.938987
0.947384
0.955614
0.959367
0.961543
0.963606
0.965185
0.966359
0.965226
0.958362
0.951463
0.948716
0.948811
0.94994
0.951426
0.954773
0.96478
0.973747
0.977803
0.980471
0.982934
0.984454
0.985384
0.982559
0.973391
0.965942
0.963364
0.963556
0.964742
0.966577
0.973769
0.986546
0.99423
0.99731
0.999072
1.00048
1.00157
1.0004
0.99207
0.981914
0.977079
0.976188
0.976547
0.977748
0.985293
1.00001
1.00887
1.01168
1.01243
1.01274
1.01332
1.01107
1.00037
0.990326
0.98616
0.984684
0.984254
0.987195
1.00072
1.01295
1.0173
1.01779
1.01762
1.01758
1.01655
1.00907
0.995558
0.983589
0.978172
0.976785
1.008
1.24595
1.67771
0.91341
0.918964
0.921835
0.925283
0.929331
0.931419
0.930712
0.928434
0.926444
0.924546
0.92139
0.918924
0.919238
0.923887
0.932327
0.938773
0.942311
0.944853
0.94757
0.949832
0.950058
0.945478
0.939976
0.937602
0.936523
0.935436
0.935638
0.937397
0.944913
0.95537
0.961386
0.963905
0.965248
0.966557
0.96822
0.968745
0.963623
0.955799
0.952255
0.951337
0.950786
0.951302
0.953575
0.962823
0.974541
0.980759
0.98314
0.984293
0.985277
0.986503
0.985599
0.977606
0.969552
0.966488
0.965633
0.96538
0.96634
0.971797
0.985289
0.995422
0.999454
1.00102
1.00207
1.003
1.00246
0.995233
0.984382
0.97843
0.977142
0.977922
0.979298
0.984977
0.998299
1.00711
1.01056
1.01288
1.01429
1.01485
1.0128
1.00263
0.991042
0.985113
0.983371
0.983318
0.9858
0.999055
1.0125
1.0172
1.01748
1.0171
1.01706
1.01672
1.01069
0.996165
0.982045
0.97303
0.991451
1.24215
1.67546
0.904076
0.916151
0.924989
0.934336
0.940234
0.942381
0.942027
0.937424
0.929716
0.922429
0.916575
0.91352
0.913321
0.914506
0.91991
0.931239
0.940476
0.946524
0.951605
0.954311
0.955764
0.956062
0.951473
0.942862
0.936978
0.935312
0.935578
0.936328
0.937531
0.942948
0.953549
0.96064
0.964462
0.967857
0.970137
0.971464
0.971928
0.967625
0.958725
0.952866
0.951352
0.951848
0.952932
0.954455
0.96116
0.972957
0.979928
0.983248
0.985945
0.987853
0.989013
0.988382
0.980891
0.971033
0.966059
0.965313
0.966201
0.967704
0.971835
0.983831
0.994947
0.999728
1.00147
1.00232
1.00328
1.00401
0.999229
0.988292
0.98151
0.979269
0.978293
0.978517
0.982758
0.996788
1.00852
1.01283
1.0139
1.01422
1.01453
1.0133
1.00451
0.992588
0.985762
0.983298
0.982885
0.985296
0.998318
1.01165
1.01589
1.01604
1.01616
1.01696
1.01711
1.01149
0.995332
0.977583
0.980786
1.23028
1.67211
0.895288
0.907368
0.928473
0.941188
0.945757
0.947616
0.947783
0.945507
0.937835
0.923926
0.914672
0.912048
0.912212
0.913294
0.915585
0.921466
0.935742
0.948475
0.95361
0.955835
0.957241
0.958032
0.958032
0.95378
0.943456
0.937334
0.935707
0.935528
0.93621
0.937535
0.941989
0.95408
0.964434
0.968713
0.970554
0.97158
0.97243
0.973399
0.971146
0.962614
0.955951
0.953703
0.9529
0.952936
0.95414
0.959716
0.972816
0.982624
0.986499
0.988089
0.988744
0.989328
0.989585
0.98439
0.974647
0.969316
0.968113
0.967994
0.968205
0.970394
0.980634
0.992824
0.998789
1.0018
1.00437
1.00571
1.00612
1.0014
0.989622
0.980914
0.978189
0.978266
0.97918
0.982795
0.995396
1.00717
1.01158
1.01301
1.014
1.01485
1.01443
1.0072
0.994483
0.985946
0.98308
0.982691
0.984195
0.996547
1.01025
1.0145
1.01502
1.01566
1.01705
1.01716
1.01095
0.989983
0.980074
1.21433
1.66952
0.895623
0.909214
0.929406
0.941775
0.946448
0.948097
0.94697
0.941648
0.934271
0.926217
0.917761
0.913639
0.913386
0.914677
0.91851
0.924896
0.932942
0.944114
0.952618
0.956141
0.957589
0.957955
0.957103
0.95523
0.952125
0.944067
0.938015
0.93646
0.937026
0.938585
0.941146
0.945227
0.954926
0.964521
0.969092
0.971336
0.973181
0.974546
0.975411
0.973606
0.96498
0.956564
0.95353
0.95362
0.95487
0.956795
0.960812
0.971877
0.981847
0.986077
0.988079
0.989982
0.99137
0.992128
0.988656
0.978966
0.97105
0.967887
0.967652
0.968454
0.970198
0.979004
0.993303
1.00139
1.00403
1.00503
1.0055
1.00605
1.00283
0.992062
0.983406
0.980175
0.979213
0.979136
0.981258
0.993264
1.00704
1.01287
1.01446
1.01521
1.01593
1.01553
1.00886
0.995318
0.985477
0.981989
0.981777
0.983923
0.995641
1.00848
1.0127
1.01384
1.01538
1.01731
1.01739
1.00461
0.991722
1.20056
1.6683
0.904344
0.91753
0.926588
0.93557
0.940928
0.941721
0.938655
0.934663
0.931887
0.929521
0.925506
0.921159
0.920029
0.922208
0.926428
0.930028
0.932351
0.935555
0.943096
0.950162
0.952987
0.95347
0.952734
0.952031
0.952488
0.952813
0.948718
0.943305
0.941543
0.941887
0.942687
0.943539
0.945449
0.953297
0.964529
0.97082
0.973198
0.973923
0.973712
0.974484
0.974667
0.968864
0.960993
0.95777
0.957267
0.957099
0.957482
0.959644
0.969216
0.981656
0.988228
0.990711
0.992057
0.993139
0.994042
0.991826
0.982492
0.973437
0.969807
0.969464
0.970199
0.971517
0.978294
0.991727
0.999941
1.00304
1.00505
1.00657
1.00742
1.0052
0.995127
0.984707
0.979964
0.979229
0.979882
0.98194
0.992192
1.00614
1.01262
1.01429
1.01481
1.01532
1.01559
1.01076
0.997109
0.986076
0.98239
0.982195
0.983495
0.993813
1.00615
1.01098
1.0133
1.01568
1.01749
1.01356
1.00642
1.19449
1.66873
0.916366
0.923023
0.924794
0.925872
0.926386
0.927077
0.928328
0.929902
0.930967
0.931634
0.9321
0.932442
0.933139
0.934003
0.934321
0.934241
0.933918
0.9334
0.933304
0.9359
0.941882
0.947052
0.950036
0.952208
0.954694
0.956857
0.958166
0.956285
0.950495
0.946117
0.944604
0.945043
0.94607
0.946869
0.95063
0.960515
0.967851
0.970962
0.973269
0.975799
0.977502
0.978045
0.97367
0.964992
0.959051
0.95706
0.957402
0.958538
0.960452
0.967697
0.980422
0.988335
0.991351
0.992726
0.993592
0.994659
0.994367
0.987014
0.976732
0.971717
0.970523
0.970494
0.971198
0.97641
0.990679
1.00162
1.00564
1.00692
1.0078
1.00859
1.00754
0.998677
0.987611
0.982128
0.980374
0.979785
0.980759
0.989762
1.0041
1.01093
1.01315
1.01514
1.01631
1.01627
1.01167
0.997936
0.985823
0.981761
0.981736
0.982848
0.991612
1.00348
1.00938
1.01301
1.0157
1.01523
1.01876
1.19731
1.6707
0.927369
0.927699
0.924515
0.916789
0.911253
0.910943
0.915203
0.922702
0.928585
0.932586
0.938122
0.944182
0.947484
0.947354
0.944106
0.93945
0.935135
0.930244
0.92628
0.925241
0.92739
0.934993
0.944963
0.951974
0.956188
0.960064
0.96359
0.965514
0.964241
0.957107
0.950433
0.947508
0.945413
0.943623
0.943906
0.946676
0.956637
0.967818
0.973868
0.976594
0.978422
0.97985
0.980881
0.978399
0.969562
0.962252
0.959749
0.95936
0.959286
0.960078
0.964984
0.977719
0.987382
0.991327
0.993628
0.995497
0.996633
0.996524
0.990178
0.979379
0.972862
0.971114
0.971647
0.972927
0.976798
0.989476
1.00094
1.00554
1.00743
1.00873
1.00965
1.0091
1.00082
0.988405
0.981157
0.979273
0.979497
0.980781
0.988676
1.00365
1.01214
1.01454
1.01546
1.01576
1.01563
1.012
0.998835
0.986252
0.981822
0.98143
0.981912
0.989299
1.0008
1.00809
1.01316
1.01445
1.0261
1.20593
1.67362
0.936773
0.930563
0.919119
0.907412
0.90156
0.900833
0.902611
0.909274
0.921032
0.933871
0.945961
0.954259
0.957386
0.958248
0.955523
0.946963
0.93594
0.927591
0.922442
0.92099
0.921521
0.923966
0.932722
0.94695
0.957326
0.964038
0.967861
0.969629
0.970376
0.968376
0.959763
0.949782
0.944464
0.942892
0.943067
0.943973
0.946046
0.954722
0.967655
0.975141
0.978484
0.980613
0.982213
0.983342
0.98215
0.974436
0.96498
0.95996
0.958901
0.959462
0.960468
0.963935
0.976004
0.988302
0.993564
0.995253
0.996047
0.997063
0.997966
0.99395
0.983151
0.975828
0.973559
0.972827
0.972904
0.975276
0.986932
1.00018
1.00606
1.00793
1.00891
1.00953
1.00961
1.00368
0.99118
0.983186
0.980914
0.980836
0.981588
0.98809
1.00209
1.01042
1.01326
1.0147
1.01536
1.01545
1.01261
1.00037
0.987358
0.982202
0.980881
0.980505
0.986614
0.998324
1.00786
1.01184
1.02942
1.21723
1.67686
0.947604
0.937438
0.915767
0.902824
0.898384
0.89823
0.89934
0.901731
0.908695
0.928903
0.950283
0.95787
0.960362
0.961243
0.960141
0.955122
0.942893
0.928275
0.921745
0.920691
0.921278
0.923162
0.927539
0.937978
0.955445
0.965215
0.968602
0.970042
0.970487
0.969858
0.967813
0.959791
0.949067
0.944058
0.943226
0.94396
0.945362
0.947646
0.955142
0.969018
0.978222
0.981772
0.983189
0.984218
0.985284
0.984727
0.977711
0.967219
0.961565
0.960361
0.960911
0.961873
0.96444
0.974641
0.986803
0.992605
0.995522
0.998008
0.999383
0.999955
0.996167
0.984871
0.975713
0.972402
0.972204
0.97295
0.974919
0.985431
0.999551
1.00597
1.00814
1.00983
1.01084
1.01091
1.0057
0.993175
0.984229
0.981333
0.980985
0.981192
0.985766
0.999927
1.01022
1.01416
1.01539
1.01566
1.01546
1.01278
1.0018
0.988629
0.98225
0.979545
0.978339
0.984129
0.997616
1.00554
1.02966
1.22912
1.67988
0.948135
0.932472
0.914521
0.904404
0.899601
0.899031
0.899851
0.902794
0.912619
0.930614
0.947934
0.957024
0.960058
0.960344
0.955898
0.948747
0.941672
0.93372
0.926264
0.923829
0.924623
0.92832
0.934317
0.940611
0.948219
0.958766
0.965053
0.967222
0.967386
0.966488
0.965429
0.964294
0.95946
0.951322
0.947102
0.946597
0.947788
0.949564
0.951337
0.956071
0.968625
0.978509
0.982441
0.983958
0.984194
0.984314
0.984634
0.980911
0.971147
0.964123
0.96201
0.962026
0.962654
0.964242
0.972984
0.987391
0.995331
0.997895
0.998836
0.999191
0.99969
0.997543
0.987639
0.977978
0.974249
0.973733
0.974345
0.97608
0.984732
0.999004
1.00693
1.00938
1.01016
1.0106
1.01086
1.00706
0.995387
0.985323
0.981255
0.980705
0.981145
0.984872
0.99819
1.0096
1.01428
1.01533
1.01514
1.01435
1.01245
1.00348
0.990175
0.981931
0.977499
0.975688
0.982939
0.995004
1.02506
1.23996
1.68195
0.939597
0.926454
0.917507
0.910417
0.905468
0.904197
0.905957
0.913239
0.923757
0.931466
0.93895
0.947109
0.951202
0.950493
0.947244
0.944234
0.942214
0.940155
0.936993
0.9344
0.934717
0.937389
0.940207
0.942029
0.943418
0.946522
0.953035
0.958977
0.962051
0.963373
0.963902
0.964222
0.965082
0.964132
0.958994
0.953992
0.951903
0.951832
0.952834
0.953966
0.955917
0.964998
0.975699
0.980617
0.982599
0.984411
0.985819
0.986671
0.984285
0.974944
0.966628
0.963434
0.963429
0.964663
0.96638
0.972493
0.985495
0.993651
0.9967
0.998581
1.00021
1.00122
1.00005
0.99124
0.980665
0.975832
0.974937
0.975003
0.975797
0.982542
0.996782
1.00528
1.00822
1.0098
1.01092
1.01156
1.00918
0.998227
0.986925
0.982246
0.980768
0.980128
0.982627
0.996029
1.0088
1.01362
1.01441
1.01432
1.01373
1.01237
1.00492
0.99172
0.981022
0.974696
0.973306
0.980408
1.01564
1.24723
1.68287
0.928609
0.924798
0.922635
0.919438
0.915951
0.914949
0.918843
0.926395
0.931736
0.933819
0.934657
0.934013
0.933512
0.935435
0.938682
0.940956
0.942094
0.94347
0.946364
0.949602
0.950489
0.948851
0.946365
0.944362
0.942697
0.940316
0.939592
0.942829
0.950596
0.957784
0.962035
0.965162
0.968829
0.97186
0.972577
0.968092
0.960721
0.956054
0.953881
0.952266
0.951774
0.953138
0.960503
0.973042
0.980865
0.983871
0.985202
0.986408
0.987898
0.987773
0.980297
0.970993
0.966974
0.965733
0.96498
0.96565
0.970242
0.983689
0.994606
0.999013
1.00063
1.00165
1.00252
1.00202
0.994259
0.982722
0.976242
0.974589
0.974836
0.975696
0.981004
0.995684
1.00633
1.0103
1.01164
1.01228
1.0125
1.01008
0.999166
0.986915
0.981122
0.979533
0.979424
0.981806
0.994969
1.00886
1.01404
1.01443
1.01352
1.01277
1.01206
1.00639
0.993179
0.979471
0.971689
0.968445
1.00216
1.24907
1.68215
0.916925
0.92148
0.923219
0.924771
0.928306
0.934185
0.938207
0.93901
0.938439
0.936607
0.930586
0.921833
0.917636
0.918824
0.925337
0.934267
0.940963
0.947248
0.955658
0.961677
0.963601
0.962009
0.956005
0.948356
0.940853
0.9343
0.931101
0.931219
0.934826
0.945446
0.957788
0.966816
0.973362
0.977476
0.979358
0.97982
0.975251
0.964965
0.956138
0.951959
0.950909
0.950803
0.951587
0.956911
0.96981
0.979155
0.983872
0.987749
0.990116
0.991326
0.990962
0.983871
0.972784
0.966507
0.965074
0.965512
0.966629
0.969933
0.981777
0.9937
0.998835
1.00076
1.00192
1.0029
1.00341
0.997933
0.985789
0.978111
0.97594
0.975977
0.976723
0.980904
0.994677
1.0063
1.01051
1.01138
1.01123
1.01153
1.01071
1.00145
0.989007
0.982557
0.980155
0.979398
0.981116
0.994128
1.00812
1.01267
1.0127
1.01217
1.01209
1.0122
1.00761
0.993753
0.977689
0.966345
0.985748
1.24371
1.67941
0.90387
0.913717
0.92255
0.931084
0.943264
0.951769
0.953768
0.951568
0.945787
0.936915
0.924656
0.913078
0.908493
0.908358
0.910681
0.919391
0.934511
0.950407
0.963029
0.969094
0.971271
0.971715
0.96781
0.956006
0.941244
0.931992
0.928693
0.928661
0.929742
0.933299
0.945973
0.964572
0.974957
0.978904
0.980778
0.981941
0.98184
0.97783
0.965756
0.955104
0.950461
0.949292
0.949824
0.951237
0.956244
0.971118
0.983789
0.988594
0.990369
0.99143
0.992137
0.992155
0.986788
0.975855
0.969087
0.967021
0.966379
0.966488
0.968499
0.979035
0.992463
0.998964
1.00169
1.00392
1.00507
1.00534
1.0003
0.988206
0.979844
0.977151
0.976438
0.976393
0.979325
0.992393
1.00443
1.00874
1.01075
1.01215
1.01268
1.01171
1.00334
0.990176
0.982266
0.979376
0.978803
0.980055
0.992618
1.0072
1.01164
1.01158
1.0112
1.01189
1.01238
1.00818
0.992781
0.972609
0.976532
1.2308
1.67604
0.892894
0.898311
0.915132
0.935559
0.953463
0.961184
0.963442
0.963198
0.958347
0.943934
0.922482
0.910139
0.906886
0.907108
0.908539
0.911604
0.922636
0.948328
0.965315
0.970557
0.972428
0.97284
0.970599
0.962695
0.947221
0.93396
0.929415
0.929209
0.930415
0.933779
0.941052
0.955765
0.971531
0.978719
0.981189
0.982281
0.982023
0.979477
0.974478
0.963422
0.95378
0.950784
0.95104
0.952938
0.956409
0.961437
0.973127
0.984253
0.989141
0.991038
0.992139
0.993096
0.993541
0.989208
0.977671
0.969061
0.966122
0.966026
0.96687
0.968599
0.978106
0.993368
1.00144
1.00387
1.00487
1.00553
1.00578
1.00177
0.989934
0.980123
0.976325
0.975865
0.976367
0.978912
0.991624
1.00557
1.01087
1.0119
1.01224
1.01251
1.0118
1.00463
0.991416
0.982194
0.978591
0.978084
0.980061
0.992367
1.00585
1.00978
1.01002
1.01038
1.01215
1.01274
1.00772
0.986132
0.977434
1.21505
1.67373
0.89217
0.893092
0.905207
0.933399
0.955255
0.962112
0.964315
0.96374
0.955647
0.939798
0.924522
0.913701
0.909463
0.909155
0.910832
0.916198
0.926961
0.94273
0.959891
0.968169
0.970596
0.969534
0.964178
0.957679
0.951333
0.943036
0.936459
0.934819
0.936378
0.940442
0.945203
0.949607
0.958996
0.971116
0.976798
0.978002
0.976339
0.973433
0.971911
0.971073
0.96626
0.96001
0.957703
0.957964
0.958867
0.959739
0.961702
0.971207
0.983767
0.98994
0.992042
0.992593
0.992338
0.992452
0.990263
0.980623
0.971752
0.968468
0.968189
0.968977
0.970413
0.977998
0.992319
1.00061
1.00333
1.00449
1.00533
1.00559
1.00337
0.99286
0.982256
0.978065
0.977295
0.977568
0.979616
0.991162
1.00446
1.00947
1.01069
1.01143
1.01223
1.01235
1.00715
0.993431
0.982676
0.978826
0.978395
0.979333
0.990499
1.00379
1.00798
1.00895
1.0104
1.01259
1.01328
1.00052
0.989498
1.20266
1.67283
0.896176
0.900452
0.913449
0.928462
0.946019
0.95598
0.958297
0.955419
0.947744
0.939152
0.930644
0.922872
0.917934
0.916846
0.918988
0.925623
0.933464
0.939132
0.94638
0.955709
0.960343
0.960025
0.957494
0.955698
0.954813
0.952938
0.949045
0.945854
0.945652
0.947557
0.949829
0.951572
0.952968
0.955829
0.961956
0.967092
0.969661
0.971006
0.972717
0.97507
0.976443
0.974617
0.968521
0.963257
0.96076
0.960632
0.961707
0.962718
0.96796
0.979471
0.986914
0.989622
0.991161
0.992767
0.994244
0.993689
0.98537
0.975122
0.970439
0.969449
0.969612
0.970348
0.97608
0.990769
1.00078
1.00414
1.00527
1.00632
1.00697
1.00528
0.995304
0.984101
0.979035
0.977677
0.977448
0.978604
0.988994
1.00333
1.0095
1.01133
1.0127
1.01354
1.0134
1.00822
0.993969
0.981893
0.977581
0.977492
0.979072
0.989248
1.00146
1.00606
1.00821
1.01077
1.01282
1.00953
1.00393
1.19787
1.67345
0.904971
0.911408
0.920785
0.926111
0.930883
0.938229
0.942717
0.94266
0.940767
0.939523
0.938274
0.93489
0.930948
0.929472
0.931697
0.936122
0.939223
0.940421
0.940969
0.939881
0.940421
0.944386
0.949431
0.952916
0.955202
0.958396
0.961127
0.962096
0.960671
0.958077
0.95581
0.953675
0.949779
0.945535
0.945256
0.950559
0.960525
0.968864
0.973857
0.977844
0.981817
0.984064
0.982937
0.975651
0.967726
0.963524
0.960899
0.958513
0.958489
0.962636
0.97521
0.986113
0.991385
0.994219
0.996232
0.997263
0.996765
0.989593
0.978524
0.972067
0.970262
0.970619
0.971553
0.975545
0.988979
1.00038
1.00471
1.00587
1.00642
1.00703
1.00609
0.997475
0.985662
0.978961
0.977266
0.977536
0.979149
0.988435
1.00301
1.01018
1.01203
1.01262
1.0128
1.01276
1.00884
0.994887
0.981942
0.977698
0.977623
0.978304
0.986772
0.998732
1.00462
1.00842
1.01127
1.01061
1.01639
1.2011
1.67541
0.918446
0.921931
0.925203
0.926379
0.925018
0.92037
0.919586
0.924773
0.932349
0.937417
0.939726
0.942547
0.94579
0.948286
0.948527
0.946999
0.944853
0.941623
0.934994
0.927389
0.925018
0.927562
0.936391
0.947534
0.955832
0.962771
0.970263
0.974539
0.97511
0.971391
0.963864
0.954603
0.945133
0.938676
0.936962
0.937906
0.943899
0.957924
0.971179
0.980145
0.986431
0.989361
0.990711
0.989286
0.980347
0.967958
0.959565
0.956202
0.955644
0.956324
0.959986
0.973476
0.987759
0.994142
0.996234
0.99743
0.998686
0.999318
0.993716
0.981693
0.974126
0.971746
0.97082
0.970925
0.973839
0.986542
0.998899
1.00351
1.00521
1.00654
1.00763
1.00752
1.00051
0.98801
0.980657
0.978668
0.978419
0.979005
0.98676
1.00106
1.00822
1.0105
1.01207
1.01297
1.01299
1.0093
0.995293
0.981815
0.97727
0.976994
0.977375
0.984804
0.996315
1.00374
1.00893
1.01007
1.02343
1.20937
1.67805
0.933983
0.931127
0.928255
0.923635
0.915999
0.908308
0.906315
0.908458
0.917368
0.930073
0.939947
0.948829
0.958822
0.963827
0.964324
0.960432
0.95307
0.942884
0.930324
0.920759
0.917953
0.918442
0.921449
0.932044
0.949306
0.965093
0.976165
0.981252
0.983066
0.982783
0.976606
0.961028
0.944715
0.937179
0.935819
0.93653
0.938311
0.944016
0.962532
0.980754
0.988259
0.990872
0.992278
0.992444
0.990036
0.9792
0.963825
0.956845
0.955655
0.956268
0.957718
0.961749
0.975117
0.988916
0.995205
0.998152
1.00004
1.00094
1.00059
0.994499
0.981394
0.972557
0.970031
0.970145
0.970897
0.973284
0.985228
0.999099
1.00506
1.00716
1.00846
1.00929
1.00887
1.00233
0.989312
0.980658
0.977869
0.977691
0.978135
0.984321
0.999137
1.00836
1.01148
1.01245
1.01266
1.01251
1.00933
0.996383
0.982757
0.977868
0.976602
0.975962
0.982279
0.994052
1.00361
1.00747
1.0267
1.21993
1.68097
0.948805
0.944653
0.933992
0.922928
0.911299
0.904052
0.902271
0.90281
0.904715
0.912268
0.930703
0.95087
0.963995
0.969702
0.971766
0.971716
0.966862
0.950934
0.93
0.919862
0.91769
0.918165
0.919853
0.923478
0.936189
0.962453
0.977819
0.982326
0.983953
0.983891
0.979353
0.966884
0.950103
0.940113
0.937539
0.937932
0.940154
0.944807
0.953567
0.972468
0.986249
0.990542
0.991849
0.990777
0.986906
0.981838
0.973741
0.963778
0.958996
0.958453
0.959674
0.9617
0.964732
0.976648
0.991417
0.997651
0.999418
0.999566
0.99865
0.997647
0.993599
0.982876
0.974465
0.971569
0.971309
0.972012
0.974396
0.984704
0.998732
1.00568
1.00782
1.00853
1.00887
1.00901
1.00418
0.991052
0.980975
0.977548
0.977159
0.97761
0.982987
0.99773
1.00756
1.01102
1.01244
1.01288
1.01242
1.00913
0.997295
0.983759
0.977752
0.975076
0.973848
0.980079
0.993533
1.00099
1.02695
1.23104
1.68367
0.953122
0.955125
0.94641
0.927719
0.911889
0.904881
0.903193
0.903805
0.90592
0.910034
0.918532
0.943339
0.963865
0.970183
0.971814
0.970793
0.96338
0.950358
0.936245
0.925343
0.921541
0.921652
0.923815
0.928072
0.93586
0.951138
0.97093
0.979193
0.980986
0.978705
0.97269
0.96673
0.95956
0.950462
0.945029
0.944149
0.945962
0.949942
0.955111
0.962038
0.974446
0.983239
0.985614
0.984588
0.982868
0.982098
0.981243
0.976466
0.968752
0.964348
0.963574
0.964618
0.966726
0.969852
0.977396
0.988477
0.993948
0.995566
0.996363
0.997227
0.997974
0.995747
0.986719
0.9774
0.973452
0.972763
0.972882
0.974029
0.982974
0.997444
1.00464
1.00711
1.00879
1.00961
1.0097
1.00512
0.991863
0.981334
0.977898
0.977299
0.977349
0.981943
0.997044
1.00838
1.01221
1.01273
1.01231
1.01101
1.00826
0.998147
0.984875
0.977389
0.973027
0.971429
0.979334
0.99066
1.02253
1.24122
1.6855
0.950682
0.950706
0.943145
0.934966
0.922132
0.912289
0.908851
0.908966
0.910565
0.913912
0.920514
0.931114
0.949786
0.961544
0.964035
0.962178
0.957817
0.952845
0.946087
0.937672
0.931205
0.929216
0.930415
0.934848
0.941261
0.947044
0.954933
0.96486
0.969425
0.96935
0.967899
0.967151
0.966513
0.963383
0.957672
0.953982
0.95375
0.955717
0.957913
0.959263
0.961028
0.965867
0.972407
0.977097
0.979602
0.980952
0.982331
0.984055
0.98358
0.978231
0.972607
0.969896
0.968748
0.967506
0.967627
0.9719
0.982605
0.990965
0.995069
0.997383
0.999107
1.00008
0.999351
0.991338
0.980477
0.97464
0.973216
0.973771
0.974962
0.982063
0.996946
1.00573
1.00837
1.00899
1.00914
1.00943
1.00616
0.993535
0.982357
0.978248
0.977445
0.977437
0.981796
0.996738
1.00808
1.01151
1.01176
1.0108
1.00949
1.00757
0.999279
0.986422
0.976597
0.970495
0.969232
0.976629
1.01347
1.24835
1.68633
0.941063
0.943827
0.943548
0.942936
0.937432
0.926396
0.918191
0.915835
0.916844
0.92134
0.926655
0.928959
0.931851
0.940085
0.948716
0.952789
0.954011
0.954461
0.954183
0.951568
0.945821
0.941976
0.941695
0.943856
0.945972
0.94697
0.946433
0.945672
0.949241
0.956616
0.962769
0.966114
0.96827
0.970789
0.971805
0.97024
0.967084
0.964272
0.961965
0.958901
0.954039
0.951506
0.954246
0.963846
0.973779
0.979691
0.984299
0.989078
0.991759
0.992097
0.986966
0.978178
0.971112
0.966745
0.96419
0.963166
0.965933
0.977268
0.989506
0.995966
0.999185
1.00169
1.00345
1.00362
0.996552
0.984139
0.977109
0.974761
0.973846
0.974087
0.979806
0.994886
1.00432
1.00748
1.00915
1.00988
1.01004
1.00697
0.994849
0.983502
0.978992
0.977798
0.97749
0.98084
0.995551
1.00746
1.01078
1.01065
1.00925
1.0083
1.0075
1.00117
0.988145
0.975066
0.96748
0.964049
1.00033
1.25088
1.68566
0.924047
0.937329
0.942268
0.943948
0.944818
0.943116
0.936329
0.930615
0.928763
0.929302
0.930195
0.929412
0.924667
0.922583
0.926575
0.938062
0.948825
0.954307
0.956255
0.957757
0.959915
0.960188
0.957086
0.953017
0.94939
0.944848
0.938552
0.933906
0.933887
0.939152
0.951623
0.962565
0.969114
0.974535
0.98065
0.983741
0.982619
0.976585
0.968107
0.958016
0.948489
0.944346
0.944422
0.947725
0.959993
0.975225
0.985416
0.991601
0.996167
0.998467
0.998707
0.992703
0.979849
0.968401
0.961436
0.959128
0.959502
0.962703
0.975999
0.991637
0.99988
1.00403
1.00617
1.00711
1.00665
0.998766
0.98409
0.974988
0.97241
0.972118
0.972572
0.978788
0.995237
1.00621
1.0093
1.00981
1.00982
1.00986
1.0075
0.996573
0.984805
0.979229
0.977411
0.977053
0.980167
0.994401
1.00646
1.00955
1.00919
1.00817
1.00785
1.00786
1.00306
0.989074
0.973021
0.961476
0.983836
1.24669
1.68329
0.905714
0.919666
0.935247
0.943505
0.947443
0.951491
0.953481
0.950775
0.943374
0.936009
0.930236
0.925282
0.919523
0.915752
0.915643
0.918995
0.931777
0.946217
0.955393
0.963238
0.97071
0.973533
0.972591
0.965982
0.956198
0.94548
0.935574
0.929912
0.928832
0.92975
0.934398
0.947847
0.963852
0.977169
0.986696
0.990673
0.99183
0.989656
0.978606
0.960611
0.948203
0.944241
0.944213
0.945265
0.948309
0.961303
0.980551
0.992899
0.99853
1.00066
1.00161
1.00051
0.991546
0.97268
0.961705
0.95934
0.959621
0.961057
0.964963
0.980052
0.997394
1.00431
1.00617
1.00703
1.00736
1.00566
0.996418
0.981819
0.974268
0.972627
0.972953
0.974431
0.980506
0.995284
1.00562
1.00872
1.00955
1.01013
1.01031
1.00849
0.998611
0.986433
0.979756
0.977193
0.976535
0.979034
0.993159
1.00564
1.00843
1.00788
1.00732
1.00796
1.00871
1.0042
0.988094
0.967119
0.974587
1.23476
1.68023
0.90127
0.902752
0.914968
0.933933
0.948232
0.956532
0.960829
0.962298
0.959814
0.949417
0.936162
0.925591
0.91891
0.915591
0.915261
0.916098
0.918141
0.928361
0.948927
0.965566
0.973266
0.976026
0.977292
0.977101
0.970146
0.952237
0.93695
0.930445
0.929223
0.929929
0.931473
0.93518
0.95154
0.976298
0.987963
0.991199
0.992479
0.991378
0.984674
0.96938
0.954279
0.947579
0.946302
0.94712
0.948933
0.952436
0.968056
0.990121
0.998604
1.00056
1.0006
0.997335
0.991245
0.981841
0.969707
0.963742
0.962812
0.963835
0.965834
0.970189
0.985136
0.999486
1.00436
1.0055
1.00526
1.00335
1.0006
0.9941
0.983291
0.976813
0.975228
0.975455
0.975872
0.980012
0.994902
1.00651
1.00999
1.01035
1.01042
1.01045
1.00916
1.00063
0.987574
0.979342
0.9763
0.975834
0.978597
0.992485
1.00456
1.007
1.00672
1.00674
1.00874
1.00951
1.00417
0.980452
0.974184
1.21914
1.67793
0.901462
0.902198
0.905869
0.9161
0.940553
0.956707
0.961441
0.96283
0.961984
0.957507
0.946366
0.933143
0.923102
0.9179
0.916675
0.917476
0.919376
0.922925
0.933395
0.956979
0.971626
0.975756
0.976527
0.974281
0.968917
0.960607
0.947012
0.936394
0.932729
0.932755
0.934214
0.937655
0.945151
0.963285
0.981283
0.987345
0.988047
0.985357
0.981156
0.976303
0.967241
0.956651
0.95125
0.950313
0.951482
0.9552
0.963287
0.978001
0.99071
0.994641
0.994001
0.991442
0.98967
0.988331
0.983254
0.974076
0.968465
0.967317
0.96844
0.970804
0.974542
0.985836
0.996892
1.00098
1.00158
1.00136
1.00151
1.0013
0.996655
0.986588
0.97942
0.976815
0.976736
0.978051
0.981749
0.994153
1.00527
1.00886
1.00947
1.00978
1.01
1.00968
1.00279
0.98889
0.979163
0.97588
0.975489
0.977841
0.991116
1.00259
1.00511
1.00563
1.00743
1.01002
1.01078
0.995545
0.984678
1.20606
1.67688
0.9055
0.9067
0.911381
0.916153
0.923812
0.940904
0.952695
0.956144
0.95641
0.955907
0.954853
0.948002
0.935379
0.925255
0.921336
0.921486
0.923912
0.928015
0.93252
0.939804
0.955711
0.966317
0.969242
0.969398
0.969038
0.96761
0.960916
0.948451
0.939911
0.937943
0.939477
0.944306
0.949101
0.952761
0.961916
0.973531
0.97895
0.980315
0.980542
0.98023
0.977742
0.969484
0.960802
0.95769
0.958704
0.962313
0.964717
0.966311
0.972115
0.980991
0.986199
0.988284
0.989286
0.990227
0.990973
0.988088
0.980886
0.976047
0.974358
0.974153
0.974571
0.974796
0.979265
0.989231
0.99623
0.999286
1.00044
1.00135
1.00262
1.00119
0.99264
0.984281
0.980315
0.978209
0.977247
0.979116
0.990519
1.00272
1.00737
1.00878
1.01009
1.01115
1.01105
1.00462
0.98934
0.978029
0.974644
0.974748
0.976825
0.989271
1.00078
1.00414
1.00574
1.00852
1.01047
1.00505
0.99809
1.20014
1.67704
0.913978
0.913695
0.916924
0.918511
0.91937
0.920987
0.931152
0.944387
0.951423
0.953939
0.954666
0.954511
0.950381
0.940789
0.933298
0.930624
0.930873
0.932125
0.933117
0.933503
0.935675
0.94637
0.958627
0.965008
0.96732
0.967957
0.967801
0.963862
0.955971
0.950666
0.949388
0.950193
0.951078
0.950199
0.949152
0.952552
0.963535
0.973616
0.978108
0.979446
0.97937
0.978825
0.976805
0.973395
0.970677
0.968825
0.965861
0.960675
0.958711
0.961967
0.972855
0.983261
0.988271
0.990274
0.99171
0.994431
0.995831
0.991978
0.984544
0.978303
0.97304
0.968326
0.967479
0.971816
0.984184
0.994163
0.998957
1.00268
1.00593
1.0076
1.00663
0.997759
0.985774
0.978365
0.975731
0.975103
0.976224
0.986388
1.00042
1.00696
1.00938
1.01082
1.01164
1.01156
1.00548
0.988933
0.976785
0.973974
0.974314
0.976418
0.988284
0.998696
1.00289
1.00588
1.00856
1.00652
1.01006
1.20143
1.67829
0.929039
0.92239
0.921049
0.919273
0.915853
0.913611
0.914075
0.92088
0.936428
0.947869
0.952414
0.954218
0.956819
0.958064
0.953753
0.945202
0.938705
0.934825
0.931561
0.928965
0.928051
0.929288
0.937793
0.952604
0.962451
0.966673
0.969267
0.972718
0.973666
0.968626
0.960471
0.954154
0.949921
0.946944
0.943698
0.942442
0.945082
0.957158
0.970168
0.976214
0.97996
0.985657
0.989185
0.988722
0.983306
0.974851
0.965589
0.957958
0.953887
0.953176
0.955795
0.967488
0.980281
0.987401
0.993512
1.00056
1.00381
1.00399
0.997793
0.984565
0.972214
0.965874
0.963779
0.963865
0.967604
0.981579
0.995873
1.00345
1.00757
1.0104
1.0117
1.01044
0.999716
0.984656
0.975981
0.97263
0.971883
0.973109
0.984319
1.00061
1.00773
1.01013
1.01158
1.01202
1.01154
1.00491
0.987984
0.976405
0.974145
0.974106
0.975424
0.986191
0.996321
1.00208
1.0055
1.00521
1.01782
1.20798
1.68033
0.94729
0.935168
0.925147
0.919439
0.915647
0.911395
0.908608
0.908704
0.913191
0.929176
0.945769
0.95604
0.962724
0.966829
0.968023
0.963975
0.951826
0.939814
0.932353
0.928444
0.925913
0.925033
0.925837
0.931661
0.947379
0.96243
0.972348
0.978606
0.98169
0.982079
0.976329
0.964559
0.954008
0.946746
0.941628
0.939062
0.939148
0.941407
0.952785
0.969837
0.982697
0.990559
0.994519
0.995744
0.994537
0.986329
0.971953
0.959429
0.953281
0.951822
0.952206
0.953898
0.963577
0.981733
0.996464
1.00369
1.00625
1.00725
1.00618
0.996604
0.978538
0.967183
0.963626
0.963386
0.964052
0.967315
0.98281
1.00045
1.00873
1.01162
1.01266
1.01245
1.00931
0.996226
0.979963
0.972733
0.971531
0.971789
0.973915
0.986674
1.00308
1.00956
1.01133
1.01197
1.0119
1.01063
1.0033
0.986913
0.975929
0.973439
0.972965
0.97486
0.984555
0.994404
1.0011
1.00286
1.02151
1.21763
1.68288
0.955233
0.954247
0.940119
0.926401
0.916654
0.909981
0.907196
0.907333
0.908444
0.911928
0.927447
0.951122
0.96391
0.967799
0.969215
0.969927
0.967092
0.953706
0.938956
0.930027
0.92568
0.924619
0.925223
0.92651
0.930634
0.948038
0.9698
0.979389
0.982078
0.983225
0.982948
0.977808
0.964595
0.951117
0.942495
0.939155
0.939082
0.940069
0.942456
0.954801
0.977986
0.990766
0.99448
0.995728
0.995615
0.993268
0.983066
0.967342
0.956149
0.952083
0.95179
0.952655
0.954995
0.968504
0.992723
1.00336
1.00587
1.0062
1.00409
0.999477
0.989778
0.975167
0.966219
0.963884
0.96406
0.965195
0.971383
0.991827
1.00707
1.01088
1.01148
1.01003
1.00773
1.00373
0.992505
0.979201
0.973744
0.973036
0.973817
0.976778
0.990565
1.00483
1.00995
1.01128
1.01136
1.01044
1.00817
1.00141
0.987026
0.977392
0.974545
0.972989
0.974015
0.982679
0.99348
0.998139
1.02289
1.22828
1.68556
0.955956
0.957433
0.953033
0.938993
0.921686
0.91181
0.908812
0.908823
0.910425
0.913953
0.919484
0.933917
0.955264
0.965548
0.968297
0.968853
0.967642
0.964367
0.952329
0.937197
0.928499
0.926099
0.926469
0.92832
0.932302
0.938494
0.95402
0.971604
0.978605
0.980309
0.980405
0.979709
0.976488
0.963967
0.949652
0.942696
0.941537
0.942745
0.945577
0.950417
0.96308
0.981661
0.990124
0.992112
0.992143
0.99125
0.989636
0.980718
0.96501
0.955848
0.954052
0.955324
0.959637
0.966845
0.979518
0.994326
1.00036
1.00136
1.00102
1.00038
0.997955
0.987493
0.973589
0.967403
0.966825
0.969598
0.974812
0.98167
0.994699
1.00397
1.00647
1.00672
1.00649
1.00592
1.00284
0.991981
0.980814
0.97658
0.976423
0.977931
0.980542
0.991907
1.00379
1.00846
1.00938
1.00908
1.00785
1.00619
1.00159
0.989726
0.980191
0.975502
0.972078
0.972127
0.981518
0.989681
1.02051
1.23912
1.68783
0.950535
0.952891
0.951746
0.949277
0.937948
0.923642
0.916709
0.915442
0.916644
0.919011
0.921624
0.924599
0.934155
0.951476
0.961428
0.964291
0.964633
0.964072
0.962201
0.952692
0.939791
0.933307
0.932331
0.934069
0.937171
0.93939
0.941389
0.950857
0.966704
0.975122
0.977591
0.978121
0.977549
0.974774
0.96436
0.952933
0.94821
0.948069
0.950091
0.95226
0.954164
0.962239
0.977459
0.986183
0.988822
0.989375
0.988817
0.986657
0.978864
0.967789
0.962711
0.962712
0.964798
0.966379
0.968425
0.976625
0.989159
0.996079
0.998301
0.998684
0.997195
0.994403
0.987765
0.97997
0.976598
0.976486
0.977006
0.97718
0.979296
0.989904
0.999848
1.00374
1.00472
1.00413
1.00333
1.00231
0.996363
0.987794
0.982895
0.981052
0.980664
0.98106
0.988885
1.00029
1.00613
1.00781
1.00775
1.00671
1.00565
1.00325
0.994242
0.983314
0.975185
0.969532
0.969002
0.976646
1.01328
1.24898
1.68941
0.938305
0.948179
0.949267
0.949485
0.948765
0.942677
0.932185
0.925493
0.923153
0.92305
0.923818
0.924737
0.925853
0.929863
0.942195
0.954052
0.959745
0.961693
0.962408
0.962875
0.958631
0.949258
0.942745
0.94036
0.939972
0.93943
0.938296
0.938975
0.945067
0.959974
0.970505
0.974521
0.975777
0.976606
0.976845
0.971674
0.962505
0.956776
0.954564
0.953454
0.952193
0.952384
0.957539
0.971323
0.981486
0.985532
0.986789
0.987567
0.988161
0.985104
0.977457
0.97163
0.968521
0.966475
0.965312
0.965511
0.970996
0.983434
0.991905
0.994889
0.995803
0.996942
0.998178
0.996945
0.990691
0.983042
0.977657
0.975515
0.974776
0.975769
0.984208
0.994879
0.999975
1.00195
1.00423
1.0069
1.00799
1.00403
0.993911
0.985463
0.980744
0.978006
0.977385
0.983596
0.996365
1.0044
1.00707
1.00745
1.00731
1.00708
1.00602
0.998665
0.985136
0.972334
0.964882
0.96161
1.00168
1.25529
1.68983
0.916553
0.934915
0.943892
0.948204
0.9511
0.953837
0.952737
0.944314
0.934698
0.929126
0.926653
0.925162
0.923208
0.921716
0.92293
0.932402
0.947691
0.95768
0.962906
0.96695
0.96963
0.968447
0.959743
0.949397
0.942783
0.939412
0.937859
0.936376
0.935666
0.939026
0.952945
0.966934
0.974256
0.978845
0.982917
0.984437
0.980552
0.969472
0.959534
0.953739
0.951065
0.949913
0.949691
0.952617
0.965045
0.978031
0.985105
0.989573
0.993637
0.995655
0.993427
0.984254
0.974369
0.967611
0.963735
0.961996
0.961927
0.965756
0.978223
0.98949
0.99562
0.999857
1.00426
1.00617
1.0044
0.995177
0.983358
0.975813
0.971821
0.969852
0.970622
0.978468
0.991282
1.00034
1.00639
1.0112
1.0133
1.01341
1.00826
0.995054
0.983116
0.976938
0.974134
0.973276
0.978679
0.993929
1.00508
1.00847
1.00878
1.00873
1.00878
1.00845
1.00068
0.983451
0.966913
0.955976
0.985332
1.2537
1.68838
0.904907
0.910744
0.928662
0.944511
0.953482
0.95827
0.960927
0.961096
0.953824
0.940967
0.931558
0.925919
0.921503
0.917905
0.917132
0.918352
0.925974
0.94423
0.960407
0.969215
0.973641
0.975813
0.975613
0.967346
0.953716
0.944047
0.938543
0.933914
0.931774
0.932161
0.935129
0.948978
0.968095
0.980141
0.985533
0.988028
0.98902
0.985496
0.972662
0.959904
0.952674
0.948754
0.946703
0.946735
0.949056
0.960863
0.978247
0.990281
0.996161
0.998788
0.999837
0.997402
0.98668
0.973824
0.965322
0.960867
0.958899
0.958761
0.961612
0.974238
0.990332
1.00139
1.0071
1.00916
1.00966
1.00676
0.994769
0.980107
0.971563
0.968274
0.967086
0.967443
0.974045
0.991146
1.00611
1.01286
1.01469
1.0151
1.01437
1.00807
0.992992
0.97966
0.973163
0.97064
0.970095
0.976412
0.995792
1.00804
1.00997
1.00967
1.00931
1.00977
1.00862
0.998286
0.97749
0.957254
0.97355
1.24496
1.6854
0.903883
0.90421
0.909606
0.927398
0.948539
0.958631
0.961773
0.963065
0.96363
0.958925
0.945156
0.931097
0.921772
0.917795
0.917327
0.918046
0.919643
0.925466
0.945636
0.966047
0.974206
0.976436
0.977528
0.977528
0.970319
0.954001
0.940027
0.933482
0.931904
0.932278
0.93343
0.936556
0.951232
0.974099
0.985145
0.988086
0.989284
0.989374
0.985709
0.972994
0.958151
0.949111
0.946282
0.946456
0.947441
0.950144
0.96293
0.984359
0.99549
0.998545
0.999652
0.999723
0.997131
0.986544
0.971798
0.961689
0.958075
0.957964
0.958739
0.961907
0.978048
0.998472
1.00645
1.00843
1.00879
1.00805
1.00472
0.99262
0.977014
0.968431
0.966031
0.966149
0.967146
0.977227
1.00018
1.01171
1.01393
1.01411
1.01334
1.01183
1.00495
0.988567
0.975065
0.970082
0.969118
0.970135
0.981867
1.0026
1.00949
1.00918
1.00819
1.00828
1.0083
1.00558
0.991234
0.965726
0.969477
1.23051
1.68215
0.906747
0.907607
0.911123
0.914799
0.928635
0.9495
0.959919
0.962649
0.963535
0.963791
0.959966
0.944315
0.928206
0.921137
0.919815
0.920651
0.922751
0.925652
0.93092
0.949049
0.968164
0.975008
0.976603
0.97696
0.976211
0.969052
0.951488
0.938851
0.934951
0.934942
0.93647
0.939119
0.943243
0.956509
0.975992
0.985078
0.987338
0.988061
0.988186
0.984898
0.971063
0.956054
0.94965
0.948879
0.950334
0.953371
0.957587
0.968379
0.985934
0.995017
0.997436
0.998218
0.998474
0.996184
0.984236
0.968489
0.960941
0.95978
0.961293
0.964907
0.970223
0.983749
0.99904
1.00488
1.0062
1.00674
1.0067
1.00291
0.988074
0.973076
0.96792
0.967714
0.970303
0.975551
0.986407
1.00237
1.00961
1.01089
1.01099
1.01047
1.0084
1.00034
0.984879
0.97466
0.971862
0.972417
0.975857
0.98888
1.00344
1.00656
1.00579
1.00503
1.0048
1.00487
1.00111
0.97792
0.973476
1.21621
1.67979
0.913588
0.912001
0.912828
0.913788
0.916496
0.928213
0.948179
0.958444
0.960926
0.960723
0.958994
0.956158
0.946012
0.933223
0.92687
0.925548
0.926238
0.927614
0.929349
0.933364
0.949249
0.96643
0.972647
0.973795
0.972796
0.971024
0.966951
0.955015
0.944389
0.940556
0.940467
0.941773
0.943398
0.945796
0.957083
0.975049
0.983548
0.985641
0.985044
0.983122
0.981201
0.97272
0.961229
0.955783
0.954924
0.955784
0.956854
0.958618
0.968206
0.98528
0.993984
0.996073
0.995558
0.993878
0.992389
0.98463
0.972746
0.966965
0.966128
0.966837
0.967696
0.9704
0.983516
0.998454
1.00396
1.00494
1.00371
1.00146
0.997964
0.987802
0.978249
0.974967
0.97498
0.975547
0.976709
0.985559
1.00086
1.00781
1.00894
1.00789
1.00525
1.00291
0.998355
0.988354
0.980139
0.976889
0.976605
0.978207
0.988624
0.999652
1.00222
1.00164
1.0009
1.00086
1.00141
0.991292
0.985206
1.20669
1.6791
0.923928
0.916114
0.915916
0.917493
0.91909
0.919834
0.924081
0.939525
0.952361
0.957297
0.959297
0.961103
0.961203
0.953593
0.940871
0.93348
0.931125
0.931099
0.932138
0.93324
0.934552
0.943485
0.959143
0.96749
0.9701
0.971935
0.973469
0.972098
0.962716
0.952307
0.947243
0.945751
0.945899
0.946797
0.947899
0.95368
0.96807
0.977588
0.980751
0.982746
0.984925
0.985378
0.979747
0.968963
0.961718
0.958788
0.958438
0.959332
0.960344
0.965696
0.979768
0.988853
0.991579
0.993182
0.995112
0.99569
0.990876
0.979861
0.971774
0.968591
0.968408
0.969291
0.971285
0.981277
0.994015
0.999246
1.00033
1.00106
1.00208
1.00165
0.995144
0.985614
0.978993
0.976097
0.975965
0.976923
0.984834
0.99758
1.00307
1.0037
1.00327
1.00344
1.00475
1.00469
0.996797
0.985052
0.978708
0.977627
0.97841
0.985862
0.994928
0.99798
0.998286
0.998443
0.99921
0.994839
1.00352
1.20719
1.68088
0.942191
0.928111
0.923395
0.921821
0.919717
0.916143
0.915386
0.918195
0.933278
0.951751
0.960102
0.962221
0.963348
0.964676
0.961446
0.950056
0.940637
0.936645
0.935023
0.93253
0.929714
0.930049
0.937277
0.955632
0.968663
0.972914
0.974353
0.975966
0.977014
0.9715
0.9602
0.952642
0.949425
0.947278
0.94408
0.943465
0.94782
0.963648
0.978143
0.983923
0.985953
0.988124
0.990071
0.986999
0.975779
0.966205
0.961974
0.959752
0.956778
0.956152
0.96071
0.976474
0.989453
0.994356
0.996327
0.998917
1.00049
0.996817
0.984777
0.975085
0.97125
0.969461
0.967396
0.967835
0.97654
0.991226
0.999592
1.00283
1.00493
1.0074
1.00763
1.00111
0.988861
0.980216
0.976998
0.976341
0.976073
0.980847
0.992604
1.00019
1.00357
1.00667
1.01037
1.01185
1.01028
0.999967
0.985928
0.978884
0.977766
0.977941
0.98107
0.989056
0.994156
0.997674
1.00026
0.998643
1.01636
1.21458
1.68318
0.956806
0.948044
0.933431
0.923924
0.918021
0.915101
0.914405
0.915116
0.917116
0.929472
0.948858
0.959682
0.966112
0.969789
0.970907
0.968456
0.956911
0.944696
0.936525
0.931074
0.928491
0.928203
0.929145
0.934608
0.952415
0.966997
0.974667
0.980043
0.982462
0.983016
0.977918
0.965292
0.95435
0.946678
0.942371
0.941223
0.941863
0.945345
0.960627
0.976727
0.985612
0.991623
0.994426
0.995208
0.992095
0.980124
0.967832
0.959214
0.954621
0.953503
0.954124
0.958375
0.974278
0.989101
0.997337
1.00216
1.00393
1.00439
1.0005
0.987947
0.975922
0.96815
0.964741
0.964312
0.965419
0.973692
0.989818
1.00127
1.00762
1.0103
1.01123
1.01087
1.00437
0.991569
0.981337
0.97501
0.972459
0.972578
0.976827
0.989426
1.00133
1.00901
1.01273
1.01392
1.01399
1.01188
1.00144
0.987339
0.978795
0.974919
0.973324
0.974499
0.983764
0.994433
1.00245
1.00344
1.02464
1.22373
1.68614
0.957901
0.959314
0.953247
0.939951
0.927571
0.920519
0.917362
0.916673
0.917149
0.918402
0.92623
0.946462
0.962731
0.968627
0.970488
0.971413
0.970549
0.962789
0.949914
0.939019
0.932804
0.930332
0.930172
0.930955
0.934115
0.948752
0.968211
0.978405
0.981673
0.983038
0.983743
0.981198
0.970381
0.956641
0.947479
0.943652
0.943026
0.943642
0.945746
0.958007
0.978171
0.989798
0.993511
0.994986
0.995737
0.993977
0.983847
0.969199
0.959432
0.955714
0.955182
0.955792
0.958658
0.973098
0.99174
1.00045
1.00305
1.00425
1.00472
1.00198
0.990495
0.976518
0.96857
0.966047
0.965934
0.966802
0.972866
0.989865
1.00363
1.00862
1.01032
1.01122
1.01099
1.00636
0.993826
0.980933
0.974781
0.973539
0.973796
0.976247
0.988802
1.00358
1.01053
1.01292
1.01346
1.01311
1.01089
1.00283
0.988582
0.978718
0.97445
0.971147
0.971803
0.982814
0.9969
1.00233
1.02705
1.23391
1.68859
)
;

boundaryField
{
    back
    {
        type            empty;
    }
    outlet
    {
        type            zeroGradient;
    }
    top
    {
        type            zeroGradient;
    }
    inlet
    {
        type            fixedValue;
        value           uniform 1;
    }
    bottom
    {
        type            zeroGradient;
    }
    front
    {
        type            empty;
    }
}


// ************************************************************************* //
