/*--------------------------------*- C++ -*----------------------------------*\
  =========                 |
  \\      /  F ield         | OpenFOAM: The Open Source CFD Toolbox
   \\    /   O peration     | Website:  https://openfoam.org
    \\  /    A nd           | Version:  12
     \\/     M anipulation  |
\*---------------------------------------------------------------------------*/
FoamFile
{
    format      ascii;
    class       volScalarField;
    location    "26.9";
    object      p;
}
// * * * * * * * * * * * * * * * * * * * * * * * * * * * * * * * * * * * * * //

dimensions      [1 -1 -2 0 0 0 0];

internalField   nonuniform List<scalar> 
9801
(
0.692598
0.708492
0.710717
0.694573
0.670794
0.662478
0.663299
0.666715
0.69054
0.763259
0.818452
0.835814
0.842855
0.845318
0.825562
0.764517
0.716221
0.70405
0.704954
0.710703
0.724207
0.753485
0.815526
0.875937
0.900827
0.909
0.912286
0.904388
0.866157
0.81416
0.78645
0.782165
0.785863
0.790783
0.7972
0.805839
0.822371
0.868111
0.923581
0.951145
0.961781
0.968207
0.971846
0.946124
0.899776
0.88297
0.884508
0.889456
0.896666
0.918504
0.956613
0.983965
0.998663
1.00952
1.01875
1.02698
1.03348
1.02633
1.02039
1.02078
1.02383
1.02806
1.03646
1.05319
1.06579
1.07578
1.08519
1.09422
1.10349
1.10514
1.10678
1.1154
1.12777
1.15567
1.18343
1.19329
1.19904
1.20696
1.21625
1.2163
1.19423
1.18849
1.20654
1.23503
1.28487
1.37189
1.46047
1.51344
1.54645
1.57068
1.5828
1.56433
1.52335
1.49112
1.49261
1.55773
1.76218
4.79086
30.6362
0.699537
0.70576
0.695368
0.678066
0.670885
0.671407
0.675525
0.693493
0.729718
0.774475
0.811229
0.827246
0.830451
0.818201
0.792898
0.762732
0.735148
0.724854
0.728201
0.736594
0.746747
0.763007
0.807823
0.86375
0.887682
0.89377
0.892487
0.885702
0.87146
0.839882
0.810905
0.800643
0.79958
0.801057
0.804455
0.809185
0.82244
0.868579
0.925799
0.954228
0.965408
0.972324
0.976233
0.959349
0.919764
0.89804
0.895484
0.897974
0.902387
0.915582
0.94875
0.980867
1.00264
1.01698
1.02768
1.03683
1.04445
1.03736
1.02416
1.02113
1.02318
1.02717
1.03529
1.05425
1.07223
1.08655
1.1012
1.11309
1.12242
1.11731
1.11087
1.11506
1.12376
1.14192
1.1772
1.20653
1.22433
1.23599
1.24671
1.24916
1.2244
1.21156
1.2223
1.24554
1.27677
1.33597
1.41157
1.46784
1.50609
1.53948
1.57152
1.57121
1.53345
1.50243
1.49647
1.53739
1.60469
4.35477
30.9709
0.694693
0.677811
0.670379
0.672354
0.676106
0.684269
0.707334
0.731141
0.749856
0.770662
0.787005
0.793901
0.790267
0.780961
0.776781
0.773383
0.764272
0.754694
0.752008
0.754534
0.759387
0.76742
0.791903
0.83408
0.862761
0.874719
0.879068
0.881084
0.879843
0.869396
0.843309
0.814608
0.801854
0.801789
0.805211
0.810899
0.823539
0.866708
0.926356
0.957989
0.971185
0.979099
0.984388
0.975822
0.937633
0.906423
0.894605
0.894417
0.897523
0.904467
0.937054
0.9836
1.01229
1.02889
1.04053
1.05026
1.05732
1.04671
1.02289
1.00993
1.00835
1.0118
1.02054
1.04659
1.07684
1.09979
1.11748
1.13091
1.14007
1.13015
1.11315
1.10852
1.11419
1.12985
1.17551
1.22092
1.24169
1.25269
1.26278
1.27239
1.26196
1.23944
1.23504
1.24539
1.26507
1.29364
1.35798
1.43623
1.48961
1.52781
1.56522
1.58545
1.55508
1.5228
1.5157
1.54693
1.55473
4.10749
31.0789
0.678863
0.656554
0.657999
0.666016
0.686921
0.721663
0.744643
0.754746
0.760584
0.760412
0.756379
0.756247
0.759736
0.766923
0.776445
0.7845
0.787537
0.783443
0.77758
0.775355
0.777359
0.781217
0.786462
0.805847
0.833037
0.853434
0.867214
0.875852
0.880496
0.881901
0.86763
0.834211
0.811631
0.809421
0.813391
0.820417
0.834474
0.874268
0.929353
0.960722
0.974372
0.981603
0.98351
0.9684
0.92871
0.899469
0.891932
0.894259
0.898613
0.906359
0.943568
1.00119
1.02874
1.04182
1.05174
1.05825
1.05316
1.02536
0.997734
0.99005
0.993167
1.00103
1.01736
1.0528
1.09329
1.12201
1.1412
1.1553
1.16309
1.14455
1.11402
1.10391
1.11019
1.12453
1.16394
1.21818
1.24958
1.26795
1.28449
1.30113
1.30605
1.281
1.25283
1.24128
1.24815
1.26682
1.30094
1.37361
1.44334
1.49199
1.53424
1.57298
1.56685
1.53927
1.51713
1.52895
1.5141
3.94838
31.2102
0.674942
0.659013
0.66209
0.679057
0.72004
0.7491
0.759716
0.765552
0.755049
0.736006
0.728884
0.731524
0.743805
0.766218
0.783839
0.793859
0.800955
0.801507
0.795635
0.790426
0.786935
0.784518
0.785728
0.791546
0.810977
0.833541
0.85075
0.862294
0.868962
0.872479
0.865857
0.845226
0.831306
0.827826
0.831217
0.840188
0.859883
0.893329
0.926613
0.948162
0.959141
0.962962
0.957423
0.93731
0.916706
0.906036
0.903653
0.905887
0.910605
0.925537
0.970663
1.01229
1.03375
1.04478
1.05095
1.04616
1.02642
0.999176
0.983968
0.983162
0.988398
0.997866
1.02061
1.0642
1.10934
1.13997
1.15986
1.17484
1.18379
1.16024
1.11419
1.09744
1.10327
1.11664
1.14633
1.20344
1.25133
1.28092
1.30476
1.32529
1.3408
1.32512
1.2797
1.24554
1.23358
1.24384
1.26469
1.31041
1.3899
1.4578
1.50901
1.55598
1.57657
1.5609
1.5381
1.52505
1.47155
3.86324
31.3181
0.683594
0.674075
0.684152
0.72241
0.752404
0.763895
0.768275
0.750335
0.725077
0.715927
0.716469
0.724192
0.747189
0.773077
0.791327
0.802089
0.80956
0.815505
0.80977
0.796989
0.787035
0.783737
0.785383
0.789752
0.80369
0.82155
0.834946
0.845147
0.852545
0.857298
0.860308
0.857126
0.852346
0.852858
0.858839
0.871911
0.888549
0.908075
0.921635
0.929642
0.933495
0.934169
0.929122
0.918004
0.913428
0.914206
0.915889
0.919366
0.927984
0.959424
0.997017
1.01864
1.03061
1.03889
1.03773
1.0275
1.01049
0.990996
0.981173
0.982087
0.987765
0.996232
1.02123
1.07597
1.12754
1.15767
1.17633
1.19054
1.19591
1.16347
1.11161
1.0925
1.09819
1.11065
1.1315
1.17957
1.2422
1.287
1.31603
1.33694
1.35318
1.35291
1.31305
1.2681
1.24084
1.23503
1.24736
1.27157
1.33059
1.4038
1.46225
1.51069
1.54879
1.55815
1.55343
1.53869
1.46375
3.73907
31.47
0.706489
0.715345
0.742632
0.761762
0.769708
0.771366
0.74707
0.715552
0.704314
0.704253
0.708643
0.725777
0.761256
0.789114
0.803361
0.81144
0.817323
0.821983
0.811072
0.791085
0.783324
0.783131
0.786129
0.790283
0.801625
0.816336
0.825752
0.832954
0.840137
0.847869
0.85631
0.865065
0.873158
0.881725
0.891734
0.90059
0.907962
0.910769
0.911923
0.911513
0.911571
0.914225
0.914731
0.910463
0.913086
0.919725
0.926487
0.932851
0.953815
0.989382
1.01207
1.02094
1.02626
1.02411
1.01791
1.01438
1.00674
0.99081
0.97979
0.981978
0.990047
1.00008
1.02582
1.08981
1.14592
1.17124
1.18466
1.19399
1.18628
1.15035
1.11114
1.09167
1.0908
1.1014
1.11687
1.14942
1.21478
1.28108
1.31928
1.34046
1.35678
1.36586
1.34724
1.30314
1.2662
1.24621
1.24626
1.26294
1.29604
1.35846
1.42075
1.46985
1.51068
1.53612
1.54644
1.54703
1.48669
3.64393
31.6273
0.74182
0.776617
0.785813
0.787478
0.781078
0.746914
0.709115
0.695541
0.695502
0.699777
0.70829
0.737171
0.781817
0.807894
0.81783
0.823499
0.82797
0.822838
0.798711
0.782534
0.779314
0.781384
0.785437
0.790031
0.799746
0.816297
0.826213
0.831482
0.836655
0.844972
0.856115
0.871861
0.892412
0.905952
0.911597
0.913088
0.909104
0.903125
0.900659
0.902247
0.907757
0.913917
0.917048
0.913102
0.916986
0.925967
0.937184
0.955628
0.982215
1.00554
1.0151
1.01949
1.01741
1.01184
1.01216
1.01593
1.01639
0.999127
0.98389
0.984353
0.993386
1.00562
1.03448
1.10153
1.15633
1.17657
1.18516
1.18716
1.1732
1.14619
1.11651
1.09517
1.08887
1.09265
1.10471
1.12483
1.16796
1.24344
1.30492
1.33645
1.35634
1.37264
1.37412
1.34014
1.29249
1.2628
1.25446
1.26381
1.28567
1.3257
1.38824
1.44131
1.47889
1.50453
1.52168
1.53278
1.51429
3.59865
31.8212
0.789237
0.816517
0.816279
0.808392
0.77013
0.711965
0.686031
0.683545
0.687163
0.694219
0.710501
0.754826
0.805193
0.824314
0.830326
0.834218
0.832283
0.814037
0.792275
0.781421
0.77791
0.778441
0.781462
0.785697
0.793591
0.812516
0.829199
0.837908
0.846018
0.859227
0.87985
0.897735
0.908438
0.915927
0.916286
0.905135
0.894884
0.892406
0.895053
0.904044
0.91618
0.923259
0.927835
0.925983
0.927829
0.936207
0.948241
0.966337
0.989253
1.00434
1.01065
1.01105
1.00758
1.00844
1.01301
1.01912
1.02474
1.01456
0.994475
0.990609
0.997795
1.01206
1.03906
1.09368
1.14838
1.16987
1.1767
1.17708
1.16924
1.15172
1.12567
1.10326
1.09261
1.09225
1.09918
1.11211
1.13314
1.18063
1.26018
1.31871
1.34769
1.36611
1.37912
1.37224
1.32882
1.28729
1.2683
1.26879
1.28394
1.31135
1.3656
1.42633
1.46474
1.48602
1.49905
1.50716
1.50351
3.60675
32.0048
0.814921
0.837581
0.838928
0.821855
0.752017
0.697381
0.683769
0.684304
0.687856
0.695228
0.716773
0.772775
0.817031
0.833887
0.83993
0.84057
0.828724
0.811579
0.798023
0.787731
0.78355
0.782386
0.782029
0.783943
0.788068
0.801253
0.8257
0.846191
0.866625
0.889259
0.904996
0.913861
0.920201
0.916936
0.896758
0.882701
0.880967
0.885156
0.897304
0.914971
0.927159
0.935454
0.941958
0.944324
0.942546
0.946631
0.953394
0.963869
0.97897
0.990092
0.997553
1.0034
1.00945
1.01456
1.01915
1.02558
1.03214
1.02997
1.01349
1.00815
1.01387
1.02335
1.03429
1.0594
1.11243
1.152
1.16716
1.17438
1.17566
1.16212
1.13907
1.11637
1.10181
1.0975
1.10117
1.11081
1.12385
1.1404
1.18718
1.26848
1.3223
1.34832
1.36634
1.37791
1.3654
1.32234
1.29299
1.2872
1.29899
1.31967
1.35379
1.41396
1.45526
1.47297
1.48042
1.48215
1.47877
3.62514
32.1171
0.821256
0.842644
0.838663
0.792775
0.732527
0.701356
0.691168
0.691504
0.695756
0.71037
0.74169
0.783707
0.819407
0.832807
0.834613
0.828872
0.82333
0.820028
0.812692
0.803338
0.795294
0.789623
0.786175
0.786901
0.790141
0.795122
0.813387
0.855351
0.896015
0.916678
0.924365
0.928489
0.92685
0.903512
0.876671
0.870084
0.873059
0.880122
0.899804
0.926319
0.942477
0.950811
0.957008
0.960295
0.955922
0.953433
0.954614
0.958306
0.964274
0.972694
0.983025
0.996364
1.01289
1.02541
1.03254
1.03738
1.04172
1.04421
1.03556
1.02546
1.0231
1.02557
1.03138
1.03836
1.0647
1.12027
1.15739
1.17239
1.1789
1.17424
1.15746
1.1351
1.11805
1.11081
1.11198
1.11835
1.12499
1.134
1.14872
1.19711
1.27496
1.32315
1.34838
1.3664
1.3701
1.35274
1.32697
1.31666
1.32291
1.34041
1.36305
1.39629
1.4351
1.45492
1.46044
1.45607
1.456
3.6746
32.1743
0.81845
0.830264
0.801202
0.758546
0.732393
0.714935
0.70984
0.713642
0.728082
0.747324
0.760793
0.776773
0.800452
0.81613
0.821504
0.823803
0.827482
0.831981
0.834329
0.828008
0.81354
0.799484
0.792835
0.792567
0.795401
0.799105
0.808587
0.85684
0.911643
0.929592
0.936777
0.940753
0.926664
0.88977
0.869746
0.868204
0.871963
0.878361
0.900359
0.934908
0.952681
0.959915
0.965477
0.968684
0.964981
0.957881
0.95635
0.957227
0.95782
0.961707
0.969251
0.981728
1.00476
1.02699
1.03783
1.04375
1.05063
1.05853
1.06012
1.04669
1.0349
1.0312
1.03259
1.03688
1.04505
1.07492
1.12395
1.15507
1.16993
1.17588
1.17456
1.16648
1.15261
1.1429
1.13951
1.13755
1.1333
1.13299
1.1423
1.15836
1.20612
1.27255
1.31418
1.33932
1.3579
1.36134
1.3571
1.35625
1.3595
1.36458
1.37009
1.37747
1.39091
1.41215
1.42632
1.42729
1.44386
3.78217
32.2241
0.795263
0.790067
0.760852
0.744913
0.738214
0.737945
0.741798
0.751803
0.762333
0.766572
0.766209
0.762931
0.767667
0.791272
0.815215
0.829027
0.837821
0.844515
0.850473
0.854271
0.843834
0.816353
0.801656
0.80125
0.804837
0.810077
0.824092
0.866963
0.913617
0.933225
0.94
0.939576
0.919881
0.890189
0.8745
0.87418
0.880185
0.889633
0.907812
0.936906
0.955334
0.96223
0.964196
0.963006
0.966062
0.967826
0.964704
0.963032
0.961922
0.960534
0.960454
0.96379
0.97579
1.00596
1.03254
1.04891
1.06234
1.07344
1.08169
1.07491
1.05489
1.04421
1.04372
1.04774
1.05206
1.05652
1.07206
1.11025
1.14637
1.16931
1.18211
1.19149
1.19583
1.19258
1.18322
1.16779
1.15029
1.1397
1.13946
1.14788
1.1652
1.20673
1.26188
1.30143
1.3286
1.35019
1.36945
1.38468
1.39516
1.39636
1.38382
1.36259
1.34998
1.35227
1.36613
1.38941
1.42546
3.9633
32.3033
0.764548
0.753698
0.747434
0.74975
0.753714
0.763227
0.776845
0.78616
0.788409
0.775821
0.756069
0.747798
0.748478
0.761224
0.799296
0.832688
0.849601
0.858931
0.865326
0.870992
0.868838
0.83981
0.81653
0.814367
0.81838
0.824921
0.838303
0.869816
0.901827
0.917937
0.924418
0.926915
0.919692
0.898181
0.888236
0.891347
0.897153
0.901687
0.907947
0.924723
0.939236
0.945704
0.949064
0.958888
0.972153
0.982305
0.989663
0.989405
0.982889
0.968044
0.951402
0.945042
0.948507
0.967011
1.01148
1.05146
1.07558
1.09196
1.10294
1.10809
1.09258
1.07117
1.06142
1.05819
1.05411
1.04687
1.04793
1.06165
1.09942
1.14776
1.18397
1.20928
1.23134
1.24269
1.24476
1.22895
1.19603
1.16327
1.14716
1.14673
1.15488
1.16989
1.19953
1.24398
1.28548
1.3246
1.35966
1.38676
1.40577
1.41437
1.40485
1.3713
1.33251
1.30986
1.30571
1.32533
1.37694
4.15137
32.4254
0.735747
0.740715
0.752431
0.766547
0.782367
0.792087
0.796934
0.798919
0.790221
0.764338
0.744954
0.740381
0.741515
0.747183
0.780168
0.832415
0.859307
0.868819
0.875258
0.879324
0.87574
0.857578
0.837416
0.831004
0.83237
0.836514
0.844288
0.861704
0.882797
0.900119
0.913645
0.921837
0.926016
0.919274
0.910239
0.90715
0.904023
0.900965
0.897809
0.898558
0.908628
0.927526
0.94802
0.968634
0.989239
1.00463
1.01419
1.01913
1.00514
0.969514
0.939157
0.928652
0.931219
0.938687
0.967899
1.03452
1.08622
1.11264
1.12755
1.13679
1.13341
1.10457
1.07612
1.05959
1.05006
1.0433
1.04014
1.04581
1.05956
1.09474
1.15673
1.21364
1.24988
1.27418
1.28743
1.29278
1.26987
1.21719
1.17627
1.1602
1.15847
1.16321
1.1722
1.18996
1.22809
1.28201
1.33404
1.37018
1.39374
1.40866
1.40898
1.3864
1.34165
1.29668
1.27515
1.27529
1.3101
4.25606
32.5613
0.706416
0.737337
0.771144
0.796282
0.80813
0.813571
0.813555
0.799897
0.768099
0.744508
0.737175
0.737598
0.739754
0.74938
0.786224
0.835636
0.861029
0.871747
0.87829
0.881144
0.877567
0.865795
0.852781
0.844226
0.842046
0.842518
0.844399
0.85209
0.874181
0.89662
0.912648
0.923057
0.930314
0.934589
0.926564
0.911636
0.896047
0.881855
0.876511
0.878776
0.885817
0.909333
0.953393
0.993246
1.01396
1.02251
1.02828
1.03206
1.01854
0.970497
0.93224
0.920975
0.922373
0.927404
0.938143
0.991515
1.07971
1.12551
1.14376
1.15531
1.15776
1.14016
1.10023
1.06997
1.05577
1.04977
1.04608
1.0446
1.04696
1.05677
1.09295
1.17929
1.25298
1.28859
1.30544
1.31631
1.31103
1.27324
1.2216
1.18683
1.17213
1.16721
1.16794
1.17326
1.18782
1.23607
1.30421
1.34972
1.37485
1.39177
1.3951
1.38202
1.35332
1.30401
1.26215
1.24307
1.26645
4.25991
32.6855
0.687608
0.742129
0.794172
0.815628
0.82339
0.827327
0.820204
0.782465
0.746394
0.735629
0.736069
0.73818
0.743837
0.764394
0.810424
0.843017
0.858201
0.86777
0.873321
0.872956
0.869439
0.865777
0.858326
0.8467
0.839955
0.840668
0.844138
0.85218
0.877526
0.90328
0.918363
0.927222
0.933473
0.938751
0.932572
0.90069
0.874305
0.865281
0.866284
0.870916
0.876765
0.894499
0.955305
1.0085
1.02654
1.03432
1.03874
1.0331
1.00881
0.971419
0.936114
0.922951
0.923633
0.928423
0.937058
0.965862
1.04914
1.12248
1.14809
1.15871
1.15719
1.14636
1.13486
1.10409
1.07646
1.06141
1.05081
1.04103
1.04143
1.04986
1.06363
1.11934
1.23033
1.29071
1.31151
1.32303
1.32017
1.29303
1.25593
1.21986
1.19173
1.17504
1.16831
1.16898
1.17422
1.20781
1.28231
1.33246
1.35586
1.37079
1.37613
1.36455
1.34629
1.31208
1.27139
1.23796
1.24376
4.17654
32.8314
0.677081
0.753574
0.809578
0.823332
0.829666
0.829575
0.803078
0.757419
0.737412
0.736154
0.738433
0.743531
0.763945
0.804973
0.83431
0.848172
0.856133
0.860555
0.859692
0.855465
0.854059
0.856556
0.855845
0.844985
0.83962
0.841665
0.846511
0.856897
0.886202
0.913985
0.926468
0.932031
0.935951
0.933642
0.911389
0.882337
0.867448
0.865152
0.868025
0.872875
0.883062
0.912394
0.962346
1.0086
1.02985
1.03654
1.03265
1.02223
1.00941
0.982123
0.948842
0.931909
0.930534
0.935033
0.948853
0.979867
1.02098
1.08194
1.12689
1.14259
1.14146
1.13525
1.1388
1.14507
1.1215
1.08195
1.0557
1.04409
1.0444
1.05208
1.06721
1.10128
1.17764
1.25622
1.28838
1.30029
1.30196
1.28635
1.2621
1.23971
1.21741
1.1971
1.18485
1.185
1.19154
1.20991
1.26203
1.31434
1.3382
1.35008
1.35463
1.34163
1.32628
1.3087
1.28129
1.24633
1.23187
4.10165
32.9699
0.685069
0.771386
0.813053
0.82495
0.829837
0.81464
0.770786
0.744498
0.738936
0.740061
0.74574
0.773274
0.816174
0.8392
0.846067
0.848615
0.848842
0.844636
0.839052
0.837037
0.841436
0.849318
0.853822
0.846241
0.842451
0.849064
0.859028
0.870426
0.893389
0.918464
0.927816
0.929781
0.923449
0.906083
0.890841
0.88072
0.872538
0.87157
0.877563
0.894261
0.921692
0.941418
0.954421
0.981994
1.0063
1.01483
1.01604
1.01551
1.01873
1.00981
0.978167
0.954747
0.950964
0.956316
0.975345
1.00124
1.01525
1.03145
1.06911
1.10505
1.12327
1.1338
1.14466
1.15219
1.15129
1.12574
1.08264
1.05914
1.05668
1.06771
1.0903
1.1141
1.14359
1.18872
1.22699
1.24592
1.25602
1.25811
1.24798
1.24295
1.24497
1.24364
1.23048
1.21841
1.21535
1.21907
1.23209
1.27888
1.31667
1.3303
1.33567
1.3232
1.30813
1.29853
1.28522
1.26011
1.24586
4.02254
33.0916
0.715116
0.782465
0.807605
0.814206
0.804536
0.773388
0.750161
0.744393
0.745703
0.755507
0.792885
0.832728
0.851711
0.856624
0.848254
0.833709
0.824183
0.820924
0.821026
0.826684
0.841797
0.851081
0.857958
0.862493
0.864674
0.871164
0.871312
0.873523
0.888357
0.908196
0.913278
0.909614
0.898573
0.888055
0.886053
0.887355
0.891365
0.90119
0.918779
0.939199
0.951635
0.952766
0.945727
0.944238
0.960821
0.993444
1.01464
1.02503
1.03156
1.03548
1.02024
0.995223
0.984168
0.985717
0.997622
1.0127
1.01682
1.01183
1.01411
1.04093
1.09125
1.12976
1.14913
1.15804
1.16557
1.16726
1.13909
1.10062
1.08592
1.09046
1.1037
1.11547
1.12566
1.13475
1.15252
1.17363
1.19159
1.20774
1.22399
1.24463
1.26585
1.28055
1.28226
1.25755
1.22752
1.21307
1.21307
1.23086
1.27576
1.30607
1.31743
1.31173
1.29972
1.29394
1.28954
1.28145
1.26684
3.94689
33.1729
0.748909
0.777103
0.785427
0.778913
0.764221
0.754423
0.753977
0.755357
0.770813
0.814557
0.848804
0.863768
0.868997
0.855008
0.823066
0.801401
0.794995
0.797453
0.80897
0.831046
0.850087
0.869069
0.884739
0.894937
0.891356
0.875791
0.868883
0.865662
0.864048
0.872701
0.886439
0.891047
0.891142
0.890838
0.893851
0.905892
0.930242
0.950154
0.960359
0.965026
0.963065
0.944304
0.922384
0.916301
0.921522
0.956419
1.00868
1.03424
1.04691
1.05652
1.06268
1.0483
1.02429
1.01259
1.01119
1.01164
1.00938
0.998085
0.989906
0.997368
1.02808
1.09202
1.14147
1.16294
1.17097
1.17716
1.18067
1.1597
1.1273
1.11414
1.11365
1.11567
1.11239
1.10497
1.10449
1.11298
1.12841
1.15352
1.19618
1.24181
1.27371
1.29306
1.30527
1.29014
1.24466
1.21475
1.20974
1.21416
1.23306
1.2639
1.28992
1.2996
1.29217
1.28751
1.28806
1.28606
1.28266
3.94073
33.1986
0.769017
0.768608
0.748181
0.738051
0.737649
0.74099
0.7522
0.787096
0.837769
0.86449
0.873461
0.876959
0.864488
0.818864
0.781067
0.769747
0.770356
0.778611
0.808575
0.849654
0.884133
0.904319
0.914761
0.92078
0.905089
0.870917
0.846215
0.835296
0.832786
0.836514
0.856103
0.879809
0.894659
0.908392
0.927821
0.950587
0.968609
0.979154
0.984911
0.982641
0.954247
0.917107
0.902323
0.902502
0.907196
0.924454
0.981941
1.03815
1.06494
1.08016
1.08927
1.08763
1.06869
1.04087
1.0215
1.01264
1.00904
1.00182
0.988751
0.985086
0.992537
1.02025
1.09137
1.15043
1.17309
1.17968
1.18415
1.18613
1.17066
1.14951
1.13567
1.12442
1.11101
1.09772
1.08589
1.08262
1.09001
1.10984
1.16516
1.23009
1.26667
1.28749
1.30443
1.30811
1.27264
1.23128
1.21274
1.21169
1.22293
1.22851
1.24328
1.26838
1.28335
1.28663
1.28874
1.2868
1.31544
4.00716
33.225
0.772651
0.737637
0.722139
0.722365
0.72899
0.741214
0.779712
0.845049
0.877804
0.887561
0.891635
0.881627
0.825127
0.767876
0.749383
0.749412
0.755138
0.771528
0.8253
0.891543
0.919667
0.927476
0.930107
0.92525
0.892445
0.843982
0.819487
0.814119
0.816733
0.822348
0.833801
0.862127
0.901095
0.939024
0.970356
0.987078
0.993078
0.995849
0.997516
0.985629
0.937546
0.901203
0.892645
0.894982
0.90115
0.915504
0.952356
1.02314
1.06922
1.08603
1.09169
1.09164
1.09202
1.08254
1.05136
1.02766
1.01815
1.01126
1.0007
0.996422
0.996334
0.99909
1.01566
1.08111
1.14261
1.16609
1.17464
1.18246
1.18633
1.18183
1.17237
1.15371
1.12785
1.10237
1.08347
1.07621
1.07835
1.08627
1.12819
1.20395
1.25158
1.27532
1.29385
1.30519
1.29445
1.26304
1.23222
1.21557
1.21183
1.21195
1.20446
1.21123
1.24621
1.27988
1.2977
1.29956
1.3385
4.10183
33.3153
0.746925
0.71041
0.707718
0.710791
0.72219
0.765769
0.841389
0.879219
0.889085
0.894195
0.895369
0.852179
0.776356
0.740301
0.734152
0.736647
0.742294
0.769821
0.860199
0.92523
0.940621
0.945966
0.942945
0.911593
0.855369
0.818275
0.806757
0.807162
0.810984
0.817677
0.828419
0.851761
0.899972
0.951996
0.983596
1.00189
1.01002
1.01333
1.00464
0.975282
0.936118
0.90558
0.896322
0.898
0.908109
0.934594
0.958733
0.983632
1.03037
1.06266
1.0735
1.07565
1.0766
1.08054
1.08343
1.07133
1.05238
1.03499
1.01716
1.0023
0.994506
0.992643
0.993931
1.00629
1.05831
1.11602
1.14904
1.17152
1.1898
1.19963
1.20282
1.19464
1.16644
1.12766
1.09644
1.08083
1.07759
1.08142
1.09656
1.1576
1.2249
1.26063
1.28056
1.29406
1.29325
1.28135
1.25967
1.23422
1.21441
1.19596
1.17425
1.16566
1.18225
1.24314
1.30211
1.31899
1.36756
4.20847
33.4968
0.724074
0.705769
0.708093
0.711251
0.731473
0.814324
0.877407
0.893236
0.899164
0.899342
0.864863
0.797594
0.750751
0.735419
0.734466
0.737422
0.745715
0.798441
0.889652
0.931959
0.944872
0.948942
0.929371
0.878542
0.838852
0.817457
0.808041
0.808972
0.813701
0.827625
0.858367
0.886108
0.903207
0.931491
0.973951
0.997215
1.00395
0.999273
0.991893
0.981988
0.952091
0.92406
0.914961
0.917843
0.933495
0.954934
0.9632
0.966005
0.971662
0.993651
1.02787
1.05461
1.0712
1.08864
1.10595
1.11552
1.10596
1.07231
1.03397
1.00585
0.99244
0.98475
0.979378
0.981978
0.997216
1.03976
1.10575
1.16367
1.19875
1.21188
1.21674
1.22094
1.20936
1.17197
1.12465
1.09274
1.08048
1.07949
1.0855
1.1187
1.18841
1.24738
1.27675
1.28887
1.28576
1.28245
1.27471
1.25475
1.23403
1.20293
1.15692
1.13626
1.13826
1.17899
1.26937
1.3237
1.38437
4.31082
33.7391
0.710496
0.704665
0.708458
0.721675
0.781367
0.853826
0.884994
0.896152
0.89609
0.865999
0.815454
0.778409
0.753476
0.740128
0.741496
0.752426
0.791689
0.847987
0.893555
0.922734
0.929289
0.916666
0.882056
0.851621
0.838366
0.82972
0.826324
0.831933
0.848527
0.876225
0.898247
0.905286
0.900639
0.901912
0.918599
0.958591
0.982359
0.99227
0.998145
0.995818
0.981998
0.96485
0.954417
0.952429
0.95655
0.963267
0.964997
0.954977
0.938175
0.938412
0.962839
1.01772
1.06993
1.10284
1.12462
1.13895
1.14525
1.12905
1.08098
1.02877
0.991597
0.969931
0.966573
0.974495
0.988634
1.00689
1.05072
1.13187
1.18884
1.21239
1.21939
1.22412
1.22818
1.21351
1.16693
1.11346
1.08676
1.08318
1.09014
1.11603
1.15621
1.20841
1.2543
1.27311
1.26988
1.26152
1.26593
1.26876
1.25725
1.22428
1.16626
1.12771
1.1248
1.13779
1.20427
1.28718
1.36896
4.38424
33.9576
0.708859
0.707435
0.719403
0.771438
0.831738
0.862704
0.874356
0.872036
0.847605
0.814256
0.78792
0.773951
0.766243
0.76748
0.780001
0.814171
0.847612
0.866268
0.877855
0.883487
0.877129
0.867025
0.860087
0.853986
0.849388
0.853773
0.868307
0.887565
0.902333
0.910765
0.913899
0.905167
0.887954
0.875416
0.874914
0.89644
0.953355
0.991798
1.00601
1.01636
1.02138
1.01715
1.0023
0.985217
0.973776
0.965168
0.954228
0.935113
0.918959
0.91694
0.924579
0.953497
1.03015
1.10408
1.1399
1.15289
1.15797
1.15444
1.13091
1.06465
0.993359
0.969805
0.970694
0.980527
1.00134
1.03514
1.07051
1.09771
1.13973
1.18436
1.20631
1.21383
1.21874
1.21799
1.19021
1.14926
1.1167
1.10563
1.11326
1.14509
1.16917
1.1757
1.20257
1.23416
1.24189
1.23973
1.2436
1.2493
1.25096
1.23728
1.19909
1.15118
1.1264
1.12986
1.14864
1.21414
1.31391
4.41325
34.1365
0.71408
0.725398
0.777848
0.821323
0.840006
0.848436
0.842005
0.819541
0.805817
0.799392
0.791077
0.784086
0.789675
0.811603
0.840893
0.859219
0.865794
0.868684
0.855298
0.831389
0.824213
0.831009
0.846279
0.860099
0.876148
0.903008
0.926482
0.937487
0.941329
0.936663
0.917408
0.884937
0.862024
0.854627
0.855564
0.861785
0.898677
0.97141
1.01872
1.04046
1.05404
1.0584
1.04554
1.02065
0.992121
0.968024
0.946503
0.928483
0.919512
0.919128
0.926507
0.942426
0.975018
1.06572
1.13432
1.15195
1.1533
1.13894
1.10423
1.0585
1.01796
0.996619
0.999486
1.0223
1.05431
1.07947
1.09014
1.08442
1.08852
1.11812
1.16844
1.19088
1.19763
1.19719
1.18319
1.17208
1.16408
1.15959
1.16701
1.17902
1.17704
1.1657
1.15949
1.1737
1.20439
1.22067
1.22634
1.23152
1.23573
1.23161
1.2173
1.19219
1.1529
1.13467
1.13752
1.15851
1.23958
4.37514
34.283
0.74486
0.790489
0.823699
0.835353
0.836323
0.812653
0.783482
0.774968
0.77858
0.7892
0.800391
0.816701
0.841366
0.863019
0.875162
0.879703
0.877678
0.848773
0.8118
0.796552
0.796816
0.8045
0.82588
0.86626
0.916628
0.955529
0.970523
0.973416
0.968944
0.950627
0.907987
0.864512
0.844602
0.841964
0.844379
0.852938
0.871805
0.92572
1.01065
1.05149
1.06497
1.06451
1.05678
1.04836
1.02897
0.985984
0.948383
0.932938
0.929511
0.93962
0.960014
0.975992
0.987299
1.00772
1.06735
1.10448
1.10639
1.09171
1.07405
1.0583
1.0498
1.05517
1.07853
1.10042
1.11209
1.11279
1.09113
1.06551
1.05399
1.05726
1.09957
1.15078
1.17378
1.18505
1.18572
1.19935
1.21737
1.22977
1.22777
1.21155
1.18227
1.15574
1.13857
1.13138
1.14906
1.18727
1.20804
1.21568
1.221
1.22952
1.23101
1.22264
1.19954
1.16756
1.1504
1.12882
1.16812
4.29355
34.3298
0.796577
0.8265
0.831038
0.833235
0.806284
0.763355
0.748984
0.750946
0.760224
0.783188
0.824051
0.864518
0.881897
0.886121
0.887669
0.884695
0.855641
0.81744
0.794152
0.78756
0.789122
0.793236
0.810273
0.865359
0.932152
0.96842
0.985205
0.992388
0.992278
0.971924
0.91537
0.864121
0.844806
0.842353
0.845971
0.862462
0.895576
0.925741
0.964016
1.0203
1.04923
1.05295
1.03625
1.01719
1.00711
0.997203
0.978687
0.965976
0.968357
0.977404
0.985731
0.991639
0.99162
0.988019
0.990101
1.01256
1.0355
1.04652
1.05283
1.06005
1.08966
1.13809
1.16243
1.1672
1.16059
1.12819
1.07444
1.03685
1.02275
1.02145
1.03864
1.09964
1.15525
1.18783
1.21255
1.23781
1.25901
1.26768
1.26133
1.23597
1.19898
1.15992
1.12425
1.1002
1.09836
1.12872
1.17413
1.20072
1.21667
1.23919
1.24946
1.24262
1.23373
1.21028
1.17866
1.13492
1.1061
4.20517
34.3048
0.833343
0.848597
0.845154
0.81238
0.755318
0.729878
0.727734
0.731577
0.743536
0.788372
0.861182
0.895663
0.904789
0.906787
0.894419
0.854861
0.823062
0.808556
0.798283
0.79171
0.794399
0.815952
0.852216
0.876463
0.909342
0.953157
0.973826
0.977295
0.96934
0.959258
0.933728
0.886939
0.861011
0.856435
0.863668
0.893201
0.924265
0.9367
0.941067
0.952237
0.970523
0.981651
0.988059
0.994267
0.99966
1.00959
1.03031
1.04182
1.0327
1.016
1.00405
0.994203
0.975518
0.957872
0.946319
0.947907
0.967042
0.996224
1.02688
1.0761
1.15519
1.20401
1.21763
1.21643
1.19794
1.13955
1.06411
1.01826
1.00374
1.00212
1.01022
1.04772
1.11495
1.17816
1.22365
1.25184
1.27042
1.27732
1.27073
1.25201
1.21924
1.17357
1.11958
1.085
1.07383
1.08341
1.11892
1.17745
1.22838
1.25916
1.27225
1.26002
1.24661
1.23558
1.21483
1.16561
1.09979
4.07666
34.2981
0.844596
0.855636
0.843988
0.781461
0.733818
0.723295
0.724633
0.72755
0.739101
0.801811
0.873032
0.89737
0.905544
0.905915
0.87147
0.829645
0.815947
0.813975
0.814564
0.82126
0.843903
0.868919
0.874134
0.869062
0.866828
0.88326
0.927317
0.952863
0.962219
0.966561
0.956604
0.927354
0.901763
0.894434
0.902499
0.923827
0.938927
0.942664
0.938499
0.907339
0.88085
0.887374
0.926726
0.967713
0.996526
1.03863
1.08825
1.1092
1.10149
1.06419
1.01623
0.9766
0.951631
0.935892
0.926687
0.925417
0.932281
0.947649
0.987015
1.0855
1.17885
1.21661
1.22758
1.23211
1.21545
1.14825
1.06819
1.02009
1.00344
1.00159
1.01155
1.04206
1.07713
1.12243
1.18529
1.23435
1.25886
1.26582
1.26443
1.26238
1.24898
1.21034
1.14762
1.09793
1.07459
1.06886
1.08026
1.12696
1.21451
1.26701
1.28006
1.27177
1.25161
1.23904
1.22389
1.18
1.11442
4.00893
34.3615
0.844339
0.846406
0.804179
0.759578
0.737061
0.728277
0.729564
0.736666
0.768677
0.822544
0.868269
0.888846
0.891567
0.872044
0.837256
0.823383
0.822665
0.829572
0.857239
0.887784
0.901699
0.898592
0.875715
0.843845
0.829476
0.829733
0.861505
0.927235
0.959747
0.968945
0.974139
0.974619
0.964026
0.952894
0.94854
0.948271
0.947201
0.942407
0.912267
0.860467
0.837311
0.839199
0.860035
0.912477
0.994904
1.08639
1.13821
1.15243
1.14881
1.11663
1.05012
0.98327
0.94913
0.934887
0.92837
0.927664
0.935113
0.950716
0.989629
1.05967
1.15196
1.20275
1.21224
1.2062
1.17628
1.1351
1.09217
1.05086
1.02863
1.0249
1.04033
1.07072
1.08021
1.08149
1.09519
1.15139
1.20605
1.2284
1.23763
1.24853
1.26211
1.25344
1.20152
1.13288
1.09284
1.08147
1.08298
1.09529
1.17291
1.25432
1.27189
1.26671
1.25225
1.23848
1.22536
1.18894
1.14485
3.96037
34.4774
0.84828
0.826855
0.773001
0.746779
0.739862
0.742911
0.751405
0.777954
0.804662
0.822742
0.838209
0.846916
0.846115
0.840546
0.836613
0.837795
0.857577
0.896918
0.924931
0.936178
0.933441
0.898107
0.84352
0.817218
0.810553
0.8105
0.82189
0.876373
0.943592
0.977693
1.00015
1.0165
1.02535
1.02102
0.997985
0.972505
0.951341
0.920589
0.868913
0.829755
0.817924
0.820155
0.828693
0.853428
0.966728
1.11038
1.15169
1.1606
1.14423
1.08497
1.02875
0.999404
0.97853
0.963447
0.95769
0.963276
0.977651
1.00339
1.02316
1.03339
1.06747
1.12636
1.15782
1.16429
1.15969
1.13839
1.11804
1.09978
1.082
1.07262
1.07688
1.08605
1.08168
1.0595
1.04951
1.06244
1.13673
1.19993
1.22756
1.25002
1.26624
1.26972
1.24039
1.17559
1.12131
1.09906
1.09666
1.10187
1.13819
1.21434
1.24987
1.25316
1.24533
1.23635
1.2298
1.20355
1.18246
3.91485
34.5775
0.833221
0.814889
0.773961
0.753085
0.755452
0.766456
0.78784
0.806375
0.815646
0.815993
0.805397
0.799179
0.805565
0.822959
0.851136
0.897806
0.933832
0.946869
0.951353
0.952605
0.925776
0.856826
0.813025
0.800334
0.798808
0.801938
0.814758
0.842182
0.909467
0.98494
1.02359
1.04412
1.05622
1.05873
1.04963
1.02231
0.972603
0.908958
0.856234
0.828242
0.820917
0.823359
0.834514
0.885489
0.988271
1.08042
1.12657
1.13189
1.09482
1.05321
1.03236
1.02291
1.02248
1.02684
1.02719
1.02481
1.02545
1.02586
1.0229
1.01905
1.01712
1.03484
1.09441
1.13608
1.15215
1.15877
1.14912
1.13981
1.13023
1.11909
1.11077
1.0964
1.06912
1.04546
1.03191
1.03009
1.06456
1.16204
1.22821
1.25428
1.26912
1.26642
1.23505
1.19406
1.14997
1.12534
1.11884
1.1179
1.12714
1.16078
1.20045
1.21946
1.23227
1.23564
1.23354
1.21888
1.22544
3.92673
34.7093
0.823346
0.821227
0.795931
0.783593
0.787233
0.796027
0.801847
0.806107
0.805547
0.792349
0.777918
0.776035
0.781551
0.80011
0.872314
0.948008
0.975073
0.982658
0.978179
0.949095
0.883718
0.823962
0.798849
0.794062
0.795072
0.804212
0.825857
0.86033
0.89914
0.95699
1.02007
1.05024
1.05971
1.0547
1.03386
1.00542
0.971762
0.926886
0.875726
0.845642
0.839986
0.849915
0.891116
0.956166
1.00051
1.02906
1.04923
1.04582
1.03278
1.03041
1.03294
1.04682
1.07134
1.09044
1.09998
1.09584
1.07171
1.03586
1.00701
0.992861
0.988208
0.991163
1.03275
1.10128
1.14268
1.16001
1.16104
1.15646
1.15474
1.14855
1.1362
1.11173
1.07446
1.04226
1.02579
1.02472
1.03454
1.09973
1.20044
1.24432
1.25779
1.24955
1.21684
1.1864
1.17095
1.1664
1.15958
1.14749
1.1312
1.12726
1.13396
1.15914
1.19806
1.22581
1.23265
1.22483
1.26315
4.01165
34.8422
0.825171
0.838357
0.840898
0.823762
0.808855
0.802432
0.795596
0.78733
0.778349
0.77379
0.772352
0.773308
0.783307
0.825351
0.887246
0.945182
0.975516
0.984062
0.975788
0.932685
0.869842
0.825302
0.80327
0.798476
0.801159
0.817618
0.859197
0.89701
0.917573
0.932372
0.964272
1.00139
1.01446
1.01125
1.0079
1.00419
0.98988
0.954524
0.914496
0.889736
0.887212
0.90908
0.953506
0.984466
0.996034
0.996937
0.967477
0.953544
0.965584
0.991658
1.02622
1.06908
1.11229
1.13461
1.14171
1.13897
1.1069
1.0435
0.995194
0.979072
0.97637
0.984423
1.00898
1.0527
1.10399
1.13748
1.15393
1.1555
1.1597
1.16227
1.15104
1.1329
1.10716
1.07166
1.04642
1.045
1.05592
1.079
1.13681
1.19929
1.21938
1.21494
1.19645
1.18002
1.18826
1.20347
1.20311
1.1913
1.15206
1.11054
1.0946
1.09852
1.12946
1.18601
1.22227
1.22382
1.27739
4.15125
34.9028
0.822623
0.86373
0.872968
0.871051
0.837781
0.799153
0.775756
0.762685
0.760946
0.763933
0.770486
0.792559
0.829837
0.851366
0.867648
0.901742
0.929685
0.937584
0.931769
0.912929
0.883574
0.85058
0.831329
0.825964
0.829789
0.852949
0.893887
0.919811
0.92962
0.93382
0.930044
0.917982
0.924818
0.955769
0.984226
0.994006
0.994962
0.989048
0.967248
0.951415
0.954944
0.976657
0.995228
1.00165
0.997259
0.956914
0.916843
0.907383
0.914781
0.934497
0.985646
1.06903
1.12679
1.15142
1.16063
1.16179
1.1279
1.05618
1.00549
0.986122
0.982762
0.995277
1.0192
1.02852
1.04186
1.07678
1.11469
1.14035
1.15562
1.16032
1.16137
1.15959
1.15473
1.1297
1.08972
1.07138
1.07223
1.07778
1.08445
1.11132
1.14452
1.15611
1.15878
1.17953
1.2088
1.22497
1.23039
1.23157
1.20196
1.12739
1.08263
1.06741
1.06953
1.11063
1.17674
1.19967
1.26449
4.29601
34.9928
0.812243
0.870819
0.878525
0.882721
0.867173
0.813834
0.76981
0.760217
0.761776
0.768211
0.797636
0.841382
0.857729
0.857044
0.847492
0.838182
0.847953
0.881523
0.905407
0.912491
0.912335
0.898756
0.878775
0.866901
0.866618
0.888267
0.917504
0.932915
0.93726
0.934848
0.904022
0.862192
0.853731
0.8734
0.925821
0.968347
0.987182
0.997287
1.01313
1.02624
1.03176
1.03011
1.02686
1.02041
0.986865
0.933089
0.900982
0.889723
0.891699
0.89933
0.924915
1.01834
1.11656
1.15006
1.15759
1.1541
1.12502
1.08393
1.04422
1.01983
1.01222
1.01962
1.02653
1.0178
1.00754
1.01384
1.04641
1.1069
1.14558
1.16441
1.17728
1.19085
1.1987
1.18659
1.14402
1.10698
1.0913
1.08188
1.06785
1.05779
1.06492
1.08611
1.11715
1.17095
1.2207
1.24341
1.25009
1.2542
1.24236
1.16973
1.09092
1.05319
1.04126
1.0476
1.1013
1.1392
1.2225
4.44978
35.1584
0.798157
0.856103
0.867904
0.862402
0.836973
0.808708
0.789017
0.780922
0.788807
0.819991
0.85658
0.868421
0.863464
0.840025
0.810112
0.79571
0.79611
0.82054
0.876315
0.915992
0.928085
0.927881
0.924974
0.917274
0.917695
0.931307
0.940662
0.944542
0.944199
0.932346
0.876501
0.834143
0.823752
0.828971
0.851392
0.904295
0.958358
1.00162
1.04773
1.08725
1.09925
1.08915
1.06777
1.03646
0.986483
0.939593
0.90825
0.896012
0.894659
0.897191
0.904016
0.940275
1.04377
1.11939
1.13876
1.14264
1.12905
1.11292
1.09863
1.07674
1.05745
1.04632
1.03081
1.00717
0.98955
0.984181
0.988997
1.03778
1.11829
1.16345
1.19173
1.21596
1.22881
1.22387
1.19072
1.1485
1.11397
1.08277
1.05335
1.03581
1.03144
1.03664
1.07082
1.15569
1.22869
1.25755
1.26215
1.26318
1.247
1.19277
1.11652
1.04992
1.01648
1.00431
1.03164
1.07555
1.17969
4.5484
35.4129
0.787503
0.801543
0.80976
0.814036
0.819359
0.825774
0.835665
0.851789
0.870418
0.882103
0.885151
0.871963
0.834643
0.803905
0.788073
0.781968
0.782993
0.788812
0.820395
0.884332
0.925464
0.940202
0.943636
0.958364
0.978149
0.981333
0.973328
0.962466
0.951951
0.914041
0.853198
0.818401
0.808144
0.809071
0.815465
0.83153
0.877788
0.966868
1.05704
1.10599
1.12314
1.12595
1.1172
1.07813
1.00939
0.957322
0.926352
0.910397
0.905032
0.904582
0.906534
0.917675
0.964579
1.06014
1.12055
1.1379
1.13604
1.13362
1.13743
1.13511
1.11399
1.08028
1.04337
1.00946
0.984141
0.9718
0.971266
0.985594
1.06144
1.15263
1.20413
1.22895
1.23815
1.22893
1.20518
1.17407
1.13216
1.08354
1.04756
1.02794
1.02285
1.02643
1.04314
1.13425
1.23116
1.26236
1.26558
1.26361
1.23701
1.18101
1.13152
1.07403
1.01849
0.989229
1.00031
1.04534
1.15594
4.5683
35.6437
0.783057
0.75114
0.74209
0.75623
0.796891
0.848323
0.905944
0.944176
0.953505
0.941663
0.898533
0.844177
0.800634
0.780556
0.776463
0.777612
0.785693
0.797283
0.807649
0.826313
0.871078
0.913492
0.941979
0.978302
1.014
1.02646
1.02363
1.00284
0.966722
0.905358
0.846612
0.816814
0.808568
0.80988
0.814991
0.821227
0.832086
0.893193
1.03364
1.10652
1.12458
1.1287
1.12085
1.0896
1.04487
0.994452
0.952904
0.925399
0.911501
0.907777
0.909523
0.922862
0.947691
0.987118
1.05801
1.11001
1.13335
1.14322
1.15574
1.16709
1.16422
1.12652
1.07145
1.01911
0.980448
0.96715
0.966902
0.974785
1.01749
1.12987
1.20943
1.2329
1.2394
1.21993
1.18254
1.14401
1.1135
1.09123
1.06517
1.04636
1.04643
1.0564
1.07945
1.12045
1.19516
1.24295
1.25054
1.24548
1.20812
1.15993
1.13356
1.10914
1.06761
1.03051
1.02136
1.03262
1.1503
4.46428
35.6691
0.76651
0.721217
0.714434
0.716911
0.740496
0.842931
0.95563
0.991495
1.00239
0.9963
0.93912
0.841376
0.791043
0.776895
0.774938
0.782584
0.802968
0.819915
0.823741
0.815416
0.81173
0.830056
0.885337
0.959149
1.02083
1.05389
1.06372
1.05653
1.00377
0.918527
0.856312
0.825468
0.815739
0.815828
0.819756
0.826512
0.845567
0.899377
0.976275
1.0597
1.09942
1.11017
1.10885
1.09631
1.07221
1.03273
0.987389
0.952893
0.935013
0.928981
0.931072
0.943127
0.953576
0.95672
0.974717
1.04396
1.11196
1.15027
1.17175
1.18343
1.18294
1.16959
1.10786
1.03302
0.990525
0.977406
0.981278
1.0049
1.05005
1.11386
1.17651
1.20224
1.19815
1.17478
1.14088
1.11549
1.10723
1.10955
1.11475
1.11227
1.10122
1.0973
1.09385
1.09635
1.11999
1.17304
1.20321
1.20572
1.18488
1.15221
1.13846
1.13595
1.12964
1.1126
1.0852
1.04734
1.11711
4.39787
35.5403
0.747329
0.720864
0.715992
0.719198
0.756974
0.856893
0.950587
0.991972
1.00045
0.975236
0.908914
0.850618
0.810635
0.794292
0.794155
0.811503
0.831647
0.836902
0.826926
0.801226
0.787409
0.787427
0.805379
0.895076
1.00903
1.05431
1.06656
1.07024
1.04299
0.957881
0.88082
0.843644
0.830605
0.829331
0.832422
0.846852
0.890642
0.933495
0.954912
0.976279
1.02288
1.06591
1.08357
1.08687
1.07816
1.06314
1.03651
1.00001
0.973501
0.960223
0.954529
0.952643
0.946395
0.940948
0.947078
0.976045
1.06661
1.14771
1.18038
1.18709
1.181
1.16428
1.13087
1.06821
1.0227
1.01253
1.03203
1.0637
1.0867
1.10239
1.11089
1.11332
1.11389
1.11422
1.11194
1.11126
1.12187
1.14828
1.17331
1.18343
1.17166
1.12543
1.09025
1.07686
1.0756
1.0891
1.12717
1.15911
1.1693
1.16428
1.16771
1.18109
1.18777
1.18407
1.16142
1.08117
1.0079
4.42517
35.4031
0.731932
0.722124
0.725761
0.762495
0.814503
0.846828
0.889796
0.925852
0.931659
0.916932
0.900756
0.879123
0.855807
0.843022
0.843436
0.850941
0.853639
0.843261
0.806713
0.780322
0.773482
0.774946
0.783354
0.825877
0.961293
1.04805
1.06827
1.07167
1.0397
0.972672
0.912414
0.875712
0.859782
0.85733
0.867687
0.901615
0.9381
0.951865
0.949282
0.936208
0.937701
0.971899
1.03166
1.06499
1.07788
1.0874
1.07839
1.04434
1.00916
0.983354
0.967036
0.953706
0.943089
0.943038
0.956981
0.983863
1.01648
1.08366
1.1432
1.16011
1.15249
1.13822
1.12395
1.10512
1.08719
1.09007
1.10092
1.10664
1.10719
1.08588
1.04794
1.02585
1.0265
1.04133
1.06857
1.11009
1.15965
1.19333
1.20738
1.21556
1.20929
1.14905
1.08954
1.0659
1.0551
1.05165
1.06161
1.10052
1.15415
1.18938
1.20942
1.22187
1.22604
1.22061
1.19818
1.1052
0.979045
4.41244
35.4084
0.733063
0.727131
0.768389
0.821896
0.834737
0.836282
0.824682
0.81792
0.842242
0.877709
0.896862
0.904814
0.914288
0.917947
0.909443
0.894075
0.871265
0.826186
0.781874
0.766808
0.766328
0.77256
0.794402
0.846472
0.917837
0.996356
1.03492
1.03708
1.00889
0.973614
0.945513
0.922616
0.912275
0.916938
0.937641
0.959607
0.968877
0.965475
0.932589
0.90877
0.904554
0.909588
0.959065
1.04599
1.08411
1.09298
1.08458
1.06319
1.03664
1.00604
0.97778
0.963105
0.961504
0.977627
1.00191
1.01612
1.02102
1.01837
1.03194
1.0765
1.10636
1.11319
1.11526
1.13153
1.16712
1.17874
1.16547
1.14567
1.11712
1.06366
1.00721
0.978252
0.973191
0.982142
1.01909
1.10788
1.18755
1.22171
1.2293
1.23265
1.21646
1.16682
1.10809
1.06715
1.04781
1.04041
1.04407
1.05779
1.11463
1.18328
1.2158
1.23366
1.24226
1.23907
1.21897
1.14026
1.0385
4.29356
35.4704
0.756922
0.773773
0.828401
0.844271
0.840655
0.804948
0.764138
0.752523
0.761113
0.809632
0.878152
0.928449
0.966484
0.983886
0.983256
0.955161
0.89949
0.820263
0.776918
0.766827
0.768241
0.789543
0.848296
0.893998
0.912608
0.925088
0.937349
0.939246
0.945693
0.953851
0.956518
0.966584
0.986168
1.00515
1.01002
1.00595
0.989395
0.95015
0.912951
0.898726
0.897962
0.90279
0.923382
0.985507
1.05306
1.07781
1.07659
1.04514
1.01547
1.00585
1.00073
0.997744
1.01854
1.04267
1.0445
1.03519
1.01129
0.970525
0.951579
0.969738
1.03111
1.07937
1.11406
1.17378
1.22431
1.23649
1.21919
1.1835
1.12704
1.05209
0.995346
0.966625
0.958119
0.959709
0.977996
1.08133
1.18811
1.2235
1.23176
1.23343
1.20873
1.16813
1.13189
1.09293
1.06147
1.04419
1.04133
1.04681
1.06255
1.12877
1.19223
1.21937
1.22651
1.22535
1.21767
1.16935
1.15055
4.16844
35.6017
0.818818
0.838771
0.851693
0.847102
0.809737
0.766799
0.746851
0.74362
0.746961
0.756288
0.813176
0.930957
0.984006
0.996675
0.996454
0.968951
0.896542
0.834133
0.798836
0.788486
0.803979
0.855514
0.897204
0.912269
0.913881
0.883192
0.841097
0.834179
0.856111
0.906254
0.956298
1.01001
1.06119
1.07809
1.07655
1.05388
0.999737
0.945993
0.916633
0.905358
0.904447
0.916557
0.940095
0.95019
0.969624
1.00229
1.01793
1.01603
1.01216
1.01481
1.02451
1.06506
1.10021
1.10402
1.08246
1.04033
0.980803
0.932789
0.915294
0.915787
0.940677
1.00964
1.10472
1.1952
1.24273
1.25581
1.25086
1.22573
1.15617
1.06696
1.00242
0.968997
0.960564
0.963301
0.97386
1.04308
1.1594
1.21158
1.22316
1.22425
1.20074
1.17164
1.15176
1.13191
1.10016
1.0695
1.04936
1.0346
1.026
1.04906
1.12095
1.17367
1.19804
1.20416
1.20908
1.19181
1.22566
4.15918
35.8221
0.893191
0.894553
0.861497
0.812827
0.766898
0.743101
0.738508
0.740166
0.749199
0.776615
0.823328
0.891073
0.958419
0.978812
0.965112
0.92717
0.892802
0.861979
0.846084
0.85348
0.888002
0.916696
0.926321
0.925522
0.894876
0.833253
0.798765
0.793049
0.799057
0.825048
0.920463
1.02782
1.07967
1.09767
1.10484
1.09638
1.03812
0.966116
0.934038
0.926251
0.930444
0.947265
0.953945
0.942371
0.909867
0.901903
0.932092
0.981925
1.00958
1.02924
1.08233
1.13732
1.1528
1.14456
1.11099
1.04404
0.960181
0.917598
0.906897
0.908377
0.915423
0.941534
1.05307
1.19038
1.24033
1.2515
1.24008
1.21491
1.17642
1.11072
1.03738
0.99235
0.976188
0.975931
0.982297
1.0165
1.09756
1.17131
1.20546
1.21378
1.20777
1.18054
1.16483
1.15776
1.14035
1.09994
1.04578
1.0047
0.994773
1.00514
1.04464
1.12233
1.17791
1.20492
1.20931
1.2006
1.25381
4.17594
36.0989
0.956948
0.965916
0.901857
0.805175
0.754647
0.740873
0.739141
0.74756
0.784234
0.825646
0.844827
0.853238
0.865365
0.881145
0.89116
0.893877
0.894478
0.89885
0.923018
0.955269
0.962723
0.957661
0.947792
0.914977
0.850811
0.805742
0.788597
0.786769
0.790909
0.804314
0.863743
0.989648
1.06935
1.09049
1.08844
1.06391
1.04364
1.01691
0.98719
0.973613
0.972044
0.972268
0.95864
0.910305
0.870393
0.859552
0.86732
0.90926
0.982203
1.06905
1.15596
1.18805
1.19273
1.17531
1.12182
1.03024
0.961422
0.925654
0.915411
0.919087
0.934571
0.968148
1.03265
1.12906
1.19586
1.21541
1.21822
1.21489
1.20093
1.14925
1.07344
1.0179
0.991136
0.98506
0.991135
1.01915
1.05941
1.11063
1.17155
1.20233
1.2036
1.18191
1.16777
1.16485
1.15911
1.12752
1.05758
1.00669
0.992531
0.998626
1.00894
1.06979
1.15018
1.1869
1.19815
1.19359
1.25505
4.1851
36.3119
0.964345
0.970459
0.882687
0.811499
0.771985
0.757756
0.761863
0.794763
0.83276
0.848585
0.850698
0.828817
0.787736
0.776474
0.795955
0.838805
0.881416
0.935383
1.00889
1.04092
1.03888
1.01008
0.956512
0.887134
0.834409
0.806628
0.794733
0.79625
0.8141
0.853985
0.879088
0.900955
0.963993
1.02276
1.04435
1.05182
1.06157
1.06732
1.05839
1.03519
1.01032
0.978595
0.928733
0.877653
0.850055
0.843881
0.845797
0.855747
0.923951
1.09333
1.18012
1.19959
1.19811
1.15702
1.08763
1.03212
0.986582
0.957531
0.949243
0.95683
0.976327
1.00424
1.02894
1.05307
1.10154
1.16117
1.19207
1.19536
1.18272
1.14798
1.0967
1.055
1.03011
1.02063
1.02634
1.04961
1.06985
1.07654
1.09911
1.14447
1.16532
1.16763
1.1635
1.16077
1.15822
1.14112
1.09058
1.03861
1.01308
1.00614
1.00773
1.03763
1.11119
1.15973
1.16913
1.16149
1.2283
4.19651
36.4031
0.932336
0.919868
0.876333
0.839471
0.814453
0.808282
0.822389
0.845621
0.857055
0.85757
0.83854
0.782992
0.746699
0.739538
0.746241
0.767868
0.832081
0.955543
1.04198
1.06681
1.0717
1.05588
0.983341
0.896668
0.849477
0.828635
0.827524
0.840928
0.869431
0.881505
0.875587
0.85802
0.857159
0.902026
0.993184
1.05613
1.085
1.10222
1.11062
1.10335
1.06196
0.989503
0.916797
0.867469
0.847225
0.843269
0.847355
0.878838
0.962756
1.07006
1.15062
1.17598
1.15937
1.10528
1.06218
1.03883
1.0211
1.00739
1.00353
1.00901
1.01842
1.0281
1.02717
1.01847
1.02125
1.05102
1.11249
1.14364
1.14529
1.13324
1.11035
1.09544
1.08973
1.08853
1.09077
1.0894
1.07942
1.06245
1.05416
1.06343
1.10805
1.14202
1.15292
1.15375
1.14949
1.14119
1.12006
1.08916
1.06073
1.03995
1.03255
1.03814
1.06883
1.10631
1.11739
1.09464
1.16542
4.31111
36.5436
0.846915
0.858729
0.867022
0.876877
0.886948
0.891553
0.889829
0.883272
0.87335
0.85035
0.794487
0.746722
0.728117
0.726046
0.730328
0.738131
0.784421
0.935236
1.03726
1.06116
1.05759
1.01584
0.964384
0.929425
0.901551
0.891327
0.893744
0.902758
0.906345
0.890449
0.849375
0.826618
0.822726
0.826461
0.881644
1.01445
1.09221
1.11598
1.12721
1.12639
1.10077
1.02565
0.926927
0.87355
0.855846
0.856936
0.889804
0.950143
0.994962
1.03004
1.06811
1.08658
1.07797
1.06661
1.06154
1.0523
1.04899
1.06233
1.07967
1.08351
1.07565
1.05639
1.02582
0.998122
0.98439
0.982986
1.011
1.0749
1.11067
1.1197
1.13015
1.14065
1.15394
1.1634
1.15404
1.12101
1.07535
1.04103
1.02249
1.01439
1.04076
1.10353
1.14091
1.15094
1.1518
1.15702
1.1569
1.14411
1.11781
1.08808
1.06797
1.05234
1.04062
1.03639
1.02964
1.00052
1.08069
4.5835
36.7084
0.75282
0.773606
0.832944
0.890889
0.94457
0.976529
0.976545
0.948253
0.901147
0.835968
0.769909
0.733798
0.723955
0.725075
0.731775
0.765524
0.829411
0.889425
0.956379
0.991152
0.992568
0.985293
0.978593
0.971389
0.973839
0.976773
0.972451
0.956353
0.919739
0.863889
0.827672
0.815408
0.813881
0.817804
0.841635
0.934017
1.06499
1.11354
1.1249
1.11278
1.06626
1.01206
0.958428
0.912123
0.896455
0.912289
0.957083
0.990269
1.00101
1.00511
0.991489
0.979103
0.992731
1.02093
1.04276
1.05785
1.08863
1.12167
1.13617
1.13715
1.12565
1.08457
1.0271
0.986202
0.965856
0.958594
0.957902
0.990218
1.06418
1.1236
1.15964
1.18623
1.19974
1.20251
1.18511
1.14439
1.08707
1.03277
1.00111
0.992796
0.998199
1.03913
1.10651
1.15029
1.17392
1.18894
1.19484
1.18424
1.15794
1.13286
1.10713
1.07247
1.02976
0.986184
0.955786
0.940656
1.04055
4.81641
36.6919
0.7125
0.718487
0.753722
0.858854
0.960083
1.00379
1.01622
1.01323
0.967716
0.854334
0.770899
0.739886
0.734515
0.740931
0.768232
0.819173
0.850092
0.86118
0.867327
0.879862
0.9119
0.958092
0.997671
1.02939
1.04803
1.0516
1.03662
0.98202
0.90238
0.848022
0.824404
0.817479
0.816296
0.831939
0.873046
0.914916
0.97546
1.04862
1.07324
1.05762
1.03326
1.01862
0.999488
0.979337
0.976951
0.993947
1.00998
1.01191
1.00569
0.970659
0.92944
0.917168
0.928536
0.959359
1.00744
1.06891
1.13454
1.17226
1.17928
1.17448
1.16032
1.11083
1.04049
0.98897
0.963298
0.954864
0.952847
0.955444
0.995867
1.09266
1.16991
1.20149
1.21291
1.21376
1.19358
1.15618
1.10424
1.04735
1.0082
0.993824
0.995146
1.00277
1.04996
1.13362
1.18768
1.20899
1.21311
1.20335
1.17733
1.15569
1.1349
1.09399
1.03033
0.974804
0.940751
0.944206
1.06976
4.92611
36.5473
0.70155
0.705083
0.71515
0.784084
0.940861
1.00345
1.01565
1.00949
0.964351
0.881371
0.80682
0.774706
0.771354
0.781236
0.809168
0.839513
0.85052
0.844077
0.820865
0.817235
0.82955
0.892176
1.00255
1.06214
1.07968
1.08585
1.06644
0.998984
0.905751
0.851536
0.832288
0.828491
0.837296
0.878807
0.913714
0.923119
0.926977
0.939295
0.96422
0.991023
1.0107
1.02023
1.03404
1.06754
1.08363
1.06859
1.04769
1.02609
0.984628
0.934094
0.901869
0.891157
0.894707
0.909531
0.954527
1.06006
1.15478
1.1892
1.19671
1.19592
1.18194
1.13372
1.06674
1.01271
0.979342
0.964269
0.960022
0.965193
0.991523
1.03711
1.12295
1.18759
1.20708
1.20166
1.18417
1.16938
1.13671
1.08705
1.04414
1.01905
1.01105
1.01413
1.02026
1.06693
1.15628
1.19741
1.2035
1.19829
1.18453
1.16424
1.14992
1.12061
1.04965
0.991679
0.965947
0.967892
1.08922
4.95034
36.4383
0.704463
0.711087
0.734441
0.775094
0.857317
0.945186
0.974411
0.976721
0.960165
0.92095
0.869747
0.834634
0.821916
0.823371
0.834382
0.842159
0.83975
0.818528
0.805158
0.805819
0.810235
0.84707
0.968166
1.05687
1.07854
1.0776
1.03255
0.960046
0.912696
0.879257
0.862362
0.86135
0.885932
0.923184
0.934958
0.931828
0.909389
0.871686
0.864399
0.896671
0.963346
1.02697
1.10056
1.15519
1.16745
1.14431
1.08226
1.01997
0.967389
0.925861
0.901421
0.892404
0.894523
0.903138
0.926307
1.014
1.13891
1.18711
1.19299
1.18235
1.15905
1.12951
1.09418
1.05178
1.01419
0.992926
0.986519
0.993662
1.01123
1.01801
1.03508
1.10541
1.15943
1.1735
1.17407
1.17449
1.17193
1.14396
1.0988
1.05524
1.02978
1.0221
1.02022
1.02405
1.08313
1.15079
1.16914
1.17533
1.18477
1.17601
1.16681
1.15183
1.08883
1.02744
0.987747
0.954604
1.05313
4.96365
36.4778
0.717366
0.730173
0.758476
0.782631
0.804192
0.84368
0.896884
0.926856
0.934992
0.930984
0.920455
0.90645
0.888913
0.873508
0.861125
0.844331
0.822872
0.809935
0.807868
0.810173
0.836949
0.889911
0.929793
0.978457
1.00845
1.0014
0.975983
0.952518
0.933298
0.919179
0.91093
0.916052
0.938222
0.951169
0.949995
0.93892
0.893854
0.846732
0.834799
0.839972
0.875379
1.00444
1.12921
1.17088
1.17966
1.17758
1.13607
1.04704
0.972078
0.932687
0.914692
0.913747
0.925869
0.94815
0.972968
0.996022
1.05108
1.12129
1.14874
1.15098
1.14606
1.13404
1.11153
1.08485
1.05438
1.02981
1.01732
1.01529
1.01728
1.01033
1.00256
1.01778
1.09701
1.1566
1.17944
1.19002
1.19839
1.1918
1.14787
1.09265
1.05279
1.02622
1.0067
0.997358
1.02455
1.0987
1.13981
1.1618
1.17991
1.18529
1.1757
1.16079
1.11674
1.06036
1.01413
0.962707
1.00068
4.88147
36.6699
0.737307
0.744688
0.769954
0.789862
0.79937
0.805073
0.810002
0.825542
0.86868
0.911559
0.932191
0.943561
0.947883
0.938518
0.908023
0.860359
0.827181
0.818432
0.8213
0.849715
0.894787
0.911041
0.912768
0.898573
0.887721
0.901872
0.931607
0.949838
0.952351
0.956627
0.963509
0.977939
0.981153
0.973183
0.958888
0.925912
0.880154
0.852537
0.846679
0.859841
0.89454
0.962083
1.07917
1.14486
1.15288
1.12847
1.09001
1.05669
1.01722
0.980354
0.966059
0.969045
0.979217
0.987819
0.986226
0.978941
0.977427
1.00766
1.07809
1.12015
1.1299
1.12821
1.11934
1.1049
1.08946
1.07187
1.05521
1.03937
1.01708
0.995421
0.98561
0.984247
1.03204
1.12911
1.17856
1.19776
1.21087
1.20809
1.16964
1.1201
1.06776
1.02277
0.999348
0.988713
1.0017
1.06065
1.1176
1.14446
1.15909
1.16392
1.15597
1.15093
1.12867
1.08459
1.04379
0.992406
1.02475
4.62322
36.8574
0.754899
0.761406
0.78588
0.802218
0.808516
0.798345
0.769448
0.763432
0.776896
0.832912
0.90679
0.944466
0.957713
0.961644
0.947182
0.905117
0.870061
0.863886
0.87925
0.906588
0.917841
0.916635
0.883857
0.839267
0.820898
0.826156
0.862498
0.92064
0.957123
0.981315
1.01424
1.0275
1.02568
1.00429
0.965553
0.927782
0.897719
0.883005
0.890988
0.91527
0.93408
0.938914
0.956065
1.01444
1.06248
1.0772
1.08167
1.08561
1.08148
1.06643
1.0463
1.03429
1.02756
1.01224
0.982904
0.953844
0.940953
0.941212
0.975949
1.0535
1.09912
1.11182
1.11542
1.11781
1.1172
1.11194
1.09667
1.06673
1.02344
0.992033
0.981381
0.978937
0.998942
1.0844
1.16828
1.19956
1.21274
1.20829
1.17442
1.128
1.07579
1.03423
1.01231
1.00197
1.00539
1.03649
1.08449
1.11165
1.12462
1.12892
1.12504
1.12821
1.12106
1.09734
1.06625
1.0331
1.0903
4.33621
37.0061
0.798545
0.801061
0.814394
0.81927
0.817809
0.78796
0.757565
0.748519
0.749712
0.759306
0.813887
0.896872
0.937425
0.949277
0.956331
0.962244
0.962137
0.951715
0.942001
0.935027
0.919396
0.882381
0.845939
0.81589
0.802638
0.803491
0.812762
0.849754
0.921809
0.984455
1.02117
1.0355
1.03431
1.02358
1.00034
0.970358
0.951588
0.945561
0.946655
0.948969
0.946712
0.920608
0.886242
0.884048
0.937609
1.02269
1.07639
1.11047
1.14244
1.15672
1.14155
1.1033
1.0622
1.02023
0.972767
0.93666
0.920364
0.916585
0.919974
0.96305
1.04635
1.09804
1.12064
1.13527
1.14384
1.14516
1.13034
1.09202
1.0386
1.00006
0.985599
0.983946
0.995117
1.04749
1.13678
1.18439
1.19849
1.18762
1.14678
1.11003
1.08379
1.06075
1.04657
1.03844
1.0321
1.03793
1.0558
1.07607
1.08815
1.09802
1.09796
1.09944
1.09666
1.08631
1.07505
1.06369
1.13631
4.19134
37.1677
0.864487
0.848632
0.841135
0.829736
0.805652
0.776843
0.758756
0.751085
0.751338
0.75562
0.760716
0.785495
0.853977
0.924337
0.976776
1.02464
1.04828
1.04844
1.01477
0.956133
0.904093
0.864809
0.833679
0.813955
0.805276
0.805028
0.810523
0.816548
0.839804
0.91813
0.990374
1.01822
1.02982
1.04094
1.0495
1.04536
1.0278
1.00881
0.991633
0.969511
0.927661
0.87447
0.844775
0.839726
0.850735
0.911083
1.03089
1.13903
1.20488
1.22623
1.22264
1.1764
1.08999
1.01255
0.964914
0.93528
0.917479
0.91083
0.911365
0.91791
0.964273
1.06159
1.12963
1.15593
1.16632
1.16842
1.15602
1.11522
1.05749
1.01667
1.00046
0.999645
1.01038
1.03171
1.08281
1.13769
1.15765
1.14467
1.11341
1.0955
1.08516
1.08958
1.09405
1.08652
1.07157
1.05495
1.04904
1.0566
1.07171
1.0845
1.08901
1.0766
1.07272
1.07205
1.07272
1.0686
1.13665
4.21436
37.3253
0.929587
0.914158
0.875986
0.837514
0.80516
0.782847
0.768519
0.762497
0.760464
0.757459
0.748322
0.746039
0.756121
0.830084
0.968958
1.05462
1.08632
1.09751
1.08772
1.02035
0.922864
0.867089
0.838132
0.82134
0.815472
0.817529
0.817295
0.812476
0.812415
0.828453
0.907047
0.992214
1.03758
1.07112
1.09839
1.1067
1.09121
1.06042
1.02485
0.974211
0.902852
0.851873
0.832385
0.829936
0.833263
0.84489
0.940612
1.14069
1.22528
1.24131
1.24222
1.21914
1.13916
1.03466
0.972304
0.941908
0.924967
0.915988
0.913815
0.919264
0.930323
0.996028
1.11154
1.16382
1.17611
1.18014
1.17363
1.13918
1.08217
1.04189
1.02436
1.02111
1.02778
1.03669
1.0496
1.0764
1.09554
1.09217
1.08203
1.07657
1.08906
1.1206
1.13788
1.13879
1.11789
1.07617
1.05522
1.05248
1.06171
1.07853
1.08269
1.07307
1.06606
1.06715
1.07246
1.06878
1.1426
4.23867
37.4497
0.949793
0.959681
0.932897
0.873603
0.822582
0.797714
0.786223
0.777953
0.766699
0.751184
0.744365
0.744478
0.749494
0.774983
0.892506
1.04481
1.09267
1.09848
1.0734
1.02375
0.968984
0.909149
0.870039
0.848793
0.836343
0.825617
0.812798
0.807061
0.807865
0.811231
0.826485
0.910787
1.02854
1.0912
1.11641
1.12696
1.12531
1.10711
1.05937
0.979211
0.906343
0.859118
0.838377
0.835239
0.843045
0.870151
0.927162
1.0642
1.19537
1.22683
1.22471
1.18568
1.12467
1.06597
1.00961
0.9712
0.949454
0.937562
0.933665
0.937649
0.945676
0.964762
1.05638
1.14845
1.17241
1.17503
1.17272
1.15664
1.11156
1.07368
1.0538
1.04536
1.04429
1.04459
1.04183
1.03016
1.02509
1.03642
1.04951
1.06387
1.10669
1.15619
1.17471
1.17573
1.15394
1.09314
1.0521
1.03845
1.03895
1.05306
1.0757
1.08615
1.08151
1.07731
1.08059
1.07573
1.14564
4.22421
37.4703
0.932445
0.94591
0.937916
0.921837
0.877667
0.834897
0.807376
0.785323
0.765048
0.753556
0.749774
0.75492
0.784286
0.815988
0.844294
0.926226
1.019
1.04406
1.0405
1.03638
1.02233
0.982849
0.925942
0.87869
0.844146
0.820715
0.811247
0.809262
0.810986
0.815804
0.829241
0.86113
0.956532
1.07014
1.11244
1.12227
1.11261
1.08157
1.04483
1.00145
0.941778
0.895215
0.87526
0.874691
0.890019
0.915792
0.939318
0.974373
1.06876
1.14416
1.15996
1.14978
1.12805
1.10011
1.06282
1.02013
0.986928
0.966706
0.956651
0.953736
0.956382
0.96104
0.997149
1.09834
1.1521
1.16292
1.1676
1.16801
1.13814
1.10256
1.07981
1.06665
1.05843
1.04815
1.02424
0.995417
0.985426
0.997645
1.0251
1.07055
1.1456
1.18733
1.19719
1.19227
1.16956
1.10486
1.04522
1.02513
1.0212
1.02481
1.05951
1.09184
1.09951
1.09289
1.08768
1.08032
1.14027
4.20414
37.3955
0.876999
0.933508
0.944121
0.94959
0.942882
0.901089
0.840165
0.795799
0.774506
0.76766
0.771958
0.798982
0.82951
0.839008
0.840621
0.838012
0.868951
0.959428
1.01965
1.03717
1.04152
1.03317
0.99229
0.927066
0.868656
0.833326
0.822162
0.823709
0.829649
0.842602
0.863913
0.884351
0.906573
0.964558
1.03815
1.06797
1.07064
1.06451
1.0505
1.03031
0.997432
0.957906
0.934981
0.92907
0.932635
0.939508
0.945056
0.947166
0.958572
1.02424
1.09524
1.1222
1.12469
1.12033
1.10745
1.07702
1.03862
1.00507
0.981218
0.967717
0.961966
0.960714
0.968691
1.03584
1.12395
1.15806
1.17009
1.1769
1.15557
1.12069
1.0967
1.08147
1.06638
1.04054
1.00415
0.981556
0.974268
0.978182
1.00799
1.09745
1.17038
1.19683
1.20376
1.19722
1.16238
1.09182
1.0399
1.02196
1.01885
1.0234
1.05416
1.10181
1.10946
1.09294
1.07954
1.06749
1.14172
4.21681
37.3256
0.78093
0.890331
0.939507
0.953343
0.957572
0.953357
0.901988
0.833237
0.802859
0.799112
0.815161
0.842764
0.853803
0.850678
0.826432
0.798578
0.794035
0.82769
0.938478
1.01388
1.03232
1.03821
1.03943
1.00524
0.928754
0.872564
0.852561
0.851587
0.856387
0.86787
0.882745
0.890179
0.892918
0.890736
0.911952
0.98087
1.0353
1.05206
1.05526
1.05716
1.04969
1.02605
1.00049
0.982162
0.968861
0.956355
0.94391
0.936337
0.935407
0.940191
0.989742
1.07095
1.11112
1.12023
1.12245
1.12
1.10048
1.05708
1.01151
0.981285
0.967517
0.963329
0.962725
0.997282
1.0895
1.14788
1.1643
1.17111
1.15518
1.12545
1.10675
1.08866
1.06562
1.03448
1.00324
0.985098
0.97761
0.982556
1.02903
1.10479
1.16171
1.18616
1.19194
1.1702
1.12644
1.08609
1.05583
1.04041
1.0426
1.05381
1.07002
1.08793
1.0925
1.08078
1.06658
1.04606
1.14897
4.35262
37.3828
0.734128
0.784917
0.891124
0.943293
0.953561
0.953045
0.937648
0.896152
0.862647
0.854927
0.862663
0.868534
0.868328
0.850587
0.811918
0.787729
0.782215
0.78544
0.816059
0.926643
1.01136
1.03712
1.04496
1.03866
1.00384
0.944464
0.902086
0.88505
0.882018
0.884454
0.888401
0.888694
0.874588
0.858204
0.857887
0.879253
0.96006
1.03677
1.06481
1.07603
1.08453
1.08306
1.05282
1.01718
0.993684
0.975746
0.959076
0.943568
0.932825
0.930706
0.935838
0.976265
1.05946
1.1076
1.12439
1.13064
1.13062
1.1121
1.05983
1.00701
0.983415
0.978994
0.979886
0.998073
1.05515
1.11211
1.13683
1.14524
1.14003
1.12012
1.10469
1.09193
1.07224
1.04316
1.01713
1.00341
1.00149
1.02043
1.05654
1.08492
1.11264
1.13373
1.14153
1.13197
1.11074
1.0963
1.08737
1.0892
1.08586
1.07689
1.06463
1.04881
1.03757
1.03616
1.03298
1.01973
1.13463
4.60834
37.3907
0.729567
0.738342
0.789421
0.882014
0.928387
0.937709
0.941677
0.952576
0.95348
0.934214
0.908435
0.882878
0.850856
0.819867
0.799673
0.788734
0.785402
0.786245
0.791806
0.819054
0.916081
1.00139
1.02997
1.04052
1.05136
1.03939
0.98332
0.932509
0.908209
0.897509
0.888297
0.874639
0.857685
0.844862
0.842398
0.845323
0.868996
0.969153
1.06187
1.09453
1.10645
1.10832
1.0834
1.04077
1.00801
0.993359
0.985098
0.972974
0.952326
0.937161
0.933066
0.936687
0.970749
1.05368
1.10921
1.12767
1.1344
1.13111
1.10238
1.05168
1.01958
1.00981
1.0118
1.02124
1.03853
1.05917
1.07953
1.09486
1.1046
1.10648
1.10163
1.09594
1.08284
1.06509
1.04873
1.03815
1.04029
1.05319
1.06209
1.06434
1.06364
1.0707
1.08487
1.09924
1.10492
1.1106
1.12482
1.13103
1.12432
1.10941
1.07656
1.03543
1.00666
0.987994
0.987831
0.989361
1.13513
4.88649
37.4844
0.731768
0.738188
0.748093
0.775577
0.851057
0.918193
0.965788
1.00207
1.01774
1.00979
0.965655
0.902335
0.845025
0.816079
0.803835
0.797495
0.795898
0.796222
0.797852
0.803113
0.82064
0.898537
1.00191
1.04894
1.06128
1.0632
1.05123
1.0034
0.948383
0.914176
0.894215
0.877399
0.858274
0.844745
0.841628
0.844957
0.856068
0.903923
1.02542
1.09493
1.10918
1.10466
1.07719
1.04531
1.02533
1.01587
1.01386
1.00847
0.983568
0.951812
0.93653
0.934042
0.937821
0.970168
1.05775
1.11337
1.12735
1.12823
1.11277
1.09192
1.07051
1.0547
1.04553
1.03963
1.03324
1.0272
1.02702
1.03646
1.05908
1.08363
1.09252
1.09228
1.08634
1.08185
1.08001
1.08123
1.08616
1.08245
1.07055
1.05488
1.03893
1.02875
1.02762
1.04179
1.08014
1.11406
1.13844
1.14858
1.14714
1.14198
1.11882
1.06163
1.01281
0.980595
0.952815
0.928612
1.0932
5.025
37.5491
0.736961
0.738793
0.741506
0.74561
0.763315
0.852594
0.968833
1.0111
1.02341
1.019
0.983137
0.916598
0.866549
0.837939
0.824933
0.820116
0.817455
0.813702
0.810292
0.810379
0.815043
0.828783
0.898
1.00139
1.04801
1.05955
1.05941
1.04663
1.01086
0.9609
0.917853
0.884499
0.861024
0.8498
0.847792
0.857724
0.888329
0.922622
0.965954
1.03346
1.06594
1.06505
1.05701
1.05092
1.04411
1.042
1.04102
1.03718
1.01611
0.973722
0.945314
0.938862
0.942365
0.948956
0.987211
1.06181
1.09922
1.10802
1.10682
1.10338
1.10595
1.10452
1.08675
1.06059
1.03562
1.0183
1.0074
1.00531
1.01223
1.03916
1.06771
1.07942
1.08305
1.08589
1.09703
1.11542
1.12305
1.1164
1.09164
1.06335
1.03952
1.0161
0.999999
0.996028
1.0319
1.09566
1.12634
1.13454
1.13527
1.13401
1.12022
1.09105
1.04304
0.992922
0.954728
0.911115
1.02037
5.00373
37.8228
0.740157
0.740244
0.741886
0.74797
0.768888
0.820415
0.90984
0.976615
0.994345
0.985274
0.958794
0.930846
0.902818
0.879947
0.862294
0.849883
0.841009
0.834158
0.829458
0.827612
0.83077
0.839393
0.845357
0.881571
0.970242
1.02606
1.04054
1.04421
1.04596
1.02708
0.966293
0.904631
0.875989
0.867952
0.87337
0.900714
0.93148
0.94509
0.949682
0.949397
0.969774
1.00769
1.03532
1.05042
1.06114
1.06399
1.06335
1.06141
1.04833
1.00778
0.971896
0.960499
0.962087
0.965541
0.968791
0.987772
1.02719
1.06069
1.08434
1.10418
1.11865
1.12474
1.12173
1.09444
1.05453
1.02404
1.00708
0.997967
0.994275
0.998849
1.02505
1.05309
1.07082
1.0864
1.11018
1.13188
1.14057
1.14001
1.12373
1.09229
1.05019
1.00755
0.982644
0.973606
0.981986
1.04526
1.09976
1.11904
1.12762
1.12925
1.11926
1.10062
1.06902
1.02007
0.970419
0.914909
0.98288
4.82978
38.0059
0.750575
0.750653
0.755691
0.777614
0.815968
0.838227
0.849249
0.872227
0.901554
0.924101
0.934974
0.938091
0.940266
0.932302
0.911027
0.887944
0.872537
0.864454
0.86026
0.857099
0.853356
0.847277
0.839922
0.838003
0.856787
0.940733
1.01523
1.04058
1.04618
1.03733
1.00814
0.958591
0.921333
0.911007
0.92238
0.946267
0.959581
0.960434
0.937374
0.902213
0.895753
0.918585
0.977381
1.03059
1.05868
1.07442
1.0804
1.08205
1.0771
1.04848
1.01385
0.994327
0.984588
0.975534
0.962793
0.954251
0.957289
0.985117
1.04272
1.09607
1.12442
1.13723
1.14296
1.134
1.0956
1.05005
1.01643
0.995482
0.983565
0.978852
0.983423
1.0105
1.05031
1.09082
1.1289
1.14855
1.1548
1.15581
1.15048
1.12324
1.0627
1.0037
0.974642
0.96503
0.962198
0.9865
1.06154
1.11259
1.1262
1.12376
1.10867
1.08604
1.06813
1.03975
1.00263
0.962192
1.02741
4.55317
38.092
0.775135
0.770581
0.78601
0.819478
0.843058
0.84777
0.830355
0.800804
0.79785
0.826214
0.888403
0.93036
0.942727
0.949562
0.951507
0.938529
0.919852
0.907379
0.900264
0.89378
0.881272
0.857546
0.837044
0.831229
0.831793
0.846468
0.919215
0.994521
1.0215
1.02368
1.02319
1.02002
0.999353
0.984938
0.98461
0.985463
0.982243
0.965259
0.91509
0.876579
0.865884
0.870645
0.898903
0.976832
1.04623
1.07883
1.09619
1.10245
1.10128
1.08313
1.05127
1.02475
1.00262
0.979081
0.952755
0.935013
0.930279
0.934344
0.97297
1.06247
1.12711
1.15449
1.16584
1.17058
1.14872
1.0893
1.03227
0.993832
0.969879
0.959568
0.959171
0.973052
1.02
1.09609
1.1508
1.17166
1.17247
1.16955
1.16154
1.13153
1.07223
1.01336
0.979039
0.965183
0.962981
0.96829
1.01307
1.08418
1.10855
1.10124
1.08348
1.05787
1.04824
1.03946
1.02719
1.00479
1.09885
4.35583
38.1775
0.819832
0.809097
0.833227
0.855802
0.861696
0.844412
0.798985
0.770858
0.765215
0.768937
0.798127
0.876629
0.933269
0.952476
0.961772
0.96995
0.967097
0.956884
0.946842
0.934883
0.912805
0.877345
0.846663
0.832497
0.829255
0.831727
0.841587
0.885564
0.95856
1.00669
1.0299
1.04677
1.06759
1.07405
1.0561
1.02794
0.99881
0.951465
0.893812
0.860056
0.849541
0.851074
0.858281
0.896657
1.00095
1.07801
1.10537
1.11683
1.1184
1.10667
1.07683
1.04194
1.01094
0.981146
0.951254
0.928145
0.916422
0.914607
0.922124
0.991639
1.11301
1.17264
1.1943
1.20312
1.19068
1.13073
1.05134
0.992525
0.961127
0.947334
0.944525
0.950878
0.981011
1.07484
1.15668
1.18233
1.18669
1.18272
1.16302
1.1224
1.07809
1.03642
1.00483
0.988114
0.984375
0.988281
0.997116
1.03969
1.07381
1.0726
1.05593
1.04506
1.04279
1.04828
1.05247
1.03378
1.09027
4.33273
38.2205
0.89865
0.883931
0.881193
0.880821
0.859177
0.808256
0.772764
0.758269
0.755878
0.756774
0.763341
0.795162
0.876633
0.938919
0.965677
0.978954
0.98909
0.995781
0.991369
0.976269
0.950817
0.913605
0.875532
0.851476
0.841224
0.834961
0.821163
0.817426
0.840762
0.916742
1.00026
1.06455
1.11967
1.14056
1.13489
1.09463
1.02788
0.949608
0.887593
0.855439
0.846031
0.846555
0.851268
0.860465
0.925686
1.04951
1.10644
1.11953
1.12318
1.12166
1.10056
1.06115
1.02329
0.988232
0.955522
0.928188
0.910552
0.903411
0.903967
0.933594
1.06779
1.17978
1.2082
1.21691
1.20402
1.1604
1.08037
1.00379
0.964006
0.948927
0.949397
0.965987
0.981108
1.02349
1.12749
1.17532
1.18018
1.1696
1.15899
1.13142
1.0979
1.07351
1.05
1.02748
1.01267
1.00436
0.997053
0.995725
1.02342
1.04676
1.05386
1.06474
1.0805
1.09223
1.09503
1.06082
1.05164
4.34268
38.0788
0.969048
0.975797
0.942855
0.895015
0.838233
0.785235
0.75876
0.752537
0.75228
0.757844
0.771206
0.788052
0.806288
0.860737
0.932466
0.975896
0.995372
1.00463
1.00759
1.00476
0.995169
0.971348
0.928597
0.887056
0.859236
0.835039
0.810685
0.799668
0.801498
0.816931
0.904998
1.05276
1.13514
1.16132
1.16642
1.15856
1.08938
0.972116
0.895382
0.861299
0.85235
0.856435
0.86325
0.871256
0.892071
0.983504
1.08156
1.11111
1.11479
1.11521
1.1151
1.09891
1.05612
1.0045
0.960345
0.927246
0.90868
0.90198
0.903321
0.924725
1.02153
1.15498
1.20379
1.21216
1.19451
1.15061
1.10114
1.0375
0.987545
0.968534
0.971737
0.979554
0.980006
0.983715
1.04753
1.13009
1.15237
1.1541
1.15367
1.14849
1.13255
1.11404
1.09335
1.06734
1.0379
1.00603
0.977409
0.961264
0.967487
1.01144
1.06199
1.10708
1.13126
1.13356
1.12824
1.08104
1.05426
4.3065
37.936
0.995083
1.03269
1.0229
0.961689
0.849219
0.781063
0.758263
0.753388
0.755947
0.767848
0.785127
0.795451
0.80098
0.80727
0.8451
0.924815
0.979701
1.00027
1.00799
1.01429
1.0167
1.0135
0.992074
0.938244
0.880881
0.838598
0.812824
0.802932
0.805031
0.813445
0.836363
0.96699
1.11861
1.15732
1.1595
1.14746
1.10714
1.02375
0.935723
0.88981
0.876349
0.876985
0.881203
0.885403
0.893494
0.919844
0.999012
1.07349
1.10287
1.11714
1.12476
1.1288
1.10384
1.03099
0.962755
0.925765
0.911098
0.906746
0.917368
0.956096
1.00745
1.08851
1.15806
1.17648
1.16012
1.12819
1.11191
1.08947
1.04468
1.0137
0.999555
0.98813
0.976765
0.970703
0.976859
1.05207
1.12589
1.14993
1.15871
1.16892
1.16703
1.14914
1.12621
1.09849
1.05468
0.997479
0.958119
0.94661
0.944964
0.972814
1.07003
1.13655
1.15273
1.14845
1.13624
1.08788
1.10521
4.2576
37.951
0.992674
1.03626
1.02093
0.959005
0.875434
0.808842
0.779269
0.772653
0.77648
0.786002
0.794788
0.800698
0.805049
0.809888
0.815111
0.833826
0.902036
0.972388
1.00187
1.01189
1.01584
1.01791
1.01947
1.00114
0.929336
0.858421
0.825672
0.819727
0.827405
0.840127
0.851263
0.882513
1.01458
1.10986
1.12472
1.12402
1.1198
1.08316
1.00023
0.935026
0.907358
0.899312
0.897752
0.897766
0.898355
0.900477
0.918743
1.00218
1.09092
1.12278
1.13206
1.13795
1.12846
1.06249
0.978372
0.936957
0.925901
0.92986
0.957162
0.985258
0.997535
1.01904
1.07517
1.11886
1.12597
1.11547
1.11563
1.12135
1.11613
1.083
1.03665
0.999822
0.972129
0.953587
0.950747
0.969781
1.05668
1.1375
1.17337
1.18284
1.18032
1.16788
1.14935
1.12336
1.06886
0.998822
0.958654
0.948014
0.948846
0.976434
1.06406
1.12338
1.1341
1.127
1.11679
1.08665
1.15932
4.27681
38.0936
0.922164
0.985886
0.976324
0.959465
0.924212
0.875437
0.832986
0.810035
0.802212
0.801838
0.804551
0.809574
0.815913
0.817681
0.812635
0.810112
0.819192
0.878674
0.962344
0.997952
1.01007
1.02001
1.02485
1.0255
0.986276
0.905639
0.862033
0.852514
0.857208
0.862337
0.860427
0.859779
0.88885
1.00897
1.08866
1.10923
1.11469
1.11094
1.06877
1.00095
0.954083
0.930021
0.917026
0.907173
0.899015
0.896859
0.899581
0.926168
1.03483
1.11208
1.12939
1.13213
1.116
1.07319
1.01522
0.975012
0.962844
0.967461
0.983854
0.995471
0.992756
0.987783
0.997757
1.03909
1.08218
1.10796
1.12581
1.14419
1.15743
1.15233
1.10083
1.0288
0.975755
0.952783
0.950814
0.956128
0.987441
1.09062
1.16478
1.1811
1.17742
1.16446
1.15049
1.1301
1.07578
1.01169
0.981419
0.976319
0.98144
1.00725
1.05643
1.09179
1.10195
1.09996
1.09424
1.08083
1.15868
4.33897
38.2074
0.811235
0.879333
0.923484
0.946488
0.949934
0.948013
0.917258
0.871463
0.841484
0.827892
0.823599
0.824155
0.8254
0.823606
0.815092
0.802393
0.797361
0.803642
0.86505
0.96468
1.00643
1.01568
1.01795
1.01581
1.01077
0.977665
0.929195
0.900638
0.887056
0.874262
0.859083
0.848647
0.849965
0.885345
0.996659
1.07416
1.09946
1.11011
1.1125
1.0837
1.02498
0.974589
0.940668
0.918262
0.905485
0.901357
0.902497
0.908214
0.956117
1.05484
1.1009
1.10829
1.10426
1.08776
1.06141
1.03231
1.01365
1.00546
1.00162
0.99512
0.986146
0.977366
0.969022
0.970547
1.01441
1.07764
1.1218
1.15031
1.16601
1.17002
1.15528
1.08347
1.00524
0.968906
0.963388
0.970405
0.987147
1.05032
1.13093
1.15771
1.15456
1.14088
1.12469
1.10674
1.07013
1.02287
1.00591
1.00726
1.01443
1.03037
1.05909
1.07727
1.08128
1.07608
1.07563
1.07176
1.14931
4.41711
38.3987
0.761604
0.762936
0.814369
0.906199
0.954097
0.964901
0.96939
0.955047
0.911193
0.872825
0.851816
0.841997
0.837271
0.831342
0.812274
0.795037
0.78922
0.790528
0.799525
0.868188
0.964343
0.996547
1.00258
1.00985
1.02534
1.03309
1.00428
0.951861
0.908572
0.874591
0.85278
0.846604
0.847412
0.854723
0.889136
0.989847
1.07387
1.10658
1.11685
1.11987
1.10456
1.0494
0.983611
0.938809
0.917039
0.909228
0.907686
0.908786
0.917244
0.966639
1.04773
1.08843
1.10096
1.11111
1.1086
1.09108
1.06393
1.03853
1.01975
1.00396
0.988734
0.97196
0.958221
0.954906
0.960865
1.01028
1.09115
1.1428
1.16058
1.16397
1.15759
1.11674
1.04449
1.00139
0.99112
0.996583
1.00841
1.05299
1.10562
1.12364
1.11718
1.10484
1.09474
1.08904
1.07374
1.03876
1.02103
1.02119
1.02715
1.03324
1.05678
1.07246
1.06802
1.06515
1.06405
1.05805
1.14069
4.4638
38.4988
0.744631
0.728495
0.732585
0.782875
0.89269
0.957642
0.979312
0.987352
0.985686
0.95925
0.918328
0.884936
0.859024
0.829471
0.800613
0.788118
0.786225
0.78788
0.792307
0.80583
0.86787
0.952115
0.995845
1.02448
1.04874
1.06013
1.05443
1.00671
0.932563
0.881044
0.859964
0.854213
0.854373
0.856823
0.865155
0.897573
0.994921
1.08047
1.11397
1.12598
1.13062
1.1136
1.04311
0.96953
0.931482
0.91636
0.909867
0.90628
0.906304
0.914616
0.961913
1.05128
1.10606
1.12604
1.13751
1.13256
1.10691
1.07005
1.03904
1.01739
0.999706
0.980613
0.962941
0.954649
0.954782
0.967802
1.03697
1.11682
1.14635
1.15162
1.14919
1.12108
1.06815
1.0318
1.02153
1.02274
1.02733
1.05184
1.08295
1.08969
1.08168
1.07341
1.07439
1.08354
1.08567
1.06724
1.03655
1.02398
1.02107
1.01833
1.02761
1.05533
1.06991
1.06296
1.0533
1.04611
1.14243
4.50325
38.5829
0.748389
0.728793
0.729719
0.731908
0.760094
0.863918
0.955564
0.997859
1.02428
1.03337
1.02069
0.960095
0.880491
0.824562
0.797383
0.787264
0.78531
0.785762
0.79003
0.79636
0.810325
0.865592
0.966686
1.03206
1.05703
1.06512
1.0616
1.03583
0.968713
0.903223
0.875267
0.866959
0.865294
0.867212
0.869447
0.87962
0.924508
1.02568
1.09868
1.12084
1.12674
1.11967
1.07963
1.014
0.960971
0.931897
0.91828
0.911581
0.908158
0.908867
0.924732
0.988901
1.08353
1.1249
1.13927
1.13689
1.11539
1.09142
1.06487
1.03931
1.01861
0.996326
0.970154
0.956785
0.955907
0.965818
1.00279
1.07898
1.12323
1.13405
1.13758
1.12546
1.08226
1.05087
1.03953
1.03591
1.03406
1.04537
1.06755
1.07001
1.06371
1.05994
1.07204
1.09427
1.10502
1.10227
1.06774
1.03342
1.0085
0.990413
0.98184
1.00255
1.02883
1.0365
1.0426
1.04266
1.15382
4.56805
38.6739
0.765187
0.737369
0.733421
0.726514
0.725941
0.742962
0.852226
0.986091
1.04074
1.05912
1.06678
1.04588
0.945704
0.846814
0.804074
0.789978
0.786714
0.7863
0.789841
0.797999
0.807837
0.826823
0.908142
1.01745
1.05211
1.06007
1.05285
1.01816
0.967798
0.926506
0.898854
0.885239
0.881234
0.883004
0.885342
0.893478
0.925094
0.967628
1.03266
1.08386
1.10058
1.1039
1.08788
1.05102
1.00333
0.961037
0.934135
0.919876
0.912318
0.910815
0.928236
0.971941
1.03558
1.09414
1.12014
1.12277
1.10181
1.08177
1.0715
1.05849
1.04026
1.01489
0.983778
0.970641
0.97307
0.983511
1.01061
1.05883
1.09682
1.11207
1.11785
1.11794
1.09296
1.06364
1.04818
1.03793
1.02908
1.02722
1.04287
1.05407
1.05689
1.06163
1.08761
1.11664
1.12723
1.12549
1.10672
1.05942
1.00559
0.960552
0.935701
0.933029
0.963373
1.00864
1.04795
1.05857
1.17923
4.61597
38.7603
0.796149
0.751506
0.73117
0.722942
0.723034
0.728073
0.759025
0.904928
1.03323
1.06331
1.06957
1.05723
0.997158
0.893681
0.828112
0.804207
0.798246
0.797993
0.801672
0.810128
0.824186
0.849273
0.894759
0.963236
1.01164
1.02406
1.01953
1.00238
0.975351
0.9461
0.922474
0.906974
0.902569
0.904933
0.909116
0.925924
0.947377
0.958102
0.967213
1.00708
1.05599
1.07848
1.08474
1.06636
1.03869
0.998235
0.957683
0.935108
0.926776
0.933903
0.96421
0.987596
1.00212
1.02989
1.06452
1.08106
1.07958
1.07526
1.0736
1.06952
1.05745
1.03614
1.01345
1.00355
1.00726
1.01361
1.02325
1.04514
1.07233
1.08815
1.09499
1.09866
1.08987
1.07474
1.05682
1.03828
1.02643
1.02013
1.02492
1.03768
1.05017
1.06667
1.10282
1.13058
1.1393
1.13611
1.12687
1.08812
1.00951
0.952401
0.930538
0.921677
0.928463
0.994283
1.06764
1.07389
1.1966
4.63272
38.8484
0.837415
0.768593
0.742197
0.733638
0.734882
0.74829
0.772257
0.818573
0.935781
1.01618
1.03344
1.02794
1.00544
0.957953
0.887718
0.839079
0.819224
0.814143
0.815371
0.825633
0.851917
0.882895
0.902592
0.915498
0.935972
0.961004
0.978142
0.982032
0.978362
0.96346
0.941772
0.930546
0.92817
0.931618
0.939258
0.957497
0.966473
0.961902
0.954523
0.954311
0.979421
1.02427
1.05345
1.06329
1.04283
1.01554
0.992722
0.97431
0.966163
0.978999
0.997304
1.00128
0.99891
0.997633
1.00151
1.02771
1.05951
1.07234
1.0677
1.06069
1.05609
1.05386
1.05385
1.04562
1.03924
1.03817
1.03763
1.03896
1.05231
1.0641
1.06826
1.07038
1.06753
1.06221
1.05843
1.04767
1.0378
1.02833
1.02573
1.03089
1.04194
1.0645
1.10617
1.13086
1.13293
1.12365
1.11044
1.06229
1.00567
0.974946
0.958741
0.953934
0.970142
1.00802
1.04813
1.0594
1.17955
4.67588
38.9882
0.88797
0.815962
0.7769
0.763937
0.764802
0.778894
0.794041
0.803196
0.822569
0.891251
0.963279
0.992835
0.998371
0.991745
0.958624
0.894165
0.846499
0.830025
0.832536
0.858234
0.892048
0.911127
0.917902
0.902934
0.885047
0.886471
0.913361
0.947335
0.961548
0.964137
0.959083
0.953605
0.953725
0.959688
0.973819
0.986529
0.988092
0.977941
0.955068
0.938856
0.933475
0.946284
0.983089
1.01857
1.02777
1.01927
1.0216
1.02239
1.02593
1.03252
1.02539
1.01188
0.995146
0.977595
0.971091
0.978465
1.0086
1.04318
1.05365
1.05381
1.05719
1.07119
1.08028
1.07809
1.06933
1.06026
1.05025
1.04307
1.04263
1.0449
1.04239
1.041
1.04118
1.04522
1.05481
1.05858
1.0563
1.05296
1.05067
1.05652
1.06687
1.07937
1.09712
1.1068
1.1028
1.09302
1.07815
1.03882
1.00759
0.998935
0.998042
1.00973
1.03029
1.04368
1.0532
1.05195
1.1575
4.60931
38.9311
0.920673
0.888725
0.835479
0.808444
0.801896
0.806412
0.811149
0.806647
0.796307
0.798707
0.836422
0.915951
0.966051
0.977087
0.971735
0.948011
0.901044
0.878101
0.885343
0.90976
0.9257
0.931781
0.920026
0.885254
0.860834
0.854326
0.859045
0.890984
0.937173
0.960979
0.966578
0.965522
0.972317
0.987712
1.00698
1.01339
1.01192
1.00026
0.968612
0.93347
0.912902
0.906714
0.914226
0.939344
0.987897
1.01991
1.03282
1.05602
1.08303
1.08839
1.07045
1.03322
0.998416
0.977012
0.967319
0.96412
0.96758
0.990689
1.02409
1.04389
1.05894
1.07858
1.09406
1.09804
1.09363
1.08394
1.06652
1.05145
1.04296
1.03629
1.02499
1.01483
1.01341
1.01968
1.04659
1.06357
1.07082
1.07575
1.07932
1.08052
1.08627
1.09096
1.09145
1.08541
1.06842
1.05762
1.04118
1.02284
1.01626
1.01428
1.02064
1.04936
1.07027
1.06927
1.06345
1.04969
1.14373
4.51522
38.7489
0.924402
0.927287
0.915114
0.875156
0.846141
0.833671
0.823421
0.805724
0.793422
0.791082
0.792245
0.807971
0.874966
0.932402
0.947167
0.946877
0.955995
0.966667
0.964934
0.957986
0.950929
0.933665
0.898015
0.866297
0.847914
0.840599
0.839229
0.843505
0.880262
0.928322
0.955663
0.969385
0.985222
1.01558
1.03633
1.04038
1.03683
1.02287
0.985825
0.942309
0.914819
0.896946
0.882441
0.881731
0.901879
0.962624
1.02242
1.07661
1.12009
1.13169
1.12518
1.07602
1.01595
0.985046
0.971934
0.963662
0.956483
0.956584
0.977205
1.01464
1.05091
1.07911
1.09908
1.1105
1.1109
1.10712
1.09154
1.06796
1.0484
1.03379
1.01641
0.997782
0.989433
0.991063
1.02309
1.05988
1.07909
1.08953
1.10103
1.10448
1.09974
1.0974
1.08944
1.07252
1.04853
1.03358
1.01107
0.999034
1.00365
1.01283
1.02866
1.06112
1.09086
1.09173
1.08785
1.06767
1.14847
4.44068
38.7072
0.926397
0.949053
0.9556
0.942664
0.894094
0.85262
0.831866
0.821696
0.811052
0.799814
0.789252
0.781958
0.786579
0.835325
0.90186
0.949367
0.993811
1.0348
1.04663
1.02943
0.989186
0.936678
0.89056
0.861581
0.845482
0.838236
0.836302
0.838305
0.847173
0.867801
0.907935
0.952573
0.993099
1.03412
1.0612
1.06844
1.06242
1.04824
1.01317
0.963486
0.924505
0.895034
0.87317
0.865051
0.86662
0.885442
0.974639
1.07655
1.12192
1.13424
1.13655
1.11516
1.05396
1.00693
0.980466
0.963418
0.953569
0.950458
0.953968
0.970123
1.0164
1.06481
1.09734
1.11735
1.12701
1.12722
1.11981
1.09431
1.05916
1.03045
1.00776
0.99033
0.980887
0.979225
0.999217
1.03186
1.06565
1.09182
1.10835
1.1197
1.1174
1.10949
1.09836
1.07437
1.04852
1.02994
1.00431
0.978977
0.985118
0.996538
1.0158
1.05912
1.09385
1.09342
1.09126
1.07791
1.1597
4.4423
38.8001
0.921218
0.952146
0.95703
0.955202
0.928277
0.886305
0.860874
0.848448
0.837077
0.815386
0.790219
0.776828
0.773828
0.777196
0.806911
0.898987
0.999826
1.04724
1.06315
1.06756
1.04695
0.970265
0.899474
0.86616
0.851237
0.844669
0.841138
0.841074
0.843036
0.844782
0.854141
0.900499
0.981396
1.03654
1.0638
1.07368
1.06981
1.0654
1.05333
1.00082
0.940102
0.896631
0.873895
0.866954
0.869608
0.880253
0.917581
1.02704
1.10564
1.12435
1.12588
1.12562
1.10683
1.04934
0.999172
0.971301
0.959335
0.956522
0.960592
0.966656
0.975343
1.00848
1.06241
1.10922
1.13568
1.14206
1.13833
1.12628
1.08071
1.03296
1.00695
0.992899
0.984847
0.984455
0.995856
1.0025
1.01825
1.06476
1.10309
1.12504
1.12957
1.11919
1.10786
1.08595
1.05978
1.03996
1.01464
0.98665
0.976823
0.978169
0.984451
1.03315
1.08122
1.09148
1.08945
1.07919
1.16577
4.47028
38.9075
0.878818
0.933696
0.936804
0.936453
0.932355
0.924448
0.908413
0.887712
0.863306
0.832826
0.801988
0.7821
0.775689
0.775383
0.780653
0.82097
0.944186
1.03152
1.05776
1.06165
1.03939
0.995297
0.945321
0.900323
0.872531
0.857376
0.84845
0.841995
0.838936
0.843329
0.858906
0.880746
0.925779
1.0025
1.04846
1.06208
1.06198
1.06214
1.06089
1.04592
0.976078
0.911908
0.885516
0.882875
0.889694
0.898896
0.915365
0.954799
1.03763
1.09281
1.11195
1.12083
1.11801
1.08953
1.04491
1.00504
0.981318
0.969712
0.964034
0.961043
0.959262
0.96432
0.987817
1.05513
1.11865
1.14326
1.14819
1.14365
1.11919
1.06896
1.03027
1.01143
1.00161
0.996299
0.996304
0.993902
0.990291
1.0161
1.08125
1.11922
1.12726
1.11956
1.114
1.10179
1.0761
1.0561
1.03388
1.00742
0.990019
0.97608
0.97243
1.00079
1.06069
1.07718
1.07452
1.06271
1.16168
4.5401
39.0417
0.817067
0.855947
0.879989
0.907458
0.929547
0.942127
0.944248
0.933724
0.908928
0.870032
0.826967
0.796786
0.78557
0.785066
0.798405
0.834917
0.869953
0.930568
0.991858
1.01887
1.02213
1.01794
1.00179
0.964265
0.913999
0.875506
0.855344
0.847273
0.848932
0.862324
0.878062
0.886587
0.893534
0.924908
0.992767
1.03933
1.05696
1.06234
1.06614
1.06772
1.0318
0.954729
0.914345
0.905832
0.909139
0.914523
0.919276
0.9272
0.948676
1.00484
1.06148
1.09167
1.10494
1.111
1.10237
1.06691
1.02398
0.993364
0.974591
0.962271
0.950293
0.943639
0.946223
0.971666
1.05552
1.12159
1.14062
1.14408
1.14105
1.11588
1.07252
1.04062
1.02331
1.01202
1.00057
0.989482
0.979752
0.983397
1.03104
1.09551
1.11991
1.11503
1.11137
1.11068
1.09548
1.07505
1.05656
1.0361
1.00787
0.981222
0.970966
0.980349
1.0242
1.05622
1.06043
1.04965
1.15579
4.63319
39.1526
0.788262
0.773608
0.785494
0.832763
0.899249
0.937948
0.95324
0.960639
0.956383
0.92175
0.861891
0.819658
0.806011
0.807782
0.829765
0.852622
0.857046
0.856702
0.872579
0.928928
0.987495
1.01254
1.01778
1.01356
0.987874
0.934934
0.891288
0.872038
0.871301
0.878221
0.884547
0.888364
0.890133
0.891386
0.911001
0.975456
1.03022
1.05203
1.0603
1.06408
1.06265
1.02466
0.966755
0.939119
0.933033
0.933592
0.930415
0.924989
0.920703
0.926083
0.964684
1.0363
1.08893
1.10851
1.11297
1.1107
1.09042
1.04796
1.00643
0.975212
0.954675
0.945199
0.941693
0.942714
0.96342
1.04782
1.11514
1.13558
1.13927
1.13473
1.12219
1.09572
1.06623
1.04053
1.01392
0.987318
0.971503
0.968588
0.980116
1.04183
1.09882
1.1143
1.1162
1.11795
1.11615
1.0989
1.07606
1.05944
1.03066
0.998047
0.979264
0.973322
0.992746
1.02379
1.03745
1.03638
1.14644
4.7381
39.1661
0.775031
0.748202
0.744581
0.753267
0.808794
0.901672
0.948258
0.960721
0.963988
0.95512
0.924077
0.881463
0.856323
0.850575
0.85639
0.860664
0.851232
0.828985
0.818104
0.828355
0.898937
0.983177
1.01539
1.02085
1.02195
1.00977
0.962269
0.917431
0.896028
0.890127
0.890086
0.89183
0.890704
0.887277
0.886341
0.896333
0.944676
1.00559
1.03917
1.05742
1.07291
1.07863
1.05109
1.00384
0.973919
0.956306
0.939282
0.922606
0.910056
0.902853
0.90411
0.931422
1.01547
1.08396
1.11249
1.12657
1.12983
1.11761
1.07061
1.01045
0.971108
0.951718
0.940175
0.932037
0.930918
0.950378
1.03565
1.10851
1.13345
1.14458
1.15331
1.14947
1.12472
1.081
1.03167
0.991624
0.969576
0.958965
0.954618
0.973005
1.05432
1.11056
1.12523
1.1304
1.13264
1.12551
1.09825
1.07941
1.05079
1.01036
0.982292
0.965855
0.973938
1.00444
1.02637
1.03674
1.14705
4.82212
39.1622
0.768488
0.745959
0.737683
0.736768
0.744273
0.799988
0.898823
0.945743
0.957651
0.965023
0.971303
0.957043
0.919927
0.887757
0.868002
0.854826
0.844129
0.820812
0.801848
0.798924
0.81139
0.88588
0.979914
1.01791
1.02771
1.03392
1.03612
1.0084
0.953199
0.918912
0.905351
0.898981
0.891641
0.883623
0.876382
0.872338
0.878737
0.917191
0.990329
1.04435
1.07613
1.09809
1.10856
1.08321
1.02471
0.97501
0.94266
0.924821
0.911457
0.896574
0.887515
0.887272
0.915187
1.0168
1.10257
1.13178
1.14269
1.14803
1.13447
1.07716
1.0088
0.964029
0.939806
0.928151
0.922106
0.920587
0.939281
1.0335
1.12281
1.15519
1.16848
1.17676
1.1719
1.13912
1.07465
1.015
0.976817
0.95416
0.941633
0.939425
0.983491
1.08338
1.12948
1.14258
1.14692
1.14737
1.12404
1.10022
1.07027
1.01761
0.974277
0.948116
0.95083
0.994885
1.03571
1.05044
1.16315
4.85969
39.0792
0.76442
0.746333
0.740085
0.736053
0.737144
0.743838
0.791711
0.890485
0.954914
0.984332
0.996924
1.00056
0.986215
0.943294
0.896992
0.863757
0.838562
0.816975
0.802482
0.796593
0.798954
0.809537
0.872123
0.971198
1.02455
1.05224
1.06909
1.06959
1.0387
0.971735
0.9265
0.902453
0.888384
0.879185
0.871733
0.865238
0.861112
0.862582
0.891959
0.978286
1.06387
1.11162
1.12546
1.12462
1.09256
1.02873
0.97634
0.93845
0.910284
0.891266
0.882848
0.881438
0.887604
0.921952
1.03435
1.12397
1.15118
1.15637
1.14917
1.12961
1.07832
1.0109
0.960233
0.930257
0.916758
0.91539
0.9186
0.944787
1.05226
1.14639
1.17661
1.18292
1.17721
1.16504
1.12701
1.05834
0.996273
0.955842
0.939159
0.936163
0.947482
1.03287
1.12084
1.14657
1.14966
1.14998
1.13737
1.1167
1.08975
1.02758
0.964821
0.930136
0.921409
0.972857
1.03571
1.05906
1.1836
4.92099
39.0587
0.772567
0.749464
0.744816
0.739724
0.738992
0.74222
0.748563
0.788279
0.889405
0.962057
0.991427
1.00443
1.00956
1.00516
0.970286
0.913138
0.865123
0.834768
0.81677
0.806085
0.803176
0.805414
0.812694
0.860464
0.96458
1.03559
1.06102
1.06893
1.07045
1.04422
0.989912
0.94959
0.92393
0.903872
0.886305
0.871829
0.862345
0.857414
0.8574
0.883375
0.993186
1.08425
1.11187
1.12123
1.11565
1.08641
1.03914
0.982712
0.934342
0.906634
0.893002
0.888351
0.892367
0.902207
0.955557
1.06977
1.12708
1.14165
1.14069
1.13397
1.11745
1.07463
1.01478
0.965281
0.937914
0.928341
0.927383
0.931973
0.976877
1.08862
1.14946
1.16442
1.16478
1.16204
1.14417
1.10049
1.03696
0.982562
0.956026
0.948452
0.947815
0.994904
1.08669
1.12929
1.13756
1.14018
1.13634
1.11755
1.10067
1.04658
0.971995
0.928036
0.90884
0.925944
1.0059
1.04449
1.17995
5.00177
39.1225
)
;

boundaryField
{
    back
    {
        type            empty;
    }
    outlet
    {
        type            zeroGradient;
    }
    top
    {
        type            zeroGradient;
    }
    inlet
    {
        type            fixedValue;
        value           uniform 1;
    }
    bottom
    {
        type            zeroGradient;
    }
    front
    {
        type            empty;
    }
}


// ************************************************************************* //
