/*--------------------------------*- C++ -*----------------------------------*\
  =========                 |
  \\      /  F ield         | OpenFOAM: The Open Source CFD Toolbox
   \\    /   O peration     | Website:  https://openfoam.org
    \\  /    A nd           | Version:  12
     \\/     M anipulation  |
\*---------------------------------------------------------------------------*/
FoamFile
{
    format      ascii;
    class       volScalarField;
    location    "25.4";
    object      p;
}
// * * * * * * * * * * * * * * * * * * * * * * * * * * * * * * * * * * * * * //

dimensions      [1 -1 -2 0 0 0 0];

internalField   nonuniform List<scalar> 
9801
(
0.671896
0.690676
0.697042
0.701948
0.704171
0.702206
0.698224
0.698678
0.701404
0.705463
0.715472
0.736658
0.755346
0.765047
0.770908
0.774283
0.77567
0.771913
0.764494
0.764214
0.76784
0.773322
0.781095
0.792925
0.815061
0.838624
0.850714
0.856607
0.860385
0.861829
0.851873
0.828691
0.817601
0.818477
0.822286
0.827393
0.836268
0.858525
0.889796
0.90932
0.918708
0.924654
0.929389
0.932512
0.920334
0.897713
0.890658
0.893396
0.898583
0.905382
0.923472
0.957615
0.981567
0.993996
1.00202
1.00824
1.01443
1.00657
0.984994
0.97872
0.982809
0.989673
1.00294
1.03558
1.06826
1.08833
1.10226
1.11313
1.12345
1.12501
1.1018
1.09153
1.09788
1.10979
1.13166
1.17834
1.22179
1.24685
1.26352
1.27791
1.29089
1.283
1.243
1.22737
1.23987
1.26311
1.32104
1.4078
1.46788
1.50715
1.54195
1.57102
1.5706
1.5395
1.52144
1.53725
1.61717
4.3621
26.7621
0.686154
0.698955
0.703822
0.705342
0.702437
0.701298
0.703474
0.706727
0.711612
0.719689
0.732124
0.748518
0.762321
0.769724
0.773635
0.774402
0.773574
0.773904
0.774237
0.77659
0.781079
0.786307
0.791952
0.799324
0.818866
0.841768
0.853012
0.858227
0.860586
0.860317
0.855127
0.840026
0.828661
0.829062
0.833102
0.837791
0.845148
0.866152
0.897695
0.916576
0.925159
0.93046
0.934346
0.935328
0.921252
0.902238
0.89784
0.90124
0.906403
0.912707
0.931029
0.966932
0.991828
1.00435
1.01224
1.01849
1.02399
1.01492
0.992863
0.985797
0.989232
0.995809
1.00821
1.04305
1.0801
1.10076
1.11374
1.12376
1.13315
1.13293
1.10911
1.09664
1.10137
1.11206
1.12799
1.16913
1.21594
1.24484
1.26434
1.28091
1.2957
1.28926
1.2493
1.23196
1.24189
1.2629
1.30372
1.38124
1.44685
1.49151
1.53019
1.56648
1.57234
1.54414
1.51785
1.51804
1.50126
3.9485
27.0325
0.694597
0.699655
0.700142
0.69656
0.698186
0.702304
0.707374
0.714608
0.723045
0.732141
0.743291
0.754606
0.761534
0.764779
0.765151
0.767684
0.773375
0.778695
0.783589
0.787265
0.79033
0.793502
0.797563
0.802487
0.8147
0.832597
0.843135
0.849043
0.853428
0.857388
0.859991
0.851925
0.839883
0.838196
0.841643
0.846656
0.852977
0.87057
0.899435
0.915752
0.92246
0.926268
0.928988
0.929542
0.92003
0.907132
0.904311
0.908138
0.913929
0.920593
0.938558
0.974723
0.99989
1.01204
1.01976
1.02634
1.03201
1.02214
0.999035
0.991612
0.995373
1.00249
1.01407
1.04919
1.09157
1.11266
1.12344
1.1316
1.13906
1.13822
1.11486
1.09813
1.09952
1.10951
1.12276
1.15778
1.21248
1.24639
1.26487
1.27938
1.29318
1.29426
1.26136
1.23615
1.23838
1.25807
1.28597
1.3514
1.43722
1.49499
1.53497
1.57367
1.58825
1.5668
1.54488
1.54554
1.50707
3.74041
27.0974
0.711583
0.705432
0.695963
0.697404
0.701183
0.707461
0.718195
0.727894
0.734539
0.741214
0.748896
0.753722
0.755299
0.75663
0.762351
0.772741
0.782388
0.789238
0.794414
0.797943
0.799236
0.798808
0.797193
0.797886
0.803406
0.821684
0.838551
0.847933
0.854494
0.859892
0.863984
0.858679
0.846895
0.845635
0.849222
0.85417
0.859635
0.871162
0.894682
0.911374
0.91952
0.925157
0.93007
0.934105
0.930153
0.920053
0.916819
0.91968
0.925052
0.931232
0.94474
0.98018
1.0089
1.02248
1.03084
1.03819
1.0437
1.03206
1.00759
1.00053
1.00561
1.01354
1.02459
1.05469
1.09716
1.11933
1.13005
1.13822
1.14599
1.14764
1.12642
1.10433
1.10224
1.11112
1.12329
1.14568
1.19939
1.24248
1.26432
1.28065
1.29672
1.3081
1.28565
1.24776
1.23466
1.24888
1.2749
1.31661
1.3935
1.46485
1.51397
1.55679
1.58891
1.58323
1.55876
1.54246
1.48029
3.59295
27.1887
0.710649
0.704407
0.704008
0.706876
0.71197
0.721246
0.731096
0.737353
0.742617
0.743607
0.742026
0.743735
0.749917
0.759785
0.771848
0.783636
0.792859
0.799554
0.805199
0.808363
0.801352
0.792747
0.791215
0.793824
0.799073
0.81657
0.837729
0.848823
0.855226
0.859719
0.863268
0.863905
0.858099
0.856943
0.859772
0.863367
0.867001
0.871897
0.888655
0.910394
0.922878
0.93101
0.937743
0.944022
0.94557
0.933299
0.924359
0.92528
0.93042
0.936813
0.947331
0.980307
1.01514
1.03124
1.0399
1.04712
1.05078
1.03919
1.01571
1.00801
1.01289
1.02103
1.03057
1.05238
1.09381
1.12164
1.13491
1.14415
1.15264
1.15819
1.14373
1.11328
1.10097
1.10617
1.11757
1.1341
1.18005
1.23754
1.2685
1.28662
1.30269
1.3164
1.30598
1.26807
1.24234
1.23986
1.26092
1.29218
1.3482
1.42697
1.49235
1.54218
1.58681
1.60927
1.59328
1.56493
1.46136
3.50951
27.2974
0.709914
0.712213
0.720795
0.729365
0.735704
0.739638
0.742809
0.742251
0.734784
0.730101
0.73162
0.737988
0.754137
0.773388
0.787543
0.796657
0.803416
0.80866
0.812482
0.805998
0.79235
0.787853
0.789744
0.79397
0.799972
0.814934
0.83592
0.848368
0.855508
0.860807
0.865682
0.870414
0.87001
0.867546
0.86773
0.86833
0.870088
0.873918
0.883939
0.909679
0.929994
0.940802
0.94797
0.954229
0.957923
0.94616
0.931393
0.931317
0.937317
0.944365
0.953751
0.981395
1.01879
1.037
1.04541
1.05066
1.05332
1.0473
1.02774
1.01574
1.01868
1.02678
1.03594
1.04946
1.08481
1.11921
1.13622
1.147
1.15683
1.16603
1.1644
1.1327
1.10498
1.10081
1.11108
1.1257
1.15852
1.22256
1.2702
1.29392
1.31022
1.32518
1.32307
1.29029
1.26158
1.25214
1.2581
1.27822
1.31142
1.37039
1.44029
1.49817
1.54626
1.5876
1.59887
1.58226
1.4888
3.42781
27.4343
0.710567
0.730445
0.743692
0.752422
0.7573
0.758853
0.75256
0.733072
0.720787
0.721152
0.726286
0.736991
0.761858
0.789592
0.804005
0.810481
0.814744
0.817119
0.811264
0.796248
0.787791
0.788379
0.792001
0.796787
0.803127
0.815541
0.833888
0.847258
0.856497
0.864267
0.870658
0.876104
0.878469
0.874073
0.871348
0.871432
0.873672
0.877898
0.884426
0.90664
0.933716
0.947193
0.954517
0.960117
0.963849
0.957959
0.943512
0.940158
0.945732
0.953168
0.961436
0.979707
1.01149
1.03146
1.04075
1.04707
1.05308
1.05573
1.04318
1.02632
1.02123
1.02613
1.03417
1.04371
1.06817
1.10955
1.13492
1.14781
1.15788
1.16728
1.17376
1.15327
1.11741
1.10418
1.10871
1.12083
1.14027
1.19231
1.2576
1.294
1.31369
1.32989
1.33828
1.3219
1.2912
1.27164
1.26579
1.27355
1.29281
1.32634
1.3846
1.4472
1.49848
1.54129
1.56907
1.57046
1.51801
3.41063
27.6053
0.715499
0.754958
0.76668
0.772197
0.775507
0.77475
0.752598
0.723989
0.717543
0.719751
0.723761
0.73425
0.766759
0.801091
0.814603
0.820144
0.822226
0.817823
0.8075
0.795883
0.78863
0.788382
0.792293
0.7972
0.803413
0.814467
0.832639
0.848144
0.858617
0.867027
0.873716
0.879142
0.883311
0.878144
0.87183
0.872468
0.876115
0.881089
0.88715
0.904414
0.932956
0.948392
0.955959
0.961433
0.966968
0.969374
0.958138
0.950838
0.953896
0.960168
0.966527
0.974318
0.996514
1.02083
1.03426
1.0439
1.05243
1.05966
1.05931
1.03859
1.0248
1.02292
1.02959
1.03849
1.05335
1.09323
1.13152
1.14931
1.15903
1.1677
1.17549
1.16833
1.13547
1.1155
1.11367
1.12227
1.13502
1.16086
1.22248
1.27887
1.30921
1.32911
1.3468
1.35251
1.33317
1.30322
1.28373
1.2777
1.28422
1.30207
1.33712
1.39638
1.45343
1.49663
1.52405
1.5392
1.52922
3.45448
27.7702
0.720011
0.768907
0.778939
0.784273
0.786543
0.774265
0.74445
0.727402
0.725349
0.727687
0.731714
0.740648
0.768635
0.803373
0.817156
0.821411
0.820053
0.815561
0.811349
0.804564
0.796086
0.792603
0.793184
0.795857
0.799777
0.807819
0.828816
0.85175
0.865256
0.873396
0.879097
0.883788
0.888046
0.884425
0.873465
0.871804
0.875601
0.880881
0.88678
0.899963
0.927002
0.945185
0.95433
0.961968
0.969781
0.976323
0.974147
0.962615
0.95907
0.959993
0.962132
0.966443
0.978615
1.00789
1.02991
1.04219
1.05092
1.05788
1.06345
1.05349
1.03053
1.02324
1.02683
1.03534
1.0461
1.07247
1.11901
1.14741
1.15971
1.1683
1.1768
1.17943
1.1585
1.13236
1.12378
1.12622
1.13556
1.14936
1.18154
1.24244
1.29374
1.32583
1.34726
1.36382
1.36402
1.34749
1.32023
1.29582
1.2845
1.2897
1.30851
1.34894
1.40977
1.45967
1.49024
1.50732
1.52028
3.52485
27.885
0.732513
0.77471
0.784619
0.789852
0.785134
0.761364
0.743188
0.736596
0.735564
0.738404
0.744602
0.754766
0.771888
0.79546
0.809345
0.81414
0.815218
0.816857
0.819093
0.816396
0.806984
0.799055
0.795503
0.795697
0.798661
0.803456
0.820284
0.851996
0.871726
0.880314
0.885869
0.890488
0.894769
0.892161
0.878729
0.87257
0.87393
0.877352
0.882143
0.891343
0.917045
0.941945
0.956015
0.966223
0.974581
0.981194
0.985199
0.974054
0.959635
0.953433
0.954149
0.95909
0.967794
0.995103
1.02625
1.04143
1.04925
1.05507
1.06129
1.06441
1.04603
1.02947
1.0278
1.03499
1.04363
1.0549
1.0899
1.13414
1.157
1.16849
1.1779
1.18705
1.18446
1.1575
1.13864
1.13591
1.14103
1.14902
1.16131
1.19145
1.24945
1.30104
1.3349
1.35778
1.37399
1.37578
1.36346
1.33378
1.30231
1.28831
1.29482
1.31591
1.36059
1.4185
1.45703
1.47784
1.49849
3.60086
27.9778
0.743453
0.773737
0.780737
0.780597
0.766184
0.753912
0.749403
0.748044
0.750075
0.754708
0.760964
0.765333
0.769446
0.781191
0.79684
0.806669
0.813672
0.819496
0.824005
0.827542
0.821065
0.805426
0.797153
0.796123
0.798568
0.80255
0.811727
0.84406
0.874563
0.886795
0.892859
0.897829
0.902479
0.902831
0.888592
0.875413
0.870193
0.87079
0.875203
0.882694
0.905175
0.93943
0.961294
0.973834
0.981458
0.98696
0.991763
0.984791
0.960861
0.94772
0.947033
0.952585
0.960618
0.980776
1.01727
1.03899
1.04834
1.05564
1.06457
1.07211
1.06895
1.04661
1.03568
1.03387
1.03612
1.04195
1.05644
1.10198
1.14663
1.16886
1.18198
1.19344
1.20438
1.1958
1.16734
1.15087
1.1467
1.14784
1.15467
1.16795
1.19913
1.25489
1.30768
1.3436
1.36685
1.38072
1.37899
1.36803
1.33921
1.30801
1.29586
1.30151
1.32037
1.36361
1.41195
1.44022
1.46706
3.68815
28.082
0.750178
0.766589
0.768733
0.76077
0.754582
0.755158
0.75741
0.760478
0.764527
0.768869
0.770894
0.766923
0.764217
0.767989
0.783798
0.802554
0.81505
0.822809
0.827792
0.831984
0.832449
0.816047
0.800647
0.796861
0.798145
0.801626
0.806991
0.831451
0.873022
0.893174
0.901834
0.907718
0.912811
0.914389
0.899971
0.875948
0.864881
0.865538
0.870375
0.87759
0.895543
0.936279
0.96809
0.980939
0.987289
0.991908
0.995075
0.991316
0.968556
0.949812
0.945582
0.948516
0.953774
0.963571
0.996124
1.03183
1.04977
1.06118
1.07175
1.08067
1.08643
1.07087
1.04405
1.03055
1.02521
1.02901
1.03824
1.06384
1.12062
1.16405
1.18664
1.20283
1.21571
1.22373
1.20538
1.17385
1.15627
1.15268
1.15692
1.16475
1.17675
1.20221
1.25374
1.30612
1.34186
1.36507
1.37983
1.37882
1.36914
1.34435
1.31576
1.30135
1.30269
1.31539
1.35362
1.3918
1.42725
3.78659
28.1844
0.751153
0.758879
0.752908
0.750147
0.753805
0.759887
0.76578
0.770861
0.774612
0.777034
0.771117
0.759767
0.758134
0.761482
0.776784
0.802577
0.818564
0.826696
0.832145
0.836636
0.840176
0.828518
0.804951
0.796329
0.797433
0.800882
0.805999
0.824811
0.870745
0.900774
0.911221
0.917289
0.921264
0.922333
0.908054
0.878207
0.866398
0.867709
0.872345
0.879153
0.892216
0.928443
0.968218
0.98451
0.991207
0.994826
0.997637
0.998008
0.982988
0.959453
0.948677
0.944551
0.945333
0.951285
0.969401
1.01486
1.05131
1.07011
1.08176
1.08976
1.09613
1.09139
1.05672
1.0295
1.02172
1.02297
1.03039
1.04171
1.07591
1.13901
1.18266
1.20275
1.21478
1.22672
1.23339
1.21832
1.19025
1.17173
1.16527
1.16438
1.16762
1.17813
1.20329
1.255
1.30554
1.34005
1.36401
1.38102
1.38249
1.37296
1.34719
1.31518
1.29474
1.29101
1.29997
1.33508
1.38304
3.88797
28.2852
0.744822
0.747163
0.742707
0.746594
0.757886
0.767305
0.774157
0.77867
0.780906
0.775891
0.761134
0.753439
0.754371
0.758283
0.774051
0.804996
0.823481
0.832199
0.837983
0.843052
0.84722
0.836176
0.80669
0.797124
0.799007
0.803249
0.810516
0.828647
0.871082
0.904756
0.916846
0.921884
0.920609
0.914567
0.90608
0.888372
0.874277
0.874371
0.881217
0.8907
0.897823
0.915468
0.955995
0.981183
0.99024
0.995244
0.999382
1.00318
0.999911
0.971937
0.946905
0.937832
0.9395
0.946003
0.955609
0.989338
1.04504
1.07706
1.0901
1.097
1.10059
1.10078
1.08174
1.04486
1.02783
1.02646
1.0312
1.03809
1.04818
1.08464
1.14986
1.19121
1.21236
1.22981
1.24414
1.25036
1.23427
1.20111
1.17452
1.16242
1.1623
1.16845
1.18087
1.2121
1.26514
1.3124
1.34495
1.3682
1.38333
1.38271
1.36981
1.34372
1.30692
1.27905
1.27127
1.28092
1.33023
3.97788
28.3963
0.73283
0.737194
0.741333
0.751786
0.764851
0.775199
0.780781
0.784536
0.783264
0.766847
0.753131
0.751715
0.754841
0.759472
0.776336
0.810206
0.831935
0.841042
0.846659
0.851053
0.850955
0.832799
0.809988
0.80238
0.804246
0.810279
0.824503
0.845571
0.873484
0.900926
0.913467
0.914972
0.909434
0.910328
0.914014
0.908311
0.894574
0.890818
0.894631
0.898671
0.902069
0.907587
0.933954
0.972154
0.988922
0.996053
1.00056
1.00371
1.00277
0.98298
0.95007
0.939858
0.942419
0.948787
0.95765
0.973352
1.0221
1.07168
1.08971
1.09587
1.10046
1.10754
1.11008
1.08497
1.05295
1.03993
1.0366
1.03792
1.04368
1.05342
1.09307
1.16416
1.21241
1.23323
1.24556
1.25429
1.25512
1.23998
1.20737
1.17703
1.16396
1.16472
1.17472
1.19214
1.22785
1.28185
1.32447
1.34983
1.36672
1.37698
1.37609
1.36679
1.3386
1.29426
1.26286
1.24733
1.26342
4.02011
28.5049
0.715815
0.725763
0.745988
0.763699
0.775341
0.782041
0.786607
0.790486
0.783924
0.759314
0.749178
0.750429
0.754038
0.760469
0.781714
0.820733
0.842137
0.850138
0.854588
0.85454
0.844091
0.830415
0.818814
0.814918
0.819039
0.83324
0.847482
0.854267
0.864975
0.883042
0.895371
0.900017
0.903582
0.912951
0.9234
0.930229
0.924448
0.907956
0.901435
0.899711
0.900516
0.9046
0.916767
0.956084
0.985899
0.99634
1.00059
1.00122
1.00042
0.993314
0.968339
0.95153
0.952489
0.961092
0.97122
0.979372
0.994479
1.04178
1.08091
1.0974
1.10853
1.11791
1.12578
1.12463
1.09293
1.05851
1.04443
1.04455
1.0507
1.05826
1.06857
1.10212
1.16861
1.21617
1.23742
1.24954
1.25662
1.25686
1.2456
1.2154
1.18547
1.17315
1.17585
1.1867
1.20419
1.24168
1.29345
1.32908
1.34913
1.36283
1.37319
1.37234
1.3634
1.32808
1.27833
1.23963
1.20609
3.9933
28.6061
0.702371
0.71295
0.747404
0.775181
0.787259
0.792841
0.797058
0.798507
0.781536
0.756812
0.751065
0.752863
0.756116
0.764256
0.792067
0.82843
0.847551
0.854927
0.855133
0.844455
0.838685
0.837318
0.834924
0.836906
0.845397
0.856116
0.861442
0.858247
0.8535
0.857912
0.87872
0.898752
0.912149
0.92609
0.940361
0.948556
0.950628
0.929391
0.90528
0.897097
0.898103
0.902782
0.910434
0.936255
0.975131
0.992908
0.998119
0.99801
1.00002
1.00381
0.998973
0.980831
0.972955
0.97537
0.979242
0.981798
0.986297
1.00171
1.05065
1.09559
1.11714
1.12852
1.13738
1.14369
1.13505
1.09663
1.06628
1.05758
1.05855
1.06223
1.06737
1.07789
1.1072
1.16553
1.21351
1.23782
1.25074
1.25664
1.26146
1.25925
1.23394
1.20222
1.18614
1.18633
1.1952
1.21082
1.24916
1.29763
1.32875
1.34693
1.36148
1.36809
1.36657
1.35322
1.30887
1.24909
1.18639
3.89448
28.6931
0.694428
0.702724
0.744618
0.784333
0.798753
0.804723
0.808125
0.802864
0.777986
0.759982
0.755589
0.758364
0.768067
0.786405
0.804404
0.823662
0.839215
0.844283
0.839656
0.835626
0.839569
0.846949
0.859389
0.868815
0.870108
0.867951
0.861481
0.848659
0.84237
0.845475
0.861899
0.899638
0.929283
0.947155
0.955894
0.96098
0.964142
0.949373
0.912587
0.898685
0.900172
0.905925
0.912997
0.923826
0.952736
0.983638
0.996813
1.00223
1.0066
1.01401
1.02226
1.01924
0.999631
0.987486
0.983084
0.980837
0.982807
0.989111
1.01008
1.06858
1.11678
1.13563
1.14328
1.14981
1.15279
1.13646
1.10409
1.08195
1.07455
1.07587
1.08124
1.08397
1.08664
1.10064
1.15164
1.20857
1.24062
1.25896
1.27153
1.27742
1.27354
1.24636
1.20943
1.1912
1.19202
1.20084
1.21475
1.2516
1.2976
1.32643
1.3435
1.35507
1.3571
1.35589
1.3352
1.27756
1.19459
3.75471
28.7723
0.692762
0.701485
0.742532
0.788991
0.804451
0.809806
0.809334
0.794627
0.779609
0.770222
0.769833
0.77711
0.792725
0.802416
0.805449
0.805498
0.808806
0.82242
0.833049
0.839572
0.848838
0.870279
0.888946
0.896725
0.894579
0.873227
0.848647
0.837374
0.837745
0.842774
0.853831
0.895937
0.94343
0.960426
0.966985
0.969291
0.964565
0.949539
0.924619
0.907923
0.907241
0.913545
0.920861
0.924536
0.930887
0.957448
0.990289
1.00701
1.01725
1.02849
1.0372
1.04179
1.03162
1.00704
0.990268
0.983372
0.985754
0.994465
1.00308
1.02378
1.08178
1.12393
1.13869
1.14548
1.14929
1.15447
1.15353
1.13759
1.11707
1.10327
1.0937
1.08322
1.07728
1.08038
1.09738
1.15618
1.21967
1.25271
1.26912
1.27741
1.28017
1.27465
1.2477
1.2171
1.20229
1.1989
1.2026
1.21387
1.24756
1.29051
1.31873
1.33772
1.34497
1.34666
1.34354
1.30667
1.23246
3.62122
28.8669
0.696613
0.7146
0.754649
0.786591
0.801736
0.805487
0.795864
0.788559
0.788845
0.78944
0.793142
0.800432
0.807245
0.809202
0.796782
0.7825
0.781875
0.795216
0.825147
0.851831
0.878174
0.897315
0.906011
0.910548
0.907507
0.875034
0.841379
0.834593
0.836915
0.842365
0.857814
0.90033
0.944609
0.96367
0.969167
0.963805
0.956586
0.954025
0.945794
0.930949
0.924786
0.926497
0.927417
0.924401
0.924423
0.932554
0.965752
1.00343
1.02523
1.03838
1.04634
1.05288
1.05682
1.04031
1.0112
0.99871
1.0002
1.00378
1.00428
1.00765
1.02272
1.07006
1.11083
1.13213
1.1504
1.16925
1.18113
1.185
1.16892
1.13383
1.10058
1.08309
1.07854
1.08085
1.08838
1.11006
1.16887
1.22534
1.25336
1.26576
1.27325
1.2782
1.27595
1.25958
1.23289
1.20895
1.19665
1.19357
1.20374
1.23824
1.28327
1.31521
1.33302
1.33512
1.33791
1.32119
1.28269
3.54526
28.9854
0.714389
0.739797
0.755193
0.770809
0.780839
0.783712
0.783871
0.788353
0.800477
0.816551
0.824557
0.823685
0.816504
0.799445
0.77823
0.770362
0.772421
0.779246
0.809763
0.867841
0.903899
0.915321
0.920557
0.91953
0.901265
0.866069
0.84385
0.838033
0.840809
0.853801
0.872237
0.891972
0.92385
0.945942
0.952205
0.950793
0.9523
0.95907
0.966042
0.965207
0.949855
0.937849
0.930036
0.923657
0.920695
0.922259
0.932532
0.973226
1.01666
1.03847
1.05237
1.06486
1.07493
1.07626
1.0511
1.02314
1.01144
1.00472
0.999635
0.99935
1.00335
1.01538
1.05682
1.11523
1.15631
1.17566
1.18832
1.19916
1.2037
1.18409
1.13974
1.10162
1.08615
1.08427
1.08982
1.0984
1.11813
1.17148
1.22218
1.24864
1.26272
1.27406
1.28719
1.29002
1.27417
1.23961
1.20216
1.18319
1.18104
1.19215
1.22997
1.28122
1.31259
1.32131
1.32357
1.31823
1.31621
3.54144
29.1298
0.739753
0.751209
0.751447
0.747199
0.751651
0.767369
0.783652
0.802876
0.826065
0.840611
0.846889
0.845531
0.817426
0.777865
0.76281
0.762851
0.766564
0.774527
0.807907
0.876771
0.910098
0.920371
0.923608
0.910716
0.886899
0.867329
0.852711
0.848937
0.855981
0.870549
0.87769
0.881763
0.885957
0.908478
0.934669
0.948081
0.958142
0.96928
0.981216
0.987689
0.980659
0.956287
0.935806
0.922472
0.913242
0.911751
0.916353
0.932528
0.982893
1.03168
1.06041
1.07968
1.08891
1.09407
1.08845
1.05528
1.01912
1.00199
0.998918
0.999466
1.00127
1.0056
1.01507
1.05887
1.12811
1.16975
1.18867
1.19984
1.20662
1.20689
1.18944
1.14318
1.10371
1.08837
1.08724
1.09305
1.1014
1.1212
1.17365
1.2268
1.25601
1.2744
1.28916
1.29762
1.29558
1.28193
1.23652
1.19073
1.17233
1.17153
1.1824
1.22782
1.27849
1.30204
1.30781
1.30675
1.32903
3.5966
29.2927
0.75882
0.756429
0.735893
0.730011
0.733509
0.752442
0.793337
0.828903
0.845595
0.851721
0.855503
0.850724
0.809089
0.771332
0.762439
0.763754
0.769255
0.78999
0.830411
0.872682
0.902107
0.912079
0.903723
0.884188
0.876948
0.875888
0.872141
0.869667
0.872217
0.876745
0.876329
0.865509
0.862453
0.871861
0.907916
0.945338
0.967106
0.98362
0.9945
1.00031
1.00016
0.979183
0.942075
0.914811
0.904997
0.905905
0.910734
0.917662
0.9392
1.0081
1.06487
1.0842
1.09188
1.09677
1.09861
1.08908
1.05482
1.02219
1.00837
1.00423
1.00494
1.00841
1.01485
1.0277
1.06665
1.13259
1.17597
1.19399
1.204
1.20709
1.20644
1.18967
1.143
1.10631
1.09144
1.09131
1.09797
1.10558
1.12546
1.18212
1.23705
1.26739
1.28407
1.29447
1.29853
1.29846
1.27991
1.22274
1.18027
1.16772
1.16635
1.17909
1.23068
1.27352
1.28738
1.28746
1.32464
3.6742
29.4571
0.768937
0.744669
0.727616
0.726994
0.730421
0.74491
0.800292
0.843706
0.855386
0.860644
0.857333
0.828046
0.795474
0.776787
0.769806
0.772294
0.793125
0.821698
0.837496
0.852611
0.868186
0.874942
0.873918
0.873775
0.877043
0.885146
0.895924
0.898399
0.889434
0.876944
0.862463
0.852389
0.852822
0.858285
0.876037
0.926016
0.971386
0.992474
1.00196
1.00749
1.00933
0.99644
0.952859
0.916576
0.907229
0.909594
0.917678
0.929623
0.943533
0.96833
1.02906
1.06938
1.0812
1.08466
1.08505
1.08821
1.08937
1.07169
1.04241
1.02305
1.01708
1.01767
1.02059
1.0258
1.03582
1.07105
1.13852
1.18175
1.1982
1.20082
1.19751
1.19527
1.17958
1.14071
1.11323
1.10406
1.10505
1.10905
1.11595
1.13178
1.18726
1.24187
1.26955
1.28417
1.29206
1.29472
1.29441
1.26312
1.21037
1.1772
1.16562
1.16375
1.18313
1.23054
1.25882
1.2642
1.31027
3.76105
29.6143
0.765528
0.733374
0.727767
0.729884
0.733329
0.756001
0.813214
0.846596
0.85814
0.859853
0.835619
0.811376
0.799399
0.790119
0.789816
0.804164
0.829432
0.840564
0.842013
0.831354
0.823043
0.831044
0.852932
0.871879
0.887223
0.902168
0.913369
0.917779
0.909453
0.881347
0.855808
0.848256
0.850626
0.855196
0.862949
0.89744
0.962664
0.99312
1.00178
1.00105
0.989515
0.977623
0.964582
0.941197
0.926831
0.928349
0.936466
0.945323
0.951475
0.954119
0.966616
1.01153
1.05078
1.06992
1.08333
1.09568
1.10458
1.10914
1.09356
1.06075
1.03563
1.02598
1.02536
1.02834
1.03683
1.04782
1.07299
1.12633
1.16341
1.17817
1.18185
1.18488
1.1875
1.17877
1.15642
1.1357
1.12146
1.11251
1.10703
1.1082
1.12846
1.18787
1.24144
1.2683
1.2822
1.28647
1.28969
1.28271
1.25233
1.21102
1.17776
1.16596
1.16414
1.18408
1.21815
1.23438
1.29111
3.84863
29.7448
0.757655
0.734131
0.732093
0.734999
0.747506
0.777731
0.813303
0.837956
0.844513
0.831039
0.810722
0.808348
0.810437
0.813838
0.826906
0.841519
0.847211
0.847535
0.830474
0.804651
0.796562
0.801822
0.827063
0.868436
0.900546
0.919265
0.928345
0.932419
0.925838
0.8928
0.861618
0.852922
0.854801
0.861249
0.874316
0.894252
0.931599
0.968443
0.978956
0.974546
0.968394
0.968412
0.976862
0.984672
0.977555
0.96257
0.95611
0.953549
0.948479
0.942325
0.941308
0.950837
0.989926
1.04656
1.08523
1.10126
1.10989
1.11821
1.12197
1.10882
1.07701
1.04889
1.03643
1.03496
1.03932
1.0402
1.04166
1.05936
1.1102
1.15187
1.16978
1.17782
1.18766
1.19549
1.19506
1.17448
1.14768
1.12133
1.1026
1.09639
1.10046
1.12468
1.18734
1.24002
1.26589
1.27748
1.28069
1.28307
1.27667
1.25697
1.2197
1.18311
1.16549
1.15735
1.17053
1.19986
1.27138
3.93261
29.7731
0.757716
0.741197
0.741602
0.753437
0.772211
0.784095
0.795984
0.80616
0.810906
0.811852
0.812751
0.814368
0.825609
0.853599
0.870908
0.874392
0.863787
0.83612
0.801807
0.78394
0.783083
0.78869
0.806688
0.858951
0.911493
0.935637
0.944614
0.948955
0.942458
0.910016
0.876034
0.864686
0.866573
0.876568
0.887211
0.894034
0.901009
0.915032
0.936479
0.952093
0.962409
0.978566
1.0023
1.02237
1.02776
1.01188
0.982595
0.957234
0.936017
0.926803
0.928161
0.932602
0.9431
0.987763
1.05725
1.09643
1.11186
1.12068
1.12563
1.12728
1.12416
1.09908
1.06587
1.04448
1.03112
1.02468
1.02434
1.03036
1.05147
1.10464
1.14901
1.17098
1.18409
1.1955
1.205
1.20363
1.18559
1.15062
1.11337
1.09472
1.0908
1.09775
1.12319
1.18472
1.23625
1.26272
1.27305
1.27821
1.28205
1.28076
1.27118
1.23419
1.18703
1.15688
1.14323
1.14981
1.24021
4.01708
29.7621
0.766926
0.757588
0.761889
0.776106
0.782871
0.784152
0.771574
0.766462
0.776456
0.79896
0.818949
0.840324
0.866575
0.883529
0.890504
0.893275
0.881797
0.829293
0.784973
0.775051
0.776877
0.782082
0.794397
0.843865
0.917597
0.945008
0.953071
0.953409
0.94334
0.92405
0.899922
0.885857
0.884326
0.889928
0.895295
0.894667
0.879877
0.874014
0.885594
0.917265
0.95795
1.00442
1.04044
1.05458
1.05915
1.05257
1.01391
0.960949
0.933877
0.926932
0.929149
0.933495
0.941724
0.960325
0.999572
1.05793
1.09737
1.11482
1.12403
1.13128
1.13744
1.13859
1.11157
1.06524
1.03514
1.02424
1.02392
1.02939
1.03592
1.05438
1.10301
1.14941
1.17599
1.19317
1.20566
1.21212
1.20901
1.19382
1.15147
1.11237
1.09758
1.09668
1.10242
1.12101
1.17528
1.22907
1.25901
1.27242
1.2818
1.28752
1.29304
1.28285
1.24238
1.18285
1.13971
1.11119
1.16872
4.08858
29.7479
0.787927
0.780682
0.781902
0.786616
0.785933
0.76639
0.75272
0.75239
0.758293
0.779224
0.824975
0.874601
0.898778
0.904733
0.903472
0.891342
0.860072
0.813609
0.785132
0.77771
0.779319
0.786765
0.809546
0.855233
0.911453
0.944029
0.953349
0.947503
0.936901
0.93343
0.928278
0.918023
0.909747
0.90575
0.900755
0.881928
0.86229
0.859064
0.864547
0.882256
0.944916
1.02513
1.05739
1.06641
1.06979
1.06322
1.03676
0.992536
0.952788
0.938288
0.938743
0.944748
0.959352
0.973468
0.978806
0.99126
1.03872
1.09086
1.11721
1.12917
1.13342
1.13307
1.13257
1.1108
1.06664
1.04039
1.03374
1.03493
1.0388
1.04516
1.05873
1.10458
1.15575
1.18412
1.19821
1.20966
1.21826
1.22075
1.20316
1.15435
1.11741
1.10208
1.09779
1.0999
1.11191
1.16277
1.22466
1.26128
1.2784
1.28881
1.29683
1.2953
1.28305
1.23771
1.16715
1.10661
1.10392
4.0728
29.774
0.808373
0.801719
0.795154
0.785485
0.765303
0.751024
0.747255
0.749671
0.754078
0.768411
0.82272
0.881555
0.904647
0.912623
0.912955
0.887713
0.84418
0.813083
0.794378
0.788417
0.793404
0.815909
0.842591
0.862763
0.884907
0.911582
0.925762
0.928574
0.930902
0.938085
0.950529
0.953868
0.944485
0.927315
0.90012
0.868419
0.854678
0.855121
0.861004
0.877801
0.936513
1.01949
1.0578
1.06712
1.06071
1.03548
1.01879
1.01305
1.0006
0.983082
0.975606
0.977736
0.981471
0.978109
0.968327
0.965176
0.972555
1.01973
1.08469
1.11585
1.1265
1.13052
1.13357
1.13661
1.12078
1.08599
1.06246
1.05136
1.04755
1.04552
1.04583
1.05798
1.10592
1.16023
1.19173
1.2133
1.22536
1.22881
1.22684
1.19986
1.15243
1.11558
1.09681
1.09335
1.09529
1.10532
1.1626
1.23316
1.26895
1.28176
1.29062
1.29117
1.28416
1.2677
1.21765
1.13786
1.09054
3.96318
29.8389
0.819405
0.819804
0.80322
0.780172
0.763061
0.753595
0.751278
0.755857
0.768473
0.785116
0.81442
0.864966
0.890405
0.893985
0.881044
0.861448
0.84334
0.82523
0.814934
0.815798
0.831902
0.852403
0.862596
0.865883
0.86058
0.858662
0.875328
0.903223
0.92744
0.950172
0.969272
0.97709
0.975674
0.956345
0.909755
0.871184
0.862002
0.867773
0.890096
0.928996
0.960354
0.985822
1.01152
1.02085
1.01848
1.01841
1.02285
1.02998
1.04472
1.05349
1.04585
1.02437
1.00002
0.977452
0.958753
0.950736
0.950566
0.960833
1.01646
1.0908
1.12669
1.13797
1.14082
1.1466
1.14987
1.13934
1.1069
1.07514
1.05557
1.04363
1.03869
1.04222
1.0606
1.126
1.18979
1.21734
1.22764
1.22921
1.22752
1.21489
1.18883
1.15369
1.11845
1.09854
1.09182
1.09137
1.10824
1.16529
1.23364
1.26672
1.27934
1.28198
1.27386
1.26706
1.24661
1.18946
1.1311
3.8155
29.9475
0.809109
0.804774
0.798462
0.789718
0.774863
0.76675
0.768492
0.777127
0.78451
0.788337
0.7948
0.81732
0.847254
0.860505
0.86336
0.862037
0.854349
0.849022
0.852408
0.865184
0.876403
0.879965
0.876426
0.857175
0.833762
0.829107
0.837728
0.865315
0.914647
0.9578
0.977986
0.986351
0.989678
0.977665
0.937085
0.904144
0.900047
0.913528
0.937534
0.955092
0.960311
0.956704
0.941908
0.944364
0.968099
1.00387
1.0347
1.06513
1.08821
1.10002
1.10235
1.07523
1.02105
0.975339
0.952316
0.945195
0.946468
0.957241
0.976502
1.02939
1.09951
1.13389
1.14481
1.14964
1.15574
1.16086
1.15009
1.11202
1.07463
1.05077
1.04582
1.05357
1.06595
1.09198
1.1578
1.205
1.21928
1.22208
1.2184
1.2108
1.20354
1.19352
1.17035
1.13333
1.10676
1.09523
1.09117
1.10004
1.158
1.22745
1.25915
1.26931
1.26289
1.25635
1.25199
1.21988
1.20252
3.72826
30.0907
0.791828
0.798156
0.804491
0.809901
0.808298
0.79893
0.792817
0.790672
0.789619
0.782641
0.774544
0.775424
0.796229
0.832213
0.854037
0.863029
0.870975
0.890229
0.907859
0.911712
0.907247
0.898106
0.87481
0.838248
0.82
0.818629
0.823194
0.83479
0.879805
0.947599
0.977006
0.98326
0.980003
0.971688
0.968543
0.96637
0.965249
0.964114
0.964262
0.964004
0.945886
0.912183
0.896873
0.899378
0.91329
0.964212
1.04207
1.09312
1.11511
1.12509
1.12529
1.10924
1.05807
0.990555
0.958422
0.950976
0.956615
0.976844
0.992873
1.00225
1.03027
1.0879
1.12783
1.14518
1.15397
1.15831
1.16175
1.15518
1.12377
1.08709
1.07089
1.06993
1.07478
1.08234
1.10624
1.15749
1.18963
1.20314
1.20886
1.211
1.21103
1.21203
1.21203
1.19456
1.14689
1.10684
1.08606
1.0817
1.09181
1.14607
1.21524
1.24812
1.25383
1.24599
1.24664
1.23063
1.23789
3.74816
30.2506
0.780146
0.807796
0.825802
0.841665
0.847356
0.832949
0.809589
0.794063
0.778317
0.76715
0.76298
0.764584
0.771687
0.796456
0.833022
0.86758
0.908631
0.93906
0.949848
0.946862
0.929272
0.899554
0.862338
0.833214
0.821809
0.821916
0.82668
0.836424
0.853963
0.89931
0.947183
0.965189
0.970383
0.979713
1.00262
1.01823
1.0176
1.00473
0.980996
0.945059
0.904981
0.881103
0.877098
0.88054
0.888872
0.923077
1.01777
1.09327
1.11792
1.12546
1.11484
1.0865
1.06039
1.02959
0.994138
0.980721
0.986556
0.996857
0.999325
0.993016
0.989857
1.00707
1.06762
1.11732
1.13797
1.15149
1.16686
1.17894
1.17715
1.1452
1.10505
1.08509
1.07904
1.07882
1.08202
1.09737
1.13523
1.17291
1.19939
1.21279
1.22015
1.22558
1.22992
1.22685
1.20578
1.14754
1.09841
1.07715
1.07659
1.08533
1.13407
1.20337
1.23665
1.23553
1.23256
1.22307
1.2583
3.83792
30.4176
0.776626
0.842656
0.86421
0.872893
0.873437
0.85312
0.813977
0.784057
0.76805
0.760568
0.759974
0.762343
0.766032
0.775005
0.808284
0.873813
0.931889
0.958506
0.967698
0.969632
0.95531
0.914879
0.868058
0.839981
0.831124
0.834571
0.843269
0.84887
0.852123
0.857799
0.88298
0.924751
0.964486
1.00452
1.03314
1.04395
1.0472
1.03929
1.00148
0.936887
0.894658
0.878674
0.876924
0.88106
0.904689
0.945271
0.980362
1.0338
1.07374
1.08456
1.07682
1.06314
1.06348
1.06703
1.05913
1.04183
1.02792
1.0151
1.00002
0.982121
0.968971
0.968861
0.992681
1.06152
1.12016
1.15386
1.17887
1.1928
1.19659
1.1889
1.154
1.11239
1.0866
1.07485
1.07411
1.07679
1.08501
1.12011
1.17028
1.205
1.22038
1.22855
1.23684
1.23346
1.22888
1.20209
1.13792
1.08992
1.07463
1.07783
1.08049
1.12467
1.18864
1.2155
1.21443
1.20758
1.26312
3.97255
30.5739
0.77271
0.864658
0.881135
0.885816
0.880689
0.860009
0.823068
0.786949
0.769452
0.763432
0.763329
0.767794
0.777464
0.789988
0.807203
0.857012
0.929552
0.959756
0.966111
0.958593
0.937071
0.918245
0.895593
0.869444
0.8555
0.852883
0.853451
0.850727
0.847202
0.849361
0.854215
0.8695
0.930905
1.00628
1.03487
1.04266
1.03659
1.01073
0.979904
0.94938
0.914009
0.895944
0.895854
0.911362
0.939979
0.95312
0.957054
0.958573
0.981738
1.02384
1.04889
1.05793
1.06864
1.08773
1.10449
1.10306
1.07607
1.04023
1.00208
0.969543
0.957583
0.959606
0.967262
0.996049
1.08256
1.15507
1.18317
1.19369
1.19672
1.19457
1.18422
1.15345
1.11607
1.08798
1.07529
1.07394
1.07659
1.0848
1.11972
1.17194
1.20863
1.22476
1.23349
1.23129
1.22669
1.22116
1.18867
1.132
1.09526
1.07977
1.07138
1.0677
1.10238
1.16726
1.19359
1.1899
1.25677
4.12475
30.7221
0.789218
0.859536
0.880333
0.881242
0.861057
0.836488
0.820295
0.80226
0.784603
0.777975
0.780361
0.788282
0.798184
0.808511
0.820024
0.838539
0.882552
0.922348
0.934099
0.933234
0.933247
0.930604
0.924503
0.909413
0.886039
0.86515
0.849582
0.843835
0.845714
0.849595
0.85832
0.880165
0.908284
0.950881
0.988058
0.996793
0.9925
0.98713
0.9802
0.973259
0.963714
0.95316
0.950807
0.955524
0.958834
0.954635
0.931769
0.918773
0.922202
0.953893
1.01766
1.0647
1.0917
1.1135
1.12462
1.12886
1.11976
1.07908
1.01281
0.972727
0.962358
0.965842
0.976259
0.99472
1.03459
1.11903
1.16754
1.17939
1.18093
1.17959
1.17873
1.178
1.16467
1.13462
1.10281
1.0874
1.08395
1.08438
1.08967
1.11431
1.16651
1.20676
1.22357
1.22582
1.21692
1.21421
1.20775
1.17888
1.14334
1.10509
1.06943
1.05111
1.04697
1.08365
1.1532
1.17296
1.2486
4.27714
30.8714
0.796556
0.827007
0.839872
0.836208
0.830009
0.828303
0.826162
0.822205
0.816253
0.809117
0.805673
0.807458
0.812468
0.819347
0.827025
0.834497
0.843365
0.861595
0.891774
0.919443
0.935169
0.940215
0.941664
0.939262
0.925301
0.888181
0.857855
0.849919
0.854027
0.86796
0.890435
0.902248
0.899742
0.890187
0.890322
0.915782
0.952646
0.976329
0.991819
1.00697
1.02035
1.02587
1.0168
0.994979
0.966158
0.933857
0.911517
0.904493
0.906232
0.916056
0.960292
1.04531
1.09785
1.11737
1.12467
1.1261
1.10792
1.07607
1.04085
1.00713
0.993684
0.998283
1.00959
1.02257
1.0378
1.05931
1.10301
1.13639
1.15595
1.17212
1.18504
1.19342
1.19942
1.19331
1.15871
1.11751
1.09361
1.08259
1.07543
1.07884
1.1038
1.16061
1.20138
1.21583
1.21049
1.20614
1.20778
1.20041
1.18583
1.15633
1.10178
1.05249
1.02775
1.02572
1.08075
1.14593
1.23364
4.40882
30.9875
0.7951
0.786732
0.776232
0.788229
0.811625
0.827293
0.837999
0.848376
0.854297
0.848582
0.833421
0.823104
0.821345
0.824126
0.828009
0.832209
0.830857
0.832071
0.844241
0.879181
0.918456
0.933289
0.934381
0.929629
0.920891
0.915526
0.90194
0.891628
0.894997
0.904161
0.910943
0.903751
0.873496
0.844134
0.837047
0.846001
0.890189
0.961539
1.01567
1.05127
1.07037
1.0791
1.0739
1.03369
0.976282
0.935402
0.91524
0.908317
0.912071
0.928301
0.952168
0.996766
1.06471
1.09885
1.1055
1.09343
1.07771
1.07015
1.0694
1.06937
1.05804
1.04393
1.03789
1.033
1.02481
1.02067
1.02728
1.05503
1.10447
1.15587
1.18962
1.20814
1.21811
1.22375
1.21253
1.16618
1.11036
1.07725
1.06559
1.06607
1.07417
1.0964
1.15112
1.19236
1.20354
1.20018
1.20137
1.20385
1.20253
1.18726
1.15261
1.0844
1.03105
1.01446
1.02342
1.09413
1.2049
4.49728
31.0512
0.780483
0.742993
0.737863
0.747206
0.779735
0.820395
0.851747
0.87478
0.885128
0.884493
0.866198
0.842423
0.830644
0.82957
0.833201
0.835894
0.832862
0.830338
0.827975
0.831999
0.856611
0.895401
0.912835
0.91683
0.925143
0.946232
0.966743
0.971325
0.959849
0.941938
0.914326
0.870395
0.834095
0.817481
0.814508
0.816101
0.831189
0.908205
1.02014
1.07383
1.09232
1.10168
1.0949
1.06519
1.01008
0.958234
0.934217
0.929486
0.941321
0.958065
0.966614
0.972224
0.988267
1.02732
1.05477
1.0621
1.06566
1.07521
1.09955
1.11619
1.1149
1.09752
1.07004
1.03839
1.0104
0.994125
0.99059
0.995953
1.02343
1.1058
1.18014
1.20768
1.21795
1.22552
1.22363
1.2059
1.15518
1.09751
1.06863
1.0614
1.06862
1.07288
1.08774
1.14086
1.1821
1.19422
1.19771
1.20047
1.20357
1.18649
1.17528
1.14275
1.0716
1.0275
1.01745
1.02463
1.15558
4.53303
31.1074
0.758224
0.728943
0.729654
0.734347
0.748594
0.798731
0.856604
0.882394
0.892124
0.89669
0.893034
0.874018
0.859859
0.856642
0.858468
0.858337
0.852028
0.834211
0.813456
0.798929
0.796529
0.815285
0.859211
0.901673
0.95094
0.999452
1.02159
1.02865
1.02036
0.975874
0.903275
0.849222
0.820909
0.811597
0.810485
0.814549
0.833758
0.882347
0.976382
1.06363
1.09275
1.09721
1.07241
1.04097
1.02653
1.00728
0.986576
0.978426
0.976609
0.975004
0.971851
0.955893
0.944286
0.954848
0.99413
1.03308
1.06459
1.10232
1.13196
1.1435
1.14451
1.13664
1.10796
1.05512
1.00971
0.988871
0.984296
0.98604
0.990725
1.03316
1.12671
1.188
1.20834
1.21635
1.21285
1.20524
1.19154
1.14538
1.09742
1.07436
1.06951
1.06659
1.06475
1.07977
1.13628
1.17726
1.18836
1.19245
1.19362
1.18729
1.17685
1.17093
1.12773
1.06748
1.03027
1.00507
1.07504
4.49537
31.1561
0.7439
0.724931
0.72735
0.732947
0.746192
0.774651
0.82965
0.870714
0.884321
0.887421
0.890649
0.904835
0.912958
0.911456
0.903412
0.88703
0.858181
0.81942
0.787153
0.771592
0.768982
0.772469
0.793607
0.874768
0.979301
1.03026
1.04572
1.05235
1.04529
1.00117
0.921847
0.853976
0.823022
0.814959
0.815791
0.832948
0.877592
0.911671
0.935043
0.984321
1.03272
1.04618
1.03951
1.03628
1.04159
1.04912
1.0522
1.03569
1.0079
0.982216
0.957453
0.934997
0.925099
0.927822
0.942495
0.98965
1.06346
1.11869
1.1407
1.14751
1.14825
1.14325
1.12432
1.08653
1.03767
1.00376
0.991742
0.99208
0.999234
1.01428
1.04195
1.1109
1.16853
1.19107
1.20014
1.19815
1.19681
1.19089
1.15646
1.1146
1.08584
1.06542
1.05662
1.05474
1.07266
1.13179
1.16883
1.18092
1.18783
1.19425
1.18164
1.17772
1.16385
1.11572
1.06628
1.01671
1.01724
4.34832
31.1984
0.745824
0.731176
0.737278
0.757542
0.773794
0.781535
0.788715
0.81239
0.844467
0.871131
0.904819
0.943208
0.964577
0.967972
0.958062
0.920228
0.848919
0.787928
0.757599
0.751099
0.753363
0.758229
0.774151
0.843761
0.972638
1.03276
1.04847
1.04873
1.01261
0.954727
0.916205
0.885758
0.855992
0.843846
0.848348
0.878292
0.909954
0.920483
0.922874
0.92122
0.934801
0.978787
1.02175
1.04937
1.06689
1.08377
1.09087
1.08502
1.04852
0.998924
0.958324
0.936475
0.92941
0.933207
0.945997
0.975149
1.03904
1.10919
1.13454
1.13794
1.12907
1.11521
1.10973
1.10565
1.08922
1.06007
1.03482
1.02024
1.01291
1.00748
1.00439
1.02174
1.09483
1.16391
1.19413
1.20444
1.20773
1.21059
1.20456
1.17084
1.12305
1.08009
1.05366
1.04222
1.04149
1.06739
1.13024
1.16943
1.18666
1.19654
1.19098
1.17838
1.17229
1.15211
1.11159
1.05258
1.01553
4.1492
31.2433
0.764754
0.755309
0.766825
0.778906
0.782578
0.777734
0.765402
0.764377
0.779402
0.829708
0.913187
0.975566
1.00008
1.00588
1.00184
0.964657
0.86134
0.774396
0.74829
0.746105
0.74967
0.760174
0.801919
0.877322
0.93761
0.986357
1.00463
0.99231
0.959173
0.937465
0.927759
0.919274
0.909115
0.903692
0.911824
0.927707
0.932891
0.925756
0.908108
0.888857
0.886156
0.904112
0.968983
1.04034
1.07635
1.08926
1.09423
1.09255
1.07969
1.03626
0.984415
0.95889
0.95889
0.973506
0.997565
1.01679
1.02752
1.05155
1.07964
1.09277
1.09872
1.10713
1.11579
1.12365
1.13402
1.13494
1.10723
1.05788
1.02059
1.00077
0.992034
0.992605
1.0125
1.08641
1.16612
1.20589
1.21794
1.21779
1.21708
1.20793
1.1678
1.11167
1.0654
1.04094
1.03722
1.04488
1.07672
1.1398
1.17859
1.19227
1.19305
1.1768
1.16944
1.16167
1.14407
1.09791
1.05641
3.95182
31.3127
0.803876
0.790093
0.791722
0.790723
0.777805
0.757079
0.750635
0.753079
0.758246
0.781159
0.892734
0.98429
1.00464
1.01059
0.998644
0.934359
0.844234
0.784735
0.759048
0.755809
0.759682
0.791426
0.863453
0.902033
0.911301
0.917086
0.916379
0.915059
0.922788
0.932774
0.940057
0.948384
0.962667
0.980521
0.983803
0.972495
0.95557
0.934076
0.904742
0.886767
0.885438
0.895011
0.91673
0.972118
1.04
1.06977
1.07271
1.06601
1.05711
1.05416
1.04878
1.03125
1.0213
1.02433
1.02864
1.02017
1.00645
0.994592
0.997777
1.02035
1.0622
1.10765
1.1394
1.15924
1.17113
1.17892
1.16191
1.11132
1.04771
1.00665
0.989724
0.988144
0.99985
1.01932
1.09126
1.17682
1.21355
1.2166
1.2127
1.20927
1.19419
1.15757
1.11062
1.07252
1.06016
1.06067
1.0653
1.0918
1.1448
1.17286
1.179
1.17009
1.16102
1.15927
1.15559
1.12677
1.11179
3.82616
31.4212
0.848242
0.824998
0.810159
0.788761
0.758364
0.742534
0.742407
0.747158
0.754631
0.793512
0.881827
0.956744
0.984477
0.985969
0.94958
0.886723
0.841858
0.812184
0.791505
0.786983
0.800807
0.855889
0.901325
0.912041
0.904907
0.864295
0.840455
0.845803
0.879429
0.925679
0.959396
0.991091
1.02368
1.0362
1.03503
1.01152
0.976035
0.947999
0.926349
0.91191
0.914549
0.925166
0.920643
0.914584
0.934825
0.99254
1.02933
1.04224
1.05704
1.08292
1.10836
1.11429
1.09708
1.07199
1.04161
1.00065
0.965076
0.950095
0.949925
0.956635
0.999935
1.09425
1.15756
1.1817
1.19384
1.19349
1.17558
1.14885
1.09161
1.03177
1.00345
1.00059
1.01627
1.02615
1.0349
1.09027
1.16729
1.19866
1.19737
1.19161
1.18892
1.1871
1.17048
1.13299
1.09632
1.07889
1.06913
1.06751
1.09091
1.13084
1.15257
1.161
1.15498
1.15494
1.15483
1.13873
1.15073
3.78142
31.5203
0.880118
0.868914
0.835956
0.794174
0.759928
0.746455
0.746152
0.750948
0.781194
0.836454
0.870399
0.895673
0.916832
0.913411
0.887649
0.868213
0.85966
0.851405
0.843469
0.847397
0.879847
0.913849
0.923931
0.921325
0.88207
0.831099
0.812651
0.813765
0.828944
0.884104
0.957581
1.01012
1.03825
1.04997
1.05416
1.04536
1.01712
0.988624
0.973083
0.961495
0.949377
0.933304
0.905162
0.879825
0.872648
0.892004
0.950427
1.01132
1.06947
1.12667
1.15756
1.16423
1.15403
1.11681
1.04513
0.975574
0.93864
0.927331
0.928633
0.933533
0.963697
1.05314
1.14859
1.18209
1.19254
1.18797
1.16167
1.1356
1.11704
1.08088
1.04518
1.03473
1.03829
1.0337
1.0264
1.02434
1.06488
1.14174
1.17255
1.18047
1.19457
1.20784
1.20306
1.18655
1.14855
1.10691
1.07904
1.06484
1.0626
1.07778
1.11157
1.13748
1.15036
1.15035
1.1532
1.14439
1.18159
3.79456
31.6269
0.880233
0.88548
0.871217
0.825713
0.777722
0.762534
0.764503
0.779819
0.82621
0.858305
0.866797
0.863596
0.829496
0.80745
0.811925
0.836433
0.858488
0.872352
0.904681
0.945946
0.962096
0.961216
0.945558
0.903674
0.851313
0.819994
0.810219
0.810555
0.820458
0.848582
0.911029
0.986159
1.02845
1.04209
1.03509
1.03145
1.04251
1.05364
1.04468
1.01505
0.971525
0.918483
0.87415
0.851676
0.846637
0.850986
0.869011
0.94021
1.06725
1.1473
1.17342
1.17962
1.17673
1.14242
1.05808
0.976345
0.935249
0.924624
0.926033
0.93849
0.986927
1.04282
1.09399
1.1438
1.16444
1.15856
1.12948
1.11816
1.11971
1.11594
1.0985
1.08597
1.06868
1.042
1.01878
1.00448
1.00038
1.04656
1.12758
1.17508
1.20151
1.21869
1.22405
1.21338
1.19447
1.15017
1.10238
1.06977
1.05242
1.04816
1.05899
1.09505
1.13194
1.14907
1.15337
1.14592
1.20638
3.85041
31.6234
0.869391
0.883957
0.886509
0.868967
0.821741
0.79982
0.801631
0.824482
0.852868
0.86297
0.862975
0.821185
0.76502
0.746979
0.752031
0.777591
0.82799
0.895352
0.981948
1.02749
1.03653
1.02504
0.97549
0.898354
0.846985
0.825819
0.818382
0.828073
0.854695
0.866287
0.870214
0.892541
0.95073
0.993074
1.01264
1.04004
1.07554
1.09662
1.09547
1.06407
0.994198
0.913205
0.861793
0.842466
0.84037
0.846563
0.856033
0.893706
1.02526
1.13907
1.16836
1.17211
1.14612
1.09381
1.04746
1.00459
0.964966
0.948781
0.950265
0.97736
1.02045
1.03713
1.04146
1.06478
1.1019
1.11781
1.11552
1.11442
1.12135
1.12893
1.13446
1.12817
1.10549
1.06452
1.02369
0.998805
0.990288
0.994498
1.04602
1.1359
1.19465
1.22249
1.23329
1.22527
1.2146
1.19792
1.15305
1.10097
1.05981
1.04003
1.03481
1.04316
1.08834
1.13509
1.15488
1.15182
1.22585
3.92701
31.6276
0.857696
0.886148
0.888432
0.881211
0.8675
0.857373
0.859951
0.868636
0.872093
0.866904
0.826013
0.772314
0.738617
0.727172
0.726854
0.73226
0.765975
0.893605
1.00393
1.03993
1.04986
1.04647
0.993153
0.917422
0.872022
0.85381
0.852874
0.865581
0.873399
0.870807
0.852014
0.842989
0.858883
0.925087
1.0073
1.06877
1.10372
1.11526
1.11308
1.08772
1.01698
0.926476
0.868494
0.847625
0.846314
0.853488
0.881794
0.943369
1.00626
1.06472
1.10081
1.10468
1.09329
1.07683
1.0576
1.04113
1.02452
1.00984
1.00838
1.02438
1.03784
1.03439
1.01962
1.01393
1.02615
1.073
1.11301
1.1249
1.12998
1.14069
1.15091
1.14868
1.12536
1.09558
1.05239
1.01709
1.00674
1.01032
1.02258
1.05901
1.13948
1.19653
1.21695
1.2198
1.21696
1.21819
1.20884
1.1684
1.10724
1.05827
1.03097
1.02163
1.03222
1.08794
1.14075
1.15071
1.23259
4.0167
31.6491
0.81327
0.862947
0.871577
0.877286
0.900721
0.922551
0.925448
0.916287
0.896284
0.85238
0.791373
0.747434
0.729477
0.724746
0.726472
0.740103
0.78936
0.86064
0.959672
1.01683
1.02809
1.01104
0.984049
0.959544
0.930177
0.910936
0.900915
0.893406
0.879736
0.849668
0.831159
0.828855
0.834322
0.859403
0.960797
1.07495
1.10856
1.11686
1.09735
1.03805
0.979913
0.939551
0.90457
0.884899
0.885715
0.905551
0.947742
0.979931
0.9882
0.986627
0.988148
1.01163
1.04641
1.06764
1.07526
1.08496
1.08974
1.08855
1.08101
1.06971
1.05187
1.02767
1.00286
0.989934
0.990028
1.01201
1.07046
1.11467
1.13252
1.14203
1.14813
1.14503
1.12822
1.12023
1.10848
1.07197
1.0441
1.03012
1.02015
1.01789
1.03864
1.11029
1.17682
1.21521
1.22871
1.23074
1.22969
1.21883
1.17488
1.10505
1.0473
1.01717
1.00587
1.02528
1.09154
1.1219
1.21419
4.13533
31.7309
0.76627
0.796281
0.831649
0.87854
0.93096
0.962855
0.970177
0.96912
0.94447
0.864559
0.785919
0.748347
0.733719
0.731284
0.74403
0.785884
0.815328
0.827965
0.854672
0.913709
0.962399
0.980362
0.986808
0.997671
1.00232
0.985572
0.952723
0.912986
0.86829
0.836998
0.828335
0.829737
0.841804
0.885515
0.956564
1.03198
1.07297
1.07181
1.03641
0.997957
0.972047
0.956421
0.951022
0.954045
0.965266
0.979297
0.990599
0.994802
0.97479
0.930548
0.915964
0.922808
0.966713
1.04155
1.09224
1.11976
1.14201
1.15164
1.14659
1.11622
1.07072
1.03496
1.00977
0.994232
0.99073
0.994818
1.01044
1.05884
1.10612
1.12753
1.13206
1.13332
1.14038
1.14489
1.15145
1.14378
1.1025
1.05403
1.01513
0.996076
0.994005
1.01342
1.09566
1.18945
1.22984
1.23583
1.2352
1.23457
1.2158
1.16105
1.08578
1.02506
1.0005
0.998105
1.03722
1.07006
1.17297
4.23224
31.8495
0.754878
0.756
0.770014
0.842528
0.932624
0.964069
0.972819
0.967107
0.92128
0.860951
0.810657
0.775774
0.763458
0.765243
0.785775
0.813251
0.821898
0.820756
0.810615
0.814753
0.863827
0.946949
1.00194
1.02441
1.03627
1.0392
1.02038
0.961503
0.881119
0.843964
0.838069
0.853318
0.90059
0.939707
0.956809
0.968043
0.975423
0.975335
0.974744
0.975442
0.975523
0.982445
1.00553
1.03221
1.04527
1.04543
1.03151
0.996174
0.945418
0.906713
0.89064
0.887934
0.8982
0.964376
1.06825
1.12862
1.15627
1.17233
1.1806
1.16943
1.12165
1.06846
1.03428
1.015
1.00506
0.995641
0.986804
0.990584
1.03071
1.08119
1.10958
1.13005
1.15745
1.1721
1.17402
1.17422
1.15519
1.08699
1.01713
0.987756
0.98334
0.984785
1.00836
1.12021
1.20666
1.2269
1.22876
1.22859
1.21781
1.18617
1.1361
1.06377
1.01212
0.991636
1.00603
1.02425
1.13079
4.27017
31.9523
0.753141
0.755396
0.76365
0.804775
0.880408
0.929546
0.941046
0.932166
0.908683
0.880196
0.852921
0.830898
0.817401
0.815691
0.824293
0.829306
0.823762
0.805203
0.792934
0.792784
0.800057
0.852241
0.965134
1.02638
1.0402
1.03956
1.00972
0.95542
0.911925
0.886188
0.890392
0.924038
0.949804
0.959273
0.954926
0.918159
0.88591
0.884016
0.90407
0.936585
0.971876
1.01809
1.06569
1.08737
1.09228
1.08719
1.05527
0.994082
0.94438
0.91168
0.894003
0.890384
0.900983
0.925559
0.97792
1.07613
1.14452
1.17125
1.17513
1.17429
1.17219
1.13678
1.08674
1.04689
1.01409
0.987556
0.97145
0.964667
0.97166
1.00886
1.06988
1.12918
1.17176
1.19348
1.19142
1.18374
1.17662
1.12613
1.04575
0.997358
0.981049
0.979931
0.985168
1.04468
1.15535
1.20431
1.21318
1.21322
1.20853
1.18363
1.15815
1.11455
1.05142
1.00761
0.992828
0.997527
1.11008
4.25431
31.9666
0.757553
0.763179
0.784439
0.798843
0.811307
0.838796
0.873218
0.894379
0.901724
0.903195
0.903168
0.894322
0.882587
0.872092
0.861344
0.845047
0.823058
0.80644
0.799002
0.800322
0.811832
0.82863
0.870229
0.951358
0.991294
0.991743
0.97824
0.965534
0.953877
0.961977
0.981563
0.985599
0.981001
0.964948
0.916072
0.867769
0.845097
0.843967
0.852536
0.878508
0.949372
1.04031
1.09207
1.11006
1.11656
1.10807
1.064
1.01205
0.968135
0.937517
0.919486
0.91415
0.921649
0.925167
0.925853
0.956834
1.05831
1.13513
1.16228
1.18044
1.19304
1.1966
1.16023
1.09068
1.02744
0.987111
0.966467
0.957087
0.955682
0.96412
1.00871
1.106
1.17652
1.19967
1.20049
1.19017
1.17213
1.12935
1.07665
1.02721
0.996064
0.986923
0.987979
1.01029
1.08821
1.16113
1.18944
1.1943
1.19134
1.17393
1.15795
1.14359
1.10204
1.04605
1.00704
0.993728
1.102
4.20589
31.9462
0.769545
0.776852
0.792824
0.794839
0.784211
0.778138
0.79103
0.834915
0.886557
0.916501
0.930374
0.942771
0.946326
0.93453
0.903305
0.867589
0.841058
0.825697
0.820351
0.824095
0.831918
0.836417
0.835082
0.835101
0.872162
0.921314
0.94783
0.969722
1.01703
1.05393
1.05816
1.0412
1.00449
0.944584
0.882866
0.843406
0.829648
0.830455
0.834896
0.845237
0.903952
1.02418
1.0908
1.10855
1.10787
1.07872
1.05254
1.03836
1.01939
0.994714
0.972858
0.956057
0.94041
0.922955
0.914341
0.913678
0.941253
1.06012
1.16156
1.19594
1.20907
1.212
1.20147
1.15325
1.06498
1.00055
0.966832
0.955452
0.95587
0.967712
0.989935
1.06661
1.16444
1.19027
1.18885
1.17041
1.14542
1.11381
1.08939
1.06666
1.03843
1.01592
1.00833
1.01133
1.04125
1.09697
1.1487
1.17099
1.17457
1.16675
1.15351
1.14806
1.13923
1.09895
1.05018
0.998075
1.0661
4.17176
31.9956
0.788523
0.788157
0.790588
0.784158
0.767877
0.75697
0.756955
0.768582
0.8165
0.889259
0.935168
0.954656
0.963782
0.968108
0.961639
0.927396
0.886668
0.861135
0.849257
0.845371
0.84414
0.834069
0.804382
0.787972
0.792606
0.826029
0.892269
0.981869
1.06433
1.10082
1.1074
1.09764
1.05164
0.956783
0.880226
0.84324
0.832051
0.833954
0.842784
0.87521
0.922495
0.966397
1.02304
1.05707
1.06626
1.06481
1.05938
1.0626
1.06989
1.06573
1.04124
1.00392
0.961544
0.925591
0.909625
0.908055
0.914917
0.958447
1.10431
1.19397
1.21337
1.21177
1.20424
1.17806
1.11788
1.03418
0.98752
0.975402
0.982747
0.997691
1.01561
1.05236
1.12186
1.15595
1.15701
1.1464
1.13128
1.11093
1.09931
1.09789
1.09445
1.07238
1.04548
1.03154
1.02972
1.04219
1.08118
1.1267
1.1495
1.15785
1.15143
1.14595
1.14457
1.13485
1.10144
1.03527
1.02468
4.15858
32.1587
0.82095
0.797607
0.788644
0.781351
0.768762
0.757777
0.755147
0.757766
0.76422
0.802681
0.88913
0.945822
0.96612
0.976088
0.981666
0.980817
0.953467
0.909024
0.878481
0.860456
0.843685
0.814025
0.786373
0.777382
0.77919
0.785913
0.818933
0.947716
1.06972
1.10351
1.10736
1.07433
1.01493
0.965771
0.91489
0.875416
0.863033
0.866434
0.880663
0.907959
0.924955
0.929682
0.935702
0.969351
1.02448
1.0652
1.08388
1.09758
1.1069
1.10845
1.09383
1.04801
0.986262
0.939469
0.919081
0.91919
0.937847
0.96408
1.01706
1.12545
1.1792
1.18386
1.17092
1.14959
1.12136
1.08861
1.05046
1.0305
1.02826
1.03164
1.03209
1.03483
1.05572
1.09201
1.10902
1.1161
1.1219
1.12153
1.12322
1.12979
1.13978
1.13569
1.10191
1.06094
1.03271
1.02016
1.02439
1.05563
1.10362
1.13764
1.1526
1.14931
1.14126
1.13728
1.12897
1.08502
1.04895
4.07875
32.3784
0.866284
0.821184
0.799212
0.786152
0.773583
0.76325
0.759031
0.76057
0.763901
0.76887
0.800644
0.896016
0.959993
0.977582
0.982518
0.98487
0.984009
0.965518
0.926912
0.888912
0.851199
0.81267
0.789284
0.78276
0.785252
0.805055
0.858098
0.924901
0.999416
1.04226
1.04254
1.02573
1.01135
0.990765
0.966625
0.93964
0.918936
0.912134
0.915308
0.92193
0.922857
0.907508
0.899473
0.904131
0.944673
1.03393
1.09241
1.11193
1.11964
1.11771
1.10926
1.08379
1.02585
0.974756
0.954793
0.962531
0.977749
0.985173
0.988285
1.00214
1.06692
1.11576
1.12618
1.12803
1.13657
1.14316
1.13375
1.1064
1.08077
1.05889
1.03731
1.01913
1.01026
1.01855
1.04172
1.07512
1.11191
1.13807
1.15369
1.15891
1.16485
1.16162
1.14532
1.09711
1.04337
1.01622
1.01052
1.01418
1.03388
1.08873
1.13542
1.14948
1.13796
1.1337
1.13203
1.11765
1.11934
3.99824
32.481
0.904825
0.882441
0.84243
0.809784
0.78624
0.770951
0.761944
0.760742
0.766307
0.77855
0.790713
0.81289
0.882855
0.94279
0.964589
0.972495
0.979314
0.985151
0.977296
0.938934
0.878688
0.827592
0.807619
0.807558
0.822081
0.86083
0.893758
0.905275
0.911837
0.919043
0.943253
0.982019
1.00734
1.01579
1.02091
1.01498
0.992636
0.967094
0.949072
0.933897
0.913928
0.898785
0.89326
0.893933
0.904816
0.959099
1.05295
1.10147
1.11397
1.10215
1.08093
1.07005
1.05721
1.03687
1.0267
1.02117
1.01176
0.998066
0.964881
0.940198
0.949593
1.01555
1.08131
1.12156
1.16009
1.1892
1.19356
1.1743
1.13494
1.08406
1.03115
0.998297
0.984594
0.982403
0.986917
1.01972
1.08958
1.14334
1.16436
1.17546
1.17981
1.17202
1.16262
1.13782
1.07784
1.03109
1.01369
1.01351
1.01101
1.01955
1.07741
1.12707
1.13466
1.12726
1.12944
1.12203
1.1683
4.00974
32.5482
0.912133
0.925524
0.91458
0.865158
0.807289
0.778481
0.772073
0.775969
0.790714
0.797264
0.797488
0.79358
0.799418
0.849709
0.923627
0.964248
0.978409
0.983819
0.984555
0.973113
0.923729
0.872231
0.853738
0.856435
0.875397
0.894769
0.902969
0.898119
0.857876
0.839223
0.847188
0.895092
0.976116
1.02788
1.05308
1.06728
1.06651
1.03622
0.986868
0.946003
0.922089
0.90901
0.903453
0.909602
0.922884
0.92776
0.951158
1.01351
1.0552
1.06472
1.06664
1.07139
1.07976
1.09916
1.10061
1.07708
1.04375
0.998298
0.943577
0.912743
0.906541
0.921458
0.988025
1.09284
1.17374
1.20706
1.21339
1.20702
1.18175
1.11338
1.04273
1.00014
0.982463
0.979295
0.981308
0.997188
1.04257
1.10729
1.15388
1.1708
1.17424
1.16714
1.15988
1.15226
1.1189
1.06968
1.03665
1.02054
1.01081
1.00414
1.01148
1.07166
1.11687
1.12423
1.12904
1.12237
1.18869
4.09592
32.6082
0.90718
0.927615
0.931625
0.922882
0.874614
0.826014
0.807605
0.805962
0.808545
0.80619
0.79134
0.783327
0.785768
0.793821
0.833891
0.916352
0.964906
0.977251
0.977292
0.960776
0.943429
0.930813
0.923103
0.924185
0.926189
0.92421
0.910709
0.871284
0.829764
0.8104
0.808534
0.816288
0.878018
0.995305
1.05936
1.07957
1.08858
1.08744
1.05594
0.997746
0.956097
0.937171
0.929548
0.93042
0.931418
0.921762
0.902961
0.905643
0.962543
1.02972
1.06321
1.08591
1.12248
1.14413
1.14141
1.11595
1.07442
1.0051
0.93487
0.90583
0.901925
0.908291
0.926673
1.02233
1.15766
1.20212
1.2075
1.19397
1.16325
1.12811
1.08484
1.03681
1.00637
0.997283
0.999009
1.01459
1.02883
1.04355
1.09593
1.13984
1.15401
1.15504
1.15123
1.14832
1.13438
1.10775
1.07698
1.04488
1.01511
0.999338
0.991873
1.01142
1.07484
1.11064
1.12807
1.12446
1.20448
4.20609
32.7355
0.87089
0.920689
0.928176
0.934913
0.939385
0.915069
0.869354
0.832235
0.805647
0.789776
0.783768
0.784333
0.78838
0.796499
0.80967
0.838571
0.894778
0.933233
0.944071
0.945681
0.952321
0.978198
0.991579
0.985949
0.970813
0.948786
0.911195
0.866623
0.831913
0.812436
0.808253
0.810144
0.819746
0.884904
1.00428
1.06757
1.0883
1.09821
1.1027
1.08108
1.0275
0.983309
0.959355
0.945122
0.925579
0.895217
0.875387
0.871795
0.884951
0.948434
1.03902
1.11176
1.15473
1.16796
1.16507
1.14395
1.09251
1.01454
0.952459
0.922534
0.919377
0.929141
0.949965
0.998561
1.08304
1.14441
1.15844
1.15368
1.14307
1.13547
1.12856
1.10573
1.06668
1.03837
1.02635
1.02223
1.01709
1.00993
1.02917
1.09715
1.13667
1.15233
1.15937
1.15594
1.1468
1.12703
1.10488
1.07331
1.02785
0.997163
0.98349
0.985782
1.03497
1.09698
1.13065
1.13845
1.22274
4.28888
32.8262
0.797438
0.908005
0.942989
0.956974
0.966754
0.965257
0.939745
0.888233
0.824518
0.794068
0.788562
0.792913
0.806512
0.818615
0.824885
0.82341
0.822131
0.845822
0.890942
0.931983
0.969508
1.00471
1.02521
1.02888
1.01946
0.982947
0.931684
0.885396
0.850872
0.830369
0.821797
0.821132
0.824354
0.830256
0.874424
0.991415
1.07521
1.10724
1.12382
1.13252
1.11911
1.06473
1.00213
0.952421
0.910263
0.878539
0.866597
0.866146
0.871639
0.891129
0.983291
1.11357
1.15829
1.16773
1.15465
1.11002
1.06774
1.03544
1.00049
0.974686
0.966032
0.971257
0.982211
0.991717
1.00344
1.03618
1.08371
1.11863
1.13681
1.1478
1.15617
1.16042
1.13952
1.0944
1.0521
1.02079
1.00195
0.992401
0.999742
1.05116
1.12213
1.15543
1.16794
1.16274
1.15196
1.13438
1.11298
1.0864
1.04387
1.00058
0.980676
0.978885
1.00614
1.08353
1.13637
1.15064
1.23639
4.33452
32.83
0.751332
0.839769
0.928321
0.961034
0.969322
0.960839
0.928849
0.888712
0.858561
0.832715
0.821274
0.823
0.82922
0.832812
0.829402
0.812439
0.801207
0.802279
0.816406
0.868457
0.951931
1.00702
1.02448
1.02542
1.01442
1.00612
0.981991
0.93585
0.890854
0.859156
0.839921
0.829368
0.8242
0.823806
0.829927
0.868256
0.993993
1.09858
1.13447
1.14781
1.15515
1.1442
1.07652
0.981589
0.911613
0.877737
0.868265
0.869504
0.886313
0.923924
0.978486
1.06025
1.11966
1.12989
1.11033
1.08141
1.06216
1.0553
1.05446
1.04721
1.02935
1.01378
1.00012
0.981851
0.965521
0.964652
0.98618
1.06156
1.13193
1.16001
1.17362
1.18304
1.17722
1.14209
1.08493
1.03157
1.00001
0.986314
0.99237
1.01666
1.0801
1.1403
1.16374
1.15846
1.14632
1.13122
1.10527
1.08147
1.06242
1.02259
0.98999
0.985432
0.996581
1.05215
1.12691
1.15126
1.23897
4.37702
32.8287
0.783326
0.826838
0.863646
0.902094
0.914687
0.905013
0.895585
0.893345
0.894885
0.897553
0.885468
0.864877
0.851273
0.841448
0.828141
0.812453
0.803593
0.805312
0.810257
0.818025
0.864112
0.950329
0.994265
1.0084
1.01839
1.02423
1.02402
0.995237
0.93906
0.890044
0.858219
0.839789
0.83112
0.829401
0.834737
0.845079
0.87922
1.00698
1.11567
1.14682
1.15407
1.1515
1.12529
1.03418
0.939007
0.897434
0.8881
0.902309
0.936979
0.9639
0.979116
0.994451
1.02168
1.04987
1.06296
1.06521
1.07001
1.08178
1.09229
1.095
1.08676
1.0596
1.01419
0.971891
0.951018
0.944722
0.944189
0.984742
1.09143
1.15842
1.17795
1.18563
1.17981
1.15947
1.12398
1.0677
1.02325
1.0043
1.01171
1.02108
1.03276
1.08559
1.13397
1.14577
1.13129
1.11519
1.10301
1.08475
1.08133
1.06655
1.02687
1.00103
0.997131
1.00704
1.06666
1.11345
1.2033
4.45085
32.7819
0.814211
0.830196
0.828117
0.806716
0.801782
0.823032
0.859229
0.891786
0.919847
0.940647
0.947024
0.934234
0.901651
0.868151
0.840649
0.822329
0.813657
0.81231
0.81191
0.811879
0.813994
0.840708
0.9234
0.996125
1.02234
1.03024
1.03481
1.02851
0.992571
0.939137
0.89564
0.86926
0.85543
0.849759
0.849466
0.854147
0.862135
0.895032
1.01476
1.10978
1.13406
1.12772
1.1045
1.06643
0.998488
0.950513
0.939088
0.953879
0.972041
0.980076
0.978406
0.954975
0.942743
0.960452
1.00341
1.04525
1.07866
1.10542
1.11766
1.11826
1.11326
1.09179
1.0391
0.9824
0.952347
0.944216
0.944321
0.962079
1.02131
1.10974
1.16112
1.17579
1.16983
1.15268
1.14679
1.12973
1.08725
1.05332
1.03515
1.02144
1.015
1.02132
1.05919
1.10183
1.11159
1.10694
1.10281
1.10266
1.11009
1.10795
1.08579
1.04445
1.01503
0.993294
0.977086
0.997567
1.11298
4.58598
32.872
0.837679
0.83926
0.803213
0.749994
0.73417
0.742167
0.775845
0.841272
0.91061
0.963704
0.99435
1.00105
0.982838
0.929733
0.874152
0.841227
0.827305
0.820204
0.812444
0.803685
0.800374
0.80194
0.823865
0.919267
1.00192
1.02528
1.03107
1.02884
1.02057
0.998605
0.959372
0.919723
0.891927
0.875581
0.86716
0.865169
0.870001
0.878934
0.905537
0.995295
1.0681
1.08627
1.08327
1.07485
1.05788
1.03118
1.01286
1.00496
0.999134
0.990349
0.957877
0.921772
0.910008
0.914069
0.936897
1.00066
1.07394
1.10971
1.12216
1.12405
1.11917
1.09837
1.06136
1.01868
0.985535
0.971117
0.968986
0.976605
0.986005
1.01138
1.08043
1.13273
1.14981
1.15404
1.15993
1.16764
1.16814
1.12753
1.06477
1.02412
1.00773
0.994696
0.98913
1.02643
1.07856
1.09453
1.10036
1.12429
1.1437
1.14021
1.12936
1.10121
1.05361
1.00519
0.961135
0.911679
0.988649
4.68756
33.0333
0.861264
0.838534
0.770608
0.723303
0.708383
0.707689
0.714301
0.746208
0.852398
0.962021
1.00231
1.01571
1.02215
1.01186
0.956939
0.890989
0.849737
0.823384
0.803529
0.796997
0.79725
0.79975
0.809619
0.835148
0.91261
0.988826
1.01621
1.02394
1.03026
1.03599
1.02634
0.984713
0.937551
0.905888
0.888718
0.882243
0.885382
0.889806
0.891739
0.888825
0.932257
1.01252
1.05401
1.07102
1.09533
1.11297
1.09787
1.06016
1.02681
0.988224
0.94205
0.913582
0.903831
0.905093
0.912328
0.941731
1.03023
1.09594
1.11246
1.11245
1.10717
1.10137
1.08861
1.07093
1.04418
1.01706
0.99737
0.983424
0.972122
0.966991
0.981112
1.05779
1.13531
1.16957
1.18874
1.20248
1.20732
1.19116
1.12128
1.05074
1.00452
0.974704
0.962926
0.968443
1.02093
1.07598
1.11043
1.14315
1.15737
1.15032
1.13534
1.12178
1.08993
1.03217
0.969614
0.908214
0.933345
4.60093
33.02
0.889592
0.819587
0.752426
0.716264
0.705866
0.706486
0.709959
0.71906
0.761176
0.887805
0.98669
1.01972
1.03321
1.04105
1.03599
0.973319
0.880113
0.824847
0.805392
0.800427
0.800547
0.804921
0.814257
0.819712
0.8295
0.892
0.985147
1.03166
1.04697
1.05542
1.05052
1.02908
0.989984
0.948872
0.924488
0.915487
0.913911
0.908451
0.879233
0.850225
0.849057
0.889936
0.987564
1.06987
1.12013
1.14486
1.15085
1.133
1.07794
1.00819
0.953911
0.92323
0.915989
0.920799
0.927381
0.932858
0.959798
1.02986
1.07817
1.09888
1.11031
1.11488
1.11963
1.12139
1.10604
1.06753
1.02354
0.986737
0.960324
0.948265
0.945576
0.970739
1.08417
1.17723
1.20924
1.21845
1.22091
1.20838
1.16544
1.08769
1.01397
0.976798
0.965379
0.963212
0.984833
1.04617
1.11802
1.14765
1.15393
1.14007
1.11709
1.10216
1.08076
1.05039
1.01065
0.958364
0.96494
4.40764
32.9986
0.940578
0.824452
0.750044
0.720085
0.710817
0.712276
0.718691
0.733228
0.752209
0.789804
0.904491
1.00482
1.03555
1.04353
1.0451
1.02402
0.939914
0.854644
0.817913
0.808322
0.807087
0.809128
0.811475
0.813332
0.820036
0.836422
0.904713
1.00438
1.04515
1.05471
1.04398
1.02536
1.01635
1.00317
0.982073
0.963941
0.946907
0.918154
0.874054
0.847711
0.842122
0.846757
0.882037
1.00714
1.11246
1.14416
1.14927
1.13129
1.1006
1.06015
1.00559
0.96401
0.9442
0.935006
0.929202
0.926911
0.930002
0.949871
1.01802
1.09183
1.12706
1.14131
1.14613
1.14936
1.14351
1.10646
1.04969
0.996696
0.959347
0.944171
0.941732
0.951123
1.02942
1.15946
1.20606
1.21453
1.21223
1.19647
1.15631
1.10352
1.04138
0.998316
0.985305
0.984363
1.00817
1.06119
1.10399
1.12298
1.12636
1.10811
1.08222
1.07395
1.07025
1.05955
1.04727
1.03022
1.0389
4.21859
33.0869
0.940574
0.839104
0.778971
0.749398
0.73657
0.735436
0.739122
0.747751
0.763245
0.783573
0.816668
0.912434
1.00052
1.02825
1.03067
1.01427
0.98087
0.915528
0.8541
0.824947
0.815579
0.813622
0.815402
0.821922
0.836815
0.859193
0.878031
0.912478
0.974008
1.00854
1.0146
1.01674
1.02612
1.0375
1.03632
1.01456
0.983327
0.940034
0.887583
0.858531
0.856024
0.864448
0.880344
0.918272
1.02194
1.09871
1.11663
1.11994
1.12266
1.11354
1.07796
1.01882
0.969674
0.939643
0.923517
0.919338
0.921434
0.927105
0.953066
1.04637
1.12545
1.14712
1.15323
1.15674
1.15039
1.11983
1.07015
1.01285
0.972124
0.954653
0.951171
0.963389
1.01794
1.11758
1.17881
1.19259
1.18667
1.16744
1.14055
1.11038
1.07213
1.03734
1.0245
1.0248
1.03399
1.05649
1.08011
1.08918
1.08769
1.0762
1.06376
1.07201
1.07709
1.07416
1.07395
1.06828
1.10237
4.0628
33.2576
0.92298
0.864356
0.831248
0.802743
0.777081
0.764762
0.763624
0.769129
0.784867
0.80319
0.816761
0.831721
0.889758
0.959607
0.98718
0.989117
0.984645
0.972103
0.923081
0.867677
0.839845
0.83112
0.832447
0.846382
0.870566
0.883918
0.883704
0.872289
0.870881
0.910811
0.976838
1.01632
1.03364
1.04608
1.05206
1.04975
1.02985
0.988445
0.93118
0.894289
0.885032
0.887139
0.888997
0.889922
0.905642
0.984358
1.07241
1.11449
1.12839
1.13122
1.12543
1.09028
1.01977
0.961698
0.934397
0.926379
0.927557
0.933224
0.942829
0.993522
1.09249
1.14006
1.1508
1.15384
1.14342
1.10578
1.06436
1.02951
0.998998
0.983745
0.985911
1.00221
1.01986
1.05986
1.11619
1.14458
1.15101
1.14865
1.13409
1.11737
1.09936
1.07869
1.06274
1.05485
1.04863
1.04498
1.0491
1.05751
1.06082
1.06365
1.07178
1.08511
1.09255
1.09415
1.09576
1.08532
1.13695
3.97744
33.3978
0.908024
0.893598
0.883024
0.866038
0.835505
0.810761
0.802313
0.805324
0.8139
0.823266
0.828319
0.827136
0.820236
0.825945
0.878939
0.942406
0.971414
0.977493
0.97795
0.946425
0.897376
0.872347
0.868903
0.881514
0.896427
0.89876
0.883257
0.847645
0.834388
0.841373
0.886697
0.971767
1.0248
1.04478
1.05503
1.05928
1.05855
1.04321
1.00203
0.954745
0.925131
0.907428
0.892233
0.881657
0.878812
0.887717
0.956324
1.06377
1.11269
1.12364
1.12582
1.12321
1.09027
1.02151
0.974265
0.955241
0.949874
0.950154
0.954152
0.971196
1.03287
1.1013
1.12484
1.12749
1.11237
1.08337
1.0626
1.04733
1.0348
1.0283
1.02869
1.02695
1.02102
1.01498
1.03788
1.09192
1.12467
1.13566
1.13685
1.13013
1.12482
1.11399
1.09449
1.07175
1.04553
1.02266
1.02039
1.03501
1.0508
1.07008
1.09995
1.11222
1.11253
1.11187
1.11037
1.09391
1.13739
3.98166
33.4541
0.874908
0.894845
0.899721
0.901071
0.897213
0.883849
0.867841
0.856093
0.84948
0.84638
0.843303
0.826981
0.782832
0.762054
0.770415
0.832624
0.928646
0.975251
0.986321
0.988826
0.97568
0.951524
0.935784
0.927623
0.919359
0.901157
0.86043
0.831578
0.82412
0.826035
0.833199
0.879376
0.980123
1.03786
1.05105
1.05444
1.058
1.0647
1.06143
1.02704
0.976676
0.933498
0.899754
0.879466
0.874781
0.877055
0.88496
0.950798
1.06224
1.10922
1.12034
1.12653
1.12975
1.10392
1.03896
0.991333
0.969837
0.962561
0.961405
0.966015
0.988733
1.03631
1.07761
1.09235
1.09037
1.07951
1.07138
1.07218
1.07824
1.07924
1.06711
1.04079
1.00887
0.991031
0.989338
1.0169
1.07596
1.11625
1.13606
1.1476
1.14861
1.13832
1.11764
1.08077
1.03648
1.01146
1.00531
1.01355
1.04347
1.08659
1.11584
1.12951
1.13032
1.12168
1.10951
1.08694
1.13557
4.02099
33.4859
0.807184
0.878716
0.899975
0.918103
0.940148
0.950986
0.949474
0.927887
0.899071
0.875327
0.849792
0.806773
0.764162
0.7414
0.73646
0.742129
0.795203
0.903547
0.969726
1.00229
1.03375
1.04802
1.03716
0.997389
0.943803
0.887958
0.84522
0.826398
0.823805
0.826694
0.831495
0.84187
0.886645
0.975704
1.02671
1.04628
1.06582
1.07914
1.08273
1.07237
1.03107
0.969317
0.918896
0.89051
0.879788
0.877903
0.879324
0.885319
0.947897
1.06129
1.11931
1.13887
1.14896
1.15185
1.11483
1.04194
0.995651
0.977367
0.971684
0.972016
0.97643
0.981155
1.00319
1.04157
1.06955
1.08173
1.09245
1.10556
1.11282
1.1105
1.09537
1.05697
1.00778
0.983653
0.979315
0.981284
1.0087
1.07538
1.12649
1.14428
1.14803
1.14611
1.13221
1.10152
1.05268
1.0164
1.00522
1.00688
1.02674
1.07243
1.11126
1.12293
1.11732
1.10245
1.09179
1.07563
1.14693
4.06729
33.4618
0.737528
0.801532
0.875556
0.928543
0.970715
1.00044
1.0108
1.0078
0.972938
0.910947
0.849487
0.800219
0.763066
0.740826
0.733842
0.735193
0.739639
0.770502
0.880677
1.0011
1.0746
1.10904
1.1171
1.09223
0.998342
0.8996
0.847898
0.830572
0.828429
0.8312
0.835484
0.842105
0.850849
0.884374
0.975232
1.04548
1.07101
1.08185
1.08506
1.0795
1.06074
1.01691
0.962184
0.921794
0.897298
0.883368
0.876166
0.875351
0.884147
0.960909
1.08996
1.14551
1.15685
1.16033
1.14662
1.10134
1.04424
1.00878
0.993187
0.984585
0.971477
0.95613
0.955405
0.976076
1.03083
1.08231
1.11166
1.12602
1.13004
1.12799
1.11473
1.07648
1.02404
0.99256
0.984029
0.985227
0.994225
1.02135
1.07882
1.11991
1.1308
1.12694
1.11882
1.11284
1.09904
1.0644
1.03582
1.02312
1.01794
1.02083
1.04678
1.07468
1.08414
1.0865
1.0893
1.07743
1.1634
4.14115
33.4611
0.714994
0.72554
0.780791
0.894718
0.985679
1.02793
1.04116
1.04582
1.03084
0.973084
0.879261
0.809346
0.771364
0.74953
0.738858
0.736188
0.737111
0.740015
0.769205
0.93387
1.07864
1.1142
1.12314
1.11101
1.04284
0.936603
0.872304
0.847504
0.841159
0.841034
0.840985
0.842212
0.847173
0.860566
0.901549
0.996088
1.05595
1.07379
1.07763
1.06778
1.05263
1.03827
1.01309
0.966738
0.917017
0.885311
0.874677
0.874836
0.882901
0.911322
1.00801
1.11668
1.15055
1.15444
1.143
1.13188
1.10983
1.06553
1.02551
0.994155
0.962734
0.94539
0.943689
0.948282
0.977493
1.05609
1.10885
1.12149
1.12403
1.12111
1.1068
1.08959
1.06314
1.0297
1.00951
1.00415
1.00438
1.00458
1.01373
1.05317
1.09258
1.11014
1.11873
1.12849
1.13401
1.12688
1.09025
1.04609
1.01357
0.992939
0.98393
0.991049
1.02284
1.06055
1.08676
1.09122
1.1902
4.23347
33.4879
0.715121
0.719406
0.731176
0.809304
0.970488
1.03127
1.04304
1.04201
1.01105
0.954624
0.901042
0.84841
0.804946
0.774959
0.754594
0.745035
0.743807
0.745907
0.765753
0.853455
1.0143
1.08738
1.09977
1.08025
1.04035
0.990517
0.931244
0.887238
0.86361
0.854919
0.854211
0.858068
0.867208
0.880084
0.895292
0.922601
0.985124
1.03392
1.05148
1.05455
1.05258
1.04781
1.03954
1.01139
0.952435
0.906495
0.890353
0.89189
0.911002
0.935459
0.956021
1.02023
1.09968
1.12841
1.13502
1.14039
1.14263
1.13008
1.07458
1.00664
0.965514
0.950462
0.949077
0.954126
0.96541
1.01705
1.08169
1.10367
1.10511
1.09895
1.09528
1.09313
1.09109
1.07658
1.04791
1.02312
1.00649
0.995213
0.989331
0.99144
1.02592
1.08084
1.11953
1.14123
1.15576
1.15987
1.14896
1.10329
1.04231
0.990835
0.95754
0.945135
0.949555
0.99383
1.06486
1.09586
1.2093
4.34562
33.6691
0.716707
0.722328
0.749427
0.810376
0.898626
0.981046
1.00771
0.998268
0.964417
0.939183
0.921659
0.897868
0.861035
0.816358
0.780519
0.764831
0.763246
0.775696
0.812943
0.854506
0.90414
0.9778
1.02032
1.03053
1.03207
1.02605
1.00214
0.954544
0.909172
0.884211
0.877475
0.879635
0.88501
0.891064
0.895699
0.895541
0.903959
0.948109
1.00997
1.04088
1.04851
1.04755
1.03882
1.02406
0.992918
0.950505
0.92984
0.930421
0.942264
0.947869
0.945521
0.949067
1.00142
1.08984
1.13051
1.14077
1.14208
1.14204
1.12178
1.049
0.992802
0.973707
0.971551
0.975342
0.977797
0.991301
1.0294
1.06551
1.0793
1.08471
1.09499
1.10235
1.10079
1.09615
1.08447
1.05705
1.02458
0.997187
0.982777
0.978475
0.980515
1.01241
1.08667
1.14261
1.16419
1.16666
1.16227
1.14816
1.10177
1.02572
0.970655
0.945108
0.936968
0.939955
0.99468
1.05379
1.18799
4.48994
33.905
0.725594
0.748352
0.802692
0.831311
0.845948
0.874559
0.909148
0.925855
0.93034
0.935202
0.938229
0.934746
0.915978
0.872087
0.824344
0.801039
0.800059
0.824613
0.855096
0.864237
0.864898
0.856398
0.877129
0.94315
1.0013
1.02296
1.0309
1.02818
0.991067
0.942749
0.915099
0.90525
0.904605
0.905962
0.898722
0.88208
0.87503
0.883109
0.928349
0.997733
1.02887
1.03429
1.02595
1.01868
1.01838
1.00956
0.997611
0.988728
0.975521
0.953484
0.934537
0.929308
0.936144
1.00723
1.09749
1.12607
1.12929
1.13004
1.12679
1.09556
1.04705
1.01527
1.00043
0.992383
0.984061
0.976912
0.984896
1.02072
1.06407
1.0884
1.09639
1.10159
1.0986
1.09379
1.09042
1.08519
1.06237
1.02297
0.993451
0.981887
0.983623
0.993035
1.02401
1.10205
1.15393
1.16307
1.15251
1.13455
1.1173
1.08697
1.03263
0.989367
0.963089
0.952146
0.949997
0.97431
1.11875
4.59052
34.0309
0.75561
0.798781
0.835351
0.842629
0.838884
0.810978
0.797474
0.818671
0.87644
0.922263
0.938448
0.940943
0.936506
0.922949
0.895821
0.872074
0.868799
0.87875
0.883537
0.878456
0.841236
0.800145
0.793801
0.819406
0.911266
1.00046
1.03637
1.05016
1.05463
1.03437
0.989226
0.952665
0.931954
0.915363
0.894357
0.877492
0.868667
0.867387
0.873086
0.909818
0.976861
1.00825
1.01453
1.01725
1.03365
1.0582
1.06416
1.04306
1.0032
0.959022
0.932407
0.925365
0.925923
0.943462
1.02389
1.09325
1.11241
1.119
1.12903
1.12859
1.10558
1.06791
1.02961
0.999862
0.983027
0.977001
0.976301
0.988828
1.02822
1.06886
1.08737
1.09482
1.09318
1.09112
1.09181
1.09225
1.08826
1.06848
1.02857
1.00039
0.995411
1.00246
1.01115
1.03108
1.08871
1.12672
1.12656
1.11514
1.1068
1.11152
1.10455
1.07297
1.03085
0.993096
0.963123
0.926525
0.996314
4.63356
33.921
0.81124
0.836863
0.848391
0.846304
0.815373
0.771666
0.75519
0.758713
0.788013
0.861533
0.915106
0.931031
0.935638
0.947619
0.958846
0.962517
0.952292
0.933852
0.912954
0.880245
0.825182
0.782375
0.767823
0.768788
0.790287
0.893928
1.00899
1.06069
1.0867
1.09525
1.08165
1.02822
0.963685
0.919415
0.897287
0.882679
0.870639
0.86044
0.854396
0.857135
0.892648
0.961631
1.00316
1.03312
1.0687
1.08958
1.09438
1.07536
1.02623
0.973145
0.939813
0.928338
0.925948
0.928188
0.952613
1.02252
1.08259
1.11425
1.13352
1.14353
1.14177
1.12132
1.0714
1.0198
0.991304
0.981432
0.979097
0.983023
0.99152
1.01391
1.04977
1.07556
1.08697
1.09398
1.09654
1.09873
1.10127
1.09863
1.07653
1.0367
1.01744
1.01445
1.01229
1.00736
1.01328
1.05839
1.08952
1.09544
1.10589
1.12665
1.13381
1.12758
1.10557
1.05834
1.00144
0.933801
0.92295
4.56068
33.7757
0.871008
0.858509
0.854431
0.82221
0.781352
0.754393
0.742956
0.741304
0.746153
0.769843
0.841316
0.906309
0.939676
0.966571
1.00382
1.02377
1.02267
0.99934
0.955027
0.888643
0.821491
0.781017
0.766732
0.766616
0.77132
0.793096
0.910869
1.0503
1.10125
1.11753
1.12332
1.11182
1.03627
0.951589
0.909118
0.887952
0.870078
0.85435
0.845637
0.843782
0.847385
0.884767
0.975976
1.05419
1.09411
1.10741
1.10731
1.08753
1.04708
0.99609
0.95892
0.940319
0.933065
0.930786
0.934048
0.952047
1.01216
1.08671
1.13049
1.14723
1.15003
1.14168
1.11116
1.06152
1.01931
0.995961
0.985594
0.978385
0.970681
0.971393
0.992558
1.04669
1.09073
1.10849
1.11362
1.11236
1.11234
1.11084
1.10026
1.0707
1.04651
1.03225
1.01725
0.999421
0.99066
1.00045
1.04049
1.07697
1.11121
1.13579
1.1401
1.13434
1.12344
1.09225
1.04131
0.96868
0.93658
4.39156
33.7369
0.948863
0.889746
0.844801
0.804711
0.769787
0.75145
0.744328
0.742071
0.743987
0.747928
0.760504
0.81236
0.894246
0.969855
1.02821
1.05755
1.06379
1.05918
1.01742
0.919243
0.832793
0.790506
0.774844
0.771308
0.773942
0.781484
0.817419
0.973923
1.0975
1.12463
1.13084
1.12842
1.09251
1.00212
0.931037
0.896283
0.875609
0.857554
0.845572
0.842316
0.843738
0.85387
0.923154
1.0516
1.10037
1.11229
1.10762
1.07319
1.03658
1.0142
0.991537
0.96703
0.947373
0.936826
0.935179
0.939478
0.95555
1.02298
1.1032
1.13505
1.14079
1.1315
1.11696
1.10399
1.07273
1.02601
0.990067
0.968255
0.957411
0.956014
0.961924
0.998681
1.07401
1.11183
1.12175
1.12321
1.12119
1.12026
1.11171
1.08996
1.06825
1.04696
1.01934
0.995776
0.98464
0.986056
1.00859
1.06192
1.1131
1.13478
1.13886
1.13157
1.11945
1.09449
1.06034
1.00372
1.00272
4.21685
33.8231
1.00732
0.972023
0.87182
0.808353
0.774884
0.75819
0.752985
0.752296
0.750678
0.750082
0.751969
0.756688
0.795317
0.924167
1.02927
1.05882
1.06546
1.06573
1.03935
0.959837
0.871449
0.818014
0.794713
0.786279
0.785135
0.791172
0.815013
0.889523
1.03783
1.11068
1.12528
1.1181
1.09211
1.05354
0.984304
0.924879
0.885845
0.858953
0.845713
0.844316
0.848069
0.866658
0.929126
1.01895
1.0763
1.09173
1.08325
1.05097
1.03004
1.02289
1.01748
1.00475
0.976693
0.954107
0.948734
0.954364
0.969067
0.982549
1.022
1.08385
1.11263
1.11829
1.11885
1.11817
1.11008
1.06883
1.00819
0.973642
0.962258
0.962503
0.972646
0.98522
1.02789
1.0922
1.11769
1.1223
1.12389
1.12683
1.12319
1.10008
1.07746
1.05738
1.02921
1.00387
0.991316
0.989561
1.00283
1.04879
1.09964
1.1191
1.12167
1.11523
1.10619
1.09321
1.07147
1.03022
1.06825
4.09497
33.9538
0.996992
0.998132
0.937723
0.855624
0.804012
0.780581
0.769305
0.761064
0.753764
0.75023
0.751355
0.756446
0.77346
0.832055
0.963485
1.03436
1.04818
1.04823
1.03715
0.997084
0.922014
0.857361
0.822765
0.809139
0.806721
0.822363
0.854836
0.884638
0.933463
1.02543
1.07466
1.08269
1.0773
1.06521
1.03859
0.97214
0.905668
0.86872
0.856792
0.85784
0.873579
0.909458
0.945766
0.977857
1.01492
1.03797
1.04129
1.03606
1.0299
1.02506
1.02847
1.03098
1.026
0.99908
0.979963
0.975071
0.973403
0.972125
0.973713
1.00189
1.06732
1.10444
1.11369
1.1134
1.10593
1.0895
1.04976
1.00605
0.987495
0.986126
0.988519
0.985938
0.988772
1.02995
1.0867
1.1122
1.12378
1.1316
1.13239
1.11071
1.09163
1.07522
1.05091
1.02354
1.00511
0.998037
0.997932
1.01775
1.06556
1.09657
1.10937
1.10946
1.10456
1.09416
1.08001
1.04428
1.0905
4.0483
34.0065
0.969043
0.993235
0.995529
0.95553
0.87016
0.81103
0.778459
0.761271
0.756848
0.757429
0.76143
0.776235
0.792237
0.80458
0.846109
0.950613
1.01401
1.03029
1.03188
1.01171
0.958179
0.898713
0.861511
0.845688
0.846856
0.870871
0.891693
0.896063
0.899306
0.90867
0.960305
1.02148
1.04919
1.05389
1.04857
1.02609
0.963424
0.907465
0.887067
0.888624
0.909797
0.940421
0.956326
0.962259
0.95846
0.958254
0.976328
1.00342
1.01856
1.02846
1.03931
1.05279
1.06351
1.06023
1.02881
0.998094
0.978934
0.968412
0.962343
0.960952
0.992146
1.05762
1.0905
1.09806
1.09514
1.09447
1.08996
1.06691
1.0373
1.01487
0.99621
0.980874
0.972039
0.97429
1.02518
1.09319
1.12459
1.13504
1.13738
1.13114
1.11204
1.0985
1.08694
1.05982
1.01977
0.992391
0.983192
0.987436
1.01606
1.07174
1.10555
1.1126
1.10634
1.10012
1.08962
1.0505
1.09138
4.04625
34.0286
0.907362
0.991441
1.00208
1.00147
0.959953
0.873673
0.80959
0.781345
0.774414
0.776566
0.7829
0.792426
0.799984
0.802907
0.80481
0.8347
0.926864
0.990007
1.0081
1.00377
0.976959
0.941988
0.913296
0.900804
0.907834
0.921465
0.922147
0.911007
0.884426
0.861593
0.861044
0.905022
0.988302
1.03171
1.03963
1.03754
1.02385
0.977694
0.941393
0.934618
0.946243
0.9601
0.965781
0.953342
0.922456
0.909898
0.9155
0.950467
0.997081
1.02714
1.05201
1.07309
1.08814
1.09674
1.08187
1.03687
0.993854
0.968011
0.955237
0.948095
0.948341
0.977799
1.03432
1.0709
1.08815
1.10118
1.11929
1.12642
1.10577
1.05804
1.0109
0.976831
0.959999
0.958253
0.968218
1.0276
1.09655
1.12798
1.13607
1.13385
1.12977
1.12694
1.11851
1.10177
1.05136
0.997368
0.972303
0.966864
0.975234
1.01017
1.07494
1.10382
1.10385
1.09679
1.0887
1.05299
1.09826
4.05517
34.0723
0.79279
0.941222
0.989923
0.998544
0.996429
0.956875
0.882938
0.830664
0.806389
0.798157
0.796692
0.797339
0.796935
0.794774
0.79759
0.804666
0.825617
0.893056
0.954901
0.977435
0.978952
0.974295
0.967544
0.966376
0.968953
0.962918
0.949179
0.925361
0.882244
0.844342
0.829952
0.832083
0.873822
0.96821
1.01949
1.03194
1.03576
1.04069
1.02559
0.997366
0.983417
0.978114
0.967634
0.935827
0.902817
0.886527
0.884366
0.895474
0.947482
1.01624
1.06228
1.09224
1.10868
1.11874
1.11458
1.07771
1.02052
0.97642
0.953006
0.939427
0.929488
0.927003
0.94498
1.00278
1.06926
1.11915
1.15417
1.16622
1.16255
1.12519
1.05133
0.989455
0.962502
0.959712
0.96744
0.979015
1.00946
1.06567
1.10986
1.13003
1.14506
1.14751
1.14035
1.13364
1.10858
1.03709
0.987699
0.969585
0.965346
0.969513
1.00927
1.06769
1.08401
1.07972
1.07313
1.04548
1.11756
4.09191
34.163
0.74009
0.813441
0.926809
0.980284
0.990545
0.991122
0.978686
0.92357
0.86213
0.825778
0.807697
0.797974
0.793934
0.795717
0.801514
0.804805
0.803083
0.807107
0.851026
0.927144
0.971953
0.990348
1.01071
1.02445
1.02284
1.00409
0.974622
0.936272
0.887371
0.847299
0.829864
0.826583
0.829133
0.862574
0.951293
1.01208
1.04328
1.07153
1.08826
1.07434
1.03379
1.00074
0.970163
0.934803
0.899883
0.879539
0.873576
0.87347
0.888811
0.967136
1.06031
1.10538
1.12491
1.13526
1.13014
1.10855
1.06336
1.00687
0.964699
0.93822
0.916021
0.901567
0.900668
0.917832
1.00191
1.11596
1.17016
1.18553
1.18574
1.17419
1.11904
1.03607
0.990532
0.978297
0.976511
0.968951
0.963987
0.978932
1.04203
1.10986
1.14026
1.1516
1.15241
1.14645
1.13863
1.09448
1.02626
0.989133
0.972918
0.966727
0.965153
1.00174
1.04118
1.05271
1.04991
1.02751
1.13277
4.19703
34.3324
0.746722
0.757347
0.796504
0.903698
0.980132
0.998912
1.00028
0.990346
0.945894
0.875689
0.827572
0.808328
0.803473
0.80631
0.811456
0.80989
0.797072
0.79267
0.796597
0.831484
0.919155
0.98829
1.02123
1.03846
1.04585
1.04195
1.0137
0.963143
0.908869
0.864723
0.839702
0.829967
0.828223
0.831987
0.860272
0.948157
1.03436
1.07932
1.09946
1.10857
1.09863
1.05608
0.99818
0.941788
0.90035
0.878863
0.872366
0.871446
0.875412
0.908368
1.02025
1.10589
1.13094
1.13923
1.12938
1.10587
1.08975
1.05765
0.997081
0.945558
0.914479
0.89976
0.897717
0.902102
0.932619
1.06407
1.16484
1.18604
1.18156
1.16903
1.14158
1.09194
1.0434
1.0115
0.988451
0.971595
0.963886
0.964054
0.977901
1.04302
1.11199
1.13672
1.14399
1.14538
1.14539
1.1294
1.07873
1.02488
0.984617
0.961855
0.949861
0.954113
0.980106
1.00948
1.0225
1.01171
1.13992
4.35702
34.4984
0.75636
0.758727
0.765688
0.793244
0.899196
0.976751
0.995051
0.996265
0.986576
0.946787
0.882004
0.839192
0.823538
0.819666
0.816943
0.808193
0.799087
0.79655
0.800209
0.807703
0.839078
0.93557
1.01097
1.03318
1.03626
1.02832
1.01712
0.997693
0.952539
0.897702
0.858731
0.84036
0.835336
0.836807
0.842668
0.867412
0.961098
1.0552
1.09733
1.11245
1.11743
1.10717
1.04985
0.968844
0.912343
0.885215
0.874943
0.873287
0.878844
0.905136
0.961558
1.05973
1.11539
1.12922
1.11884
1.09458
1.0867
1.08536
1.05186
0.975337
0.926484
0.908794
0.908426
0.919799
0.937693
1.00524
1.1212
1.16498
1.16233
1.15005
1.13544
1.11244
1.08628
1.05545
1.02345
0.997943
0.98283
0.973799
0.969546
0.978691
1.04126
1.10432
1.13313
1.14622
1.14999
1.14627
1.11292
1.06485
1.01673
0.975311
0.949821
0.937201
0.944329
0.961027
0.984962
0.995981
1.1489
4.52827
34.5564
0.775276
0.777256
0.782802
0.787964
0.801745
0.874678
0.95312
0.976998
0.978625
0.977971
0.958544
0.900382
0.851242
0.829253
0.821717
0.817931
0.814333
0.816432
0.820657
0.823063
0.824482
0.846314
0.934676
0.995321
1.01194
1.02201
1.02747
1.02225
0.992883
0.936563
0.885459
0.85744
0.849019
0.849416
0.853171
0.86648
0.891997
0.959655
1.05098
1.09701
1.10765
1.11003
1.09753
1.03009
0.947871
0.901885
0.886443
0.88464
0.897896
0.928492
0.95429
0.986438
1.05301
1.09529
1.10177
1.09101
1.08411
1.08112
1.07414
1.02378
0.959614
0.933286
0.933297
0.944211
0.955306
0.980249
1.05308
1.11532
1.12853
1.12511
1.12135
1.1088
1.09655
1.0877
1.0757
1.05102
1.01833
0.988216
0.969428
0.963635
0.97016
1.02857
1.10186
1.13977
1.14811
1.14626
1.12012
1.08117
1.05388
1.02405
0.980073
0.950948
0.936924
0.93551
0.93937
0.967471
1.14915
4.67526
34.4924
0.803865
0.805417
0.802775
0.788479
0.780588
0.784637
0.840795
0.929998
0.967906
0.975798
0.975658
0.958821
0.912104
0.86766
0.845882
0.839633
0.839213
0.840141
0.838472
0.830799
0.82362
0.822814
0.839281
0.916216
0.989776
1.01909
1.02721
1.02623
1.0122
0.97657
0.929953
0.894652
0.876718
0.87019
0.869117
0.871422
0.876604
0.885478
0.935882
1.03568
1.08702
1.09852
1.09883
1.07944
1.01475
0.949363
0.920027
0.914741
0.925779
0.947155
0.956838
0.958797
0.974709
1.03041
1.07168
1.08278
1.07578
1.07016
1.06868
1.05492
1.00707
0.971241
0.966673
0.973245
0.977599
0.980755
0.996963
1.04756
1.08212
1.09137
1.09563
1.1048
1.10956
1.10997
1.11228
1.10663
1.07865
1.02054
0.973802
0.959238
0.957328
0.9647
1.02255
1.09095
1.12151
1.12575
1.11611
1.09069
1.07819
1.07534
1.05345
1.00472
0.962383
0.934804
0.921391
0.926913
1.10187
4.74868
34.4014
0.844056
0.835716
0.823792
0.795329
0.778166
0.770786
0.770598
0.805558
0.89425
0.944792
0.961777
0.977093
0.982106
0.951902
0.902712
0.874414
0.8621
0.854177
0.845092
0.834128
0.822178
0.815348
0.816602
0.831966
0.909775
0.987644
1.01203
1.01857
1.01998
1.00798
0.980731
0.949239
0.918169
0.895598
0.882963
0.876403
0.873614
0.874034
0.877132
0.91921
1.01803
1.07344
1.08819
1.08973
1.07375
1.0244
0.976716
0.955111
0.952923
0.95886
0.957696
0.952137
0.951529
0.956558
1.00097
1.04843
1.06058
1.06108
1.06274
1.0663
1.06164
1.0289
1.00963
1.00328
0.997041
0.984716
0.97605
0.985685
1.01308
1.03788
1.06417
1.09675
1.11905
1.12972
1.13618
1.13742
1.12797
1.07129
1.00098
0.966604
0.95716
0.954929
0.964191
1.00082
1.05702
1.09529
1.10701
1.10809
1.10663
1.11385
1.11331
1.08424
1.01579
0.956061
0.927352
0.905314
1.05072
4.73536
34.3549
0.896807
0.871495
0.848543
0.815059
0.786259
0.763447
0.747281
0.746237
0.774983
0.870476
0.949733
0.982127
0.998996
1.01094
0.994942
0.939899
0.893641
0.86418
0.842613
0.827201
0.817214
0.813411
0.813635
0.816373
0.835551
0.916321
0.9907
1.01559
1.02149
1.02158
1.01618
0.99826
0.965897
0.930365
0.903438
0.887079
0.875709
0.868753
0.866099
0.868749
0.909952
1.01228
1.07299
1.09024
1.09116
1.08492
1.05301
1.01081
0.984114
0.971182
0.963818
0.954573
0.935764
0.921757
0.929799
0.984272
1.03587
1.05468
1.06256
1.0821
1.10044
1.09055
1.05528
1.03038
1.0098
0.988028
0.971165
0.96056
0.960865
0.974495
1.00755
1.0648
1.11745
1.14616
1.15711
1.15779
1.14964
1.11121
1.04964
0.991319
0.963074
0.952567
0.947387
0.950856
0.974892
1.04332
1.09808
1.1207
1.13613
1.14054
1.14136
1.13284
1.08174
1.00016
0.94211
0.891293
1.0169
4.65906
34.3916
0.94909
0.928859
0.89137
0.84776
0.79619
0.75525
0.739451
0.73749
0.740431
0.760291
0.850326
0.950056
1.00713
1.03516
1.04161
1.02399
0.960353
0.89411
0.847153
0.821038
0.812544
0.812824
0.815288
0.817588
0.825629
0.847715
0.9117
0.983395
1.01854
1.02964
1.02966
1.01959
1.00431
0.979606
0.942515
0.908765
0.883065
0.865545
0.858527
0.859574
0.865434
0.907387
1.0087
1.07569
1.10219
1.10909
1.10859
1.08316
1.03393
0.996797
0.975555
0.954987
0.927718
0.910615
0.904069
0.913701
0.967607
1.0261
1.06474
1.0989
1.12075
1.12837
1.11109
1.0751
1.03906
1.00253
0.969443
0.948609
0.939887
0.939487
0.948002
1.00104
1.09908
1.15508
1.16685
1.16751
1.15899
1.13308
1.09831
1.03789
0.982303
0.951505
0.935558
0.932354
0.934677
0.96943
1.06699
1.13255
1.15406
1.15292
1.14982
1.145
1.11332
1.04646
0.978187
0.908597
1.00146
4.49842
34.4318
0.95775
0.966366
0.953881
0.914053
0.846721
0.78459
0.75422
0.745512
0.745075
0.747378
0.760612
0.847867
0.972914
1.02334
1.03674
1.04069
1.02607
0.96328
0.889654
0.846173
0.828629
0.823695
0.823837
0.825125
0.83084
0.840259
0.852267
0.904706
0.977675
1.00935
1.01958
1.01632
1.01013
1.00968
0.997144
0.958958
0.918461
0.888253
0.871569
0.865969
0.867749
0.873247
0.910416
1.00735
1.0765
1.10007
1.10605
1.1081
1.0992
1.0636
1.02426
0.988585
0.949239
0.92108
0.907428
0.90267
0.908575
0.946383
1.01703
1.08037
1.11313
1.128
1.13156
1.12481
1.09456
1.04451
0.996618
0.962684
0.944093
0.936133
0.934808
0.947977
1.03416
1.12567
1.15481
1.16126
1.15679
1.1378
1.11993
1.08719
1.03013
0.981616
0.950791
0.93648
0.932446
0.935878
0.998872
1.09941
1.14162
1.14691
1.14458
1.14263
1.12141
1.08364
1.03341
0.977048
1.04598
4.3059
34.4968
)
;

boundaryField
{
    back
    {
        type            empty;
    }
    outlet
    {
        type            zeroGradient;
    }
    top
    {
        type            zeroGradient;
    }
    inlet
    {
        type            fixedValue;
        value           uniform 1;
    }
    bottom
    {
        type            zeroGradient;
    }
    front
    {
        type            empty;
    }
}


// ************************************************************************* //
