/*--------------------------------*- C++ -*----------------------------------*\
  =========                 |
  \\      /  F ield         | OpenFOAM: The Open Source CFD Toolbox
   \\    /   O peration     | Website:  https://openfoam.org
    \\  /    A nd           | Version:  12
     \\/     M anipulation  |
\*---------------------------------------------------------------------------*/
FoamFile
{
    format      ascii;
    class       volScalarField;
    location    "14.6";
    object      p;
}
// * * * * * * * * * * * * * * * * * * * * * * * * * * * * * * * * * * * * * //

dimensions      [1 -1 -2 0 0 0 0];

internalField   nonuniform List<scalar> 
9801
(
0.622084
0.625109
0.624957
0.625868
0.627422
0.629845
0.632922
0.638503
0.650417
0.661618
0.66703
0.669814
0.67186
0.672842
0.673052
0.673944
0.675901
0.678627
0.682202
0.6904
0.704062
0.713168
0.717672
0.720716
0.722598
0.722921
0.723497
0.725212
0.727912
0.731195
0.737257
0.751035
0.763517
0.769786
0.773301
0.775437
0.775432
0.775444
0.776773
0.779642
0.783096
0.788005
0.801023
0.818469
0.827675
0.83244
0.83533
0.83448
0.833189
0.833835
0.836375
0.840226
0.845175
0.857332
0.879526
0.893568
0.900319
0.903984
0.901419
0.897041
0.897596
0.900658
0.905676
0.912158
0.925865
0.952512
0.971203
0.980142
0.986452
0.984091
0.972662
0.969947
0.974304
0.981814
0.991872
1.01554
1.05168
1.0745
1.08665
1.09452
1.0886
1.07132
1.06387
1.07037
1.08309
1.10971
1.16687
1.2113
1.23641
1.25634
1.26901
1.25729
1.23172
1.22993
1.26372
1.34397
1.47776
2.72383
10.3045
0.628507
0.631819
0.630373
0.63108
0.633333
0.636232
0.639413
0.645988
0.657522
0.666129
0.671612
0.675423
0.67834
0.678575
0.677276
0.678637
0.681447
0.684708
0.688579
0.697855
0.710257
0.71794
0.722795
0.726543
0.728563
0.726397
0.726398
0.729072
0.732648
0.736405
0.742447
0.756269
0.768371
0.774837
0.77909
0.782252
0.779946
0.777196
0.779192
0.78312
0.78733
0.79227
0.804661
0.822354
0.832223
0.837768
0.841912
0.840487
0.834393
0.834676
0.838562
0.843453
0.848744
0.860061
0.881755
0.896513
0.904245
0.9094
0.909158
0.899943
0.897915
0.901742
0.907673
0.91426
0.927718
0.954683
0.973996
0.983504
0.990412
0.99089
0.976957
0.971018
0.975747
0.984079
0.994198
1.01833
1.05328
1.07455
1.08645
1.09624
1.09813
1.0764
1.06533
1.07285
1.08717
1.1105
1.15652
1.19863
1.22634
1.24987
1.26989
1.26374
1.24078
1.23153
1.2512
1.30355
1.39421
2.56553
10.4382
0.630604
0.63443
0.633263
0.633726
0.63592
0.63889
0.6422
0.648889
0.660399
0.668523
0.673585
0.677429
0.680547
0.681217
0.679772
0.680907
0.683702
0.68712
0.691191
0.70068
0.71316
0.720592
0.725336
0.729203
0.731576
0.729458
0.728949
0.731315
0.73478
0.73859
0.744369
0.758065
0.770483
0.777132
0.781698
0.785346
0.783668
0.780455
0.782053
0.785662
0.789812
0.794591
0.806139
0.823842
0.834156
0.840082
0.844623
0.844108
0.837801
0.837303
0.840936
0.845958
0.85137
0.861498
0.88234
0.897595
0.905794
0.911458
0.913381
0.905133
0.900731
0.903423
0.90935
0.916108
0.928152
0.953945
0.973755
0.984278
0.992072
0.995779
0.984591
0.97487
0.977181
0.985025
0.994618
1.01438
1.04832
1.07268
1.0874
1.09912
1.10577
1.08689
1.06946
1.07396
1.08785
1.10602
1.14316
1.19294
1.22837
1.25265
1.27508
1.27455
1.25418
1.24839
1.26108
1.3038
1.35682
2.48865
10.4489
0.633846
0.638199
0.637452
0.637369
0.639209
0.64204
0.645574
0.652759
0.664054
0.671882
0.676663
0.68034
0.683578
0.684947
0.683257
0.68395
0.686547
0.690031
0.694649
0.704698
0.717043
0.724353
0.728926
0.732698
0.735353
0.733107
0.731494
0.733312
0.736631
0.740781
0.747229
0.76121
0.77403
0.780868
0.785532
0.789473
0.788522
0.783959
0.784331
0.787344
0.791499
0.796721
0.808234
0.826201
0.837271
0.843514
0.848314
0.849498
0.842748
0.840004
0.842571
0.847148
0.852804
0.862888
0.883719
0.900255
0.908984
0.914927
0.918951
0.912132
0.903693
0.904649
0.91017
0.917025
0.928092
0.953131
0.975545
0.987476
0.995805
1.00208
0.994982
0.979477
0.977814
0.985062
0.994643
1.01036
1.04377
1.07291
1.08907
1.10078
1.11012
1.10167
1.0794
1.07412
1.08606
1.10274
1.12903
1.1751
1.21559
1.2433
1.26806
1.28164
1.26666
1.25096
1.24939
1.27809
1.30692
2.45252
10.4824
0.636816
0.641536
0.641331
0.640792
0.642254
0.644847
0.648231
0.655766
0.667308
0.674943
0.679563
0.683165
0.686379
0.688092
0.6865
0.686875
0.689316
0.692576
0.697108
0.707599
0.720237
0.727538
0.732032
0.735722
0.738509
0.736606
0.734375
0.735971
0.739122
0.743011
0.749334
0.763594
0.777004
0.784061
0.788713
0.792655
0.792746
0.787751
0.787306
0.790099
0.793988
0.798802
0.809408
0.827515
0.839553
0.846137
0.851042
0.854044
0.848471
0.843112
0.844828
0.849195
0.85463
0.863835
0.883991
0.901686
0.91109
0.917277
0.922419
0.919358
0.908119
0.906129
0.911237
0.918054
0.927667
0.950399
0.975126
0.988667
0.997385
1.00474
1.0051
0.989286
0.980264
0.984798
0.994051
1.0061
1.0335
1.06839
1.08945
1.10264
1.1143
1.11799
1.09681
1.07992
1.08234
1.09721
1.11763
1.15542
1.201
1.23544
1.26221
1.28631
1.28633
1.26854
1.25572
1.26111
1.26481
2.42192
10.5193
0.640009
0.644828
0.645023
0.644386
0.64563
0.648122
0.651243
0.658339
0.670535
0.678536
0.683113
0.686611
0.689712
0.691554
0.690074
0.690143
0.692461
0.695596
0.699593
0.709574
0.723117
0.730921
0.735494
0.739131
0.742062
0.74089
0.73789
0.73893
0.741918
0.745617
0.751067
0.764925
0.779549
0.787326
0.792169
0.796149
0.797584
0.792542
0.78985
0.791916
0.795749
0.80045
0.809975
0.828387
0.841939
0.849336
0.854571
0.858807
0.856277
0.847717
0.846447
0.85024
0.855651
0.863865
0.882999
0.90259
0.913188
0.919921
0.925825
0.927996
0.91731
0.909175
0.911566
0.917826
0.925945
0.944939
0.973005
0.990337
1.00006
1.00789
1.01363
1.00344
0.987461
0.985354
0.992845
1.0031
1.0217
1.05817
1.08851
1.10583
1.11825
1.12787
1.1181
1.09359
1.08549
1.09374
1.10983
1.13544
1.17718
1.21614
1.24597
1.272
1.29119
1.28661
1.26902
1.25547
1.23339
2.3829
10.5654
0.64327
0.648101
0.648385
0.647562
0.648688
0.651169
0.654226
0.660627
0.672936
0.681528
0.68632
0.689925
0.693117
0.695391
0.693835
0.693011
0.694998
0.698121
0.701993
0.711016
0.724956
0.733587
0.738511
0.742283
0.745582
0.745849
0.741672
0.741234
0.743949
0.747847
0.753312
0.766344
0.781441
0.789974
0.795215
0.799383
0.80253
0.799155
0.792951
0.793066
0.796707
0.801799
0.811149
0.82946
0.844111
0.851968
0.857432
0.862198
0.863667
0.854789
0.849126
0.851234
0.856226
0.863269
0.88023
0.902595
0.91543
0.922692
0.928849
0.933947
0.927899
0.915464
0.91332
0.917966
0.924781
0.937564
0.966068
0.99058
1.0032
1.01138
1.01854
1.01658
0.998043
0.988683
0.991932
1.00102
1.01308
1.04093
1.07955
1.10448
1.11937
1.13154
1.13687
1.11771
1.09764
1.09503
1.10507
1.12191
1.15273
1.19344
1.2271
1.25418
1.27805
1.28958
1.28229
1.26181
1.21515
2.33663
10.6153
0.646483
0.651396
0.651955
0.650654
0.651381
0.653749
0.656839
0.663051
0.67551
0.684696
0.689683
0.693388
0.696674
0.699414
0.698473
0.696195
0.697343
0.700168
0.703883
0.71219
0.726489
0.736134
0.741471
0.745497
0.749077
0.751103
0.747146
0.744318
0.746079
0.749612
0.754673
0.767016
0.782856
0.792198
0.797732
0.802173
0.806148
0.80613
0.798359
0.795737
0.798499
0.802961
0.810626
0.828593
0.845692
0.854477
0.860001
0.864883
0.868563
0.862982
0.854039
0.853398
0.857434
0.86301
0.875074
0.899489
0.917485
0.926377
0.932689
0.938431
0.938042
0.924146
0.916934
0.918882
0.924974
0.933249
0.954575
0.986296
1.00524
1.01515
1.02275
1.02721
1.01418
0.996632
0.993467
0.999596
1.0091
1.02426
1.05936
1.09526
1.11675
1.1312
1.14349
1.14441
1.12089
1.10327
1.104
1.1154
1.13401
1.1678
1.20491
1.23426
1.25863
1.27862
1.28262
1.26958
1.22387
2.2899
10.6655
0.649746
0.654704
0.655681
0.654028
0.653992
0.656083
0.658992
0.664345
0.676968
0.687628
0.693218
0.697066
0.700354
0.70327
0.703197
0.699937
0.700019
0.702433
0.705755
0.712413
0.72697
0.738328
0.744377
0.748676
0.752388
0.755408
0.753024
0.748436
0.749007
0.75205
0.756106
0.765843
0.782976
0.794194
0.800274
0.804895
0.809047
0.811275
0.804938
0.800052
0.801494
0.805365
0.810559
0.824698
0.845268
0.856922
0.863162
0.86812
0.87257
0.87095
0.860437
0.856732
0.859306
0.864297
0.871467
0.892002
0.916865
0.929566
0.936592
0.942353
0.945517
0.935361
0.922493
0.921129
0.925991
0.932798
0.944134
0.973824
1.00274
1.01717
1.02583
1.03327
1.03285
1.0133
0.999478
0.999153
1.00605
1.0161
1.03705
1.07688
1.10973
1.12939
1.14325
1.15361
1.14836
1.12491
1.11057
1.11304
1.125
1.14572
1.18144
1.21533
1.24026
1.25973
1.27159
1.26996
1.23888
2.26256
10.7129
0.653102
0.658159
0.659532
0.657752
0.657002
0.658834
0.66162
0.665802
0.677337
0.68998
0.696542
0.700576
0.703903
0.706908
0.70788
0.704178
0.703087
0.70507
0.708187
0.713107
0.726442
0.740177
0.747324
0.751868
0.755688
0.759152
0.758935
0.753286
0.752315
0.754655
0.758237
0.764509
0.781016
0.795884
0.803299
0.808104
0.812334
0.815843
0.812309
0.805101
0.804721
0.807727
0.812123
0.820579
0.841539
0.858455
0.866415
0.871627
0.876342
0.878433
0.869133
0.861144
0.861653
0.865855
0.871375
0.883301
0.910382
0.930291
0.939586
0.94577
0.951087
0.948914
0.933463
0.925727
0.927021
0.932584
0.939842
0.957444
0.99243
1.01671
1.02878
1.03732
1.04457
1.03671
1.01279
1.00287
1.0058
1.01436
1.02525
1.05053
1.09078
1.11999
1.13782
1.15161
1.16099
1.15421
1.13054
1.11748
1.12078
1.13322
1.1563
1.19238
1.22252
1.24356
1.25735
1.26294
1.25144
2.25528
10.7534
0.656472
0.661598
0.663312
0.661842
0.660322
0.661796
0.664448
0.667878
0.677262
0.691403
0.699389
0.703781
0.707205
0.710292
0.712232
0.709037
0.706461
0.707845
0.710708
0.714528
0.725161
0.741214
0.750227
0.75514
0.759038
0.76262
0.764323
0.759083
0.75571
0.757115
0.760276
0.764644
0.777263
0.796037
0.806202
0.811589
0.815875
0.819819
0.819616
0.811268
0.807921
0.809923
0.813828
0.819101
0.834661
0.857271
0.869188
0.875248
0.880065
0.884148
0.87977
0.867894
0.864825
0.867527
0.872412
0.8789
0.898556
0.926732
0.941715
0.94927
0.955225
0.959151
0.949607
0.933129
0.928712
0.93191
0.938511
0.947494
0.973531
1.00933
1.02916
1.03925
1.04707
1.05256
1.03984
1.01753
1.01046
1.01356
1.02146
1.03356
1.06335
1.10282
1.12975
1.14684
1.16048
1.16707
1.158
1.13571
1.12354
1.12676
1.13896
1.16442
1.20074
1.22731
1.24327
1.25149
1.25647
2.27064
10.7904
0.659824
0.665021
0.667035
0.666168
0.663912
0.664925
0.667369
0.670375
0.677085
0.691623
0.701729
0.706772
0.710391
0.713574
0.71619
0.714359
0.710272
0.710718
0.713257
0.716575
0.723774
0.740496
0.752664
0.758475
0.762487
0.766081
0.768915
0.765578
0.759648
0.759626
0.762311
0.76609
0.774022
0.793474
0.808289
0.815074
0.819517
0.823536
0.825965
0.819343
0.812231
0.812482
0.815573
0.819872
0.828254
0.851121
0.870144
0.878624
0.883882
0.888582
0.890092
0.878731
0.869513
0.869493
0.873224
0.878569
0.888391
0.915942
0.940968
0.952467
0.959258
0.965131
0.9658
0.948534
0.934627
0.933703
0.93838
0.945128
0.956163
0.988304
1.02204
1.03878
1.04882
1.05782
1.06216
1.04385
1.02094
1.01539
1.02034
1.02941
1.04319
1.07549
1.11247
1.13685
1.1532
1.16652
1.17218
1.16196
1.1391
1.12698
1.1298
1.14142
1.16867
1.20424
1.2276
1.23847
1.25271
2.30585
10.828
0.663157
0.668481
0.670754
0.67085
0.667936
0.668116
0.670242
0.673035
0.677488
0.690532
0.703506
0.709751
0.713611
0.716873
0.719815
0.71978
0.714829
0.713756
0.715909
0.71906
0.723681
0.737797
0.75392
0.761594
0.765941
0.769552
0.772812
0.772101
0.764813
0.762551
0.764727
0.768193
0.772991
0.788053
0.808204
0.81803
0.82316
0.827293
0.831032
0.82886
0.818834
0.815436
0.817213
0.820957
0.826006
0.841369
0.86705
0.880973
0.887587
0.892543
0.896837
0.89254
0.87793
0.872524
0.874473
0.879202
0.884993
0.900733
0.932427
0.952455
0.961241
0.967429
0.973273
0.970299
0.950362
0.939063
0.938674
0.942925
0.950019
0.96543
1.00355
1.03569
1.05079
1.0596
1.06675
1.06736
1.04747
1.02744
1.02336
1.02809
1.03698
1.05268
1.08713
1.12149
1.14372
1.15917
1.17172
1.17568
1.16429
1.14048
1.12759
1.12942
1.14026
1.16981
1.2042
1.22323
1.24327
2.35463
10.8728
0.66641
0.672035
0.674468
0.675704
0.672544
0.671329
0.672954
0.675607
0.678973
0.688697
0.704153
0.712515
0.716844
0.720193
0.723253
0.724861
0.720411
0.717276
0.718725
0.721675
0.725202
0.734273
0.752688
0.763962
0.769229
0.772975
0.776394
0.778078
0.771818
0.766498
0.767405
0.770389
0.774193
0.782562
0.803951
0.819817
0.82672
0.831134
0.835147
0.837127
0.828221
0.819471
0.819261
0.822256
0.826627
0.834263
0.8575
0.880516
0.890798
0.896728
0.901537
0.904191
0.892662
0.879302
0.87708
0.879529
0.884346
0.891464
0.914699
0.94662
0.962963
0.971327
0.977983
0.983146
0.973252
0.950652
0.941973
0.944124
0.950042
0.957382
0.975069
1.01477
1.04364
1.05694
1.06629
1.07515
1.07584
1.05356
1.03341
1.02982
1.03521
1.04462
1.06258
1.09785
1.1293
1.14967
1.16436
1.17585
1.17902
1.16522
1.13946
1.12564
1.12651
1.13662
1.16871
1.19957
1.22696
2.41204
10.9233
0.669461
0.675583
0.678067
0.6802
0.67784
0.674819
0.675717
0.678166
0.681183
0.687317
0.702829
0.714618
0.719997
0.723541
0.726689
0.729344
0.727059
0.721821
0.721799
0.724237
0.727402
0.732361
0.748208
0.764769
0.772151
0.776371
0.779905
0.782942
0.780205
0.772075
0.770329
0.77257
0.776057
0.780754
0.79602
0.818456
0.82946
0.834859
0.838893
0.84245
0.839347
0.826978
0.822426
0.824319
0.82815
0.832904
0.845353
0.873311
0.891669
0.899402
0.904729
0.909477
0.908833
0.892725
0.881283
0.880562
0.884025
0.889575
0.899883
0.930417
0.960114
0.973208
0.979905
0.985244
0.989542
0.977222
0.956064
0.949184
0.950224
0.954779
0.962406
0.984423
1.02591
1.05423
1.06777
1.07662
1.08332
1.08063
1.05906
1.04037
1.03672
1.0417
1.05097
1.07188
1.10855
1.13768
1.15592
1.1689
1.17884
1.18094
1.16519
1.13727
1.12152
1.12107
1.13221
1.16523
1.20197
2.46509
10.9682
0.672038
0.678938
0.681496
0.684137
0.683649
0.679287
0.678779
0.680816
0.6836
0.687373
0.699439
0.715238
0.722864
0.726945
0.730267
0.733346
0.733885
0.72789
0.725155
0.726643
0.72949
0.733046
0.742822
0.762577
0.774296
0.779635
0.783365
0.786803
0.788052
0.780217
0.774238
0.775071
0.778139
0.781937
0.789292
0.811177
0.82993
0.837738
0.842366
0.846347
0.848712
0.839623
0.828657
0.827205
0.829563
0.833644
0.839456
0.858873
0.887275
0.901544
0.908469
0.913807
0.918222
0.911733
0.892651
0.884673
0.886185
0.890674
0.89625
0.908624
0.942315
0.968887
0.980694
0.988799
0.995769
0.99862
0.980538
0.95851
0.952625
0.95606
0.962497
0.970649
0.993491
1.034
1.0603
1.07314
1.08236
1.09018
1.08833
1.06572
1.04593
1.042
1.04716
1.05725
1.081
1.11746
1.14414
1.16083
1.17315
1.18182
1.18226
1.16457
1.13455
1.1158
1.11397
1.1255
1.1682
2.49962
11.0033
0.67394
0.682085
0.684877
0.687758
0.689211
0.685161
0.682324
0.683468
0.685908
0.688915
0.696127
0.713348
0.725094
0.730368
0.733861
0.73702
0.739443
0.735504
0.729384
0.729281
0.731746
0.734963
0.73997
0.756453
0.774466
0.782379
0.786742
0.790382
0.79364
0.790667
0.780959
0.7784
0.780387
0.783588
0.787722
0.800402
0.825264
0.839423
0.845695
0.850065
0.85415
0.85352
0.839872
0.831116
0.83145
0.834774
0.839359
0.847487
0.873428
0.899052
0.909933
0.915616
0.920347
0.924634
0.915287
0.896712
0.890577
0.891443
0.895089
0.901006
0.918108
0.955453
0.980621
0.990981
0.996896
1.00209
1.00426
0.986556
0.966513
0.961412
0.963119
0.967954
0.976193
1.00187
1.04234
1.06784
1.08076
1.08982
1.09616
1.09323
1.0721
1.05235
1.04743
1.05141
1.06095
1.08739
1.12473
1.15039
1.16571
1.17649
1.1835
1.18245
1.16404
1.13155
1.10886
1.10152
1.12604
2.49962
11.0322
0.675195
0.685193
0.68822
0.691208
0.6937
0.691909
0.686637
0.686185
0.688269
0.691146
0.695302
0.708917
0.725606
0.733247
0.737278
0.740512
0.74353
0.743379
0.735902
0.73268
0.734215
0.737046
0.740442
0.749418
0.770521
0.78421
0.79015
0.794066
0.797734
0.799746
0.791525
0.783125
0.782609
0.785022
0.788626
0.794311
0.813806
0.837541
0.848447
0.854174
0.85837
0.861998
0.856119
0.840723
0.835335
0.836889
0.84032
0.844952
0.856062
0.885857
0.908465
0.918191
0.924469
0.929996
0.93241
0.917644
0.898877
0.894189
0.897024
0.901914
0.907707
0.925835
0.963062
0.985894
0.996505
1.00497
1.01205
1.01305
0.992717
0.971256
0.965391
0.968656
0.975148
0.984016
1.00965
1.0485
1.07264
1.08539
1.09493
1.10255
1.10059
1.07735
1.05539
1.04956
1.05367
1.06368
1.09204
1.12966
1.15436
1.16878
1.17879
1.18427
1.18196
1.16245
1.12748
1.09764
1.08793
2.46252
11.0557
0.675485
0.688065
0.691422
0.694469
0.697221
0.698116
0.692543
0.689529
0.690952
0.693621
0.696705
0.704395
0.72271
0.734956
0.740316
0.743856
0.747079
0.749543
0.744922
0.737565
0.736852
0.739029
0.742151
0.746601
0.76226
0.783374
0.793012
0.797821
0.801524
0.805018
0.803248
0.79123
0.785805
0.787182
0.790308
0.794168
0.802576
0.827484
0.848078
0.856504
0.861653
0.865988
0.868855
0.858604
0.843524
0.839726
0.841315
0.844889
0.850076
0.86601
0.898587
0.918601
0.926809
0.931627
0.936696
0.938978
0.922802
0.905305
0.901148
0.901904
0.905528
0.911906
0.934075
0.973621
0.99696
1.00665
1.01272
1.01846
1.01963
1.00054
0.979672
0.973628
0.97501
0.979764
0.98874
1.01762
1.0572
1.08049
1.09231
1.10101
1.10721
1.10453
1.08186
1.05916
1.05235
1.05534
1.06482
1.0944
1.13304
1.1576
1.17098
1.17955
1.18338
1.17977
1.15901
1.11543
1.07509
2.38958
11.0799
0.6743
0.690082
0.694374
0.697673
0.700559
0.702944
0.699896
0.694107
0.693906
0.696048
0.698881
0.702901
0.7167
0.734722
0.742953
0.747199
0.750496
0.753589
0.753735
0.745039
0.740146
0.741328
0.744277
0.747705
0.754947
0.776476
0.793996
0.801092
0.805121
0.808682
0.81145
0.804293
0.792571
0.790186
0.791989
0.795056
0.79935
0.812473
0.840504
0.857652
0.865089
0.87029
0.874771
0.875166
0.859631
0.845739
0.843831
0.846739
0.850723
0.85598
0.874844
0.907826
0.925712
0.934226
0.94095
0.946461
0.946081
0.925718
0.90749
0.90401
0.907362
0.912637
0.91901
0.940639
0.979138
1.00116
1.01164
1.02014
1.02714
1.0277
1.00716
0.98423
0.976877
0.979683
0.986254
0.996528
1.0263
1.06349
1.08465
1.09635
1.1057
1.11323
1.11093
1.08566
1.06114
1.05355
1.05613
1.06524
1.09521
1.13451
1.15872
1.17113
1.17828
1.18066
1.17647
1.14721
1.09262
2.31149
11.1151
0.671734
0.690849
0.697245
0.700936
0.70389
0.706636
0.706966
0.700409
0.697197
0.698578
0.701253
0.704353
0.711499
0.730396
0.744389
0.750212
0.753734
0.75691
0.759645
0.755216
0.74585
0.744329
0.746615
0.749774
0.753443
0.765422
0.789578
0.802961
0.808746
0.812516
0.81612
0.816744
0.804587
0.794389
0.793682
0.796444
0.800158
0.805479
0.824372
0.852482
0.86618
0.872132
0.876406
0.880775
0.880206
0.863168
0.850948
0.849393
0.851067
0.855033
0.86151
0.885423
0.919517
0.936204
0.943073
0.947163
0.95182
0.951825
0.932245
0.915413
0.911896
0.912849
0.916496
0.923123
0.947964
0.98876
1.01156
1.02094
1.0269
1.03222
1.03311
1.0146
0.992268
0.984741
0.985902
0.990665
1.00084
1.03345
1.07154
1.09254
1.10332
1.11148
1.11768
1.11502
1.09034
1.06428
1.05492
1.05627
1.06425
1.0942
1.13411
1.15806
1.16962
1.17525
1.17732
1.16695
1.13213
2.26395
11.1601
0.66928
0.688878
0.699445
0.704143
0.707124
0.709845
0.712081
0.708519
0.70202
0.701607
0.703846
0.706734
0.71027
0.722413
0.742463
0.752375
0.756995
0.760347
0.763581
0.764603
0.755537
0.748665
0.749024
0.751543
0.754822
0.759729
0.777642
0.801014
0.811502
0.816704
0.820215
0.823601
0.820033
0.804582
0.797646
0.798982
0.802359
0.8061
0.8121
0.834986
0.861694
0.873506
0.879707
0.884859
0.889224
0.884765
0.864597
0.853233
0.8536
0.85767
0.86223
0.868568
0.893234
0.925723
0.940848
0.948891
0.955521
0.961022
0.959422
0.937661
0.918854
0.914891
0.918296
0.923977
0.930844
0.954299
0.993065
1.01434
1.02425
1.03226
1.03922
1.04078
1.02253
0.998178
0.988212
0.989457
0.995471
1.00708
1.04016
1.07639
1.09597
1.10713
1.11657
1.12376
1.12109
1.09438
1.06579
1.05473
1.05533
1.06235
1.09162
1.13204
1.15592
1.16653
1.17202
1.1698
1.1642
2.26301
11.2109
0.669048
0.683294
0.699236
0.706262
0.709983
0.713079
0.716005
0.716703
0.709594
0.705419
0.706427
0.708809
0.711742
0.717063
0.735061
0.752853
0.760082
0.763935
0.767153
0.770202
0.767342
0.755985
0.752035
0.753779
0.756982
0.760399
0.76707
0.789734
0.810542
0.818829
0.823623
0.827298
0.83034
0.823224
0.807907
0.803176
0.804447
0.807134
0.811064
0.819288
0.846173
0.871322
0.881659
0.886769
0.890473
0.894933
0.890079
0.870356
0.86103
0.860661
0.862336
0.866266
0.873688
0.901603
0.935151
0.950487
0.957069
0.96127
0.966504
0.966483
0.946036
0.927738
0.923577
0.924457
0.927773
0.934479
0.960118
1.00083
1.02327
1.03258
1.03873
1.04467
1.04727
1.03107
1.00545
0.994275
0.99398
0.998175
1.00892
1.04385
1.08262
1.10372
1.11405
1.12154
1.12702
1.12469
1.09885
1.06767
1.0542
1.05357
1.05972
1.08845
1.12899
1.15254
1.16346
1.16409
1.17984
2.29892
11.2642
0.670613
0.677701
0.695109
0.70798
0.713368
0.716597
0.719501
0.722093
0.719037
0.710796
0.709151
0.711156
0.714067
0.717272
0.725935
0.747451
0.761561
0.767327
0.770733
0.773961
0.776257
0.768526
0.758106
0.756861
0.759029
0.761879
0.765375
0.77508
0.800898
0.819009
0.82656
0.831469
0.835463
0.83754
0.825895
0.810329
0.806929
0.809504
0.813104
0.816952
0.826046
0.854685
0.878024
0.887649
0.893934
0.899306
0.903318
0.895266
0.873928
0.86376
0.864231
0.868076
0.872596
0.879564
0.906807
0.939282
0.954211
0.962666
0.969652
0.975162
0.97407
0.953102
0.932498
0.926457
0.929027
0.934449
0.941867
0.966383
1.0046
1.02583
1.03636
1.04487
1.05166
1.05392
1.03689
1.00961
0.996324
0.995935
1.00122
1.01282
1.04714
1.08507
1.10548
1.11638
1.12506
1.13132
1.12951
1.10293
1.06915
1.05326
1.05132
1.05612
1.08432
1.12438
1.14822
1.15493
1.18137
2.36289
11.3211
0.672389
0.67679
0.687833
0.706605
0.715743
0.719831
0.722765
0.725669
0.727221
0.720074
0.713638
0.714005
0.716368
0.719153
0.722642
0.735668
0.758418
0.769692
0.774683
0.777986
0.781228
0.781228
0.769342
0.760905
0.760737
0.76328
0.766547
0.770593
0.784062
0.811194
0.826891
0.833319
0.837683
0.841595
0.843315
0.830241
0.816031
0.813388
0.814609
0.817347
0.821604
0.833371
0.864378
0.887254
0.896409
0.901061
0.904904
0.909292
0.902182
0.881182
0.871381
0.870551
0.871949
0.87579
0.883834
0.914165
0.948701
0.964069
0.970599
0.97491
0.98005
0.981205
0.96246
0.941376
0.934924
0.935386
0.938442
0.945056
0.971036
1.01147
1.03376
1.043
1.04883
1.05503
1.05963
1.04536
1.01661
1.00195
1.00004
1.0034
1.01269
1.04681
1.08848
1.11162
1.12223
1.129
1.13367
1.13237
1.10697
1.07037
1.05118
1.04778
1.05168
1.07971
1.11928
1.13873
1.17361
2.43607
11.3742
0.674733
0.678367
0.682913
0.69924
0.715899
0.72277
0.726429
0.729478
0.732491
0.7313
0.721533
0.717401
0.718364
0.7207
0.723735
0.728719
0.746838
0.768572
0.777813
0.782164
0.785227
0.788363
0.784709
0.770408
0.764398
0.765597
0.768592
0.77175
0.776008
0.792519
0.820069
0.834117
0.840465
0.84538
0.849727
0.849515
0.833011
0.818604
0.816721
0.819668
0.823518
0.82759
0.839452
0.870662
0.892425
0.901713
0.908408
0.913901
0.917724
0.908705
0.886044
0.874188
0.87403
0.877917
0.882718
0.890005
0.918474
0.951417
0.966592
0.975242
0.982418
0.988084
0.988641
0.970225
0.946889
0.937618
0.938679
0.943613
0.950998
0.975953
1.01369
1.03472
1.04645
1.05645
1.06335
1.06644
1.05108
1.02057
1.00355
1.00111
1.00543
1.0154
1.04799
1.08894
1.11209
1.12343
1.13086
1.13547
1.13439
1.11039
1.07161
1.04877
1.04353
1.04631
1.07561
1.10931
1.15387
2.50819
11.4181
0.677444
0.680263
0.68294
0.690615
0.710957
0.724741
0.730297
0.73352
0.736504
0.738856
0.732912
0.722664
0.720846
0.722969
0.725977
0.72914
0.735615
0.757362
0.777012
0.784974
0.789428
0.792796
0.795339
0.787866
0.773722
0.769503
0.770608
0.773022
0.776497
0.781975
0.802182
0.829189
0.841796
0.847388
0.85099
0.854822
0.854921
0.838611
0.82551
0.82355
0.824643
0.827422
0.831873
0.846054
0.879286
0.901776
0.910597
0.915098
0.918911
0.923503
0.917128
0.894768
0.882836
0.881163
0.882049
0.885697
0.893834
0.924479
0.960033
0.976205
0.98301
0.98718
0.992081
0.994898
0.979452
0.954922
0.944584
0.943906
0.946824
0.953193
0.979935
1.02262
1.0464
1.05593
1.062
1.06723
1.07082
1.05812
1.02789
1.00941
1.00568
1.00796
1.01461
1.04505
1.08871
1.11404
1.1254
1.13194
1.13615
1.13541
1.11345
1.07317
1.0458
1.03751
1.04079
1.06697
1.12275
2.56327
11.4502
0.680305
0.682369
0.684945
0.688598
0.701058
0.722336
0.732779
0.737265
0.740139
0.742976
0.743544
0.733444
0.725679
0.72589
0.728155
0.730758
0.733872
0.742708
0.767344
0.785218
0.792578
0.797105
0.800595
0.802336
0.790948
0.776063
0.772984
0.775528
0.779101
0.782464
0.787985
0.810038
0.836188
0.847639
0.853587
0.858638
0.862966
0.861034
0.842517
0.828368
0.82669
0.829791
0.833953
0.838267
0.851473
0.883742
0.905486
0.914896
0.921754
0.927239
0.931255
0.92398
0.900046
0.885332
0.883954
0.887741
0.893019
0.900989
0.928828
0.962027
0.977981
0.98654
0.993706
0.999393
1.00176
0.987035
0.961192
0.948315
0.948014
0.952934
0.960576
0.985617
1.02509
1.04716
1.05776
1.06605
1.07313
1.07754
1.06515
1.03336
1.01176
1.00615
1.0089
1.01636
1.04501
1.08767
1.1139
1.12577
1.13206
1.13591
1.13524
1.11601
1.07545
1.04242
1.0306
1.02982
1.0825
2.58427
11.471
0.684499
0.684943
0.687424
0.690241
0.69504
0.711889
0.731665
0.74002
0.744012
0.746847
0.74959
0.747059
0.734636
0.728933
0.729664
0.732227
0.735348
0.739248
0.751029
0.776624
0.792432
0.798819
0.803064
0.806533
0.807658
0.795471
0.782227
0.779852
0.781111
0.783504
0.787121
0.794163
0.818692
0.844447
0.855554
0.86066
0.863762
0.867819
0.867243
0.849881
0.836484
0.83434
0.835171
0.837592
0.842049
0.856658
0.891096
0.9143
0.923149
0.927246
0.930817
0.935573
0.931648
0.909846
0.895599
0.892988
0.893614
0.896683
0.903927
0.932199
0.96866
0.986479
0.993738
0.99812
1.00355
1.00829
0.997406
0.971051
0.956981
0.954458
0.955286
0.960507
0.983607
1.02611
1.05343
1.06489
1.07121
1.07673
1.08197
1.0741
1.04292
1.01825
1.01063
1.01098
1.01524
1.04028
1.08452
1.11279
1.12513
1.13135
1.13499
1.13432
1.11789
1.07758
1.04093
1.01874
1.03638
2.55635
11.485
0.69091
0.68817
0.690014
0.692552
0.695369
0.701669
0.72187
0.74003
0.747304
0.75088
0.753567
0.755942
0.749327
0.736142
0.73274
0.734759
0.737933
0.741064
0.744685
0.758158
0.784481
0.799116
0.805359
0.809862
0.813837
0.814235
0.799496
0.785364
0.783168
0.785949
0.789551
0.79309
0.799729
0.824511
0.849488
0.860098
0.866324
0.871619
0.875953
0.874265
0.855876
0.840247
0.837115
0.839798
0.843962
0.848347
0.860927
0.89344
0.915844
0.925692
0.933477
0.93933
0.943821
0.939725
0.91756
0.899605
0.895204
0.898007
0.902891
0.909933
0.934702
0.969118
0.987218
0.997467
1.00602
1.01207
1.01579
1.00467
0.975682
0.956983
0.953457
0.956563
0.962888
0.984019
1.02566
1.05331
1.06619
1.07648
1.08419
1.08879
1.08043
1.04784
1.01944
1.00894
1.00931
1.01424
1.03749
1.08154
1.11142
1.12435
1.13042
1.13357
1.13247
1.11762
1.0787
1.03101
1.01227
2.48155
11.4989
0.699934
0.692357
0.692603
0.69498
0.697717
0.700763
0.708593
0.730625
0.747146
0.753913
0.757735
0.760711
0.762015
0.751916
0.740379
0.738587
0.740185
0.742532
0.745688
0.750154
0.76625
0.792303
0.805796
0.811454
0.81506
0.81826
0.81903
0.805623
0.792631
0.790388
0.791347
0.79351
0.797182
0.805082
0.831483
0.857339
0.868399
0.873434
0.876592
0.880916
0.881517
0.865094
0.849148
0.845236
0.845196
0.846701
0.850816
0.86438
0.89966
0.925662
0.935781
0.94102
0.944806
0.948746
0.946822
0.927035
0.908617
0.903387
0.903444
0.905687
0.911484
0.936262
0.975308
0.997028
1.00572
1.01034
1.01499
1.01998
1.01252
0.983888
0.964415
0.95976
0.960868
0.965564
0.983743
1.0265
1.06055
1.07493
1.08141
1.08589
1.09019
1.08579
1.05609
1.02482
1.01181
1.01009
1.01342
1.0339
1.07802
1.10962
1.12288
1.12829
1.13073
1.12871
1.11564
1.0698
1.02001
2.3819
11.5271
0.7104
0.701034
0.696623
0.697779
0.699932
0.702226
0.705234
0.714774
0.738566
0.754336
0.760918
0.764765
0.767715
0.768146
0.755807
0.743957
0.742424
0.745082
0.748381
0.751385
0.755466
0.77257
0.798577
0.811265
0.817081
0.821731
0.825917
0.825993
0.81082
0.796119
0.793231
0.795766
0.799436
0.8031
0.809941
0.835192
0.860777
0.872082
0.879033
0.884769
0.889241
0.889411
0.872823
0.853717
0.847211
0.848733
0.85279
0.857489
0.869147
0.902316
0.927613
0.938295
0.944771
0.950411
0.955634
0.955678
0.936767
0.914319
0.905655
0.90678
0.911209
0.917578
0.939319
0.975987
0.997214
1.00774
1.01679
1.02345
1.02828
1.02181
0.993361
0.970253
0.963029
0.964399
0.96876
0.983931
1.02405
1.05771
1.07281
1.0824
1.09071
1.09576
1.09195
1.06272
1.02824
1.0121
1.00941
1.01198
1.02986
1.07336
1.1058
1.11917
1.12472
1.12675
1.12569
1.10575
1.06351
2.30631
11.5708
0.718027
0.714651
0.703024
0.700069
0.701309
0.703745
0.70653
0.710242
0.721647
0.745804
0.760672
0.767073
0.771377
0.774724
0.774476
0.761338
0.750602
0.749248
0.750364
0.752428
0.75562
0.760746
0.779664
0.805663
0.818284
0.823781
0.827024
0.830543
0.831976
0.818599
0.804131
0.800823
0.801314
0.80291
0.806462
0.813976
0.840641
0.868618
0.880952
0.886284
0.889497
0.893756
0.896352
0.882952
0.862835
0.855641
0.855125
0.855921
0.859439
0.870416
0.903596
0.932797
0.945936
0.952032
0.956795
0.961054
0.963062
0.947331
0.923646
0.91392
0.912686
0.913946
0.918538
0.93895
0.980093
1.00728
1.0185
1.02483
1.03014
1.03496
1.02968
1.00117
0.975274
0.966092
0.966754
0.970541
0.981025
1.01969
1.06124
1.08112
1.08861
1.09365
1.0974
1.09504
1.06941
1.0326
1.01259
1.00813
1.00987
1.02476
1.06772
1.10199
1.11634
1.12125
1.12365
1.11706
1.10912
2.28634
11.6213
0.722534
0.725835
0.715547
0.705336
0.704046
0.706064
0.70878
0.711335
0.714758
0.727541
0.753029
0.767817
0.774087
0.778251
0.781618
0.780803
0.766228
0.753887
0.752276
0.754865
0.75809
0.761018
0.765522
0.784635
0.810756
0.823001
0.829165
0.834311
0.838561
0.839419
0.825281
0.808286
0.803222
0.805052
0.808665
0.812492
0.81869
0.843257
0.870914
0.883644
0.891137
0.897281
0.901968
0.904133
0.891148
0.868554
0.857654
0.856945
0.860081
0.864511
0.87459
0.907229
0.937602
0.950999
0.957604
0.96339
0.968451
0.97031
0.956027
0.930211
0.916266
0.914839
0.918712
0.924542
0.941696
0.98033
1.00857
1.02115
1.02803
1.033
1.03759
1.03631
1.01101
0.982509
0.970434
0.969907
0.973913
0.983427
1.01742
1.05822
1.07863
1.0879
1.09461
1.09947
1.09851
1.07518
1.0365
1.0129
1.00635
1.0072
1.02058
1.0622
1.09721
1.11197
1.11813
1.11481
1.13442
2.31623
11.6737
0.726407
0.731387
0.73007
0.71781
0.709434
0.708892
0.710337
0.712724
0.715859
0.720284
0.735354
0.760679
0.774216
0.779976
0.78387
0.786903
0.78612
0.772454
0.760957
0.758973
0.759645
0.761499
0.764821
0.770404
0.791159
0.818074
0.830887
0.836262
0.839403
0.843035
0.845559
0.834092
0.81678
0.811174
0.811102
0.812112
0.815297
0.821802
0.847209
0.8782
0.892738
0.898669
0.901905
0.905709
0.909594
0.901221
0.878003
0.865459
0.864314
0.86711
0.871358
0.879782
0.908491
0.941039
0.956764
0.963452
0.967168
0.971634
0.975965
0.966801
0.940638
0.925277
0.92192
0.921862
0.924912
0.938456
0.976885
1.00951
1.02402
1.03183
1.03933
1.04477
1.04524
1.02296
0.992316
0.97726
0.973979
0.974793
0.98029
1.01047
1.05609
1.08188
1.09189
1.09689
1.10056
1.10147
1.08262
1.0421
1.01383
1.00489
1.00429
1.01463
1.05542
1.0909
1.10787
1.10871
1.14254
2.38262
11.7312
0.728425
0.735446
0.737603
0.735037
0.720789
0.712529
0.712773
0.715588
0.718797
0.721785
0.725787
0.741527
0.766815
0.779796
0.785549
0.789911
0.793715
0.793329
0.777966
0.763889
0.761481
0.763914
0.76731
0.770634
0.77532
0.795176
0.8219
0.834497
0.841061
0.846557
0.850923
0.853117
0.841739
0.82204
0.813492
0.814038
0.817377
0.821459
0.827097
0.849385
0.879503
0.894403
0.902254
0.908907
0.913932
0.917478
0.909399
0.885782
0.8715
0.869199
0.870792
0.873232
0.879856
0.907177
0.940642
0.957243
0.96643
0.974398
0.979902
0.983656
0.975474
0.948315
0.928086
0.922222
0.923985
0.928502
0.939769
0.975226
1.0133
1.03241
1.0406
1.04624
1.05136
1.05205
1.03166
0.99815
0.978002
0.973393
0.975961
0.982356
1.00861
1.05349
1.08158
1.09328
1.09941
1.10339
1.10442
1.08758
1.04563
1.01248
1.0006
0.999599
1.00895
1.0485
1.08496
1.09699
1.14039
2.4652
11.7898
0.726766
0.738465
0.741676
0.74458
0.740501
0.725961
0.719242
0.719721
0.721302
0.723411
0.726333
0.730973
0.747765
0.773019
0.785884
0.791347
0.794644
0.797341
0.797762
0.784947
0.771738
0.768961
0.769607
0.771104
0.774196
0.779553
0.800365
0.828764
0.842656
0.84831
0.851397
0.854735
0.858276
0.850899
0.831501
0.822226
0.821171
0.821646
0.824053
0.829279
0.851109
0.884871
0.903258
0.910579
0.914534
0.917891
0.9222
0.918735
0.896131
0.877007
0.871307
0.873108
0.877301
0.884113
0.908482
0.945477
0.966339
0.97468
0.978921
0.983153
0.988107
0.985207
0.959939
0.936983
0.929575
0.929569
0.932578
0.940813
0.971985
1.01223
1.03387
1.04297
1.04832
1.05272
1.05627
1.0434
1.0092
0.985906
0.978888
0.978261
0.981182
1.00246
1.0493
1.08204
1.09495
1.0998
1.10226
1.10297
1.09041
1.04981
1.01241
0.997312
0.994873
1.00364
1.04337
1.07235
1.12598
2.5484
11.8386
0.717814
0.73938
0.744554
0.74825
0.750918
0.746905
0.731858
0.723537
0.723527
0.726186
0.729024
0.731442
0.735285
0.752062
0.777713
0.790205
0.795798
0.800335
0.804312
0.805072
0.791896
0.776073
0.771477
0.7733
0.776697
0.780241
0.784662
0.803188
0.83094
0.844971
0.852005
0.857986
0.862581
0.865928
0.859456
0.839071
0.825508
0.823183
0.825802
0.829862
0.834938
0.852588
0.884961
0.904252
0.913436
0.920633
0.926272
0.930668
0.927775
0.905522
0.885086
0.879138
0.880247
0.883283
0.888264
0.908162
0.943655
0.965355
0.976119
0.985323
0.991962
0.99661
0.993946
0.968738
0.942384
0.931895
0.931229
0.933769
0.939101
0.965061
1.00773
1.03274
1.04431
1.0536
1.05962
1.0625
1.05018
1.01424
0.986294
0.976585
0.976898
0.980762
0.999274
1.04462
1.07828
1.09127
1.09703
1.10125
1.10322
1.09335
1.05447
1.01311
0.993914
0.98949
0.999036
1.03217
1.09755
2.61551
11.8703
0.702298
0.732087
0.744408
0.750053
0.754227
0.757507
0.754437
0.739747
0.731038
0.729791
0.730035
0.731772
0.734939
0.740064
0.758114
0.783776
0.796751
0.802164
0.805252
0.808365
0.810714
0.80082
0.785
0.779761
0.779781
0.780566
0.783163
0.787759
0.805972
0.836054
0.852962
0.859757
0.863361
0.866625
0.870828
0.8687
0.849927
0.834826
0.831211
0.831088
0.832385
0.836499
0.852297
0.887419
0.912251
0.922533
0.927617
0.931064
0.935345
0.93607
0.917666
0.894004
0.88416
0.883192
0.885166
0.88913
0.905554
0.944488
0.973953
0.986197
0.991828
0.995259
0.999643
1.00076
0.980586
0.950828
0.935606
0.933214
0.936531
0.942155
0.963967
1.00847
1.03962
1.05146
1.05657
1.05956
1.06262
1.05564
1.02312
0.992735
0.980661
0.978923
0.98095
0.994636
1.03887
1.07722
1.09329
1.09861
1.10115
1.10224
1.09498
1.05981
1.01489
0.989464
0.983617
0.988006
1.05815
2.65107
11.8896
0.693867
0.71314
0.738697
0.751232
0.756975
0.761379
0.764699
0.7614
0.744175
0.732727
0.731919
0.734288
0.737365
0.740517
0.74478
0.761501
0.787221
0.800312
0.806606
0.811898
0.816048
0.818408
0.809031
0.790791
0.782131
0.782198
0.785025
0.788666
0.79271
0.80742
0.836616
0.85433
0.862828
0.86973
0.87483
0.878716
0.877418
0.859411
0.839963
0.832911
0.833981
0.837673
0.842289
0.854164
0.886322
0.912694
0.924606
0.932065
0.938374
0.943136
0.944473
0.928225
0.902145
0.888416
0.886464
0.889852
0.894879
0.907693
0.94226
0.972342
0.986383
0.99515
1.0027
1.00795
1.00962
0.991968
0.960657
0.943514
0.940566
0.942336
0.94605
0.962331
1.00321
1.03443
1.0479
1.0567
1.06405
1.06825
1.06354
1.03254
0.998127
0.981795
0.978627
0.980469
0.992678
1.03423
1.07323
1.09023
1.09657
1.09961
1.10047
1.0948
1.0646
1.01792
0.987482
0.969113
1.01032
2.63329
11.8949
0.693836
0.702049
0.723481
0.747721
0.75877
0.76328
0.766112
0.767536
0.763977
0.749625
0.739888
0.738676
0.739607
0.741114
0.744191
0.749079
0.766442
0.793509
0.808087
0.813935
0.817166
0.819753
0.823019
0.817875
0.800223
0.790347
0.788879
0.789224
0.791024
0.794839
0.80863
0.840254
0.862526
0.871465
0.875809
0.878844
0.88314
0.885147
0.870914
0.849683
0.841326
0.840303
0.840783
0.843839
0.853532
0.885836
0.918265
0.932992
0.939147
0.942754
0.946519
0.950051
0.939944
0.913669
0.897635
0.894106
0.893869
0.89618
0.90502
0.938515
0.976837
0.995799
1.00348
1.008
1.01207
1.01541
1.00292
0.971022
0.949063
0.942314
0.942719
0.945345
0.956947
0.998237
1.03894
1.05721
1.0639
1.06818
1.07149
1.06875
1.04143
1.00426
0.984517
0.979778
0.980245
0.987517
1.02623
1.06859
1.08775
1.09435
1.09765
1.09892
1.0943
1.0674
1.02053
0.976824
0.978069
2.56077
11.8957
0.699099
0.705754
0.712775
0.730972
0.752158
0.76146
0.765665
0.769084
0.772367
0.771111
0.756832
0.744091
0.741406
0.743573
0.747107
0.750792
0.754859
0.769692
0.795996
0.810654
0.817395
0.822863
0.827363
0.83075
0.826632
0.808072
0.793886
0.790736
0.792866
0.796489
0.80061
0.811354
0.840633
0.863337
0.873576
0.880896
0.886645
0.890874
0.892888
0.880368
0.856454
0.843599
0.842248
0.8453
0.849622
0.857492
0.884646
0.91729
0.933554
0.94188
0.948976
0.954189
0.957542
0.949796
0.923136
0.901885
0.895328
0.897022
0.901458
0.908932
0.935623
0.974103
0.995447
1.00519
1.01171
1.01699
1.0209
1.01295
0.982283
0.954748
0.944406
0.945061
0.949319
0.959475
0.995544
1.03659
1.05612
1.0643
1.06947
1.07329
1.07228
1.04932
1.00944
0.984384
0.976903
0.977574
0.984571
1.02066
1.06478
1.08644
1.09352
1.09577
1.09593
1.09085
1.06767
1.01259
0.976718
2.45339
11.914
0.706554
0.711253
0.713226
0.716541
0.731442
0.75288
0.764011
0.769039
0.771835
0.774767
0.776348
0.766112
0.753256
0.750072
0.750954
0.752185
0.754615
0.758407
0.771968
0.79951
0.81726
0.824612
0.828337
0.831106
0.834937
0.834846
0.818796
0.802944
0.798715
0.798813
0.79986
0.803055
0.812376
0.842259
0.870385
0.882526
0.887634
0.890412
0.894037
0.897838
0.890565
0.867056
0.852767
0.849938
0.85006
0.852086
0.857669
0.881837
0.919781
0.941322
0.949547
0.953494
0.956598
0.960977
0.959125
0.935956
0.912527
0.904171
0.902532
0.902875
0.907335
0.929254
0.972354
1.00084
1.01236
1.0179
1.02276
1.02714
1.02232
0.993024
0.964176
0.953081
0.95036
0.950236
0.955559
0.986982
1.03287
1.05746
1.06639
1.07146
1.07556
1.07581
1.05546
1.01537
0.987512
0.978015
0.977072
0.981679
1.01469
1.05972
1.08216
1.08928
1.09204
1.09202
1.08806
1.05764
1.01451
2.35921
11.955
0.714323
0.714809
0.714285
0.713979
0.716282
0.728954
0.75169
0.765548
0.773003
0.778699
0.782793
0.784703
0.775804
0.760529
0.753762
0.754202
0.756921
0.759648
0.762537
0.772734
0.799553
0.818708
0.827262
0.833586
0.838484
0.842308
0.842741
0.828182
0.808873
0.801097
0.801744
0.804939
0.809026
0.816543
0.842504
0.870222
0.883095
0.890368
0.896747
0.901412
0.904913
0.899452
0.876296
0.857301
0.85172
0.853501
0.857607
0.863404
0.881979
0.91724
0.939782
0.949847
0.9579
0.964344
0.968632
0.967703
0.946613
0.918719
0.90509
0.903488
0.906801
0.911921
0.927643
0.967448
1.00078
1.01583
1.02245
1.02675
1.03064
1.02912
1.00417
0.969443
0.951288
0.947957
0.950261
0.956026
0.983465
1.03065
1.05938
1.06971
1.0738
1.07662
1.07706
1.06274
1.02219
0.989065
0.976734
0.97504
0.977957
1.00724
1.05359
1.07817
1.08616
1.08819
1.08889
1.07776
1.06696
2.31976
12.0069
0.72622
0.71628
0.711048
0.709745
0.710859
0.713926
0.727685
0.755486
0.77327
0.780811
0.785736
0.790107
0.793378
0.78751
0.771022
0.762175
0.75995
0.759204
0.760858
0.764287
0.774612
0.802775
0.82583
0.835181
0.839454
0.84224
0.846133
0.849087
0.839347
0.819245
0.810143
0.809111
0.809495
0.811802
0.817636
0.84137
0.873914
0.891041
0.897731
0.901125
0.904312
0.908652
0.908308
0.88904
0.868027
0.860986
0.860406
0.86108
0.864476
0.878368
0.915111
0.945659
0.958528
0.96402
0.967081
0.971143
0.973884
0.959244
0.93017
0.914233
0.910075
0.909217
0.911439
0.922653
0.961418
0.999966
1.017
1.02423
1.02985
1.03421
1.03347
1.01213
0.977692
0.958551
0.953602
0.954057
0.957044
0.978379
1.02488
1.05628
1.06844
1.07416
1.07742
1.07826
1.06684
1.0277
0.990812
0.975132
0.972157
0.974638
1.00147
1.04706
1.07289
1.08144
1.085
1.07926
1.10098
2.34063
12.061
0.73904
0.714534
0.707862
0.707238
0.708815
0.711812
0.717299
0.733583
0.762218
0.779696
0.78903
0.795725
0.799833
0.802395
0.796185
0.775386
0.76221
0.760754
0.762901
0.766036
0.769659
0.77779
0.803338
0.82649
0.836929
0.843899
0.84951
0.853545
0.856177
0.848259
0.826897
0.813375
0.811112
0.8135
0.817286
0.822633
0.840912
0.871861
0.890012
0.898902
0.906585
0.912314
0.916483
0.917
0.900344
0.875793
0.863497
0.862199
0.865332
0.869813
0.879977
0.911366
0.942477
0.957283
0.966283
0.973919
0.979081
0.981771
0.96968
0.939002
0.916992
0.910474
0.912121
0.916455
0.925405
0.958283
1.00051
1.02182
1.02905
1.03254
1.03599
1.03846
1.02361
0.987784
0.96221
0.953475
0.953423
0.956284
0.972128
1.0187
1.05566
1.0697
1.07433
1.07681
1.07824
1.07088
1.03516
0.9942
0.974809
0.970182
0.970679
0.993896
1.0399
1.06729
1.07861
1.07534
1.11534
2.40122
12.1161
0.750661
0.724373
0.709181
0.707541
0.7097
0.713402
0.718492
0.726395
0.744589
0.77492
0.791617
0.797783
0.80111
0.802923
0.803236
0.797745
0.781317
0.769766
0.767524
0.768349
0.76989
0.773016
0.780106
0.805685
0.833362
0.845797
0.85101
0.853655
0.855974
0.859524
0.857023
0.838468
0.823259
0.819238
0.819049
0.820106
0.823838
0.838493
0.872114
0.897327
0.907904
0.912852
0.915804
0.919945
0.923266
0.912981
0.887756
0.872951
0.869609
0.869257
0.871152
0.877915
0.906375
0.945314
0.966179
0.974079
0.977827
0.98155
0.985975
0.981184
0.953012
0.927854
0.919364
0.918168
0.919576
0.924687
0.951562
0.99491
1.02044
1.03162
1.03747
1.04159
1.04405
1.03167
0.996145
0.96698
0.955764
0.954817
0.957889
0.971105
1.01345
1.05193
1.06779
1.0738
1.07767
1.07962
1.07452
1.04053
0.995626
0.971939
0.965898
0.966354
0.988543
1.03315
1.06214
1.06739
1.11696
2.48256
12.1718
0.740718
0.735351
0.72269
0.715865
0.717178
0.722309
0.729671
0.737041
0.744103
0.756641
0.779106
0.79269
0.798148
0.800942
0.803344
0.806561
0.805454
0.790259
0.775019
0.77043
0.772072
0.775889
0.780763
0.78666
0.806338
0.832409
0.845542
0.852275
0.858415
0.863512
0.867374
0.866266
0.848516
0.828584
0.820975
0.821692
0.825217
0.829905
0.840363
0.869413
0.895489
0.907911
0.916052
0.923254
0.928062
0.931243
0.923705
0.897872
0.87724
0.8708
0.872306
0.876291
0.882467
0.904204
0.941173
0.963522
0.974409
0.983661
0.990069
0.994113
0.990187
0.962323
0.931975
0.919039
0.917763
0.920546
0.924998
0.94509
0.990911
1.02267
1.0346
1.03928
1.04235
1.04563
1.04039
1.00824
0.97444
0.960091
0.956864
0.956677
0.96468
1.00514
1.04972
1.06958
1.07522
1.07704
1.07757
1.07427
1.04599
0.999059
0.971144
0.962955
0.962362
0.983175
1.02731
1.04821
1.10796
2.56875
12.2209
0.73615
0.740086
0.743257
0.742348
0.738598
0.738016
0.740137
0.742648
0.744167
0.746278
0.753078
0.771998
0.788773
0.797115
0.801476
0.804394
0.808724
0.81161
0.803101
0.787444
0.781526
0.781558
0.781696
0.783069
0.78703
0.802966
0.832022
0.851608
0.860251
0.864643
0.867051
0.870421
0.872711
0.860947
0.840136
0.830801
0.829315
0.829275
0.831565
0.838751
0.865606
0.899013
0.916661
0.92378
0.927328
0.930703
0.935064
0.933733
0.911742
0.888334
0.879791
0.878243
0.878736
0.882415
0.899195
0.939945
0.9712
0.983653
0.988759
0.991086
0.994614
0.995247
0.97431
0.942681
0.926189
0.922558
0.924561
0.928792
0.944753
0.985975
1.01901
1.03316
1.04153
1.04781
1.05093
1.04587
1.01405
0.976302
0.958123
0.954728
0.956666
0.964851
1.00202
1.04642
1.06594
1.07173
1.07518
1.07735
1.07575
1.0508
1.00249
0.969585
0.958708
0.957284
0.979275
1.01373
1.08465
2.64623
12.254
0.73357
0.749491
0.761125
0.769035
0.769891
0.761379
0.751695
0.746613
0.744114
0.741272
0.740025
0.744142
0.761723
0.783455
0.796741
0.806097
0.81455
0.820175
0.823274
0.816359
0.798033
0.786002
0.782865
0.784293
0.787234
0.790854
0.802147
0.830431
0.852014
0.861428
0.867858
0.874289
0.878902
0.881639
0.872197
0.849018
0.833991
0.830865
0.833161
0.837134
0.842796
0.862555
0.895147
0.914602
0.924468
0.932872
0.938766
0.942818
0.942276
0.922733
0.895401
0.881734
0.880205
0.883511
0.888444
0.900086
0.934647
0.96628
0.980557
0.989131
0.997024
1.00214
1.00395
0.987074
0.954101
0.933753
0.927906
0.927172
0.929007
0.939909
0.981153
1.02229
1.03946
1.04488
1.04676
1.04945
1.04909
1.0238
0.985388
0.965129
0.959067
0.958456
0.961782
0.993744
1.04149
1.06608
1.07333
1.07496
1.07552
1.07417
1.05447
1.00744
0.969157
0.953718
0.952461
0.968146
1.04911
2.69627
12.273
0.729436
0.765198
0.781494
0.788959
0.792686
0.78846
0.77148
0.753386
0.741004
0.73288
0.730963
0.732826
0.737773
0.756375
0.787232
0.808025
0.81793
0.824627
0.829952
0.833689
0.82972
0.809976
0.793949
0.789305
0.788979
0.790025
0.79275
0.800527
0.826664
0.854887
0.869544
0.875987
0.880066
0.883333
0.88702
0.883226
0.861835
0.844417
0.839233
0.838115
0.838765
0.842587
0.858041
0.894235
0.922088
0.933483
0.938281
0.940676
0.944494
0.947868
0.935957
0.908398
0.89254
0.888363
0.886845
0.888343
0.896001
0.928797
0.969526
0.990388
0.998423
1.00313
1.00681
1.00888
0.996744
0.963838
0.937567
0.928421
0.929199
0.933066
0.941913
0.976173
1.01576
1.03377
1.04307
1.0509
1.05497
1.05464
1.03193
0.990771
0.964131
0.95571
0.955815
0.959243
0.987894
1.03578
1.06121
1.06889
1.07196
1.07389
1.07326
1.05732
1.01296
0.969921
0.949124
0.93757
1.00407
2.69762
12.2779
0.719239
0.776713
0.792178
0.797836
0.800744
0.799664
0.791946
0.768726
0.741512
0.731151
0.730242
0.732234
0.735857
0.742555
0.761949
0.797448
0.819006
0.829402
0.8359
0.840089
0.842637
0.838925
0.815833
0.794867
0.788253
0.789132
0.791974
0.795202
0.801408
0.82593
0.857094
0.872597
0.879754
0.886033
0.891227
0.894877
0.892553
0.871728
0.849096
0.840179
0.840474
0.844078
0.848592
0.858381
0.888639
0.917349
0.93088
0.939733
0.947769
0.952852
0.955831
0.946412
0.917509
0.895357
0.888515
0.889912
0.894385
0.900932
0.9251
0.965263
0.988743
0.998118
1.00316
1.00757
1.0118
1.0078
0.978216
0.948288
0.936337
0.932688
0.93247
0.937511
0.969123
1.01694
1.04212
1.04992
1.05311
1.05497
1.05491
1.03711
0.996679
0.967363
0.956828
0.955285
0.957263
0.980602
1.02947
1.0594
1.06902
1.0715
1.07232
1.07133
1.05829
1.01741
0.971783
0.93687
0.962198
2.6444
12.2719
0.729557
0.774273
0.791651
0.798051
0.798782
0.791608
0.78106
0.770245
0.753888
0.737685
0.733479
0.73536
0.740268
0.748587
0.759258
0.776647
0.80883
0.829439
0.837306
0.840605
0.841322
0.840509
0.838416
0.821076
0.800667
0.793318
0.793753
0.796649
0.800819
0.80727
0.826862
0.858553
0.879138
0.887755
0.891922
0.8934
0.895839
0.897682
0.884181
0.861239
0.850526
0.847908
0.846529
0.848371
0.855268
0.883264
0.920475
0.940627
0.948459
0.952292
0.955033
0.958921
0.956219
0.931464
0.907572
0.898959
0.896328
0.895063
0.898212
0.916152
0.957454
0.987601
1.00082
1.00929
1.01549
1.01871
1.01488
0.986084
0.951308
0.935171
0.932997
0.936112
0.94159
0.966523
1.01171
1.03742
1.0465
1.05125
1.05494
1.05699
1.04455
1.00559
0.971083
0.956793
0.954007
0.95556
0.976571
1.02423
1.05562
1.06614
1.069
1.06969
1.06827
1.05671
1.02041
0.963305
0.9502
2.5396
12.2779
0.737811
0.75596
0.770269
0.777754
0.777485
0.773993
0.77121
0.770052
0.768069
0.75936
0.750534
0.750004
0.754922
0.761912
0.768826
0.774803
0.783984
0.806247
0.823868
0.830964
0.833917
0.835828
0.837828
0.840345
0.832811
0.813957
0.80346
0.802408
0.804583
0.807186
0.810774
0.825197
0.856349
0.877831
0.886787
0.89251
0.899055
0.904001
0.906697
0.895737
0.869084
0.851837
0.848009
0.8502
0.854905
0.861176
0.881372
0.916495
0.937981
0.947997
0.956414
0.963344
0.967574
0.966045
0.942039
0.911478
0.896256
0.893752
0.896037
0.900168
0.91399
0.95459
0.99211
1.00755
1.01285
1.01525
1.01855
1.01916
0.996785
0.962367
0.944693
0.938801
0.936186
0.937957
0.957548
1.0052
1.03855
1.05084
1.05583
1.0595
1.0608
1.05071
1.01268
0.97449
0.957701
0.954168
0.953898
0.969442
1.01681
1.05094
1.06243
1.06539
1.06643
1.06469
1.05497
1.01112
0.973117
2.42913
12.3107
0.745385
0.743734
0.737176
0.739333
0.749563
0.759974
0.766308
0.769879
0.774757
0.781193
0.784638
0.781699
0.7766
0.774238
0.773505
0.771894
0.771321
0.774862
0.790941
0.812788
0.826702
0.835138
0.842336
0.848332
0.851958
0.847634
0.828848
0.813952
0.808929
0.809393
0.812078
0.815169
0.822147
0.847397
0.876529
0.893017
0.900145
0.904048
0.906472
0.909962
0.905705
0.882607
0.864479
0.85931
0.85814
0.857352
0.860326
0.874141
0.911191
0.943312
0.957644
0.963572
0.966559
0.96862
0.969363
0.952353
0.921512
0.904864
0.901238
0.902637
0.905335
0.913708
0.94846
0.985453
1.00252
1.01211
1.02035
1.0249
1.02518
1.00471
0.966133
0.94139
0.934512
0.935489
0.939177
0.955783
1.00101
1.03816
1.05268
1.0568
1.05869
1.05953
1.05273
1.01874
0.976906
0.955612
0.950284
0.950725
0.96434
1.01009
1.04633
1.05907
1.06228
1.06284
1.06185
1.04318
1.02573
2.3628
12.3584
0.749229
0.723585
0.709976
0.707974
0.715924
0.735764
0.755894
0.770346
0.78642
0.803527
0.813848
0.816133
0.807436
0.790568
0.776712
0.767987
0.762003
0.759543
0.762148
0.776471
0.805531
0.830101
0.843273
0.850468
0.857056
0.862582
0.86331
0.848528
0.828554
0.818185
0.813832
0.81107
0.812301
0.817682
0.840342
0.87406
0.892755
0.901018
0.908736
0.9158
0.920141
0.917868
0.896709
0.871555
0.858638
0.856921
0.859591
0.86381
0.874309
0.906682
0.940508
0.955872
0.96294
0.969165
0.974352
0.977355
0.96616
0.93496
0.911915
0.903765
0.902535
0.904118
0.910078
0.94154
0.987152
1.0116
1.01967
1.02272
1.02401
1.02506
1.01157
0.975565
0.949891
0.941351
0.93994
0.940595
0.950432
0.992997
1.03299
1.04832
1.05392
1.05767
1.05955
1.05507
1.02497
0.981253
0.956628
0.949503
0.948487
0.959624
1.00359
1.04092
1.05493
1.05838
1.05982
1.05164
1.06844
2.3619
12.4094
0.743997
0.704426
0.693018
0.69193
0.69427
0.704299
0.732132
0.770966
0.803054
0.824086
0.832886
0.837175
0.83553
0.817491
0.788057
0.766819
0.755604
0.752335
0.753643
0.757728
0.772551
0.807313
0.837046
0.853071
0.864831
0.871768
0.875661
0.875743
0.861219
0.833781
0.815449
0.811063
0.812599
0.815693
0.820556
0.836569
0.870513
0.898263
0.911532
0.917976
0.922639
0.926512
0.92709
0.908975
0.880254
0.86622
0.863868
0.864514
0.865741
0.871152
0.897946
0.93828
0.962111
0.971838
0.977049
0.981377
0.984801
0.976721
0.945681
0.917294
0.90569
0.905341
0.909253
0.915609
0.93955
0.982106
1.00677
1.0159
1.02251
1.02793
1.03098
1.02187
0.986966
0.954218
0.939876
0.937509
0.939319
0.947423
0.986209
1.03134
1.05108
1.05646
1.05856
1.0596
1.05806
1.03246
0.985981
0.956717
0.947453
0.945869
0.954096
0.996219
1.03502
1.0505
1.05594
1.04962
1.09151
2.40734
12.4619
0.747395
0.697751
0.689042
0.689522
0.691862
0.698233
0.713628
0.756547
0.810158
0.831495
0.838406
0.841059
0.839497
0.831418
0.81028
0.776018
0.75656
0.752892
0.754506
0.758757
0.766598
0.782036
0.818926
0.853638
0.86764
0.873283
0.876347
0.878058
0.877836
0.865232
0.83728
0.819675
0.815468
0.816809
0.819783
0.823425
0.834784
0.869669
0.90211
0.916482
0.922741
0.926682
0.929207
0.930316
0.919795
0.892843
0.871829
0.864179
0.864709
0.867925
0.873492
0.895391
0.936524
0.964455
0.975649
0.980442
0.983029
0.986455
0.985279
0.960383
0.929465
0.916264
0.913034
0.911525
0.913902
0.931247
0.976152
1.01058
1.02404
1.02899
1.03231
1.03487
1.02862
0.995993
0.960337
0.943662
0.940064
0.941006
0.947448
0.981105
1.02651
1.04866
1.05595
1.05849
1.05955
1.05857
1.03709
0.989873
0.955974
0.944085
0.942058
0.949423
0.989825
1.02842
1.04651
1.04517
1.09821
2.48299
12.5147
0.740298
0.706386
0.695404
0.694114
0.697051
0.710281
0.736291
0.767781
0.801048
0.825409
0.834776
0.835355
0.825143
0.81222
0.802758
0.791928
0.774108
0.764069
0.764149
0.76987
0.779375
0.790081
0.803045
0.82919
0.855184
0.866805
0.871047
0.872401
0.872516
0.872867
0.868217
0.846927
0.827685
0.821061
0.821777
0.825792
0.831519
0.839745
0.866429
0.900613
0.918376
0.925393
0.930008
0.934581
0.937751
0.93118
0.904331
0.880001
0.871364
0.871341
0.873706
0.876846
0.890535
0.928986
0.960865
0.974324
0.982337
0.989607
0.993801
0.993422
0.970686
0.935374
0.915105
0.910385
0.912065
0.915737
0.930177
0.972505
1.00974
1.02452
1.02983
1.03282
1.03543
1.03407
1.00809
0.968628
0.947264
0.941528
0.94065
0.943226
0.972015
1.02154
1.04748
1.05485
1.0572
1.05826
1.05714
1.04047
0.994724
0.956275
0.941709
0.938556
0.94531
0.984121
1.02264
1.03302
1.09576
2.5682
12.5631
0.741801
0.724708
0.71412
0.712658
0.72202
0.742455
0.760467
0.770925
0.779599
0.792802
0.803352
0.805357
0.803148
0.802098
0.802935
0.803173
0.800899
0.793599
0.788639
0.789243
0.792676
0.796527
0.800102
0.804081
0.818084
0.840922
0.856105
0.863259
0.866539
0.868865
0.873351
0.876215
0.865539
0.845416
0.834668
0.832528
0.832943
0.834874
0.839787
0.860145
0.895772
0.919055
0.928851
0.933107
0.93522
0.939
0.939666
0.920657
0.892511
0.877508
0.873666
0.874845
0.877945
0.887442
0.923066
0.962786
0.981579
0.988368
0.991463
0.99355
0.994917
0.97917
0.94482
0.923357
0.917175
0.91647
0.917658
0.925806
0.963888
1.00513
1.0233
1.03106
1.03701
1.03982
1.03851
1.01463
0.972772
0.946817
0.939347
0.939732
0.943486
0.968994
1.01714
1.04488
1.05303
1.05543
1.0572
1.05699
1.04403
0.999424
0.956847
0.938939
0.934719
0.94105
0.979701
1.0073
1.08058
2.65301
12.6013
0.739907
0.741941
0.742322
0.751317
0.765636
0.77461
0.778001
0.778691
0.77217
0.759766
0.755884
0.764387
0.780538
0.793808
0.802101
0.810455
0.820636
0.82903
0.83021
0.822512
0.812226
0.805035
0.80056
0.794958
0.792116
0.798287
0.82031
0.844423
0.859421
0.87045
0.88136
0.888641
0.892376
0.886438
0.864864
0.846316
0.838421
0.837648
0.839148
0.84081
0.850868
0.883233
0.912197
0.925677
0.935076
0.943034
0.947558
0.94896
0.93417
0.904257
0.884367
0.878394
0.879512
0.882642
0.888596
0.91606
0.956177
0.977133
0.985799
0.992393
0.99758
1.00054
0.990312
0.957166
0.928528
0.916729
0.91556
0.917964
0.925041
0.958642
1.00507
1.0281
1.03452
1.03646
1.03821
1.03944
1.02257
0.980719
0.952214
0.943011
0.940886
0.941247
0.960886
1.01073
1.04323
1.05358
1.05559
1.05578
1.05516
1.04575
1.00491
0.958262
0.935761
0.929821
0.937062
0.966946
1.05203
2.71904
12.6234
0.733954
0.756958
0.783007
0.802434
0.808242
0.805234
0.79626
0.781103
0.75329
0.729933
0.723405
0.727124
0.743866
0.772305
0.797687
0.820031
0.842686
0.857048
0.86302
0.860787
0.843287
0.818756
0.798244
0.783309
0.777148
0.778048
0.78427
0.807581
0.844901
0.872184
0.885826
0.894578
0.901753
0.906577
0.904229
0.883004
0.857726
0.843531
0.836079
0.83312
0.835178
0.843951
0.876553
0.915995
0.935686
0.942991
0.946802
0.950574
0.954448
0.948071
0.919281
0.89375
0.884006
0.881341
0.881129
0.885196
0.908092
0.953474
0.983416
0.994736
0.99961
1.00331
1.00641
0.999232
0.967239
0.935219
0.921881
0.919988
0.92161
0.925918
0.953772
0.998651
1.02213
1.03156
1.03844
1.04193
1.04245
1.02681
0.985321
0.952593
0.940242
0.938774
0.94057
0.958594
1.00586
1.03907
1.04978
1.05276
1.05394
1.05381
1.04667
1.0097
0.960501
0.931952
0.924246
0.924369
1.01341
2.7493
12.6303
0.722047
0.782749
0.825182
0.841196
0.845013
0.838636
0.816735
0.776645
0.73659
0.715877
0.711489
0.713031
0.718643
0.73689
0.779685
0.827933
0.858805
0.872318
0.878304
0.879396
0.871958
0.845941
0.804239
0.781439
0.776023
0.776991
0.780398
0.787535
0.809927
0.855146
0.885744
0.900706
0.908402
0.913238
0.915459
0.91253
0.890404
0.855738
0.837522
0.834263
0.836176
0.84048
0.848277
0.873815
0.91168
0.933463
0.944522
0.9536
0.959175
0.962289
0.957045
0.928074
0.896871
0.883411
0.882351
0.885402
0.890197
0.906731
0.949141
0.983121
0.996695
1.00201
1.00464
1.00718
1.00558
0.979686
0.943668
0.925406
0.920958
0.921855
0.924681
0.9469
0.996334
1.02726
1.03649
1.03879
1.03967
1.0414
1.03274
0.994609
0.958537
0.943721
0.939824
0.938837
0.951002
0.997799
1.03555
1.04867
1.05185
1.05238
1.05185
1.04559
1.01267
0.963493
0.9309
0.909281
0.967139
2.7257
12.6259
0.701331
0.797172
0.842566
0.853006
0.85751
0.854714
0.832372
0.781728
0.736376
0.71659
0.712397
0.713546
0.71847
0.730284
0.760697
0.821651
0.862496
0.875259
0.879974
0.877695
0.863862
0.843386
0.820069
0.794608
0.782149
0.780768
0.784195
0.792759
0.806033
0.826614
0.868527
0.897951
0.908509
0.912041
0.91077
0.906079
0.901406
0.887412
0.861002
0.845398
0.841961
0.843296
0.846054
0.850054
0.869483
0.913705
0.943549
0.954206
0.958223
0.959266
0.960917
0.960109
0.938573
0.907208
0.89253
0.889368
0.889003
0.891042
0.902266
0.942074
0.979981
0.9956
1.00254
1.00845
1.01186
1.01088
0.987908
0.950583
0.928597
0.922705
0.923844
0.927444
0.945034
0.989324
1.01965
1.03124
1.03886
1.04361
1.04522
1.03727
1.00033
0.959894
0.940705
0.936249
0.936726
0.948498
0.993253
1.03223
1.04611
1.04922
1.04948
1.04905
1.04297
1.01439
0.967236
0.920441
0.939284
2.64423
12.619
0.718914
0.798017
0.837381
0.851246
0.854356
0.836646
0.800846
0.772217
0.750544
0.731731
0.723835
0.72423
0.732757
0.754475
0.782055
0.810222
0.842187
0.86073
0.864474
0.856531
0.844499
0.837586
0.833935
0.82285
0.805753
0.798436
0.800902
0.809146
0.819094
0.82876
0.839737
0.863854
0.885813
0.894642
0.897275
0.899125
0.901789
0.904634
0.898533
0.874197
0.85392
0.84739
0.848783
0.854579
0.862116
0.875025
0.909744
0.938258
0.949998
0.956372
0.962378
0.966588
0.967155
0.947637
0.912824
0.892881
0.888514
0.890361
0.894289
0.903386
0.938544
0.981083
1.00077
1.00696
1.00928
1.01163
1.01342
0.998241
0.960893
0.935458
0.926967
0.924196
0.924643
0.938049
0.984408
1.02435
1.03848
1.04192
1.04281
1.04406
1.04065
1.00915
0.96621
0.943965
0.937432
0.936083
0.943838
0.986674
1.02724
1.04212
1.04557
1.04641
1.04629
1.0405
1.01578
0.958546
0.939214
2.53036
12.634
0.742684
0.778552
0.804014
0.818278
0.814087
0.797533
0.784879
0.777083
0.767407
0.756486
0.749038
0.750569
0.764648
0.784194
0.797021
0.802765
0.80831
0.817367
0.824111
0.827524
0.830148
0.832702
0.834716
0.837465
0.840475
0.840145
0.835585
0.831704
0.830602
0.829342
0.826299
0.827217
0.83901
0.862988
0.882997
0.894303
0.900623
0.906213
0.912054
0.913289
0.896314
0.87444
0.865431
0.863271
0.860702
0.860653
0.867644
0.898239
0.935629
0.954844
0.961568
0.963956
0.965586
0.96789
0.957151
0.926421
0.904606
0.897973
0.897788
0.899815
0.904584
0.933053
0.974526
0.996
1.00525
1.01238
1.01657
1.01811
1.00456
0.966075
0.935655
0.925131
0.925026
0.928208
0.939515
0.980426
1.01883
1.03357
1.04028
1.04547
1.04734
1.0438
1.01401
0.968117
0.941463
0.933712
0.933127
0.93932
0.979564
1.02271
1.03959
1.04349
1.04423
1.04311
1.03786
1.00332
0.976255
2.43356
12.6722
0.762329
0.770239
0.771077
0.762784
0.757797
0.762906
0.77177
0.77675
0.779237
0.781483
0.788751
0.801874
0.809533
0.811189
0.810463
0.804177
0.78655
0.772884
0.773368
0.787638
0.808816
0.824877
0.836458
0.852831
0.870818
0.880025
0.877917
0.862542
0.84385
0.828785
0.817046
0.808074
0.80668
0.816198
0.845898
0.87793
0.897373
0.911466
0.924157
0.931523
0.933595
0.918638
0.889155
0.86754
0.859066
0.85806
0.859434
0.863602
0.887606
0.927438
0.949204
0.958208
0.966741
0.973714
0.977722
0.971716
0.941864
0.913028
0.900678
0.898133
0.899254
0.902733
0.92526
0.971449
1.0006
1.01022
1.01318
1.01534
1.01835
1.01213
0.977424
0.94573
0.933519
0.929219
0.927969
0.933814
0.971898
1.01896
1.0389
1.0435
1.0447
1.04432
1.04164
1.01745
0.972004
0.942513
0.93264
0.930922
0.936805
0.975327
1.01846
1.03599
1.04009
1.0407
1.03997
1.02548
1.02654
2.39077
12.7189
0.775894
0.7682
0.737285
0.715693
0.71345
0.724188
0.747148
0.768892
0.785227
0.809382
0.83692
0.85046
0.85035
0.840461
0.823052
0.795463
0.762665
0.744081
0.741357
0.746773
0.767738
0.802645
0.838024
0.871047
0.895243
0.905392
0.909284
0.902251
0.873785
0.837338
0.811019
0.797467
0.794952
0.797178
0.807164
0.842557
0.889346
0.917933
0.93201
0.940254
0.94516
0.946068
0.930592
0.89446
0.867835
0.857866
0.855167
0.856012
0.860132
0.880268
0.923902
0.956614
0.970645
0.977441
0.982074
0.985729
0.981193
0.952482
0.919204
0.902691
0.899497
0.901675
0.905223
0.921263
0.963282
0.993495
1.00637
1.01608
1.02236
1.02521
1.01892
0.984915
0.946689
0.929216
0.926207
0.927636
0.934256
0.968637
1.01354
1.03278
1.03827
1.04127
1.04331
1.04295
1.0241
0.978208
0.944088
0.93223
0.929773
0.932484
0.968247
1.01277
1.03154
1.03583
1.03699
1.02827
1.06271
2.40758
12.7667
0.787045
0.750482
0.710591
0.691596
0.688498
0.691986
0.706762
0.739648
0.786434
0.837326
0.872289
0.883607
0.885866
0.876876
0.849274
0.796274
0.752224
0.736521
0.735323
0.738246
0.74489
0.764425
0.820281
0.879507
0.904947
0.913607
0.917852
0.916443
0.902054
0.860669
0.81473
0.797589
0.795449
0.797792
0.804537
0.818655
0.857836
0.908616
0.933747
0.942539
0.946445
0.947774
0.945301
0.930464
0.892293
0.86373
0.855019
0.855767
0.85949
0.865241
0.881984
0.925266
0.96194
0.976636
0.981962
0.984458
0.9859
0.985031
0.964172
0.928781
0.90897
0.902968
0.900784
0.90236
0.915759
0.961641
1.00167
1.01651
1.02132
1.02354
1.0249
1.02086
0.99133
0.953356
0.935035
0.929741
0.92822
0.930255
0.958997
1.00829
1.03395
1.04186
1.04472
1.04607
1.04485
1.0276
0.981323
0.943339
0.928592
0.925817
0.929211
0.963373
1.00665
1.02617
1.03279
1.02581
1.0795
2.46432
12.8144
0.815384
0.74505
0.701681
0.688663
0.686661
0.688998
0.694088
0.709311
0.766603
0.847736
0.87966
0.888249
0.891308
0.883398
0.846193
0.796659
0.76002
0.742033
0.738719
0.740701
0.7484
0.769299
0.810602
0.868832
0.903222
0.913843
0.916263
0.905311
0.884025
0.862682
0.837628
0.814372
0.806884
0.808964
0.817145
0.829085
0.842493
0.871921
0.913551
0.933655
0.939443
0.938584
0.933981
0.929918
0.923407
0.898722
0.875087
0.86696
0.867425
0.870967
0.874963
0.885234
0.922798
0.95978
0.975311
0.981222
0.986007
0.989451
0.989307
0.970161
0.932098
0.908237
0.902304
0.904154
0.909055
0.920303
0.959354
0.997758
1.01311
1.01885
1.02297
1.02617
1.02544
1.00107
0.95907
0.933107
0.925969
0.926139
0.929588
0.95643
1.00627
1.03438
1.04206
1.04318
1.04249
1.04193
1.03007
0.986732
0.945037
0.927777
0.923543
0.925431
0.957925
0.999994
1.02161
1.02077
1.08324
2.54275
12.861
0.804897
0.748024
0.712052
0.696611
0.693028
0.6958
0.705685
0.729348
0.772374
0.827684
0.866799
0.879378
0.877459
0.856374
0.829291
0.805047
0.781629
0.76342
0.756336
0.758493
0.770805
0.793582
0.815383
0.839235
0.870544
0.887733
0.887577
0.877986
0.870737
0.867613
0.862621
0.849807
0.835849
0.831328
0.834689
0.841678
0.849069
0.855598
0.869106
0.895334
0.913883
0.921242
0.923636
0.925237
0.928762
0.932152
0.919875
0.894874
0.880278
0.876061
0.87675
0.880116
0.88669
0.915577
0.955336
0.975838
0.982552
0.983649
0.985296
0.988092
0.978169
0.944154
0.920438
0.912884
0.910028
0.909652
0.915981
0.951698
0.996853
1.01823
1.02524
1.02837
1.03052
1.02912
1.00672
0.963573
0.937153
0.929501
0.92879
0.930116
0.951443
1.00058
1.02888
1.03669
1.04045
1.0427
1.04246
1.03244
0.991253
0.945823
0.924988
0.919639
0.921618
0.953164
0.994133
1.00634
1.07845
2.6283
12.9019
0.794723
0.7644
0.738132
0.721443
0.71486
0.717489
0.731099
0.756878
0.777694
0.794315
0.817813
0.834588
0.835506
0.827378
0.820762
0.816632
0.808731
0.796856
0.788817
0.79101
0.803461
0.817162
0.824242
0.827407
0.829513
0.833426
0.84216
0.853181
0.862053
0.867891
0.874544
0.88063
0.881781
0.875545
0.867123
0.861527
0.858216
0.852112
0.843495
0.844356
0.863038
0.891817
0.911857
0.924827
0.937651
0.946842
0.950885
0.943522
0.917932
0.895694
0.885454
0.882267
0.880725
0.881853
0.900274
0.94014
0.964912
0.976236
0.986329
0.993109
0.996435
0.988602
0.954832
0.9229
0.909884
0.908749
0.911533
0.918196
0.949446
0.995751
1.01902
1.02556
1.02663
1.02747
1.02877
1.01379
0.971664
0.940392
0.929218
0.927507
0.928757
0.946689
0.995955
1.02997
1.0402
1.04174
1.04144
1.04001
1.03293
0.995878
0.947234
0.922501
0.915529
0.916936
0.94922
0.978463
1.06118
2.71103
12.9296
0.782755
0.782579
0.772527
0.758843
0.750292
0.752608
0.764644
0.777548
0.782827
0.784874
0.779036
0.772926
0.779235
0.79596
0.810348
0.81681
0.821202
0.829231
0.839
0.844712
0.843692
0.839747
0.833655
0.819131
0.797107
0.787395
0.792556
0.814363
0.843824
0.865383
0.88216
0.902106
0.917676
0.921894
0.912214
0.890839
0.866715
0.842686
0.824479
0.818632
0.82146
0.84116
0.884359
0.921783
0.94109
0.953278
0.963447
0.969441
0.965391
0.937371
0.904493
0.883783
0.872061
0.868486
0.871206
0.888601
0.935346
0.973375
0.987919
0.993486
0.997211
1.00004
0.995921
0.965265
0.931761
0.918274
0.915526
0.915421
0.917485
0.940477
0.985911
1.01126
1.02073
1.02762
1.03138
1.03218
1.01865
0.977896
0.94383
0.930322
0.927533
0.928104
0.943957
0.991601
1.02585
1.03597
1.03831
1.03918
1.03878
1.03378
1.00044
0.949047
0.919122
0.910032
0.912642
0.93713
1.03157
2.77079
12.9455
0.765872
0.783561
0.790094
0.797609
0.80311
0.803047
0.798062
0.793012
0.785473
0.769308
0.746618
0.734333
0.736296
0.752507
0.784147
0.811381
0.83316
0.86156
0.884662
0.891561
0.885791
0.867465
0.841029
0.80748
0.777241
0.764617
0.764279
0.771312
0.798417
0.842841
0.88573
0.921315
0.941194
0.948327
0.949302
0.932312
0.888749
0.844034
0.820548
0.814774
0.816069
0.820683
0.8394
0.889811
0.935168
0.959396
0.972174
0.978333
0.980671
0.973541
0.937108
0.892113
0.871648
0.868496
0.870245
0.875053
0.891487
0.937783
0.976251
0.99109
0.997208
1.00217
1.00554
1.00327
0.976113
0.938665
0.917506
0.910947
0.910524
0.912476
0.932735
0.983044
1.01658
1.02673
1.02938
1.0306
1.03219
1.02446
0.986258
0.947869
0.931308
0.927495
0.926741
0.937441
0.983618
1.02195
1.03501
1.03803
1.03817
1.03745
1.03338
1.00294
0.950859
0.916005
0.90455
0.89876
0.993245
2.79067
12.9455
0.729768
0.775363
0.802622
0.830865
0.847885
0.850843
0.839416
0.817741
0.792276
0.760619
0.731769
0.719577
0.718828
0.722767
0.738423
0.778032
0.832416
0.879987
0.906064
0.914701
0.916734
0.907149
0.870351
0.809451
0.772751
0.762202
0.762462
0.765826
0.773142
0.802101
0.875133
0.927892
0.945798
0.9518
0.953345
0.945838
0.91719
0.864529
0.828536
0.818068
0.817996
0.821907
0.831375
0.854293
0.912265
0.958
0.97303
0.977997
0.978069
0.970914
0.956365
0.92352
0.889473
0.87662
0.875637
0.879165
0.884419
0.896605
0.94008
0.982207
0.999522
1.00468
1.00734
1.00945
1.00707
0.980431
0.938374
0.915134
0.90954
0.910603
0.914405
0.933111
0.979423
1.01189
1.02346
1.03031
1.03476
1.03625
1.02927
0.992657
0.949821
0.929043
0.923965
0.923797
0.933056
0.978372
1.01959
1.03363
1.03643
1.03606
1.03504
1.03091
1.0031
0.953504
0.915887
0.889733
0.948697
2.75675
12.9347
0.697006
0.736361
0.799979
0.839813
0.857405
0.863593
0.865993
0.857857
0.819557
0.763653
0.731466
0.720551
0.720135
0.723405
0.730518
0.748181
0.807909
0.879473
0.908019
0.915571
0.916111
0.900675
0.864492
0.822853
0.78721
0.771187
0.768951
0.772744
0.782456
0.802571
0.845384
0.909093
0.938571
0.946204
0.942285
0.924578
0.905389
0.885634
0.857978
0.837615
0.832115
0.83527
0.844547
0.859474
0.881615
0.925399
0.955038
0.963301
0.960902
0.954007
0.949411
0.945286
0.928869
0.903261
0.889201
0.886377
0.889055
0.894397
0.904054
0.941012
0.98155
0.998028
1.00312
1.00301
1.00094
0.999635
0.982525
0.945668
0.922607
0.915971
0.915313
0.916434
0.92847
0.97477
1.01543
1.03
1.03359
1.03486
1.03558
1.0304
0.99596
0.950859
0.928682
0.922948
0.922195
0.931062
0.975368
1.01645
1.03034
1.03286
1.03297
1.03278
1.02835
1.0026
0.955433
0.904156
0.925887
2.66718
12.9288
0.704604
0.7206
0.764842
0.826035
0.85556
0.862492
0.861052
0.846341
0.820937
0.786583
0.750652
0.734008
0.731964
0.736124
0.745316
0.762622
0.78946
0.838949
0.88161
0.894707
0.892586
0.880326
0.864493
0.844497
0.819133
0.797588
0.789195
0.790973
0.801635
0.820575
0.839892
0.865053
0.89681
0.912024
0.91171
0.906173
0.903252
0.901192
0.892457
0.873728
0.85998
0.857965
0.863781
0.872232
0.87796
0.884621
0.904574
0.92679
0.938609
0.944136
0.948443
0.954034
0.957036
0.947768
0.923934
0.906801
0.900988
0.901822
0.905089
0.907574
0.92705
0.963706
0.984601
0.992515
0.998285
1.00344
1.00594
0.994319
0.958316
0.929235
0.917979
0.916819
0.919134
0.928705
0.970813
1.01195
1.02655
1.03099
1.03321
1.03448
1.03097
1.00082
0.954477
0.929325
0.92261
0.921601
0.927758
0.970244
1.01335
1.02847
1.03128
1.03092
1.02992
1.0233
1.0005
0.943792
0.930973
2.55215
12.9456
0.717604
0.727422
0.741677
0.772959
0.815234
0.833867
0.836158
0.833049
0.828474
0.817176
0.791678
0.765583
0.754692
0.755362
0.764539
0.78076
0.791951
0.800808
0.822001
0.84732
0.859759
0.862634
0.862389
0.860893
0.853445
0.837908
0.825628
0.823581
0.829781
0.837661
0.841625
0.843056
0.843295
0.852509
0.871363
0.8886
0.89826
0.902521
0.907258
0.910974
0.909344
0.901834
0.893892
0.887562
0.87906
0.865304
0.860352
0.871372
0.901762
0.930483
0.947133
0.956804
0.965439
0.973092
0.972647
0.952353
0.927314
0.911531
0.899938
0.890494
0.890778
0.908006
0.951353
0.984749
0.999408
1.00648
1.01241
1.01577
1.00698
0.970339
0.936677
0.922693
0.917747
0.916634
0.923541
0.965507
1.01138
1.02865
1.03279
1.0347
1.03565
1.03221
1.00351
0.956224
0.928724
0.920622
0.919665
0.927359
0.968803
1.01013
1.02472
1.02701
1.02698
1.02548
1.01989
0.985433
0.970026
2.45966
12.9831
0.734693
0.739299
0.741184
0.741698
0.750674
0.778999
0.806356
0.821023
0.826491
0.829247
0.830144
0.816237
0.797817
0.789639
0.790139
0.793706
0.795811
0.789373
0.780866
0.785106
0.80945
0.838481
0.855599
0.862823
0.868926
0.876439
0.87892
0.872208
0.861682
0.852007
0.840779
0.824598
0.809553
0.807349
0.819787
0.85291
0.884115
0.902637
0.919258
0.939375
0.950482
0.948591
0.931374
0.904542
0.874816
0.85092
0.839413
0.839401
0.850548
0.888915
0.930223
0.955656
0.975892
0.991668
0.99857
0.996762
0.970466
0.927895
0.896471
0.883476
0.880361
0.882171
0.897521
0.945941
0.988083
1.00701
1.01637
1.02163
1.02435
1.01654
0.976576
0.935175
0.918645
0.916521
0.917933
0.924796
0.962436
1.00859
1.02782
1.03219
1.03287
1.03261
1.03074
1.00763
0.960976
0.9314
0.922591
0.920901
0.924941
0.962683
1.00439
1.02002
1.02287
1.02272
1.02123
1.00609
1.01762
2.42304
13.0274
0.758543
0.746939
0.733981
0.722607
0.719642
0.724724
0.751136
0.792321
0.821066
0.834575
0.843188
0.852163
0.852644
0.838093
0.818516
0.802408
0.789563
0.775645
0.760623
0.756581
0.761509
0.788292
0.828985
0.858913
0.882296
0.906505
0.918832
0.919302
0.9039
0.877463
0.847597
0.816624
0.795857
0.790209
0.792341
0.804304
0.841319
0.888552
0.929806
0.959485
0.972285
0.976036
0.969974
0.936955
0.885601
0.849383
0.836381
0.835688
0.838423
0.847544
0.886671
0.945691
0.983753
0.999887
1.00616
1.00885
1.0028
0.966106
0.911735
0.884919
0.8793
0.880345
0.883865
0.900067
0.953496
1.00042
1.01792
1.02343
1.02657
1.02649
1.01582
0.976719
0.938079
0.92231
0.918136
0.916905
0.921413
0.956989
1.00417
1.02329
1.02849
1.032
1.03339
1.0315
1.0113
0.965709
0.932689
0.920461
0.917934
0.921487
0.956329
0.997598
1.01461
1.01821
1.01856
1.00847
1.05168
2.44389
13.0683
0.788193
0.747543
0.729626
0.71868
0.713206
0.713369
0.716981
0.736293
0.781694
0.824143
0.852469
0.872285
0.881395
0.881818
0.8636
0.829357
0.796802
0.772522
0.757838
0.753757
0.755278
0.759024
0.777651
0.828941
0.883486
0.915868
0.92927
0.934558
0.935352
0.921188
0.873846
0.821073
0.796457
0.79085
0.792215
0.796335
0.806864
0.85243
0.925893
0.963349
0.973996
0.978307
0.976492
0.959896
0.91376
0.86417
0.842015
0.837644
0.839308
0.843958
0.856951
0.910735
0.976653
0.999813
1.00552
1.00556
0.996449
0.978641
0.944321
0.904905
0.886642
0.883723
0.886383
0.892529
0.911799
0.967933
1.0093
1.02169
1.02512
1.02532
1.02241
1.01181
0.975006
0.935306
0.918415
0.915818
0.917387
0.923405
0.957156
1.00495
1.02675
1.03138
1.03173
1.03132
1.03051
1.01617
0.971811
0.933706
0.918386
0.914547
0.915644
0.948347
0.990805
1.00954
1.01517
1.00704
1.06759
2.50125
13.1092
0.824269
0.774237
0.736666
0.720278
0.714049
0.71426
0.716849
0.722052
0.73635
0.787486
0.848259
0.875156
0.883126
0.885811
0.882321
0.862292
0.821147
0.784117
0.763537
0.756927
0.757963
0.762254
0.770717
0.789378
0.85191
0.909919
0.929104
0.933439
0.930604
0.914372
0.88743
0.848639
0.814406
0.801243
0.800465
0.804747
0.814375
0.835197
0.888954
0.94501
0.964301
0.967168
0.959006
0.94547
0.929075
0.899023
0.865347
0.850221
0.848705
0.853954
0.867782
0.892442
0.937912
0.976136
0.987889
0.986866
0.980877
0.97655
0.970755
0.945566
0.912601
0.897865
0.896836
0.902622
0.912417
0.929579
0.970386
1.00228
1.01264
1.01421
1.01142
1.00855
1.00437
0.979934
0.944967
0.927744
0.923393
0.923746
0.92638
0.954178
0.999592
1.02148
1.02756
1.0309
1.03257
1.03197
1.01902
0.975012
0.932478
0.913914
0.909205
0.910944
0.943346
0.985093
1.00561
1.00375
1.07238
2.57709
13.149
0.823248
0.808804
0.770036
0.738569
0.724055
0.721962
0.724794
0.731111
0.74247
0.75791
0.798248
0.846205
0.866293
0.870849
0.869934
0.867283
0.857069
0.823616
0.78903
0.772233
0.769446
0.773015
0.78128
0.794145
0.813682
0.860729
0.899169
0.910378
0.910099
0.906365
0.900603
0.884127
0.852087
0.825692
0.817467
0.820167
0.831511
0.846662
0.861747
0.891558
0.924708
0.938697
0.940685
0.93977
0.938154
0.930243
0.904232
0.878518
0.870274
0.874547
0.885789
0.892769
0.898071
0.919621
0.948691
0.964662
0.970622
0.97304
0.974316
0.972714
0.957911
0.935369
0.922565
0.918526
0.918137
0.918753
0.922916
0.949703
0.982535
0.998073
1.00371
1.00866
1.01303
1.01308
0.993471
0.957213
0.934043
0.925127
0.922813
0.924148
0.945673
0.993371
1.02178
1.02976
1.03067
1.03025
1.02962
1.02116
0.979681
0.932093
0.91093
0.904862
0.906754
0.940512
0.98141
0.991689
1.06975
2.65743
13.186
0.815031
0.817525
0.810893
0.782059
0.752368
0.740714
0.740427
0.74701
0.756845
0.761083
0.764069
0.781495
0.820952
0.848766
0.859875
0.863427
0.864693
0.860021
0.833941
0.804916
0.792265
0.791321
0.796521
0.802055
0.805079
0.809949
0.836502
0.872023
0.891315
0.898708
0.901304
0.901633
0.892965
0.871214
0.853898
0.84857
0.850737
0.853967
0.855332
0.854474
0.863707
0.891321
0.917357
0.930479
0.935063
0.936966
0.936916
0.929968
0.917966
0.909276
0.903665
0.895195
0.881822
0.878243
0.890616
0.924546
0.953076
0.966626
0.97367
0.981798
0.989451
0.987854
0.967963
0.942946
0.924158
0.911227
0.903468
0.904873
0.928972
0.97131
0.998313
1.01014
1.01688
1.02241
1.02478
1.01094
0.971631
0.939099
0.924346
0.919859
0.919841
0.937584
0.986092
1.01645
1.02559
1.03019
1.03212
1.03121
1.02322
0.981836
0.93051
0.907159
0.900662
0.904469
0.940708
0.966725
1.05464
2.73226
13.2136
0.799117
0.814344
0.816979
0.819947
0.809313
0.787143
0.771449
0.766309
0.765666
0.760616
0.752685
0.751381
0.759391
0.793702
0.83336
0.85404
0.861296
0.865133
0.869659
0.862181
0.839444
0.821459
0.812796
0.806932
0.797043
0.790273
0.791595
0.809929
0.850342
0.882329
0.897422
0.904511
0.912729
0.917791
0.907801
0.885624
0.867443
0.85523
0.846125
0.836399
0.831498
0.838284
0.870003
0.907302
0.927762
0.941249
0.959805
0.971182
0.968979
0.949521
0.92138
0.893907
0.873576
0.862197
0.860627
0.870656
0.907535
0.946399
0.971213
0.991585
1.00962
1.01741
1.0139
0.985321
0.94252
0.909837
0.894908
0.890749
0.892823
0.915699
0.965654
1.0006
1.01733
1.02932
1.03637
1.03852
1.02384
0.976867
0.936034
0.918938
0.913467
0.912425
0.929225
0.98353
1.02031
1.02996
1.03148
1.03093
1.02945
1.02223
0.981444
0.928851
0.90402
0.897091
0.903738
0.930118
1.0281
2.78413
13.2288
0.758412
0.805056
0.823822
0.840758
0.849382
0.845939
0.819986
0.788422
0.768073
0.758298
0.750166
0.741773
0.739213
0.743528
0.771787
0.820478
0.854724
0.875231
0.890965
0.897731
0.893411
0.866279
0.833481
0.810046
0.79535
0.78536
0.780843
0.78204
0.793629
0.833327
0.876943
0.906787
0.928453
0.942214
0.946221
0.934915
0.902681
0.870576
0.845911
0.828097
0.819033
0.818899
0.825265
0.856014
0.904997
0.946674
0.974964
0.989945
0.994534
0.990101
0.96032
0.913189
0.876094
0.858357
0.853826
0.854741
0.861719
0.896629
0.953619
0.998006
1.01957
1.02694
1.02926
1.02119
0.979565
0.924704
0.896391
0.889197
0.889497
0.892039
0.912107
0.969988
1.01664
1.03503
1.041
1.04272
1.04003
1.02041
0.968084
0.925894
0.911945
0.910155
0.911544
0.932239
0.987646
1.02096
1.02883
1.02994
1.029
1.02709
1.01851
0.979138
0.928563
0.900708
0.893154
0.893027
0.993975
2.80128
13.2263
0.710487
0.764622
0.820191
0.849108
0.861377
0.866957
0.866015
0.839563
0.795991
0.766136
0.749269
0.738238
0.735055
0.736663
0.740962
0.762795
0.82267
0.875183
0.896184
0.902923
0.906254
0.904281
0.879837
0.836449
0.803652
0.786344
0.780316
0.780956
0.783836
0.791516
0.828406
0.891529
0.931331
0.944699
0.949343
0.951848
0.944305
0.906075
0.858824
0.830311
0.81966
0.818648
0.821231
0.826705
0.858081
0.9287
0.975898
0.990509
0.995273
0.995906
0.987681
0.949131
0.895357
0.862986
0.853218
0.853449
0.856238
0.865625
0.915882
0.989471
1.01798
1.02479
1.02541
1.01831
1.00122
0.961292
0.915456
0.893356
0.8888
0.889779
0.894848
0.926779
0.996705
1.03151
1.03853
1.03866
1.03403
1.02683
1.00703
0.959878
0.924048
0.91293
0.911824
0.91383
0.936813
0.991019
1.02118
1.0275
1.02689
1.02447
1.02187
1.01301
0.97806
0.9307
0.900073
0.878684
0.952339
2.77392
13.211
0.703558
0.719683
0.779075
0.838835
0.862125
0.868051
0.869183
0.8636
0.836353
0.791051
0.756732
0.740858
0.737217
0.738554
0.743196
0.753681
0.777806
0.839355
0.886297
0.901037
0.905182
0.903799
0.89527
0.872316
0.832182
0.799186
0.785125
0.783351
0.78615
0.793293
0.806838
0.844218
0.904068
0.935122
0.943547
0.945003
0.941184
0.930654
0.896898
0.853533
0.830132
0.824755
0.826788
0.832614
0.844686
0.882326
0.945949
0.977181
0.984392
0.983999
0.979802
0.971657
0.9371
0.887983
0.864084
0.86056
0.864975
0.878483
0.902867
0.947202
0.991928
1.00806
1.01049
1.00891
1.0059
0.993795
0.952421
0.911813
0.897603
0.897978
0.907788
0.924309
0.953998
0.99859
1.02051
1.02484
1.02446
1.02228
1.01791
1.00103
0.960184
0.928935
0.918262
0.917358
0.92082
0.944331
0.990543
1.01584
1.02143
1.02032
1.01805
1.01547
1.0081
0.980341
0.935817
0.889808
0.923899
2.69725
13.2006
0.716724
0.726752
0.740593
0.780875
0.831395
0.851454
0.855788
0.8558
0.854057
0.836349
0.793113
0.761795
0.751925
0.752852
0.759234
0.76817
0.777053
0.791095
0.83326
0.873313
0.888233
0.891205
0.891644
0.891001
0.875895
0.836393
0.806527
0.797508
0.799616
0.808923
0.817796
0.823396
0.843855
0.892453
0.923929
0.933514
0.935565
0.936021
0.930717
0.898174
0.857863
0.840494
0.839186
0.846016
0.855631
0.862965
0.886067
0.933534
0.962132
0.970825
0.972634
0.97069
0.962679
0.932853
0.897652
0.883536
0.884584
0.89138
0.896566
0.90599
0.937901
0.975761
0.993638
0.998832
0.998548
0.992334
0.981667
0.957005
0.933122
0.924394
0.924312
0.925662
0.92647
0.943144
0.983771
1.00839
1.01533
1.01529
1.01217
1.01016
1.00315
0.975505
0.945782
0.931181
0.927098
0.925767
0.937822
0.978346
1.00554
1.01341
1.01408
1.01304
1.01202
1.00714
0.984411
0.926743
0.924092
2.58893
13.2138
0.729
0.732009
0.735117
0.739946
0.767351
0.811943
0.837069
0.8455
0.847318
0.844567
0.83523
0.809868
0.786472
0.776197
0.774293
0.77593
0.778362
0.780324
0.785084
0.81241
0.852593
0.875117
0.883431
0.885636
0.885744
0.881162
0.858307
0.83379
0.822915
0.821069
0.820495
0.817896
0.819409
0.832085
0.874028
0.910205
0.925005
0.929727
0.931005
0.930677
0.913886
0.884418
0.867563
0.862762
0.861576
0.857825
0.857692
0.871776
0.913998
0.947309
0.960765
0.964808
0.966695
0.966153
0.951755
0.927612
0.911319
0.902519
0.89754
0.89607
0.897271
0.91792
0.955915
0.978785
0.986192
0.988771
0.992863
0.996555
0.988932
0.965197
0.940915
0.925781
0.920434
0.919684
0.929792
0.96512
0.992653
1.00311
1.00777
1.0149
1.02148
1.02079
0.996879
0.957993
0.932326
0.921995
0.918873
0.926321
0.964054
0.996772
1.00897
1.01228
1.01305
1.01246
1.00841
0.971766
0.95964
2.49265
13.2451
0.743842
0.735331
0.733971
0.73449
0.735133
0.745335
0.782265
0.816853
0.83368
0.843366
0.855033
0.859331
0.846245
0.818171
0.795928
0.783966
0.778867
0.777026
0.774825
0.774219
0.788338
0.828294
0.861482
0.878514
0.892574
0.905537
0.908409
0.890501
0.856239
0.831281
0.820163
0.817104
0.814934
0.812275
0.817927
0.852728
0.896121
0.919167
0.932864
0.947095
0.953512
0.943034
0.909221
0.878843
0.861419
0.853823
0.850305
0.849818
0.857884
0.894886
0.935707
0.957437
0.969598
0.981028
0.988169
0.980955
0.952396
0.922078
0.901432
0.888654
0.882126
0.882923
0.8995
0.940199
0.972442
0.990178
1.00443
1.01852
1.02341
1.0132
0.9776
0.940372
0.919311
0.908695
0.904831
0.912386
0.946893
0.984475
1.00751
1.02353
1.03528
1.03966
1.03636
1.00737
0.95848
0.926047
0.91261
0.907397
0.912114
0.951556
0.992773
1.00914
1.01355
1.01455
1.01326
0.995118
1.00705
2.44979
13.2788
0.774693
0.746413
0.738503
0.729966
0.720596
0.719422
0.72609
0.759468
0.810064
0.845994
0.864301
0.875224
0.880321
0.873571
0.841722
0.808084
0.788486
0.776887
0.765026
0.758819
0.760073
0.770854
0.812256
0.864544
0.898901
0.916216
0.925066
0.928131
0.912168
0.870046
0.837085
0.821359
0.80926
0.800589
0.800414
0.805983
0.838854
0.895941
0.937061
0.956552
0.965771
0.969554
0.960209
0.921573
0.88146
0.859179
0.847774
0.841144
0.840316
0.846055
0.879879
0.931803
0.969992
0.991842
1.0019
1.00508
0.995934
0.960074
0.918306
0.891254
0.878521
0.873295
0.873319
0.885379
0.928581
0.977999
1.01185
1.02919
1.03512
1.03595
1.02083
0.975755
0.929848
0.905861
0.897168
0.894966
0.89968
0.936411
0.992892
1.02788
1.04154
1.04555
1.04557
1.03911
1.0059
0.950077
0.913488
0.90156
0.898341
0.903512
0.949882
0.99664
1.01231
1.01501
1.01434
0.999365
1.0394
2.4521
13.3067
0.821005
0.776733
0.745679
0.726453
0.718006
0.717676
0.720123
0.725757
0.752624
0.813232
0.859221
0.877272
0.883261
0.886589
0.885111
0.858806
0.81409
0.779269
0.762474
0.758187
0.759535
0.762564
0.771331
0.812612
0.879848
0.915795
0.926484
0.930705
0.932718
0.919384
0.873658
0.828914
0.805866
0.799341
0.799875
0.802429
0.808813
0.842541
0.912719
0.953585
0.965609
0.969843
0.971085
0.96167
0.924294
0.878939
0.849587
0.838604
0.838069
0.840485
0.847093
0.883738
0.952193
0.989731
1.00038
1.00413
1.00423
0.99522
0.959702
0.912511
0.881599
0.870292
0.86965
0.87186
0.884654
0.944378
1.00666
1.02783
1.03327
1.03444
1.03202
1.01521
0.966272
0.917386
0.896011
0.892139
0.893101
0.901498
0.956006
1.01987
1.04015
1.04367
1.04328
1.04024
1.03197
0.994708
0.936026
0.903611
0.895766
0.894825
0.908805
0.964045
1.00323
1.01262
1.01253
0.997947
1.05488
2.48313
13.3375
0.841323
0.823148
0.772492
0.737249
0.72373
0.722302
0.726049
0.733761
0.742378
0.761332
0.815365
0.864514
0.881973
0.886753
0.888989
0.886206
0.85822
0.804465
0.772315
0.763729
0.764359
0.769425
0.777471
0.789099
0.826225
0.888246
0.919543
0.927682
0.930154
0.929475
0.915473
0.865529
0.821393
0.806262
0.805025
0.809029
0.817335
0.829683
0.860285
0.918848
0.953433
0.963098
0.966099
0.966856
0.959557
0.920478
0.870844
0.847386
0.843245
0.846701
0.856567
0.870301
0.902387
0.957536
0.987575
0.995922
0.998705
0.999755
0.992788
0.952276
0.900003
0.876647
0.873437
0.878174
0.890574
0.912422
0.964094
1.00832
1.02254
1.02588
1.02673
1.02473
1.00604
0.950631
0.908906
0.897821
0.898877
0.908262
0.929696
0.979706
1.02201
1.03413
1.03552
1.03383
1.02802
1.01622
0.980148
0.930369
0.905909
0.90136
0.903862
0.926633
0.973735
1.0002
1.00506
0.991437
1.05888
2.54168
13.3805
0.830387
0.827221
0.814339
0.782466
0.752557
0.740039
0.738367
0.740249
0.742895
0.747231
0.762666
0.813483
0.859981
0.875684
0.878063
0.874695
0.868622
0.851569
0.813401
0.786781
0.778914
0.7797
0.7832
0.787513
0.795204
0.828747
0.884852
0.912387
0.918972
0.917497
0.911227
0.90162
0.869851
0.835737
0.821967
0.820841
0.824326
0.828506
0.834098
0.860363
0.915276
0.948035
0.957122
0.957002
0.950832
0.944171
0.921149
0.884377
0.865175
0.861849
0.864162
0.86719
0.872232
0.900565
0.954587
0.983821
0.99136
0.990847
0.985148
0.97756
0.948714
0.911248
0.895319
0.893962
0.896605
0.899508
0.912768
0.961221
1.00344
1.01706
1.01935
1.01609
1.00753
0.988823
0.951284
0.925919
0.919186
0.920237
0.921961
0.932073
0.97589
1.01471
1.02592
1.02585
1.01927
1.01145
1.00422
0.981971
0.943922
0.920776
0.913997
0.913676
0.932265
0.967336
0.985865
0.978215
1.05199
2.61669
13.4202
0.818564
0.83014
0.834781
0.832103
0.804635
0.769945
0.751901
0.747419
0.749522
0.755659
0.75922
0.763253
0.79204
0.836787
0.860039
0.867932
0.873084
0.876546
0.867591
0.832815
0.804002
0.792978
0.791651
0.794589
0.798837
0.80204
0.817271
0.860729
0.892505
0.903827
0.908968
0.914453
0.913976
0.890469
0.857508
0.839475
0.833614
0.833867
0.837312
0.840794
0.852671
0.892745
0.926807
0.939292
0.945055
0.95185
0.954791
0.940923
0.907234
0.881555
0.870715
0.869691
0.872613
0.876082
0.892932
0.93746
0.967119
0.976142
0.979941
0.985326
0.986658
0.968122
0.933081
0.909645
0.899889
0.89872
0.900903
0.911436
0.951469
0.988101
1.00134
1.00425
1.00578
1.00696
1.00149
0.977208
0.948524
0.929581
0.922111
0.921804
0.92915
0.966967
0.998791
1.00784
1.00705
1.00553
1.00687
1.01099
1.0027
0.965845
0.931904
0.918044
0.914392
0.922448
0.950466
0.955327
1.0345
2.70163
13.4231
0.796309
0.83193
0.836855
0.839918
0.84239
0.828096
0.79407
0.771153
0.763915
0.761348
0.75375
0.747341
0.749178
0.771137
0.824058
0.861779
0.874195
0.878309
0.881981
0.881652
0.857136
0.825277
0.809342
0.804073
0.799285
0.789905
0.787887
0.798484
0.843619
0.890441
0.909946
0.915674
0.919914
0.924778
0.914564
0.881606
0.855504
0.844554
0.839076
0.830183
0.825999
0.834047
0.875034
0.923364
0.946101
0.953917
0.960966
0.967711
0.961208
0.926463
0.89356
0.87932
0.872867
0.864509
0.862519
0.876577
0.924614
0.965272
0.982113
0.989771
0.998815
1.0028
0.986706
0.945865
0.915246
0.903196
0.899618
0.896605
0.90083
0.934515
0.975668
0.997329
1.00903
1.0192
1.02623
1.02304
0.994337
0.953099
0.928663
0.921659
0.921021
0.922295
0.947435
0.979444
0.99591
1.00528
1.01824
1.02591
1.02586
1.01355
0.974031
0.93352
0.912229
0.904359
0.904179
0.916238
1.00617
2.79123
13.4234
0.742893
0.803695
0.829853
0.848004
0.858796
0.861828
0.851144
0.813972
0.780044
0.75927
0.74815
0.7434
0.743857
0.746866
0.762474
0.812429
0.855025
0.877794
0.893573
0.900421
0.900608
0.878153
0.839903
0.812572
0.794598
0.784573
0.781375
0.782828
0.790793
0.831996
0.882459
0.910278
0.929579
0.940474
0.943731
0.934517
0.898264
0.862258
0.837595
0.823007
0.817935
0.819145
0.826012
0.86409
0.917099
0.949019
0.969816
0.979858
0.982854
0.975533
0.938689
0.897654
0.869897
0.855977
0.852686
0.85472
0.867741
0.916092
0.964551
0.992907
1.00791
1.01292
1.01379
0.997202
0.954292
0.91815
0.8961
0.886443
0.885874
0.891205
0.922661
0.970999
1.00651
1.02674
1.0333
1.03467
1.03085
1.00308
0.960646
0.931261
0.913732
0.905966
0.906943
0.928992
0.972307
1.00746
1.02638
1.03169
1.03095
1.02885
1.01893
0.980391
0.933136
0.901591
0.882151
0.86619
0.964428
2.86255
13.4143
0.716574
0.740843
0.795309
0.838429
0.855421
0.860945
0.863792
0.860083
0.832705
0.793844
0.766944
0.75371
0.749063
0.749366
0.751756
0.760354
0.799751
0.855911
0.887465
0.897816
0.902011
0.903675
0.891767
0.857559
0.821481
0.79858
0.788086
0.785871
0.787577
0.792373
0.821039
0.879198
0.921326
0.936858
0.942546
0.945683
0.942252
0.914128
0.870672
0.839185
0.825323
0.822477
0.824012
0.828454
0.857068
0.918321
0.961157
0.975801
0.981124
0.983872
0.979882
0.948523
0.900535
0.869758
0.858747
0.857428
0.859429
0.868251
0.912095
0.971124
1.00001
1.00886
1.01285
1.01365
1.00179
0.962173
0.919048
0.896275
0.890117
0.890541
0.894185
0.918421
0.972455
1.01212
1.02648
1.03095
1.03279
1.03075
1.0104
0.966066
0.927401
0.910491
0.906421
0.906771
0.924499
0.97658
1.01417
1.02599
1.02832
1.0279
1.02684
1.01922
0.983901
0.932938
0.893444
0.859169
0.926466
2.86566
13.3646
)
;

boundaryField
{
    back
    {
        type            empty;
    }
    outlet
    {
        type            zeroGradient;
    }
    top
    {
        type            zeroGradient;
    }
    inlet
    {
        type            fixedValue;
        value           uniform 1;
    }
    bottom
    {
        type            zeroGradient;
    }
    front
    {
        type            empty;
    }
}


// ************************************************************************* //
