/*--------------------------------*- C++ -*----------------------------------*\
  =========                 |
  \\      /  F ield         | OpenFOAM: The Open Source CFD Toolbox
   \\    /   O peration     | Website:  https://openfoam.org
    \\  /    A nd           | Version:  12
     \\/     M anipulation  |
\*---------------------------------------------------------------------------*/
FoamFile
{
    format      ascii;
    class       volScalarField;
    location    "13.7";
    object      T;
}
// * * * * * * * * * * * * * * * * * * * * * * * * * * * * * * * * * * * * * //

dimensions      [0 0 0 1 0 0 0];

internalField   nonuniform List<scalar> 
9801
(
0.833683
0.837486
0.839228
0.84071
0.841926
0.843115
0.843855
0.843432
0.843655
0.844517
0.845818
0.848446
0.852463
0.855272
0.857059
0.858426
0.859636
0.860724
0.860496
0.86
0.860662
0.861771
0.863543
0.867365
0.871309
0.873654
0.875241
0.876516
0.877681
0.877722
0.876646
0.876978
0.878025
0.879492
0.882473
0.887268
0.890637
0.892569
0.89396
0.89527
0.895547
0.893761
0.893488
0.894509
0.895848
0.89835
0.903475
0.907961
0.910449
0.91203
0.913337
0.913973
0.91165
0.910596
0.911523
0.913017
0.915561
0.920957
0.926626
0.929809
0.931795
0.933181
0.933998
0.930988
0.928555
0.929342
0.931214
0.934173
0.9411
0.947854
0.951419
0.953752
0.955527
0.95646
0.95216
0.948621
0.94958
0.952139
0.957165
0.966736
0.97422
0.978404
0.98124
0.983474
0.982714
0.97531
0.971893
0.974762
0.979843
0.991615
1.00576
1.01578
1.02408
1.03086
1.03169
1.02727
1.02042
1.15882
1.56161
0.837271
0.841667
0.843473
0.844865
0.845996
0.846988
0.847505
0.847108
0.847313
0.848126
0.849266
0.851864
0.856226
0.859202
0.860965
0.862263
0.86336
0.864221
0.86398
0.863558
0.86416
0.865184
0.866745
0.870623
0.87482
0.87724
0.878798
0.880023
0.881067
0.881116
0.880091
0.880343
0.881275
0.882544
0.885374
0.890395
0.893875
0.895817
0.897212
0.898421
0.898737
0.897154
0.896792
0.897638
0.898846
0.900994
0.90611
0.91084
0.913431
0.915079
0.916427
0.917117
0.915097
0.913912
0.914595
0.915914
0.917984
0.923195
0.929043
0.93242
0.93451
0.936031
0.937058
0.934529
0.932019
0.932528
0.934203
0.936654
0.94309
0.950149
0.954131
0.956593
0.958453
0.959559
0.95591
0.952357
0.953057
0.955378
0.959124
0.96794
0.976229
0.981037
0.984388
0.987208
0.987908
0.981352
0.977198
0.979273
0.983806
0.9929
1.00588
1.01563
1.02409
1.03157
1.03358
1.02789
1.01446
1.15461
1.58158
0.841476
0.84615
0.847932
0.849273
0.850362
0.851295
0.85167
0.851275
0.851553
0.852406
0.853523
0.856082
0.860608
0.863636
0.865361
0.866629
0.867704
0.868537
0.868313
0.867943
0.86855
0.869574
0.87101
0.874745
0.879128
0.881638
0.88322
0.884469
0.885557
0.885711
0.884643
0.884802
0.885733
0.886966
0.88957
0.894598
0.898203
0.900199
0.901649
0.902918
0.903513
0.902073
0.901479
0.902252
0.903469
0.905388
0.910252
0.915258
0.918005
0.91974
0.921195
0.922223
0.920656
0.919093
0.919571
0.920863
0.92266
0.927182
0.933465
0.937257
0.939504
0.941211
0.942626
0.940923
0.938214
0.938397
0.939983
0.942022
0.947006
0.954809
0.959661
0.962437
0.964537
0.966211
0.963908
0.960122
0.960135
0.962338
0.965314
0.972762
0.983174
0.989397
0.993141
0.996278
0.998009
0.993163
0.987926
0.989035
0.993782
1.00074
1.01339
1.02545
1.03495
1.044
1.04889
1.04559
1.0315
1.16625
1.60318
0.846982
0.851831
0.853636
0.854984
0.856083
0.857026
0.857275
0.856925
0.857305
0.858201
0.859329
0.861784
0.866357
0.869478
0.871239
0.872548
0.873684
0.874569
0.874306
0.873943
0.874552
0.875605
0.876989
0.880516
0.885182
0.887881
0.889517
0.890814
0.89196
0.892147
0.890995
0.891078
0.892051
0.893333
0.895667
0.900713
0.90472
0.906882
0.908417
0.909763
0.910556
0.909113
0.908206
0.908979
0.910319
0.912114
0.916612
0.922229
0.925333
0.927165
0.928702
0.929943
0.92868
0.926555
0.926853
0.928339
0.930202
0.934038
0.940963
0.945508
0.947909
0.949715
0.951363
0.950465
0.947191
0.946785
0.948442
0.950664
0.954542
0.962754
0.969008
0.97231
0.974716
0.976921
0.976173
0.97145
0.970142
0.972349
0.9755
0.980823
0.99149
0.99987
1.00453
1.00809
1.01105
1.00913
1.00318
1.00169
1.00604
1.01229
1.02188
1.03425
1.04447
1.05406
1.06162
1.0626
1.05158
1.17643
1.62307
0.853075
0.858103
0.859953
0.861343
0.862477
0.863447
0.863701
0.863404
0.863793
0.864697
0.865821
0.868053
0.872682
0.876064
0.877906
0.87927
0.880468
0.881417
0.881147
0.880755
0.881353
0.882427
0.883768
0.886986
0.891994
0.894999
0.896696
0.898021
0.899187
0.899435
0.898365
0.898361
0.899305
0.90059
0.902547
0.907453
0.912144
0.914581
0.916184
0.917564
0.918444
0.91724
0.916219
0.916882
0.918217
0.91986
0.923608
0.929737
0.933455
0.935499
0.937136
0.938568
0.937956
0.935584
0.935462
0.936831
0.938669
0.941608
0.948432
0.954112
0.957011
0.959032
0.960934
0.961191
0.95777
0.956092
0.957473
0.95976
0.962911
0.970278
0.978169
0.982376
0.985048
0.987521
0.988504
0.984213
0.980619
0.981645
0.984941
0.989041
0.997859
1.00876
1.01542
1.01952
1.02318
1.02435
1.01916
1.0148
1.01567
1.02106
1.02837
1.03956
1.05054
1.05972
1.06753
1.07149
1.06293
1.18401
1.63573
0.859305
0.864596
0.866544
0.867953
0.869076
0.870074
0.870443
0.870131
0.870475
0.871379
0.872513
0.874474
0.879114
0.882929
0.884909
0.886289
0.887485
0.888466
0.888263
0.887807
0.888393
0.889484
0.890799
0.893578
0.898776
0.902195
0.904025
0.905391
0.906581
0.907024
0.905982
0.905789
0.906685
0.907976
0.909672
0.914073
0.919361
0.922199
0.923937
0.925381
0.926478
0.92565
0.924121
0.924475
0.925752
0.92736
0.930418
0.936686
0.941213
0.943617
0.945431
0.947067
0.947399
0.944725
0.943341
0.944357
0.946152
0.948639
0.954848
0.961791
0.965419
0.967645
0.969662
0.97099
0.968406
0.964956
0.965045
0.967192
0.969923
0.975656
0.984799
0.990675
0.993695
0.996168
0.998138
0.995777
0.990753
0.989582
0.99195
0.995402
1.00103
1.01185
1.02092
1.02652
1.03085
1.03417
1.0326
1.02649
1.02385
1.02599
1.03134
1.03914
1.04968
1.05892
1.06635
1.07125
1.06866
1.19092
1.64311
0.86494
0.870411
0.872593
0.874117
0.875288
0.876362
0.876849
0.876351
0.876523
0.877413
0.878581
0.880371
0.884783
0.888948
0.891163
0.892645
0.893889
0.894972
0.894894
0.89409
0.894517
0.895614
0.896971
0.899501
0.904568
0.908306
0.910351
0.911845
0.913154
0.914028
0.912998
0.912058
0.912711
0.914017
0.915712
0.919659
0.925232
0.928522
0.930481
0.932049
0.933441
0.933483
0.931258
0.930506
0.931533
0.933141
0.935796
0.941869
0.947317
0.950132
0.952046
0.953743
0.954912
0.95288
0.950149
0.950185
0.951814
0.953973
0.958939
0.966774
0.971578
0.973996
0.975948
0.977677
0.976764
0.972595
0.971221
0.972622
0.974981
0.97855
0.987004
0.995238
0.999642
1.00236
1.00477
1.00496
1.00003
0.99625
0.996327
0.999069
1.00279
1.01058
1.02177
1.02974
1.03465
1.0386
1.04074
1.03692
1.03155
1.03024
1.03279
1.03791
1.04633
1.05607
1.06329
1.06828
1.06968
1.19729
1.64782
0.869954
0.875376
0.877629
0.879204
0.880448
0.881602
0.882337
0.881764
0.881635
0.882443
0.883621
0.885393
0.889635
0.893956
0.896273
0.897792
0.899082
0.900274
0.900618
0.899551
0.899488
0.900451
0.901789
0.904177
0.90918
0.913241
0.915403
0.916946
0.918304
0.919522
0.919139
0.917438
0.917444
0.918587
0.920166
0.923653
0.929536
0.933411
0.935484
0.937058
0.938506
0.939406
0.937422
0.935559
0.935983
0.937418
0.9395
0.944844
0.951417
0.95496
0.956913
0.958535
0.960021
0.959265
0.955835
0.95491
0.956019
0.957857
0.960993
0.968538
0.975196
0.978493
0.980532
0.982334
0.982894
0.979246
0.976165
0.976232
0.978161
0.980685
0.986282
0.996237
1.00298
1.00659
1.00922
1.01116
1.0084
1.0022
1.00013
1.00144
1.00445
1.00869
1.01821
1.02863
1.03529
1.03979
1.04346
1.04471
1.04045
1.03533
1.03442
1.03702
1.0421
1.05082
1.05933
1.06535
1.06929
1.20389
1.65144
0.873913
0.879489
0.881899
0.8835
0.884748
0.885914
0.886816
0.88635
0.885874
0.886502
0.887592
0.889129
0.893113
0.897847
0.900443
0.902043
0.903346
0.904561
0.905265
0.904187
0.903584
0.904256
0.905439
0.90729
0.912073
0.916928
0.919451
0.921043
0.922384
0.923648
0.923832
0.921915
0.921315
0.922142
0.9235
0.925978
0.931895
0.936896
0.939309
0.940876
0.942272
0.943422
0.942236
0.939767
0.939619
0.940753
0.942348
0.945918
0.953097
0.958022
0.96043
0.962093
0.963626
0.963983
0.960877
0.958756
0.959136
0.960623
0.962641
0.967898
0.976365
0.981338
0.983906
0.985769
0.987205
0.985206
0.980468
0.978969
0.980151
0.982378
0.985414
0.993664
1.00353
1.00879
1.01169
1.01401
1.01508
1.01034
1.00493
1.00393
1.00547
1.00844
1.01367
1.02404
1.03366
1.03982
1.04405
1.04737
1.04742
1.043
1.03813
1.03724
1.0397
1.04497
1.05406
1.06191
1.06766
1.21041
1.65459
0.876833
0.88267
0.885454
0.887115
0.888378
0.889536
0.890502
0.890163
0.889395
0.889822
0.89081
0.892088
0.895359
0.900641
0.903794
0.905513
0.906847
0.90805
0.908946
0.908037
0.906932
0.907321
0.908368
0.909782
0.913625
0.919352
0.922575
0.924301
0.925654
0.9269
0.92752
0.925709
0.924468
0.924985
0.926195
0.927882
0.932686
0.93886
0.942112
0.943867
0.94528
0.946547
0.946255
0.943495
0.942546
0.943281
0.94466
0.946717
0.952772
0.959564
0.962963
0.964859
0.966445
0.967663
0.965661
0.962121
0.961434
0.96244
0.964212
0.967078
0.975053
0.982682
0.986375
0.988513
0.990203
0.990582
0.986031
0.982209
0.981963
0.983505
0.985745
0.98977
0.999926
1.00879
1.01306
1.01598
1.01858
1.01878
1.01227
1.00719
1.0069
1.00894
1.01215
1.01829
1.02864
1.03726
1.04296
1.04698
1.04989
1.04955
1.04502
1.04003
1.03892
1.0409
1.0466
1.05609
1.06433
1.21757
1.6575
0.878913
0.88478
0.888192
0.889976
0.89124
0.892377
0.893364
0.893264
0.892256
0.892453
0.893356
0.894518
0.896902
0.902322
0.906288
0.908195
0.90953
0.91071
0.911723
0.911268
0.909702
0.909761
0.910684
0.911914
0.914508
0.920436
0.924698
0.926714
0.928113
0.929377
0.930343
0.929114
0.927167
0.9273
0.928324
0.929687
0.93269
0.939347
0.943967
0.946152
0.947632
0.948968
0.949637
0.947235
0.945041
0.945198
0.946346
0.94791
0.951622
0.959528
0.964688
0.967112
0.968748
0.97018
0.969961
0.965865
0.963514
0.963985
0.965572
0.967458
0.972185
0.981663
0.987689
0.990474
0.992391
0.99405
0.992905
0.987174
0.984183
0.984319
0.985949
0.988376
0.994208
1.00568
1.01377
1.01768
1.02022
1.02222
1.02084
1.01422
1.01011
1.01016
1.01225
1.01566
1.02275
1.03285
1.04053
1.04562
1.04944
1.05181
1.05113
1.04656
1.041
1.03913
1.04067
1.04771
1.0587
1.22422
1.65999
0.8805
0.885916
0.890192
0.892298
0.893582
0.894697
0.895697
0.895906
0.894754
0.894624
0.895419
0.896522
0.898185
0.902961
0.907911
0.910292
0.911706
0.912894
0.913977
0.914102
0.912333
0.911819
0.91256
0.913689
0.915345
0.920365
0.92598
0.928702
0.930221
0.931482
0.932621
0.932324
0.92993
0.92925
0.929999
0.931233
0.933024
0.9386
0.94499
0.948075
0.949738
0.951091
0.952265
0.951134
0.947774
0.946944
0.947793
0.949217
0.951244
0.957621
0.965221
0.968857
0.970782
0.972269
0.973397
0.970918
0.966709
0.96584
0.966718
0.968367
0.970659
0.977796
0.98725
0.991995
0.994584
0.996604
0.997989
0.994372
0.988026
0.986109
0.987021
0.989061
0.991699
0.998743
1.01028
1.01721
1.02055
1.02328
1.02564
1.0239
1.01683
1.01291
1.0132
1.01548
1.01927
1.02715
1.03667
1.04342
1.04802
1.05162
1.05352
1.05248
1.0473
1.04076
1.03813
1.03983
1.05047
1.22834
1.66161
0.881988
0.886408
0.891466
0.894163
0.895583
0.896726
0.897758
0.898333
0.897276
0.896662
0.897271
0.898291
0.89954
0.902984
0.908723
0.911968
0.913607
0.914847
0.91597
0.916626
0.915143
0.913845
0.914256
0.91527
0.916553
0.91988
0.926342
0.930235
0.932095
0.933426
0.934642
0.935235
0.933085
0.931262
0.931591
0.932661
0.934043
0.937394
0.944719
0.949433
0.9516
0.953047
0.954348
0.954733
0.951521
0.949098
0.949336
0.950505
0.952024
0.955351
0.963705
0.969798
0.97249
0.974225
0.975759
0.976028
0.971634
0.968051
0.967841
0.969039
0.970843
0.974199
0.983651
0.992189
0.995902
0.99797
0.999737
1.00074
0.996167
0.990473
0.98913
0.989783
0.991565
0.994558
1.00305
1.01445
1.0211
1.02453
1.02713
1.02866
1.02596
1.0194
1.0159
1.01622
1.01849
1.02266
1.03134
1.04038
1.04631
1.05022
1.05336
1.05474
1.05334
1.04734
1.03963
1.03586
1.0398
1.2277
1.66224
0.883536
0.886755
0.892046
0.89564
0.897357
0.898606
0.899701
0.900597
0.900028
0.898806
0.899041
0.899912
0.901013
0.90313
0.908756
0.913239
0.915323
0.91668
0.917857
0.918854
0.91817
0.916124
0.915956
0.916827
0.918012
0.919921
0.925705
0.931254
0.933793
0.935276
0.93653
0.937614
0.936679
0.933856
0.933296
0.934117
0.935346
0.937094
0.942938
0.949946
0.953208
0.954929
0.956305
0.957529
0.956187
0.952263
0.951051
0.951619
0.952938
0.954748
0.960399
0.969301
0.974008
0.976359
0.978029
0.979437
0.9779
0.972327
0.969881
0.970286
0.971686
0.97357
0.978114
0.988607
0.995956
0.999267
1.00176
1.00387
1.004
0.997674
0.992049
0.991146
0.992454
0.994654
0.997992
1.00699
1.0179
1.02391
1.02709
1.02966
1.03143
1.02881
1.02213
1.01854
1.01879
1.02109
1.02574
1.03496
1.04337
1.04851
1.05204
1.05487
1.05573
1.05374
1.04644
1.03706
1.03176
1.2223
1.66208
0.885091
0.887436
0.892077
0.896828
0.899042
0.900431
0.901596
0.902643
0.902814
0.901227
0.900792
0.901464
0.902504
0.903911
0.908282
0.914064
0.916947
0.918476
0.919694
0.920815
0.921087
0.91893
0.917857
0.918446
0.919518
0.920817
0.924519
0.931342
0.935198
0.93705
0.938393
0.939629
0.940102
0.93742
0.935368
0.935586
0.936556
0.937894
0.941028
0.948882
0.954394
0.9568
0.958297
0.959645
0.960232
0.956739
0.953222
0.952983
0.954041
0.955541
0.958051
0.966002
0.974144
0.977653
0.979563
0.981143
0.9825
0.979643
0.974024
0.972199
0.972499
0.973812
0.97591
0.982144
0.993597
1.00039
1.0032
1.00496
1.00663
1.00638
1.00005
0.995074
0.994338
0.995271
0.997229
1.00093
1.01074
1.02118
1.02693
1.03013
1.03267
1.03381
1.03102
1.02454
1.02076
1.02078
1.02301
1.02813
1.03784
1.04583
1.05038
1.05357
1.05584
1.05626
1.05337
1.04273
1.03022
1.21313
1.6616
0.88662
0.888633
0.891939
0.897642
0.900663
0.902228
0.90344
0.904531
0.905273
0.904013
0.902713
0.903085
0.904036
0.905196
0.907866
0.914075
0.918271
0.920201
0.921513
0.922691
0.92361
0.922313
0.920161
0.920102
0.92094
0.922094
0.92404
0.930208
0.936148
0.938786
0.940274
0.941537
0.942665
0.941554
0.938066
0.937106
0.937818
0.939045
0.940721
0.946224
0.954316
0.958349
0.960334
0.9617
0.962936
0.962036
0.957329
0.955119
0.955417
0.956486
0.958047
0.961785
0.971288
0.978249
0.9813
0.983345
0.985028
0.98565
0.980751
0.975216
0.974103
0.975044
0.976581
0.978746
0.98587
0.99711
1.00289
1.00575
1.0083
1.01041
1.00938
1.0022
0.997167
0.996607
0.998003
1.0003
1.00422
1.01399
1.02378
1.02916
1.03232
1.03486
1.03614
1.03322
1.02637
1.02231
1.02222
1.02441
1.02987
1.0398
1.04733
1.05152
1.05462
1.05638
1.05644
1.0502
1.03598
1.20384
1.66138
0.888241
0.890129
0.892116
0.897832
0.902028
0.903957
0.905241
0.906364
0.907358
0.906988
0.905053
0.904823
0.90559
0.906642
0.908152
0.913183
0.919087
0.921855
0.923338
0.924562
0.925694
0.925705
0.923063
0.921833
0.922346
0.923399
0.924722
0.928533
0.935963
0.940202
0.942115
0.943391
0.944588
0.945096
0.94194
0.939204
0.939324
0.940374
0.941691
0.944078
0.951701
0.958785
0.961751
0.963473
0.964865
0.966018
0.963502
0.958458
0.956917
0.95744
0.958717
0.960518
0.966044
0.976413
0.982309
0.984687
0.986172
0.987819
0.988214
0.982729
0.977802
0.976822
0.977208
0.978576
0.981069
0.989617
1.00123
1.00704
1.00952
1.01133
1.01286
1.01158
1.00491
1.00028
0.999609
1.00054
1.0025
1.00695
1.01739
1.02661
1.03156
1.03455
1.03697
1.03808
1.0352
1.0281
1.02363
1.02326
1.02526
1.03089
1.04092
1.04822
1.05232
1.05522
1.05658
1.05464
1.04582
1.19846
1.66197
0.889924
0.891697
0.892861
0.897379
0.90292
0.905594
0.907036
0.908215
0.909282
0.90975
0.9079
0.906683
0.907119
0.908077
0.909254
0.912196
0.918911
0.9232
0.92513
0.9264
0.927554
0.928417
0.926665
0.924033
0.92391
0.924832
0.926
0.927753
0.933912
0.940735
0.943669
0.945187
0.946428
0.947598
0.946647
0.942638
0.941161
0.941599
0.942618
0.944047
0.947968
0.956971
0.962786
0.96532
0.967032
0.968438
0.968853
0.964326
0.959665
0.959001
0.959953
0.961302
0.963182
0.969967
0.980184
0.985188
0.987745
0.989836
0.991553
0.990822
0.984027
0.979076
0.978592
0.979836
0.981525
0.984032
0.992673
1.00371
1.00891
1.01151
1.01392
1.01593
1.01461
1.00748
1.0023
1.00146
1.00281
1.00521
1.0101
1.02038
1.02886
1.03354
1.03663
1.03915
1.04047
1.03707
1.02916
1.0244
1.02392
1.02578
1.03135
1.04133
1.04852
1.05265
1.05559
1.05595
1.05343
1.19905
1.66355
0.891571
0.893176
0.894085
0.896854
0.903058
0.90703
0.908832
0.910043
0.911118
0.91202
0.911083
0.908876
0.908727
0.909564
0.910662
0.912186
0.917433
0.923792
0.926689
0.928178
0.929375
0.930495
0.930387
0.927259
0.925787
0.926259
0.927237
0.928429
0.931465
0.939396
0.944792
0.947052
0.948381
0.949609
0.950399
0.947481
0.943505
0.942838
0.94371
0.944993
0.946691
0.952541
0.961751
0.966299
0.968292
0.969722
0.971211
0.971224
0.965865
0.961865
0.961394
0.961996
0.963324
0.965671
0.97407
0.9844
0.989016
0.991026
0.99234
0.993916
0.993126
0.98654
0.982227
0.981617
0.982045
0.983391
0.986127
0.995545
1.00695
1.01245
1.01487
1.01671
1.01824
1.01707
1.01043
1.00526
1.00416
1.00495
1.00704
1.0125
1.02336
1.03173
1.03616
1.03887
1.04099
1.04197
1.03845
1.03027
1.02514
1.02441
1.02594
1.03126
1.0412
1.04856
1.05311
1.05486
1.05808
1.20461
1.66604
0.893201
0.894637
0.895537
0.897124
0.902192
0.907888
0.910473
0.911806
0.912916
0.913951
0.914161
0.911803
0.910568
0.911067
0.912039
0.913167
0.915821
0.922882
0.927809
0.929929
0.931192
0.932335
0.933259
0.931471
0.928221
0.927682
0.928447
0.929575
0.931023
0.936129
0.944377
0.948466
0.950385
0.951581
0.952756
0.952517
0.947966
0.945043
0.945162
0.946124
0.947351
0.94936
0.956874
0.965583
0.969409
0.971499
0.973187
0.974585
0.973224
0.966842
0.963229
0.963344
0.964594
0.965984
0.968397
0.977297
0.986935
0.991068
0.993567
0.995683
0.997311
0.995717
0.988469
0.983709
0.98317
0.984371
0.98616
0.989006
0.998162
1.009
1.01411
1.01671
1.01907
1.0209
1.01977
1.01282
1.00701
1.0056
1.00673
1.00915
1.01498
1.02571
1.03356
1.03776
1.04061
1.04275
1.04373
1.03994
1.03134
1.0257
1.02457
1.02562
1.03062
1.04065
1.04859
1.05244
1.05964
1.21378
1.66912
0.895139
0.896165
0.897018
0.898135
0.900958
0.90753
0.911696
0.913544
0.914743
0.915824
0.916702
0.915413
0.912842
0.912551
0.9133
0.914379
0.915757
0.920536
0.927828
0.931298
0.932948
0.934106
0.935217
0.935405
0.931941
0.929543
0.929805
0.930862
0.932036
0.933939
0.940963
0.948503
0.951618
0.95334
0.954581
0.955751
0.954315
0.949147
0.946927
0.947165
0.948088
0.949441
0.952296
0.961308
0.969428
0.972695
0.974336
0.975589
0.977061
0.975396
0.968995
0.965997
0.965868
0.966443
0.967832
0.970797
0.980794
0.990675
0.994767
0.996605
0.997885
0.999401
0.998263
0.991428
0.986884
0.98619
0.986723
0.988084
0.990953
1.00084
1.01192
1.01707
1.01937
1.02109
1.02268
1.0219
1.01539
1.00944
1.00775
1.00833
1.0103
1.01631
1.0276
1.03582
1.04011
1.0426
1.04427
1.04504
1.04142
1.03251
1.02602
1.02424
1.02473
1.02955
1.04016
1.04766
1.05858
1.22405
1.67226
0.897504
0.897638
0.898329
0.899362
0.900827
0.905893
0.912277
0.915156
0.916569
0.91764
0.918631
0.91878
0.91598
0.914267
0.91468
0.915702
0.916847
0.91886
0.925606
0.931853
0.934403
0.935783
0.936929
0.937992
0.936783
0.932776
0.931535
0.932073
0.93301
0.934214
0.937158
0.945667
0.952158
0.954863
0.956569
0.957894
0.958782
0.955618
0.950115
0.948602
0.949381
0.950633
0.951915
0.955167
0.964884
0.972243
0.975225
0.977302
0.979015
0.980198
0.977315
0.970369
0.967353
0.967709
0.969019
0.970519
0.973397
0.983221
0.992445
0.996328
0.998795
1.00095
1.00255
1.00104
0.993926
0.988736
0.987798
0.988902
0.990702
0.99364
1.00299
1.01328
1.0181
1.0208
1.02317
1.02503
1.02437
1.01757
1.01098
1.00884
1.00957
1.01171
1.01779
1.02894
1.03716
1.04149
1.04399
1.0455
1.04612
1.04264
1.03359
1.02614
1.02333
1.02323
1.02863
1.03906
1.05376
1.2339
1.67477
0.90014
0.899187
0.899715
0.900756
0.901888
0.904445
0.911231
0.916122
0.918148
0.919296
0.920331
0.921248
0.920044
0.916896
0.916299
0.917015
0.918033
0.91917
0.922462
0.930469
0.935446
0.937503
0.938718
0.939837
0.94056
0.937656
0.933841
0.933276
0.934132
0.935295
0.936615
0.940864
0.950043
0.955433
0.957606
0.959039
0.960362
0.961198
0.957314
0.952266
0.951188
0.951579
0.95251
0.953988
0.958265
0.968733
0.975815
0.978543
0.979927
0.981184
0.982562
0.979789
0.973072
0.970379
0.970258
0.970759
0.972154
0.975443
0.986093
0.995861
0.999813
1.00162
1.00293
1.00454
1.00389
0.997243
0.99187
0.990634
0.990882
0.992055
0.995098
1.00542
1.01621
1.02121
1.02347
1.02524
1.02693
1.02682
1.02035
1.01323
1.01067
1.01085
1.01238
1.01803
1.02967
1.03853
1.04288
1.04501
1.04624
1.04681
1.04382
1.03489
1.02601
1.02173
1.02146
1.02721
1.04531
1.24087
1.67616
0.903273
0.901383
0.901312
0.902186
0.903225
0.904423
0.908643
0.915814
0.919356
0.920991
0.922079
0.923108
0.923601
0.920834
0.918274
0.918285
0.919144
0.920254
0.921687
0.926768
0.93488
0.938765
0.940508
0.941597
0.942749
0.942694
0.938338
0.93543
0.93553
0.936451
0.937525
0.938935
0.944382
0.953632
0.95829
0.960424
0.962096
0.963521
0.963698
0.958554
0.953533
0.952762
0.953772
0.955051
0.956451
0.960964
0.971478
0.977906
0.980594
0.982716
0.984436
0.985476
0.981984
0.974848
0.971674
0.971895
0.973198
0.974797
0.97789
0.987946
0.997128
1.00108
1.00363
1.00579
1.00741
1.0066
0.999819
0.993581
0.991813
0.992642
0.994471
0.997773
1.00768
1.01766
1.0224
1.02522
1.02766
1.02938
1.02902
1.02221
1.01449
1.01135
1.01152
1.01317
1.01864
1.03023
1.03931
1.0436
1.04557
1.04683
1.04744
1.04489
1.03608
1.02546
1.01965
1.01845
1.03356
1.24288
1.6763
0.906547
0.904743
0.903174
0.903522
0.904332
0.905369
0.907157
0.913368
0.919821
0.922439
0.923735
0.92477
0.92579
0.925269
0.921505
0.919917
0.920435
0.921483
0.922567
0.924284
0.93096
0.938606
0.941791
0.943445
0.944616
0.945733
0.944437
0.93949
0.93729
0.937483
0.938283
0.939444
0.94127
0.948093
0.957181
0.961352
0.963194
0.964417
0.965798
0.965979
0.96064
0.956143
0.955458
0.955819
0.956778
0.958386
0.96379
0.974818
0.981338
0.983765
0.985042
0.986323
0.987693
0.984852
0.977876
0.974799
0.974539
0.974931
0.976213
0.979487
0.990239
1.00029
1.0044
1.00622
1.0075
1.00917
1.00931
1.00314
0.996664
0.99464
0.994682
0.995718
0.998815
1.00922
1.02013
1.02536
1.02758
1.02909
1.03073
1.03107
1.02489
1.01667
1.01292
1.01254
1.01364
1.01848
1.03041
1.04001
1.04422
1.04592
1.04713
1.04769
1.04569
1.03687
1.02461
1.01678
1.02014
1.2381
1.67484
0.908941
0.908781
0.90553
0.904867
0.905589
0.906631
0.907726
0.91048
0.917957
0.923118
0.925212
0.926402
0.927502
0.928438
0.926471
0.922717
0.921985
0.922569
0.923462
0.924585
0.927092
0.935216
0.942104
0.944903
0.946542
0.947714
0.948624
0.945916
0.940508
0.93881
0.93946
0.940599
0.941709
0.9436
0.951238
0.96003
0.963793
0.965816
0.967529
0.968929
0.968311
0.962181
0.957434
0.95692
0.957987
0.959335
0.960838
0.96607
0.97673
0.982776
0.985435
0.987647
0.989382
0.99048
0.98739
0.980082
0.97611
0.975879
0.977069
0.97873
0.981873
0.99187
1.00124
1.00536
1.00803
1.01025
1.01189
1.01177
1.0054
0.997925
0.995082
0.995435
0.996993
1.00042
1.01063
1.02102
1.02596
1.02882
1.03128
1.03304
1.03319
1.02683
1.01796
1.01347
1.01288
1.01402
1.01871
1.03045
1.04005
1.04406
1.04581
1.04732
1.04793
1.04608
1.03678
1.02143
1.01378
1.22664
1.67268
0.910754
0.911995
0.909375
0.906914
0.906996
0.907796
0.908751
0.909902
0.914084
0.922172
0.926362
0.928165
0.92931
0.930382
0.93076
0.927175
0.92382
0.923631
0.924543
0.925667
0.926875
0.930328
0.939209
0.945175
0.947562
0.949108
0.9503
0.951051
0.947718
0.942601
0.941269
0.941607
0.942377
0.943595
0.946089
0.9547
0.963342
0.966922
0.968541
0.969571
0.970962
0.970706
0.964824
0.960415
0.959729
0.960004
0.96084
0.962413
0.968252
0.979572
0.986108
0.988547
0.989804
0.99104
0.992491
0.990485
0.98332
0.979236
0.978624
0.978943
0.980059
0.98307
0.993532
1.00406
1.00862
1.01058
1.01178
1.01322
1.01369
1.00803
1.00038
0.997412
0.997341
0.998435
1.00129
1.01123
1.023
1.02897
1.03131
1.03279
1.03425
1.03476
1.0294
1.02016
1.01479
1.01367
1.01443
1.01836
1.02995
1.0398
1.04384
1.04573
1.04742
1.04782
1.04586
1.0332
1.01716
1.2128
1.67127
0.912536
0.914036
0.91366
0.910155
0.908481
0.908793
0.90966
0.910723
0.912393
0.918446
0.926215
0.929551
0.931051
0.932027
0.933054
0.932441
0.92781
0.92551
0.925864
0.926809
0.927825
0.929042
0.933379
0.942651
0.948017
0.950276
0.951872
0.953204
0.95367
0.949267
0.943834
0.942677
0.943535
0.944801
0.945988
0.948446
0.957277
0.965488
0.96879
0.970831
0.972559
0.973945
0.973222
0.966969
0.961829
0.960914
0.961849
0.963207
0.964803
0.97015
0.980933
0.987163
0.989909
0.992149
0.993906
0.995153
0.993205
0.985984
0.980796
0.979756
0.980731
0.982355
0.98532
0.994974
1.0049
1.00933
1.01185
1.01409
1.01581
1.01634
1.01104
1.00302
0.999121
0.998751
0.999873
1.00262
1.01181
1.02333
1.02916
1.03197
1.03435
1.03625
1.03684
1.03155
1.02155
1.01522
1.01367
1.01445
1.01814
1.02928
1.03897
1.04311
1.04545
1.04725
1.04781
1.04274
1.02988
1.20312
1.67104
0.914272
0.915606
0.916395
0.914561
0.910829
0.910088
0.910847
0.911924
0.913046
0.915264
0.922614
0.929551
0.932342
0.9338
0.934842
0.935774
0.9338
0.928984
0.92737
0.927712
0.928567
0.92974
0.931284
0.936677
0.945932
0.950727
0.952691
0.953943
0.955091
0.955693
0.951388
0.94642
0.945405
0.945734
0.946487
0.947792
0.950733
0.960141
0.968544
0.971905
0.97342
0.974424
0.975848
0.975816
0.970013
0.964835
0.963723
0.963854
0.964541
0.966095
0.971761
0.983314
0.990351
0.992956
0.994246
0.995417
0.996947
0.996218
0.989403
0.983842
0.982506
0.982647
0.98355
0.986112
0.995964
1.00721
1.01253
1.01474
1.01636
1.01801
1.01886
1.01397
1.00534
1.00084
1.0002
1.00088
1.00281
1.01121
1.02413
1.03153
1.03434
1.03593
1.03728
1.03782
1.03354
1.02336
1.01605
1.01409
1.01457
1.01759
1.02805
1.03778
1.04247
1.04525
1.04721
1.04636
1.04171
1.20128
1.67223
0.915551
0.917022
0.917973
0.918362
0.915088
0.912231
0.912302
0.913147
0.914132
0.915241
0.918067
0.926338
0.93269
0.935247
0.93666
0.937662
0.938343
0.935049
0.930054
0.928934
0.929769
0.93099
0.932061
0.933486
0.93941
0.948607
0.952983
0.95495
0.956544
0.957947
0.958158
0.953163
0.947827
0.946738
0.947625
0.948877
0.950095
0.952781
0.962006
0.970108
0.973405
0.975535
0.977266
0.978617
0.978399
0.972553
0.96651
0.964783
0.965472
0.966847
0.968511
0.973482
0.984267
0.991036
0.994021
0.996328
0.998147
0.999548
0.998846
0.992259
0.985677
0.983512
0.984063
0.985545
0.988163
0.997028
1.00814
1.01364
1.01623
1.01809
1.01972
1.0206
1.01647
1.00756
1.00217
1.00105
1.00208
1.00418
1.01162
1.02395
1.03135
1.0345
1.03672
1.03855
1.03936
1.03541
1.0248
1.01659
1.0141
1.01438
1.01688
1.02648
1.03628
1.04163
1.0452
1.04606
1.04954
1.20621
1.67467
0.916509
0.918616
0.91951
0.920496
0.919923
0.915853
0.913913
0.914244
0.915192
0.916246
0.917475
0.921061
0.929717
0.935416
0.93773
0.9392
0.94031
0.940702
0.936806
0.932384
0.931573
0.931984
0.932729
0.933844
0.935673
0.94245
0.951515
0.955703
0.957492
0.958551
0.959775
0.96035
0.955815
0.950729
0.949582
0.949736
0.950326
0.95161
0.954647
0.96447
0.973114
0.976493
0.977948
0.978888
0.980267
0.98088
0.975894
0.969667
0.967771
0.967776
0.968282
0.969675
0.974495
0.985985
0.993991
0.997026
0.998456
0.999589
1.00117
1.00151
0.995728
0.988653
0.986179
0.985969
0.986599
0.988538
0.997168
1.00928
1.01559
1.01805
1.01969
1.02149
1.02287
1.01971
1.01079
1.00471
1.00302
1.00317
1.00442
1.01046
1.02349
1.03266
1.03648
1.03827
1.03943
1.03992
1.0369
1.02664
1.01747
1.01418
1.014
1.01559
1.02453
1.03478
1.04152
1.04408
1.05299
1.21604
1.67778
0.9161
0.920038
0.921062
0.922057
0.923007
0.921374
0.917096
0.915896
0.916465
0.91742
0.918376
0.919536
0.923594
0.932632
0.938063
0.94034
0.941862
0.943097
0.94333
0.938733
0.933838
0.932965
0.933836
0.93502
0.936087
0.937733
0.944707
0.953586
0.957515
0.959538
0.961288
0.962737
0.962982
0.958033
0.952217
0.950645
0.951369
0.952629
0.953968
0.956698
0.965981
0.9742
0.97758
0.979723
0.981532
0.982991
0.983446
0.978801
0.971879
0.96893
0.96913
0.970367
0.971979
0.976171
0.986689
0.994417
0.99783
1.00032
1.00228
1.00377
1.00402
0.998525
0.990688
0.98706
0.9869
0.988163
0.990297
0.997825
1.00998
1.01732
1.0205
1.02227
1.02394
1.02511
1.02224
1.01319
1.00582
1.00337
1.00381
1.00541
1.0107
1.02288
1.03228
1.03649
1.03871
1.0401
1.04073
1.03823
1.02817
1.01806
1.01377
1.01302
1.01409
1.02268
1.03389
1.03989
1.05359
1.22759
1.68105
0.912643
0.920458
0.922659
0.924057
0.925086
0.92578
0.922666
0.918588
0.917805
0.918255
0.919082
0.920196
0.921652
0.926398
0.935444
0.940518
0.942592
0.943978
0.945144
0.945439
0.941146
0.93657
0.935666
0.935959
0.936604
0.937707
0.939733
0.947224
0.956335
0.96046
0.962202
0.96322
0.964456
0.9652
0.96102
0.955296
0.953643
0.95373
0.954176
0.955312
0.958086
0.96767
0.976782
0.980537
0.982123
0.983114
0.984512
0.985701
0.982327
0.975201
0.971978
0.971636
0.971937
0.973057
0.976771
0.987809
0.997153
1.00093
1.0026
1.00369
1.00521
1.00626
1.00202
0.993723
0.989615
0.988899
0.989347
0.990836
0.997423
1.01019
1.0185
1.02188
1.02358
1.02484
1.02619
1.02501
1.01662
1.00836
1.00531
1.00497
1.00569
1.00947
1.02156
1.03256
1.03773
1.03973
1.04047
1.04073
1.0389
1.02994
1.01913
1.01347
1.01168
1.01214
1.02135
1.03178
1.05017
1.23905
1.68382
0.908095
0.918047
0.923528
0.9258
0.927034
0.928027
0.9281
0.923762
0.919799
0.919375
0.920261
0.92135
0.922318
0.923581
0.928719
0.937999
0.942856
0.944933
0.946487
0.947816
0.948031
0.94326
0.938006
0.936856
0.937644
0.938814
0.939909
0.941659
0.948946
0.957931
0.961927
0.964047
0.965872
0.967326
0.967905
0.963812
0.957383
0.954749
0.955036
0.956143
0.957464
0.959812
0.968463
0.977373
0.981307
0.983697
0.985725
0.987264
0.988223
0.985233
0.977792
0.973281
0.972685
0.973709
0.975259
0.978607
0.98841
0.997339
1.00142
1.00412
1.00633
1.00791
1.00874
1.00472
0.996025
0.990763
0.989617
0.990441
0.992017
0.997345
1.00944
1.01839
1.02227
1.02486
1.02693
1.02817
1.02704
1.01874
1.00957
1.00551
1.0051
1.00617
1.00964
1.0209
1.03221
1.0376
1.03958
1.04042
1.04093
1.03972
1.0317
1.02015
1.01258
1.00961
1.01027
1.01924
1.0421
1.24775
1.68541
0.90709
0.912575
0.921464
0.926393
0.928452
0.929745
0.93073
0.930213
0.925336
0.921971
0.921681
0.922096
0.922882
0.924033
0.925736
0.931638
0.940771
0.945412
0.947355
0.948521
0.949552
0.950106
0.945957
0.940864
0.9396
0.939736
0.940247
0.94137
0.943384
0.95097
0.96048
0.964918
0.966729
0.967774
0.969016
0.97013
0.967265
0.960709
0.957706
0.957348
0.957529
0.958481
0.960759
0.969577
0.979836
0.98451
0.98636
0.987369
0.988613
0.989995
0.988461
0.981339
0.976439
0.975391
0.975498
0.976341
0.978892
0.988631
0.999523
1.00461
1.00664
1.00773
1.00908
1.01047
1.00807
0.999463
0.993227
0.991463
0.991668
0.992885
0.997165
1.00925
1.02012
1.02477
1.02659
1.02761
1.0288
1.02894
1.0222
1.01247
1.00755
1.00633
1.00658
1.00868
1.01936
1.03191
1.03815
1.04
1.04039
1.04066
1.03988
1.03348
1.02145
1.01129
1.00728
1.00695
1.03025
1.25166
1.68558
0.908082
0.910489
0.915527
0.92421
0.928845
0.930969
0.932388
0.933441
0.932665
0.927089
0.923236
0.923064
0.92406
0.925289
0.926402
0.927878
0.933794
0.942882
0.947308
0.9493
0.950952
0.952342
0.952767
0.948247
0.942336
0.940598
0.94124
0.94242
0.943645
0.945328
0.952208
0.961593
0.966082
0.96839
0.970345
0.971822
0.972783
0.970191
0.963138
0.958852
0.958396
0.959383
0.960836
0.962938
0.970481
0.980258
0.985003
0.987486
0.989669
0.991254
0.992507
0.991339
0.984422
0.978185
0.976284
0.976894
0.978313
0.980714
0.988915
0.999339
1.00462
1.00757
1.01007
1.0118
1.01298
1.01085
1.00229
0.995167
0.992811
0.993197
0.99436
0.997659
1.00849
1.01929
1.02433
1.02718
1.02952
1.03088
1.03092
1.02437
1.01386
1.00764
1.00593
1.00634
1.00839
1.0184
1.03125
1.03752
1.03922
1.03992
1.04061
1.04027
1.03501
1.02224
1.0102
1.00297
1.01509
1.24823
1.68393
0.909455
0.911415
0.912452
0.917627
0.92644
0.931068
0.933009
0.934354
0.935389
0.934687
0.92954
0.926147
0.925913
0.926383
0.927078
0.928155
0.929868
0.936123
0.945338
0.949936
0.951802
0.952808
0.953741
0.954593
0.951129
0.945417
0.943559
0.943623
0.944006
0.945007
0.946768
0.95366
0.963901
0.969097
0.971079
0.972079
0.973113
0.974435
0.973402
0.966922
0.962327
0.961406
0.961413
0.962061
0.96379
0.970805
0.981849
0.987941
0.990261
0.991459
0.99262
0.994134
0.99425
0.988272
0.981437
0.979089
0.978784
0.979163
0.980798
0.988182
1.00049
1.00769
1.01044
1.01175
1.01287
1.01435
1.01384
1.00628
0.998014
0.994652
0.994315
0.99514
0.9973
1.00718
1.02024
1.02696
1.02925
1.03027
1.03111
1.03164
1.02697
1.01664
1.00937
1.00676
1.00659
1.00786
1.01709
1.03053
1.03728
1.03897
1.03963
1.0404
1.04038
1.03596
1.02233
1.00654
1.00519
1.23687
1.68097
0.910889
0.912435
0.912891
0.914163
0.919443
0.928556
0.933244
0.935236
0.936644
0.937766
0.937251
0.932105
0.927913
0.927309
0.928196
0.929357
0.930377
0.931752
0.937662
0.94687
0.951326
0.95335
0.955074
0.956513
0.957299
0.953952
0.947534
0.944701
0.944921
0.946019
0.947321
0.948828
0.954731
0.964589
0.969745
0.972179
0.974272
0.975791
0.977023
0.976237
0.969729
0.963728
0.962103
0.962794
0.964122
0.965922
0.971495
0.981831
0.988062
0.99107
0.993577
0.995403
0.99677
0.996887
0.991337
0.983419
0.979784
0.979683
0.980895
0.982714
0.988548
0.999937
1.00728
1.01078
1.01351
1.01549
1.01682
1.01639
1.00936
1.0003
0.995934
0.995378
0.996473
0.99852
1.00666
1.01919
1.02597
1.02883
1.03103
1.0327
1.03346
1.02956
1.01878
1.00994
1.00651
1.00623
1.0075
1.01602
1.02938
1.03604
1.03785
1.03908
1.04035
1.0405
1.03599
1.01856
1.00519
1.22125
1.6787
0.91232
0.912897
0.913408
0.914404
0.916016
0.92171
0.930667
0.935354
0.937381
0.938769
0.939927
0.939937
0.935353
0.931033
0.930126
0.930246
0.93074
0.931791
0.93343
0.93945
0.948956
0.953948
0.955925
0.956992
0.958055
0.959238
0.957241
0.95103
0.947945
0.947629
0.947767
0.948502
0.949965
0.955622
0.966268
0.972606
0.975002
0.976203
0.976985
0.978193
0.978406
0.97312
0.967037
0.965141
0.965069
0.965409
0.966626
0.971357
0.982645
0.990923
0.994177
0.995675
0.996626
0.998009
0.998978
0.994934
0.986808
0.982794
0.98196
0.98197
0.982962
0.987439
0.999629
1.00968
1.01379
1.01545
1.01641
1.01772
1.01848
1.01325
1.00371
0.998432
0.997081
0.996958
0.998056
1.00485
1.01884
1.02808
1.0313
1.03256
1.03361
1.03414
1.03112
1.02083
1.01092
1.00675
1.00618
1.00718
1.01457
1.02773
1.03471
1.03705
1.03892
1.04036
1.04054
1.03185
1.0174
1.20847
1.67783
0.914056
0.913544
0.914217
0.915195
0.916068
0.917572
0.923395
0.932712
0.937582
0.939758
0.941438
0.942746
0.942833
0.937857
0.932372
0.931043
0.931731
0.932835
0.933912
0.935198
0.940448
0.949907
0.955009
0.957382
0.959423
0.960934
0.962053
0.960253
0.953677
0.949245
0.948558
0.949395
0.950642
0.952046
0.95653
0.966548
0.972921
0.975636
0.977701
0.979462
0.980908
0.981349
0.976689
0.969509
0.96617
0.966114
0.967222
0.968807
0.97266
0.982711
0.990822
0.99448
0.99703
0.999145
1.0006
1.00145
0.997969
0.98942
0.983766
0.982513
0.983331
0.98482
0.988302
0.998792
1.00879
1.01347
1.01632
1.01859
1.02005
1.02059
1.01592
1.00586
0.999097
0.997256
0.997866
0.999418
1.005
1.01809
1.02753
1.03103
1.03261
1.03396
1.03488
1.03286
1.02307
1.01186
1.00667
1.00584
1.00673
1.01318
1.02586
1.03327
1.03647
1.0388
1.04043
1.03816
1.03183
1.20384
1.67851
0.918599
0.914764
0.914858
0.915404
0.91627
0.917666
0.919811
0.926477
0.935851
0.94046
0.942275
0.9433
0.94396
0.944227
0.940548
0.935434
0.933881
0.93387
0.934147
0.935084
0.936534
0.941828
0.95192
0.957952
0.960275
0.961487
0.962427
0.963731
0.963228
0.957393
0.95255
0.951412
0.951357
0.951704
0.95289
0.956855
0.967153
0.975275
0.978736
0.980384
0.981619
0.98282
0.983695
0.980477
0.973177
0.969404
0.968786
0.968841
0.969683
0.972519
0.982334
0.992696
0.997524
0.999468
1.00048
1.00169
1.00305
1.00141
0.993364
0.987094
0.98522
0.984807
0.985309
0.987546
0.997319
1.00993
1.01631
1.01855
1.01955
1.02059
1.02178
1.01918
1.00962
1.00213
0.999542
0.998932
0.999333
1.0032
1.01594
1.027
1.03157
1.03349
1.03486
1.0357
1.0342
1.02479
1.01271
1.00678
1.00579
1.00634
1.01167
1.02361
1.03161
1.03574
1.0387
1.03888
1.04223
1.20754
1.68077
0.924414
0.918477
0.916134
0.91648
0.917595
0.919222
0.920957
0.923009
0.928888
0.937417
0.941629
0.943449
0.944977
0.946359
0.947043
0.943478
0.937248
0.934716
0.935029
0.936085
0.937385
0.938743
0.943049
0.952645
0.958715
0.961405
0.963538
0.965254
0.966534
0.966218
0.960503
0.954271
0.952098
0.952474
0.953596
0.955015
0.958114
0.96745
0.97613
0.980053
0.982101
0.983807
0.98529
0.986262
0.983769
0.976231
0.970808
0.969512
0.970264
0.971636
0.974003
0.981966
0.992052
0.997271
1.00019
1.00275
1.00448
1.0057
1.0044
0.996521
0.988653
0.985606
0.985757
0.987031
0.98908
0.99655
1.00844
1.01528
1.0185
1.02111
1.02286
1.02389
1.02155
1.01184
1.00257
0.998806
0.998481
0.999466
1.00282
1.01449
1.02658
1.0321
1.03417
1.0352
1.03556
1.03478
1.02693
1.01414
1.00711
1.00562
1.00571
1.0096
1.02098
1.02983
1.03564
1.03751
1.04754
1.21717
1.68391
0.925941
0.926212
0.922106
0.919883
0.920285
0.921355
0.922414
0.923334
0.924692
0.929772
0.938532
0.943517
0.945616
0.946718
0.947562
0.9486
0.946498
0.940648
0.937947
0.937804
0.938089
0.938776
0.940007
0.943904
0.953729
0.96123
0.964325
0.965769
0.966625
0.967842
0.968525
0.964342
0.957698
0.955085
0.954907
0.955196
0.956144
0.958573
0.967235
0.977223
0.982174
0.98424
0.98539
0.986399
0.987744
0.986991
0.980289
0.974222
0.972371
0.972089
0.972387
0.973863
0.98057
0.992604
1.00019
1.00314
1.00449
1.00543
1.00684
1.00702
1.00074
0.992308
0.988666
0.987696
0.987534
0.988668
0.994662
1.00808
1.01752
1.02105
1.02243
1.02322
1.0243
1.02345
1.01506
1.00519
1.00078
0.999877
1.00034
1.00256
1.01296
1.02539
1.0314
1.03387
1.03548
1.03608
1.03555
1.0284
1.01538
1.00733
1.00491
1.0045
1.0075
1.01859
1.02911
1.03387
1.04946
1.2291
1.68726
0.928341
0.93044
0.930899
0.927243
0.924009
0.923345
0.923832
0.924473
0.924816
0.925745
0.929858
0.938804
0.944353
0.94684
0.948795
0.950361
0.95141
0.949722
0.943606
0.939532
0.938921
0.939765
0.940922
0.942034
0.944728
0.953705
0.961533
0.964978
0.967265
0.969188
0.970562
0.971265
0.967607
0.960189
0.956227
0.955823
0.956733
0.957987
0.95989
0.966786
0.977028
0.98253
0.985048
0.987293
0.988973
0.990237
0.989875
0.983767
0.976227
0.972938
0.972902
0.974019
0.975697
0.980663
0.991675
0.999519
1.00314
1.0059
1.00807
1.00944
1.00969
1.00401
0.99446
0.989075
0.988089
0.989033
0.990623
0.994831
1.00654
1.0162
1.02032
1.02286
1.02496
1.02617
1.02567
1.01811
1.00724
1.00152
1.00021
1.00069
1.00205
1.01088
1.02466
1.03243
1.03505
1.03567
1.03567
1.0351
1.02957
1.0171
1.0079
1.00417
1.00285
1.00528
1.01726
1.02659
1.0476
1.2411
1.69022
0.930623
0.934486
0.936262
0.936582
0.932551
0.927836
0.925837
0.924763
0.924273
0.924796
0.925913
0.930219
0.940099
0.94684
0.949568
0.951038
0.952354
0.95374
0.953366
0.947828
0.943059
0.941805
0.941494
0.941708
0.942753
0.945264
0.954106
0.963602
0.967963
0.969747
0.970713
0.97177
0.972965
0.971206
0.964139
0.959359
0.958334
0.958555
0.959319
0.960778
0.966692
0.977778
0.984958
0.987786
0.989141
0.990028
0.991363
0.992129
0.987752
0.979814
0.976013
0.975239
0.975139
0.975957
0.979462
0.990649
1.00143
1.00624
1.00814
1.00907
1.01024
1.01139
1.00793
0.998615
0.992636
0.99076
0.990009
0.99039
0.993335
1.00506
1.01741
1.02293
1.02489
1.02601
1.02682
1.02671
1.02057
1.00963
1.00282
1.00083
1.00107
1.0023
1.0098
1.02327
1.03133
1.03415
1.035
1.0352
1.03507
1.03085
1.0192
1.00856
1.0029
1.0006
1.00355
1.01463
1.04068
1.25121
1.69208
0.932507
0.938102
0.939831
0.940922
0.940458
0.934773
0.927555
0.924448
0.92425
0.924945
0.925894
0.927375
0.931317
0.940819
0.947819
0.951242
0.953933
0.95569
0.956915
0.956613
0.950672
0.944166
0.94212
0.942504
0.943533
0.944799
0.946756
0.954087
0.963536
0.968235
0.97075
0.973
0.974581
0.975747
0.974403
0.967295
0.961193
0.959447
0.959968
0.961196
0.962547
0.966695
0.976983
0.98454
0.987957
0.990473
0.992552
0.993926
0.994705
0.99117
0.982722
0.977082
0.975718
0.976457
0.977829
0.980509
0.989629
1.00031
1.00567
1.00863
1.01127
1.01296
1.01391
1.0109
1.00094
0.992891
0.990328
0.990677
0.99203
0.994492
1.00393
1.01625
1.02236
1.02475
1.02621
1.02735
1.02803
1.02393
1.01296
1.00472
1.00183
1.00115
1.00138
1.00722
1.02156
1.03153
1.03481
1.03511
1.03492
1.03477
1.03204
1.02168
1.00918
1.0008
0.998111
1.00036
1.02949
1.25715
1.69262
0.932122
0.939423
0.940833
0.941592
0.941755
0.940636
0.934421
0.926911
0.924829
0.925198
0.926137
0.927228
0.928859
0.932823
0.943313
0.951664
0.954842
0.956329
0.957165
0.957574
0.957639
0.95354
0.947452
0.945092
0.944892
0.945034
0.945775
0.947345
0.953793
0.964633
0.971067
0.973602
0.974884
0.975653
0.976912
0.97707
0.971621
0.96475
0.962069
0.961766
0.962137
0.963118
0.966277
0.976392
0.986361
0.99094
0.992819
0.993814
0.995036
0.996376
0.994865
0.986967
0.980556
0.978573
0.978068
0.9783
0.979882
0.987639
1.00062
1.00848
1.0114
1.01265
1.01334
1.01434
1.01301
1.00454
0.99658
0.993526
0.992479
0.992188
0.993505
1.00168
1.01547
1.02335
1.02646
1.02808
1.02916
1.02951
1.02575
1.01455
1.00507
1.00116
1.00063
1.00117
1.0066
1.02065
1.03092
1.03408
1.0344
1.03446
1.03451
1.03282
1.02376
1.00936
0.998831
0.993028
1.01433
1.25562
1.69125
0.928455
0.93653
0.938932
0.939536
0.938796
0.937982
0.937373
0.934127
0.928666
0.926936
0.927478
0.928805
0.93098
0.933431
0.936873
0.945126
0.952425
0.955483
0.95698
0.958323
0.959637
0.960292
0.957105
0.950246
0.946251
0.945697
0.946524
0.947859
0.949469
0.954108
0.96411
0.970914
0.974002
0.976356
0.978341
0.979727
0.980145
0.975414
0.967548
0.963431
0.96283
0.963735
0.965072
0.967499
0.975608
0.985508
0.990649
0.993606
0.996195
0.997828
0.998944
0.997791
0.990334
0.982279
0.978856
0.978728
0.979895
0.981593
0.98709
0.999043
1.00731
1.01082
1.0133
1.0154
1.01667
1.01609
1.00856
0.998373
0.993077
0.992219
0.993053
0.994654
1.00093
1.01438
1.02387
1.02738
1.02839
1.02869
1.02933
1.02758
1.01772
1.00741
1.00265
1.00118
1.00099
1.00483
1.01889
1.03007
1.03326
1.03352
1.03383
1.03424
1.03336
1.025
1.009
0.994892
1.00141
1.24626
1.68812
0.923831
0.926624
0.930774
0.934368
0.935837
0.936511
0.937258
0.938604
0.938251
0.934678
0.932579
0.932827
0.933731
0.934466
0.935289
0.937222
0.944313
0.952472
0.956598
0.958478
0.959358
0.960374
0.961677
0.960807
0.95481
0.950073
0.948904
0.948836
0.949
0.950036
0.9535
0.963606
0.972811
0.976987
0.978745
0.97965
0.980698
0.981811
0.979395
0.971771
0.966741
0.965545
0.965459
0.965965
0.967514
0.974336
0.986317
0.993704
0.996535
0.997775
0.99844
0.999683
1.00017
0.994804
0.986225
0.982083
0.981021
0.980669
0.981405
0.98526
0.997464
1.00895
1.01404
1.01595
1.01712
1.01796
1.01771
1.01185
1.00181
0.996111
0.994387
0.993879
0.994341
0.998896
1.01224
1.02232
1.02613
1.02837
1.02995
1.0307
1.0291
1.01978
1.00816
1.00183
1.00005
1.00022
1.00392
1.01751
1.02865
1.03179
1.03235
1.03329
1.03434
1.03385
1.02532
1.00493
0.997467
1.23072
1.68521
0.919394
0.917738
0.91952
0.925802
0.932304
0.936222
0.939264
0.942224
0.944725
0.945425
0.942209
0.937966
0.93597
0.935673
0.935879
0.935925
0.936668
0.941664
0.950511
0.955969
0.958958
0.96165
0.963555
0.964824
0.964491
0.959032
0.952537
0.949716
0.949727
0.950691
0.951915
0.954144
0.962472
0.972143
0.976876
0.979512
0.98186
0.983457
0.98455
0.982949
0.975507
0.968768
0.966428
0.966764
0.968097
0.969699
0.974139
0.984758
0.992501
0.996076
0.998765
1.00098
1.00235
1.00289
0.998451
0.988984
0.982807
0.981235
0.981891
0.983264
0.986125
0.996331
1.0084
1.01418
1.01643
1.01764
1.01882
1.0196
1.01564
1.00479
0.996625
0.993914
0.99398
0.994913
0.998643
1.01139
1.02348
1.02822
1.02938
1.0299
1.03041
1.02974
1.02203
1.00972
1.00222
1
0.999954
1.00271
1.01551
1.02698
1.03054
1.03178
1.03338
1.0346
1.03393
1.02031
1.00596
1.21549
1.68364
0.913511
0.911577
0.912612
0.915397
0.923931
0.934254
0.941462
0.946842
0.950131
0.952011
0.952381
0.947999
0.941546
0.937738
0.935267
0.933601
0.933741
0.934866
0.939522
0.950497
0.958911
0.962407
0.964202
0.965624
0.967021
0.967781
0.963753
0.956349
0.952773
0.951985
0.951721
0.952342
0.954062
0.961301
0.972944
0.979778
0.98237
0.98362
0.984475
0.985783
0.98603
0.980428
0.972982
0.969966
0.969163
0.968714
0.969527
0.972741
0.983314
0.994203
0.999259
1.00122
1.00214
1.0031
1.00426
1.00215
0.993305
0.986379
0.984231
0.983702
0.983847
0.985359
0.993638
1.00689
1.01476
1.01778
1.01913
1.02013
1.02085
1.01789
1.00788
0.999305
0.996047
0.9955
0.995936
0.998483
1.00986
1.02183
1.02671
1.02859
1.03016
1.03128
1.03095
1.02405
1.01095
1.00196
0.999274
0.99938
1.00219
1.01395
1.02512
1.02921
1.03135
1.03346
1.03493
1.02988
1.0213
1.20738
1.68378
0.910469
0.909395
0.910703
0.912448
0.91616
0.927019
0.942418
0.950229
0.953444
0.955217
0.955896
0.955292
0.950102
0.940173
0.934501
0.933133
0.933527
0.934436
0.93615
0.94076
0.951767
0.960244
0.964157
0.966864
0.96876
0.969917
0.970336
0.966816
0.958621
0.95341
0.952374
0.953051
0.954343
0.956104
0.961239
0.97191
0.979154
0.982475
0.98513
0.987305
0.988651
0.989014
0.984069
0.975082
0.970026
0.969174
0.969937
0.971307
0.973837
0.982509
0.993299
0.998664
1.00139
1.00391
1.00567
1.00678
1.00519
0.996583
0.987912
0.98419
0.983737
0.984432
0.985779
0.992127
1.00582
1.01519
1.01854
1.01982
1.02081
1.02177
1.02034
1.01097
1.00088
0.996267
0.995296
0.995756
0.997306
1.00751
1.02164
1.02827
1.03013
1.03104
1.03168
1.03143
1.02586
1.01235
1.00236
0.999549
0.999593
1.00141
1.01171
1.02273
1.0278
1.03093
1.0333
1.03272
1.03388
1.20874
1.68549
0.911261
0.910074
0.911159
0.913478
0.918733
0.92768
0.940111
0.950423
0.954307
0.955652
0.955562
0.953889
0.951479
0.946939
0.938442
0.934291
0.934014
0.935014
0.936688
0.939063
0.94336
0.954023
0.963703
0.967625
0.969175
0.969786
0.96982
0.970346
0.96906
0.962467
0.956951
0.955462
0.955432
0.955667
0.95668
0.960181
0.970969
0.981118
0.985683
0.98755
0.988396
0.989159
0.990131
0.987339
0.97891
0.973546
0.972213
0.971951
0.972108
0.973487
0.980261
0.992833
1.0011
1.00426
1.00561
1.00632
1.00741
1.00748
1.00105
0.991656
0.986885
0.985783
0.986125
0.987122
0.991401
1.00382
1.01447
1.01892
1.02072
1.02187
1.02266
1.02184
1.01427
1.00317
0.997034
0.995696
0.996432
0.998255
1.00675
1.02024
1.02732
1.02977
1.03102
1.03161
1.0316
1.02731
1.01406
1.00296
0.999389
0.999238
1.00029
1.00908
1.02015
1.02661
1.03102
1.03196
1.04169
1.21639
1.68832
0.916499
0.914867
0.916584
0.921508
0.927614
0.932153
0.93614
0.94282
0.948853
0.950915
0.950781
0.949814
0.949021
0.948549
0.946561
0.941378
0.938587
0.938902
0.940589
0.943098
0.945526
0.947852
0.954403
0.962764
0.966861
0.968621
0.970002
0.97149
0.972751
0.972375
0.966495
0.959526
0.956491
0.956423
0.957496
0.95915
0.961641
0.969894
0.980075
0.985179
0.98769
0.989993
0.991661
0.99272
0.990673
0.982436
0.975057
0.97213
0.972156
0.973196
0.974852
0.980014
0.991628
1.0002
1.00387
1.00635
1.00858
1.00993
1.01021
1.00485
0.994659
0.988385
0.986587
0.986433
0.986933
0.989928
1.00209
1.01455
1.01982
1.02166
1.02295
1.02408
1.02395
1.0175
1.00603
0.99936
0.997359
0.996808
0.997246
1.00393
1.01794
1.02645
1.02951
1.031
1.03182
1.03188
1.02824
1.01553
1.00373
0.999426
0.998554
0.998858
1.00638
1.01775
1.02623
1.02955
1.04506
1.22776
1.69159
0.925304
0.925402
0.928132
0.931464
0.933702
0.93497
0.934894
0.934396
0.93592
0.940326
0.944418
0.946793
0.948011
0.948933
0.950752
0.952251
0.951081
0.948027
0.94646
0.946257
0.945866
0.945611
0.946584
0.951128
0.960165
0.966731
0.969847
0.971398
0.972434
0.974031
0.975096
0.971811
0.964503
0.960608
0.959778
0.959416
0.959703
0.961161
0.967775
0.979546
0.987252
0.99046
0.991987
0.992834
0.993739
0.993276
0.98641
0.978477
0.975198
0.974682
0.974761
0.975476
0.978396
0.989236
1.001
1.0067
1.0088
1.00984
1.01055
1.01133
1.00788
0.997845
0.989954
0.987119
0.987317
0.988538
0.99101
1.00084
1.01386
1.02057
1.02292
1.02399
1.02474
1.02501
1.01992
1.00764
0.998883
0.996211
0.996223
0.997174
1.0027
1.01632
1.02634
1.03036
1.03148
1.03164
1.03137
1.02847
1.0173
1.00498
0.99943
0.997394
0.996969
1.0039
1.01675
1.02384
1.04541
1.23993
1.69472
0.934542
0.941334
0.942906
0.942194
0.939735
0.936559
0.931805
0.92722
0.925543
0.927272
0.933685
0.941408
0.94663
0.950872
0.955873
0.959979
0.961767
0.960366
0.954722
0.948973
0.945903
0.944984
0.944592
0.944888
0.947785
0.956794
0.965253
0.969623
0.97305
0.97599
0.977752
0.978747
0.976315
0.968581
0.962241
0.960049
0.960299
0.961274
0.962409
0.966201
0.977063
0.986112
0.990112
0.992257
0.994005
0.995515
0.996162
0.991767
0.982872
0.976684
0.974811
0.975381
0.976578
0.97894
0.987432
0.999549
1.00602
1.00858
1.01015
1.0115
1.01264
1.01097
1.00212
0.993298
0.989864
0.988954
0.988809
0.990146
0.998549
1.01245
1.0201
1.02276
1.02419
1.0251
1.02536
1.02156
1.0103
1.00116
0.997894
0.997227
0.997409
1.00118
1.01426
1.0252
1.02965
1.03091
1.03113
1.03094
1.02876
1.01913
1.00647
0.999212
0.9957
0.994582
1.00256
1.0139
1.04104
1.25121
1.69696
0.947012
0.95381
0.954369
0.952417
0.94588
0.936034
0.927348
0.921416
0.9197
0.920174
0.922494
0.930533
0.943246
0.953913
0.961307
0.965353
0.967287
0.968197
0.965686
0.957335
0.949052
0.944624
0.942543
0.942465
0.943439
0.946419
0.956066
0.967801
0.974041
0.976666
0.978279
0.979618
0.980881
0.980217
0.973342
0.965853
0.962713
0.961452
0.960877
0.961705
0.964703
0.975066
0.986507
0.992476
0.995193
0.997052
0.998485
0.999167
0.995642
0.985838
0.978743
0.976756
0.976849
0.977164
0.97843
0.985043
0.998504
1.00727
1.0107
1.0123
1.01364
1.01474
1.01361
1.00508
0.994579
0.989596
0.9888
0.989509
0.990936
0.997671
1.01167
1.02056
1.02357
1.02465
1.02571
1.02629
1.02385
1.01303
1.00232
0.99775
0.996785
0.996887
0.999322
1.012
1.02483
1.03015
1.03107
1.03065
1.02998
1.02862
1.02124
1.00845
0.998601
0.993169
0.992277
0.999626
1.03183
1.25918
1.69811
0.954498
0.959091
0.960043
0.958664
0.953189
0.940484
0.926095
0.919664
0.918678
0.919316
0.921139
0.924862
0.934996
0.952937
0.963521
0.967027
0.968615
0.969146
0.96857
0.965317
0.956231
0.946309
0.942901
0.942899
0.943994
0.945892
0.948987
0.957802
0.969248
0.975503
0.978511
0.980751
0.982355
0.983366
0.982883
0.976217
0.966395
0.961828
0.961304
0.962094
0.96354
0.966026
0.974505
0.987156
0.994458
0.997127
0.998209
0.998664
0.999421
0.998168
0.990252
0.981695
0.97793
0.977615
0.978671
0.980106
0.984659
0.996866
1.00724
1.01168
1.01332
1.01402
1.01487
1.01513
1.00884
0.998195
0.992581
0.991054
0.990947
0.991565
0.996263
1.00952
1.01997
1.02432
1.02576
1.0264
1.02668
1.02485
1.01508
1.00376
0.998149
0.99662
0.996685
0.998902
1.01087
1.02399
1.02923
1.02988
1.02958
1.02944
1.02888
1.02319
1.01015
0.997214
0.990308
0.987566
1.0186
1.2614
1.69757
0.954287
0.959076
0.95937
0.954627
0.94573
0.93703
0.929122
0.922636
0.920616
0.921166
0.924055
0.930778
0.939446
0.94964
0.960395
0.965889
0.967712
0.967107
0.964027
0.961231
0.958902
0.954237
0.948444
0.946398
0.946938
0.948494
0.950314
0.952299
0.958415
0.970244
0.97811
0.981147
0.982266
0.982086
0.981708
0.981652
0.978185
0.970193
0.965546
0.964628
0.965189
0.966335
0.967779
0.973796
0.98579
0.993502
0.996477
0.998482
1.00045
1.00171
1.0014
0.994558
0.985319
0.981062
0.980093
0.979718
0.980204
0.983229
0.994657
1.00616
1.01099
1.01336
1.01573
1.01701
1.01728
1.0119
1.00072
0.993224
0.990796
0.990632
0.991087
0.994393
1.00761
1.01982
1.02439
1.02561
1.02613
1.02658
1.02599
1.01816
1.00607
0.999314
0.997047
0.996332
0.997325
1.0086
1.02317
1.02891
1.0294
1.02892
1.02879
1.02883
1.02457
1.01122
0.995925
0.985308
1.00247
1.25596
1.69494
0.947678
0.951539
0.948921
0.94383
0.940182
0.937877
0.934592
0.93032
0.927983
0.929171
0.933825
0.939352
0.943092
0.94563
0.949793
0.955686
0.959167
0.959769
0.959529
0.959723
0.960111
0.960402
0.959015
0.955383
0.952661
0.952169
0.953203
0.955199
0.957012
0.959709
0.967567
0.975187
0.978605
0.980221
0.981754
0.983352
0.984375
0.982437
0.974948
0.968753
0.966614
0.966622
0.967241
0.968252
0.972192
0.983923
0.994219
0.99887
1.00078
1.00196
1.00295
1.00329
0.998199
0.988336
0.981878
0.979922
0.980299
0.981462
0.98383
0.993372
1.00655
1.01344
1.01573
1.01681
1.01742
1.01774
1.01395
1.00322
0.994533
0.991221
0.991076
0.991906
0.994893
1.00647
1.01889
1.02421
1.02598
1.02703
1.02759
1.02704
1.01979
1.0072
0.998974
0.995963
0.995529
0.997051
1.00805
1.02218
1.02744
1.02772
1.0277
1.02859
1.02919
1.02546
1.01084
0.991286
0.9936
1.24272
1.69157
0.936289
0.933851
0.932922
0.934411
0.936515
0.937544
0.938205
0.938966
0.940978
0.944254
0.946176
0.946818
0.946868
0.945786
0.942978
0.941547
0.943973
0.949918
0.955424
0.958821
0.961354
0.964167
0.96683
0.967886
0.965215
0.960617
0.958256
0.957319
0.955808
0.954877
0.955916
0.961864
0.97185
0.978693
0.98194
0.983696
0.985269
0.986723
0.986833
0.981403
0.973757
0.969421
0.968212
0.968662
0.96966
0.971639
0.980669
0.992292
0.998188
1.0007
1.00225
1.00356
1.00467
1.00235
0.993081
0.985156
0.982466
0.982107
0.982604
0.983964
0.991827
1.0051
1.01244
1.0151
1.01645
1.01755
1.0185
1.01652
1.00695
0.997166
0.993258
0.992319
0.99229
0.993799
1.00431
1.01863
1.02516
1.02656
1.0267
1.02698
1.02725
1.02227
1.00981
1.00024
0.996466
0.995621
0.996057
1.00583
1.02042
1.02596
1.02673
1.02729
1.02875
1.02931
1.02524
1.00534
0.995197
1.22621
1.68924
0.923706
0.916865
0.917934
0.923016
0.930583
0.936032
0.941273
0.949285
0.956408
0.959251
0.958608
0.955312
0.950387
0.943161
0.935162
0.931469
0.931637
0.935543
0.94519
0.95512
0.96231
0.96858
0.973388
0.975993
0.976819
0.973387
0.965425
0.958415
0.954344
0.9523
0.951768
0.952607
0.957328
0.968642
0.977838
0.982493
0.986137
0.989157
0.99111
0.991914
0.987636
0.978472
0.972227
0.969819
0.968522
0.968627
0.970227
0.977874
0.991063
0.999095
1.00242
1.00458
1.00626
1.00715
1.00544
0.99647
0.98713
0.983143
0.982527
0.983155
0.984105
0.989581
1.00322
1.01297
1.01674
1.01835
1.01945
1.02012
1.01866
1.00955
0.998583
0.993304
0.992319
0.992843
0.994561
1.0036
1.01713
1.02348
1.02549
1.02714
1.02823
1.02829
1.02368
1.01075
0.99937
0.994849
0.994382
0.995598
1.00497
1.01869
1.02415
1.02547
1.02689
1.02897
1.02979
1.01909
1.00821
1.2139
1.68844
0.913472
0.907154
0.907658
0.910476
0.918432
0.931352
0.946708
0.960988
0.96792
0.970235
0.970105
0.965424
0.954002
0.940596
0.931296
0.92779
0.927679
0.928838
0.932965
0.945125
0.961386
0.971881
0.977109
0.979578
0.980986
0.980664
0.976863
0.96567
0.955439
0.951171
0.95052
0.951198
0.952583
0.956417
0.968606
0.981746
0.988294
0.991341
0.993254
0.994632
0.99475
0.990811
0.979956
0.97127
0.968662
0.96883
0.969862
0.971563
0.977305
0.990571
1.00087
1.00477
1.00611
1.00677
1.00756
1.00738
1.00062
0.990414
0.984769
0.983285
0.983761
0.984859
0.989302
1.00216
1.01338
1.01773
1.01893
1.01933
1.02006
1.02004
1.01285
1.00154
0.99549
0.993661
0.993228
0.993866
1.00137
1.01647
1.02484
1.02683
1.02742
1.02762
1.02756
1.02431
1.01221
1.00009
0.995273
0.994803
0.995596
1.0035
1.01626
1.0221
1.02462
1.02701
1.029
1.02662
1.02248
1.21013
1.6892
0.909374
0.904883
0.905748
0.907451
0.910239
0.921152
0.947669
0.965956
0.971193
0.973086
0.973184
0.970031
0.959895
0.943116
0.931293
0.927717
0.927706
0.928953
0.932283
0.939589
0.955317
0.971594
0.977981
0.980272
0.980982
0.979815
0.97628
0.971292
0.962172
0.95412
0.951726
0.952129
0.953837
0.957071
0.961523
0.972054
0.984878
0.991246
0.993483
0.994068
0.993346
0.992566
0.990498
0.98235
0.974332
0.971491
0.971358
0.972185
0.973292
0.977363
0.989851
1.00027
1.00436
1.00638
1.00815
1.00929
1.00929
1.00338
0.992677
0.986388
0.984944
0.985274
0.985808
0.988382
0.99994
1.01167
1.01646
1.01875
1.0206
1.0216
1.02134
1.01495
1.00308
0.995441
0.993226
0.993442
0.994611
1.00091
1.01469
1.02275
1.0251
1.02637
1.02747
1.02798
1.02596
1.0145
1.00086
0.995162
0.994664
0.995042
1.00114
1.0132
1.02013
1.02419
1.02715
1.02703
1.03392
1.21431
1.69137
0.911566
0.906639
0.906926
0.908678
0.914474
0.929281
0.948411
0.963312
0.9701
0.972183
0.96971
0.960754
0.951946
0.945116
0.937761
0.932745
0.931948
0.934158
0.939975
0.947242
0.954095
0.963428
0.972392
0.976024
0.976054
0.973839
0.971213
0.969843
0.96894
0.965142
0.96009
0.958354
0.959169
0.960841
0.962412
0.964264
0.971562
0.982578
0.988529
0.99054
0.991553
0.992536
0.993535
0.993217
0.986238
0.97717
0.973135
0.972673
0.973605
0.974836
0.977523
0.98835
1.00052
1.00616
1.00794
1.00848
1.00894
1.00955
1.00634
0.996402
0.988358
0.985374
0.985223
0.98599
0.988053
0.998478
1.01214
1.0185
1.02023
1.02076
1.02139
1.02192
1.01769
1.00613
0.997598
0.994618
0.993648
0.993637
0.998243
1.01222
1.02244
1.02619
1.02769
1.02864
1.02888
1.02689
1.01581
1.00142
0.995005
0.993995
0.993984
0.99877
1.01027
1.01855
1.0243
1.02606
1.03997
1.22373
1.69432
0.917913
0.913215
0.913577
0.91742
0.927876
0.938047
0.944559
0.951954
0.958449
0.959786
0.956203
0.952298
0.950403
0.948996
0.946573
0.943571
0.942533
0.944975
0.949453
0.953017
0.954969
0.956186
0.958616
0.962597
0.965948
0.967973
0.969314
0.970653
0.972545
0.974175
0.97375
0.969839
0.966077
0.964439
0.964067
0.964067
0.964539
0.967503
0.976577
0.985564
0.990369
0.99231
0.993196
0.994004
0.994677
0.99079
0.982406
0.977179
0.975717
0.97611
0.977215
0.978556
0.985929
0.99797
1.00432
1.00694
1.00904
1.01055
1.01146
1.00924
0.999855
0.990863
0.987212
0.986861
0.987571
0.989121
0.99722
1.01014
1.01677
1.01945
1.02156
1.02285
1.02326
1.0195
1.00766
0.997323
0.993406
0.993052
0.993865
0.997812
1.01079
1.02204
1.02662
1.02807
1.02841
1.0283
1.02642
1.0166
1.00221
0.995229
0.993349
0.992566
0.996514
1.00788
1.01826
1.0228
1.04273
1.23517
1.69743
0.928766
0.92472
0.925479
0.93234
0.940116
0.943809
0.944977
0.94468
0.941106
0.939306
0.941413
0.945478
0.948556
0.950215
0.952864
0.956726
0.960124
0.961116
0.960114
0.958644
0.956528
0.951945
0.947344
0.94669
0.95075
0.95885
0.966206
0.971074
0.975427
0.980213
0.983372
0.983626
0.978911
0.971997
0.967081
0.963804
0.961129
0.96037
0.962193
0.970773
0.98263
0.989306
0.99225
0.994821
0.99724
0.998888
0.997113
0.988875
0.981405
0.978193
0.976719
0.976068
0.97704
0.982982
0.996397
1.0056
1.0089
1.01015
1.01106
1.0123
1.01211
1.00454
0.994165
0.989148
0.987783
0.987406
0.988246
0.994849
1.00926
1.01838
1.02122
1.02211
1.0226
1.02325
1.02141
1.01072
0.99967
0.995326
0.994254
0.994093
0.996282
1.00854
1.02084
1.02582
1.02733
1.02769
1.02754
1.02581
1.01739
1.00363
0.995762
0.992517
0.990777
0.994315
1.00713
1.0156
1.04176
1.24672
1.70012
0.93542
0.941161
0.946533
0.949221
0.949322
0.948519
0.945126
0.935075
0.925823
0.923517
0.926129
0.933906
0.943471
0.95131
0.960084
0.969834
0.975061
0.975839
0.972545
0.965477
0.956176
0.946358
0.939384
0.937663
0.938604
0.943612
0.955527
0.968444
0.978591
0.986168
0.989668
0.991244
0.990932
0.984251
0.972539
0.963382
0.958736
0.957418
0.957931
0.959913
0.968336
0.982844
0.992529
0.997194
1.00026
1.00215
1.00309
1.00136
0.992537
0.981879
0.976666
0.975947
0.976606
0.977791
0.982068
0.993999
1.00383
1.00829
1.01145
1.01368
1.01478
1.01441
1.00719
0.99564
0.989076
0.987617
0.98815
0.989271
0.994261
1.00736
1.0166
1.02021
1.02268
1.02419
1.02467
1.02283
1.0125
1.00021
0.994572
0.99344
0.993592
0.995262
1.00663
1.02012
1.02608
1.02749
1.02738
1.02655
1.02524
1.01891
1.00587
0.996235
0.990876
0.988326
0.992796
1.00421
1.03589
1.2567
1.70177
0.943495
0.959185
0.964236
0.96434
0.960059
0.952692
0.941322
0.926965
0.91759
0.915485
0.916263
0.919676
0.929782
0.947334
0.965789
0.97859
0.983344
0.984855
0.983912
0.977556
0.961457
0.944155
0.93698
0.935954
0.936754
0.938823
0.943882
0.959715
0.979614
0.988315
0.991276
0.992698
0.992959
0.991362
0.9835
0.968293
0.959405
0.957586
0.958172
0.959857
0.962878
0.970537
0.986071
0.996809
1.00071
1.00221
1.00308
1.00333
1.00195
0.993471
0.982885
0.978106
0.977056
0.977053
0.977622
0.980603
0.992948
1.0062
1.01168
1.01341
1.01412
1.01486
1.01531
1.01001
0.998674
0.991608
0.98928
0.988399
0.988575
0.9923
1.00611
1.01822
1.02258
1.02376
1.02404
1.02415
1.02294
1.01402
1.00198
0.995799
0.993976
0.993715
0.995077
1.00544
1.01922
1.02565
1.02696
1.02663
1.02572
1.02479
1.02026
1.0081
0.996055
0.98821
0.98565
0.989666
1.02554
1.26314
1.70235
0.9473
0.967584
0.971779
0.973163
0.972114
0.964034
0.943844
0.924502
0.916418
0.915042
0.915674
0.917505
0.921769
0.937329
0.96642
0.980601
0.984557
0.98605
0.984305
0.975249
0.960983
0.947552
0.939571
0.937573
0.938044
0.940477
0.946727
0.957412
0.973354
0.986223
0.990924
0.992344
0.991129
0.987047
0.982461
0.976504
0.967311
0.962325
0.961865
0.963495
0.966071
0.969213
0.975103
0.987904
0.996992
1.00027
1.00132
1.00157
1.00131
1.00065
0.995116
0.985246
0.979224
0.977625
0.978225
0.979943
0.983001
0.993045
1.00514
1.01071
1.01315
1.0152
1.0164
1.01668
1.01192
0.999902
0.991155
0.988528
0.988719
0.989803
0.993059
1.00517
1.0169
1.02133
1.02287
1.02381
1.02433
1.02394
1.01685
1.00452
0.996924
0.994337
0.993472
0.99375
1.00298
1.01798
1.02515
1.02625
1.02556
1.02476
1.02434
1.02137
1.01021
0.995706
0.9856
0.979994
1.01107
1.26315
1.70116
0.944604
0.967045
0.971701
0.972653
0.969371
0.957446
0.942622
0.929522
0.920852
0.918345
0.918927
0.921917
0.929435
0.942422
0.95858
0.973873
0.980195
0.980859
0.976158
0.968492
0.96182
0.955085
0.948256
0.944618
0.944691
0.948155
0.954491
0.959984
0.964809
0.973955
0.981993
0.984601
0.983715
0.982041
0.981125
0.980891
0.979326
0.974261
0.969977
0.968862
0.969646
0.971241
0.972882
0.975797
0.984555
0.993307
0.9973
0.998674
0.999015
0.999805
1.00098
0.998926
0.990311
0.983628
0.981627
0.981252
0.981424
0.982706
0.990887
1.00483
1.0126
1.01504
1.01582
1.01585
1.01589
1.01301
1.00265
0.994003
0.991077
0.990306
0.990192
0.991901
1.0032
1.01681
1.02289
1.0246
1.02508
1.0254
1.02485
1.01857
1.00562
0.996587
0.993145
0.992419
0.992932
1.00178
1.01722
1.02434
1.02495
1.02414
1.02391
1.02447
1.02276
1.01173
0.994637
0.980306
0.996164
1.25551
1.69817
0.935488
0.954465
0.962124
0.9631
0.959254
0.953164
0.946749
0.939062
0.931751
0.927607
0.927459
0.931379
0.940335
0.947741
0.951882
0.9574
0.963835
0.966281
0.965165
0.963553
0.962995
0.96246
0.960036
0.957182
0.956843
0.959285
0.962146
0.963757
0.964608
0.964125
0.964469
0.968491
0.973976
0.977949
0.980486
0.983326
0.986078
0.987291
0.985296
0.98052
0.976671
0.974621
0.973314
0.971728
0.971585
0.976586
0.986523
0.993537
0.997468
1.00096
1.00346
1.00477
1.00392
0.996405
0.987496
0.98303
0.982217
0.982869
0.983785
0.989054
1.00213
1.01045
1.01337
1.01504
1.01643
1.01726
1.0155
1.00574
0.995576
0.99115
0.990497
0.991114
0.992869
1.00217
1.01584
1.02266
1.02434
1.02435
1.02412
1.02428
1.02014
1.00793
0.997955
0.993609
0.992251
0.992367
1.00063
1.01607
1.02301
1.02358
1.02333
1.02391
1.02511
1.02361
1.0115
0.98905
0.989801
1.24107
1.69509
0.932541
0.937139
0.943005
0.947519
0.949185
0.949474
0.949703
0.949182
0.945995
0.942474
0.942179
0.945451
0.949324
0.951052
0.951465
0.947897
0.943867
0.945058
0.951287
0.957845
0.961764
0.9642
0.968321
0.972662
0.974676
0.973551
0.970918
0.967886
0.963376
0.955868
0.951508
0.952122
0.958405
0.969616
0.978717
0.984647
0.990051
0.994951
0.997245
0.995751
0.98867
0.979978
0.972712
0.967166
0.964846
0.965418
0.970158
0.983315
0.995551
1.00131
1.00414
1.00685
1.00901
1.00907
1.00186
0.99117
0.985436
0.982921
0.981379
0.981698
0.986055
0.999568
1.01077
1.01516
1.01659
1.01746
1.01829
1.01763
1.00965
0.998919
0.993702
0.991937
0.991034
0.991532
0.999171
1.01334
1.02064
1.02259
1.02397
1.0249
1.02525
1.02204
1.01018
0.998293
0.992639
0.991408
0.991637
0.999057
1.01451
1.02148
1.02228
1.02259
1.02432
1.02562
1.02363
1.00423
0.994205
1.22521
1.69319
0.932051
0.928192
0.923839
0.926054
0.934435
0.943683
0.949488
0.952463
0.956158
0.960225
0.961659
0.959783
0.956747
0.952989
0.947118
0.938048
0.931508
0.930925
0.934584
0.945195
0.956693
0.966254
0.976645
0.985297
0.988428
0.987836
0.982661
0.973569
0.961756
0.950908
0.945488
0.944818
0.946271
0.953028
0.968129
0.982995
0.993836
1.00036
1.00288
1.0038
1.00113
0.989714
0.974856
0.966314
0.963986
0.964221
0.965506
0.969877
0.983684
0.997567
1.00502
1.00931
1.01137
1.01225
1.01116
1.00297
0.989796
0.982252
0.980646
0.981051
0.981974
0.98543
0.998458
1.0108
1.01568
1.01786
1.01953
1.02035
1.01958
1.01197
0.999954
0.992678
0.99044
0.990265
0.990991
0.99745
1.01248
1.02184
1.02425
1.02481
1.02542
1.02574
1.02326
1.01171
0.998418
0.991931
0.990793
0.991321
0.998749
1.01293
1.01947
1.02092
1.02225
1.02471
1.02603
1.01714
1.00753
1.21496
1.69273
0.928468
0.919551
0.914145
0.91385
0.916766
0.927492
0.941759
0.953377
0.964572
0.973533
0.976498
0.975467
0.96919
0.958954
0.945859
0.93352
0.92772
0.927029
0.927979
0.930984
0.941594
0.962161
0.980564
0.990064
0.993389
0.994752
0.993506
0.985466
0.966178
0.950091
0.944753
0.944358
0.945279
0.947728
0.954994
0.976553
0.995121
1.00155
1.00358
1.00437
1.00277
0.996885
0.983604
0.970394
0.96551
0.965014
0.965933
0.96818
0.973587
0.989196
1.00409
1.00944
1.01112
1.01142
1.01057
1.00867
1.00148
0.989679
0.983427
0.982014
0.982405
0.98331
0.986534
0.998391
1.01146
1.0175
1.0192
1.01971
1.01982
1.01967
1.01429
1.00221
0.993966
0.991203
0.990764
0.99126
0.996768
1.01129
1.02088
1.02357
1.0245
1.02529
1.0258
1.02447
1.0137
0.998784
0.991832
0.990993
0.991239
0.996842
1.01031
1.01719
1.01984
1.02233
1.02448
1.02234
1.02151
1.21328
1.69367
0.929027
0.916569
0.913138
0.913147
0.913961
0.916125
0.924805
0.946795
0.966755
0.975641
0.978544
0.979891
0.979334
0.970371
0.949571
0.934263
0.928497
0.927752
0.928818
0.931584
0.937238
0.952258
0.977855
0.990386
0.993627
0.994312
0.991135
0.981517
0.968991
0.95643
0.948943
0.947242
0.948191
0.9512
0.95728
0.9685
0.987394
0.998301
1.00133
1.00091
0.99676
0.992115
0.987821
0.980758
0.972919
0.969779
0.970048
0.972347
0.97624
0.981771
0.993187
1.00324
1.00685
1.00739
1.00695
1.00635
1.00563
1.00215
0.993402
0.986459
0.984136
0.984292
0.985152
0.986917
0.997216
1.01047
1.01642
1.01826
1.01951
1.02046
1.02072
1.0161
1.00376
0.994353
0.991051
0.990562
0.990647
0.994944
1.00954
1.02014
1.02345
1.02503
1.02626
1.02642
1.02468
1.01359
0.997958
0.990759
0.990038
0.990607
0.995736
1.0078
1.01514
1.01939
1.02233
1.02198
1.03181
1.21836
1.69582
0.934638
0.919511
0.915712
0.915669
0.917113
0.920204
0.924783
0.934226
0.957187
0.972909
0.977307
0.97771
0.97419
0.966928
0.956901
0.943726
0.93543
0.933331
0.93424
0.936941
0.942311
0.95075
0.964386
0.9801
0.986335
0.986492
0.98278
0.978035
0.973633
0.967355
0.959671
0.955316
0.955069
0.958059
0.963887
0.969444
0.975121
0.984151
0.990248
0.991575
0.990848
0.990594
0.990783
0.989887
0.985324
0.979666
0.977363
0.977839
0.97939
0.980737
0.982313
0.987999
0.996478
1.00176
1.00422
1.00568
1.00713
1.00807
1.00655
0.998519
0.990332
0.986745
0.986279
0.987387
0.988766
0.995679
1.00894
1.01659
1.01896
1.01955
1.0199
1.02038
1.01738
1.00543
0.994645
0.990639
0.990273
0.991139
0.995373
1.00927
1.02062
1.02431
1.02521
1.02524
1.02506
1.0235
1.01346
0.998228
0.991358
0.990398
0.990193
0.994105
1.005
1.01335
1.01919
1.02086
1.03708
1.22793
1.69854
0.945847
0.932491
0.925389
0.922698
0.922951
0.924932
0.928455
0.93323
0.940952
0.956012
0.96597
0.968494
0.967751
0.966507
0.964494
0.95809
0.948538
0.942847
0.941939
0.944301
0.949783
0.954087
0.956402
0.961117
0.968918
0.973842
0.975336
0.975629
0.976099
0.976049
0.973636
0.969734
0.967855
0.968552
0.970222
0.971292
0.970956
0.969436
0.971261
0.977623
0.984415
0.98858
0.99069
0.992427
0.994307
0.994761
0.991927
0.987608
0.984108
0.981218
0.978014
0.976492
0.97936
0.989173
0.99894
1.00432
1.00716
1.0094
1.01146
1.01196
1.00616
0.996478
0.990654
0.988093
0.986452
0.986554
0.991667
1.00534
1.01441
1.01763
1.01949
1.02071
1.02134
1.01912
1.00816
0.997099
0.992818
0.992079
0.992114
0.994669
1.0076
1.01862
1.02232
1.02377
1.02454
1.02466
1.02318
1.01401
0.999513
0.992168
0.990211
0.989106
0.991951
1.00247
1.01286
1.01738
1.03958
1.23892
1.70138
0.953092
0.950129
0.940751
0.933662
0.93126
0.931672
0.933574
0.935009
0.935953
0.937177
0.943803
0.953592
0.96086
0.964434
0.965742
0.966762
0.964831
0.959645
0.956207
0.955647
0.956385
0.956872
0.954615
0.949742
0.948945
0.954528
0.964527
0.972185
0.976318
0.979092
0.982901
0.985794
0.984931
0.980725
0.976051
0.971467
0.965813
0.960128
0.958528
0.961242
0.97107
0.982351
0.989322
0.994841
1.00147
1.00541
1.00576
1.00087
0.991373
0.981587
0.974045
0.970424
0.970299
0.973289
0.985273
0.998817
1.00645
1.01161
1.01565
1.01759
1.01789
1.01136
0.997841
0.988042
0.984312
0.983459
0.983901
0.989073
1.00472
1.0162
1.01985
1.02118
1.02236
1.02306
1.02143
1.01087
0.99818
0.992461
0.99142
0.991605
0.993614
1.00575
1.01826
1.02337
1.02468
1.0248
1.02425
1.0224
1.01503
1.00151
0.993221
0.989526
0.987299
0.989768
1.00168
1.00992
1.03844
1.25017
1.70393
0.955174
0.955885
0.956823
0.953248
0.946402
0.941233
0.93837
0.935534
0.9308
0.927991
0.928123
0.932899
0.945844
0.959005
0.966176
0.969712
0.97342
0.97573
0.974047
0.96842
0.96224
0.956621
0.95038
0.943094
0.939815
0.940392
0.946299
0.959823
0.972088
0.981615
0.990849
0.996503
0.998064
0.995436
0.986985
0.975459
0.963973
0.956273
0.953955
0.954357
0.957043
0.967343
0.983192
0.99728
1.00671
1.01091
1.01233
1.01152
1.00292
0.986365
0.974008
0.96977
0.96953
0.970367
0.972999
0.985178
1.00314
1.01345
1.01735
1.01898
1.01988
1.01892
1.01032
0.994535
0.985573
0.983558
0.983743
0.984922
0.990401
1.00514
1.01666
1.02109
1.02278
1.02351
1.02365
1.02186
1.01172
0.998832
0.992941
0.991691
0.991843
0.993756
1.00458
1.01726
1.02292
1.02425
1.02416
1.02301
1.0216
1.01667
1.00447
0.994488
0.988346
0.984818
0.987636
0.998074
1.03231
1.26019
1.70557
0.95305
0.961255
0.965998
0.967457
0.964624
0.954581
0.943418
0.935118
0.929565
0.926038
0.925082
0.925691
0.928794
0.940712
0.957584
0.970095
0.978423
0.983394
0.984991
0.98321
0.974667
0.962227
0.950068
0.94207
0.939228
0.93944
0.940517
0.944219
0.958814
0.979775
0.993265
0.998627
1.00044
1.00138
0.999192
0.986233
0.966755
0.956728
0.954239
0.954536
0.955846
0.958611
0.97051
0.994542
1.00772
1.01137
1.01271
1.01213
1.00795
0.996221
0.980436
0.97224
0.970411
0.970886
0.972438
0.976448
0.991785
1.01025
1.01725
1.01897
1.01919
1.01734
1.01366
1.00561
0.993648
0.986767
0.985223
0.985755
0.98683
0.99106
1.0062
1.01852
1.02242
1.02341
1.02362
1.02315
1.02117
1.01296
1.00084
0.994384
0.992524
0.991755
0.992295
1.00214
1.01624
1.02267
1.02378
1.0233
1.02264
1.02175
1.01861
1.00767
0.994835
0.985291
0.981224
0.98316
1.02172
1.26665
1.70612
0.944949
0.9635
0.967259
0.968688
0.969431
0.967586
0.956947
0.941721
0.931546
0.926733
0.925641
0.926237
0.927689
0.930458
0.940762
0.963278
0.978924
0.983966
0.985632
0.985556
0.982498
0.971526
0.956419
0.945725
0.941422
0.941144
0.942477
0.945198
0.950056
0.966775
0.989004
0.99802
1.00015
0.999943
0.995729
0.987875
0.976289
0.963831
0.958185
0.957454
0.958647
0.961553
0.968297
0.983335
1.00099
1.00776
1.00894
1.00704
1.00373
1.00016
0.992293
0.981057
0.974971
0.973939
0.97547
0.97903
0.984566
0.997381
1.00997
1.01431
1.0146
1.01363
1.01299
1.01224
1.00648
0.995699
0.989378
0.987919
0.988673
0.991017
0.995334
1.00692
1.01748
1.02154
1.02244
1.02239
1.02238
1.02165
1.01459
1.00207
0.994357
0.991619
0.991042
0.991794
1.00097
1.01559
1.02277
1.02386
1.02293
1.022
1.02175
1.02023
1.00976
0.993719
0.98147
0.97462
1.00672
1.26632
1.70496
0.929432
0.953213
0.963208
0.966288
0.96668
0.965238
0.962559
0.955026
0.94228
0.932891
0.929437
0.929502
0.930986
0.933786
0.938141
0.946982
0.965446
0.977086
0.980375
0.980519
0.979448
0.977574
0.970276
0.957931
0.949029
0.94616
0.946682
0.949085
0.953168
0.95891
0.972175
0.986869
0.992422
0.992855
0.991621
0.990061
0.986331
0.976994
0.967099
0.963344
0.963845
0.967594
0.972831
0.976877
0.984324
0.994685
1.00006
1.0014
1.00137
1.00097
0.999909
0.993987
0.98526
0.981388
0.981741
0.984287
0.986454
0.987824
0.993026
1.00233
1.00818
1.01054
1.01138
1.01165
1.01182
1.00954
1.00205
0.995905
0.993521
0.992671
0.992165
0.993264
1.00227
1.0139
1.0194
1.02088
1.02098
1.02118
1.02132
1.01677
1.0047
0.99589
0.992091
0.990421
0.990305
0.998762
1.01499
1.02224
1.02263
1.02166
1.02127
1.0219
1.02076
1.00978
0.991018
0.974855
0.992793
1.25855
1.70201
0.927111
0.932783
0.945082
0.956477
0.96107
0.962316
0.962722
0.962868
0.958479
0.94718
0.938442
0.935724
0.93637
0.939307
0.942049
0.943237
0.945826
0.95733
0.969703
0.975446
0.977365
0.978109
0.978183
0.973365
0.962929
0.956002
0.954165
0.955185
0.957241
0.958578
0.959871
0.965885
0.977074
0.984607
0.98797
0.989241
0.989744
0.988551
0.982705
0.97656
0.974327
0.974795
0.975799
0.975717
0.974162
0.975851
0.984113
0.993053
0.997755
0.999509
1.00025
1.00099
1.00065
0.997641
0.993747
0.990832
0.987779
0.98335
0.98163
0.984696
0.995047
1.00433
1.00881
1.01145
1.01441
1.01642
1.01633
1.01004
1.00062
0.993977
0.990645
0.989226
0.989533
0.996956
1.01005
1.01719
1.0199
1.02181
1.02286
1.02324
1.01953
1.00705
0.995735
0.990447
0.989077
0.989374
0.998285
1.01446
1.02077
1.02078
1.02011
1.02059
1.02209
1.02037
1.00725
0.983476
0.987069
1.24393
1.69886
0.926575
0.926256
0.926825
0.934478
0.947579
0.956814
0.961028
0.962456
0.9636
0.963659
0.958344
0.950318
0.945862
0.944712
0.943939
0.940904
0.938954
0.939909
0.948191
0.963294
0.973202
0.977051
0.978385
0.979537
0.979226
0.973831
0.966885
0.962674
0.960401
0.957675
0.954485
0.953803
0.957073
0.968396
0.980491
0.987121
0.990203
0.993034
0.995546
0.994281
0.988041
0.981647
0.976837
0.972799
0.968593
0.966235
0.967548
0.976619
0.98914
0.99642
1.00082
1.00674
1.01128
1.01192
1.00729
0.997813
0.987721
0.980692
0.977086
0.97644
0.978957
0.990117
1.00301
1.01089
1.01591
1.02041
1.02271
1.02235
1.01452
1.00114
0.991427
0.986699
0.98499
0.985427
0.992905
1.00919
1.0191
1.02199
1.02324
1.02458
1.02528
1.02193
1.00839
0.995273
0.98976
0.988476
0.988415
0.996962
1.01317
1.01892
1.01915
1.01912
1.02089
1.02184
1.01929
0.997443
0.990797
1.22835
1.69675
0.925801
0.923831
0.921477
0.921292
0.925525
0.939267
0.953445
0.961724
0.967586
0.972607
0.974161
0.97029
0.959393
0.949273
0.94337
0.93996
0.936862
0.935279
0.935821
0.941571
0.957661
0.97134
0.978745
0.984286
0.987921
0.988708
0.983677
0.973181
0.963916
0.957449
0.953042
0.950463
0.950252
0.95227
0.962435
0.977636
0.988984
0.996809
1.0024
1.00459
1.00331
0.995024
0.983694
0.973705
0.966444
0.962556
0.961966
0.963353
0.971578
0.987182
1.00122
1.01096
1.01608
1.01781
1.01748
1.01038
0.995177
0.982134
0.97617
0.974725
0.974964
0.976723
0.987198
1.00449
1.01694
1.02296
1.02493
1.02548
1.02372
1.01312
0.996452
0.986972
0.984568
0.984523
0.98535
0.992746
1.01016
1.02058
1.02414
1.02566
1.02632
1.02582
1.02146
1.00726
0.993219
0.987718
0.987231
0.988203
0.99791
1.01249
1.01733
1.01798
1.01882
1.02064
1.02142
1.01092
1.00253
1.21791
1.69595
0.929239
0.922633
0.919324
0.918165
0.918702
0.921407
0.934111
0.954934
0.96945
0.975458
0.977878
0.979116
0.97648
0.96403
0.949817
0.941287
0.936517
0.934447
0.934614
0.935655
0.939588
0.955448
0.975505
0.986014
0.989488
0.990897
0.991481
0.98812
0.975877
0.962389
0.954154
0.950589
0.950178
0.950897
0.952347
0.960184
0.980103
0.996856
1.00328
1.00528
1.00636
1.00551
0.99655
0.980114
0.96792
0.962745
0.961874
0.962511
0.963988
0.972061
0.994571
1.01101
1.01616
1.01777
1.01804
1.01602
1.00642
0.989712
0.97833
0.974559
0.974335
0.975122
0.977939
0.993385
1.01499
1.02268
1.02442
1.02441
1.02258
1.0188
1.00839
0.994114
0.986553
0.984768
0.984926
0.986363
0.996771
1.01605
1.02429
1.02554
1.02551
1.02496
1.02382
1.01943
1.00569
0.992496
0.988062
0.988059
0.989411
0.998684
1.01086
1.01531
1.01674
1.01843
1.01984
1.01598
1.01708
1.21565
1.69665
0.938443
0.923838
0.919437
0.918598
0.919151
0.920785
0.924683
0.937533
0.961309
0.974511
0.978116
0.97912
0.978368
0.974441
0.962674
0.948344
0.938946
0.935359
0.935148
0.93609
0.938648
0.944283
0.960734
0.980272
0.988318
0.990548
0.990982
0.989312
0.984999
0.974263
0.961226
0.953475
0.951296
0.951728
0.953212
0.956425
0.965278
0.985568
0.999361
1.00343
1.00424
1.00326
1.00069
0.992629
0.977835
0.967437
0.964388
0.964713
0.966511
0.970798
0.981978
1.00148
1.01185
1.01438
1.01431
1.01294
1.01078
1.0024
0.987048
0.978155
0.976448
0.977651
0.982306
0.99022
1.00297
1.01548
1.01985
1.02045
1.01999
1.01915
1.01669
1.00657
0.993779
0.988161
0.987512
0.989428
0.993501
1.00298
1.01652
1.02193
1.0226
1.02232
1.02177
1.02102
1.01816
1.00642
0.994095
0.989682
0.989721
0.990722
0.997435
1.00771
1.01294
1.01595
1.01779
1.01587
1.02798
1.22078
1.69896
0.953928
0.933516
0.924293
0.922406
0.923354
0.926283
0.929977
0.933637
0.94179
0.959509
0.971003
0.974271
0.974876
0.974832
0.973347
0.963879
0.949334
0.941537
0.939963
0.941403
0.944774
0.948158
0.951261
0.960788
0.976345
0.984493
0.9867
0.987283
0.987607
0.985951
0.975702
0.962396
0.956283
0.955658
0.957974
0.961658
0.963849
0.968021
0.982852
0.995468
0.999782
1.00078
1.00102
1.00025
0.992681
0.978768
0.970873
0.969489
0.971247
0.974315
0.977056
0.983912
0.99796
1.00694
1.00984
1.01045
1.00993
1.00779
1.00035
0.989717
0.984861
0.985039
0.987109
0.988425
0.990708
0.999867
1.01114
1.01631
1.01761
1.01739
1.0158
1.01381
1.00831
1.00044
0.995874
0.994438
0.994336
0.99464
1.00037
1.01234
1.01851
1.0201
1.02027
1.02034
1.02025
1.01875
1.00969
0.997404
0.99185
0.990835
0.990611
0.994692
1.00389
1.01085
1.01533
1.01562
1.03371
1.23068
1.70175
0.958007
0.950347
0.939783
0.932821
0.930743
0.931192
0.932354
0.933447
0.934683
0.939165
0.953303
0.965738
0.970738
0.972185
0.971849
0.970313
0.965959
0.95735
0.951151
0.948886
0.948806
0.94937
0.949422
0.950186
0.955717
0.969586
0.980079
0.984284
0.985564
0.985575
0.985225
0.980321
0.970988
0.965332
0.963901
0.963905
0.962973
0.96288
0.965337
0.977259
0.990712
0.996917
0.99894
0.999479
0.999433
0.995663
0.986678
0.980237
0.9779
0.977325
0.976649
0.976213
0.979466
0.991436
1.00194
1.0064
1.00772
1.00822
1.00834
1.00577
0.999741
0.994376
0.990676
0.988351
0.987814
0.988257
0.994406
1.00559
1.01201
1.01397
1.01461
1.01619
1.0182
1.01708
1.0095
1.0005
0.994908
0.993004
0.992667
0.99617
1.00688
1.01461
1.01797
1.01993
1.02173
1.02249
1.0217
1.01412
1.00102
0.993425
0.990465
0.988427
0.990261
0.999953
1.00977
1.01358
1.03718
1.24234
1.70485
0.958804
0.961131
0.960416
0.951775
0.942097
0.936463
0.934005
0.933521
0.934065
0.934626
0.935541
0.943521
0.957047
0.965278
0.969143
0.973235
0.976596
0.976312
0.969211
0.959343
0.952632
0.949643
0.948967
0.948634
0.947773
0.949736
0.961099
0.974486
0.981536
0.985897
0.990631
0.992792
0.990139
0.979605
0.969431
0.964118
0.962481
0.961865
0.961151
0.961958
0.97066
0.985488
0.994145
0.99822
1.00212
1.00502
1.00415
0.995762
0.985752
0.979044
0.975156
0.973486
0.973021
0.975019
0.985312
0.997825
1.00479
1.00874
1.01257
1.01538
1.01465
1.00771
0.99783
0.990236
0.985848
0.983497
0.983485
0.988308
1.00015
1.00945
1.01487
1.01963
1.02386
1.02525
1.023
1.01254
0.999915
0.992809
0.989952
0.988802
0.990787
1.0011
1.01217
1.01895
1.02341
1.02549
1.02566
1.02429
1.01669
1.0024
0.992683
0.987912
0.984252
0.986022
0.998811
1.00718
1.03789
1.25422
1.70779
0.960107
0.964566
0.966713
0.967284
0.961338
0.949571
0.940856
0.936759
0.934397
0.93061
0.928657
0.929516
0.935876
0.952092
0.967239
0.975776
0.980438
0.983076
0.983676
0.977563
0.964799
0.955314
0.950544
0.946467
0.943025
0.942762
0.944609
0.955109
0.973374
0.986814
0.993464
0.996905
0.998404
0.996491
0.984936
0.971833
0.964957
0.961238
0.95787
0.957019
0.958017
0.965723
0.983143
0.997477
1.00513
1.00886
1.0104
1.00935
0.99999
0.986728
0.977754
0.973097
0.970666
0.969947
0.971233
0.980245
0.995833
1.00817
1.01563
1.01926
1.02046
1.0191
1.01021
0.996724
0.98665
0.981803
0.979789
0.979644
0.983134
0.996165
1.01139
1.02145
1.02627
1.02778
1.02791
1.02444
1.01173
0.996992
0.989064
0.986199
0.985134
0.986338
0.998299
1.01493
1.02422
1.02718
1.02723
1.02616
1.02394
1.01658
1.00149
0.990204
0.983861
0.980177
0.98463
0.996593
1.03354
1.26383
1.7096
0.950958
0.964767
0.967842
0.9695
0.97062
0.967792
0.956245
0.943011
0.933565
0.929008
0.927932
0.92861
0.929862
0.934499
0.951549
0.971228
0.98066
0.983833
0.985139
0.985894
0.982156
0.968222
0.953352
0.945147
0.942505
0.942591
0.943487
0.945406
0.954873
0.977241
0.992382
0.997265
0.998883
0.999773
0.998103
0.986882
0.971233
0.960855
0.95701
0.956589
0.957316
0.958825
0.966127
0.987291
1.00342
1.00865
1.01026
1.0108
1.00937
1.00071
0.986646
0.97538
0.969984
0.968961
0.969633
0.97114
0.980473
1.00168
1.01489
1.01878
1.02005
1.02024
1.01868
1.00971
0.994329
0.982936
0.97883
0.978564
0.979202
0.982818
1.00096
1.01953
1.02565
1.02707
1.02721
1.02639
1.02233
1.00829
0.992537
0.985672
0.98425
0.984152
0.987004
1.00421
1.02133
1.02635
1.02667
1.02555
1.02372
1.02123
1.01359
0.999078
0.986732
0.979094
0.976956
0.983769
1.02428
1.26817
1.70998
0.932586
0.955803
0.966649
0.970209
0.971483
0.971956
0.969658
0.957125
0.940133
0.931509
0.929602
0.930264
0.932603
0.935628
0.939823
0.953782
0.973539
0.982813
0.985245
0.986191
0.986193
0.981793
0.965543
0.950261
0.94483
0.944318
0.945597
0.948245
0.951852
0.960689
0.980431
0.9938
0.997734
0.998848
0.999044
0.997336
0.985782
0.968627
0.960093
0.958395
0.959229
0.961929
0.965909
0.97301
0.990053
1.00351
1.00788
1.00906
1.0095
1.00873
1.00041
0.983779
0.973219
0.97052
0.971099
0.973853
0.978319
0.9876
1.00466
1.01461
1.01743
1.01827
1.01857
1.01747
1.00761
0.990255
0.981231
0.979742
0.980843
0.984301
0.99157
1.0075
1.02001
1.0238
1.02453
1.02451
1.02362
1.01876
1.00342
0.990401
0.986362
0.986208
0.988003
0.994059
1.00974
1.02139
1.02394
1.02348
1.02124
1.0187
1.01645
1.01062
0.997411
0.983548
0.976334
0.974306
1.01204
1.26563
1.70805
0.924509
0.935629
0.95439
0.965702
0.968652
0.968789
0.967449
0.96527
0.957584
0.944805
0.937377
0.935632
0.936134
0.937143
0.938483
0.941747
0.954738
0.973209
0.981423
0.983127
0.982427
0.980536
0.977531
0.966914
0.955171
0.950401
0.949964
0.951044
0.952578
0.954556
0.961973
0.980195
0.992438
0.995962
0.996245
0.994366
0.992221
0.98536
0.973049
0.965845
0.964312
0.96511
0.966365
0.967798
0.973191
0.98944
1.00252
1.00676
1.00745
1.00591
1.00387
0.998562
0.986548
0.978621
0.976697
0.977285
0.978292
0.979665
0.987288
1.00386
1.01366
1.0163
1.01658
1.01525
1.01282
1.00481
0.992582
0.98678
0.986124
0.987213
0.988187
0.992433
1.00653
1.01825
1.02197
1.02248
1.02127
1.01843
1.01365
1.00375
0.995589
0.992279
0.991493
0.991414
0.994897
1.00888
1.01861
1.02046
1.01907
1.01621
1.0146
1.01418
1.0112
0.999136
0.984394
0.973549
0.997907
1.25776
1.70402
0.927709
0.930493
0.933113
0.946282
0.959478
0.965161
0.967197
0.968977
0.969806
0.96487
0.952136
0.94306
0.94003
0.940139
0.942104
0.943888
0.944989
0.950779
0.965802
0.976041
0.979557
0.981077
0.982663
0.982281
0.973813
0.96223
0.956444
0.955006
0.955502
0.956954
0.958166
0.961051
0.973443
0.985948
0.990911
0.99256
0.994536
0.99551
0.991753
0.981058
0.972586
0.968988
0.968432
0.969428
0.97074
0.973007
0.983903
0.996698
1.00195
1.00357
1.00541
1.00656
1.00404
0.994236
0.984995
0.98044
0.979203
0.979708
0.980842
0.986199
1.00009
1.00954
1.01247
1.01333
1.01429
1.01478
1.01032
1.00034
0.992978
0.989524
0.988575
0.988907
0.991859
1.00413
1.01438
1.0177
1.01801
1.01784
1.01779
1.0173
1.01232
1.00319
0.995848
0.992469
0.991849
0.994483
1.00618
1.01428
1.01597
1.01493
1.01366
1.01412
1.01555
1.01497
1.00419
0.983264
0.989387
1.24442
1.70094
0.929571
0.927981
0.926511
0.928169
0.939348
0.957266
0.967365
0.970229
0.971376
0.972453
0.971055
0.961194
0.950985
0.946838
0.945886
0.944355
0.941383
0.941037
0.945016
0.96062
0.975981
0.982115
0.983723
0.984811
0.985925
0.981762
0.970909
0.963169
0.960202
0.958791
0.95599
0.95415
0.955797
0.967305
0.984266
0.993061
0.995547
0.996851
0.998842
0.998354
0.989433
0.97864
0.97334
0.971281
0.96874
0.966653
0.968018
0.978814
0.995257
1.00391
1.00674
1.00887
1.01116
1.01032
1.00075
0.988972
0.982926
0.980801
0.979237
0.978486
0.982096
0.995803
1.00805
1.01368
1.01632
1.01905
1.02049
1.01697
1.00541
0.994982
0.990274
0.989116
0.988992
0.989947
0.999348
1.01045
1.01604
1.01902
1.0222
1.02428
1.02406
1.01803
1.00563
0.99635
0.992637
0.991834
0.992198
1.00018
1.00971
1.01354
1.01458
1.01668
1.01907
1.02006
1.01922
0.999564
0.992833
1.22889
1.69932
0.930198
0.926359
0.925734
0.926306
0.92771
0.935789
0.953783
0.965756
0.972275
0.977007
0.978846
0.978193
0.969006
0.956081
0.947662
0.942723
0.940271
0.939654
0.940335
0.943
0.956868
0.973561
0.98217
0.987965
0.991298
0.99223
0.988947
0.977372
0.966344
0.95899
0.954348
0.952323
0.952424
0.953925
0.963691
0.981545
0.992421
0.999075
1.00342
1.00483
1.00411
0.995142
0.982051
0.972508
0.966569
0.964294
0.964393
0.965936
0.975841
0.993534
1.00492
1.0116
1.01481
1.01571
1.01451
1.00487
0.99156
0.982244
0.977035
0.975658
0.976161
0.979435
0.992963
1.00804
1.01732
1.02197
1.02338
1.02368
1.02029
1.00871
0.997494
0.990544
0.986468
0.985332
0.986418
0.995349
1.00926
1.01942
1.02484
1.02639
1.02666
1.02633
1.02091
1.00842
0.997426
0.989928
0.986787
0.987355
0.995485
1.00882
1.01659
1.01946
1.02097
1.02276
1.02405
1.01487
1.00693
1.21792
1.69873
0.94245
0.931786
0.928862
0.927994
0.928358
0.929348
0.933729
0.949223
0.966948
0.975665
0.978373
0.979494
0.979749
0.974402
0.962277
0.951303
0.945005
0.94208
0.941506
0.942093
0.943617
0.952836
0.971798
0.985474
0.990398
0.992024
0.992891
0.991812
0.983568
0.970898
0.960822
0.955549
0.953931
0.954239
0.955266
0.96128
0.979143
0.99557
1.00223
1.00429
1.00526
1.00532
0.999318
0.985514
0.973218
0.967349
0.965824
0.966161
0.967258
0.974293
0.99337
1.00835
1.0135
1.01507
1.01587
1.01527
1.00772
0.993497
0.982589
0.978178
0.977338
0.977829
0.979863
0.991482
1.00934
1.01894
1.02189
1.02304
1.02344
1.02128
1.01181
0.99873
0.989862
0.986683
0.986343
0.987157
0.994124
1.01007
1.02101
1.02453
1.0258
1.02648
1.02627
1.02262
1.01035
0.995355
0.988095
0.987324
0.988126
0.994901
1.00889
1.01618
1.0198
1.02265
1.02445
1.01963
1.01849
1.21595
1.69956
)
;

boundaryField
{
    back
    {
        type            empty;
    }
    outlet
    {
        type            inletOutlet;
        inletValue      uniform 1;
        value           nonuniform List<scalar> 
99
(
0.833157
0.836663
0.840805
0.846279
0.852365
0.858588
0.864266
0.869327
0.873294
0.876269
0.878503
0.880293
0.881944
0.883573
0.885148
0.886721
0.888351
0.89007
0.891793
0.89354
0.89565
0.898189
0.901071
0.904173
0.907041
0.909119
0.910907
0.912685
0.914384
0.915535
0.916176
0.914974
0.910789
0.907019
0.906946
0.908079
0.909443
0.910975
0.912881
0.915307
0.920797
0.925924
0.926217
0.928169
0.929835
0.930599
0.929165
0.926486
0.92372
0.920639
0.915225
0.912204
0.913163
0.918286
0.925936
0.933189
0.944418
0.952071
0.952062
0.945776
0.936618
0.926562
0.916843
0.912661
0.914617
0.920497
0.930578
0.934896
0.939964
0.940031
0.937021
0.931871
0.932167
0.932849
0.930687
0.933335
0.939589
0.94882
0.953262
0.954863
0.950136
0.938301
0.925254
0.926674
0.927148
0.927021
0.931992
0.94316
0.958078
0.958947
0.958235
0.957844
0.945577
0.928225
0.923944
0.927462
0.930334
0.932393
0.946324
)
;
    }
    top
    {
        type            zeroGradient;
    }
    inlet
    {
        type            fixedValue;
        value           uniform 1;
    }
    bottom
    {
        type            zeroGradient;
    }
    front
    {
        type            empty;
    }
}


// ************************************************************************* //
