/*--------------------------------*- C++ -*----------------------------------*\
  =========                 |
  \\      /  F ield         | OpenFOAM: The Open Source CFD Toolbox
   \\    /   O peration     | Website:  https://openfoam.org
    \\  /    A nd           | Version:  12
     \\/     M anipulation  |
\*---------------------------------------------------------------------------*/
FoamFile
{
    format      ascii;
    class       volScalarField;
    location    "0.18";
    object      T;
}
// * * * * * * * * * * * * * * * * * * * * * * * * * * * * * * * * * * * * * //

dimensions      [0 0 0 1 0 0 0];

internalField   nonuniform List<scalar> 
22702
(
1
1
1
1
1
1
1.08718
1
1
0.879268
1.10385
1.08471
1
1
1
1
1
1
1.10402
1
1
1
1.082
0.931239
1
0.92457
1
1.09651
0.924498
0.929521
1
1.08792
1
1
1
1
1
1.0846
1
1
0.889915
1
1
1
1.09074
1
1
1
1
0.915553
1
0.928484
1
1.10386
1
1.09671
1
1
1
1
0.93931
1
1
0.930509
1
0.931203
1
1
1
0.897932
1
1.10513
1
1
1.11178
1.10914
0.93539
1.08628
0.877797
1
1.09858
0.889061
1.09896
1.08769
1
1
1
1
1
0.88994
1.09713
1
1
0.921425
1
1
0.925778
1
1
1
1
1
1.09845
0.921349
1
1
1
1
0.88751
1
1.09301
1.09881
1
1
0.971603
0.976163
0.884919
1
1
1
1
1
1
1
1
1
1.10435
1
1.1082
1.10263
1
1.09921
1
0.919583
1
0.945495
1
1
1
1
1.09942
1
1
1
1
1.10472
1
1.00795
1
1
1
1
0.886575
1
1.00303
1
0.878665
1
1
1
1.09729
1
1.08111
0.92759
0.930893
1.108
1.10124
1
1
1
1
1.10104
0.878229
1
1
1
1
1
1
1.09485
1
1.10642
0.929706
1.10086
1
0.931547
1
0.929149
0.924394
1
1
1
1.11982
1
1
1.10916
1
1.10432
1.10832
0.884299
1
1
0.86857
1.11139
1
1
1
1.1154
1
0.919874
1
1
1.11152
1.0049
1.10157
1
1
1
1
1
1
1
0.926936
1.1087
1.10921
1
1
1
1
0.860633
1
1.06112
1
1
0.922464
0.919571
1
1
1
1
0.94137
1
1
1
1
1
1.10609
1
1
1
1
1
1.09993
0.9376
1
1
1
0.923152
1
1
1
1
1
1
1
1
0.874074
1
0.922925
1.00035
1
1
1
1
1.09569
1
0.876136
1
0.864553
0.86273
1
0.931945
1
1
1
1
1
0.931228
0.928176
1
1
0.85814
1
1.10064
0.924077
1
1
1.09906
0.930457
1
1
0.931122
1.10413
1
0.868623
1
1
1
1
0.928955
1
1
1
1
1.03588
1
1
0.994731
1
1
1
1
1
1
1
1.09915
1
1.12072
1
1
1
0.932197
1
1.10479
0.924502
1
1
1
1
1.11904
1
1
1
1.08431
1
1
1.11811
1.11739
1
1
1
1
0.943777
1
1
1
0.925987
1
1
1
1
0.988853
1
1
1
1
1
0.91564
1
1.08707
1
1
1.1023
1.10655
1
1
0.885743
1
1.09766
1
1
1
1.10637
0.901066
1
1.08217
1
1
0.951725
0.958211
1
0.930802
0.923251
1
1
1
1
1
1
1
1.09124
1
1
0.92408
0.997412
1.10131
1
1.10988
1.09724
0.92711
1
1
0.925289
1
1.1234
1
1
1
1
1.11389
1
1
1
1
1
1
1
0.999994
1.09186
1
1.00086
1
1
0.879698
1
1
1
1
1.1084
1
1
1
0.931505
1.10694
1.10218
1
1.10887
1.10802
1.00126
1
1
1
1.10271
1
1.00501
1
0.926711
1
1.09547
1
1
1
1
0.876846
1
1
1
1
1.1066
1.09782
1
1.05946
1
1
1
1
1
1.10086
1
1.08286
1
1.04222
0.999998
1.02225
1.10504
1
1
1.00752
1.00593
1
1
1
1
1
1
1
1
1
1
1.09519
1
1
1
1.09729
1
1
1
1
1
1
1.0975
1
1
1
1
0.999999
1
1
1
1
1
1
1
1
1
1
1
1.09734
1
1
1
1.10896
1
1
1
1.11233
1.09417
1.10875
1.08461
1
1.10465
1
1
0.930855
1
1
1
1.11182
1
0.94204
0.934443
1
1
1
1
1
0.923192
1
1.00468
1.00052
1.09725
1
1
1
1
1
1
1
1
1
1
1
1
1
1
1
1
1
1
0.866063
1
1
1
1
1
1.09419
1
1
1
1
1.01673
1
1
0.925028
1
1
1
1
1
1
1.09774
1.10536
1
1
1
1.1031
1
1
1
1
0.923228
1.09695
1
1
1
1
1
1
1.10166
1
1
1
1
1
0.999999
1
1
1
1
1
1
1
0.925664
1
0.929217
1
1
1
1
0.926342
1
1
1
1
1.01945
1
1
0.984889
1
1
1
1
1
1
1
0.999999
1.03319
1
1
1
1
0.863014
1
1
1
1
1
1
1
1
1
0.918285
1
1
1
1.0962
1
1
1
1.00501
1
1
1
1
1
1
1.02726
1.04491
1
1
1
1
1.10854
1
1
1
1
1.08572
1.10359
1
1
1
1
1
1
1
1
1
0.929617
1
1
1.11952
0.922202
1
1.1191
1
0.866854
1
1
0.928292
1
1
1
1
1
1
1
1
1
1
1
1
1
1
1
0.999999
0.930627
1
1
1
1
1
1
1
1.04616
1
1
1.06455
1
1
1
1
1
1
1
1
0.925791
1
1
0.922767
0.925805
1
1
1.10316
1
1.00788
1
1
1
1
0.93279
1
0.935364
1
0.97551
1
1
1
1.1055
1
1
1.07919
1
1
1
1.03103
1
1
1.10686
1
1
0.927412
1
0.999994
1
1
1.09944
1.10319
0.999998
1
1
0.926692
1
1
1
1
0.931001
1
1
1
1.00334
1
1
1
1
0.999999
1
1
1.11925
0.894913
1
1
0.912278
0.917835
1
1
1
1
1
1
1
1
1
1
1
1
0.999994
1.08428
1.04393
1
1
0.927452
1
1
1
0.999994
1
1
1
1
1
1
0.925966
1
1.09985
1
1
1.10568
1
1
1.12163
1
0.922283
1
1
1
1
1
1
1
1.11898
1.10108
1
1.02095
1
1
1
0.923446
1.02712
0.93374
1
1
1
1
1
1.1003
1
1.10017
1
1
1
1
1
0.940197
1.08661
1
0.915839
0.94455
0.943193
1
0.999993
1.01455
1
1.08084
1
1
1
1
1.04962
1
1
1.07334
1.10557
1
1
1
1
1
1.10783
0.989002
1
0.976658
0.859806
0.885172
0.993422
1.08535
1
1.00139
1
1.05906
1
1
1.09916
1.11989
1
1.12175
1
1
0.935398
1.11498
1.11322
1.11856
1.06596
0.988843
0.994902
1.02826
1.10389
1.03977
1.09379
1
1
1
1.09186
1
0.925013
1.11789
1.10312
1
1
1
1
1.10704
0.917761
1.07618
1.08536
1.099
1.05753
1
1
1
1.10606
1
0.995078
1.01047
0.927499
1.10354
1
1
1
1
1.10721
1.0249
1
1
1.01237
0.925402
1.09013
0.861128
1
1
1
0.883418
1.00024
0.954708
1
1.06225
1.00045
1
1
1
1
1.00002
0.924137
1
1
1
0.985797
1
0.921933
1
1.08485
0.952039
1
0.864815
1
1.00031
1
1.09385
1
1
1
1
0.936043
1
1.09074
1
1
1
1
1
1
1.09197
1
0.999996
0.885415
1
1
1
1
1.10421
1
1.10822
1
1
1.09106
1
0.999995
1.02819
1
0.999999
1
1.09181
1
1.01257
1
1
1
1
1
1
1
1
0.933719
1
0.926228
1
1
1
1.09784
1
1
1
1
1
1.03486
1
1
1.09097
1.09025
0.929044
1.09017
1.10244
1
1
1
1
1
1.10043
1.09393
1
1.10636
1.09249
1.09431
1.00295
1
1
1
1
0.984673
1
1
1
1
0.937008
1
1
1
1.08632
1
1
1
1.11135
1.02705
1.00019
1
1
1
1
1
1
1
1.08863
1.08754
1
1.02179
1
1.10339
1.08743
1.10176
1
1.08585
1.09068
1
1.1031
1
1
1
1.09514
1.08191
1.10294
1
1.09852
1
1
1.09278
1.08086
0.918692
1.09799
1.08479
1
1
1
1
1
1
1
1
1
1.10696
1
1
1
1
1.07721
1.04016
1
1
0.999996
1
1
1
1
1.07118
1
1.08478
1.08582
1
1
1
1.08161
1
1
1
1
1.10873
1.08529
1
1
0.932552
1.10263
1.07624
0.99997
1
0.936509
1.09485
1.06782
1
1
0.929982
1.09117
1.1003
0.929497
0.921569
1
1
1.08787
1
1
1
1
1.11035
1
1
1
1
1.08952
1.00278
1.08143
1
1.10369
1.10277
1
1
0.923499
1
1.08913
1.1048
1
1
1
1.11967
1
1.08991
1.10296
0.970819
1
1
0.999983
1
1
1
1.08704
1.10264
1
1
1
1
0.999997
1
1.09146
1.08939
0.955603
1
1
1
1.0863
1.09073
1.09641
1
1
1
0.999998
1
1.09636
1.0978
1.0083
1
1.09727
1
1
0.998719
1.0918
1.01155
1
1
1
1.12248
1
1
1
1.10443
0.999999
1.11852
1
0.999305
1.09111
1.09574
1.00754
1
1.04179
1
1.09118
1.11052
1.11344
1
1.00005
1
1.0009
1.00433
0.999997
1.12053
1
1.01917
1
1
1
1
1
1
1.01981
1
1
0.999999
1
1.11824
1
1
1
1
1
1.09599
1
1
1
1.02015
1.09346
1.05329
1.00017
1
1.04865
1.00001
1
1
1.01372
1
1
1
1.12233
1
0.999995
1
1
1.05075
1
1.1057
1.10531
1
1
0.969173
1
1
1
0.928715
1
1
1.09109
1
1.10398
1
1
1
0.932789
1.02318
1.09132
1
1
1
1
1
1.00277
1
1
1.0898
0.999999
1
1
0.930182
1
1
1
1
1.06959
1
1
1.1205
1
1
1.00001
1
1
1.09004
1
1
1
1
0.930442
0.8967
1
1
1
1
1.00051
1
1.06457
1
1
1
1
1
1.10597
1
1
1
1.1067
1
1.12016
1
1
1
1
1
1.08658
1
0.930063
1
1
1.09969
1.08479
1
0.929981
1
1
1
1
1
1
0.999854
1.09869
1
1
1
1
1.08956
1
1.09304
1
0.999251
1.07786
1
1
1
1
1
1
1
1
1
1
1
1
1
1
1
1.06365
1
1
0.999915
1
1.09301
1
1.10206
1
1.09159
1
1
1
1
1
1
1
1
1
1.02258
1.00176
1
1
1
1
1
1
1
1
1
1
1
1
1
1
1
1
0.945894
0.999538
1
1.10138
1
1
1
1
1.00141
0.926972
1
0.999864
1
1
0.999538
1
1
1
1
1
1.11838
1
1.11919
0.921205
1.00009
1
1.09259
1.03177
1
1
0.999993
1
0.942242
0.923299
1
1.0895
1.10741
1
1
1
1
1
0.999957
1
1
0.930536
1
1
1.09581
1
1
1
1.1036
1
1
1
1
1.10574
1
1
1.09179
1
1
1.06147
0.900106
1.10291
1
1
1
1.1062
1
1
1
1.10252
1
1
0.936436
1
1
1
1
1
1
1
1
1
0.929754
1
1
1
1
1
1
1.11799
1.11875
1
1
1.09015
1
1
1.09034
1
1
1
1
1.0998
1
1
1
1.10256
1
1
1
1.10406
1
1
1
1.09284
1.12017
1.11371
1
1
1
0.957347
1.10306
1.10209
1
1.1204
1
1.08757
1
1
1.10613
1
1
1.10226
1
0.929809
1
1
1
1
1
1
1
1
1
1.10158
0.951463
1
1
1
1
1.08861
1
1.10523
1
1
1
1.10408
1
1.00001
1
1
1
1
1
1
1
1
1
1.09254
0.915781
1
1
1
1.11864
1
1
1.12161
1
1
1
1
1.06976
1.09975
1.10637
1
1.10582
1
1
1.10869
1
1
1
1
1
1
1.09819
1.09935
0.999998
1
1
1.11668
1
0.999997
1
1.08815
1
1
1
1
1
1
1.08681
1.07568
1
1.10348
1
1
1
0.95725
1
1.10777
1
1
1.09519
1
1
1
1
1.10829
1
1
1.00672
0.91266
1
1
1.1013
1.10076
1
1.10773
1.09753
1
1.00009
1
1
1
1
1
1.1008
1
1
1
1.09111
1
1
1
1
1
1
0.935808
1.08686
1
1
1
1
1.11062
1.10553
1
1.10323
0.912927
1.0897
1
1
1
0.917356
1
1
1
1.08846
1
1
1
1.10207
1
1
1
1
1
1
1.09643
1
1
1
1
1
1.11647
1
1
1.10424
1
1
1
1
1
1
1
1
1.01312
1
1
1
1
1.06078
1.09764
1
1
1
1
1
1
0.924479
0.93162
1.00532
1
0.999991
1
1
1
1.00351
1
1.07181
1
1
1
1
1
1
1
1
1.08433
1
1.08649
1.10725
1
1
1.09875
1
1
1
1
0.937893
1
1.10543
1
1
1
1
1
1.09053
1
1
1
0.937109
1
1
1.08854
1.12202
1
1
1
1
1
1.11943
1
1
1
1
1
1
1
1
1
1.10452
1
1
0.930137
1.08707
1
0.999999
1
1
1
1
1
1
1.00246
0.933313
1.01179
1.107
1
1
1
1
1
1.10831
0.919844
1
1
1.00043
1.07672
1
1
1
1
1
0.925901
1
1
1
1.08964
1
1
1
1
1
1
1
1
1
1.11149
0.913386
1
1
1
1
1
1
1
1
1
1
1
1
1
1
1
0.92668
1
1.09568
1
1
1
1
1
1
1
1.1177
1
0.989226
1
1
1
1
0.926148
1
1
1
1
1
0.920641
1
1
1
1
1
0.92092
1
1.1198
1
1
1
1
1
1
1
1
1.09328
1
1
1
1
1
1
1
1
1
1
1
1.03873
1
1.04125
1.10154
1
1
1
0.926962
1
1
1
1
1
1
1
1
1
1
1
1
1.09852
1
1
1
1
1
1
1.08559
0.984883
1
1
0.99911
1
1
1
1
1
1
1.04451
1
1
1
1
1
0.897255
1
1
1
1.0797
1
1
1.11682
1
1
1
1
1
1
1
1.09872
1
1
1
1
0.998859
1
1
1
1
1
1
1
1
1
0.933433
1
0.94725
1
1
1
1
1
1.11605
1.00331
1
1
0.975311
1
1.09746
1.00001
1
1
0.917852
1
1
1
1
1.02847
1
1
1
1
1
1
1
1
0.91108
1
1
1
1
1
1
1
1.10281
1
1.08027
1
1
1
1
0.999977
1
1
1
0.919398
0.999854
1
0.878765
0.927146
1
1
0.999998
1
1
1
0.913183
1.08344
1
1
1
0.909535
1.09264
1
0.895495
1
1.00036
1
1
1
1
1
1
1.09011
1
1
1
1
1
1.09821
1
1
1
1
1.09677
0.999999
1.10978
1
0.910578
1.00007
1
1
1
1
0.920347
1
0.926224
1
0.999965
1
0.999388
1
1
1
1
1
1.07833
1
1
1
1
1
1.10431
1
0.927126
1
1
1
1
1
1.08933
1
1.10432
1
1
1
1
1
1
1
1
1
1
1.09618
1.08548
1
0.869262
1
1
1
1
1.09729
1
1
1
1.08935
1
1.01698
1.08912
1.04853
1.09774
1
1
0.892021
1
0.999995
0.999984
1
1.08962
1
1
1.00115
1
0.959114
1.02011
1
0.999999
1.05357
1.09465
1
1
1
0.968382
1
1.08817
1.08718
1
1.07722
1
1
1
1
1
1.08832
1
1
1
1
1
1
1
0.999993
1
1.09792
1
1
1
1
1
1
1
1
1
1
0.965513
1
1.09587
0.917628
1
0.999998
1
1
1.08731
1
1
1
1
1
1.09518
0.956844
1
1
1.0353
0.999999
1
0.999999
1.09657
1.11408
1
1
1.10396
1
1
1.08173
1
1
1.09772
1
1.08852
1
1
1
1
1
1
0.963562
1
1.09063
0.999994
1
1
1
1.09092
1
1
1
1
0.999988
1
1.00001
1
1
1
1
1.08339
1
1.08517
1.08142
0.999995
1
1
1.0009
1
1
1.09945
1
1
1
1
1
1
1
1
1.01755
1.06638
1
1
0.907211
1
1
0.966768
1.09697
1
0.999995
1
1.09571
1
0.882538
1
1.00001
1.09753
1.0876
1
1
1.0057
1
0.999994
1
1
0.949422
1
1
0.999153
1
1
1
0.887935
1
1
1
1
1
1.08441
1
1.09258
1
0.889228
1
1
1.08863
1
1
1
1
1
1.09235
1
1
1
1
0.913684
1
1
1
1.0975
1
0.999999
1.02164
1
1
1
1
1
1
1
1
1
1
0.906665
1
1
1
1
1.11128
1
1
0.88437
0.855122
1
1
0.999999
0.914847
0.865689
1
1
1
1.00189
0.930198
1.0003
1
1
0.999999
1
1
1
1
1
1
1
1
1.11469
1.07378
1
1.02994
1
1.10409
1
1
1
1
1
1.11519
1
1
1
0.999182
1
1
1
1
1
1
1
1.00912
1.08878
1
1
0.919802
0.999996
0.919697
0.929612
1
1.09014
1.09136
1.09575
1
1.0846
1
0.86541
1
1
1
1.0014
1
1
1.08579
1
1.04324
1.09009
1
1
1
1
1
1.09807
0.928899
1
1
1.03741
1
1
1
1
1
1.08866
1
1
1
1
1
1
1
1
1.08967
1
0.923461
1
1
1
1
1
0.999708
1
1
1
1
1.0112
1
1.08769
0.887436
1
0.999894
1
1
1.00001
1
1
0.999993
1
1
1
0.961046
0.892758
1
1.09787
1
1
1
1
1
1
1
1.00645
0.906041
1
0.999512
1
1
1
1
1
1
1.09261
1
1
1
1
1
1
1.01984
0.922957
1
1
1
1
1
1
1
1
1
1
1
1.08495
1
1
1
1
1
0.945108
1.0921
1
1
1
1
1
1.09722
1
1
1
1
1
1
1.09616
1.12149
1.0466
0.915636
1
1.00199
1.11492
1
1
1
1
1
0.912154
1.00058
0.889235
1
0.930086
0.859992
1
0.923712
1
1
1
1
1
1.09338
1
1
1.05583
1
0.891448
0.996241
0.999998
1
1
1.0929
1
1
1
0.960587
1
1
1
0.999994
1
1
1
1
1
1
1
1.08969
1
0.905474
1
0.999998
0.927883
1
1
1
1
1
0.999663
1
1
1
1.10409
1
1.10576
1
1
1
1
1.05579
1
1
0.922988
1
1
1
1
1
1
1
0.922599
1
1
0.943162
1.00031
1
1.0918
0.926946
1
0.935045
1.09506
1
1
1
1
1
1
1
1
1
1
1
1
1
1
1.09536
0.924958
1
1
1
1
1
1
1
1
1
0.856685
1
1
1.0921
1
1
1.04744
1
0.926332
0.925602
0.973119
0.922171
1
1
0.933857
1.00015
1.10947
0.999146
1
1
1.09558
1
1
1
0.997993
1
1.04623
1
1
1
1
1
0.931235
1
1
1
1
1
1
1
1
0.935986
1
1
0.923895
1
1
1
0.998749
0.860685
1
1
1
1
0.89815
1
0.93094
1
1
1
0.925392
0.925899
1
0.997265
1
1
1
1
1
1
1
1.09422
1
1
1
1
1
1
1
1
1
1
1
1.00543
1
0.999606
0.973767
1
1
1
1
1
1
1
1
1
1
1
1
1
1
1
0.920425
1
0.999582
1.11559
1
1
1.00412
1.09308
1
1
1
0.906917
1.11394
1
1.09417
1
1
1
0.922364
1
0.924061
1
1
1
0.923382
0.900974
1
1
1
1
1
0.860014
1
1
1
1.00166
1
0.925871
0.999999
1
1
1
1
1
1
1
1
1
1
1
1
1
0.881979
1
1.08797
1
1
0.999997
1
1
1
1
0.999993
1
1
0.924989
1
1
1
1
1
1
1
1
1
1
1
1.08947
1
1
1
1
1
1
1
1.0006
1
1
1
1
1
1
1
1
1
1
1
1
1
1
1
1
1
1.09835
1
1
1.09862
0.861701
1
1
1
1
1
1
1
1
1
1
1.10359
1
1
1
1.08841
1
1
0.999914
1
1
1
1
1
0.91249
1.00004
1
0.998893
1
1
0.954754
1.10281
1
0.881158
1
1
1
0.925977
1
1
1.09021
1.10216
1
1
1
1
1.05928
0.885502
1
1
1
1
1.0964
0.920837
0.999273
1
1.09166
0.940526
1
1
0.868918
0.999731
1
1
1
1
1
1
1
1
1
1.00003
1
1
1
1
1
1
1
1
1
0.919828
1
1
1
1.00441
1
1
1
1
1
0.937737
1
0.939189
1
1
1.00002
0.952916
0.96098
1
1.00137
1
1
1
0.921683
1
1
1
1
0.923039
0.877042
1
1
1
1
1
1
1
1
1
0.877221
1.09463
1
1
0.927004
1.01999
1
1
1
1
0.863062
1
0.966661
1
1
1
1
1
0.896847
1
1.09324
1
0.894719
1
0.869571
1
1.00226
1
1.10677
1
1
1.10487
1
1
1
0.999145
1
0.999483
1
1.10079
1
0.902371
1
1.12177
0.999751
1
1
1.00263
1
1
0.925768
1
1
1
1
1
1
1
1
1.00409
1
1
1
1
1
0.923368
1
1
1
1
0.858456
1.09854
1
0.924991
1
1
1
1
1
1.10384
1
0.867441
1
1
1
1
1
1
1
1
1
1
1
1
1.1062
1
1
1
0.934918
1
1
1
0.866431
1
1
1
1
1
1
1
1
1
1
1.11701
1.09413
1.10384
1.092
1.09225
1
1
1
1
1.10193
1
1
1
0.935471
0.999999
0.999971
1
1
1
1
1
1
1.02051
1
1
1
0.948664
0.999998
1
1
1.10964
1
1
1
1.09095
1
1
0.999206
0.936177
1
1
1
1
1
1
1
1
0.917727
1
1
0.99844
0.926897
1
1
1
1
0.934565
1
0.875607
1.09932
1
0.870697
1
1.0068
1
1.09739
0.942234
1
1
0.933576
1
0.936306
1
1
1
0.937217
1
1.09192
0.93822
1
0.865046
1
1.09578
1
1
1
1
0.955563
1
0.999908
0.937604
1
0.999849
1
0.93868
1
1
1
1
1.06865
1
1
1
1
1.12196
1
1
1.08966
1
0.929936
1
0.92322
1
1
1
1
1
1
1.03318
1
1
1
1
0.867287
0.933528
1
1
1
1
0.928366
1
1.03292
1
1
1.0973
1
1
0.925218
1.12232
1
0.921047
1
1
1
1
1
1
1
1
1
1
0.947081
0.99983
0.941527
1
1
1
1
1.02814
1.09456
1
1
0.892793
1
1
1
1
1
1
1
1.09201
0.911954
1.10414
1
0.927028
1.09627
1
0.930038
1.00626
1
1
1
0.911633
1
0.916079
1
0.999275
0.923673
1.11365
1
1
1
1
1
1.10401
0.868217
1
1
0.867698
1.00001
1
0.957467
0.89567
1
1
1
1.09281
1
1
0.942174
0.910781
1
1.12125
1
1
1
1
1.09682
1
1
1.09568
1
1
1
1
1
1
1
1
1
1
1.09844
1.08717
1
1
1
1
1
1
1
0.927197
0.957477
0.925303
1
1
1.09205
1
1
1.10152
0.88362
1
1.09731
1
1.09638
0.938511
1
0.883651
1
1
1.09781
1
1.10355
1
1
0.881861
1
1
1
0.919344
1
1
1
1
1
1
1.12042
1
0.919507
1
1
1
1
1
1
1
1.01384
1
1.09394
1
1
1
0.999689
1
1.09296
1
1
1.09921
1
1.10227
1
1.10724
1
1
1
1
0.920268
1.08509
1
1
1.05192
1
1
1
1.08972
1
1
1
1
1
1.03767
1.02556
1
1
0.964829
1
1
1
1
1.00001
1
1
1
1.09924
0.940994
0.999989
1
1.09796
1
1
1
1.10747
1.09045
1
1
0.940832
1
1
0.999995
1.10199
1
1
1
1
0.921585
1
1
0.999994
1.01472
1
1
1
1
1
1
1
0.999982
1.10457
1
1
1
1
1
1.07761
1
1
1
1
1
1.10222
0.925789
0.999654
1
1
1
0.867976
1.10178
1
1
1
1
1
1
1
1
1
1.08732
1.08102
0.918657
1.00108
0.885206
1
0.877812
1
1.08831
1.02606
1
1
0.999996
1
1.10072
1
0.999011
0.920646
1
1
1.11934
1
0.999209
0.87563
1.10997
1.12094
1
1
1
1
1
1
1
1
1
1.09177
1.00001
1
1
0.933656
1
1
1.09401
0.882729
1
0.927687
1.09072
1
1
1
0.925806
0.926037
1.00176
1
1
1.09812
1
1
1
1
1.09787
0.870623
1
1
1.00004
1.09216
1.00004
1.01767
1
1
1
1
1
1
0.931435
1
1
1
0.932907
1
0.998463
0.940026
1
1
1.09321
1
1
1
1.08491
1
1
1.11527
1.09854
0.993919
1
1
1
1
1.01041
1
1
1
1
1
1.11956
1
1
1
1
1.09376
1.00006
1
0.92365
1
1
1
1.0014
1
1
0.983344
0.918532
1
1
1
1.10255
1
1
1
1
1
1
0.940163
1
1.11971
1
1
0.934899
1.08716
1
1
1
0.884964
1
1.09162
1
1
0.919351
1
1
0.999901
1.11822
0.845753
0.924648
1
1.11
0.928542
0.923139
1
0.93111
1
1
1
1
0.889156
1
1
1
1
1.11951
1
1
0.940583
1
1
1
0.931714
1.10416
1
1
0.999256
1
1
1
1.09596
1
1
0.911111
0.925622
1
1
0.92613
1
0.999985
1
1
1.11881
0.999237
1
0.999259
1.1196
1
1
1
1
1
1
1.09662
1
1.04366
1
0.936827
1.09033
1
1
1.10478
1
1
1
1
0.951688
1
1.06501
1
1
1
1
1
1
1
1.00299
1
1
1
1
1
1
0.889286
1
1
1
1
0.937164
1
0.927907
1
1.09436
1.09916
0.936919
1.10364
0.893497
0.999807
1
0.931321
1.00165
1
1
0.999546
1
1
1
1
1
0.925512
1
1
1
1
1
1.10257
0.99598
1
1
1
1.0044
1
1
1
1.03818
1
1
1
1
1.00967
1.08443
1
0.914707
1
1
0.973465
0.924921
1
0.849291
1
1
1
0.999535
1.00482
1
0.999843
1
1
1.08921
1
1
1
1
1
1
1
1
1.09165
0.934884
1
0.999169
1.09253
1
1
0.938504
1
1
0.925864
1.04918
1
1
1
1
1
1
0.872264
0.930528
1
1.10003
1
1.05365
1.11495
0.923974
1.10079
1
1
0.963204
1
1
1
1
1
1
1
1.00036
1.09299
0.934314
0.927102
1.1143
1
1.00598
1.05288
1
1
1
1
1
1.11145
1.11685
1.09669
1
1
1.10318
0.928783
1.01011
0.855092
1
0.929812
1
0.933352
1.0003
0.859948
1
0.992989
0.936539
1
1
1
0.999705
1
1.11349
1.09219
1.09072
1
1
1.09613
1
1
1.09834
1
0.881036
1
0.926358
1
1.09165
1
1
1.00413
1.09663
1
0.999694
0.929677
1
1
0.925151
1.026
1
1
0.999976
1.08751
1.0951
1
1
1
1
1
1
1
1
1
1
1.10511
1
0.953342
1.09131
0.921489
0.928083
0.958237
1
1
1
1
1.09896
0.999781
1.00001
1.10493
1.10803
1
1.08944
1
1
1
1.09391
1
1.00001
1
1.07436
0.866201
0.931657
0.999402
1
1
1
0.928469
1
1
1
0.874786
1
1.03624
1
1.11521
1
1
1
0.999846
1
1.09662
1
1
1
1.09335
0.963733
1
1.00036
0.937444
1
0.886643
1
1
1.02356
1.104
1
1
1.00011
1
1
0.911438
1
1
1
1
1
1
0.910615
1
1.00038
1
1.06609
1
0.95963
0.999484
0.936957
0.879515
0.932217
1
1
1
0.999859
0.973311
0.932684
1
1
0.999921
1
1
1.10081
1
1
0.931686
1.09693
0.935023
1
1
1
0.999084
0.941684
1
1.08656
1
0.939006
1
1
1.12003
1
1
1.09489
1
0.928482
0.921503
1
1
0.936099
0.937017
1.11372
1.00001
1
0.938575
0.941732
1.10557
0.999999
1.1141
1.11866
1.04588
1
1
1.12087
1
1
1.05282
1
0.932932
0.999763
1
0.92343
1
1.00668
1
1
1.10197
1.09778
1
1.09267
1
0.922805
1.10769
1
1.11972
1
0.930632
0.922246
1.08813
1
1
1
0.920283
1.09726
1
1
0.925777
1
1
0.919288
1
0.891383
1.10371
1
1.00037
0.934384
1
1
1
1
1
1
1.01926
0.922766
1
1
1
1.08873
0.920686
1
1.09763
0.90814
0.892957
1
1
1.12064
1
1
1
0.999999
0.883709
1
1
0.925376
0.945648
0.923266
1
1
1
1
1
0.937892
1
0.91997
1
1
1
1
1
1
1
0.996563
0.999891
1.00001
1
0.920973
0.92695
1
1
1
1
0.981171
1
1.09672
1
0.934877
0.93038
0.998381
0.930824
1
1.00724
1
0.933399
1
1
1
0.860719
1
1
1.09211
0.921188
1
1
1
1.1175
1
1
1.0122
1.04193
0.926558
1.00018
0.939953
1
1
0.98093
1.02661
1
0.999991
1
1
0.886475
1
1.02757
0.999976
0.920622
1
1.06958
0.993355
1.0195
1
1
1
0.926657
1
0.920827
0.925407
1
1.0168
0.925484
0.999988
0.977831
0.938082
1.10439
1
1
1.04188
0.897264
1
0.925854
0.999714
1.11207
1
1
1
1
0.943334
1
0.99999
1
1
1.01564
1
0.987427
0.971188
1.09861
1.03257
1
0.980971
1.1028
1.10279
1.02775
1
1.09955
1.01967
0.992774
1
1
1
0.925479
1
0.985462
0.988282
1
1
0.927884
1
1.01928
0.863796
0.913069
0.997566
1
1.01895
1.10838
1.09857
1
1
1
0.92532
1
1
1
1.10846
0.936646
0.999985
0.999997
1.01181
1.03114
1.05631
1
1
1
1
0.942173
0.979462
1
1
0.970351
0.946034
1
1
1
0.917366
1
1
1.1091
1
1.00427
1.0678
1
1.07468
1
1
1.09829
1
0.880712
1.09812
0.999999
1
1
0.9329
0.999968
1
1
1
0.962049
1.00683
0.862321
1
1.09721
0.858561
1
1
1
1
1
1.01127
0.882341
1.02507
0.862583
0.926171
1.00284
1
0.999944
1.00859
1
1
0.950015
1.00253
1
1
1
1
1.10336
1
1.09808
0.999994
0.999945
0.924668
1
1
0.911911
1
1
1
1
1
1.00246
1
1
0.872156
1
1
1
1
1
0.928407
1
1
1
1
1.09499
0.927202
0.969579
0.948776
1
1.08634
1
1
1.10663
1
0.9414
1
1
1
1
1
0.925254
1
1.09532
1
1
1
1.10312
0.885829
1
1
1
1
1
1
1
1
1.0966
1.09859
0.9339
1
0.857814
1
1
1
1
1.11178
1
1.00783
1.00002
1
1
1.09778
0.854232
1
0.847874
1
1
1.10467
1
1
0.878475
1.10494
1
1.09947
1
1
1
1
1
1
0.918457
1.09737
0.994587
1.00256
1
0.933601
0.883629
0.914685
1.07855
1
1
1
0.999223
1
1.03594
1
1.11548
0.882286
0.923673
0.945208
1
1.09045
1
1.00884
0.935103
1
1.09583
1.10854
0.999963
1
1.08977
0.922566
1.08385
1
1
0.923209
1.00009
1
1
0.844864
1
0.990669
1.01117
1
1
1
1
1
1
1
1
1.12054
1
0.9275
1
0.959036
1
1
1
1
0.988654
1
0.874515
0.999827
1
0.937923
1
1
1.09435
0.860616
0.936967
0.998688
1
1
0.898097
1
0.924773
1
1
1
1.09603
0.999998
1
0.925051
0.969302
1
0.993402
0.865975
1
0.919632
0.999995
0.903258
1
1.00002
0.986423
1.11938
1.09241
1.0063
0.999991
1
1
0.97472
1
0.866799
1
0.932029
0.921576
1
1
1
0.878041
1
1
1
1
1
0.938549
1.0876
0.999998
1
0.863524
1.09446
1
1
1
1
1.08859
0.867577
1
1
0.923286
1
0.870613
0.930586
1
0.969241
0.999895
1.04763
0.887155
1
1
1
1
1.10313
1
1
1.0851
0.960391
1
0.928477
1
1.09241
1
1
0.919051
0.899789
0.856072
0.986469
0.921084
1
0.999826
1
1
1
1
1.09212
0.908071
1
1
1
0.999811
1
0.993785
1
1
1
1.09096
1
1
1.10122
1
1
1.10806
0.926653
1
1
0.879933
1.08967
1.00002
1
0.994396
1
0.855486
1
1.09339
1
1
1.09564
1
1
1.10083
1
1
1
1.09322
1
0.979713
0.982055
1
0.858168
1
1
1
0.975463
1
1.10295
1
1
1
1
0.921871
1
0.930741
1
1.09175
1.09182
1
1.09699
0.922214
1
0.927464
1.05074
1.01428
1.08784
1.09202
0.981685
0.862509
1
1
1.09657
1.09174
1
0.986855
1
1
1.08594
1
1
1
1
1
1
1
1.03078
1
1
1
1
1
1
1.00002
1.10875
1
1.1092
1.07148
0.920592
1.10402
1.01214
1.05165
1
1
1
0.857804
1
1
1
1
1.01018
1
0.845926
1
0.840357
1.09589
1.03972
1
1
1
1
1
0.934935
0.985052
1
1
1
1
0.950732
1.09668
0.935389
1
1.01581
1
1
1
1.00233
1
1
0.933711
0.998795
1.09354
1
1
1
0.880909
1
1
1
1
0.859746
1
1.09484
1
1.00749
0.944386
1.0924
1.00008
1
1
1.08887
1
1
1
0.999994
1
1
1
0.999999
1.00186
1
1
1
1
1
1
1
1.08939
1
1
0.860266
1
1
1
1.09266
1
1
1
1
1.09559
0.992654
1
1.0915
1
1.00019
1
1.09656
1
1.02175
1
0.925914
1
1.00444
1
1
0.999995
1
1.08784
1
1.10018
0.897875
0.869975
1.09293
1
1.04728
1
1.09335
1
1
1
1.07415
1
1
1.08753
1
0.897262
1.09167
0.996499
1
1
1
1.09448
1
1
1.09311
1
0.858155
1
1.01021
1
1.02763
1
1
1
0.926299
0.999997
1
1.11276
1
1
0.860148
1
1.1036
1.00001
1
1.09752
1.10111
1.09886
0.930038
1.10169
0.999121
1.09316
1.01964
1
1
1.11085
1
1
1
1
0.918766
1
1
1.09372
1.00216
1
1
1
1.10187
1.09412
1
1.08578
1
0.864681
1
1.00005
1.04605
0.842968
1
1
1
0.856571
1
1
1.09591
1
1
0.997752
1
1.09008
1.00002
1
0.84529
1.09268
1
1.08568
0.999998
1
1
1
0.929041
1.00069
1.08076
1.10832
1.0981
1
1.091
1.09066
1.06727
1.09671
1
1
0.882214
1
1.09281
0.992127
1.10812
1
1
1
1
1
1
1
1
0.838694
0.993556
1.09086
1.10968
1
1
1
1
1
1
1.00263
1.00091
0.995956
1
1
1
1
1
1.05705
1
1.0986
1.11449
0.925488
1
1
1
1.10314
1
0.999873
1
1.09344
1
1
1
1
1
1
1
1
1.08925
1.09787
0.999996
1
0.841259
0.905915
1
1.00766
1
0.933599
1
1
0.999995
0.914505
1
1
0.999504
0.927568
1
1.08953
1
1
1
1.09392
0.980888
1
1.09164
1.10853
1
1.09129
1
1
1
1
0.935835
1
1.03912
1
1
0.934063
1
1
1
0.864414
0.936771
1
1
1
0.854206
0.97302
1
1.04885
1
1
1
1.10219
1
0.926146
0.999984
1.09048
1
1.0803
1
1
1.11202
1
1
1
1
1
1
1
0.999806
1
1
0.884488
1
1
1
1.01684
1
1
0.999994
0.934557
1
1
0.864991
1
1
0.987541
1
1.09805
1.06335
1
1.09021
1
1
1
1
1
1
1.09152
1
1
1
0.920738
1
1
1.09138
1
1
1.0872
1.0573
0.972645
1.09676
1.10305
1
1
1.09122
1.09026
1
1
1
1.07472
1
1.094
1
1
1.08997
1
0.927395
0.979705
1
1
1
1
1.08734
1
1
0.999668
1
1.0638
1
1
1
1
1
1
1.08419
1
0.999999
1.09291
1.088
1
1.01033
0.982803
1.09764
1
1.00022
0.926997
1
1
0.997504
1
1
1
1.07711
1
1
1
0.928454
1
1
1
1
1
1.08852
0.999854
1
1.10211
1
1.09735
1
1
1
1
1
0.939673
0.863742
1
1
1
1
0.943334
1
1
1.09353
1
1
1
1
1
1
1
1
1.08857
1.0941
1
1.09494
1
1.09185
1
0.999453
1
1
1
1
1
1
1
1
1
1
1
1
1
1
1
1
1
0.890415
1
1
1
1
1
1
1
1
1
0.948613
1
1.0961
1
1.09288
1.09204
1
1
1
1
1.10618
1.09735
1.02678
1.08583
1
1
1
1
1
1.02243
1
1
1
0.934611
1
1.04123
1
1
1
1
1.10287
1.09717
1
1.09849
1
1
1
1
1
1.09152
1.01763
1
1
1
1
1.00004
1
1
1
1
0.967736
1
1
1
1
1
1
1
1
1
1
1
1
1
1
1
1.09428
0.97987
1
0.925546
1
1
1
1
1
1
1
1
1.09213
1
1
1
1
1.08187
1
1
1.11118
0.918991
1
1
1.00034
1
1
1
1
1
1
1
1
1
1
1
1
1
1
0.923387
1
1
0.999994
1.00167
1.01678
1
1.09359
0.999999
1.0833
1
1.10951
1.0602
0.999994
1
1
1
1
1
1
1.09707
1
0.999999
1
1.09172
1.11248
1.09589
1.08557
1
1
1
1
1.01492
1.02215
1
1
1
0.999122
1
1
0.999723
1
1.10393
1
1.10375
1.09461
1
1.05888
1
1
1
0.943869
1
1
1
1
1.10852
1
1
1
1.09831
1.08505
1.08632
1.03601
1
1
1
1.09251
1
1
1
1.10054
1.09728
1
1
1
1.09163
1
1
1
1
1
1
1
1
1.09548
1
1
1
1
1
0.999997
1
1
1
1
1
1
1
0.945435
1
1
1
1
1
1
1
1.10541
1
1
1
1.09025
0.915022
0.867064
1
1
1
1.10362
1.09003
1
1
1
1
1
1
1
1
1
1
1
0.93575
1.09159
1
1.0989
1
1
1
1
1
1
1
1
1
1
1.09254
1
1
0.999999
1
1
1
1
1
1
1
1
1
1
1
1
1
0.905886
1.11081
1
1
1
1
1.11177
1.00001
1
1
1
1
1
1.01415
1
1
1
1.09294
0.924731
1
0.922017
1
0.884915
1.09296
1
1
1
1
1
1
1
1
1
1
0.953695
1
1
1
1
1
1
1
1
1
1
1.09263
1
1
1
1
1
1
1
1
1.0871
0.916527
1
1
1
1.10969
1
1
1
1
1
1.09286
1
1
1
1
1
1
1
1
1
1
1.10725
0.998735
1
0.999998
0.999641
1
1
1
0.920574
1
1
1
1.1101
1
1
0.90459
0.986856
0.865527
1
1
1
1.1126
1
1.0431
1
1
1
1
0.865122
1
1
1
1.086
1
0.923248
1
1
1
1.11696
1
0.99985
1
1
1
1
1
1.10001
0.94791
1
1.09211
1
1
1.10752
1
1
1
1
1
1
1
1
1.03368
1
1
0.954932
1
1
0.999634
1
1
1
0.908546
1.01377
1
1
1
1
0.999999
0.999911
1
1
1
1
1.09557
1
1
1
1
1
0.999999
1
1
0.862241
1
1
1
1
1
0.920481
1
1
1
1
1
0.999907
1
1
0.999996
1
1
0.927338
1
1
1
1
1
1
1
1
1.10193
1.00021
1
1
1
1
1.09448
1
1
1
1
1
1.12105
1
1
1
0.95917
1
0.978298
1
1
1
1
1
1
1
1.09213
1
1
1
1
1
1
1
1
1
1
1
1
1
1
1.10221
1.00001
1
1
1
1
0.919034
1
1.08164
1
1
1
1
1
1
1
0.87109
1
1
1
1.08898
1
1
1
1
1
1
1
1
1.09139
1
1
1
1
1.09263
1
1.0985
1
1.08798
1.08585
1
1
0.87151
1
1
1
1
1.08933
1
0.876024
1
1
1
1
1.02522
1
1
1
1
0.851448
1.00601
1
1
1
1
1
1
1
1
1
1
1
1.00648
1
1
1
1.1045
1
1.00012
1
1.09142
1
1
1
1
1
1
1.06213
1
1
1
1
0.855745
1
1
1
1
1.00024
1
1
1
1.00421
1.09139
1
1
1
1
1
1.09241
1
1
1
1
1
1
1.00442
1
1
1
1
1
1
1
1
1
1
1
1
1
1
0.889594
1
1
1
1
1
1
1
1
1
1
1
1
1
1
1
1.09675
1
1
1
1
1
1
1
1
1.10189
1
1
1
0.883684
1
1
0.86168
1
1
1
1
1
1
1
1
1
1
1.10374
0.932197
1
1
1
1
1
0.853831
0.846937
1
1
1
1
1.10386
1
1
1
1
1
1
0.856431
1
1
1
1.09426
1
1
1
1
1
1
1
1
1
1
1
1
1
0.999999
1
1
1
0.872108
1
1
1
1
1
1.10224
1.08907
1
1
1
1
1
1
1
1
1
1
1
0.868015
1
1.10175
1.08995
1
1
1
1
0.934486
1
1
1
1
1
1
1
1
1
0.924636
1
1
1
1
1
1
1
1
1
1
0.924281
1
1
1.03866
1
1
1
0.999954
1
1
1
1
1
1
1
1
1
1
1.12019
1
1
1
1
1
1
1
0.954152
1
1
1
0.870976
0.888276
1
1
1.0947
1
1
1
1
1.02491
1
1.0917
1
1
1
1
1
1
1
1
1.00008
1
1
1
1
1
1
1
1.01369
0.837853
1
1
1
0.904743
1
1
1
1
1
0.871245
1.10303
1
1
1
1.10135
1.09264
1.02003
1
1
1.06877
1
1
1
1
1
1.00074
1
1.01052
1
1
0.999999
1
1
1.09232
1
1
1
1
1
0.999995
1
1
1
1
1
1
1
1
1.10058
1
1
1
1.10522
1
1.00118
1
1.09271
1
1
1
1
1
1
1
1
0.947465
1
1
0.92111
1.09741
1
1
1
1
1
1
1
1
1
1
1
1
1
1
1.08813
1
1
1
1
1
0.938371
1
1
1
1
1
1
1.09035
0.918502
1
0.88859
1
1
1
1
1.04641
1
1.01682
1
1
1
1
1
1.09256
1
1.00042
1
1
1
1
1
1
1
1
1.08833
1
1
1
1
1
1
1
1
1
1
1
1
1.07544
1
1
1
1
1
1
1
1
1
1
1
1
0.86787
1
1
1
1
1
1
1
1
1
1
1
1
1
1
0.92331
1
1
1
1
1
1
1
1
1
1
0.90974
1
1
1
1
1
0.999857
1
1
1.08726
1
1
1
1
1
1
1
1
1
1
1
1
1
1
1
1
1.09691
1
1
1
1
0.999999
1
1
1
1
1
1
1
1
1
1
1
0.859654
1.05067
1
1.10012
1
1
1
1
1
1
1
1
1
1
1
1
1
1
1
1
1
0.999996
1
1
1
1
1
1
1
1
1
1
1
1
1
0.999927
1
1
1
1
1
1
1
1
1.03129
1
1
1
1
1
1
1
1
1
1
1
1
1
1
1
1
1
1
1
0.956772
1
1
1
1
1
1
1.09559
1
1
1.08954
1
1
1
0.923216
1
1
0.999092
1
1
1
1
1
1
1
1
1
1
1.02944
1.00265
1
1
1
0.955382
0.874026
1
0.999992
1
1
1.00731
1
1
0.864932
1
1
1
1
0.999927
1
1
1
1
1
1.03564
0.999999
1
1
1
1
1
1
1
1
1.04701
1
1
1
1
1.09203
1
1
1
1
1
1
1.02117
1
1
1
1
1
1
1
1
1
1
1
1
1
1
1
1
1
1
1
1
1
0.892869
1
1.08979
1
1
1
1
1
1
1
1
1
1
1
1
1
1
1.00093
1
1.09252
1
0.999995
0.918785
1.08751
1
1
1
1
0.928293
1
1.05629
1
1.08342
1
1
1
0.999997
1.05164
1
1
1
0.883195
1
1
1.00793
1
1
1.06571
1
1
0.98569
1
1
1
1
0.999997
1
1.06753
1
1
1
1
1.08883
1
1
1.09031
1
1
1
1
1
1
1
1
1
1
1
1
1
1
1
1
1
1
1
0.970348
1
1
1
1
0.999895
1
1
1
1
1
1
1
1
1
1
1
1
1
1
1
1
1.08509
1
1
1
1
1
1
1
1
1
1
1
1
1
1
1
1
1
1
1
1
1.0654
1
1
1.08615
1
1
1
0.936575
1
1
1
0.944038
1
1
1
1
1
1
1
1
1
1
1
1.08653
1
1
1
1
1
1
1
1
1
1.09274
1
1.10037
1
1
1
1
1
1
1
1
1
1
1
1.02826
1
1
1
1
1
1
1
1
1
1
0.922302
1
1
1
1
1
1
1
1
1
1
1
1
1
1
1
1
1
1
1
1
1
1
1
1
1
0.926618
1
1
1
1
1
1
1
1
1
1
1.00013
1
1
1
1
1
1
1
0.920118
1
1
1
1
1
1
1
1
1
1
1
1
1
1.09719
1
1
1
1
1
1.11018
1
1.09305
1
0.910751
1
1
1
1
1
1
1
1
1
1
1
1
1
0.884483
1
1
1
1
1
1
1
1
1
1
1
1
1
1
1
1
1
1
1
1
1
1
1
1
1
1
1
1
1
1
1
1
1
1
1
1
1
1
1
1
1
1
1
1
1
1
0.91037
1
1
1
1
1
1
1
1
1
1
1
1
1
1
1
1
1
1
1
0.966067
1
1
1
1
1
1.0878
1
1
1
0.999999
1
1
1
1
1
1
1.09807
1
1
1
1
1
1
1.08319
1
1
1
1
1
1
1
1
1
1
1.09156
1
1
1
1
1
1
1
1
1
1
1
1
1
1
1
1
1
1
1
1
1
1
1
1
1
1
1
0.999925
1
1
1
1
1
1
1
1
1
1
1
1.01069
1
1
1
1
1
1
1
1
1
1
1
1
1
1
1
1
1
1
1
1
1
1
1
1
1
1
1
1
1
1
1
1
1
1
1
1
1
1
1
1
1
1
1
1
1
1
1
1
1
1
1
0.999991
1.08551
1
1
1
1
1
1
1
1
1
1
1
1
1
0.999996
1
1
1
1
1
1
1
1
1
1
1
1
1
1
1
1
1
1
1
1
1
1
1
1
1
1
1.00562
1
1
1
1
1
1
1
1
1
1
1
1
1.09265
1
1
1
0.999999
1
1
1.08982
1
1
1.04202
1
1
1
1
1
1.09888
1
1
1
1
1
1
1
1
1
1
1
1
1
1
1
1
1
1
1
1
1
1
1
1.07369
1
1
1
1
1
1
1
1
1
1
1
1
0.865788
1
1
1
1
1
1
1
1
1
1.08695
1
1
1
1
1
1
1.08452
1
1
1
1
1
1
1
1
1
1
1
1
1
1
1
1
1
1
1
1
1
1
1
1
1.10536
1
1
1
1
1
1
1
1
1
1
1
1
1.00002
1
1
1
1
1.0811
1
1
1
1
1
1
1
1
1
1
1
1
1
1
1
1
1
0.990834
1
1
1
1
1
1.08767
1
1
1
1.08518
1
1
1
1
1
1
1
1
1
1
1
1
1
1.10739
1
1
1
1
1
1
1
1
1
1
0.907972
1.08788
1
1.10226
1
1
1
1
1
1.00329
1
1.09986
1
1.10247
1
1
1
1
1
1
1
1.08941
1
1
1
1
1
1
1
0.999353
1
1
1
1
1
1
1
1
1
1
1
1
1
1
1
1
1
1
1
1
1
1
0.940895
1.08478
1
1
1
1
1
1
1
1
1.08797
1
1
1
1.09711
1
1
1
1
1
1
1
0.940346
1
1
1
1
1
1
1
1
1
1
1
1
1
1
1
1
1
1
1
1
1
1
1
1
1
1.08381
1
1
1
1
1
1
1
1
1
1
1
1
1
1
1
1
1
1
1
0.999547
1
0.912796
1
0.920421
1
1
1
1
1
1
1
1
1
1
1
1.08836
1.10127
1
1
1
1
1
1
1
1
1
1
0.996212
1
1
1
1
1
1
1.09857
1
1
1
1
1
1
1
1
1
1
1
1
1
1
1
1
1
1
1.11188
1
1
1
1
1
1.09269
1
1
1
1
1
1
1
1
1
1
1
1
1
1
1
1
1
1
1
1
1
1
1
1
1
1
1
1.01055
1
1
1
1
1
1
1
1
1
0.999978
1
1
1
1
1
1
1
1
1
1
1
1.08149
1
1
1
1
1
1
1
1
1
1
1
1
1
1
1
1
1
1
1
1
1
1
1
1
1
1
1
1
1
1
1
1
1
1
1.09449
1
1
1
1
1
1
1
1
1
1
1
1.09231
1
1
1
1.08567
1
1
1
1
1
1
1
1
1.09166
1
1
1
0.906381
1
1
1
1
0.917985
1
1
1
1
1
1
1
1
1
1
1
1
1
1
1
1
1
1
0.869707
1
1
1
1
1
1
1
1
1
1
1
1
1
1
1
0.999976
1
1
1
1
1
1
1
1.09673
1
1
1
0.986047
1
1
1
1
1
1
1
1
1
1
1
1
1
1
1
1
1
1
1
1
1
1
1
1
1
1
1
1
1
1
1
1
0.922487
1
1
1
1
1
1
1
1
1
1
1
1
1.00596
1
1
1
1
1
1
1
1
1
1
1
1
1
1
1
1
1
1
1
1
1
1
1
1
1
1
1
1
1
1
1
1
1
1
1
1
1
1
1
1
1
1
1
1
1.08346
1
1
1
0.995311
1
1
1
1
1
1
1
1
1
1
1
1.10134
1
1
1
1
1
1
1
1
0.943294
1
1.09262
0.867037
1
1
1
1
1
1
1
1
1
1
1
0.999877
1
1
1
1
1
1
1
1
1
1
1
1
0.961984
1
1
1
1.08696
1
1
1
1
1
1
1
1
1
1
1
1
1
1
1
1
1.06033
1
1
1
1
1
1
1
1
1
1
1
1
1
1
1
1
1.08534
1
1
1.00013
1
1
1
1
1
1.11355
1
1
1
1
1
1
1
1
1
1
1
1
1
1
1
1
1
1
1
1
1
1
1
1
1
1
1
1
1
1
1
1
1
1
1
1
1
1
1
1
1
1
1.08568
1
1
1
1
1
1
1.09022
1
1
1
1
1
1
1
1
1
1
1.08692
1
1
1
1
1
1
1
0.921039
1
1
1
1
1
1
1
1
1
1
1
1
1
1
1
1
1
1
1
1
1
1
1
1
1
1
1
1
1
1
1
1
1
1
1
1
1
1
1
1
1
1
1
1
1
1
0.999994
1
1
1
1
1
1
1
1
1
1
1
1
1
1
1
1.01563
1
1
1
1
1
1
1
1
1.10541
1
1
1
1
1
1
1
1
1
1
1
1
1
1
1
1
1.00016
1
1
1
1
1
1
1
1
1
1
1
1
1
1
1
1
1
1.00071
1
1
1
1
1
1
1
1
1
1
1
1
1
1
1
1
1
1
1
1
0.999994
1
1
1
1
1
1
1
1
1
1
1
1
1
1
1
1
1
1
1
1
1
1
1
1
1
1.00297
1
1
1
1
1
1
1
1.0872
1
1
1
1
1
1
1
1
1
0.999939
1.0132
1
1
1
1
1
1
0.859635
1
1
1
1
1
1
1
1
1
1
1
1
1
1
1
1
1
1
1.0044
1
1
1
1
1
1
1
1
1
1
1
1
1
1.08504
1
1
1
0.898091
1
1
1
1.10233
1
1
1
1
1
1
1
1
1
1
1
1
1
1
1
1
1
1
1
1
1
1
1
1
1
1
1
1
1
1
1
1
1
1
1
1
1
1
1
1
1
1
1
1
1
1
1
1
1
1
1
1
1
1
1
1
1
1
1
1
1
1
1
1
1
1
1
1
1
1
1
1
1
1
1
1
1
1
1
1
1
1
1
1
1
1
1
1
1
1
1
1
1
1
1
1
1
1
1.06911
1
1
1
1.00026
1.10595
1
1
1
1
1
1
1
1
1
1
1
1
1
1
1
1
1
1.04779
1
1
1
1
1.08438
1
1
1
1
1
1
1
1
1
1
1
1
1
1
1
1
1
1
1
1
1
1
1
1
1
1
1
1
1
1
1
1
1
1
1
1
1
1
1
1
1
1
1
0.970653
1
1
1
1
1
1
1
1
1
0.999934
1
1
1
1
1
1
1
1
1
1
1
1
1
0.916569
1
1
1
1
1
1
1
1
1
1
1
1
1
1
1
1
1
1
1
1
1.02708
1
1
1
1
1
1
1
1
1
1
1
1
1
1
1
1
1
1
1
1
1
1
1
1
1
1
1
1
1
1
1
1
1
1
1
1
1
1
1
1
1
1
1
1
1
1
1
1
1
1
1
1
1
1
1
1
1
1
1
1
1
1
1.10846
1
1
1
1
1
1
1
1
1
0.857862
1
1
1.10279
1
1
1
1
1
1
1
1
1
1
1
0.943994
1
1
1
1
1
0.92358
1
1
1.0126
1
1
1
1
1
0.861396
1
1
1
1.09017
1
1
1
1
1
1
1
1
1
1
1
1
1
1
1
1
1
1
1
1
1
1
1
1
1
1
1
1
0.999957
1
1
1
1
1
1
1
0.911049
1
1
1
1
1
1
1
1
1
1
1
1
1
1
1.09313
1
1
0.866694
1
1
1
1
1
1
1
1
1
1
1
1
1
1
1
1
1
1
1
1
1
1
1
1
1
0.935664
1
0.998515
1
1
1.09397
1
1.09933
1
1
1
1
1
1
1
1
1
1
1
1
1
1
1
1
1
1
1
1
1
1
1
1
0.999282
1
1
1
1
1
1
1
1
1
1
1
1
1
1.08665
1
1
1
1
1
1
1
1
0.859337
1
1
1
1
1
1
1.0901
1
1
0.999991
1
1
1
1
1.01245
1
1
0.879673
1
1
1
1
1
0.923782
1
1
1
1
1
1
1
1
1
1
1
1
1
1
1
1.00445
1
1
1
1
1
1
1.03085
1
1.01777
1
1
1
1
1
1
1
1
1
1
1
1
1
1
1
1
1
1
1
1
1
1
1.0022
1
0.931363
1
1
1
1
1
1
1
1
1
1
1
1
1
1
0.859784
1
1
1
1
1
1
1
1
1
1
1
1
1
1
1
1
1
1
1
1
1
1
1
0.880227
1
1
1
1
1
1
1
1
1
0.93029
1
1
1
1
1
1
1
1.01806
1
1
1
1
1
1
1
1
1
1
1
1
1
1
1
1
1
1
1
1
1
1
1
1
1
1
1
1
1
1
1
1
1
1
1
1
1
1
0.999942
1
1
1
1
1
1
1
1
1
1
1
1
0.933275
1
1
1
1
1
1
0.961682
1
1
1
1
1
1
1
1
1
1
1
1
1
1
1
1
1
1
1
1
1
1
1
1
1
1
1
1
1
1
1
1
1
0.999887
1.00072
1
1
1
1
1
1
1
1.00057
1
1
1
1
1
1
1
1
0.999997
1
1
1.05637
1.00001
1
1
0.95174
1
0.92225
1
1
1
1
0.913177
1
1
1
1
1
1
1
1
1
1
1
1
1
1
1
1
1
1
1
1
1
1
0.999994
1
1
0.858126
1.09058
1
1
1
1
1
1
1
1
1
1
1
0.937764
1
1
1
1
1
1
1
1
1
1
1
1
1
1
0.91851
1
1
1
1
1
1
1
1
1
1
1
1
1
1
1.0971
1
1
1
1.10302
1
1
1
1
1
1
1
1
1
1
1
1
0.915906
1
1
1
0.85968
1
1
1
1
1
1
1
1
1.10205
1.09147
1
1
1
1
1
1
1
1
1
1
1
1
1
1
1
1
1
1
1
1
1
1
1
1
1
1
1
1
1
1
0.999688
1
1
1
1
1
1
1
1.08823
1
1.08735
1
1
1
1
1
1
1
1.08814
1
1
1
1.09136
1
1
1
1
1
1
1
1
1
1
1
1
1
1
1
1
1
1
1
1
1
1
1
1
1
1
1
1
1
1
1
1
1
1
1
1
1
1
1
1
1
1
1
0.932414
1
1
1
1
1
1
1
1
1
1
1
1
0.861292
1
1.00132
1
1
1
1
1
1.00897
1
1
0.934547
1
1
1
1
1
1
1
1
1
1
1.00917
1
1
1
1
1
1
1
1
1
1
1
1
1
1
1
1
1
1
1
1
0.933587
1
1
1
1
1
1.00157
1
1
1
1
0.968614
1
1
1
1
1
1
1
1
1
1
1
1
1
1
1
1
1.09029
1
1
1
1
1.05714
1.00328
1
0.934535
0.848574
1
1.00456
1
1
1
1
1
1
1
1.0504
1
1
1
1
1.09279
1
1
1
1
1
1
1
1
1
1
1
1
1
1
1
1
1
1
1
1
1
1
1
1
1.09292
1
1
1
1
1
1
1
1
1
1
1
1
1
1.09135
1.09559
1
1
1
0.921086
1
1
1
0.999997
1
1
1
1
1
1
1
1
1
1
0.999997
1
1
1
1
1
1
1
1
1
1
1
1
1
1
1
1
1
1.10162
1
1
1
1
0.999995
1
1
1
1
1
1
1
1
1
0.877076
1.09146
1
1
1
1
1
1
1
1
1
1
1
1
1
0.935126
1
1
1
1.08692
1
1
1
1
1
1
1
1
1
1
1
1.05722
1.00633
1
1
0.999538
1
1
1
1
1
0.864895
1
1
1.03011
1
1
1
1
1.08972
1
1
1
1
1.09247
1
1
1
1
1
1
1
1
1
1
1
1
1
1
1
1
1
1
1
1
1
1.09742
1
1
1
1
1
1
1
1
1
1.089
1
1
1
1
1.09228
1
1
1
1
1
1
1
1
1
1
1
1
1
1
1
1
1
1
1
1
1
1
1
1
1
1
1
1.08838
1
1
1
1
1
1
1
1
1
1
1
1
1
1
1
1
1
1
0.869087
1
1
1
1
1
1
1
1
1
1
1
1
1
1
1
1
1
1
1
1
1
1
1
1
1
1
1
1
1
1
1
1
1
1
1
1
1
1
1
1
1
1
1
1
1
1
1
1
1
1
1
1
1
1
1
1
1
1
1
1
1
1
1
1
1
1
1
1
1
1
1
1
1
1
1
1
1
1
1
1
1
1
1
1
1
1
1
1
0.866424
1
1
1
1
1
1
1
1
1
1
1
1
1
1
1
1
1
1
1
1
1
1
1.00799
1
1
0.869139
1
0.970207
1
1
1
1
1
1
1
1
1
1
1
0.870979
1
1
1
1
1
1
1
1
1
1.10241
1
1
1
1
1
1
1
1
1
1
1
1
1.03597
1
1
1
1
1
1
0.999998
1
1
1
1
1
1
1
1
1
1
1
1
1
1
1
1.09088
1
1
1
1
1
1
1
1
1
1
1.09522
1
1
1
1
1
1
1
1
1
1
1
1
1
1
1
1
1
1
1
1
1
1
1
1
1
1
1
1
0.94578
1
1
1
1
1
1
1.0873
1
1
1
1
1
1
1
1
1
1.09035
1
1
1
1
1
1
1
1
1
1
1
1
1
1
1
1
1
1
1
1
1
1
1
1
1
1
1
1
1
1.09442
1
1
1
1
1
1
1
1
1
1
1
1
1
1
1
1
1
1
1
1
1
1
0.940696
1
1
1
1
1
1
1
1
1
1
1
1
1
1
1
1
1
1
1
1
1
1
1
1
1
1
1
1
1
1
1
1
1
1
1
1
1
1
1
1
1
1
1
1
1
1
1
1
1
1
1.09581
1
1
1
1
1
1
1.00002
1
0.871513
1
1
1
1
1
1
1
1
1
1
1
1
0.933978
1
1
1
1
1
1
1
1
1
1
1
1
1.0377
1
1
1
1
1
1
1
1
1
1
1
1
1
1
1.0001
1
1
1
1
1
1
1
1
1
1
1
1
1
1
1
1
1
1
1
1
1
1
1
1.02156
1
1
1
1
1
1
1
1.09941
1
1
1
1
1
1
1
1
1
1
1
1
1
1
1
1
1
1
1.10331
1
1
1
1
1
1
1
1
1
1
1
1.09095
1
1.09294
1
1
1
1
1
1
1
1
1
1
1
1
1
1
1
1
1
1
1
1
1
1
1
1
1
1
1
1
1
1
1
1
1
1
1
1
1
1
1
1
1
1
1
1
1
1
1
1
1
1
1
1
1
1
1
1
1
1
1
1
1
1
1
1
1
1
1
1
1
1
1
1
1
0.999828
1
0.999994
1
1
1
1
1.09232
1
1
1
1
1
1
1
1
1
1
1
1
1
1
1
1
1
1
1
1
1.09767
1
1
1
1
1
1
1
1
1
1
1
1
1
1
1
1
1
1
1
1
1
1
1
1
1
1
1
1
1
1
1
1
1
1
1
1
1
1
1
1
1
1
1
1
1
1
1
1
1
1
1
1
1
1
1
1
1
1
1
1
1
1
1
1
1
1
1
1
1
1
1
1
0.934207
1
1
1
1
1
1
1
1
1
1
1
1
1
1
1
1
1
1
1
1
1
1
1
1
1
1
1
1
1
1
1
1
1
1
1
1
1
1
1
1.11096
1
1
1
1
1
1
1
1
1
1
1
1
1
1
0.999799
1
1
1
1
1
1
1
1
1
1
1
1
1
1
1
1
1
1
1
1.09872
1
1
1
1
1
1
1
1
1
1
0.920417
1
1
1
1
1
1
1
1
1
1
1
1
1
1
1
1
1
1
1
1
1
1
1
1
1
1
1
1
1
1
1
1
1
1
1
1
1
1
1
1
1
1
1
1
1
1
1
1
1
1
1
1
1
1
1
1
1
1
1
1
1
1
1
1
1
1
1
1
1
1
1
1
1
1
1
1
1
1
1
1
1
1
1
1
1
1
1
1
1
1
1
1
1
1
1
1
1
1
1
1
1
1
1
1
1
1
1
1
1
1
1
1
1
1
1
1
1
1
1
1
1
1.10252
1
1
1
1
1
1
1
1
1
1
1
1
1
1
1
1
1
1
1
1
1
1
1
1
1
1
1
1
1
1
1
1
1
1
1
1
1
1
1
1.11151
1
1
1
1
1
1
1
1
1
1
1
1
1
1
1
1
1
1
1
1
1.00118
1
1
1
1
1
1
1
1
1
1
1
1
1
1
1
1
1
1
1
1
1
1
1
1
1
1
1
1
1
1
1
1
1
1
1
1
1
1
1.11124
1
1.09307
1
1
1
1
1
1
1
1
1
1
1
1
1
1
1
1
1
1
1
1
1
1
1
1
1
1.00008
1
1
1
1
1
1
1
1
1
1
1
1
1
1
1
1
1
1
1
0.980823
1
1
1
1
1
1
1
1
1
1
1
1
1
1
1
1
1
1
1
1
1
1
1
1
1
1
1
1
1
1
1
1
1
1
1
1
1
1
1
1
1.09093
1
1
1
1
1
1
1
1
1
1
1
1
1
1
1.08486
1
1
1
1
1
1
1
1
1
1
1
1
1
1
1
1
1
1
1
1
0.887426
1
1.08781
1
1
1
1
1
1
1
1
1
1
1
1
1.00001
1
1
1
1
1
1
1
1
1
1
1
1
1
1
1
1
1
1
1
0.999752
1
1
1
1
1.08982
1
1
1
1
1
1
1
1
1
1
1
1
1
1
1
1
1
1
1.08763
1
1
1
1
1
1
1
1
1
1
1
1
1
1
1
1
1
1
1
1
1
1
1
1
1
1
1
1
1
1
1
1
1
1
1
1
1
1
1
1
1
1
1
1
1
1
1
1
1
1
1
1
1
1
1
1
1
1
1.08321
1
1
1
1
1
1
1
1
1
1
1
1
0.933062
1
1
1
1
1
1
1.093
1
1
1
1
1
1
1
1
1
1
1
1.10488
1
1
1
1
1
1
1
1
1
1
1
1
1
1
1
1
1
1
1
1
1
1
1
1
1
1
1
1
1
1
1
1
1
1
1
1.08832
1
1
1
1
1
1
1
1
1
1
1
1
1
1
1
1
1
1
1
1
1
1
1
1
1
1
1
1
1
0.999949
1
1
1
1
1
1
1
1
1
1
1
1
1.09015
1
1
1
1
1
1
1
1
1
1
1
1
0.920401
1
1
1
1
1
1
1
1
1
1
1
1
1
1
1
1
1
1
1
1
1
1
1
1.10815
1
1
1
1
1
1
1
1
1
1
1
1
1
1
1
1
1
1
1
1
0.932345
1
1
1
1
1
1
1
1
1
1
1
1
1
1
1
1
1
1
1
1.09809
1
1
1
1
1
1
1
1
1
1
1
1
1
1
1
1
1
1
1
1
1
1
1
1
1
1
1
1
1
1
1
1
1
1
1
1
0.924515
1
1
1
0.859973
1
1
1
1
1
1
1
1
1
1.00182
1
1.00001
1
1
1
1
1
1.104
1
1
1
1
1
1
1
1
1
1
1
1
1
1
1
1
1
1
1
1
1
1
1
1
1
1
1
1
1
1
1
1
0.999999
1
1
1
1
1
1
1
1
1
1
1
1
1
1
1
1
1
1
1
1
1
1
1
1
1
1
1
1
1.08883
1
1
1
1
1
1
1
1
1
1
1
1
1
1
1
0.903556
1
1
1
1
1
1
1
1
1
1
1
1
1
1
1
1
1
1
1
1.11023
1
0.943755
1
1
1
1
1
1
1
1
1
1
1
1
1
1
1
1
1
1
1
1
1
1
1
1
1
1
1
1
1
0.999997
1
1
1
1
1.09022
1
1
1.10693
1.08188
1
1
1
1.08721
1
1
1
1
1
1
1
1
1
1
1
1
1
1
1
1
1
1
1
1
1
1
1
1
1
1
1
1
1
1
1
1
1
1
1
1
1
1
1
1
1
1
1
1
1
1
1
1
1
1
1
1
1
1
1
1
1.08814
1
1
1
1
1.02325
1
1
1.11197
1
1
1
1
1
1
1
1
1
1
1
1
1
1
1
1
1
1
1
1
1
1
1
1
1
1
1
1
1
1
1
1
1
1
1
1
1
1.00156
1
1
1
1
1
1
1
1
1.09302
1
1
1
1
1
1
1
1
1
1
1
1
1
1
1
1
1
1
1
1
1
1
1
1
1
1
1
1
1
1.08001
1
1
1
1
1
1
1
1
1
1
1
1
1
1.10805
1
1
1
1
1
1
1
1
1
1
1
1
1
1.10096
1
1
1
1
1
1
1
1
1
1
1
1
1
1
1
1
1
1
1
1
1
1
1
1
1
1
1
1
1
1
1
1
1
1.08578
1
1
1
1
1
1
1
1
1
1
1
1
1
1
1
1
1
1
1
1
1
1
1
1
1
0.999998
1
1
0.930857
1
1
1
1
1.08769
1
1
1
1
1
1
1
1
1
1
1
1
1
1
1
1
1
1
1
1
1
1
1
1
1
1
1
1
1
1
1
1
1
1
1
1
1
1
1
1
1
1
1
1
1
1
1
1
1
1
1
1
1
1
1
0.947504
1
1
1
1
0.977677
1
1.08734
1
1
1
1
1
1
1
1
1
1.00478
1
1
1
1
1
1
1
1
1
1
1
1
1.09478
1
1.0998
1
1
1
1
1
1
1
1
1
1
1
1
1
1
1
1
1
1
1
1
1.09237
1
1
1
1
1
1.1008
1
1
1
1
1
1
0.999996
1
1
1
1
1
1
1
1
1
1
1.09209
1
1
1
1
1
1
1
1
1
1
1
1
1
1.09128
1
1
1
1
1
1
1
1
1
1
1
1
1
1
1
1
1
1
1
1
1
1
1
1
1
1
1
1
1
1
1
1
1
1
1
1
1.11829
1
1
1
1
1
1
1
1
1
1
1
1
1
1
1
1
1
1
1
1
1
1
1
1
1
1
1
1
1
1
1
1
1
1
1
1
1
1
1
1
1
1
1
1
1
1
1
1
1
1
1
1
1
1
1
1
1
1
1
1
1
1
1
1
1
1
1
1
1
1
1
1
1
1
1
1
1
1
1
1
1
1
1
1
1
1
1
0.987557
1
1.10233
1
1
1
1
1
1
1
1
1
1
1
1
1
1
1
1
1
1
1
1
1
1
1
1
1
1
1
1
1
1
1
1
1
1
1
1
1
1.00576
1
1
1
1
1
1
1
1
1
1
1
1
1
1.09358
1
1
1
1
1
1
1
1
1
1
1
1
1
1
1
1
1
1
1
1
1
1
1
1
1
1
1
1
0.865319
1
1
1
1
1
1
1
1
1
1
1
1
1
1
1
1
1
1
1
1
1
1
1
1
1
1
1
1
1
1
1
1
1
1
1
1
1
1
1
1
1
1
1
1
1
1
1.10277
1
1
1
1
1
1
1
1
1
1
1
1
1
1
1
1
1
1
1
1
1
1
1
1
1
1
1
1
1
1
1
1
1
1
1
1
1
1
1
1
1
1
1
1
1
1
1
1
1
1
1
1
1
1
1
1
1
1
1
1
1
1
1
1
1
1
1
1
1
1
1
1
1
1
1
1
1
1
1
1
1
1
1
1
1
1
1
1
1
1
1
1
1
0.92388
1
1
0.999423
1
1
1
1
1.00064
1
1
1
1
1
1
1
1
1
1
1
1
1
1
1
1
1
1
1
1
0.999872
1
1
1
1
1
1
1
1
1
1
1
1
1.00003
1
1
1
1
1
1
1
1
1
1
1
1
1
1
1
1
1
1
1.08983
1
1
1
1
1
1
1
1
1
1
1
1
1
1
1
1
1
1
1
1
0.873203
1
1
1
1
1
1
1
1
1.10335
1
1
1
1
1
1
1
1
1
1
1
1
1
1
1
1
1
1
1
1
1
1
1
1
1
1
1
1
1
1
1
1
1
1
1
1
1
1.09329
1
1
1
1
1
1
1
1
1
1
1
1
1
1
1.00001
1
1
1
1
1
1
1
1
1.08507
1
1
1
1
1
1
1
1
1
1
1
1
1
1
1
1
1
1
1
1
1
1
1
1
1
1
1
1
1
1
1
1
1
1
1
1
1
1
1
1
1
1.09539
1
1
1
1
1
1
1
1
1
1
1
1
1
1
1
1
1
1
1
1
0.894717
1
1
1
1
1
1
1
1
1
1
1
1
1
1
1
1
1
1
1
1
1
1
1
1
1
1
1
1
1
1
1
1
1
1
1
1
1
1
1
1
1
1
1
1
1
1
1
1
1
1
1
1
0.914626
1
1
1
1
1
1
1
1
1
1
1
1
1
1
1
1
1
1
1
1
1
1
1
1
1
1
1
1
1
1
1.10256
1
1
1
1
1
1
1
1
1
1
1
1
1
1
1
1
1
1
1
1
1
1
1
1
1
1
1
1
1
0.973285
1
1
1
1
0.91236
1
1
1
1
1
1
1
1
1
1
1
1
1
1
1
1
1
1
1
1
1
1
1
1
1
1
1
1
1
1
1
1
1
1
1
1
1
1
1
1
1
1
0.889534
1
1
1
1
1
1
1
1
1
1
1
1
1
1
1
1
1
1
1
1
1
1
1
1
1
1
1
1
1
1
1
1
1
1
1
1
1
1
1
1
1
1
1
1
1
1.08583
1
1
1
1
1
1
1
1
1
1
1
1
1
1
1
1
1
1
1
1
1
1
1
1
1
1
1
1
1
1
1
1
1
1
1
1
1
1
1
1
1
1
1
1
1
1
1
1
1
1
1
1.08635
0.999975
1
1
1
1
1
1
1
1
1
1
1
1
1
1
1
1
1
1
1
1
1
1
1
1
1
1
1
1
1
1
1
1
1
1
1.09847
1
1
1
1
1
1
1
1
1
1
1
1
1
1
1
1
1
1
1
1
1
1
1
1
1
1
1
1
1
1
1
1
1
1
1
1
1
1
1
1
1
1
1
1
1
1
1
1
1
1
1
1
1
1
1
1
1
1
1
1
1
1
1
1
1
1
1
1.09306
1
1
1.03615
1
1
1.11464
1
1
1
1
1
1
1
1
1
1
1
0.998501
1
1
1
1
1
1
1
1
1
0.878043
1
1
1
1
1
1
1
1
1
1
1
1
1
1
1
1
1
1
1
1.04076
1
1
1
1
1
1
1
1
1
1
1
1
1
1
1
1
1
1
1
1
1
1
1
1
1
1
1
1
1
1
1
1
1
1
1
1
1
0.866579
1
1
1
1
1
1
1
1
1
1
1
1
1
1
1
1
1
1
1
1
1
1
1
1
1
1
1
1
1
1
1
1
1.08574
1
1
1
1
1
1
1
1
1
1
1
1
1
1
1
1
1
1
1
1
1
1
1
0.98792
1
1
1
1
1
1
1
1
1
1
1
0.999997
1
0.931229
1
1
1
1
0.999378
1
1
1
1
1
1
1
1
1
1
1
1
1
1
1
1
1
1
1
1
1
1
1
1
1
1
1
1
1
1
1
1
1
1
1.01363
1
1
1
1
1
1
1
1
1
1
1
1
1
1
1
1
1
1
1
1
1
1
0.922843
1
0.999999
1
1
1
1
1
1
1
1
1
1
1
1
1.09346
1
1
1
1
1.09585
1
1
1
1
1
1
1
1
1
1
1
1
1
1
1
1
1
1
1
1
1
1
1
1
1
1
1
1
1
1
1.09423
1
1
0.988104
1
1
1
1
1
1
1
1
1
1
1
1
1
1
1
1
1
1
1.10285
1
1
1
1
1
1
1
1
1
1
1
1.02121
1
1
1
1
1
1
1
1
1
1
1
1
1
1
1
1
1.00001
1
1
1
1
1
1
1
1
1
1
1
1
1
1
1
1
1
1
1
1
1
1
1
1
1
1
1
1
1
1
1
1
1
1
1
1
1
1
1
1
1
1
1
1
1
1
1
1
1
1
1
1
1
1
1
1
1
1
1
1
1
1
1
1
1
1
1
1
1
1
1
1
1
1
1
0.935692
1
1
1
1
1
1
1
1
1
1
1
1
1.09734
1
1
1
1
1
1
1
1
1
1
1
1
1
1
1
1
1
1
1
1
1
1
1
1
1
1
1
1
1
1
1
1
1
1
1
1
1
1
1
1
1
1
1
1
1
1
1
1
1
1
1
1
1
1
1
1
1
1
1
1
1
1
1
1
1
1
1
1
1
1
1
1
1
1
1
1
1
1.08828
1
1
1
1
1
1
1
1
1
1
1
1
1.08219
1
1
1
0.977615
1
1
1
1
1
1
1.09585
1
1
1
1
1
1
1
1
1
1
1
1
1
1
1
1
1
1
1
1
1
1
1
1
1
1
1.08709
1
1
1
1
1
1
1
1
1
1
1
1
1
1
1
1
1
1
1
1
1
1
1
1
1
1
1
1.03214
1
1
1
1
1
1
0.999987
1
1
1
1
1
1
1
1
1
1
1
1
1
1
1
1
1
1
1
1
1.09319
1
1
1
1
1
1
1
1
1
1
1
1
1
1
1
1
1
1
1
1
1
1
1
1
1
1
1
1
1
1
1
1
1
1
1
1
1
1
0.999948
1
1
1.01599
1
1.10439
1
1
1
1
1
1
1
1
1
1
1
1
1
1
1
1
1
1
1
1
1
1
1
1
1
1
1
1.00002
1
1
1
1
1
1
1
1.07091
1
1
1.11537
1.10706
1
1
1
1
1
0.972995
1
1
1
1
1
1
1
1
1
1
1
1
1
1
1
1
1
1
1
0.933661
1
1
1
1
1
1
1.0556
1
1
1
1
1
1
1
1
1
1
1
1
1
1
1
1
1
1
1
1
1
1
1
1
1
1
1
1
1
1
1
1
1
1
1
1
1
1
1
1
1
1
1
1
1
1
1
1
1
1
1
1
1
1
1
1
1
1
1
1
1
1
1.09357
1
1.09102
1
1
1
1
1
1
1
1
1
1
1
1
1
1
0.999999
1
1
1
1
1
1
1
1.11188
1
1
1
1
1
1
1
1
1
1
1
1
1
1
1
1
1
1
1
1
1
1
1
1
1
1
1.09383
1
0.922862
1
1
1
1.10264
1
1
1
1
1
1
1
1
1
1
1
1
0.909776
1
1
1
1
1
1
1
1
0.999997
1
1
1
1
0.99999
1
1
1
1
1
1
1
1
1
1
1
1
1
1
1
1
1
0.942375
1
1
1
1
1
1
1
1
1
1
1
1
1
1
1
1
1
1
1
1
1
1
1
1
1
1
1
1
1
1
1
1
1
1
1
0.899725
1
1
1
1
1
1
1
1
1
1
1
1
1
1
1
1
1
1
1
1
1
1.08984
1
1
1
1
1.07749
1
0.956014
1
1.09778
1
1
1
1
1
1
1
1
1
1.10193
1
1
1
1
1
1
1
1
1
1
0.949068
1
1
1
1
1
1
1
1
1
1
1
1.06184
1
1
1
1
1
1
1
1
1.09313
1
1
1
1
1
1
1
1
1
1
1
1
1
1
1
1
1
1
1
1
1
1
1
1
1
1
1
1
1
1
1
1
1.00001
1
1
1.09499
1
1
1
1
1
0.986833
1
1
1
1
1
1
1
1
1
1
1
1
1
1
1
1
1
1
1
1
1
1
1
1.09183
1
1
1
1
1
1
1
1
1
1.00154
1
1
1
1
0.86966
1.01354
1
1
1
1
0.997544
1
1
1
1
1
1
1
1
1
1
1
1
1
1.1009
1
1
1
1
1.00076
1
1
1
1
1
1
1
1
1
1
1
1
1
1
1
1
1
1
1
1
1
1
1
1
1
1
1
1
1
1
1
1
1
1
1
1
1
1
1
1
1
1
1
1
1
1
1
1
1
1
1
1
0.893195
1
1.05331
1
1
1
1
1
1.10257
1
1
1.1098
1
1
1
1
1
1
1
1
1
1
1
1
1
1
1
1
1
1
1
1
1
1
1
1
1.07818
1
1
1
1
1
1
1.09606
1
1
1
1
1
1
1
1
1
1
1
1
1
1.00005
1
1.09818
1
1
1
1
1
1
1
1
1
1
1
1
1
1
1
1.10436
1
1
1
1
1
1
1
1
1
1
1
1
1
1
1
1
0.991248
1
1
1
1.02106
1
1.1026
1
1
1
1
1
1
1
1
1
1
1
1
1
1.00073
1
1
1
1
1
1
1
1
1
1
1
1
1
1
1
1
1
1
1
1
1
1
1
1
1
1
1.00002
1
1
1
1
1
1
1
1
1
1
1
1.0571
1
1
1
1
1
1
1
1
1
1
1
1.10817
1
1
1
1
1.09411
1
1
1.10006
1
1.08981
0.999994
1
1
1
1
1
1
1
1
1
1
1
1.02745
1
1
1
1
1
1
1
1
1
1
1
1
1
1
1
1
1
1
1
1
0.895305
1
1
1
1.01025
1
1.09242
1
1
1
1
1
1
1
1
1
1
1
1
1
1
1
1
1
1
1
1
1
1
1
1
1
1
1
1
1
1
1
1
1
1.0876
1
1
1
1
1
1.10439
1
1
1
1.10776
1
1
1
1
1
1.08995
1
1
1
1
1
1
1
1
1
1
1
1
1
1
1
1
1
1
1
1
1
1
1
1.03407
1
1
1
1.09442
1
1
1
1
1
1
1
1
1
1
1
1
1
1
1
1
1.09094
1
1.10079
1.0917
1
1
1
0.943202
1.10233
1
1
1
1
1
1
0.950058
1
1
1
1.0924
1
1
1
1
1
1
1
1
1
1
1
1
1
1
1
1
1
1
1
1
1
1
1
1
1
1
1
1
1
0.95995
1
1
1
1
1
1
1
1
1
1
1
1
1
1
1
1
1
1
1
1
1
1
1
1
1
1
1
1
1.1029
1
1
1
1
1
1
1
1
1
1
1
1
1.08986
1
1
1
1
1
1
1
0.999998
1
1
1
1
1
1
1
1
1
1
1
1
1
1
1
1
1
1
1
1
1
1
1
1
1
1
1
0.975193
1
1
1
1.09339
0.930101
1
1
1
1
1
1
1
1
1
1
1
1
1
1
1
1
1
0.897595
1
1
1
1
1
1
1
1
0.972682
1
1
1
1
1
1
1
1
1.01722
1
1
1
1
1
1
1
1
1
1
1
1
1
1
1
1
1
1
1
1
0.918448
1
1.09053
1
1.10132
1
1
1
1
1
1
1
1
1
1
1
1
1
1
1
1
1
1
0.993234
1
1
1
1
1
1
1
1
1
1
1
1
1
1
1
1
0.929802
1
0.999994
1
1
1
1
1
1
1
1.0904
1
1
1
1
1
1
1
1
1
1
1
1
1
1
1
1
1
1
1
1
1
1
1
1
1
1
1
1
0.963284
1
1
1
1
1
1
1
1
1
1
1
1
1
1
1
1.09674
1
1
1
1
1
1
1
1
1
1
1
1
1
1
0.957551
1
1
1
0.958592
1
1
1
1
0.962539
1
1
1
1
1
1
0.959613
0.859347
1
1
1
1
1
1
1
1
1
0.917082
1
1
1
1
1
1
1
1
1
1
1
1
1
1
1
1
1
1
1
1
1
1
1
1
1
1
1
1
1
1.00013
1
1
1
1
0.999794
1
0.965526
1
1
0.923402
1
1
1
1
1
1
1
1
1
1
1
1
1
1
1
1
1
1
1
1
1
1
1
1
0.887825
1
1
0.963506
1
1
1
1
1
1
1
1
1
1
1
1
1
1
1
1
1.02655
1
1
1
1
1
1
1
1
1
1
1
1
1
1
1
1
1
1
1
1
1
1
0.926752
0.929854
1
1
1
1
1
1
1.08698
1
1
1
1
0.927465
1
1
1
1
1
1
1
1
1
1
1
1
1
0.889741
1
1
1
1
1
1
1
1
1
1
1
1
1.10273
1
1
1
1
1
1
1
1
1
1
1
1
1
1
1.00002
1
1
1
1
1
1
1
1
1
1
1
1
1
1
1
1
1
1
1
1
1
1
0.927291
1
1
1
1
1.09136
1
1
1
1
1
1
1
1
1
1
1
1
1
1
1
1
1
1
0.888903
1
1
1
1
1
0.999999
1
1
1
1.09187
1
1
1
1
1.00005
1
1
1
1
1
1
0.999996
1
1
1
1
1
1
1
1
1
1
1
1
1
1
1
1
1
1
1
1
1
1
1
1
1
1
1.03446
1
1
1
1
1.01229
1
1
1
1
0.924863
1
1
1
1
1
1
1
1.1006
1.08596
0.956431
1
1
1
1
1
1.02203
1
1
1
1
1
1
1
0.928521
1
1.00694
1
1
1
1
1
0.927087
1
1
1
1.09009
1
1
1
1
1
1
1
1
1
1
1
1
1
1
1.08606
1
1
1.08992
1
1
1
1
1
1
1
1
0.861038
1
1
1.08429
1
1
1
1
1
1
1
1
1.00006
0.933468
1
1
1
1
1
1
1
1
1.03845
1
1
1
1.00049
1
1
1
1
1
1
1
1
1
1
1
1
1
1
1
1
1
1
1
1.09702
1
1
1
1
0.939874
1
1
0.999994
1
0.936275
1
1
1
1
1.00464
1
1
1
1
1
1
1
1
1
1
1
1.10542
1
1
1
1
1
1
1
1
1
1
1
1
1
1
1
1
1
1
1
0.918856
1
1
1
1
1
1
1
1
1.08974
1
1
1
1.01994
1
1
1.09089
1
1
0.840287
1
1
1
1
1
1
1.0419
1
1
1
1
1
1
1
1
1
0.999959
1
1
1
1
1
1
1
1
0.933023
1
1
1
0.999999
1.07666
1
1
1
1
1
1
1
1
1
1
1
1
1
1
0.926109
1
1
1
1
1.00568
1
1
1.08552
1
1
1.08598
1
1
1
1
1
1
1
1
1
1
1
1
1
1.08237
1
0.93292
1
1
1
1
1
1
1
1
1
1
1
1
1
1
1
1
1
1
1
1
0.999997
1
1
1
1.00293
1
1
1
1
1
1
1
1
1.01139
0.857443
1.08795
1
0.848834
1
1
1
1
1.09264
1
1
1
1
1
1
1
1
1
1
1
1
1
1
1
1
1
1
1
1
1
1
1
1
1
1
1
1
1
1
1
1.10742
1
1
1
1
1
0.938855
1
1
1
1
1
1
1.09465
1
1
1
1
1
1
1
1
1
1
1
1
1
1
1
1
1
1
1
1
1
1
1
1
1.10505
1
1
1
1
1
1
1
1
1
1
0.858483
1.10908
0.949429
1
1.04711
1
1.09594
1
1
1
1
1
1
1
1
1.09844
1
1
1
1.00047
1
1.08505
1
1
1
1
1
1
1
1
1
1
1.09132
1
1
1
1
1
1
1
1
1
1
1.10241
1
1
1
0.919426
1
1
1
1
1
1
1
1
1
1
1
1
1.10684
1
1
1.02726
1
1
1.10854
1
1
1
1
1
1
1
1
1
1
1
1
0.882007
1
1
1
1
1
1
0.99995
1
1
0.997737
1
1
1
1
1
1
0.868548
1
0.92817
1
1
1
1
1
1
1
1
1
1
1
0.897201
1
1
1
1
0.906812
1
0.923678
1
1
0.914952
1
1
1
0.966781
1
1
1
1
1
1
1
1
1
1
1
1
1
1.10181
1
1.0838
0.999975
1
1
1
1.09428
1.08678
1
1
1
1
1
1
1
1
1
1
1.08645
1
1
1
1
1
1
1
1.10306
1
1
1
1
1
1
1
1
1
1
1
1
1
1
1
1
1
1
1
1
1
1
1
1
1
1
1
1
0.862304
1
1
1
1
1
1
1
1
1
1
1
1
0.921039
1
1
1.09899
1
1
1
1
1
1
1
1.00019
1
1
1
1.10792
1
1
1
1
1
1
1
1.08167
1
1
1
1
1
1
0.939475
1
1
0.999998
1
1
1
1
1
1
1
1
1
1
1
1.08648
1.03966
1
1
1.06554
1
0.921834
1
1.0752
1
1
1
1
1
0.999138
1
1
1
1
1
1
1
1
1
1
1
1
1
1
1
0.87792
1
1
1
1
1
1
1
1
1
1
1
1
0.897767
1.09651
1.08691
1
1
1
0.928363
0.999931
1
1
1
1
1
1
1.09197
1
1
1
1
1
1
1
1
1
1
1
1
1
1
1
1.09317
1.07518
1
1
1
1
1
1
1
1
1
0.999549
1.07776
1
1
1
1
1
0.879857
1
1
1
1
1
1
1
1
0.920838
1
1
0.999998
1
1
1
1
1
1
1
1
1
1
1
1
1
1
1
1
1
1
1
1
0.937994
1
1
1
1
1
1
1.11117
1
1
1
0.909498
1
1
1
1
1
1
1
1
1
1
1
1
1
1
1
1
1
1.02751
1
1
1
1
1
1
1
1
1
1
1
1
1
1
1
1
1
1
1
1
0.894224
1
1
1
1
1
1
1
1
1
1
1
1
1
1
1
1.08767
1
1
1
1
1
1
1
1.09746
0.888107
1
1
1.00074
1
1
1
1
1
1
1
1
1.1038
1
1
1
1
1
1
1.08629
1
1
1
1
1
1
1.00001
1
1
1
1
1
0.999999
1.03899
1
0.925496
1
1
1
1
1
1
1
0.999998
1
1
1
0.982023
1
1
1
1
1
1
1
1.00011
1
1
1
1.09168
1
1
1
1
0.999461
1
1
1
1
1
1
1
1
1
0.903637
1
1
1
1
1
1
1
1
1
1
1.10053
1
1
1
1
1
1
0.995939
1
1
1.11493
1
1
1
1
1
0.886731
1
1
1
1
1.09457
1
1
1
1
1
1
1.09042
1
1
1
1
1
1
1.08894
1
1
1
1
1
1
1
1
1
1
1
1
1
1.1014
1
1
1
1
1.10178
1
1
1
1
1
1
1
1
1
1
1
1
1
1.00108
1
1
1
1
1
1
1
1
1
1
1
1
1
1
1
1
1
0.915943
1
1
1
1
1
0.865067
1
1.09579
1
1
1.09938
1
1
0.931797
1
1
1.09744
1
1
1
1.09488
0.992446
1
1
1
0.858291
1
0.999993
1
1
0.927251
1
1.10182
1
1
1
1
1
1
1
1
1
1
1
1
1
1
1
1
1
1
1
1
1
1
1
1
1
1
1
1
1
1
1
1
1
1
1
0.911596
1
1
1
1
1
1
1.10323
1
1
1
1.09154
1
1
1.10482
1
1
1
1
1
1
1.10029
1
1
1.0062
1
1.00002
1
1
1
1
1
1.08228
0.999993
1
1
1.09487
1
1
1
1
1
1.10154
1
1
1
1
1
1
1
1.07665
1
1
1
1
1
1
1
1
0.999999
1
1
1.09255
1.0196
0.925975
0.919514
1
1
1
1
1
1
1
0.894811
1
1
1
1
1.09056
1.05026
1
1
1
1
1
1
1
1
1.09906
1.08184
1
1
1
1
1
1
1
1
1
1.08683
1
0.897014
1
1.02219
1
1.08804
1
1
1
1
1.0917
1
1
1
1
1
1
1
1
1
1
1
1.08316
1
1
1
1
1
0.911469
1
0.919433
1.04484
0.927917
1
1.0928
1
1
1
1
1
1
1
1
1
1
1
1.08631
1
1
1.1019
1
1
1
1
1
1
1
0.865307
1
1
1
1
1
1
1
1
1.09093
1
1
1
1
1
1
1
0.966674
0.92728
1
1
1
1
1
1.00001
1
0.904882
1
1.10003
1
1
1
1
1
0.976661
1
1
1.10193
1.09912
1
0.864481
1.0932
1
0.920097
1
1
1
1
1
1
1
1
1
1
1
1
1
1
1
1
1
1
1
1
1
1.1105
1
1
1.06735
1
1
1
1
1.07947
1
1
1
1
1
1
1
1
1
1.00019
1
1
1
1
1
1
1
1
1.09237
1
1
1.00003
1
1
1
1
1
1
1.00048
1
1
1
1
1
1
1
1.11092
1.08763
1
1
1
1
1
1
1
1
1.09734
1
1
1.09325
1
1
1
1
1
1.08631
0.957714
1
1
1.04071
1
1
1
1
1
1.09939
1
1
1
0.999994
1
1.07948
1
1
1
1
1
1
1
1
1
1
1
1.10045
1
1.09806
1
1
1
1
1
1
1
1
0.865744
1
1
1.10717
1
1.10306
0.975026
1.10524
0.925245
1
1
1
1
1
1
1
0.882943
1.07626
1.09924
1
1.08818
1
1
1
1
1
1
1.10111
0.889554
1
1.0132
1
1
1
1
1.09255
0.999957
1
1
1
1
1
1
1
1
1
0.863494
1.09273
1
1
1.09833
1
1
1
0.999997
1.05425
1
1
1
1
1
1
1
0.922681
1
1
1.09596
1.1056
1
1
1
0.97799
1
0.870871
1
1
1.07622
1
1.08293
1
1
1
1
1
1
1
1.0021
1.10164
1
1
1
1
1
1
0.881756
1
1
1
1
1
1
1
1.00088
1.09401
0.877415
1
1
1.0492
0.999995
1
1
1
1.10321
1.08529
0.999998
1
1
1
1
1
1
1.02887
1
1
1
1
1
1
1
1.0927
1
1
1
1
1
1
1.08614
1
1
1
1
1
1
0.912763
1
1
1.08951
1
1
1
1
1
1
1.09735
1
1
1
1.08977
1
1
1.09566
1
1
1.1052
1
1
1.0947
0.873677
0.90726
1
1
0.999999
1
1
1
1
1
1.09577
1
1.10054
1
1
1
1
1
1.09795
1
1
1
1
1
1
1
1
1
1
1
1
1
0.923996
1
1
1
1
0.892816
0.936609
1
0.999998
1
1
1
1
1
1
1
1
1
1
1
1
1
1.09832
1
1
1.00023
1.09298
1.10502
1.09318
1
1
1
1
1
1
1.09226
1
1
0.919535
1
1
1
1
1
1
1
1
1
1.09599
0.869043
1
0.983072
1
0.993014
1
0.926574
1.05243
1
1
1
1.0942
0.991602
1
1
1.0908
1
0.999999
1
1
1
1
1
1.00192
1
1.10272
1
1
1
1
1
1
1
1
1
1
1.10544
1
1
1
1
1
1
1
1
1
1
1
1
1
1.08687
0.903043
0.999996
1
1
0.982922
0.938787
1.08803
1
1
1
1
1.09863
1
1
0.933206
1
1.09471
1
1
1
1
0.971073
0.946409
1
0.887459
1
1.08472
1
1.00003
1
1
1
1
1
0.902796
1
1
1.10133
1
1
1
1
1
1
1
1
1.09418
1
1
1
0.961783
1
1
0.994767
1
1.09203
1
0.969323
1
0.927294
1
1
1
0.998068
1
1.0084
1
1
1
1
1
1
0.978705
1
1.08373
1
1
1
1
1.0859
1
1.02463
1.09589
0.921524
0.940324
1
1
1
0.933117
1.09033
1.08627
1
1.09264
0.998187
1.03793
1
1
1.1194
1
1
1
1
1
1
1
1
1
1.09574
1
1
1
1
1.09402
1
1
1
1
1
1
1
1
1
1
1.00133
1
1
1
0.923221
1
1
1.04797
0.939514
1
1
1
1
1
0.948582
1
1.02513
0.929483
1
1.10034
1.09553
1
1
0.870598
1.10463
0.928072
1.09046
0.926929
1.10363
1
1
1
0.999981
0.912913
1
1
1
1
1
1.08574
1
1
1.09347
1.10058
1
1
1
1
1
1
1
1
1
1.09291
1
1.10169
1.10778
1.10105
1.08904
1.08575
1.09196
1.10254
1
1
1
0.999976
1.10357
0.937654
1
0.961961
1.09938
1
1.1074
1.10597
0.925499
1.09628
1.00001
1
1.09637
1.10204
1.11651
1
1.10865
1
1
1
1
1
1
1
1
1.08727
1
1
1
1
0.999998
1
1
0.929298
1
1
1
1
1
1
0.999994
1
0.870945
1.10359
1
1
1
1
1
1
1
0.999997
1
1
1
1
1
0.999997
0.944494
1
1
0.923279
1
1.05376
1.09204
1
1
1
1
1
1
1
1.08461
1
1
1.09176
1
1.00017
1
1
1
1
1
1
1.10549
1
1
1
1
1
1
1
1.00557
1
1
1
1
1
1.10386
1
1
1
1
1
1
1
1
1
1
1
1.1047
1.08956
1
0.999995
1
1
1.09207
1
1
1
1
1
1
1
0.984965
1
1
1
1
1
0.854407
0.915642
1
1
1.00159
1.08732
0.885013
1
1
0.999996
0.925245
1
1
1.09801
1
0.931399
1
0.999143
1
1
1
1
1
1
1
1
1
1
1
1
1.08232
1
1.10935
1
1.11332
1
1
1.09055
1
1.08485
1
1.08973
1
1
1
1
1
1.02328
1
1
1
0.999561
1
1
1
1
1
1
1
1
1
1.07625
1.03428
1
1.00193
1.01826
1
1.10619
1
1.09808
1
1
1
1
1
1.10188
1
1
1
0.932019
1
1
1.0931
1
1
1
0.896796
1.09386
1
0.856516
1
1
0.999938
1.09684
1
1
1
1
1
1
1
1
1
1
1
1
1
1
0.869985
1
1
1
1
1
1
1
1
1
1
1
1.09966
1
0.998315
1
1
1
0.999995
1
1
1
1.00025
1
1.08942
1
1
1
0.999997
1.11814
1
1
1
1
1
1
1
0.922742
1.09026
1.11103
1.10247
1
1
1
0.898902
0.909393
1
1.10309
1
0.860835
1
1
1.04858
1.11405
1
1
1
1
1
1
1
1
0.910383
1
1
1
0.999998
1
1
1
1
1
1
1
1
1
1
1.09231
1
1.08973
1
1
1
1
0.926756
0.999991
1.10465
0.945601
1.02073
1
0.999994
1.08358
1
1.09787
1
0.921228
1
1
1
1
1.08788
1
1
1
1
1
1
1
1
1.03625
0.999993
1
0.999412
1.10377
1
1
1.1004
1
1.00465
1
0.971414
1.07935
1
1
0.922651
1
1
1
1.0922
1
1
1
1
0.947012
1.10096
0.999995
1
1
1.01884
1
0.999995
1.11461
1
1
1.00702
1.09901
1
1
0.934086
1
1
0.989255
1.04253
0.999999
1
1
1
1.10996
1
1
1
1
1
1.06544
1
1
1
1.11664
1
1
0.999996
1
1
0.999995
0.934611
1
1
0.905292
1
1.10272
1
1
1
1
1
0.978826
1
1
1.10251
1
1
1.00018
1
0.996022
1
0.999997
1
1.056
1
1
1
1.0659
1
1
1
1
0.999996
1
1
1
1.01474
1
0.937584
1
1
1
1
1.04486
0.92321
1
1.08877
1
1.0998
1
1
1
0.999936
1
1
1
0.989189
1.10491
1
1
1
0.999999
1
1
1
1
0.936063
1.06276
1
1
0.999995
0.989237
1
1
1
0.940206
1
1
1
1.08937
0.999993
0.927525
1
0.943894
1
1
1
1.0929
1
1
1
1
1
1
1
0.91225
0.941542
1.05314
1.0483
1
1
1.05757
1
1
1.0784
0.918611
1
1
1
1.00016
0.996217
1
0.932667
1
1
1
0.921622
1
1.03523
1
1
1
1
1
1
1
1.0851
1
0.913609
0.903281
1.01661
1.03707
0.999995
1.09241
1
0.950832
1
1
1
0.997094
1.09353
1.09084
1.09094
1
1.014
1
1
1
1.01697
1
1
1.05617
1
0.976806
1
1.01834
1
1
1
1
1
1.00776
0.913838
0.949169
1
1
1
1
1.09826
1
1
1
1
1
1
1
1
1
1
0.999688
1
1
0.988029
0.999976
1.05976
0.866526
1
1
1
1
1
1
1.04329
1
0.93702
1
1
1
1
1
1
1
1
1
1
1
1
1
0.999995
1
1
1
1.05009
1
1.10505
1
0.941102
0.926484
0.932924
1.02456
1
1
1.08887
1
1
1
0.999961
1
1
0.895746
1
1.04062
0.887106
1
1
1
1
0.861038
1
0.998129
1.0859
1
1
1.01141
0.941897
1
0.891314
1
1
1.04642
0.994615
1.01868
1
0.934861
1.04772
1
0.935856
1
1
0.930246
1
1
1
1
0.999968
1
0.91707
1
1
0.921437
1
1.03626
1
1.09764
1
1
1
1.06511
1
1
1
1
0.877484
1
1
0.999575
1.09749
1
1.03926
1
1
1.0649
1
1
1
1
1
1
1
1
0.927498
0.917776
1
1
0.985628
0.913279
1
1
1
1
0.999959
1
1
1.02421
1
1
0.927778
0.922934
0.955804
1
1
1.08291
1
1
1
1
1.03913
1
1
1
0.999996
1
1.09673
0.915621
1
1
1.02146
1
1
1.08335
1
0.887591
1
1
0.916378
1
1
1
1
1
1
1
1
1.06173
0.999416
1
1.00768
1
1
1
1.09943
1
0.924096
1
0.999573
1.08661
1
0.999999
1
1
1
0.912918
1
1
1
1.08873
0.95551
1.03851
0.92769
1
1
1
1.0475
1.08979
1
1
0.909233
1
1
1.09083
1
0.925706
0.955832
1
1
1
1
1
1
1
1
1
1
1
1
1
1
1
1
1.04565
1.09164
1
1
1
1
1
1.10629
1
1
1
1
1
1
1
1
1
0.990111
1.03107
1
1
1
1
1
1
1
1
1
1
1
1.09105
1.08683
1
1
0.923453
1.09297
1
1
1
1
1
1
1
1.08756
1
1
1.10787
1
0.947658
0.916707
1
1
1
1
1
1
1
1
1
1
0.929468
0.926106
1.08157
0.950798
1
1
1
1.09214
1
1
0.984549
1
1
1
1
1.09754
1
1
1.08493
1
1.07912
1.11549
1
1.08175
1.08704
1
1
1
0.948492
1
0.999822
1
1
0.971829
1
1
0.953001
1
0.98515
1
0.968972
1
1
1
1
1
1
0.959032
0.999998
1
1
1
1
1
1
1
0.935434
1
1
1
0.998787
1
0.928368
1.10599
1
1
0.999666
1
1.02424
0.993586
1
1
1
1
1
1
1
1
1
1
1
0.953681
1
1.09865
1.09
1
1
1
0.957675
0.905342
1
1
1
1
0.999998
1.04496
1.08568
1
0.929067
1
1
1.09809
1
0.862688
1
1
0.915534
0.87139
1
1.11156
0.931746
1
1
1
1
1
0.937288
1
1
1
1
1
1
1
0.989314
1
1
1
1
1
1
1
1
1.10726
1.09714
0.999358
1
1
1
1
1
1
1
1
1.09843
1
1
1
1
0.983169
1
1
0.937265
1
1
1
1
1
1
1
1.09842
0.918293
1
1.08722
1
1
1
1
1
1
1
1
1
0.962321
1
1
0.927152
1
1
1
1
1
1.09403
0.874898
0.868396
1
1.02298
1
1
1
0.93948
1
1
0.911701
1
0.992764
1
0.999998
1
1
1.10278
0.940974
1
1
1
0.999998
0.929023
1
1.0885
1
0.902565
1.08719
1.11486
0.913782
1.10252
1
0.936027
1.08713
1
1.09534
0.870845
0.926472
1
1
1
0.99999
0.920717
1
0.99866
1
1
1
1
1
0.926167
1
1
1
1
1
0.999618
1
1
1
1
1
1
1
0.907671
1
1
1
1
1
1.04867
1.08666
1.09792
1
1
1
1
0.870504
1
1.0907
1
0.932258
1
1.09935
0.999999
1.08875
1
1
1
1
1.09809
1
1
0.899169
1
1
1.02814
1
1.10251
1
1
1
1
1
1
1
1
1
1
1.0305
0.876302
1
1
0.912281
0.929393
1.09838
1
1
1
0.999998
1
1
1
1.00512
1
1
1
1
1
0.928792
1
1
1
0.928867
0.921296
1
1
0.924691
1
1
1
1
1
1
1
0.950966
0.998776
1
0.923039
1
1
1
1
1.09461
1
0.983137
0.928304
1
1
1
1
1
1
1.00002
1.08032
1
1
1
1
1
1
0.940041
1
1
1
0.914566
1
1
1
1.08876
1.03551
1
1
1
1
1
1
1.05782
1
1
1.09509
1
1
1
1
1
1
1
1
1
1.02039
1.02861
1
1.08831
1
1
1
1
1
0.941891
1
1
0.918054
1
1
1
0.999982
1
1
1
1
1
1
1
1
1
0.913516
1
0.934273
1
0.999999
1
1.00177
1
0.928095
1.10437
0.924657
1
1
1
1
0.926507
1
1
0.918615
1
0.999998
1
1
1
1
0.999999
1
1
1
1
1
1
1.11046
1
1.09275
1
1.08943
1
1
1.08871
1
0.921473
1
1.06807
1
1.04773
1
0.93376
1
1
1
1
1
1
0.931844
1.09152
1.12173
1
1
1
1.00001
0.924333
0.91995
0.917902
1
1
0.926
1
1
1
1
1
1
1
1
1
1
0.920774
1
1
1
1
0.988071
1
1
1
1
1
1
1
1
1
1
1
1
1
1.09666
1
1
1.02855
1
1
1
1
0.920453
1
1
1
1.08447
1
1
1
1
1
0.927566
1
1
1
1
1
1
1
1
1
1.08722
1
1.057
1
1
1
1
1
1
1
1
1
1
1.00001
1
1
1
1.08678
1
1
1
1
1
0.869593
1
0.998267
1
1.09685
1
1
1
1
1
1
1
1.02134
1
0.926777
1
1
1
1
1
1
1
1
1
1.07073
1
0.936691
1.07575
1
1
0.978673
1.04714
1
1
0.957601
1
1
1.09948
1.0705
1
1
1.00002
1
1
0.999872
1
1
1
0.928815
1.12179
1.05966
1
1
1
1.08903
1
1
1
1
1
0.927269
1
1
0.922833
1
1
1.10322
0.929617
1
1
1
1
0.996245
1
0.999998
1
1
1
1
0.926371
1
1
1
1
1
1
1
1
0.975568
1
0.925081
1.10118
1
1.00001
1
1.07384
1
1
1
1.03812
0.926946
1
0.999999
1
1.00002
1.00001
0.935398
1
1
1.00009
1
1
1
1
1.00674
1
1.10311
1
1
1
1
1.0981
1
1
1
1
1
1.04382
0.914901
1
1
1
1
1
1
1
1.00002
1
1
1
1
1
1
1
1
0.999999
1
1.00001
1
1
1
1
1
1.12037
1
1
0.927318
1
1
0.935942
1
1
1
1
1
0.953504
1
1
1
1
1
1
1.00002
1
1
1.09419
0.972797
0.960558
0.927271
1.09686
0.864044
1
1
1
1
1
1
1
0.911916
1
1
1
1
1
1
1
1
1
1
1
1
1
1
1
1
1.09944
1
0.961253
1
1.09079
1.06664
1
1
1
1
1
1
1
1
1
1
1
1
1
0.94029
1
0.92619
1
1
1
1
0.925169
1
1
1
1
1
1
0.929169
1
0.985768
0.901013
1.12036
1
1
0.922309
1
0.928125
1
1
1
1
1
1
1
1
1
1
1
1
1.10561
1
0.943252
1
1
1
1
0.906864
0.923884
1
1
0.947005
1
0.893563
1
1
1
0.919593
0.968997
1
0.952971
1
0.91185
1.02838
1
1
1
1
0.933186
1
0.930705
1
1
1
1
1
0.927822
1
1
1
1
1
1
1
1.00001
1
1
1
1
1
1
1
1
1
1
1
0.931411
1
1
0.919773
1
0.913325
1
1
1
1
1
0.964147
1
0.999926
1
1
1
0.926938
1
1
1
1
1.12058
1.09041
1
1
0.97547
0.93019
1
1
1
1
0.93448
1
1
0.999998
1
0.926647
0.939399
1
1
1
1
1
1
1
1
1.00002
0.999901
1
1.11832
0.929673
1.00001
1
1
1
1
1
0.999999
0.999999
1
1
1
1
1
0.919277
1
1
0.906554
1
1
1
1
1
1
1.10969
1
0.945087
1
1
1
1.08952
0.941726
1
1
1
1.08686
1
1
1.09267
0.999906
1
1
1
0.923064
1
0.875449
1
1
1
1
1
0.874868
1
1
0.929452
1
0.933493
0.923178
1
0.999738
1
1
1
1
1
1
1
1
0.928186
1
0.934637
1
1
1
1
1
1
0.941024
1
1
1
1
0.928555
1
1
0.922557
1
1
1
1
1
1.02217
1
1
1
1
1
1
1
1
1
1
1
1.00002
1
1
1
1
1
1
1
1.00001
1
1
1.11318
0.918623
0.926765
1
1
1.00185
1
1
1
1
1
0.896859
1
1.10947
1
1
1
1
1
1
1
1.08903
0.921591
1
1
1
1
1
1
1
1
1
0.997081
1
1
1
0.935364
1
1
1
1
0.927409
1
1
1
1
1
1.04901
1
1
0.932707
1
1
1
1
0.937042
1
1
0.928176
0.918676
0.93658
1
1
1
1
1
1
1
1
1.09712
1
1
1
1.06339
1
1
1
1
1
1
1
1
1
0.90883
1
1
1
1
1
1
0.935699
1
0.934137
1
1
0.910454
1
1.00001
1
1
1
1
1
1.09526
1
0.955728
0.924149
0.908541
1
1.1033
1
1
1
1
1
1
1
1
0.962375
1
1
1
0.929411
1
1
1
1
1
1
1
0.972908
0.975428
1
1
1
0.999771
1
0.923637
1
1.0036
1
1
1
0.867721
1
1
1
1
1
1
1
1
1
1
1
1
1
1
1.08994
1
1.00001
1.09372
1
1
1
1
1
1
1
1
1
0.927672
1.00337
1
1
1
0.950287
0.993458
1.00001
1
1
1
1
1.09037
1
1
1
1
1
1.10306
1
1
1
1
1
1
1
1
1
1.00002
1
1
1
1
1
1
1.03234
1
1.10143
1
1
1
1
1
1
1
0.947046
1
1.08592
1.00001
1
1
1
0.930649
1
1
0.924418
1.09431
1
0.920249
1.10047
1
1
1
1
1.07667
1
1
1
1
1
1
1
1
1
1
0.999259
1
1
1
1
1
1
1
0.990654
1
1
1
0.945657
1
1
1.02003
1
1.00001
1
0.917342
1
1
1
0.999999
1
1
1
1
1
1
0.953846
1
0.900738
0.983097
1
1
1
0.936325
1
1
1
1
1
0.925098
1.12167
1
0.873642
1
1.00001
1
1
1
0.930081
1
1
1
1
1
0.930272
1
1
0.915588
1.12129
1
1
1
1
1
0.999998
1
1
1
1
1
1
1
1
0.96659
1
1
0.92256
1
1
1
1
1
0.933329
1
1
1
0.922423
0.937739
1
1
1
0.890005
1
0.916028
1
1
1
1
1
1
1
0.999993
1
1
1
1
1
1
1.00002
1
1
1
1
1
1
1
1
1
1
1
1
1
1
1.08921
1
1
1
1
1
1
1
1
1
1
1
1
0.9992
1.10038
1
1
1.01061
1
1.08988
1
1.09703
0.999925
1.07349
1
1
1
1
1.09067
1.04142
1
1.12081
0.922768
1
1
1
0.927722
1
1
1
0.925499
1
0.93905
1
1
1
0.999894
1
1
1
1
1
1
1
1
0.94868
1
1
1
1
1
1.0887
0.927993
1
1
1
1
1
1
1
1
1
1
0.92213
1
1
1
0.904459
1
1
1.02564
1
1.10352
1
1
1
1
1
1
1
0.993916
1
1
0.990432
1
1.01365
1
1
0.954586
1
1
0.99992
1
0.999954
1
1
0.918515
1
1
1
1
1
1
1
1
1.06718
1
1
1
1.0957
1.1201
1
1
1
1
1
1
1
1
1.09081
1
1
1
1
1
1
0.889636
1
1
1
1
1
1
1
1.0943
1
1
1
1
1
1
0.999821
1
1
1
1
1
0.961319
1
1
1
0.91751
1
1
1
1
1
1
1
1
1
1
1.05516
1
0.901919
1.12418
1
1
1
1
1
1
0.999998
1
0.931336
1.08936
1.0623
1.09699
1
1
0.926876
1
1
1
1
1
1.12048
1
1
1
1
0.9989
1
1
1
1
1
1.08744
1
0.999982
1
1
1.00001
1
1
1
1.08922
0.999987
1.07371
1
1
1
1
1
1
0.999925
0.926621
1
1
0.910144
1
1
1
0.907491
1
1
1
0.954548
1
1
1
1
1
1
1
1
1
1
1
1
1
1
1
1
0.936249
1
1
0.930331
0.999729
1
1
1
1
1
1
1
1
1
1
1
1
1
1
1
1.10057
1.08855
0.907089
0.999998
1
1
1
1
0.928162
1
1
1.08122
0.962433
1
1
1
1
1
1
1
1
1
1
1.09227
1
1
1
1
1
1.03868
1
1
1.09027
1
1.07644
1
1
1
1
1
1
1
0.999926
1
1
1
1
1.0092
1
1
1
1
1
1
1
1
1
1
1
1
1
0.975355
1
0.934158
1
1
1
0.926418
0.940866
1.12675
0.980033
1
1
1
1.08493
1
0.934451
1
0.879215
1
1
1
1
1
1
1
1
1
0.932912
1
1
1.09875
1
1
1
1
1
1
0.994712
1.10355
1
1
1
1.01403
1
1
1
1
1
1
1.09187
0.925944
1
1
1
0.917419
1
1
0.999999
0.965829
1
1
1
1
1
1
1
1
1
1
1
1
0.902076
1
1
1
1
1
1
1
1
1
1.09862
1
1
1.09706
0.928965
1.01423
1
1
1
1
1
1
1
1
1
1
1
1.09582
1
1
1
1
1
1.10462
1
1
1
1
0.999969
1.07705
1
1
1
1
1
1
1
1
1
0.999541
1
0.927328
0.926382
1
1
0.926395
1
1
1
1.08312
1
1
0.93166
1
1
1
1
1
1
1
1
1
1
1
1.08916
1
1
1
1
0.917235
1
1
1
1
1
1
1.09145
1
1
1
1
1.09382
1
1
1
1
1
1
1
1
1.09453
1
0.999999
0.999998
0.903794
1.06566
1.09441
1
1
1
1
1.12664
1
0.923459
1
1
1
1
1
1
0.886273
1
1
0.921548
1
1
1
1
1
1
1
1
1
1
1.09319
1.09036
1
1
1
1
1
1
1
1
1
1
1
1
1
1
1
1
1
1
1.07195
0.930206
1.09433
1
1
1.04386
1
1.08644
1
1
1
1
1
1
1
1
0.944422
1
1
1
1
1
1
1.09574
1
1.10649
1
1
1
1
1
1
1
1
1
1
1
1
1
1
1
1
1
1
1
1
1
1
1
1
1
1
1
1
1
1
1.10288
0.999738
1
1.09209
1
1
1
1
1
1
0.998451
1
1
1
0.999997
1
1
1.10569
1
0.999999
1
0.914065
1
1
1
1
1
1
1.08831
0.999999
1.09557
1
1
0.923369
1
1
1
1
1
1
0.999999
1
1
0.999999
1
1.09223
1
1
1
1.09751
1
1
1.09603
1
0.999999
1
1
0.92085
1
1
0.976392
1
0.904145
1.12459
1
0.999999
1.07975
1
1
0.997351
1
1
1
1
1
1
1.12426
1
1
1
1
1.07733
1
1
1.08995
1
1
1.11817
1
1
1
0.910154
1.09468
1
1
1.0647
1
1
1
1
1
0.937297
0.911831
1
1
1
1
1
1
1
1
1.04682
1.09808
1
1.0939
1
1
1
1
1
1
1.02717
1
1
1
1
1
1
1
1
1
1.04491
1.02656
1
1
0.999991
1
0.923159
1
1
1.0736
1
1
1
1
1
1
1
1
1.07476
1
1
1
1
1
1
1
1
0.999853
1.10152
1
1
1
1
1
1
1
1
1
0.999999
1
1.09679
1
1.10365
1
1
1
1
1
1
1
1
1
0.93072
1
1
1
1
0.933113
1
1
1
1
1
1
1
1.09727
1
1
1
1
1.09348
1
1
1
1
1
1
0.918689
1.12733
1
1
1
1
1
0.891412
1
1
1
0.976642
1
1
1
1
1.03133
1
1
0.934753
0.893762
0.956111
1
1
1.0916
1
1
1
1
1
1.06171
1
1
1
1
1.01527
1
1
1
1
1
1
1.07699
0.997764
0.998817
1
1.02297
1
1
0.913503
1
1
1
1.04953
1
1
1
0.967939
1
1
1
1
1
1.07138
1
0.930046
1
0.936987
1
1
1
1
1
1
1
1
1
1
1
1
1
1
1
1
1
1.09302
0.915613
1
1
1
0.936762
1
1
1
1
1
1
1.09398
1
1
1
1
1
1
1
1
1
0.934618
1
1
0.999828
1
1
1
1
1
1
1.09442
1.0946
1
1
1
1
1
1
1.08253
1.12864
1
0.943997
1
1
1
1
1.07276
1.00766
1
1
1
1
1
1
1
1
1
1
1
1
1
1
1
1
1
1.09422
1
1
1
1
0.954254
1
1
0.999999
1.10691
1
1
1
1
1
1
1
1
1
1
1
1
0.964787
1
1
1
1.10766
1
1
1
1.10288
1
1
1
1
1.04397
1
1
1
1
1
1
1.02228
1
0.997568
1
1
1
1
1
1
1
1
1
1
1
1
1
1.06006
1
1
0.99882
1
1
1
1
1.10282
1
1.0874
1
1
1
0.922141
1
1
1
1.09343
1
1
1.09221
1
1
1
1
1
1
1
1
1
1
1
1
1
1
1
1
1
1
1
1
1
1
1.05658
1
1
1
1
1
1
1.09208
1
1
1
1
1
1
1
1.10356
1.10459
1
1
1
1.0083
0.923972
1
1.10298
1
1
1
1.07002
1
1.07491
1
1
1
1
1.05626
0.945402
1
1.09604
1
1
1
0.96984
0.94595
1
1
1
1
1
1
1
0.999999
1
1.07116
1
0.999037
1
1
1
1
1
1
1
1
1
1
1
1
1
1
1
1
1
1
1
0.990419
1
1
1
1.07835
0.989004
1
1
1.03157
1
1
1
0.987344
1
1
1
1
1
1.08377
1
1
1
1
1
1.10386
1.0865
1.08848
0.890317
1
1
1
1
1
1
1
1
1
0.913661
1.05035
1
1
1
1.09152
1
1
1
1
1
1
1
1.063
1
1
1
1
1
1
1
1
1
1
1
1
1
1
0.973942
1.08782
1
1
1
1
1
1.01556
1
1.00611
1.08901
1
1
1
1
1
1
1
0.985854
1
1
1
1
1
1
1.0844
1
1
1.00487
1.07035
1
1.08237
1.08551
1
1
1
1
1
1
1
1
1
1
1
1
1
1
1
1
1
1
0.990975
1
1
1
1
1
1
1
1
1
1
1
1
1.09958
1
1
1
1
1.08826
1
0.937595
1
1
1
1.00082
1
1
1
1.08605
1
1
1
1.07255
1
1
1
1
1.01194
1
1
1
1
1.03436
1
1
1
1
1
1.0092
1
1
1
1
1
1
0.999999
1.03514
1
1
1
1
1
1
1
1
1
1
1
1
1
1
1
1
1.04458
1
1
1
1
1
1.08983
1
1
1.02125
1
1
1.02579
1
1
1
1.09027
1.05546
1
1
1
1
1
1
1
1.05873
1.0948
1.10157
1
1.10434
1
0.914753
1.05523
1
0.966404
1
1
1
1
1
1
1
1.02801
1
1
1.08904
1.07711
1
1.09488
0.931805
1.07349
1
1
1
1
1
1
1.03504
1
1
1
1
1
1
1
1.09238
1
1
1.09164
1.09142
1
1
1
1
1.00401
1
1.01377
1
1
1
1
1
1
1
1
1
1.06753
1
1.06008
0.943888
1
1
1.09001
1
1
1
1.03216
1
1
1.1077
1
1
1
1
1
1
1.08888
1
1.10284
1
1.05628
1.04205
1
1
1
1.11318
1
1
1
1.0436
1.00013
1
1
0.876437
1
1
1
1.10253
1.0931
1
1
1.05939
1
1
1.06116
0.999997
1
1
1.05489
1
1
1
1.04645
1
1
1
1
1.0903
1
1
1
1
1.07222
1
1
1
0.999999
1
1
1
0.999997
1
1.08936
1
1
1
1
1
1.09752
1
1
1
1
1
1
1
1
1
1
0.999996
1
1
0.984262
1.00351
1.06637
1.06554
1
1
1.05535
1
1
0.999999
1
1
1
1.0887
1
1
1
1
0.976118
1
1
1
1
1
0.976274
1.0707
1
1
1
0.939222
1
1
1.09628
1
1.07873
0.985355
1
1
1
0.916381
1
1
1
1
1.09021
1.08267
1
1
1
1
1.02272
1
1
1
1.09708
1
1.04093
1.08939
1
1
1
1.06882
1
1
1
1.01488
1
1
1
1
1
1
1.09135
1.09632
0.929841
1
1
1
1
1
1
1
1
1.063
1.01483
1.07434
1
0.929608
1
1
0.973599
1.09318
1
1
1
1
1
1.08788
1.09595
1.09812
1
1
1
1
1.09816
1.06478
1
0.931867
1
1
1.09938
1
1
1
1
1.04877
1.09714
1
1
1
0.929042
0.93512
0.930032
1
1
0.972006
1
1
1.1212
1
1.08445
0.929817
1
1
1
1
1
1.09907
1
0.9244
1
1
1
1
0.966913
1
1
0.982085
1
1
1
1
1
1
1
1
1.09988
1
1.10546
1.1083
1.09785
1
1
1
1
1
1
1
1
0.966431
1
1
1
1
1
1
1
1
1.00001
1.10351
1.09905
1
1
1
1
1
1
0.999998
1
1
1
1
1
1
1
0.872646
0.878627
1
1
1
1
1.10367
1
1
1
0.974989
1
1
1
1
1
1
1.08372
1
1
1
1.07186
1.08446
1
1
1
1
1.08804
1
1
1
1
1
1
1.02119
1.08908
1
1
1
1
1
0.999998
1
1.1139
1
1.08965
0.925176
1.08991
1.11293
1
1
1
1
1
0.944702
1
1
1
1.08611
1
1
1.04544
1
1.06749
1.08477
1.09683
1
1
1.09722
1
1.08853
1
1
1.00009
1
0.999993
1
1.06751
1.05264
0.94883
1
1.08044
0.966415
1
1
1.08684
1
0.925716
1
1.11397
1.10833
0.945188
0.950389
1
1
1
1.07437
1
1
1
0.979805
1
0.933278
0.959051
1
0.935071
1
1
1.10375
1
0.942453
1.03779
1
0.999622
1
1
0.931004
1
1
1
1
1.11983
1.0515
1.0892
1
1
0.939438
1
1.10755
1
1.09408
1
1.09315
1
1
1.07617
1
1
1
1
1.09006
1
1
1
1
1
1
1
1
1
0.950146
1.09657
1
1
1
1
0.926185
0.922066
1
1.12066
1.07277
1
1.10248
1
1.0914
1
1
0.920135
0.913225
1
1
1
1
0.999999
1
1
1
1
0.919903
1
1
1
1
0.999991
1.08932
1
1
1
1
1
1
1
1
0.999998
1.04123
1
1
1
1.00035
1
0.933921
1.00637
1
1
0.930504
1
1
1
1
1.00174
1
1
0.929728
1.09944
1.02902
1.11454
1.1002
1
1
1.0889
1
0.999999
1
1
1
1
1.08973
1
1.00908
1
1
1
1
1
0.929645
1
1
1
1
1
1
1.003
1
1
1
1
1
1
1.08975
1
1
1
0.925886
0.999998
1
1
0.999996
1
1
1
1.09328
0.999999
1
1
0.95916
0.92646
1
1
1
1
0.999998
1
1
1
1
1
1
1
1
1
1
1
1
1
0.999999
1
0.918394
1.0927
1
1
1
1
1
1
1
1
1
1
1
1
1
1
1
1
1
1
1
1
0.952246
1
1
1
1
1
1.11835
1.09467
1
0.931074
1
1
0.924085
1
1
1
1
1
1
1
1
1
1
1
1
1
1
1
1
1
1
1
0.928547
1
1
1
1
1
1
1
1
1
1
1
1
1
1
1
1.05037
1
1
1
0.929284
1
1
1
1.08986
1
1
1.08566
1
1
1
1
1
1.09375
0.927342
1
0.929209
0.929694
1
1
1
1
1
1
1
1
0.927528
1
1.08579
1
1
1
1
1
1
1.09681
1
1
1
1
1
1
1
1
1
1.08441
1.09649
1
1
1.08446
1
1.09741
1
1
1.08833
1
1
1
1
0.961887
1
1
1
1
1
1
1
1
1
1
1
1
1
1
0.923331
1
1
1
1.08843
0.931623
1
1
1.08555
0.965222
1.09826
1
1
1.10391
1.09732
1
1
1
1
1
0.92026
1
1
1
0.960763
1
1
1.05942
1
1
1.00011
1
1.10008
1
1
1
1
1
1
1
1
1.09041
1
1
0.931026
1
1
1
1.10061
1
1
1
0.877192
0.91631
0.913444
1
1
1
1
1.08864
1
1
1
1
1
1
1
1
1
1
1
1
1
1.07242
1
1
1
0.940628
1
1.102
1
1
1
1
1
1
1
0.929329
1
1
1
1
1
1
1
1
1
1
0.930589
1
1.07937
1.00013
1
1
1
1
1
0.859599
0.970885
0.94623
1
1
1
1
0.933165
1
1
0.934858
1
1
1
1
1
1
1
1
1.08671
1
1
0.918953
0.999997
0.932854
1
1
1
1
0.916414
1
1
1
0.999999
1.09773
1
1
1
1
1
1
1
1.02895
1.11187
0.999994
1.12145
0.99963
0.999998
1
1
1
0.912397
1.09027
1
1
1.09674
1
1
0.999999
1
1.08727
0.97029
1
1.11621
1
1
1.08552
1.08457
1
1
0.966136
1
1
0.954966
1
1.02652
1
1
1
0.853048
1
1
0.984395
1
0.954396
1
1.10985
1
1
1.10692
1
1
1
1.11996
1
1
1
1
1.09059
1
1
1
1
0.999999
1
1
1
1
1
0.918521
1
1.12021
1
1
1
1
1
1
1
0.922557
1
0.936758
1
0.943471
1
1
0.940969
1
1
1
1.05659
0.936954
1
1
1
1.10865
1
1
1
1
1
1
1
1
1
1
0.868675
1
1
1
1.08839
1.10273
1
1
1
1
1
1
1
1
1
1
1
1
1
0.920207
1
1
1
1
1
0.928224
1
1
1
1.01241
1
0.932662
1
1
1
1
1
1
1
1
1
1
1
1
0.932173
1.09409
1.09405
1
1
1
1
1.03052
0.927421
1
1
1
0.999998
1
1.00989
1
1.0038
0.925513
1
0.924749
1
1
0.926018
1
1
1
1
1.08425
1
1.0872
1
1
0.923504
1
1
1
0.917973
1
1
0.999999
1
1
1
1
1
1
1
1
1
1
1
1
1
1
1
0.929568
1
1
1
1
1
1
1
1
0.926146
1
1
1
1
1
1
1
1
1
0.919213
1
1
0.930974
1
1
1
0.999999
1
1
1
1
1.05371
1
1.06734
0.942553
1
1
1
1
1
1
1
1
1
1
1
0.904308
1
1
1
0.92874
1
1
1
1
1
1.12026
1
1
1
1
1
1
1
0.926238
1
1
1
1
1
1
1
1
1
1
1
1
1
1
0.933272
0.932807
1
1
1
1
1
1
1
1
1
1
1
1
1
1
0.931361
1
1
1
1
1
1
1.11873
1.09602
1.12087
1
1
1
1
1
1
1
1
1
1
1
1
1
1
1
1
1
1
1.00722
0.888421
1
1
1
1
1
1
1
1
1
1
1
1.0063
1
1.09863
1
1
1
1
1
1
1
1
1
1
1
1
1
1
0.98088
1
1
1
1
1
1
1
1
1
1.08835
1
1
1
1
1.09412
1
1
1
1
1
1
1
1
1
1
1
1
1
1
1
1
1
1
1
1
1
0.928834
1
1
1
1
1
1
1
1
1
1
1.10525
1
1
1
1
1
1
1
1
1
1
1
1.04806
1
1
1
1
1
1
1
0.927671
1
1
1
1
0.924899
1
1
1
1
1
1.12166
1
1
1
1
1
1
1.09561
1
1
1
1
1
1
1.10521
1
0.929439
1
1
1
1.07533
1.09447
1
1.09739
1
1
0.918793
1
1
1
1
0.928587
1.10388
0.922121
1
1
1.12427
1.03265
1
1.01001
1
1.0016
0.999772
0.999999
1
1.09479
1
1
1
1
1
1
1
1
1
1
1
1
1
1
1
1
1.097
1
1
1.09958
1
1
1
1
1
0.925094
1
1
0.927021
1
1
1
1
1
1
1
1
1
0.930784
1.09556
1
1
1
1
1.10397
0.932612
1
1.03069
1
1
0.931509
0.933145
1
1
1
0.862911
1
1
1
1
1
1
1
1
0.927633
0.919276
1
1
0.93227
0.933017
1
1
1
1
0.999999
1
1
0.919835
1
1
1
0.924986
1
1
1
1
1.00601
1
0.91093
1
1
1
1
1
1
1
1
1
1
1
1
1
1
1
1
1
1
1
1
0.881047
0.866312
1
1
1
1
1
1
1.1198
1
1
1
1
1
1
1
1
1
1
1
1
1
1
1
1
1
1
1
1
1
0.901125
1
1.10457
1
1
1
1
1
1.09754
1
1
1
1
1
1
1.10405
1
1
1
1
1
1
1
1
1
1
1
1
1
0.932522
1
1
1
1
1
1
1
0.858921
1
1
1
1
1
1
1
1
1
1
1
1
1.095
1
1
0.999999
0.925337
1
1
1
0.999999
0.999999
1.09187
1.08486
1
1
1.09608
1.09572
1
1
1
1
1
1
1
1
1.1151
1.09886
0.934697
1
1
1
1
1
0.84825
1
1.12025
1
1
1
0.92944
1
1
1
1
1
1
1.11229
1.04583
1
1
1
1
1
0.86596
1
1
1
1
1.10119
1.09271
1
1
1
1.11284
1
1
1
1
1
1
1
0.999711
1
1
1
1
1
0.999997
1
0.999999
1
1
1
1
1
1
1
1
1
1
1
1
1
1
1
0.930094
1
1.11492
1
1
1
0.855987
1.09541
1
1
1.12042
1
1
0.926504
1
1
1
1
1
1
1
1
1
1
1
1
1
1
1
1
1
1
1.09463
1
1
1
1
1
1.09419
1
1
1
1
1
1
1
1
0.925752
1
1
1
1
1
1
1
1
1
1.05925
1
1
1
1
1
1
1
1
1
1.09743
1
1
1
1
1
1
1
1.12018
1
1
1
1
1
0.881598
1
1
1
1
0.92656
1
1
1
1
1
0.934228
0.876406
1
1
1
1
1
1
0.937433
1
1.09711
1
1
0.963394
1
1
1
1
1
1
1
1
1
1
1
1
1
1
1
1
1
1
0.915366
1
1
0.910426
1
1
1.08851
1.0932
1
1
1
1
1
1
1
1
1
1
1
1
0.935852
1
1
1
1
1
0.999994
1
1
1
1
1
1
1
1
1
1
1
1
1
1
1
1
1.11313
1
1
1
1
1
1
0.863224
0.920422
1.11101
1
1
1
1
0.870784
1.03582
0.924633
0.929512
1
1
1
1
1
1
1
1
1
1
1
1
1
0.999999
1
1
1
1
1
1
1
1
1.10783
0.873723
1
1
1
1
1
1
1
1
1
1
1
1
1
1
1
0.893436
1.06664
1
0.928363
1
1
0.927836
1
1.09417
1
1
1
1
1
1
1
1
1
1
0.868704
1.12017
0.93299
0.93146
1
1
1.08823
1
0.939528
1.09401
1
1
1
1
1
1
0.939891
1
1
0.926288
1
1
1
1.1267
0.881673
1
1
1
1
1
1
1
1.1093
1
1
1
1
1
1
1
1
1
1
1.09666
1
1
1
1
1
1
1
1
1.1198
1
1
1
1
1
1
1
0.865435
1
1
1
1
1
1
1
1
1
1
1
1
1
1
1.10696
1
1
0.937065
1
1
1
1
1
1
1
1
0.92308
1
1
1.03834
0.930905
1.09748
1
0.946198
0.994498
1
0.952743
1.11465
1.12143
0.941386
0.979274
1.09387
1
1
1
1
1.00003
1.09877
1
1
0.9293
0.970511
1
1
1
1
1
0.928893
1
1
1
1
1
1
1.10809
1
1
1
1
1
1
1
1.09276
1
1
1
1
1
1
1
1
1
0.921359
1
1
0.92884
1
1
1
1
1
1
1
1
1
1
1
1
1
1
1
1
1.11705
1
1
1
1
1
0.942453
0.97083
1
1
1
1.00011
1
1
0.913777
1
0.935231
1
1
1
1.10502
0.870214
0.87394
1.1188
1
1
1
1
1
1
1
1
1
1
1
1
1
1
1
0.863223
1
1
1
1
1
1
1
1
1
0.92443
1
1
1
1
1
1
1
1
1
1
1
0.923721
1.12284
1.06494
1
1
1
1
1
1
1
1
1.10483
1
1
1
1
1
1
1.1022
1
1
1
1
1
1
1
0.894478
0.865669
1
1
0.867071
1
1
1
1
1
1
1
1
1
1
0.929152
1
1
1
1
1
0.917704
1
0.925017
1
1
1
1
1
1
1
0.87294
1
1
1
1
1
1.08426
1.10497
1
1
0.933945
1
1
1
1
1
1
1.00184
1.10689
1
0.924341
1
1
1
1
1
1
1
1
1
1
1
1
1.10847
1
1.12086
1
1
1
1
1
1
1
1
0.931461
0.921436
1
1
1
1.09486
1
1
1.12201
1
0.926716
1
1
1.09933
1
1
1
1
1
1
1
1
0.917195
0.875601
0.894224
1
1
1
0.922853
1
1
1
1
1
0.934359
1
0.921108
1.06487
1
1
1
1
1
0.865443
1.00339
0.913466
1
1
0.864097
1
1
1
1
1
1
1
1
1
1
1
0.927048
1
1
1
1.09231
1
1
1
1
1
1
1
1
1
1
1
1.12168
1
1
1
1
1
1
1
1
1
0.928471
1
1
1
0.935159
1
1
1
1
1
1
1
1
1
1
1
1
1
1
1
1
1
1
1
1
1
1
1
1
1
1
1
1
1
1
1
1
1
1.09337
1.09251
1
1
1
1
1
1
1
1
1
1
0.929013
0.929588
1
1.12109
1
1
1.09621
1.08647
1
1.09252
1
1
1
1.01752
1
0.932502
1
1
1
1.0991
1.12058
0.899285
1
1
1
1
1.09975
1
1
1
0.874745
1
1
1
1
0.999999
1.08737
0.937537
1
1.09564
0.997785
1
1
1.09276
1
1
1
1
1
1
1
1
1.10654
1
1
1
1
1
1
0.860785
1
1.09192
1
0.999901
1
1
1.12011
1
0.942585
1.0859
1.12032
1
1
0.91691
1
1
0.932439
1
1
1
0.874622
1
1
1
1
1.09319
1
1.09816
1
0.905973
1
0.926413
1
1
1
1.09039
0.965628
1.09816
1
0.919076
1
1
1
0.923675
0.870623
1
1
1
1
1.09493
0.89181
1
0.95826
1.09316
0.874389
1
1.11996
0.88198
1
1
1
0.856911
1
0.943596
1
1
1
0.863217
1
0.915632
0.911768
1
1
1
1
1
1.08961
1
1
1
1
1
1
1
1
1.0915
1.1126
1
1
1
1
1
1
1
1.09352
0.931902
1
1
0.933854
1
1
1
0.919103
1
1
1
1
1.12097
1
1
1
1
0.865474
1
0.935642
1
1
1
1
1
1.09405
0.93933
1
1.085
1
1
1
1
1.09641
1
0.920279
1
1.09994
1
1
1
0.914228
1
1
0.900477
0.926453
1
1
1
1
1.10592
1.12608
0.890972
1
1
1
0.932356
1
1
0.85764
0.968085
1
1
1.09396
1
0.927464
1.09254
1
1
1
0.939278
1
0.917919
1
1
1
1
1
1
0.879288
1.10539
1
1
1
1
1
0.934606
1.10618
1
1
1
1.09749
1
1
0.871646
1
1
1
1
1
0.927481
1
1
1
1
1
1
1
0.900935
1.09824
1
0.931895
0.919932
0.872675
1
1.1214
1
1
1
1.08476
0.935355
1.09427
0.953981
1.08433
0.917063
0.986498
1
0.868565
1
1.10717
0.999768
1
1
1
1
0.923428
1
1.0889
1.12066
1
1
1
1
1
1
1.09222
0.918061
1
1
1
1
1
1.08915
0.888435
1
1
1
0.902918
1
1
1.10748
1.1191
1
1
1
1
1
1
1
1
1.09202
1
1
1
1
1
1
0.923528
1
1
1
1
1.0861
1
0.934004
1
1
0.875586
1
1
1
1
0.998975
0.922405
1
1
1
1
1
1
1
1
1.09222
0.880932
1
1
1.11672
0.873017
1
1
1
1
1.0861
1
1
1
1
1
1
1
1
1.09254
1
0.916733
1.11429
1
1
1
1
1
1
1
1
1
1
1
1.09197
0.920559
1
1
1
1.1138
1
1.11184
1
1
1
1
1
1
1
1
1
1
1
1
1
1
1.09008
1
0.858886
1
0.932905
1.10994
1
1
0.92488
0.923651
1.08918
1.1153
1.09128
1
1
0.905029
1
1.04953
1
1
0.998635
1
1
1
1
1
0.8744
1.09976
1
1
1
1
1
1
1
1
1
1
0.931511
0.98977
1
1
1
1.1115
1.0976
1.09676
1.10613
1
1
1
1
1
1
1
1
1
1
1
1
1
1
1
1
1
1
1.10462
1
0.919856
0.917718
1
1
0.922889
1
0.868945
0.866842
1
1
1.11568
1
1
1
0.879774
0.932616
1
1.12042
1
1
1
0.919817
0.85964
1
1
1.00265
0.922549
0.916839
1
1
1.11996
1
1
1
1
1
1
1
1
1
1
1
1.10722
1
1
1
1
0.915212
1
1
1
1
1
1
0.997721
1
1
1
1
1
1
1.02448
0.895621
1
1
1
1
0.93294
1
1
1
1
1
1.1118
1.11113
)
;

boundaryField
{
    back
    {
        type            empty;
    }
    front
    {
        type            empty;
    }
    outlet
    {
        type            zeroGradient;
    }
    top
    {
        type            zeroGradient;
    }
    inlet
    {
        type            fixedValue;
        value           uniform 1;
    }
    bottomLeft
    {
        type            zeroGradient;
    }
    bottomRight
    {
        type            zeroGradient;
    }
}


// ************************************************************************* //
