/*--------------------------------*- C++ -*----------------------------------*\
  =========                 |
  \\      /  F ield         | OpenFOAM: The Open Source CFD Toolbox
   \\    /   O peration     | Website:  https://openfoam.org
    \\  /    A nd           | Version:  12
     \\/     M anipulation  |
\*---------------------------------------------------------------------------*/
FoamFile
{
    format      ascii;
    class       volScalarField;
    location    "12.8";
    object      T;
}
// * * * * * * * * * * * * * * * * * * * * * * * * * * * * * * * * * * * * * //

dimensions      [0 0 0 1 0 0 0];

internalField   nonuniform List<scalar> 
9801
(
0.828148
0.829017
0.829038
0.829619
0.830313
0.831268
0.832546
0.835245
0.839426
0.842347
0.843846
0.844748
0.845387
0.845772
0.846182
0.846767
0.847577
0.848614
0.85032
0.854203
0.858189
0.860251
0.861349
0.862059
0.86229
0.862502
0.863023
0.863805
0.864825
0.866187
0.869543
0.874352
0.877099
0.878377
0.87902
0.879084
0.879132
0.879541
0.880266
0.881307
0.882526
0.88538
0.890661
0.894185
0.895645
0.896469
0.896502
0.896223
0.896437
0.897096
0.898072
0.89938
0.901994
0.908014
0.912535
0.914319
0.915313
0.914625
0.913386
0.913507
0.914418
0.915554
0.917183
0.920582
0.927388
0.932407
0.934688
0.935952
0.935156
0.932125
0.931375
0.932376
0.934026
0.936376
0.942035
0.950564
0.955826
0.958323
0.95973
0.957749
0.953235
0.951893
0.953281
0.95627
0.962101
0.974533
0.983183
0.98772
0.990989
0.992716
0.988385
0.981426
0.98079
0.986368
1.00046
1.02421
1.04068
1.15872
1.53424
0.831993
0.833021
0.832505
0.832907
0.83379
0.83486
0.836073
0.838855
0.843056
0.845732
0.847334
0.848493
0.849306
0.849009
0.848919
0.849653
0.850709
0.851866
0.853556
0.857504
0.861258
0.86331
0.864648
0.865669
0.865565
0.86491
0.865443
0.86651
0.867747
0.869121
0.872258
0.876892
0.879702
0.88126
0.882368
0.88248
0.881246
0.881425
0.882456
0.883775
0.885103
0.887657
0.8929
0.896656
0.89843
0.899672
0.899969
0.898163
0.897791
0.898746
0.900095
0.901578
0.904052
0.90983
0.914503
0.916687
0.91812
0.918361
0.91583
0.914922
0.915931
0.917326
0.919044
0.922279
0.929208
0.934316
0.93682
0.93838
0.938586
0.934998
0.933286
0.934388
0.936315
0.938712
0.944345
0.952889
0.95795
0.960582
0.962478
0.962291
0.956876
0.954499
0.956592
0.95944
0.965141
0.975548
0.983916
0.988892
0.993095
0.996667
0.994281
0.987678
0.98615
0.990699
0.999708
1.0186
1.03545
1.15634
1.55384
0.835818
0.837155
0.836776
0.836983
0.837754
0.838804
0.840011
0.842704
0.846946
0.84963
0.851223
0.852457
0.853425
0.853306
0.853006
0.853547
0.854531
0.855702
0.857362
0.861267
0.865034
0.867088
0.868495
0.869672
0.869865
0.869152
0.869489
0.87043
0.871624
0.872953
0.875854
0.880431
0.883286
0.884956
0.886287
0.886803
0.885651
0.885585
0.886455
0.887707
0.889036
0.891363
0.896462
0.900347
0.902331
0.903821
0.904437
0.902747
0.902031
0.90282
0.904148
0.905688
0.907974
0.913478
0.918301
0.920751
0.922464
0.923343
0.921341
0.919699
0.920286
0.921677
0.9235
0.926461
0.933078
0.938492
0.941308
0.943205
0.944392
0.9418
0.939218
0.939818
0.941696
0.944097
0.949061
0.957269
0.962998
0.966382
0.969036
0.970378
0.965822
0.962098
0.963539
0.966806
0.971244
0.980411
0.99113
0.997956
1.00258
1.00702
1.0065
1.00181
1.00037
1.00365
1.01081
1.02775
1.04388
1.16905
1.57361
0.840758
0.842364
0.84217
0.842073
0.842663
0.843652
0.844932
0.847721
0.851985
0.854757
0.856391
0.857634
0.858676
0.858815
0.858248
0.858583
0.859479
0.860688
0.862525
0.866474
0.870284
0.872423
0.873873
0.875108
0.875664
0.874836
0.874802
0.875542
0.876681
0.878105
0.881073
0.88582
0.888888
0.890638
0.89204
0.892935
0.891902
0.891306
0.891919
0.893047
0.894455
0.896881
0.902063
0.906252
0.908422
0.910005
0.910987
0.909638
0.908389
0.90887
0.910079
0.911666
0.914081
0.919635
0.924867
0.927578
0.929391
0.930687
0.929286
0.926849
0.926991
0.928403
0.930378
0.933302
0.939837
0.946064
0.949375
0.951526
0.953303
0.951676
0.947848
0.947673
0.94962
0.952235
0.956458
0.964851
0.971927
0.975894
0.978794
0.981011
0.978569
0.973618
0.97319
0.976456
0.980587
0.987733
0.998984
1.0077
1.01321
1.01829
1.02112
1.01802
1.01472
1.0156
1.02157
1.03433
1.04595
1.18226
1.59072
0.846118
0.847867
0.847871
0.847613
0.848107
0.849067
0.85037
0.853373
0.857722
0.860478
0.862111
0.86335
0.864379
0.864744
0.864134
0.864314
0.865186
0.866358
0.868273
0.872408
0.876353
0.878562
0.880038
0.881276
0.882029
0.881266
0.880907
0.881603
0.882735
0.884177
0.887205
0.892196
0.895518
0.897349
0.898753
0.899785
0.899029
0.898065
0.898587
0.899732
0.901133
0.903413
0.908512
0.913081
0.915517
0.917174
0.918442
0.917798
0.916011
0.916153
0.917398
0.918996
0.921293
0.926573
0.932089
0.935154
0.93712
0.938675
0.938408
0.935554
0.934895
0.936332
0.938398
0.941094
0.947068
0.953913
0.957769
0.960129
0.962169
0.962322
0.958414
0.956402
0.95785
0.960512
0.963936
0.971295
0.980008
0.98508
0.988248
0.991146
0.991707
0.986572
0.98325
0.984692
0.988723
0.994294
1.00423
1.0146
1.02174
1.02729
1.03246
1.03214
1.02817
1.0263
1.02762
1.03553
1.04424
1.18897
1.60034
0.851899
0.853727
0.85382
0.853548
0.853998
0.85495
0.856185
0.859134
0.863626
0.86646
0.868141
0.869411
0.870502
0.87111
0.870552
0.870549
0.871348
0.872465
0.874144
0.878272
0.882548
0.884931
0.886481
0.887756
0.88871
0.888179
0.887489
0.888053
0.889157
0.890522
0.893321
0.898461
0.902089
0.904102
0.905577
0.906781
0.906513
0.90507
0.905213
0.906298
0.907721
0.909876
0.914806
0.919709
0.922499
0.924363
0.925878
0.926252
0.924
0.923048
0.924036
0.925633
0.927793
0.932685
0.938665
0.942216
0.944429
0.946234
0.947344
0.944994
0.942663
0.943204
0.945104
0.947408
0.952323
0.959935
0.964865
0.967561
0.969782
0.971391
0.96887
0.964985
0.964699
0.966936
0.969841
0.975141
0.984485
0.991609
0.995763
0.998794
1.00096
0.998088
0.992724
0.9916
0.994271
0.998499
1.00549
1.01572
1.02412
1.03022
1.0357
1.03951
1.03812
1.03393
1.03124
1.03393
1.03913
1.19128
1.60557
0.857315
0.859195
0.859316
0.859087
0.859598
0.860594
0.861842
0.864675
0.868984
0.871774
0.873512
0.87487
0.876073
0.876893
0.876385
0.876254
0.877035
0.878173
0.87978
0.883685
0.887992
0.890475
0.892118
0.89347
0.894603
0.894282
0.893196
0.893606
0.894754
0.896223
0.899031
0.904043
0.907713
0.90983
0.911391
0.912729
0.913139
0.911376
0.910687
0.911625
0.913139
0.91541
0.920283
0.925382
0.928264
0.930123
0.931669
0.932775
0.931192
0.929062
0.929328
0.930809
0.932792
0.937077
0.94367
0.947912
0.95018
0.951938
0.953616
0.952921
0.949615
0.948696
0.949985
0.951952
0.955274
0.962802
0.969533
0.973094
0.975378
0.97738
0.976974
0.972499
0.970271
0.971316
0.973825
0.977182
0.984739
0.994091
0.999729
1.00329
1.00621
1.00707
1.00215
0.998002
0.997947
1.00081
1.0053
1.01367
1.0233
1.03053
1.03621
1.04126
1.04303
1.04091
1.03571
1.03212
1.03187
1.19032
1.6084
0.862043
0.86392
0.864059
0.86375
0.864244
0.865273
0.866594
0.869502
0.873768
0.876472
0.878155
0.879508
0.880728
0.881679
0.881246
0.880852
0.88156
0.882727
0.884399
0.888288
0.892649
0.895122
0.896731
0.898075
0.899284
0.899417
0.898077
0.898003
0.89903
0.900457
0.903231
0.908349
0.912212
0.914313
0.915844
0.917205
0.918192
0.916921
0.915406
0.915854
0.917216
0.919131
0.923667
0.929394
0.932646
0.934472
0.935951
0.937308
0.93681
0.934201
0.933603
0.934684
0.936365
0.939366
0.946048
0.951751
0.954642
0.956424
0.958105
0.958524
0.955271
0.952888
0.953197
0.954929
0.957281
0.963046
0.971572
0.976713
0.979528
0.981587
0.982709
0.979372
0.975135
0.974455
0.976121
0.978701
0.983107
0.992546
1.00089
1.00561
1.00896
1.01185
1.01116
1.00488
1.00154
1.00241
1.00553
1.01067
1.01955
1.02807
1.03445
1.03968
1.04397
1.04451
1.04136
1.03505
1.02729
1.18562
1.60987
0.866121
0.867993
0.868232
0.86778
0.868089
0.869029
0.870229
0.872829
0.87748
0.880523
0.8822
0.883509
0.884684
0.885694
0.885368
0.884689
0.885191
0.886274
0.88772
0.891287
0.896195
0.898987
0.90058
0.901872
0.903075
0.903584
0.902259
0.901763
0.902509
0.903756
0.905777
0.910743
0.915478
0.917877
0.919407
0.92075
0.92195
0.921323
0.919379
0.919326
0.920383
0.921861
0.925037
0.931277
0.935636
0.937806
0.939338
0.940777
0.941186
0.938623
0.937083
0.937625
0.939063
0.940978
0.946124
0.953433
0.957496
0.959654
0.961334
0.962406
0.960125
0.956429
0.955905
0.95724
0.959181
0.962411
0.970602
0.978208
0.982
0.984346
0.986212
0.985739
0.980561
0.97739
0.977604
0.979581
0.98231
0.988521
0.999004
1.00639
1.01055
1.01354
1.0156
1.01308
1.00714
1.0048
1.00612
1.00946
1.01528
1.02419
1.03153
1.03702
1.04186
1.04486
1.04443
1.03919
1.02816
1.17969
1.6111
0.869534
0.871406
0.87175
0.871193
0.871292
0.872109
0.873194
0.875093
0.879818
0.883742
0.885594
0.886856
0.887986
0.888973
0.888809
0.887906
0.888168
0.889111
0.890336
0.892955
0.89827
0.901935
0.903713
0.904999
0.906171
0.906922
0.905796
0.90482
0.905283
0.906343
0.907742
0.911494
0.917264
0.92059
0.922316
0.923667
0.924922
0.924998
0.922852
0.92206
0.922727
0.923998
0.925892
0.931304
0.937315
0.940352
0.942041
0.943464
0.944495
0.942727
0.940094
0.939924
0.940992
0.942558
0.94545
0.952814
0.958817
0.961682
0.963521
0.965132
0.96495
0.960946
0.95881
0.959204
0.96073
0.962679
0.967542
0.976929
0.983056
0.9861
0.988281
0.990036
0.98761
0.981722
0.979743
0.980741
0.983029
0.986066
0.993571
1.00375
1.01005
1.01369
1.01662
1.01852
1.01556
1.00968
1.00775
1.00934
1.01299
1.01953
1.02795
1.03433
1.03935
1.04349
1.04506
1.04255
1.033
1.17484
1.61235
0.872316
0.874175
0.874628
0.874001
0.873823
0.874515
0.875543
0.876922
0.880874
0.885804
0.88824
0.889554
0.890649
0.891639
0.891763
0.890626
0.890529
0.891315
0.892431
0.894118
0.898879
0.903732
0.906102
0.907481
0.908653
0.909646
0.909083
0.907447
0.907407
0.908245
0.909447
0.911706
0.917537
0.922305
0.924573
0.926008
0.927287
0.928063
0.926229
0.924334
0.924549
0.925606
0.927043
0.930484
0.937501
0.942027
0.944194
0.945685
0.947016
0.946704
0.94337
0.941904
0.942476
0.943798
0.945533
0.950523
0.958689
0.963291
0.965678
0.96738
0.968633
0.966428
0.962012
0.960832
0.961585
0.963287
0.965707
0.972734
0.982165
0.987075
0.989661
0.991757
0.993191
0.989525
0.98415
0.982869
0.983793
0.985893
0.989442
0.998023
1.00764
1.01353
1.01719
1.02015
1.02119
1.01761
1.01218
1.01055
1.0123
1.01607
1.0232
1.03132
1.03704
1.04141
1.04416
1.04419
1.0385
1.17264
1.61377
0.874613
0.876469
0.877055
0.876527
0.875988
0.876498
0.877441
0.878586
0.881342
0.88673
0.890115
0.891762
0.892913
0.893931
0.894449
0.893284
0.892549
0.89309
0.894095
0.895352
0.898704
0.904467
0.907834
0.909536
0.910779
0.911893
0.912138
0.91017
0.90924
0.909827
0.910927
0.912409
0.916879
0.923083
0.926315
0.928003
0.929311
0.930438
0.929684
0.926897
0.926243
0.92706
0.928344
0.930212
0.936076
0.942723
0.945895
0.947641
0.949048
0.94999
0.947522
0.94427
0.943869
0.944817
0.946357
0.948891
0.956393
0.963941
0.967468
0.969507
0.97113
0.971463
0.966969
0.963064
0.962758
0.963972
0.965875
0.969071
0.977837
0.986618
0.99083
0.993513
0.995889
0.996633
0.991286
0.985836
0.98495
0.986409
0.98887
0.993039
1.00217
1.01109
1.01648
1.02002
1.02289
1.0237
1.01973
1.01432
1.01274
1.01452
1.01842
1.026
1.0337
1.03891
1.04264
1.04409
1.0427
1.17362
1.61539
0.876513
0.878455
0.879223
0.879092
0.878122
0.878295
0.87911
0.880154
0.881951
0.886876
0.891326
0.893461
0.894797
0.895889
0.896776
0.896168
0.894654
0.894726
0.895589
0.896724
0.898802
0.904361
0.908982
0.911174
0.912574
0.913754
0.914623
0.913286
0.911301
0.911412
0.912379
0.913629
0.916264
0.92273
0.92744
0.929612
0.931042
0.932297
0.9328
0.93024
0.928235
0.928547
0.92963
0.931022
0.934295
0.941891
0.947033
0.949342
0.950864
0.952206
0.951848
0.947751
0.945589
0.946073
0.947456
0.949149
0.953309
0.962233
0.968144
0.970691
0.972366
0.973874
0.973301
0.968081
0.964968
0.964933
0.966255
0.968335
0.972726
0.983059
0.991207
0.994887
0.997058
0.998863
0.998508
0.99271
0.988151
0.987769
0.989274
0.991874
0.996789
1.00632
1.01443
1.01935
1.0227
1.02527
1.02552
1.02132
1.01596
1.01443
1.01605
1.0199
1.02777
1.03524
1.04012
1.0426
1.04527
1.17805
1.61741
0.878083
0.880235
0.881135
0.881603
0.880483
0.88007
0.880695
0.881677
0.882992
0.886814
0.892053
0.894837
0.896378
0.897569
0.898627
0.898934
0.897177
0.896459
0.897122
0.898194
0.899609
0.903844
0.909572
0.912534
0.914137
0.915392
0.916504
0.916363
0.913911
0.913146
0.913884
0.915033
0.916558
0.921437
0.927837
0.931001
0.932673
0.93399
0.935139
0.9341
0.930913
0.930137
0.930901
0.932169
0.933895
0.939445
0.947006
0.950742
0.952695
0.954123
0.955182
0.952771
0.948682
0.947875
0.948722
0.950133
0.952008
0.957895
0.966907
0.971617
0.97403
0.975897
0.977414
0.975107
0.969125
0.966891
0.967613
0.969275
0.971348
0.976489
0.98713
0.994049
0.997095
0.999439
1.00172
1.00113
0.994947
0.99075
0.990651
0.992308
0.995047
1.00054
1.00985
1.01709
1.02164
1.0249
1.02722
1.02727
1.02265
1.01713
1.01552
1.01678
1.02046
1.02856
1.03605
1.04034
1.04573
1.18512
1.61993
0.879501
0.881885
0.882838
0.883718
0.883058
0.881978
0.882327
0.88324
0.88437
0.886976
0.892377
0.896003
0.897803
0.899097
0.900231
0.901129
0.90009
0.898512
0.898767
0.899717
0.900884
0.903498
0.909487
0.913623
0.915591
0.916944
0.918126
0.918889
0.917093
0.915203
0.915442
0.916434
0.917675
0.920323
0.927074
0.932031
0.934251
0.935675
0.936966
0.937535
0.934623
0.932152
0.932319
0.933387
0.934743
0.937334
0.944857
0.951277
0.954037
0.955731
0.957214
0.957778
0.953967
0.950392
0.949982
0.950812
0.952308
0.954781
0.962656
0.971351
0.975238
0.977211
0.978861
0.980253
0.977123
0.971501
0.969825
0.970194
0.971421
0.973564
0.979955
0.990756
0.997409
1.0006
1.0029
1.0047
1.00349
0.997647
0.993722
0.993447
0.994884
0.99754
1.00378
1.01309
1.01979
1.02399
1.02694
1.02894
1.02888
1.02389
1.01787
1.0159
1.01671
1.02029
1.029
1.03617
1.04429
1.19345
1.62268
0.880882
0.883464
0.884445
0.885469
0.885541
0.884173
0.884083
0.884873
0.885909
0.887536
0.892241
0.896937
0.899233
0.900649
0.901838
0.902928
0.902921
0.900948
0.900492
0.901225
0.902311
0.903864
0.908721
0.914345
0.917043
0.918523
0.919744
0.920858
0.920445
0.917812
0.917096
0.917806
0.918932
0.920384
0.925115
0.932144
0.935685
0.937442
0.938755
0.939971
0.939028
0.935323
0.934055
0.934569
0.935655
0.937136
0.941403
0.949961
0.955125
0.957556
0.959287
0.96077
0.959991
0.954845
0.951969
0.95208
0.953125
0.954647
0.957862
0.967062
0.974846
0.978282
0.980695
0.98273
0.983527
0.978627
0.972834
0.97143
0.972373
0.974058
0.976433
0.983294
0.993873
1.00013
1.00326
1.00573
1.00774
1.00649
0.999977
0.99559
0.99528
0.996976
0.999954
1.00701
1.01616
1.02237
1.02627
1.02896
1.03072
1.03023
1.02469
1.01817
1.01558
1.01586
1.02001
1.02902
1.04002
1.20168
1.62509
0.882207
0.88505
0.886068
0.887149
0.887789
0.886668
0.885959
0.886487
0.887409
0.888563
0.891827
0.897484
0.900687
0.90229
0.903516
0.904629
0.905332
0.903728
0.902343
0.902743
0.903732
0.904927
0.907782
0.914155
0.918285
0.920186
0.921475
0.922658
0.923374
0.921207
0.919087
0.919215
0.920126
0.921319
0.923553
0.93041
0.936464
0.93907
0.940595
0.941903
0.942734
0.939959
0.936364
0.935804
0.936612
0.937896
0.939791
0.94612
0.954622
0.958674
0.960612
0.962084
0.963484
0.961833
0.956406
0.954004
0.954064
0.955073
0.956745
0.961253
0.971683
0.978961
0.981956
0.983645
0.985053
0.98556
0.980764
0.975482
0.974234
0.974795
0.976237
0.978782
0.986608
0.997331
1.00339
1.00631
1.00842
1.00972
1.00791
1.00172
0.997601
0.997287
0.998859
1.00211
1.00999
1.01916
1.02498
1.02828
1.03043
1.03189
1.03111
1.0255
1.0182
1.01456
1.01462
1.01944
1.03295
1.20756
1.62656
0.883407
0.886716
0.887792
0.888896
0.889817
0.88929
0.887858
0.887957
0.888787
0.889871
0.891795
0.897239
0.9019
0.903991
0.90524
0.906345
0.907341
0.906735
0.904588
0.904311
0.905088
0.90617
0.907653
0.912652
0.918901
0.921824
0.923308
0.924508
0.925624
0.925027
0.921858
0.920752
0.921287
0.922321
0.923665
0.927614
0.935563
0.940298
0.942472
0.943892
0.94514
0.944837
0.94046
0.937781
0.937946
0.938964
0.940272
0.942678
0.950624
0.958422
0.961809
0.96386
0.965551
0.966606
0.963054
0.957194
0.95556
0.956431
0.957887
0.959524
0.964448
0.974854
0.981176
0.983994
0.986357
0.988362
0.988508
0.982771
0.977193
0.976047
0.977149
0.979
0.981793
0.989762
0.999831
1.00522
1.00793
1.00999
1.0116
1.00997
1.00371
0.999548
0.999162
1.0007
1.00403
1.01231
1.02127
1.02657
1.02951
1.0316
1.03293
1.03205
1.02632
1.01787
1.01303
1.01246
1.02316
1.20919
1.62698
0.884319
0.888471
0.889585
0.890686
0.89167
0.891797
0.890032
0.889531
0.890226
0.891248
0.892476
0.896178
0.902273
0.905461
0.90698
0.90814
0.909215
0.909642
0.907498
0.906032
0.906382
0.907325
0.908497
0.911032
0.917918
0.92297
0.925131
0.926369
0.927502
0.928201
0.925711
0.922762
0.922585
0.923515
0.924707
0.926358
0.932237
0.939989
0.943563
0.945394
0.94673
0.947938
0.946522
0.941719
0.939767
0.940056
0.941007
0.942437
0.945943
0.955183
0.962158
0.964977
0.966529
0.967866
0.968778
0.964835
0.959658
0.958414
0.958724
0.959723
0.961536
0.967539
0.978424
0.984791
0.987391
0.989069
0.990569
0.990601
0.98517
0.980055
0.978994
0.979611
0.98104
0.983931
0.992705
1.00242
1.0075
1.01018
1.01224
1.01372
1.01231
1.00614
1.00148
1.00057
1.00179
1.00496
1.01372
1.0229
1.02802
1.03068
1.03262
1.03381
1.03289
1.02683
1.0171
1.01062
1.01213
1.20526
1.62627
0.884625
0.889983
0.891369
0.892485
0.893473
0.894122
0.892735
0.891357
0.891662
0.892534
0.893601
0.895467
0.901279
0.906503
0.908779
0.909989
0.911046
0.911966
0.910928
0.908226
0.907749
0.908525
0.909639
0.910956
0.915288
0.922675
0.926446
0.928187
0.929318
0.930413
0.930034
0.926264
0.924411
0.924791
0.925723
0.926898
0.929235
0.936785
0.943719
0.946688
0.948518
0.949935
0.950864
0.947708
0.942655
0.941438
0.942285
0.943524
0.944924
0.949078
0.958731
0.964837
0.967468
0.969483
0.971164
0.971468
0.966266
0.960919
0.959897
0.9609
0.962373
0.96421
0.970284
0.980817
0.986563
0.989216
0.991524
0.993444
0.993294
0.987525
0.982011
0.980609
0.981561
0.983415
0.986665
0.995389
1.00449
1.00943
1.01236
1.01472
1.01627
1.01452
1.00752
1.00226
1.00124
1.0025
1.00588
1.01487
1.02411
1.02902
1.0315
1.03338
1.03437
1.03327
1.02652
1.0143
1.00678
1.19588
1.62493
0.884181
0.890922
0.893087
0.894276
0.895291
0.896207
0.895803
0.893624
0.893118
0.89379
0.894816
0.896004
0.899462
0.906245
0.910017
0.911696
0.912784
0.913812
0.914181
0.911538
0.909552
0.909839
0.910815
0.911925
0.91364
0.919894
0.926731
0.929616
0.931133
0.93225
0.933184
0.931256
0.927192
0.926084
0.926705
0.927779
0.929097
0.9326
0.941188
0.947126
0.949539
0.951037
0.952343
0.953063
0.94925
0.944772
0.943926
0.944379
0.945429
0.947075
0.952456
0.962528
0.968277
0.970577
0.971907
0.973258
0.973587
0.968615
0.963802
0.962793
0.963082
0.964091
0.966037
0.97295
0.983923
0.989902
0.992353
0.993957
0.995435
0.995532
0.990251
0.984646
0.983094
0.983583
0.985102
0.988618
0.99827
1.00756
1.01215
1.01445
1.01628
1.01762
1.01593
1.00911
1.00368
1.00242
1.00335
1.00653
1.01562
1.02486
1.02952
1.03191
1.03381
1.03449
1.0331
1.02337
1.00934
1.1844
1.62403
0.88348
0.890801
0.894398
0.896044
0.897067
0.89801
0.898541
0.89672
0.894946
0.895167
0.896074
0.897136
0.898667
0.904066
0.910348
0.913085
0.914486
0.915573
0.916572
0.915705
0.912366
0.911349
0.911917
0.91292
0.914099
0.916853
0.92457
0.930346
0.932714
0.934077
0.935191
0.935631
0.932025
0.928356
0.928017
0.92894
0.930085
0.931436
0.9359
0.944914
0.950029
0.9523
0.954002
0.955449
0.955467
0.950297
0.945941
0.945552
0.946638
0.947909
0.9495
0.955254
0.965104
0.970215
0.972675
0.974772
0.97645
0.976318
0.970568
0.965235
0.964105
0.965067
0.966617
0.968731
0.975523
0.985935
0.991394
0.993926
0.996037
0.997846
0.997894
0.992416
0.986449
0.984662
0.985485
0.987395
0.99111
1.0005
1.009
1.01318
1.01563
1.01783
1.01964
1.01819
1.01092
1.00488
1.00321
1.00403
1.00695
1.01582
1.02487
1.02944
1.03203
1.03388
1.03457
1.03078
1.01948
1.17627
1.62404
0.883583
0.889188
0.894861
0.897317
0.898594
0.899653
0.900636
0.900364
0.897706
0.896768
0.897295
0.898213
0.899297
0.901825
0.908837
0.913956
0.916057
0.917249
0.918321
0.919001
0.916524
0.913416
0.913171
0.914085
0.915238
0.916488
0.920472
0.928739
0.933421
0.935454
0.936806
0.937944
0.937695
0.933286
0.930321
0.930244
0.930962
0.932081
0.933747
0.939581
0.948589
0.95311
0.955042
0.956277
0.957552
0.957442
0.952301
0.948544
0.948101
0.948536
0.949635
0.951504
0.958296
0.968478
0.973635
0.975719
0.976981
0.978225
0.978361
0.973219
0.968149
0.96702
0.967435
0.968508
0.970522
0.97782
0.988563
0.994126
0.996399
0.997836
0.999527
1.00022
0.995419
0.9893
0.987132
0.987218
0.988439
0.99201
1.00193
1.0111
1.01574
1.01817
1.02011
1.02151
1.02015
1.01284
1.006
1.00379
1.0044
1.00692
1.01542
1.02446
1.02927
1.03209
1.03402
1.03349
1.02933
1.1746
1.62517
0.884486
0.887349
0.893876
0.898274
0.900176
0.901305
0.902311
0.903089
0.901435
0.89879
0.898571
0.899395
0.90046
0.90173
0.905829
0.913212
0.917055
0.91879
0.919883
0.920975
0.920933
0.917259
0.915094
0.915398
0.916297
0.917337
0.918772
0.924246
0.932437
0.93639
0.938308
0.93971
0.94086
0.939619
0.934294
0.931735
0.932145
0.933322
0.934484
0.936155
0.94272
0.95146
0.955429
0.957477
0.959191
0.960596
0.95966
0.953663
0.949752
0.949638
0.950827
0.952236
0.954041
0.960749
0.970431
0.9751
0.977391
0.979408
0.981068
0.981117
0.975859
0.970198
0.968576
0.969336
0.970805
0.972838
0.979647
0.989705
0.995036
0.99792
1.00044
1.00228
1.00264
0.997402
0.990509
0.987764
0.988188
0.989876
0.993729
1.00347
1.01258
1.01722
1.01985
1.02188
1.02324
1.02191
1.01435
1.00672
1.00408
1.00445
1.0067
1.01473
1.02377
1.02891
1.03221
1.03314
1.03549
1.17862
1.62733
0.885618
0.887284
0.8916
0.898204
0.901317
0.902771
0.90378
0.904763
0.904984
0.902159
0.900383
0.900743
0.901658
0.902671
0.904219
0.909954
0.916965
0.92
0.921552
0.922641
0.923648
0.922335
0.918174
0.916737
0.917232
0.918249
0.91938
0.921298
0.928104
0.935774
0.939074
0.940729
0.942003
0.943117
0.941389
0.936257
0.934273
0.934497
0.935205
0.936378
0.938526
0.946117
0.95471
0.958473
0.960162
0.961218
0.962559
0.961888
0.956207
0.952725
0.952397
0.952779
0.953818
0.955789
0.963087
0.973159
0.978108
0.980147
0.981451
0.982958
0.983696
0.979054
0.973111
0.971142
0.971138
0.971974
0.973924
0.981634
0.992701
0.998391
1.00072
1.00226
1.00368
1.00427
0.999746
0.992958
0.990006
0.989869
0.991049
0.994366
1.00415
1.01386
1.01892
1.02152
1.02323
1.02435
1.02305
1.01565
1.0076
1.00448
1.00453
1.00618
1.01372
1.02277
1.02874
1.03116
1.03812
1.18709
1.63002
0.886956
0.888297
0.890113
0.89611
0.90168
0.903979
0.905244
0.90631
0.907321
0.906455
0.903174
0.902253
0.90277
0.903667
0.904749
0.907076
0.914231
0.92045
0.922955
0.924285
0.925345
0.926113
0.923331
0.919315
0.918623
0.919381
0.920435
0.92151
0.923768
0.93155
0.938693
0.941645
0.943362
0.94481
0.945837
0.943036
0.937444
0.935632
0.936325
0.937544
0.938724
0.940813
0.948682
0.956841
0.960285
0.962357
0.964119
0.965481
0.96426
0.95813
0.954064
0.953667
0.9547
0.956067
0.957969
0.964866
0.974587
0.979436
0.981946
0.984058
0.985677
0.986053
0.981199
0.974578
0.972161
0.972729
0.974328
0.976638
0.98402
0.994125
0.999184
1.00176
1.00403
1.00595
1.00678
1.00226
0.994624
0.9909
0.990713
0.992085
0.995311
1.00466
1.01459
1.01988
1.02246
1.02407
1.02509
1.02436
1.01741
1.00871
1.0047
1.00418
1.00516
1.01226
1.02188
1.02738
1.03816
1.19719
1.63286
0.888402
0.88943
0.890362
0.893269
0.900424
0.904948
0.906829
0.907933
0.908961
0.909643
0.907171
0.904205
0.904017
0.904866
0.905924
0.907069
0.910193
0.918096
0.923437
0.925681
0.927061
0.928179
0.928371
0.924442
0.921038
0.920675
0.921279
0.922285
0.923522
0.926593
0.935074
0.941614
0.944231
0.945674
0.946796
0.94777
0.944984
0.939842
0.938316
0.938519
0.939172
0.940409
0.94299
0.951563
0.959883
0.963356
0.964933
0.965986
0.967349
0.966742
0.960948
0.956838
0.956136
0.956469
0.957501
0.959451
0.967044
0.977493
0.982522
0.98449
0.98559
0.986978
0.988016
0.984091
0.977742
0.975337
0.97515
0.975746
0.977631
0.984986
0.99587
1.00204
1.00462
1.0063
1.00776
1.00854
1.0047
0.997106
0.992915
0.992295
0.993218
0.995762
1.00451
1.0148
1.0206
1.02347
1.02511
1.026
1.0255
1.0191
1.00976
1.00451
1.00316
1.00365
1.01116
1.02028
1.0347
1.20729
1.6353
0.889749
0.890434
0.891356
0.892715
0.897353
0.904559
0.90796
0.909479
0.91047
0.911478
0.911361
0.907774
0.905833
0.906161
0.906991
0.907915
0.909133
0.913318
0.921726
0.926466
0.928535
0.929883
0.930967
0.930426
0.925453
0.922276
0.922374
0.923465
0.924617
0.925761
0.929122
0.937992
0.944012
0.94645
0.948162
0.949663
0.950455
0.946761
0.941151
0.939499
0.940226
0.941453
0.942702
0.945113
0.953551
0.961501
0.964857
0.96699
0.968787
0.970183
0.969306
0.963232
0.958312
0.957471
0.958444
0.959923
0.961798
0.968587
0.978301
0.983127
0.985748
0.988024
0.989746
0.990557
0.986459
0.979273
0.97581
0.97578
0.977106
0.979341
0.986481
0.997193
1.00316
1.0058
1.00778
1.0097
1.01087
1.00729
0.999004
0.993964
0.99297
0.993909
0.996013
1.00405
1.01509
1.02164
1.02452
1.02575
1.02638
1.02602
1.02053
1.01081
1.00405
1.00161
1.00224
1.00968
1.02742
1.21491
1.63674
0.891465
0.891615
0.892507
0.893531
0.895344
0.901473
0.908062
0.910799
0.912176
0.913154
0.914065
0.912589
0.908576
0.907311
0.907805
0.908792
0.909888
0.911473
0.916798
0.924978
0.929051
0.930919
0.932276
0.933326
0.932261
0.927307
0.924768
0.924805
0.925374
0.926357
0.92773
0.931976
0.941109
0.946848
0.949137
0.950394
0.951428
0.952354
0.949112
0.943828
0.942269
0.942413
0.942991
0.944221
0.946977
0.95598
0.964382
0.96787
0.969449
0.970506
0.97193
0.971938
0.966469
0.961463
0.960216
0.960189
0.960972
0.962834
0.970065
0.980807
0.986414
0.988642
0.990004
0.991131
0.992067
0.988811
0.981907
0.978448
0.978062
0.978788
0.980412
0.986675
0.997709
1.00488
1.00814
1.00993
1.01137
1.01229
1.00929
1.00119
0.995568
0.994145
0.994795
0.996635
1.00406
1.01509
1.02188
1.02463
1.02577
1.02648
1.02639
1.02198
1.01218
1.00339
0.999803
0.999629
1.01708
1.21804
1.63698
0.893853
0.892985
0.893656
0.894602
0.895645
0.898139
0.905439
0.911363
0.913702
0.914883
0.915789
0.91636
0.913322
0.909532
0.909089
0.909949
0.911057
0.912115
0.913666
0.919746
0.927849
0.931578
0.933393
0.934819
0.935959
0.934369
0.928745
0.926045
0.926387
0.927518
0.92868
0.929924
0.934252
0.943403
0.948731
0.950982
0.952761
0.954263
0.954982
0.951235
0.945386
0.943372
0.943959
0.945195
0.946537
0.949046
0.957555
0.965584
0.96907
0.97129
0.973122
0.974516
0.974321
0.96857
0.962596
0.960993
0.961751
0.963255
0.965353
0.971958
0.981972
0.987188
0.98949
0.991375
0.993151
0.994491
0.991981
0.984585
0.979763
0.978742
0.979588
0.981157
0.986845
0.998384
1.00614
1.00932
1.01118
1.01292
1.01416
1.01191
1.00396
0.997549
0.995373
0.995499
0.996607
1.00298
1.01459
1.02192
1.02463
1.02571
1.02664
1.02686
1.02345
1.01327
1.00279
0.996564
1.00422
1.21457
1.63572
0.897018
0.894626
0.894876
0.895812
0.896839
0.897977
0.901147
0.908964
0.914168
0.91632
0.917549
0.918521
0.918397
0.914299
0.911351
0.911265
0.911911
0.912844
0.914009
0.916042
0.922907
0.930573
0.933933
0.935534
0.936695
0.937689
0.93622
0.931095
0.928775
0.92883
0.929353
0.930314
0.931782
0.936739
0.946095
0.951528
0.953665
0.954822
0.955876
0.956944
0.954007
0.94833
0.946288
0.946309
0.946744
0.947888
0.950509
0.959437
0.968215
0.971916
0.973482
0.974412
0.975736
0.976218
0.97149
0.96595
0.964269
0.964237
0.964718
0.966288
0.972497
0.983207
0.989682
0.99248
0.994115
0.995646
0.996827
0.994445
0.987003
0.981734
0.980537
0.981351
0.983029
0.987899
0.998834
1.00745
1.01141
1.01319
1.01458
1.0157
1.01406
1.00608
0.998505
0.995476
0.995447
0.996699
1.00271
1.01424
1.02185
1.0246
1.02571
1.02678
1.02704
1.02426
1.01375
0.999868
0.996371
1.2041
1.63342
0.90089
0.897711
0.896556
0.897112
0.897977
0.898887
0.900016
0.903831
0.912036
0.916892
0.918967
0.920181
0.921121
0.920412
0.91563
0.912791
0.91295
0.914014
0.915156
0.916201
0.918156
0.925463
0.932899
0.936017
0.937705
0.939169
0.940299
0.938448
0.932758
0.930015
0.930297
0.931414
0.932592
0.933904
0.938589
0.947801
0.95297
0.955252
0.957127
0.958635
0.959521
0.956527
0.95032
0.947417
0.947586
0.948707
0.95008
0.952395
0.960512
0.968802
0.972483
0.974884
0.976962
0.97858
0.97896
0.974388
0.967785
0.964803
0.964877
0.966144
0.96799
0.97398
0.984696
0.991347
0.994095
0.995592
0.996903
0.998485
0.997652
0.99071
0.984566
0.982691
0.982725
0.983625
0.98731
0.998001
1.00765
1.01205
1.01412
1.01555
1.01663
1.01577
1.0088
1.00053
0.996688
0.996071
0.996842
1.00205
1.01352
1.02128
1.02403
1.02544
1.02681
1.02706
1.02431
1.01081
0.997547
1.19003
1.63175
0.904006
0.902603
0.898931
0.89824
0.898799
0.899719
0.9007
0.902063
0.906514
0.914711
0.919263
0.921295
0.92269
0.923705
0.922551
0.9177
0.915339
0.915419
0.915929
0.916797
0.917981
0.920494
0.928253
0.935431
0.938453
0.93994
0.940929
0.942014
0.940738
0.935468
0.932852
0.932768
0.933149
0.934046
0.935514
0.940619
0.950208
0.955788
0.957938
0.959096
0.960138
0.961373
0.959503
0.953497
0.950396
0.950016
0.950221
0.951165
0.953389
0.961775
0.971363
0.975866
0.977827
0.979216
0.980517
0.981144
0.977168
0.970465
0.967428
0.967394
0.968237
0.969575
0.974163
0.984239
0.991481
0.995017
0.997743
0.999757
1.00114
1.00021
0.992892
0.985531
0.982799
0.98303
0.984271
0.987457
0.997548
1.00805
1.01289
1.01496
1.01677
1.01822
1.01775
1.01101
1.00169
0.996822
0.995965
0.996786
1.00122
1.01242
1.02039
1.0234
1.02523
1.02667
1.02705
1.02139
1.00913
1.17934
1.63124
0.905993
0.907134
0.903482
0.900312
0.900087
0.900816
0.901719
0.902554
0.903819
0.908833
0.917416
0.921902
0.92384
0.925201
0.926199
0.924763
0.919443
0.916659
0.916871
0.917922
0.919045
0.920101
0.922426
0.93034
0.937354
0.940216
0.941986
0.943534
0.944707
0.943153
0.937367
0.934044
0.934017
0.935054
0.936293
0.937617
0.9422
0.951454
0.956849
0.959283
0.961256
0.962814
0.963939
0.962199
0.955891
0.951641
0.951048
0.951997
0.953495
0.955646
0.962988
0.972302
0.976792
0.978844
0.98038
0.981954
0.983318
0.980953
0.97392
0.969374
0.968307
0.968854
0.970106
0.974127
0.985171
0.994238
0.998044
0.999731
1.00069
1.00184
1.0018
0.995725
0.988167
0.985037
0.984858
0.9858
0.988345
0.997396
1.00851
1.01434
1.0165
1.01777
1.01878
1.01857
1.01289
1.00318
0.997342
0.996005
0.996645
1.0005
1.01104
1.01911
1.02272
1.02497
1.02665
1.02572
1.02135
1.17642
1.63205
0.907743
0.909682
0.90908
0.904742
0.902094
0.901869
0.902278
0.903187
0.904331
0.906067
0.911883
0.920174
0.924182
0.92594
0.927217
0.928155
0.926826
0.921897
0.919386
0.919304
0.91969
0.920517
0.921757
0.92461
0.932857
0.93993
0.942846
0.94426
0.945183
0.946378
0.945646
0.940329
0.936988
0.936606
0.936875
0.937617
0.938989
0.943686
0.95348
0.959625
0.962003
0.963212
0.964205
0.965528
0.965029
0.959305
0.954777
0.953885
0.954014
0.954693
0.956381
0.963008
0.972814
0.978402
0.981116
0.983214
0.984808
0.985876
0.983671
0.976207
0.970827
0.969724
0.97068
0.972336
0.975643
0.98521
0.993985
0.99795
1.00028
1.0025
1.00408
1.00449
0.999176
0.990977
0.986824
0.986082
0.986611
0.988251
0.996257
1.0078
1.01384
1.01632
1.01809
1.01952
1.01989
1.01503
1.0048
0.997897
0.99619
0.996512
0.999413
1.00917
1.01768
1.02208
1.02509
1.02562
1.02949
1.18062
1.63419
0.908873
0.911528
0.912254
0.910869
0.905677
0.903063
0.903359
0.904378
0.9055
0.90658
0.908256
0.914378
0.922492
0.926285
0.928063
0.929471
0.930627
0.929354
0.923753
0.920534
0.920586
0.921604
0.922774
0.923903
0.926404
0.934525
0.941448
0.944308
0.946187
0.947787
0.949031
0.948194
0.942651
0.938342
0.937645
0.938516
0.939749
0.941138
0.945166
0.954341
0.960354
0.963042
0.965155
0.966834
0.968128
0.96764
0.96184
0.95611
0.954327
0.954802
0.956093
0.957837
0.96377
0.97439
0.980916
0.98347
0.984659
0.98569
0.987057
0.986332
0.979697
0.974178
0.972625
0.972264
0.972805
0.975253
0.984523
0.995398
1.00098
1.00322
1.00467
1.006
1.0065
1.0017
0.992918
0.987508
0.986266
0.986998
0.988689
0.99543
1.00725
1.01474
1.01787
1.01946
1.02056
1.02089
1.01678
1.00624
0.9983
0.995964
0.996031
0.998144
1.00725
1.01616
1.02195
1.02402
1.03305
1.19002
1.63709
0.908755
0.912672
0.91376
0.914588
0.912257
0.907187
0.905471
0.905863
0.906531
0.907357
0.908464
0.910415
0.916961
0.924884
0.928547
0.930188
0.931236
0.932066
0.931186
0.926375
0.923406
0.923182
0.923535
0.924253
0.92544
0.928246
0.936649
0.943984
0.947019
0.948436
0.94931
0.950517
0.950603
0.945886
0.941404
0.940406
0.940539
0.941037
0.942264
0.946097
0.955749
0.96296
0.965877
0.967277
0.968127
0.969362
0.969845
0.965096
0.958899
0.956854
0.957276
0.958372
0.959703
0.964455
0.974416
0.980841
0.983823
0.986353
0.988336
0.989756
0.989045
0.982154
0.975056
0.972529
0.97293
0.974369
0.976878
0.984829
0.995742
1.00169
1.00412
1.00547
1.00663
1.00777
1.00491
0.996158
0.989824
0.98795
0.988092
0.989402
0.995045
1.00671
1.01504
1.01862
1.02016
1.02082
1.02097
1.01783
1.00785
0.999088
0.995838
0.995304
0.996664
1.0053
1.01534
1.02037
1.03381
1.20114
1.6401
0.906104
0.912769
0.914293
0.915471
0.916265
0.914296
0.90931
0.907206
0.907579
0.908649
0.909733
0.910733
0.912359
0.918809
0.926649
0.930108
0.931797
0.933282
0.934538
0.933863
0.928687
0.924794
0.924345
0.925261
0.926454
0.927613
0.929929
0.937862
0.945059
0.948137
0.950091
0.951793
0.953119
0.953244
0.948682
0.943179
0.941333
0.941832
0.942969
0.94436
0.947507
0.956309
0.963484
0.966646
0.968824
0.970712
0.972142
0.972575
0.968373
0.961849
0.958989
0.958594
0.959021
0.960122
0.964327
0.975046
0.983528
0.987076
0.988804
0.989945
0.990835
0.990666
0.985081
0.978274
0.975693
0.975453
0.975799
0.977101
0.98322
0.994443
1.00156
1.00463
1.00706
1.00887
1.00988
1.00752
0.998811
0.991461
0.988981
0.989036
0.989838
0.994
1.00541
1.01443
1.01833
1.01998
1.02083
1.02123
1.01906
1.00976
1.00001
0.995416
0.994084
0.994918
1.00407
1.01316
1.03085
1.21203
1.64255
0.900577
0.909825
0.913996
0.916077
0.917446
0.918499
0.917041
0.912287
0.910177
0.910245
0.91061
0.911265
0.912322
0.914244
0.920775
0.928643
0.932336
0.933994
0.934996
0.936095
0.936174
0.931776
0.927822
0.927114
0.927347
0.927859
0.928936
0.931322
0.939307
0.947305
0.950829
0.952399
0.953341
0.954548
0.955391
0.952079
0.946396
0.944225
0.944077
0.944325
0.945336
0.948087
0.957046
0.965727
0.969687
0.971516
0.97285
0.974179
0.975024
0.971532
0.964333
0.960237
0.959682
0.960694
0.96226
0.9658
0.975423
0.983857
0.98759
0.9895
0.991247
0.992842
0.993468
0.98921
0.981287
0.976457
0.975389
0.9761
0.977457
0.982495
0.994385
1.00352
1.00716
1.00874
1.00986
1.01065
1.00903
1.00112
0.992997
0.989458
0.989105
0.989924
0.992995
1.00378
1.01417
1.01903
1.02067
1.02111
1.02129
1.01981
1.01173
1.00111
0.994705
0.992335
0.993372
1.00189
1.02355
1.22045
1.64401
0.897463
0.902614
0.911296
0.916289
0.918509
0.920112
0.921219
0.91985
0.914568
0.911505
0.911467
0.912368
0.913361
0.914267
0.915741
0.921994
0.93005
0.9338
0.935774
0.937466
0.938791
0.938878
0.934418
0.929465
0.928094
0.928718
0.929806
0.930948
0.932848
0.940043
0.948024
0.951711
0.953884
0.955753
0.957148
0.95796
0.955021
0.94867
0.945245
0.945054
0.946038
0.947384
0.949646
0.957315
0.966158
0.970474
0.972524
0.974019
0.975454
0.976721
0.97485
0.967969
0.963371
0.962445
0.962521
0.963217
0.965542
0.974259
0.984324
0.989732
0.992147
0.993658
0.995015
0.995847
0.992296
0.983902
0.978466
0.977257
0.977952
0.979243
0.982993
0.993677
1.00295
1.007
1.00897
1.01041
1.01159
1.01095
1.00407
0.995117
0.990559
0.989576
0.990068
0.992655
1.00289
1.01389
1.01908
1.02057
1.02093
1.02118
1.02025
1.01366
1.00241
0.993572
0.990284
0.99037
1.01286
1.22413
1.64418
0.896975
0.898967
0.905261
0.914338
0.91905
0.920921
0.922202
0.923147
0.922153
0.91737
0.914325
0.913809
0.913842
0.914367
0.91548
0.917382
0.924069
0.9325
0.936536
0.938238
0.939241
0.940325
0.941042
0.937678
0.932539
0.930825
0.930784
0.931058
0.932013
0.933906
0.94108
0.950114
0.954529
0.956334
0.95736
0.958423
0.959643
0.958198
0.952128
0.948305
0.947593
0.947616
0.948262
0.950028
0.957097
0.966862
0.972064
0.974426
0.976484
0.978121
0.979243
0.977756
0.970691
0.964573
0.962604
0.962998
0.964201
0.966377
0.97402
0.98496
0.99111
0.993567
0.994887
0.995986
0.997244
0.995677
0.98791
0.98129
0.97908
0.978801
0.979337
0.981926
0.991987
1.00311
1.00854
1.0107
1.01196
1.01306
1.01294
1.00677
0.997146
0.991772
0.990345
0.990447
0.991931
1.00144
1.01322
1.01875
1.02013
1.02055
1.02098
1.02062
1.01545
1.00348
0.99275
0.98637
0.999204
1.22077
1.64259
0.89762
0.89917
0.902078
0.909057
0.917508
0.921256
0.922903
0.924316
0.925492
0.924879
0.919387
0.915065
0.91453
0.915335
0.916474
0.917683
0.919376
0.92552
0.933757
0.937746
0.939813
0.941588
0.942935
0.943635
0.940356
0.934309
0.931614
0.931793
0.932793
0.934068
0.935819
0.941917
0.950598
0.955095
0.957432
0.95949
0.961
0.962163
0.961014
0.954871
0.949706
0.948335
0.948987
0.950269
0.952059
0.95764
0.967681
0.974266
0.976939
0.978255
0.979071
0.980231
0.980074
0.974165
0.967379
0.965021
0.965211
0.966178
0.967591
0.973247
0.983865
0.990917
0.994154
0.996619
0.998498
0.999642
0.998352
0.990499
0.98244
0.979197
0.979226
0.980385
0.982758
0.991421
1.00302
1.00942
1.01179
1.01284
1.01366
1.01384
1.00912
0.999343
0.992384
0.989971
0.990033
0.991448
1.00019
1.01236
1.01817
1.01954
1.02012
1.02087
1.02092
1.01672
1.00403
0.989688
0.990061
1.20988
1.6398
0.899403
0.901396
0.903595
0.905993
0.912145
0.919723
0.923372
0.924988
0.925931
0.926389
0.925681
0.9214
0.917772
0.917228
0.917711
0.918309
0.919276
0.92094
0.926999
0.935831
0.940424
0.942253
0.943237
0.943929
0.944913
0.943099
0.937464
0.934558
0.934304
0.934597
0.935328
0.936791
0.942351
0.952007
0.957773
0.960082
0.961306
0.962166
0.963444
0.963601
0.958604
0.952918
0.951225
0.951411
0.951938
0.95309
0.957309
0.967094
0.974133
0.977261
0.979492
0.981412
0.982793
0.98295
0.977892
0.970554
0.967016
0.966339
0.966783
0.967862
0.972177
0.983555
0.992875
0.996747
0.998317
0.999096
1.00003
0.999941
0.993816
0.985701
0.982057
0.981352
0.98166
0.982791
0.989679
1.00187
1.00905
1.01171
1.01318
1.0144
1.01495
1.01098
1.00119
0.993396
0.990422
0.990088
0.991161
0.999088
1.01119
1.01717
1.01876
1.01978
1.02091
1.02114
1.01718
1.00113
0.989874
1.19478
1.6377
0.903047
0.904888
0.906241
0.906945
0.908152
0.912996
0.920368
0.924041
0.925627
0.926849
0.928118
0.928326
0.924527
0.919997
0.918616
0.919226
0.920392
0.921565
0.922904
0.92802
0.936566
0.941105
0.943158
0.944819
0.946262
0.94735
0.945998
0.94023
0.936037
0.935285
0.936095
0.937342
0.938869
0.943178
0.952113
0.957992
0.960723
0.962898
0.964722
0.966056
0.966309
0.961469
0.954743
0.951845
0.951762
0.952606
0.953773
0.95698
0.966825
0.975945
0.98012
0.982005
0.983274
0.984546
0.98534
0.981522
0.973419
0.968435
0.967443
0.968309
0.96975
0.972894
0.982487
0.991842
0.996109
0.998517
1.00074
1.00217
1.00248
0.99742
0.988327
0.982738
0.981287
0.981747
0.982928
0.988633
1.00115
1.00979
1.01292
1.01404
1.01488
1.01539
1.01306
1.00386
0.994564
0.990554
0.989995
0.990754
0.997428
1.00958
1.01599
1.01805
1.01964
1.02099
1.02129
1.01369
1.00139
1.18256
1.63689
0.90849
0.90753
0.907229
0.907229
0.907517
0.908363
0.912404
0.92012
0.924831
0.926993
0.928373
0.929726
0.930732
0.928402
0.92366
0.921849
0.921848
0.922063
0.922789
0.924074
0.928693
0.937553
0.943113
0.94543
0.946628
0.947591
0.948882
0.948908
0.944113
0.939435
0.938227
0.938248
0.938571
0.939677
0.943179
0.952363
0.960058
0.9635
0.965089
0.965974
0.967059
0.967993
0.964831
0.957774
0.9539
0.953418
0.954331
0.95565
0.958111
0.966257
0.975785
0.980629
0.982943
0.984523
0.985862
0.986781
0.984894
0.977376
0.971681
0.970031
0.969561
0.969953
0.972054
0.981005
0.992675
0.998831
1.00111
1.00239
1.00339
1.00385
0.999915
0.99081
0.984499
0.982534
0.982716
0.983722
0.988375
1.00001
1.00907
1.01266
1.01438
1.01584
1.01662
1.01472
1.00553
0.995118
0.99031
0.989552
0.990402
0.996306
1.00782
1.01457
1.01742
1.01948
1.02107
1.01953
1.01481
1.17861
1.63759
0.915882
0.910269
0.907396
0.906693
0.906508
0.906746
0.907663
0.911826
0.920372
0.926108
0.929117
0.931473
0.933036
0.934047
0.931872
0.926181
0.922957
0.922781
0.923581
0.924542
0.925576
0.928918
0.937365
0.943456
0.946317
0.948607
0.950337
0.951615
0.951764
0.947364
0.941449
0.93905
0.939268
0.940299
0.941576
0.94408
0.951977
0.960011
0.963882
0.966231
0.968346
0.969855
0.970785
0.968389
0.961466
0.956905
0.955907
0.955897
0.956373
0.958015
0.965182
0.976101
0.982325
0.984899
0.986458
0.988193
0.989343
0.987955
0.980079
0.972653
0.970075
0.970351
0.971629
0.97374
0.98083
0.992166
0.998698
1.00124
1.00262
1.00381
1.0048
1.0029
0.99444
0.986674
0.983728
0.983505
0.984094
0.987061
0.998229
1.00902
1.01356
1.01509
1.01595
1.01636
1.01548
1.00777
0.996477
0.99075
0.989811
0.990188
0.994626
1.00556
1.01306
1.01687
1.01959
1.01976
1.0243
1.1825
1.63963
0.922074
0.915687
0.908454
0.905902
0.905146
0.90561
0.906662
0.908511
0.913607
0.923462
0.929963
0.932491
0.93398
0.935174
0.936084
0.934752
0.929464
0.925822
0.924888
0.924634
0.92503
0.926135
0.92943
0.938465
0.946168
0.949391
0.950921
0.951854
0.952937
0.95382
0.950953
0.94488
0.941982
0.941503
0.941512
0.942282
0.944193
0.951649
0.961574
0.966942
0.969241
0.970674
0.971933
0.973077
0.971701
0.964773
0.95863
0.956544
0.956902
0.958083
0.959791
0.964937
0.975449
0.983294
0.986795
0.988281
0.989096
0.989924
0.989731
0.983683
0.976408
0.973494
0.97288
0.972857
0.973758
0.978902
0.99062
0.998867
1.00228
1.00419
1.00578
1.00674
1.00521
0.996942
0.988138
0.984243
0.983817
0.984722
0.987389
0.997161
1.00781
1.01253
1.0146
1.01634
1.01709
1.01648
1.00935
0.997495
0.990837
0.989405
0.989603
0.99299
1.00322
1.01139
1.01677
1.01855
1.02889
1.19176
1.64247
0.922911
0.919888
0.912643
0.906731
0.905475
0.906112
0.90736
0.90902
0.911467
0.917283
0.927311
0.932716
0.934826
0.936003
0.937208
0.938223
0.937431
0.931563
0.926321
0.925167
0.925765
0.926837
0.928358
0.931336
0.939375
0.946748
0.950162
0.952201
0.954083
0.955445
0.956338
0.953997
0.947312
0.942905
0.942164
0.942953
0.944283
0.946046
0.951525
0.961247
0.967376
0.970124
0.971725
0.973005
0.974219
0.974269
0.969033
0.962214
0.95949
0.959089
0.95918
0.960092
0.963886
0.97448
0.983271
0.986808
0.988772
0.990873
0.992279
0.992581
0.987611
0.978983
0.973776
0.972606
0.97324
0.974504
0.97876
0.990069
0.999868
1.00392
1.00533
1.0061
1.007
1.00679
1.00021
0.990779
0.986077
0.985024
0.985151
0.986433
0.994927
1.00723
1.01369
1.01585
1.01665
1.0168
1.01643
1.01089
0.999283
0.991577
0.989223
0.98873
0.99106
1.00095
1.01071
1.0152
1.03057
1.20313
1.6455
0.91799
0.916284
0.914771
0.911641
0.908699
0.908682
0.91012
0.912186
0.914392
0.91676
0.921042
0.929244
0.934309
0.936412
0.937433
0.937643
0.937833
0.937647
0.933727
0.929167
0.927965
0.928426
0.929244
0.930241
0.932265
0.939472
0.948195
0.952668
0.954553
0.955539
0.956208
0.957296
0.956625
0.950947
0.946171
0.944984
0.944957
0.945237
0.946412
0.950671
0.960535
0.968027
0.971372
0.973438
0.975381
0.97666
0.976994
0.972491
0.964641
0.960306
0.959603
0.960423
0.961758
0.964586
0.973488
0.983837
0.989226
0.991321
0.992573
0.993539
0.994032
0.990455
0.981927
0.976268
0.974781
0.97508
0.975906
0.97857
0.988525
0.998547
1.00303
1.00541
1.00742
1.00857
1.00842
1.00239
0.992247
0.986296
0.984896
0.985424
0.986898
0.994092
1.00595
1.01263
1.01517
1.0164
1.01689
1.01681
1.01242
1.00109
0.992174
0.988518
0.987298
0.989183
0.999784
1.00836
1.02848
1.21442
1.64806
0.913774
0.915445
0.916225
0.917227
0.917117
0.915828
0.915368
0.916169
0.917545
0.918793
0.919442
0.921345
0.927505
0.932942
0.935427
0.936958
0.938338
0.939638
0.940252
0.937384
0.932367
0.930051
0.930145
0.931216
0.93253
0.93405
0.93932
0.947838
0.952642
0.95494
0.956895
0.958573
0.959823
0.959634
0.954268
0.948052
0.94567
0.945879
0.946927
0.948356
0.951426
0.960181
0.969324
0.973722
0.975473
0.976384
0.977333
0.978366
0.976103
0.968606
0.963441
0.962101
0.962069
0.96266
0.964383
0.972077
0.983353
0.989254
0.991556
0.992879
0.994109
0.995269
0.993709
0.98604
0.978632
0.975684
0.975422
0.976237
0.978063
0.98679
0.998815
1.00497
1.00704
1.00789
1.00861
1.00918
1.00519
0.995264
0.988497
0.986377
0.985915
0.986252
0.991677
1.00434
1.0131
1.01627
1.01678
1.01668
1.01639
1.01341
1.00334
0.993121
0.987653
0.985496
0.987717
0.997325
1.02162
1.22349
1.64956
0.908764
0.91536
0.918913
0.922533
0.925499
0.926375
0.924168
0.921342
0.919992
0.918984
0.917833
0.917506
0.91888
0.924745
0.932107
0.936255
0.938289
0.939842
0.94183
0.943245
0.942241
0.937342
0.93399
0.9332
0.932864
0.933171
0.934339
0.938631
0.94766
0.954321
0.957337
0.958835
0.959817
0.961147
0.962058
0.958579
0.952067
0.949057
0.948758
0.949138
0.949839
0.951575
0.95885
0.968396
0.973284
0.975847
0.978127
0.979705
0.980736
0.979163
0.97185
0.965169
0.962723
0.962858
0.963858
0.965347
0.970818
0.98188
0.989544
0.992894
0.994849
0.996418
0.997479
0.996468
0.989156
0.980718
0.976889
0.976509
0.977509
0.979214
0.986025
0.997242
1.0037
1.00665
1.00889
1.01015
1.01057
1.00709
0.997057
0.988914
0.985867
0.985661
0.986301
0.990963
1.00318
1.01234
1.01551
1.01609
1.01623
1.01636
1.01448
1.00569
0.99405
0.986115
0.983487
0.984777
1.01113
1.22827
1.64989
0.901257
0.914169
0.923071
0.92927
0.932454
0.933977
0.933508
0.928722
0.922258
0.917935
0.915519
0.914882
0.915402
0.917006
0.923048
0.931768
0.937223
0.941013
0.944223
0.946101
0.947366
0.946606
0.940796
0.935086
0.933329
0.933714
0.934647
0.935738
0.938325
0.9463
0.953767
0.957574
0.960443
0.96288
0.964376
0.965185
0.962066
0.954959
0.950344
0.949089
0.949333
0.950098
0.951496
0.957582
0.968629
0.975709
0.97845
0.979701
0.980472
0.98163
0.981734
0.976277
0.968757
0.965231
0.964545
0.964903
0.965986
0.970114
0.981043
0.990507
0.994589
0.996119
0.996863
0.997867
0.998266
0.993001
0.984051
0.979357
0.978213
0.978013
0.97878
0.984116
0.99673
1.00554
1.00864
1.0096
1.00999
1.01057
1.00898
1.00025
0.991299
0.987324
0.986058
0.985848
0.988891
1.00119
1.01199
1.01571
1.01603
1.01588
1.01598
1.01508
1.00795
0.994914
0.984846
0.979076
0.997215
1.22598
1.64836
0.896291
0.909592
0.926516
0.933348
0.935861
0.937104
0.936931
0.935154
0.92879
0.918969
0.914593
0.914094
0.914696
0.916054
0.91847
0.924515
0.935553
0.942544
0.945473
0.94713
0.948359
0.949157
0.948594
0.943108
0.937446
0.935414
0.934977
0.935039
0.935938
0.938086
0.946052
0.956081
0.961263
0.963464
0.964796
0.965691
0.966665
0.965239
0.958299
0.952341
0.950365
0.950681
0.951764
0.953316
0.957731
0.967614
0.974936
0.978275
0.980697
0.982771
0.984077
0.984408
0.979839
0.971539
0.966658
0.965649
0.966402
0.967455
0.970024
0.97934
0.989172
0.993832
0.996423
0.998617
0.99989
1.00016
0.99545
0.98592
0.979832
0.978372
0.978965
0.980214
0.984217
0.995234
1.00396
1.00755
1.00973
1.01123
1.01196
1.01061
1.00217
0.991912
0.986592
0.985233
0.985425
0.988472
1.00025
1.01102
1.01453
1.01489
1.01531
1.01604
1.01578
1.00948
0.995116
0.981285
0.986644
1.21597
1.6454
0.899761
0.914865
0.92672
0.933435
0.936232
0.936991
0.935464
0.931838
0.92757
0.922354
0.916622
0.915001
0.915616
0.91732
0.920413
0.924468
0.930655
0.939953
0.945393
0.947724
0.948902
0.949415
0.949623
0.949536
0.945533
0.938894
0.935801
0.935719
0.936724
0.938472
0.940744
0.946717
0.955943
0.961422
0.963975
0.965594
0.966915
0.96803
0.967392
0.962156
0.95583
0.953267
0.953011
0.953179
0.953994
0.956886
0.96635
0.976304
0.981047
0.98291
0.983798
0.984608
0.985595
0.983416
0.9757
0.96948
0.967303
0.967116
0.967784
0.969503
0.977754
0.989814
0.996299
0.998531
0.99934
0.999932
1.00075
0.998186
0.989535
0.983023
0.980697
0.979747
0.979788
0.982397
0.993488
1.00496
1.00971
1.01093
1.01132
1.01164
1.0112
1.00482
0.994359
0.987952
0.985801
0.985462
0.987159
0.998178
1.00977
1.01371
1.01443
1.01519
1.01619
1.01614
1.01004
0.991823
0.984324
1.20074
1.64295
0.909808
0.918053
0.922639
0.927633
0.93043
0.930399
0.92864
0.926758
0.925494
0.924777
0.923242
0.921146
0.921081
0.92291
0.925347
0.927452
0.9292
0.932498
0.939368
0.944505
0.946615
0.947451
0.947581
0.948344
0.949542
0.948436
0.943133
0.939809
0.939412
0.939813
0.940193
0.941295
0.945513
0.955131
0.9626
0.966014
0.967638
0.968811
0.970067
0.970392
0.966214
0.958826
0.954525
0.953784
0.954583
0.955951
0.95821
0.965505
0.975226
0.980404
0.982987
0.985201
0.986812
0.987847
0.986501
0.979102
0.971492
0.968325
0.96828
0.969405
0.97113
0.97713
0.988159
0.994865
0.997803
1.0002
1.00189
1.00276
1.00071
0.991879
0.983345
0.979956
0.979815
0.980741
0.983124
0.992564
1.00351
1.00828
1.01005
1.01161
1.01274
1.01272
1.00704
0.995521
0.987405
0.984691
0.984656
0.986706
0.997007
1.00832
1.01243
1.01365
1.01506
1.01642
1.01638
1.006
0.993727
1.18699
1.64176
0.918109
0.920894
0.920782
0.918632
0.917614
0.919081
0.921803
0.923931
0.925206
0.926588
0.92892
0.931122
0.931845
0.93109
0.930309
0.93012
0.929933
0.929548
0.930094
0.934027
0.940058
0.944116
0.946717
0.949491
0.951756
0.953124
0.952803
0.947931
0.942783
0.940591
0.940753
0.941778
0.943069
0.945717
0.953854
0.962459
0.966837
0.968802
0.969854
0.970778
0.971911
0.970339
0.963469
0.958245
0.956804
0.956565
0.956785
0.95803
0.96365
0.974674
0.982282
0.985351
0.986658
0.987382
0.988503
0.988877
0.983466
0.975249
0.97136
0.970396
0.970009
0.970786
0.975201
0.986988
0.996628
1.00047
1.0018
1.00237
1.00298
1.00225
0.995088
0.986522
0.982635
0.981306
0.980822
0.981855
0.98973
1.00258
1.00959
1.01157
1.01232
1.01286
1.01275
1.00864
0.997478
0.988303
0.985141
0.984912
0.986214
0.995197
1.00635
1.01102
1.01317
1.01514
1.01667
1.01397
1.0079
1.18087
1.64208
0.925027
0.923134
0.916
0.908935
0.906471
0.907611
0.912421
0.919113
0.924456
0.929751
0.935918
0.940488
0.942382
0.941611
0.937727
0.933381
0.929436
0.925718
0.924355
0.925125
0.929199
0.937992
0.945987
0.950356
0.953003
0.955262
0.956965
0.957506
0.953348
0.946716
0.943702
0.943193
0.943019
0.943392
0.944875
0.951344
0.960907
0.966439
0.969204
0.971772
0.973529
0.974611
0.973642
0.96711
0.960154
0.957285
0.957271
0.958295
0.959673
0.963271
0.97285
0.980997
0.984798
0.987422
0.989661
0.990945
0.991291
0.986491
0.977146
0.971496
0.970276
0.970892
0.972205
0.975684
0.986097
0.995693
0.999696
1.00167
1.00356
1.00471
1.00458
0.998339
0.988045
0.981863
0.980362
0.980736
0.982126
0.989101
1.00163
1.00863
1.01077
1.01198
1.01314
1.01357
1.01053
0.999384
0.988701
0.984794
0.984572
0.985584
0.993104
1.00411
1.0098
1.01294
1.01536
1.01519
1.01907
1.18347
1.64384
0.931348
0.920636
0.908757
0.901982
0.900245
0.90077
0.902937
0.909864
0.922244
0.93471
0.943678
0.947677
0.949427
0.949739
0.946138
0.936709
0.927959
0.923476
0.922247
0.92271
0.924077
0.928551
0.939155
0.948806
0.9541
0.957549
0.959624
0.960863
0.960905
0.956577
0.948487
0.94352
0.942226
0.942502
0.943333
0.944643
0.950055
0.961224
0.969144
0.972288
0.973754
0.974574
0.975395
0.975636
0.971168
0.963913
0.960343
0.959425
0.959005
0.959544
0.96194
0.971123
0.98205
0.987524
0.989552
0.990509
0.991304
0.992118
0.989219
0.980675
0.974805
0.973003
0.972546
0.972716
0.974522
0.983596
0.995542
1.00168
1.0037
1.00471
1.00537
1.00526
1.00034
0.990342
0.983908
0.981988
0.981829
0.98227
0.987046
0.9995
1.00827
1.01157
1.01282
1.0135
1.01368
1.01136
1.00083
0.989357
0.984872
0.984351
0.984911
0.991213
1.00177
1.00846
1.01308
1.01439
1.02514
1.19176
1.64647
0.937303
0.920867
0.905491
0.900103
0.899102
0.899742
0.901519
0.905335
0.917211
0.936877
0.946902
0.949878
0.951119
0.950742
0.948137
0.942024
0.931239
0.923784
0.922314
0.922887
0.924429
0.927426
0.932694
0.943759
0.954276
0.95872
0.960443
0.96125
0.961494
0.961092
0.957778
0.949838
0.944509
0.943253
0.943767
0.944975
0.946837
0.951244
0.961032
0.968884
0.972424
0.974396
0.97622
0.977526
0.978089
0.974568
0.966427
0.96088
0.95942
0.959952
0.961171
0.963081
0.970001
0.980592
0.986494
0.989282
0.991647
0.993333
0.994292
0.992322
0.984115
0.976038
0.972551
0.972282
0.973094
0.974893
0.982829
0.994921
1.0013
1.00346
1.00456
1.0056
1.0063
1.00321
0.993336
0.984879
0.981648
0.981417
0.982105
0.986029
0.997944
1.00765
1.0114
1.01278
1.01333
1.01347
1.01192
1.00268
0.9908
0.985367
0.984086
0.983866
0.988829
0.999544
1.00818
1.01179
1.02761
1.20276
1.64939
0.93111
0.91623
0.907845
0.902518
0.900858
0.901352
0.904311
0.913066
0.925022
0.936344
0.944865
0.948764
0.949544
0.946217
0.940883
0.937141
0.933869
0.929023
0.926001
0.92621
0.928676
0.932532
0.936138
0.939665
0.946908
0.954744
0.958132
0.959106
0.958974
0.958389
0.958491
0.958136
0.953674
0.948431
0.946577
0.94691
0.94781
0.948834
0.951156
0.959432
0.969117
0.974233
0.976294
0.977154
0.97771
0.978638
0.977359
0.970324
0.964195
0.962165
0.961654
0.961657
0.962742
0.968162
0.98015
0.988753
0.992125
0.993582
0.99452
0.995182
0.994228
0.98702
0.978398
0.974573
0.973939
0.974302
0.975147
0.980827
0.993099
1.00125
1.00448
1.00599
1.00706
1.00767
1.00521
0.995678
0.986515
0.982862
0.982317
0.982653
0.985364
0.996121
1.00654
1.01116
1.01286
1.0135
1.01358
1.01232
1.00424
0.992051
0.985417
0.983108
0.982418
0.986996
0.99871
1.00601
1.02696
1.21422
1.65211
0.922829
0.917594
0.912897
0.908821
0.90725
0.908994
0.916062
0.924219
0.92905
0.93203
0.935781
0.938613
0.938452
0.936905
0.936131
0.936492
0.936781
0.936344
0.935243
0.935103
0.936303
0.937809
0.939113
0.94037
0.941212
0.943656
0.948942
0.953563
0.956181
0.95798
0.960005
0.961687
0.962313
0.959365
0.953487
0.949857
0.949102
0.94989
0.951216
0.95247
0.957342
0.966836
0.97293
0.975754
0.978011
0.979744
0.980861
0.980249
0.973867
0.9662
0.962618
0.962262
0.963285
0.964937
0.968672
0.978988
0.988025
0.991862
0.99346
0.994537
0.995539
0.99575
0.990902
0.981596
0.975721
0.974073
0.974433
0.975426
0.979895
0.991835
1.00149
1.00531
1.00661
1.0072
1.00768
1.00676
0.99888
0.988606
0.983601
0.982439
0.982446
0.983805
0.993575
1.00577
1.0117
1.01326
1.01328
1.01275
1.0118
1.0059
0.994117
0.985868
0.982073
0.980626
0.985796
0.996286
1.02169
1.2242
1.65386
0.915752
0.916937
0.917547
0.917456
0.91882
0.924351
0.929493
0.931769
0.932535
0.931556
0.927044
0.923452
0.924044
0.927895
0.932431
0.935724
0.938574
0.942518
0.946549
0.948304
0.947193
0.944491
0.942183
0.940162
0.937262
0.935633
0.936769
0.942418
0.950886
0.957047
0.960405
0.962723
0.965175
0.966931
0.965977
0.95998
0.95458
0.952424
0.951102
0.950411
0.951238
0.954947
0.965372
0.974334
0.978109
0.979635
0.980543
0.981731
0.982518
0.978539
0.970592
0.966325
0.965253
0.964786
0.96511
0.96722
0.976278
0.987088
0.992454
0.994714
0.996327
0.997526
0.997956
0.993944
0.984399
0.977648
0.97566
0.975821
0.976535
0.979532
0.990018
1.00011
1.00455
1.00665
1.00821
1.00881
1.00809
1.00079
0.989914
0.983802
0.982156
0.982288
0.983629
0.992408
1.00477
1.01085
1.01229
1.01247
1.01241
1.01201
1.00759
0.996238
0.985929
0.980084
0.978705
0.983313
1.01227
1.23053
1.65456
0.907624
0.914168
0.919222
0.92721
0.935996
0.940153
0.940416
0.938744
0.93488
0.926748
0.91643
0.912069
0.912415
0.916017
0.923749
0.932321
0.940738
0.950352
0.956582
0.958855
0.958679
0.954176
0.94633
0.938995
0.93359
0.930899
0.930845
0.932243
0.938505
0.950122
0.958681
0.964183
0.968453
0.970549
0.971668
0.970614
0.963759
0.955154
0.950886
0.950346
0.951026
0.952193
0.955032
0.963961
0.973043
0.977565
0.980591
0.983251
0.984735
0.985394
0.98209
0.97334
0.966647
0.96446
0.964667
0.965627
0.967371
0.974762
0.986608
0.993618
0.996133
0.997115
0.99782
0.998676
0.996842
0.988167
0.97996
0.976753
0.976255
0.976605
0.978336
0.987785
1.00011
1.00602
1.00771
1.00808
1.00834
1.00849
1.00336
0.992453
0.985435
0.983023
0.982216
0.982484
0.989944
1.00372
1.01122
1.01269
1.0123
1.0119
1.01165
1.0089
0.998565
0.98592
0.978111
0.974321
0.999591
1.23063
1.65363
0.897304
0.907635
0.923461
0.939937
0.949445
0.952095
0.951706
0.947277
0.936411
0.920641
0.910329
0.907586
0.907921
0.909403
0.913252
0.923359
0.941757
0.956015
0.961352
0.963443
0.964107
0.962312
0.955378
0.941835
0.932303
0.929684
0.929867
0.931058
0.933546
0.940192
0.95488
0.965592
0.969463
0.971172
0.972132
0.972489
0.971449
0.964656
0.955655
0.951841
0.951322
0.95185
0.952781
0.954731
0.962818
0.974711
0.981153
0.983583
0.984806
0.985436
0.985977
0.984382
0.976503
0.969015
0.966419
0.966296
0.966913
0.967897
0.973396
0.98497
0.99253
0.9957
0.99799
0.999585
1.00039
0.998943
0.990774
0.981548
0.977289
0.9767
0.977416
0.978973
0.986572
0.998341
1.00448
1.00695
1.00865
1.00947
1.00953
1.00497
0.9938
0.985333
0.982055
0.981588
0.982189
0.989357
1.00295
1.01019
1.01132
1.01109
1.01139
1.01191
1.01029
1.00031
0.985589
0.974121
0.986525
1.22329
1.65084
0.892106
0.897902
0.922939
0.945759
0.952953
0.954991
0.955545
0.952055
0.937877
0.919986
0.910742
0.908056
0.908194
0.909505
0.913066
0.923098
0.941375
0.955969
0.961754
0.96382
0.963527
0.959404
0.952319
0.94426
0.935786
0.931511
0.931181
0.932648
0.936518
0.942263
0.949637
0.960222
0.967431
0.970288
0.971288
0.971086
0.970197
0.969203
0.965234
0.957527
0.953271
0.952549
0.953446
0.955401
0.958255
0.964313
0.974468
0.980862
0.983551
0.984996
0.986285
0.987317
0.986689
0.98003
0.971814
0.967695
0.966736
0.967195
0.968142
0.972014
0.983767
0.993986
0.997989
0.999304
0.99983
1.00052
1.00043
0.994086
0.984326
0.979342
0.977885
0.977408
0.978047
0.98442
0.997927
1.00618
1.0085
1.00896
1.00905
1.00937
1.00657
0.996385
0.987007
0.98295
0.981778
0.981655
0.987237
1.00123
1.00922
1.01063
1.01073
1.01138
1.01232
1.01114
1.00096
0.981833
0.980655
1.20924
1.64795
0.893909
0.906649
0.927781
0.94349
0.95159
0.954107
0.952225
0.942366
0.931416
0.923311
0.916065
0.912342
0.911906
0.913954
0.921082
0.931091
0.93961
0.948926
0.955699
0.957668
0.955513
0.951741
0.949004
0.947034
0.943883
0.939913
0.938364
0.939733
0.942791
0.94563
0.947519
0.950736
0.957966
0.964241
0.966944
0.967633
0.967454
0.967469
0.96829
0.968007
0.963369
0.958927
0.957696
0.957892
0.958082
0.958904
0.962474
0.972314
0.980927
0.984932
0.986595
0.987632
0.988569
0.988627
0.983722
0.97502
0.969502
0.96799
0.968419
0.969546
0.972604
0.982568
0.992615
0.997073
0.999307
1.00102
1.00197
1.00183
0.996022
0.985537
0.979227
0.97769
0.978071
0.979192
0.984399
0.996661
1.00466
1.0073
1.00875
1.00992
1.01043
1.00823
0.998226
0.987172
0.981818
0.980688
0.981048
0.986718
1.00009
1.00787
1.00947
1.01014
1.01164
1.0128
1.01142
0.996327
0.985221
1.19406
1.64628
0.904999
0.918689
0.926542
0.934184
0.940247
0.941883
0.938022
0.933445
0.930926
0.928508
0.924547
0.921019
0.920551
0.924799
0.93248
0.937927
0.94017
0.941301
0.942292
0.942839
0.943898
0.945634
0.947178
0.948233
0.949654
0.951041
0.95151
0.950883
0.94998
0.949384
0.948993
0.94845
0.948085
0.95039
0.956304
0.961743
0.965034
0.967714
0.970817
0.973136
0.974067
0.971061
0.965002
0.96069
0.95906
0.959068
0.959578
0.961049
0.968357
0.978442
0.98396
0.986328
0.98781
0.989192
0.9902
0.988086
0.979626
0.972537
0.970218
0.969849
0.970149
0.971843
0.980595
0.992709
0.998745
1.00057
1.00103
1.00154
1.00218
0.998552
0.988682
0.982009
0.979655
0.978719
0.97873
0.982467
0.995207
1.00554
1.00892
1.00967
1.01014
1.01029
1.00881
1.00014
0.988492
0.982421
0.981103
0.981208
0.985579
0.998258
1.00623
1.0085
1.01006
1.01205
1.01337
1.00744
0.998684
1.18454
1.64598
0.918078
0.92524
0.926908
0.927629
0.925227
0.922365
0.922834
0.926108
0.929132
0.930245
0.931231
0.932824
0.93765
0.94169
0.942948
0.943028
0.941772
0.935532
0.92891
0.927215
0.930023
0.936681
0.943629
0.948658
0.954123
0.960454
0.964214
0.96441
0.960852
0.955504
0.950575
0.945142
0.940987
0.940325
0.942786
0.950835
0.961029
0.968296
0.972811
0.976626
0.979256
0.98046
0.977736
0.969606
0.962988
0.959626
0.957371
0.957012
0.958239
0.964923
0.976643
0.984041
0.987547
0.99029
0.991939
0.992726
0.990896
0.982388
0.973894
0.970588
0.970479
0.971364
0.97272
0.979201
0.990573
0.996902
0.999647
1.00191
1.00326
1.00381
1.00062
0.990585
0.982011
0.978785
0.978577
0.979397
0.982781
0.994135
1.00421
1.0077
1.00889
1.00994
1.01068
1.01009
1.00244
0.98949
0.98201
0.980452
0.980816
0.984477
0.996132
1.00435
1.00768
1.01021
1.01227
1.01141
1.01164
1.18383
1.64707
0.928701
0.928934
0.927762
0.919986
0.910816
0.907496
0.90904
0.914934
0.923448
0.930083
0.937233
0.94789
0.954502
0.955752
0.953388
0.947859
0.9395
0.928695
0.920454
0.918315
0.919091
0.923236
0.933324
0.946347
0.958778
0.968509
0.972582
0.974066
0.972771
0.964755
0.952125
0.942593
0.937999
0.937238
0.937973
0.940648
0.949959
0.964103
0.97393
0.979322
0.981996
0.983404
0.983551
0.98006
0.969045
0.959683
0.95664
0.956542
0.95735
0.958835
0.964278
0.977255
0.986981
0.990463
0.991775
0.992462
0.993043
0.992444
0.985692
0.977028
0.972982
0.971562
0.970993
0.97174
0.977289
0.990194
0.999056
1.00202
1.00295
1.00338
1.00392
1.00235
0.993655
0.984711
0.980858
0.979582
0.979187
0.980907
0.991247
1.00303
1.00809
1.00982
1.01068
1.01107
1.01057
1.00387
0.990372
0.982041
0.980319
0.980491
0.983226
0.993769
1.0025
1.0072
1.01068
1.01116
1.02029
1.18965
1.64928
0.939442
0.933662
0.92444
0.912598
0.902676
0.899855
0.900297
0.902826
0.910392
0.924945
0.943291
0.95762
0.963178
0.964816
0.964099
0.958585
0.943161
0.925957
0.918322
0.91701
0.917741
0.919488
0.923532
0.937747
0.960601
0.971297
0.974397
0.975647
0.975232
0.97099
0.959123
0.944518
0.938283
0.937476
0.938296
0.940445
0.944786
0.955591
0.971725
0.979874
0.982447
0.983299
0.982472
0.979943
0.976077
0.967319
0.95996
0.957768
0.958115
0.959535
0.961851
0.966728
0.977885
0.986666
0.990222
0.991918
0.993368
0.99434
0.993989
0.987603
0.977602
0.97226
0.971271
0.971994
0.97348
0.97778
0.989022
0.997729
1.00109
1.00305
1.00478
1.00561
1.00466
0.996538
0.985442
0.979663
0.978473
0.978862
0.98065
0.990016
1.00237
1.00814
1.01004
1.01078
1.011
1.01054
1.00464
0.991314
0.982424
0.98023
0.979991
0.981901
0.99153
1.00089
1.00744
1.00979
1.02424
1.19957
1.652
0.948432
0.945458
0.927056
0.90992
0.901296
0.899341
0.899711
0.901194
0.904799
0.917127
0.943
0.958594
0.963621
0.965236
0.963742
0.954851
0.941067
0.929002
0.921194
0.9189
0.919251
0.921544
0.927836
0.939893
0.955986
0.968566
0.973134
0.974035
0.970409
0.963857
0.957839
0.951422
0.94448
0.941745
0.942282
0.945064
0.949603
0.954652
0.962317
0.973043
0.978074
0.978984
0.977973
0.977101
0.977019
0.976029
0.970185
0.964177
0.961973
0.962191
0.9632
0.964205
0.966742
0.97639
0.986687
0.99137
0.992949
0.993126
0.993087
0.993405
0.989814
0.981136
0.975678
0.973977
0.973333
0.973434
0.975964
0.986756
0.998295
1.00337
1.00491
1.00567
1.0061
1.00534
0.998185
0.986929
0.980995
0.979648
0.979755
0.980626
0.988361
1.00082
1.00743
1.00972
1.01046
1.01061
1.01024
1.00545
0.992885
0.983325
0.980213
0.979236
0.9804
0.98963
1.00045
1.00558
1.02545
1.21074
1.65471
0.946888
0.93977
0.925467
0.914131
0.905314
0.902482
0.902906
0.905751
0.913103
0.924254
0.936461
0.950309
0.957486
0.958735
0.955402
0.949081
0.942915
0.935901
0.929436
0.92599
0.926025
0.929493
0.936899
0.943644
0.948742
0.955937
0.961914
0.9632
0.961362
0.959948
0.95966
0.958569
0.955175
0.951325
0.950414
0.95216
0.955023
0.957339
0.958853
0.96107
0.965857
0.97039
0.973236
0.975116
0.976472
0.977656
0.978726
0.976835
0.971506
0.967163
0.965501
0.96583
0.966895
0.967805
0.973133
0.982885
0.988423
0.990872
0.993186
0.995122
0.996068
0.993555
0.984394
0.976352
0.97326
0.973173
0.974114
0.97637
0.985875
0.997689
1.00287
1.0045
1.00529
1.0059
1.00595
1.00035
0.988803
0.981595
0.979552
0.979508
0.979949
0.986273
0.999503
1.00736
1.01002
1.01057
1.01047
1.00987
1.0062
0.994829
0.984501
0.97994
0.977876
0.978643
0.988804
0.997852
1.02276
1.22156
1.65688
0.93742
0.934671
0.929747
0.923064
0.916082
0.911994
0.911842
0.915381
0.923241
0.929417
0.932412
0.93613
0.941669
0.944935
0.944996
0.944131
0.943767
0.943261
0.940679
0.938114
0.938238
0.941361
0.94492
0.946708
0.947488
0.946166
0.944764
0.946811
0.951644
0.956278
0.959003
0.960698
0.963061
0.965059
0.965204
0.963659
0.961905
0.960208
0.957052
0.952987
0.952298
0.956106
0.964105
0.971158
0.975527
0.979177
0.983095
0.985593
0.985124
0.979332
0.972594
0.968647
0.965632
0.963584
0.964009
0.968653
0.980095
0.989405
0.99364
0.995474
0.996656
0.997567
0.996373
0.988053
0.979264
0.975764
0.974931
0.974749
0.975613
0.983322
0.995938
1.00251
1.0048
1.00602
1.00677
1.00679
1.00191
0.990336
0.982276
0.979765
0.97968
0.98041
0.986054
0.998751
1.00728
1.01015
1.01048
1.00995
1.0092
1.00677
0.997099
0.98577
0.979017
0.975924
0.977155
0.986358
1.01568
1.2299
1.65817
0.927195
0.930583
0.931299
0.931647
0.929877
0.926978
0.926061
0.927787
0.930378
0.931841
0.932184
0.92886
0.924896
0.92562
0.931335
0.938032
0.94239
0.944965
0.94889
0.953453
0.955515
0.954396
0.952082
0.949216
0.944328
0.936979
0.932439
0.932638
0.937308
0.946987
0.955871
0.962876
0.970749
0.976548
0.978409
0.976671
0.970791
0.962564
0.953716
0.947296
0.945204
0.945852
0.949987
0.960845
0.97252
0.981291
0.987505
0.990827
0.992258
0.991526
0.983904
0.971972
0.964512
0.96219
0.962147
0.962903
0.966704
0.979162
0.99027
0.994776
0.996897
0.998662
0.999787
0.999203
0.991521
0.980861
0.975122
0.973877
0.974287
0.975205
0.981769
0.995288
1.00331
1.00586
1.00659
1.00674
1.00669
1.00335
0.993155
0.984751
0.981599
0.980517
0.980065
0.983855
0.996794
1.00647
1.00948
1.00964
1.00917
1.00882
1.00741
0.999437
0.986932
0.977403
0.973544
0.973796
1.00506
1.234
1.65815
0.912715
0.924182
0.930971
0.935052
0.9391
0.942974
0.943691
0.941071
0.936978
0.932894
0.928459
0.920963
0.914782
0.913894
0.916446
0.92513
0.936291
0.946305
0.957202
0.965787
0.96868
0.967977
0.96264
0.9539
0.94275
0.932261
0.927159
0.926608
0.927804
0.932704
0.94586
0.962893
0.975646
0.982006
0.984314
0.984866
0.981884
0.970709
0.954602
0.946171
0.944239
0.944729
0.946147
0.949753
0.962942
0.980376
0.988977
0.991862
0.993203
0.99335
0.99116
0.982071
0.969063
0.963176
0.962133
0.962668
0.963899
0.967821
0.980639
0.992789
0.997957
0.999695
1.0007
1.00121
1.0001
0.992447
0.981337
0.975675
0.974541
0.974955
0.976169
0.981641
0.994031
1.00232
1.00522
1.00652
1.00755
1.00785
1.00566
0.995952
0.985565
0.980616
0.979204
0.979081
0.982487
0.995543
1.00618
1.00916
1.00905
1.00859
1.00853
1.00824
1.00166
0.987774
0.975893
0.968732
0.990679
1.23134
1.65641
0.901367
0.90862
0.922823
0.935171
0.945136
0.952209
0.954757
0.954434
0.948977
0.939251
0.927483
0.917186
0.912344
0.911835
0.912665
0.914558
0.921778
0.941188
0.960226
0.968713
0.971354
0.972609
0.97199
0.964269
0.945972
0.931777
0.926984
0.926626
0.927613
0.930096
0.936784
0.95642
0.9758
0.982561
0.984606
0.984812
0.980988
0.972008
0.959948
0.949733
0.945747
0.945519
0.946758
0.950073
0.957336
0.972878
0.98642
0.990938
0.992205
0.990985
0.987822
0.984351
0.978359
0.96959
0.964803
0.964095
0.965133
0.967076
0.970757
0.982511
0.994195
0.998668
1.00004
0.999846
0.998944
0.998282
0.993766
0.984181
0.977877
0.975987
0.975756
0.976012
0.97984
0.992265
1.0027
1.00674
1.00765
1.00789
1.008
1.00652
0.997795
0.986657
0.980865
0.97889
0.978477
0.981302
0.994313
1.00534
1.00815
1.00804
1.0081
1.00899
1.00922
1.00309
0.987442
0.971389
0.980359
1.22115
1.65348
0.90088
0.902062
0.909677
0.927721
0.94564
0.95319
0.955526
0.956301
0.954981
0.946425
0.930815
0.919155
0.913845
0.913013
0.914085
0.916967
0.922879
0.934605
0.955098
0.967582
0.971129
0.971815
0.968282
0.96002
0.949788
0.938383
0.931602
0.930298
0.931634
0.935434
0.942187
0.95164
0.966052
0.976542
0.979694
0.978941
0.975244
0.971428
0.967047
0.959232
0.952571
0.950674
0.952108
0.956452
0.961607
0.966486
0.974788
0.982645
0.985627
0.98574
0.985359
0.985284
0.984758
0.980277
0.972861
0.969082
0.968841
0.970435
0.972722
0.974658
0.980798
0.990233
0.995253
0.997012
0.998224
0.999261
0.999699
0.996358
0.986579
0.978853
0.976087
0.976085
0.976982
0.980068
0.991331
1.00217
1.00611
1.007
1.00746
1.00795
1.00732
0.999771
0.987643
0.980313
0.977991
0.977759
0.980102
0.993023
1.0045
1.00731
1.00753
1.00806
1.00943
1.00946
1.00282
0.982333
0.977911
1.20593
1.65097
0.904572
0.907051
0.912334
0.918033
0.932626
0.946048
0.950786
0.951381
0.949809
0.946702
0.939929
0.929083
0.921574
0.919305
0.920179
0.922939
0.927414
0.932826
0.941693
0.9549
0.961884
0.962846
0.960809
0.958297
0.955392
0.949651
0.942557
0.938943
0.939272
0.94284
0.94777
0.9512
0.954469
0.961222
0.967421
0.969713
0.969813
0.969534
0.969493
0.968638
0.965401
0.962462
0.962152
0.963436
0.964522
0.964979
0.964639
0.967073
0.97346
0.979311
0.982474
0.983659
0.984076
0.98522
0.985953
0.983149
0.97856
0.975556
0.97332
0.97102
0.97111
0.975348
0.985827
0.99402
0.997458
0.998546
0.999189
1.00021
0.999333
0.991418
0.982839
0.978996
0.977409
0.976887
0.978371
0.988654
1.0008
1.00578
1.00717
1.00801
1.00863
1.00815
1.0011
0.98814
0.979804
0.977305
0.977222
0.980117
0.992753
1.00346
1.00606
1.0067
1.00809
1.00972
1.00966
0.996384
0.986478
1.19214
1.64962
0.911483
0.912676
0.915451
0.917318
0.919718
0.927487
0.937911
0.943351
0.945168
0.945698
0.945825
0.942308
0.934811
0.929723
0.928565
0.929844
0.932567
0.934631
0.935862
0.93831
0.944142
0.950241
0.954127
0.956175
0.957185
0.95809
0.95666
0.953676
0.952034
0.952035
0.952476
0.952679
0.950611
0.948142
0.949353
0.955455
0.962408
0.966819
0.969595
0.973442
0.977177
0.978051
0.975253
0.971003
0.967077
0.963248
0.959145
0.956761
0.958165
0.965797
0.975277
0.980866
0.985133
0.99061
0.994269
0.995036
0.991032
0.981826
0.973658
0.969692
0.968062
0.967871
0.970857
0.981779
0.991819
0.996553
1.00012
1.00288
1.0043
1.00355
0.9951
0.983524
0.977397
0.975876
0.97595
0.977172
0.987068
1.00066
1.00635
1.00761
1.00812
1.00839
1.00817
1.00258
0.98932
0.98011
0.977766
0.977791
0.98014
0.99176
1.00178
1.00476
1.00622
1.0082
1.00966
1.00564
0.999823
1.18533
1.64966
0.92135
0.917349
0.917403
0.91736
0.916164
0.915389
0.917956
0.927473
0.937812
0.943702
0.946162
0.948191
0.949363
0.946853
0.942085
0.938727
0.937278
0.936186
0.932512
0.928576
0.928254
0.932657
0.942601
0.952264
0.958052
0.96168
0.965974
0.968492
0.967311
0.962702
0.95735
0.952101
0.946
0.94022
0.938649
0.940495
0.948578
0.959998
0.969655
0.97809
0.985165
0.988132
0.988049
0.983014
0.974055
0.964337
0.955922
0.951494
0.951
0.95275
0.961241
0.975468
0.987258
0.994604
0.998374
0.999874
0.999835
0.993752
0.980862
0.971024
0.966553
0.965227
0.965524
0.968366
0.980716
0.995005
1.00184
1.00449
1.00578
1.00652
1.00491
0.995377
0.982884
0.976901
0.975704
0.975991
0.977601
0.986943
0.999967
1.0055
1.00702
1.0082
1.00899
1.00873
1.00334
0.989845
0.980036
0.97765
0.97794
0.980192
0.99024
0.99945
1.00332
1.00588
1.00792
1.00702
1.01186
1.18714
1.65102
0.935847
0.923998
0.918937
0.916851
0.91395
0.910175
0.90952
0.911417
0.92105
0.936026
0.946329
0.952597
0.957349
0.959408
0.957865
0.950892
0.943007
0.936269
0.929849
0.924628
0.92284
0.923492
0.927243
0.938647
0.952652
0.963496
0.971587
0.97618
0.977525
0.975716
0.967806
0.956087
0.944957
0.938301
0.936634
0.937228
0.93883
0.945404
0.962272
0.979018
0.98747
0.990456
0.991783
0.991561
0.985862
0.96992
0.956029
0.951148
0.950714
0.951499
0.95358
0.963254
0.983578
0.995395
0.999033
1.00041
1.00069
0.998992
0.990921
0.976216
0.967183
0.965053
0.965302
0.966464
0.970643
0.985556
0.999771
1.00463
1.00586
1.00623
1.0057
1.0035
0.994632
0.983119
0.977353
0.976233
0.9766
0.977641
0.986146
0.999983
1.00641
1.008
1.00853
1.00854
1.00815
1.00373
0.990994
0.980926
0.978267
0.978314
0.979384
0.98773
0.996987
1.00225
1.00601
1.00656
1.01897
1.19469
1.65348
0.94594
0.940295
0.927605
0.918736
0.912164
0.908827
0.908752
0.909703
0.911777
0.919781
0.938284
0.952835
0.958893
0.961165
0.962344
0.962258
0.956523
0.942844
0.930772
0.924768
0.923171
0.923584
0.924987
0.928099
0.939685
0.95979
0.972485
0.97676
0.978278
0.978583
0.975886
0.96435
0.948695
0.939814
0.937359
0.937756
0.939477
0.943342
0.952481
0.972883
0.9865
0.990357
0.991388
0.990107
0.984627
0.975224
0.96264
0.954637
0.952711
0.953429
0.955958
0.961566
0.973973
0.989922
0.996823
0.998606
0.998067
0.995955
0.993193
0.986464
0.974845
0.968814
0.967982
0.969326
0.972191
0.97692
0.98911
0.999731
1.00335
1.00405
1.00393
1.00357
1.00238
0.995165
0.984152
0.978192
0.976882
0.977519
0.979455
0.987255
0.999301
1.00519
1.00698
1.00778
1.00826
1.00828
1.00479
0.992592
0.981953
0.978448
0.977761
0.978155
0.985173
0.994794
1.00217
1.00507
1.02247
1.20533
1.65635
0.94705
0.94784
0.939916
0.924521
0.913972
0.910491
0.910386
0.912068
0.915447
0.919452
0.925936
0.942076
0.955936
0.960809
0.962031
0.961224
0.957253
0.950445
0.939453
0.930207
0.92667
0.92668
0.928231
0.930916
0.934869
0.945606
0.963723
0.972715
0.974847
0.974294
0.971994
0.968523
0.959803
0.948568
0.943087
0.942515
0.94421
0.947398
0.951909
0.960256
0.975138
0.98347
0.985229
0.984175
0.981954
0.979337
0.973366
0.964535
0.959532
0.959086
0.961431
0.965222
0.968943
0.976255
0.986434
0.991803
0.993138
0.992801
0.991802
0.990442
0.986461
0.979094
0.974869
0.974312
0.975416
0.976724
0.978567
0.986427
0.995953
1.00031
1.00158
1.00149
1.00135
1.0014
0.997502
0.988324
0.982146
0.980301
0.979976
0.979993
0.984774
0.9966
1.00429
1.0074
1.00841
1.00851
1.00807
1.00523
0.994603
0.983404
0.9787
0.976633
0.976126
0.98279
0.994398
1.00048
1.02358
1.21667
1.65907
0.942874
0.943153
0.939781
0.935309
0.926565
0.919871
0.917652
0.917936
0.919217
0.920825
0.922678
0.927388
0.940591
0.951998
0.95587
0.956218
0.956048
0.955853
0.952539
0.943715
0.935637
0.932622
0.932895
0.934894
0.937918
0.940744
0.946504
0.95818
0.965937
0.968648
0.969339
0.969547
0.968615
0.962642
0.954426
0.950493
0.950278
0.952099
0.954386
0.955963
0.959333
0.967996
0.975292
0.978454
0.979542
0.980114
0.980196
0.977655
0.972619
0.969381
0.968649
0.968955
0.969223
0.968692
0.97047
0.9777
0.984985
0.988697
0.990131
0.991175
0.992822
0.992943
0.988924
0.983551
0.979821
0.977416
0.975666
0.975567
0.980477
0.990321
0.99649
0.999184
1.00151
1.00361
1.00449
1.00229
0.993156
0.98429
0.980044
0.978818
0.978819
0.9822
0.993879
1.00328
1.00715
1.0083
1.00856
1.00818
1.00606
0.996869
0.984773
0.978109
0.974558
0.973629
0.982102
0.992309
1.02062
1.22711
1.66105
0.933214
0.938759
0.939766
0.941652
0.941591
0.936024
0.928435
0.924235
0.922916
0.923206
0.924307
0.92528
0.926103
0.931571
0.942266
0.950391
0.954362
0.95604
0.957668
0.95776
0.952389
0.944801
0.940743
0.939819
0.940325
0.940166
0.938911
0.940121
0.948416
0.959432
0.966016
0.968795
0.970316
0.97206
0.970696
0.965017
0.960081
0.957796
0.956759
0.954702
0.951808
0.952082
0.958358
0.968722
0.975953
0.979759
0.982598
0.985731
0.986814
0.983519
0.977681
0.972641
0.968383
0.964627
0.962227
0.96302
0.970229
0.980993
0.988064
0.99242
0.996977
1.00058
1.00119
0.996433
0.987051
0.978651
0.973413
0.97089
0.970768
0.974847
0.986365
0.996321
1.00168
1.00507
1.00767
1.00862
1.00646
0.996054
0.984853
0.979478
0.977198
0.976313
0.978779
0.99138
1.00324
1.00796
1.00881
1.0086
1.00794
1.00653
0.998595
0.985507
0.976556
0.971934
0.971912
0.980437
1.01315
1.23403
1.66204
0.917246
0.932801
0.940236
0.943747
0.946274
0.947769
0.945699
0.938458
0.931771
0.928235
0.925989
0.922221
0.918955
0.918963
0.923067
0.935864
0.949107
0.956348
0.960073
0.963287
0.964826
0.962101
0.953723
0.94596
0.940948
0.93753
0.934501
0.933404
0.934556
0.942041
0.956063
0.966492
0.972331
0.976547
0.979458
0.979536
0.973972
0.965641
0.958613
0.952608
0.947897
0.945913
0.946602
0.952247
0.965061
0.976507
0.984729
0.991002
0.994304
0.995018
0.990941
0.981526
0.971382
0.963129
0.958342
0.957242
0.958313
0.965296
0.979189
0.991608
1.00001
1.00448
1.00604
1.00583
0.999261
0.98564
0.974466
0.969635
0.968411
0.968558
0.97168
0.984491
0.998332
1.00608
1.00955
1.01057
1.01067
1.00766
0.995892
0.982688
0.976625
0.9751
0.974867
0.977481
0.991357
1.0044
1.00848
1.0087
1.00797
1.00725
1.00617
0.999032
0.985395
0.974099
0.96931
0.968915
1.00236
1.23557
1.66123
0.905481
0.914879
0.931795
0.942477
0.948345
0.952785
0.954905
0.954383
0.947315
0.936234
0.926426
0.919861
0.916954
0.91676
0.917584
0.920649
0.932662
0.949435
0.960208
0.965772
0.96895
0.970384
0.9687
0.958904
0.946494
0.9378
0.933556
0.932523
0.933167
0.934428
0.939643
0.954729
0.969779
0.978188
0.98213
0.983927
0.984196
0.979004
0.966585
0.954493
0.947686
0.945605
0.945886
0.946906
0.950733
0.965411
0.982877
0.992092
0.995182
0.996384
0.996929
0.993515
0.979777
0.965002
0.958263
0.956973
0.957457
0.958762
0.965818
0.985582
1.00011
1.00461
1.00604
1.00645
1.00495
0.996456
0.981096
0.970912
0.967897
0.967889
0.968687
0.973035
0.990447
1.00527
1.00944
1.01033
1.01034
1.00941
1.00562
0.992931
0.980435
0.975471
0.974401
0.974564
0.978691
0.994092
1.00582
1.00827
1.00778
1.00672
1.00617
1.00536
0.998835
0.984839
0.972088
0.964552
0.989079
1.23121
1.65866
0.905178
0.906368
0.914654
0.932168
0.947588
0.954087
0.956049
0.957126
0.957249
0.951002
0.934529
0.922097
0.917851
0.917517
0.918506
0.920554
0.923625
0.933889
0.952971
0.965497
0.969471
0.970874
0.970964
0.968276
0.957403
0.943675
0.935821
0.933539
0.933842
0.935197
0.937646
0.942443
0.958456
0.97557
0.982254
0.98393
0.984031
0.981786
0.975337
0.963042
0.952199
0.947625
0.947165
0.948263
0.950514
0.955056
0.971474
0.988376
0.994318
0.995721
0.995389
0.992849
0.987118
0.974271
0.962962
0.959196
0.959278
0.960915
0.964778
0.974864
0.992104
1.00139
1.00378
1.00396
1.00282
1.00048
0.992243
0.978301
0.970917
0.969699
0.970896
0.974642
0.981956
0.995565
1.00504
1.00766
1.0079
1.00712
1.0054
1.00191
0.991316
0.981127
0.977009
0.976373
0.976945
0.981474
0.995566
1.00499
1.00647
1.00552
1.00467
1.00463
1.00466
0.999266
0.984597
0.96844
0.97945
1.22006
1.65563
0.907252
0.907919
0.909781
0.916065
0.935089
0.95024
0.954984
0.956011
0.954676
0.951029
0.945427
0.934377
0.925333
0.922148
0.922131
0.923099
0.924811
0.927832
0.937068
0.954151
0.964113
0.96683
0.96692
0.966035
0.964605
0.95766
0.946411
0.939521
0.937774
0.938482
0.940182
0.942846
0.947197
0.960443
0.973836
0.978555
0.979335
0.979304
0.979037
0.97542
0.9648
0.954991
0.951444
0.951632
0.953471
0.95633
0.960913
0.973758
0.986017
0.990366
0.991011
0.990601
0.989681
0.985512
0.974869
0.966414
0.964141
0.965151
0.96755
0.970315
0.977574
0.990366
0.997662
0.9998
0.999871
0.998758
0.99652
0.99039
0.981403
0.976989
0.976711
0.977915
0.978668
0.981927
0.992974
1.00186
1.0047
1.00487
1.00382
1.00254
1.00074
0.994478
0.986182
0.98117
0.979271
0.979108
0.982192
0.994208
1.00262
1.00409
1.00359
1.0033
1.00445
1.00494
1.00048
0.980954
0.977626
1.20542
1.65371
0.911061
0.910853
0.9139
0.917314
0.920876
0.931868
0.943881
0.949169
0.950555
0.951177
0.951716
0.949755
0.94019
0.930203
0.926398
0.926337
0.92859
0.931967
0.933508
0.936484
0.946788
0.957271
0.962428
0.96439
0.965234
0.96578
0.96192
0.952086
0.945264
0.943297
0.943863
0.945571
0.946798
0.94781
0.954564
0.967
0.974597
0.977591
0.978745
0.979429
0.977732
0.969498
0.961407
0.958086
0.957752
0.9585
0.959345
0.96042
0.968255
0.979929
0.986211
0.98847
0.989379
0.989847
0.987907
0.98071
0.974239
0.971506
0.970825
0.971049
0.97141
0.974233
0.98388
0.992201
0.995751
0.996825
0.997375
0.997783
0.995882
0.990315
0.984784
0.980861
0.978675
0.978257
0.979506
0.987962
0.997179
1.00107
1.00202
1.00255
1.00418
1.0051
1.00142
0.991713
0.983393
0.979649
0.97904
0.980635
0.990508
0.999436
1.00193
1.0027
1.00415
1.00611
1.00723
0.996598
0.987737
1.19278
1.65318
0.921052
0.917118
0.918063
0.918375
0.917611
0.91767
0.922897
0.93542
0.94608
0.9511
0.952678
0.953383
0.952611
0.947092
0.939259
0.935166
0.934408
0.934456
0.932053
0.929859
0.93068
0.938244
0.951897
0.96111
0.964993
0.966645
0.968029
0.967716
0.961449
0.953812
0.949856
0.947944
0.945045
0.942287
0.942512
0.947883
0.962024
0.973076
0.977662
0.979599
0.981436
0.98247
0.97814
0.969545
0.963519
0.960034
0.957005
0.955206
0.955849
0.96232
0.97555
0.984635
0.988665
0.990902
0.99313
0.993964
0.989239
0.980988
0.974784
0.970785
0.968063
0.966996
0.96887
0.978158
0.989063
0.995178
0.998447
1.00158
1.00397
1.00339
0.996977
0.987356
0.980151
0.976347
0.974629
0.975165
0.982204
0.993068
0.999773
1.00365
1.00729
1.00984
1.01028
1.0059
0.993574
0.982436
0.977533
0.976497
0.977481
0.986353
0.99684
1.0012
1.00381
1.00647
1.00818
1.0057
1.00223
1.18799
1.6539
0.936593
0.925329
0.919441
0.91641
0.914726
0.913395
0.913668
0.916764
0.929014
0.94304
0.950055
0.953728
0.958056
0.960013
0.957587
0.948677
0.939683
0.933794
0.93034
0.927521
0.926428
0.927153
0.932698
0.947531
0.960159
0.966974
0.971949
0.975136
0.975656
0.969966
0.958961
0.949661
0.943874
0.940803
0.939731
0.940213
0.944072
0.957979
0.971908
0.97985
0.984999
0.988089
0.989053
0.985
0.97385
0.963333
0.956849
0.953989
0.953191
0.953696
0.958407
0.971945
0.984177
0.991746
0.996856
0.999368
0.999789
0.994717
0.983539
0.973452
0.967413
0.96466
0.964
0.965204
0.973701
0.987324
0.997708
1.00424
1.00767
1.00876
1.00776
0.999667
0.986657
0.976893
0.972414
0.970893
0.971284
0.977605
0.991861
1.00333
1.00903
1.01175
1.01279
1.01247
1.00708
0.992337
0.979071
0.974495
0.974105
0.974687
0.983661
0.995925
1.0019
1.00582
1.00837
1.00717
1.01298
1.18944
1.65522
0.94857
0.941569
0.927184
0.918378
0.914478
0.912963
0.912944
0.913687
0.915363
0.924003
0.940853
0.954142
0.960742
0.963745
0.965078
0.963672
0.953609
0.940058
0.931521
0.92743
0.926163
0.926599
0.927555
0.930968
0.945178
0.963474
0.973345
0.976706
0.978088
0.978605
0.97393
0.959766
0.947194
0.941309
0.939626
0.939959
0.940898
0.943682
0.9572
0.976025
0.985697
0.988575
0.989766
0.990179
0.986745
0.974122
0.961333
0.954812
0.952916
0.95321
0.954131
0.95756
0.972544
0.989659
0.997332
0.999489
1.0005
1.00051
0.995739
0.98272
0.970546
0.964617
0.963262
0.963685
0.964883
0.973397
0.992335
1.00419
1.00761
1.00871
1.00905
1.00767
0.998501
0.982923
0.972861
0.970143
0.970199
0.971069
0.978823
0.997831
1.00847
1.01122
1.01219
1.0122
1.01115
1.00473
0.987879
0.975378
0.972737
0.973009
0.974548
0.985218
0.996941
1.0033
1.00686
1.0065
1.01803
1.19415
1.65636
0.949535
0.949667
0.941187
0.928479
0.918845
0.914448
0.913264
0.913698
0.914716
0.916714
0.924165
0.944004
0.958985
0.963788
0.965087
0.964826
0.962152
0.953031
0.939822
0.930816
0.927248
0.926883
0.927695
0.929206
0.933589
0.949504
0.968594
0.975939
0.977812
0.97804
0.975932
0.970433
0.958229
0.946651
0.941561
0.940807
0.94162
0.94342
0.947578
0.961967
0.97966
0.986689
0.988522
0.9887
0.987469
0.983731
0.972655
0.960422
0.954802
0.954017
0.954968
0.95726
0.962094
0.977322
0.992184
0.997497
0.998803
0.998906
0.998192
0.993789
0.980494
0.968524
0.964428
0.964376
0.965819
0.969274
0.979921
0.996796
1.00481
1.00672
1.00708
1.00661
1.00488
0.994814
0.979374
0.972142
0.971142
0.972256
0.975971
0.986454
1.00156
1.00812
1.00976
1.00991
1.0091
1.00654
0.999176
0.984313
0.975147
0.973803
0.974229
0.977203
0.987911
0.99731
1.00281
1.00326
1.01927
1.20124
1.65762
0.94603
0.947753
0.948192
0.944862
0.932684
0.921215
0.916554
0.916243
0.917748
0.920694
0.92393
0.928887
0.943352
0.956251
0.960683
0.961684
0.962284
0.962219
0.955792
0.941781
0.932304
0.929858
0.930652
0.9335
0.936922
0.940444
0.951062
0.965948
0.972609
0.974164
0.97469
0.974925
0.971733
0.959804
0.94861
0.944772
0.945025
0.947397
0.950401
0.953445
0.96269
0.976733
0.983642
0.985562
0.986052
0.986209
0.983995
0.973662
0.962746
0.958725
0.958901
0.960794
0.96287
0.965648
0.976656
0.989814
0.995296
0.996735
0.997029
0.996603
0.99239
0.980447
0.971354
0.968948
0.969712
0.971205
0.972979
0.980917
0.99523
1.00267
1.00456
1.0048
1.00409
1.00163
0.992096
0.981062
0.976648
0.976538
0.977651
0.979097
0.987211
0.999828
1.00571
1.00699
1.00655
1.00482
1.0024
0.997311
0.986962
0.979732
0.977532
0.977274
0.979115
0.987182
0.995171
0.99707
1.01717
1.21017
1.65935
0.939985
0.947166
0.948241
0.948847
0.946796
0.937787
0.927922
0.923484
0.922737
0.923425
0.924347
0.925077
0.927215
0.937746
0.952048
0.959372
0.961616
0.962319
0.961842
0.957301
0.947129
0.939747
0.937336
0.937508
0.938331
0.938894
0.939959
0.946856
0.960955
0.970005
0.97329
0.974285
0.974194
0.972222
0.964648
0.956405
0.952628
0.951886
0.952045
0.951809
0.952517
0.958396
0.97155
0.980544
0.983993
0.985135
0.985741
0.985191
0.979137
0.970355
0.965534
0.963873
0.96312
0.962839
0.964079
0.97292
0.986136
0.992832
0.994948
0.995663
0.996203
0.994655
0.986568
0.978124
0.974007
0.97254
0.972223
0.972754
0.978997
0.992069
0.999427
1.00158
1.00199
1.00208
1.00163
0.997002
0.988561
0.982379
0.979434
0.978811
0.979128
0.985511
0.996708
1.00184
1.00286
1.00243
1.00202
1.00218
1.00162
0.994432
0.984897
0.979954
0.9777
0.977533
0.984072
0.988505
1.01232
1.22073
1.66087
0.924787
0.941778
0.946585
0.948455
0.951004
0.952475
0.948187
0.937548
0.929328
0.925506
0.924373
0.924357
0.924025
0.924895
0.932616
0.948014
0.957402
0.960434
0.962083
0.964823
0.964988
0.957583
0.947245
0.940966
0.93871
0.938566
0.938432
0.938418
0.942504
0.955858
0.967241
0.971871
0.974011
0.977262
0.978917
0.97465
0.964475
0.956644
0.95285
0.951493
0.950727
0.950459
0.954132
0.966974
0.978419
0.983628
0.986616
0.990167
0.991691
0.987356
0.976363
0.967721
0.963698
0.962504
0.961847
0.962337
0.969069
0.982804
0.991469
0.995394
0.998495
1.0012
1.00104
0.993
0.981359
0.974494
0.972388
0.972396
0.972383
0.976244
0.98807
0.996613
1.00032
1.00317
1.00654
1.00755
1.00364
0.992692
0.983188
0.979512
0.979099
0.979074
0.982404
0.991464
0.997666
1.00085
1.004
1.00691
1.00732
1.00567
0.9982
0.987578
0.980151
0.975652
0.973398
0.975741
1.00508
1.23165
1.66254
0.91134
0.924111
0.939998
0.949308
0.954629
0.957229
0.958097
0.955356
0.944372
0.933512
0.927207
0.923649
0.922142
0.922299
0.92342
0.928993
0.944285
0.957385
0.964825
0.96885
0.970605
0.970767
0.964421
0.952398
0.94404
0.939511
0.93662
0.935467
0.936004
0.939054
0.951556
0.966108
0.975543
0.981076
0.983637
0.984373
0.980856
0.969698
0.959578
0.953222
0.949065
0.94746
0.947934
0.950964
0.963415
0.978095
0.98794
0.993452
0.995513
0.996064
0.992012
0.980065
0.969587
0.963255
0.959808
0.959144
0.960104
0.966099
0.980863
0.993402
1.00086
1.00386
1.00473
1.00407
0.996191
0.983879
0.97574
0.971302
0.96959
0.969856
0.973368
0.985261
0.997114
1.00506
1.00889
1.00983
1.00977
1.00616
0.995439
0.985662
0.979937
0.976321
0.975156
0.97726
0.987466
0.999128
1.00721
1.00963
1.00925
1.00829
1.00738
1.00213
0.990823
0.979243
0.969651
0.962384
0.991622
1.23927
1.66321
0.911073
0.912237
0.920478
0.93721
0.950422
0.955729
0.957593
0.9585
0.957846
0.950713
0.939176
0.929958
0.925223
0.923869
0.924136
0.925027
0.927961
0.939997
0.956605
0.966117
0.969583
0.970945
0.971615
0.968641
0.958743
0.947712
0.940378
0.937256
0.9368
0.937474
0.939099
0.947744
0.964905
0.977411
0.982268
0.983982
0.984846
0.983476
0.974875
0.962298
0.953088
0.949319
0.94879
0.949442
0.951238
0.961083
0.978927
0.990298
0.994204
0.995709
0.996325
0.993921
0.983263
0.970243
0.962742
0.960589
0.960657
0.961514
0.965695
0.980427
0.995331
1.00158
1.00358
1.00443
1.00407
0.998214
0.985836
0.975616
0.971472
0.970712
0.971134
0.973323
0.984115
0.998592
1.00616
1.0085
1.00911
1.00914
1.00704
0.998391
0.986648
0.978807
0.975626
0.974893
0.976236
0.987496
1.00244
1.00789
1.0082
1.0079
1.00824
1.00884
1.00536
0.992242
0.974979
0.961499
0.980654
1.23824
1.66174
)
;

boundaryField
{
    back
    {
        type            empty;
    }
    outlet
    {
        type            zeroGradient;
    }
    top
    {
        type            zeroGradient;
    }
    inlet
    {
        type            fixedValue;
        value           uniform 1;
    }
    bottom
    {
        type            zeroGradient;
    }
    front
    {
        type            empty;
    }
}


// ************************************************************************* //
