/*--------------------------------*- C++ -*----------------------------------*\
  =========                 |
  \\      /  F ield         | OpenFOAM: The Open Source CFD Toolbox
   \\    /   O peration     | Website:  https://openfoam.org
    \\  /    A nd           | Version:  12
     \\/     M anipulation  |
\*---------------------------------------------------------------------------*/
FoamFile
{
    format      ascii;
    class       volScalarField;
    location    "25";
    object      T;
}
// * * * * * * * * * * * * * * * * * * * * * * * * * * * * * * * * * * * * * //

dimensions      [0 0 0 1 0 0 0];

internalField   nonuniform List<scalar> 
9801
(
0.796171
0.793858
0.794523
0.799245
0.806044
0.809587
0.811404
0.812884
0.813997
0.811326
0.807009
0.806485
0.807169
0.808398
0.811648
0.818253
0.824087
0.826952
0.828412
0.829528
0.830118
0.8289
0.828688
0.829513
0.830535
0.831642
0.832884
0.83504
0.837802
0.839761
0.841935
0.844229
0.846085
0.847548
0.848927
0.850015
0.848115
0.846425
0.846656
0.847547
0.84881
0.853523
0.860145
0.863614
0.865289
0.866438
0.867335
0.865138
0.860558
0.859777
0.860855
0.862507
0.865776
0.873435
0.880529
0.883773
0.885344
0.886018
0.886401
0.884163
0.878266
0.875617
0.876436
0.878202
0.88055
0.886982
0.897687
0.904144
0.906993
0.908575
0.909704
0.91066
0.905863
0.898317
0.896749
0.898699
0.901638
0.908989
0.922192
0.93147
0.936377
0.939424
0.941545
0.942845
0.93584
0.925648
0.923589
0.927102
0.93296
0.947457
0.964647
0.976867
0.98749
0.995456
0.996578
0.990135
0.973822
1.11026
1.53193
0.797368
0.798417
0.800013
0.805791
0.811239
0.814448
0.816056
0.817179
0.817372
0.814468
0.811203
0.810957
0.811789
0.812949
0.815479
0.82173
0.827867
0.830855
0.832323
0.833355
0.83408
0.833432
0.832696
0.832957
0.833443
0.834225
0.835263
0.836881
0.841
0.84512
0.847667
0.849689
0.851471
0.852871
0.854063
0.854118
0.851054
0.849547
0.850087
0.85128
0.853414
0.859406
0.865609
0.868514
0.869848
0.870658
0.871225
0.869024
0.865027
0.864459
0.865509
0.866958
0.869471
0.876382
0.883131
0.886319
0.887935
0.888893
0.889805
0.889739
0.885301
0.882226
0.882403
0.883669
0.885357
0.890491
0.900621
0.907515
0.911001
0.913137
0.914717
0.916179
0.912516
0.904811
0.902443
0.903931
0.906507
0.91204
0.924658
0.935028
0.94076
0.944557
0.947418
0.949538
0.943666
0.933134
0.93019
0.933575
0.939129
0.950324
0.966148
0.97823
0.989063
0.998262
1.00056
0.993427
0.97077
1.10331
1.55396
0.802203
0.806125
0.810744
0.814828
0.817988
0.820139
0.821417
0.821663
0.820227
0.818561
0.817903
0.818101
0.81898
0.820292
0.822025
0.826971
0.833362
0.836483
0.837883
0.838856
0.839773
0.840481
0.839632
0.838279
0.838336
0.838994
0.840116
0.841965
0.847464
0.853853
0.857039
0.858579
0.859692
0.860747
0.861539
0.859387
0.856061
0.855685
0.856793
0.858418
0.861745
0.868677
0.873636
0.875649
0.876502
0.876995
0.877603
0.87653
0.873382
0.872627
0.873509
0.874926
0.876673
0.881495
0.888468
0.892891
0.89563
0.897547
0.899155
0.900418
0.897787
0.893751
0.893351
0.894443
0.896026
0.899235
0.908604
0.917506
0.9222
0.924961
0.926992
0.928577
0.925959
0.9183
0.91499
0.916137
0.918834
0.923252
0.935593
0.948704
0.955487
0.959581
0.962979
0.965137
0.960984
0.951653
0.947672
0.950271
0.95672
0.965714
0.982063
0.997886
1.01018
1.0217
1.02729
1.02364
1.00177
1.12537
1.58737
0.810958
0.818476
0.823371
0.826186
0.827587
0.82843
0.828498
0.827941
0.828003
0.828391
0.828863
0.829612
0.830711
0.831994
0.833345
0.835767
0.841362
0.845217
0.847085
0.848503
0.849747
0.85085
0.850574
0.848456
0.848164
0.849108
0.850425
0.852515
0.858702
0.865624
0.868612
0.869875
0.870747
0.871617
0.871384
0.868479
0.866978
0.867815
0.86935
0.871072
0.874373
0.880256
0.884328
0.88647
0.8879
0.889043
0.89015
0.890441
0.887655
0.886109
0.886467
0.887709
0.889422
0.892726
0.900693
0.907564
0.911503
0.914012
0.915953
0.917721
0.916338
0.910809
0.908749
0.909818
0.911997
0.914881
0.922981
0.933665
0.939577
0.942824
0.945197
0.947155
0.946383
0.939456
0.935151
0.936164
0.939316
0.943255
0.952465
0.966627
0.975361
0.980275
0.984294
0.987513
0.986797
0.980012
0.97467
0.974366
0.98007
0.988344
1.00064
1.01678
1.03061
1.04342
1.05239
1.05358
1.03922
1.15796
1.6271
0.821991
0.831687
0.836132
0.837947
0.838426
0.837424
0.837214
0.838277
0.839972
0.841709
0.843412
0.84479
0.845788
0.84631
0.846362
0.846809
0.849711
0.855316
0.859117
0.861376
0.863041
0.864568
0.865496
0.863308
0.861459
0.861665
0.862769
0.864602
0.870393
0.877886
0.88127
0.882895
0.884261
0.885267
0.88446
0.882056
0.881312
0.882348
0.883818
0.885341
0.887589
0.8931
0.89826
0.901121
0.903123
0.90485
0.906413
0.907418
0.9051
0.90285
0.902834
0.904114
0.905992
0.908601
0.916071
0.925083
0.929926
0.932585
0.934658
0.936506
0.936382
0.930493
0.927071
0.928004
0.930455
0.933366
0.939482
0.950728
0.958453
0.962449
0.965255
0.967709
0.968818
0.963714
0.957192
0.956253
0.95931
0.963279
0.969319
0.982383
0.994708
1.00135
1.00568
1.00956
1.01116
1.00746
1.00133
0.998081
0.999356
1.00634
1.01564
1.02938
1.04392
1.05635
1.06596
1.06991
1.06073
1.18392
1.65872
0.834503
0.844288
0.847978
0.848913
0.847966
0.847939
0.849382
0.851961
0.854768
0.857137
0.859013
0.860849
0.860672
0.858233
0.857232
0.857642
0.859796
0.867342
0.873373
0.876322
0.87829
0.880187
0.881654
0.878974
0.874774
0.874365
0.875435
0.877172
0.882101
0.890213
0.894686
0.89671
0.89829
0.899623
0.89941
0.897607
0.896659
0.897135
0.898207
0.899465
0.90107
0.905585
0.912776
0.917036
0.919428
0.921334
0.923127
0.924722
0.923221
0.9198
0.919183
0.920372
0.92236
0.924853
0.931288
0.941632
0.94743
0.95014
0.952142
0.953884
0.954297
0.949486
0.944354
0.944197
0.946729
0.949708
0.954241
0.964421
0.97406
0.978677
0.981504
0.984071
0.986388
0.984953
0.977863
0.973806
0.97452
0.978064
0.982388
0.990878
1.00464
1.01463
1.02093
1.02563
1.02916
1.02841
1.02224
1.01708
1.01558
1.01802
1.02416
1.03279
1.04513
1.05714
1.06603
1.07136
1.06892
1.20559
1.67951
0.84689
0.852677
0.856067
0.857425
0.858082
0.859674
0.862767
0.865701
0.86829
0.870512
0.872577
0.872856
0.869708
0.867588
0.867747
0.868772
0.872384
0.88035
0.886561
0.889924
0.892276
0.89453
0.895222
0.890708
0.886472
0.886274
0.887336
0.888733
0.89206
0.899676
0.905527
0.908319
0.91016
0.911816
0.912842
0.911788
0.90938
0.908379
0.908928
0.910184
0.911819
0.9149
0.923259
0.930413
0.933757
0.935723
0.937448
0.939209
0.938637
0.933922
0.931437
0.932549
0.934804
0.937505
0.943139
0.953677
0.960285
0.962817
0.964464
0.965879
0.966839
0.964822
0.959221
0.956809
0.958375
0.961145
0.964339
0.971346
0.982104
0.988937
0.992588
0.995264
0.997875
0.999426
0.994997
0.988624
0.985911
0.987012
0.990415
0.994992
1.0054
1.01928
1.0288
1.0346
1.03917
1.04185
1.0392
1.03351
1.02924
1.02769
1.02949
1.03464
1.04284
1.05446
1.06405
1.06993
1.07144
1.22178
1.6923
0.857234
0.857353
0.859279
0.864179
0.868987
0.873071
0.876521
0.879003
0.880839
0.882602
0.881573
0.877124
0.875575
0.87633
0.877669
0.880076
0.886346
0.893565
0.897906
0.900934
0.903437
0.904653
0.902422
0.898303
0.896721
0.897061
0.898043
0.89925
0.901123
0.906853
0.913316
0.917043
0.919424
0.921284
0.922901
0.923312
0.920363
0.917164
0.916594
0.917876
0.919772
0.922326
0.929759
0.939668
0.944411
0.946479
0.94809
0.949643
0.950009
0.94573
0.941416
0.94143
0.943485
0.945858
0.94985
0.958891
0.9666
0.97002
0.971911
0.973753
0.975941
0.976809
0.972078
0.967472
0.96657
0.968108
0.970211
0.973455
0.982752
0.9935
0.999243
1.00264
1.0055
1.00818
1.00743
1.00084
0.99587
0.994291
0.995387
0.998413
1.00324
1.01505
1.02864
1.03775
1.04358
1.04828
1.05064
1.04794
1.04177
1.03679
1.03501
1.03659
1.0411
1.04914
1.05982
1.0678
1.07244
1.23385
1.70044
0.862018
0.861135
0.862558
0.868615
0.878862
0.885369
0.888169
0.889856
0.89154
0.890606
0.883362
0.879418
0.879933
0.881499
0.884207
0.889853
0.899182
0.904892
0.907558
0.909381
0.909858
0.907892
0.90521
0.903554
0.903437
0.904322
0.905667
0.907071
0.908708
0.913066
0.919193
0.922996
0.925424
0.927346
0.929014
0.930434
0.92935
0.924931
0.923025
0.923797
0.925546
0.92774
0.933428
0.944133
0.950633
0.953223
0.954898
0.956407
0.957591
0.955565
0.950408
0.948317
0.948955
0.950424
0.952334
0.957758
0.96767
0.973813
0.977024
0.97983
0.982516
0.984788
0.983491
0.976928
0.972747
0.971388
0.97225
0.974511
0.979949
0.992637
1.00266
1.00785
1.01131
1.01425
1.01633
1.01233
1.0049
1.00062
0.999381
1.00047
1.00348
1.00941
1.02231
1.03617
1.04555
1.05147
1.05563
1.05648
1.05395
1.04867
1.04334
1.04026
1.04059
1.0442
1.05237
1.06326
1.07193
1.24461
1.70649
0.865671
0.865747
0.866887
0.872542
0.885678
0.893136
0.895849
0.89798
0.898136
0.891325
0.884435
0.883328
0.884236
0.885555
0.888528
0.897633
0.907099
0.911544
0.913031
0.912787
0.910328
0.908955
0.908756
0.908192
0.908031
0.909039
0.910695
0.912272
0.913729
0.916858
0.922959
0.927106
0.929349
0.931268
0.933207
0.935029
0.935835
0.93208
0.928964
0.929134
0.930512
0.932224
0.935673
0.945248
0.95354
0.957188
0.959268
0.960998
0.962674
0.963232
0.958475
0.953807
0.952177
0.952263
0.953548
0.956115
0.964983
0.975689
0.981715
0.985473
0.988105
0.990203
0.991264
0.985407
0.976684
0.97292
0.973036
0.975374
0.978693
0.98803
1.0026
1.01123
1.01538
1.0185
1.02133
1.02178
1.01442
1.00685
1.00384
1.00406
1.00578
1.0088
1.01471
1.02737
1.04102
1.0502
1.05592
1.05996
1.06081
1.05922
1.05427
1.0476
1.04219
1.0411
1.04387
1.05435
1.06804
1.25517
1.71158
0.869709
0.871072
0.872169
0.87863
0.891747
0.89839
0.900976
0.90198
0.898058
0.891238
0.888118
0.887761
0.889028
0.891902
0.897098
0.903626
0.910128
0.912926
0.913186
0.911415
0.911099
0.912117
0.91303
0.912949
0.913265
0.914289
0.914905
0.915336
0.916114
0.917829
0.923813
0.929929
0.933085
0.935461
0.937565
0.939461
0.94103
0.939064
0.934693
0.933422
0.933895
0.935253
0.937341
0.944439
0.95468
0.960109
0.962626
0.964397
0.966007
0.967333
0.965733
0.958696
0.9545
0.953517
0.954648
0.956783
0.961842
0.974595
0.985136
0.989768
0.992122
0.993806
0.994904
0.991684
0.981985
0.976349
0.975734
0.977246
0.979641
0.983732
0.996159
1.01036
1.01721
1.02044
1.02313
1.02549
1.02503
1.01827
1.01173
1.00904
1.0087
1.00974
1.01276
1.01927
1.03211
1.04542
1.05454
1.06011
1.06378
1.06384
1.06221
1.05709
1.04827
1.04073
1.03884
1.04353
1.05922
1.26415
1.71546
0.873998
0.876127
0.877667
0.886541
0.896849
0.90106
0.902329
0.900587
0.896789
0.894412
0.89323
0.894311
0.897255
0.901236
0.90354
0.90497
0.906742
0.90969
0.911138
0.91193
0.914191
0.916449
0.918534
0.919825
0.919225
0.918076
0.916986
0.916117
0.916375
0.917782
0.923047
0.932258
0.93748
0.94014
0.942207
0.944082
0.945918
0.945276
0.93918
0.935416
0.935505
0.93706
0.939051
0.943753
0.954596
0.962349
0.965421
0.96699
0.968204
0.969493
0.970156
0.965356
0.958389
0.95639
0.957254
0.959194
0.961698
0.970547
0.984577
0.99121
0.993417
0.994865
0.996039
0.995905
0.990271
0.982983
0.980519
0.980747
0.981723
0.983652
0.98836
1.00211
1.01545
1.02172
1.02559
1.02914
1.03216
1.03064
1.02228
1.01474
1.01153
1.01174
1.01373
1.01722
1.02473
1.0378
1.04995
1.05776
1.06253
1.06534
1.06483
1.06299
1.05711
1.04606
1.03802
1.03793
1.04626
1.26795
1.71773
0.87752
0.880278
0.884378
0.893112
0.898958
0.900914
0.900889
0.89871
0.898721
0.899779
0.901234
0.902935
0.904976
0.90684
0.906057
0.902501
0.902206
0.90543
0.911406
0.916175
0.919563
0.92261
0.924748
0.926277
0.925449
0.921096
0.917085
0.915661
0.916352
0.918028
0.92266
0.93403
0.942206
0.945711
0.947438
0.948959
0.950493
0.949424
0.942508
0.937848
0.937921
0.9395
0.94144
0.944194
0.952429
0.962691
0.967172
0.968967
0.970273
0.971868
0.973553
0.972342
0.964846
0.960814
0.960694
0.9617
0.963364
0.966916
0.979539
0.990654
0.994163
0.995893
0.997867
1.00012
0.999432
0.991982
0.985747
0.983724
0.98362
0.984832
0.987115
0.992705
1.00739
1.02162
1.02861
1.03191
1.03465
1.03608
1.03356
1.02586
1.01876
1.01572
1.01601
1.01835
1.02242
1.03068
1.04349
1.05354
1.05934
1.06316
1.06527
1.06489
1.06302
1.05538
1.04345
1.03703
1.03469
1.26663
1.7188
0.880587
0.885113
0.890339
0.895625
0.898687
0.90011
0.900109
0.900666
0.902891
0.906507
0.909036
0.910323
0.910364
0.908644
0.902889
0.900423
0.900963
0.903117
0.911069
0.921257
0.926831
0.929337
0.930776
0.932071
0.931604
0.924226
0.917041
0.916003
0.917095
0.919
0.923256
0.935357
0.946491
0.950447
0.952185
0.952938
0.952017
0.950028
0.946231
0.941912
0.941226
0.942714
0.944928
0.946633
0.949601
0.959718
0.968192
0.971527
0.973382
0.975079
0.976744
0.977592
0.972035
0.965027
0.963051
0.963315
0.96476
0.966801
0.973147
0.986876
0.995491
0.999015
1.00171
1.00382
1.0054
1.00203
0.992893
0.987621
0.98686
0.987731
0.988982
0.991168
0.996644
1.01161
1.02544
1.03167
1.03494
1.03792
1.03953
1.03746
1.03058
1.02393
1.02083
1.02126
1.02343
1.02727
1.03599
1.04766
1.05565
1.06036
1.06393
1.06549
1.0654
1.06263
1.05222
1.03975
1.0299
1.2607
1.71942
0.884494
0.890226
0.893027
0.895556
0.897301
0.898681
0.900372
0.90443
0.909822
0.912949
0.914662
0.915666
0.913746
0.906013
0.901303
0.901214
0.902491
0.90447
0.911422
0.925134
0.932565
0.934989
0.936231
0.936736
0.934185
0.926037
0.919388
0.918484
0.919803
0.922487
0.928173
0.938057
0.948465
0.953014
0.95406
0.952771
0.95226
0.952945
0.95197
0.94843
0.946604
0.947023
0.947947
0.948704
0.950025
0.955006
0.966824
0.973984
0.976923
0.97846
0.979584
0.980574
0.978217
0.969754
0.965322
0.965325
0.966773
0.968684
0.971082
0.979206
0.99322
1.00099
1.00374
1.00507
1.0068
1.00849
1.00512
0.997453
0.993274
0.992006
0.991772
0.992374
0.994267
1.00011
1.01498
1.02892
1.03604
1.03989
1.04218
1.043
1.04207
1.0366
1.02975
1.02577
1.02536
1.02725
1.03126
1.03987
1.0506
1.05777
1.06228
1.06539
1.06618
1.06589
1.06034
1.04611
1.03021
1.25229
1.71983
0.889734
0.893831
0.894972
0.894151
0.894537
0.897179
0.902684
0.909898
0.914832
0.917257
0.918838
0.919945
0.915081
0.905721
0.903168
0.903805
0.905193
0.907342
0.915909
0.928951
0.935355
0.937595
0.938386
0.935723
0.932043
0.928734
0.924912
0.924234
0.926596
0.931241
0.934631
0.937929
0.945233
0.950759
0.95218
0.952569
0.953881
0.956397
0.958387
0.957776
0.953237
0.950582
0.949956
0.950102
0.951263
0.953402
0.962111
0.973922
0.978613
0.980119
0.981018
0.9819
0.982189
0.977654
0.971055
0.969464
0.970619
0.97196
0.972728
0.974717
0.983426
0.996851
1.00337
1.00681
1.01012
1.01294
1.01471
1.01037
1.00185
0.996847
0.995411
0.995639
0.996444
0.998163
1.00322
1.01698
1.03085
1.0387
1.04312
1.04593
1.04692
1.04639
1.04155
1.03439
1.02957
1.02835
1.02973
1.03377
1.04235
1.05279
1.05971
1.06409
1.06606
1.06632
1.06495
1.0536
1.03662
1.24364
1.7204
0.89538
0.897371
0.89492
0.892885
0.89351
0.896088
0.904602
0.913552
0.917629
0.919317
0.920539
0.92032
0.914657
0.908525
0.906354
0.907153
0.909095
0.913178
0.920623
0.930069
0.935339
0.936861
0.935331
0.933573
0.933922
0.933778
0.933694
0.934109
0.935986
0.938366
0.938327
0.937453
0.938693
0.945454
0.952122
0.955518
0.958152
0.961399
0.964334
0.965987
0.962962
0.955862
0.952361
0.95165
0.952339
0.953902
0.957682
0.969308
0.978363
0.980999
0.982233
0.983696
0.985826
0.986473
0.981338
0.976177
0.974699
0.974095
0.973845
0.974692
0.977027
0.986385
1.0006
1.00926
1.01325
1.01611
1.01891
1.02007
1.01548
1.00714
1.00185
0.999858
0.99926
0.999396
1.00099
1.0063
1.01962
1.03325
1.04137
1.04558
1.04823
1.04954
1.04951
1.04582
1.03821
1.03206
1.02981
1.0309
1.03501
1.04354
1.05394
1.06074
1.06466
1.06586
1.06613
1.05927
1.0466
1.23752
1.72148
0.901369
0.899112
0.893896
0.892608
0.893532
0.895996
0.905588
0.91566
0.919488
0.92105
0.922002
0.919934
0.915502
0.912416
0.911649
0.912688
0.915127
0.918176
0.92174
0.927026
0.931349
0.932787
0.932772
0.933451
0.935698
0.940754
0.944411
0.944747
0.942669
0.940528
0.937107
0.934901
0.935459
0.939463
0.950334
0.959325
0.964702
0.968081
0.969995
0.971403
0.970628
0.962902
0.955377
0.953437
0.95402
0.955332
0.957051
0.962087
0.973965
0.981699
0.984898
0.987544
0.989657
0.991794
0.99165
0.98503
0.97857
0.975989
0.975501
0.975677
0.976701
0.979061
0.989537
1.00565
1.01449
1.01841
1.02115
1.02399
1.02486
1.0202
1.01151
1.00521
1.00278
1.00302
1.00484
1.0069
1.01032
1.02051
1.03365
1.04229
1.04726
1.05043
1.05281
1.05359
1.04916
1.04015
1.03252
1.02998
1.03109
1.03518
1.0442
1.05477
1.06127
1.06428
1.06536
1.06225
1.055
1.23555
1.72306
0.905564
0.897124
0.892644
0.89278
0.893934
0.896936
0.907019
0.917358
0.921175
0.92278
0.923383
0.921196
0.918202
0.916678
0.916423
0.91726
0.919029
0.920759
0.921198
0.922098
0.926411
0.931628
0.934422
0.937307
0.942974
0.948406
0.951254
0.95251
0.948301
0.93925
0.933731
0.933033
0.934452
0.937287
0.946721
0.96216
0.97068
0.973432
0.974518
0.975015
0.974574
0.969331
0.959792
0.956142
0.956309
0.957378
0.958295
0.959949
0.96568
0.978331
0.986974
0.991005
0.993733
0.99594
0.997583
0.995461
0.98688
0.980661
0.978649
0.978636
0.979484
0.980807
0.983211
0.993023
1.00837
1.01759
1.02192
1.02472
1.02681
1.02874
1.02739
1.02001
1.01289
1.00952
1.00797
1.0073
1.00816
1.01142
1.0217
1.03591
1.04531
1.05083
1.05424
1.05591
1.05555
1.05055
1.04012
1.03193
1.02993
1.03143
1.03534
1.04503
1.05526
1.06106
1.06333
1.06319
1.0603
1.23837
1.72502
0.905183
0.894513
0.892438
0.893285
0.894768
0.898653
0.910018
0.920082
0.923805
0.925181
0.924868
0.922784
0.921122
0.919874
0.919318
0.919846
0.920909
0.920769
0.919924
0.920704
0.923255
0.93052
0.939041
0.945996
0.950222
0.952494
0.95442
0.95553
0.950823
0.938826
0.933816
0.934036
0.935409
0.937723
0.945283
0.962542
0.972902
0.975455
0.975977
0.974734
0.97304
0.97152
0.96702
0.961618
0.960033
0.959979
0.959889
0.960484
0.962474
0.969172
0.983087
0.991789
0.995144
0.996568
0.99797
1.00003
0.998576
0.991177
0.98589
0.984457
0.98476
0.984642
0.984317
0.985292
0.991838
1.00691
1.01856
1.02455
1.02971
1.03379
1.03613
1.03468
1.02608
1.01575
1.00974
1.00764
1.00778
1.00929
1.01339
1.02596
1.04099
1.04997
1.05465
1.05701
1.05735
1.05601
1.05061
1.03981
1.03253
1.03113
1.03186
1.03526
1.04552
1.05502
1.05969
1.0608
1.06383
1.24474
1.72731
0.900537
0.894129
0.893717
0.894875
0.897448
0.904929
0.915434
0.922208
0.925227
0.926096
0.924171
0.922004
0.921376
0.921387
0.921285
0.921589
0.922007
0.920867
0.919661
0.920821
0.922823
0.927988
0.941198
0.950698
0.954468
0.955828
0.955942
0.952877
0.946406
0.939867
0.936226
0.93637
0.939432
0.945337
0.951171
0.958943
0.968679
0.972421
0.972405
0.971007
0.971075
0.97241
0.97378
0.970858
0.965895
0.963342
0.962782
0.963247
0.963236
0.964194
0.970437
0.984753
0.993071
0.996711
1.00024
1.00378
1.00684
1.00589
0.998286
0.991572
0.988258
0.985723
0.983806
0.983895
0.985197
0.992138
1.01033
1.0256
1.03205
1.03542
1.03759
1.03866
1.037
1.02755
1.01657
1.01043
1.00875
1.00955
1.01193
1.01749
1.03168
1.04566
1.05299
1.05619
1.05732
1.05697
1.05667
1.05147
1.04117
1.03434
1.03201
1.03173
1.03463
1.04497
1.05373
1.05708
1.06503
1.25272
1.73002
0.896724
0.895751
0.896139
0.899936
0.907535
0.913313
0.916521
0.9202
0.921875
0.92139
0.919743
0.919733
0.921587
0.92388
0.926008
0.926837
0.925742
0.922962
0.921869
0.922812
0.924305
0.927126
0.93895
0.951623
0.955596
0.956501
0.954231
0.950224
0.94707
0.943576
0.942272
0.944133
0.948988
0.952996
0.954502
0.954791
0.956473
0.963081
0.967887
0.970013
0.972106
0.975105
0.978502
0.980387
0.976849
0.970151
0.96648
0.964501
0.962702
0.962474
0.963746
0.970423
0.985596
0.997314
1.00422
1.00873
1.01179
1.01347
1.01064
1.0009
0.991501
0.986901
0.985721
0.985763
0.986716
0.989741
0.997321
1.01409
1.02807
1.03443
1.03744
1.03784
1.03776
1.03609
1.02747
1.01805
1.01301
1.01175
1.01284
1.01508
1.02048
1.0345
1.04699
1.05352
1.05708
1.05805
1.05828
1.05829
1.05313
1.04325
1.03523
1.03133
1.03002
1.03296
1.0442
1.05155
1.06395
1.26149
1.73308
0.897913
0.899205
0.90385
0.912075
0.916796
0.917983
0.915191
0.911426
0.911359
0.914926
0.918451
0.921467
0.924597
0.929057
0.933354
0.935703
0.93333
0.927332
0.924629
0.924531
0.925537
0.926954
0.933421
0.94645
0.951622
0.952181
0.950909
0.950853
0.951068
0.951452
0.952376
0.953281
0.954472
0.955535
0.953793
0.948921
0.947332
0.950845
0.961094
0.96954
0.974921
0.980042
0.983924
0.986487
0.986611
0.979856
0.970272
0.963756
0.961297
0.961714
0.962927
0.964643
0.972611
0.992175
1.00518
1.00998
1.01255
1.01376
1.01355
1.01161
1.00319
0.99424
0.990366
0.989974
0.990873
0.993146
0.995336
0.99957
1.01357
1.02735
1.0337
1.03609
1.03723
1.03773
1.0366
1.03027
1.02158
1.01552
1.01349
1.0137
1.01603
1.0219
1.03586
1.04858
1.05585
1.05891
1.05914
1.05906
1.05863
1.05382
1.04432
1.035
1.02941
1.0272
1.03235
1.04308
1.05991
1.26945
1.73541
0.902968
0.910965
0.917216
0.920127
0.920868
0.916399
0.906641
0.901847
0.902297
0.908124
0.918631
0.927156
0.934631
0.939211
0.941759
0.94295
0.939394
0.930141
0.924966
0.924397
0.925307
0.92676
0.929574
0.938458
0.948092
0.951587
0.952841
0.954264
0.957242
0.960852
0.962588
0.961651
0.95906
0.954802
0.947794
0.9436
0.943694
0.945673
0.952015
0.966002
0.978563
0.98532
0.98852
0.990458
0.991582
0.988566
0.975798
0.965796
0.963314
0.963805
0.9653
0.968401
0.97303
0.980468
0.994283
1.00375
1.00803
1.01058
1.01236
1.01389
1.01455
1.00954
1.00089
0.996008
0.994718
0.994723
0.994553
0.99606
1.00058
1.01358
1.02786
1.03508
1.03762
1.0389
1.03934
1.03922
1.03286
1.02366
1.01719
1.0146
1.01462
1.01715
1.02264
1.03627
1.04971
1.0565
1.05811
1.05813
1.05858
1.05784
1.05489
1.04634
1.03526
1.02735
1.02509
1.03108
1.0527
1.276
1.73658
0.915879
0.925142
0.92796
0.927449
0.920396
0.906002
0.898153
0.897238
0.898553
0.902954
0.918374
0.938159
0.946251
0.948505
0.949135
0.94782
0.942188
0.930917
0.92502
0.924619
0.926035
0.928223
0.930112
0.932971
0.941737
0.951443
0.956609
0.960035
0.96426
0.966965
0.968246
0.967627
0.963356
0.952758
0.944075
0.941812
0.942627
0.944224
0.947049
0.959013
0.978689
0.98714
0.989814
0.991036
0.989698
0.986482
0.982127
0.974905
0.970828
0.971023
0.972649
0.974678
0.975538
0.975907
0.977925
0.988042
1.00092
1.00892
1.01372
1.01767
1.0204
1.02137
1.01629
1.00603
0.998659
0.995794
0.995833
0.997116
0.999193
1.00293
1.01439
1.02823
1.03538
1.03826
1.0394
1.03998
1.03984
1.03545
1.02683
1.01944
1.01665
1.01647
1.01819
1.02239
1.03518
1.04836
1.05466
1.05616
1.05677
1.058
1.05871
1.05773
1.04939
1.03468
1.02373
1.02094
1.04095
1.27978
1.73661
0.930168
0.933325
0.933628
0.930005
0.912681
0.898856
0.895953
0.896752
0.898688
0.904365
0.925174
0.94502
0.9507
0.95227
0.951936
0.946518
0.938556
0.931907
0.927421
0.926632
0.928502
0.93147
0.933541
0.934676
0.936105
0.943679
0.955335
0.963294
0.968057
0.970331
0.971184
0.970543
0.965525
0.95456
0.946202
0.944017
0.945098
0.947457
0.951404
0.957938
0.970658
0.981994
0.985613
0.985927
0.984659
0.984851
0.987135
0.988631
0.986008
0.981928
0.979725
0.978148
0.975342
0.972203
0.971936
0.974202
0.985848
1.00458
1.01607
1.0209
1.02389
1.02536
1.02527
1.02054
1.00976
1.00189
0.999387
0.999703
1.00052
1.00147
1.00449
1.01466
1.02805
1.03538
1.03868
1.04087
1.04235
1.04232
1.0385
1.02915
1.02123
1.01779
1.01696
1.01741
1.02021
1.03234
1.04632
1.05304
1.05522
1.0567
1.05964
1.06129
1.06094
1.05109
1.03191
1.01709
1.02342
1.27874
1.73526
0.938933
0.940203
0.935044
0.919778
0.904813
0.898795
0.897833
0.898839
0.904949
0.919129
0.933652
0.944982
0.950686
0.951605
0.945817
0.938526
0.936249
0.93597
0.935151
0.934662
0.935559
0.937011
0.937009
0.936264
0.936209
0.937345
0.945632
0.959893
0.966461
0.968113
0.968662
0.968652
0.967297
0.961323
0.953886
0.951223
0.952267
0.954422
0.957048
0.95915
0.961411
0.96706
0.974745
0.979751
0.982937
0.987487
0.99367
0.998706
1.00043
0.996684
0.988136
0.979627
0.973237
0.970264
0.97028
0.971455
0.975369
0.990365
1.01052
1.02067
1.02498
1.02613
1.02584
1.02613
1.02383
1.01473
1.0068
1.00309
1.0017
1.00136
1.00169
1.00483
1.01553
1.02923
1.03732
1.04132
1.04314
1.04378
1.04355
1.03941
1.03032
1.02203
1.0171
1.01541
1.01561
1.01767
1.03018
1.04524
1.05257
1.05507
1.05783
1.06137
1.06293
1.06184
1.04899
1.02509
1.01298
1.2703
1.73291
0.94024
0.940253
0.925843
0.911237
0.904602
0.902236
0.902999
0.91114
0.925061
0.93254
0.934792
0.937019
0.938127
0.937528
0.935699
0.934981
0.93643
0.941258
0.946606
0.948581
0.946108
0.942008
0.938723
0.935925
0.934829
0.935391
0.937599
0.948971
0.962609
0.96743
0.969243
0.970749
0.970718
0.968835
0.965216
0.96082
0.958824
0.959192
0.95979
0.959152
0.956594
0.956546
0.96056
0.970294
0.982031
0.993426
1.00192
1.00624
1.00892
1.00829
0.998937
0.984276
0.975039
0.971871
0.971762
0.97342
0.978421
0.984125
0.994356
1.01069
1.02079
1.0246
1.02605
1.02756
1.02869
1.02791
1.01929
1.00955
1.00398
1.00189
1.00167
1.00283
1.00623
1.01745
1.03166
1.03961
1.0426
1.04349
1.0436
1.04341
1.03999
1.03261
1.02342
1.01689
1.01386
1.01345
1.01588
1.0291
1.04475
1.05197
1.05519
1.05932
1.06204
1.06327
1.05951
1.03931
1.01723
1.25855
1.73114
0.937007
0.926608
0.913665
0.909204
0.908409
0.909813
0.918904
0.930257
0.935134
0.936398
0.933092
0.923759
0.920448
0.923937
0.930711
0.936372
0.942785
0.950834
0.95658
0.958958
0.957068
0.947984
0.938049
0.93352
0.933284
0.934415
0.936133
0.939825
0.954153
0.96684
0.970901
0.972408
0.973954
0.975025
0.974448
0.97094
0.96647
0.963554
0.960728
0.956769
0.953607
0.953348
0.954297
0.958809
0.976831
0.996034
1.00434
1.00815
1.01083
1.01071
1.0064
0.996078
0.984146
0.978143
0.977157
0.978885
0.981888
0.983579
0.985497
0.99209
1.00808
1.02117
1.02695
1.02862
1.02856
1.02873
1.02874
1.02298
1.01312
1.00601
1.00328
1.00277
1.00395
1.00799
1.02026
1.03446
1.04105
1.04318
1.04382
1.04435
1.04425
1.04248
1.03604
1.02518
1.0166
1.01283
1.01189
1.01486
1.02863
1.04461
1.05181
1.05622
1.05968
1.06213
1.06233
1.05033
1.03391
1.25018
1.73095
0.92093
0.914814
0.912603
0.912361
0.91564
0.92764
0.937805
0.941786
0.941519
0.935122
0.92017
0.911668
0.910633
0.913308
0.923515
0.940331
0.954807
0.962016
0.964846
0.965329
0.963687
0.953898
0.93931
0.934659
0.934893
0.936113
0.938261
0.941478
0.946329
0.957924
0.967978
0.972296
0.974951
0.976658
0.978206
0.979388
0.977427
0.971701
0.96434
0.958028
0.955135
0.955112
0.955966
0.959432
0.970112
0.988543
1.00147
1.00695
1.00857
1.00606
1.00486
1.00524
1.00114
0.992451
0.986815
0.984842
0.984245
0.983402
0.982905
0.984181
0.989377
1.00528
1.02056
1.02647
1.02845
1.03058
1.03228
1.03228
1.02615
1.01467
1.00613
1.00378
1.00471
1.00689
1.01074
1.02231
1.03519
1.04197
1.04448
1.04537
1.04655
1.04667
1.04552
1.03942
1.02632
1.01617
1.0118
1.01134
1.01479
1.02852
1.04432
1.05182
1.05642
1.05948
1.0621
1.05693
1.04639
1.2496
1.73268
0.906196
0.909957
0.914506
0.92267
0.936263
0.943651
0.946112
0.946563
0.94169
0.924455
0.912239
0.909514
0.91007
0.911417
0.917718
0.942849
0.961992
0.966589
0.968194
0.966582
0.960159
0.952691
0.944884
0.939773
0.940001
0.943015
0.94705
0.949075
0.948343
0.948092
0.953234
0.963745
0.971295
0.976607
0.981464
0.985073
0.987021
0.984628
0.973891
0.963588
0.960602
0.961106
0.963283
0.968436
0.972339
0.976078
0.984898
0.995559
1.00194
1.00509
1.00797
1.01056
1.01194
1.01036
1.00175
0.992404
0.986549
0.98356
0.982254
0.981859
0.983096
0.987771
1.00408
1.02198
1.03016
1.03254
1.03353
1.03424
1.0333
1.0261
1.01407
1.00794
1.0071
1.00826
1.00983
1.01239
1.02294
1.03625
1.04302
1.04507
1.04627
1.0481
1.04877
1.04851
1.04281
1.02836
1.01736
1.0128
1.01268
1.01489
1.02779
1.04313
1.0514
1.05577
1.05925
1.05923
1.05568
1.25568
1.7358
0.897663
0.904983
0.920537
0.942264
0.951508
0.953379
0.951794
0.944357
0.929206
0.9148
0.909895
0.909947
0.910928
0.915487
0.930167
0.94875
0.96116
0.966024
0.965852
0.95833
0.953092
0.952917
0.953314
0.952752
0.95182
0.952551
0.953594
0.951695
0.945997
0.941306
0.941105
0.947114
0.96283
0.976784
0.985091
0.989997
0.99276
0.993247
0.986717
0.974934
0.968691
0.967847
0.968712
0.971032
0.972207
0.970692
0.97127
0.977787
0.992845
1.00603
1.01234
1.01634
1.0187
1.01959
1.01757
1.00707
0.994457
0.98628
0.982632
0.981918
0.98298
0.985328
0.989808
1.0066
1.02512
1.03167
1.03236
1.03187
1.03037
1.02958
1.02633
1.019
1.01424
1.0125
1.01279
1.01396
1.01549
1.02309
1.03523
1.04215
1.04509
1.04759
1.05074
1.05237
1.05231
1.04608
1.0313
1.02014
1.01521
1.01384
1.01435
1.02599
1.04075
1.04975
1.05403
1.05603
1.06283
1.26747
1.73975
0.895176
0.904214
0.932117
0.950393
0.955093
0.956998
0.955639
0.940784
0.921329
0.913347
0.911194
0.91187
0.919347
0.93301
0.941744
0.946518
0.951549
0.953466
0.951888
0.950782
0.951548
0.954691
0.962315
0.968142
0.968185
0.963561
0.956908
0.947688
0.939405
0.936422
0.936773
0.938292
0.94844
0.973719
0.98776
0.992279
0.994627
0.994819
0.992829
0.987491
0.980253
0.975317
0.97273
0.971146
0.968889
0.966372
0.966197
0.968009
0.975851
0.996047
1.01206
1.01867
1.02113
1.02141
1.02106
1.01855
1.00726
0.993295
0.986058
0.984555
0.985743
0.988959
0.992338
0.995535
1.00803
1.0232
1.02825
1.02913
1.03057
1.03263
1.0348
1.03365
1.02756
1.02089
1.01672
1.01462
1.01406
1.01442
1.02113
1.03402
1.04252
1.04721
1.05161
1.05488
1.05522
1.05507
1.04829
1.0334
1.02201
1.01651
1.0137
1.01244
1.02155
1.03668
1.0468
1.05099
1.06685
1.28153
1.74424
0.900421
0.919426
0.936858
0.94951
0.954212
0.953117
0.94266
0.930231
0.921673
0.917245
0.917977
0.926717
0.937973
0.942451
0.94315
0.940952
0.934768
0.933707
0.937927
0.94508
0.953516
0.964651
0.973754
0.977768
0.978207
0.973107
0.958023
0.94222
0.935744
0.935238
0.936208
0.938762
0.947644
0.964857
0.983004
0.990746
0.993712
0.993201
0.991164
0.991709
0.992
0.988236
0.9815
0.974831
0.970055
0.967776
0.967195
0.968255
0.971004
0.98
1.00104
1.016
1.02071
1.02134
1.01877
1.01633
1.01368
1.00642
0.997822
0.993377
0.992492
0.993253
0.993072
0.992163
0.993692
1.00425
1.01917
1.02728
1.03225
1.03677
1.04033
1.04217
1.04028
1.0319
1.02116
1.01468
1.01261
1.01253
1.01329
1.02119
1.03506
1.04471
1.05009
1.05407
1.05538
1.0558
1.05519
1.04815
1.03555
1.02421
1.01578
1.00998
1.00741
1.01524
1.03405
1.04457
1.06796
1.29555
1.74876
0.916109
0.926807
0.932771
0.938308
0.938865
0.934029
0.92946
0.928491
0.928386
0.930525
0.937773
0.944388
0.947071
0.946597
0.938867
0.926753
0.921674
0.922493
0.926603
0.937395
0.957715
0.974692
0.981244
0.983858
0.983711
0.977947
0.959932
0.943276
0.937352
0.937234
0.939625
0.949294
0.959676
0.964437
0.968486
0.975819
0.982246
0.986424
0.990428
0.995386
0.997999
0.999145
0.99621
0.986516
0.976782
0.971735
0.970238
0.970578
0.973311
0.97683
0.983399
1.00035
1.01312
1.01632
1.01569
1.01495
1.01479
1.01475
1.01381
1.00885
1.00247
0.997548
0.993018
0.989528
0.98862
0.990735
1.00106
1.01918
1.03273
1.03931
1.04184
1.04388
1.04498
1.04148
1.03225
1.02161
1.01476
1.01219
1.01227
1.01497
1.02123
1.03316
1.044
1.05095
1.0543
1.05452
1.05489
1.054
1.0479
1.03743
1.02462
1.01201
1.00319
1.00112
1.01308
1.03368
1.06413
1.30775
1.75216
0.923752
0.92531
0.92366
0.918002
0.917795
0.921687
0.925844
0.931827
0.942567
0.951586
0.953666
0.952891
0.950824
0.941197
0.927665
0.920137
0.918684
0.919249
0.921038
0.931027
0.958935
0.976455
0.982139
0.983452
0.978215
0.968118
0.959981
0.952257
0.94828
0.949934
0.955943
0.962511
0.964896
0.962986
0.957225
0.956108
0.961875
0.97642
0.990523
0.998767
1.00394
1.0063
1.00749
1.00338
0.989634
0.978064
0.973482
0.972534
0.974037
0.977042
0.979545
0.98346
0.994775
1.00725
1.01268
1.01432
1.01607
1.02074
1.02309
1.02156
1.01513
1.00425
0.993125
0.987755
0.987499
0.989056
0.99124
1.00268
1.02571
1.03787
1.04143
1.0431
1.04315
1.04248
1.04166
1.03596
1.02503
1.01697
1.01377
1.01386
1.01439
1.01782
1.03082
1.04361
1.05106
1.0529
1.0533
1.05249
1.05178
1.04718
1.03852
1.02332
1.00684
0.998076
0.997968
1.0149
1.05359
1.31624
1.75365
0.92645
0.918657
0.905541
0.901597
0.902996
0.909764
0.923091
0.942764
0.960178
0.966821
0.967516
0.961043
0.947016
0.93214
0.922365
0.919619
0.919898
0.921068
0.928316
0.942259
0.955568
0.968371
0.973687
0.972036
0.967364
0.96506
0.964981
0.966858
0.970373
0.971748
0.97169
0.970838
0.96597
0.955245
0.947673
0.946431
0.948209
0.957835
0.981775
1.00052
1.00846
1.01164
1.01286
1.01096
1.00355
0.988501
0.978003
0.975027
0.975982
0.978968
0.980412
0.979333
0.979866
0.988528
1.00274
1.01269
1.02004
1.02494
1.02693
1.02734
1.02533
1.0147
0.998245
0.990118
0.989169
0.991126
0.99385
0.999717
1.01081
1.02455
1.03315
1.03743
1.0401
1.04284
1.04537
1.04681
1.04152
1.02823
1.0182
1.01313
1.01263
1.01354
1.0161
1.02916
1.04346
1.05029
1.05113
1.05084
1.05057
1.04892
1.04538
1.03888
1.02045
1.00336
0.996439
0.994699
1.03653
1.3196
1.75318
0.922151
0.906159
0.899225
0.898348
0.899191
0.901766
0.917054
0.950623
0.965788
0.97006
0.971528
0.966926
0.94908
0.931355
0.924018
0.922447
0.924491
0.93415
0.945629
0.950207
0.951374
0.951692
0.952198
0.955701
0.960255
0.965416
0.975856
0.986065
0.989862
0.989421
0.984574
0.974325
0.958755
0.946487
0.942376
0.94259
0.94469
0.950564
0.966154
0.993005
1.00831
1.01271
1.01252
1.00775
1.00327
0.999433
0.991017
0.984959
0.983449
0.983358
0.981514
0.976469
0.974984
0.97684
0.985703
1.0046
1.01998
1.02527
1.0265
1.0261
1.02214
1.01615
1.00931
1.00203
0.998789
0.998888
1.0005
1.00174
1.00219
1.00449
1.01505
1.02941
1.03892
1.04482
1.04966
1.05149
1.0507
1.04406
1.02971
1.01886
1.01388
1.01319
1.0129
1.0148
1.02776
1.04237
1.04847
1.04921
1.04913
1.04925
1.04545
1.04428
1.03625
1.0165
1.00104
0.993213
1.01029
1.3148
1.75038
0.911513
0.900023
0.898603
0.899156
0.900554
0.910566
0.931585
0.950974
0.963573
0.967548
0.963896
0.953154
0.944613
0.938803
0.934726
0.936001
0.942077
0.948796
0.951407
0.951482
0.944933
0.936206
0.934985
0.939324
0.95108
0.970485
0.989732
0.999292
1.00204
1.00201
0.996492
0.978312
0.956329
0.945547
0.942581
0.943004
0.948091
0.958753
0.966772
0.974859
0.990956
1.00158
1.00388
1.00321
1.00295
1.00312
1.00415
1.00146
0.994382
0.987061
0.979363
0.974874
0.974435
0.976357
0.979264
0.990609
1.01147
1.02082
1.0218
1.0204
1.01739
1.01652
1.01781
1.01823
1.01549
1.01092
1.00695
1.00283
0.998505
0.996194
0.997245
1.01166
1.03283
1.04412
1.04909
1.05159
1.05231
1.0519
1.04558
1.03212
1.02165
1.01569
1.01206
1.01095
1.01199
1.0266
1.04187
1.04716
1.04776
1.04842
1.04485
1.04332
1.04255
1.03136
1.01233
0.9968
0.996298
1.30194
1.74633
0.907839
0.900808
0.90054
0.903282
0.916343
0.932149
0.939826
0.943833
0.947453
0.94753
0.946436
0.94688
0.948472
0.95001
0.953282
0.956333
0.957263
0.957448
0.955103
0.9438
0.932304
0.928371
0.928829
0.930618
0.938349
0.967917
0.992419
1.00057
1.00358
1.00188
0.990492
0.976354
0.963374
0.952773
0.949214
0.951138
0.958531
0.964662
0.966884
0.966613
0.966595
0.97604
0.991168
0.99996
1.00401
1.00785
1.01138
1.01277
1.00897
0.996592
0.982524
0.975961
0.975863
0.978365
0.981929
0.986458
0.996383
1.00893
1.0138
1.01508
1.01629
1.01932
1.0236
1.02758
1.02921
1.02601
1.01602
1.00482
0.997715
0.994399
0.993705
0.996664
1.01411
1.03545
1.04627
1.05163
1.05382
1.05428
1.05362
1.0472
1.03431
1.0227
1.0136
1.00842
1.00745
1.01082
1.02686
1.04097
1.04547
1.04603
1.04505
1.04169
1.04147
1.03911
1.02657
1.00626
0.99531
1.2851
1.74261
0.911975
0.908242
0.912574
0.924837
0.935461
0.939088
0.939705
0.934206
0.924943
0.924043
0.930093
0.941507
0.952308
0.963177
0.971097
0.973072
0.970996
0.964956
0.951609
0.935153
0.927215
0.926424
0.927506
0.931728
0.946642
0.964082
0.981455
0.991642
0.993211
0.98847
0.981596
0.978313
0.97539
0.97099
0.96746
0.96683
0.967478
0.967497
0.963836
0.957332
0.955467
0.957567
0.969013
0.989767
1.00458
1.01173
1.01425
1.01519
1.01544
1.00871
0.992464
0.982662
0.981275
0.983674
0.986256
0.987942
0.98919
0.993752
1.00204
1.00961
1.01663
1.02292
1.02854
1.03266
1.03555
1.03619
1.0281
1.01297
1.00132
0.99559
0.993641
0.994712
0.999
1.01517
1.03694
1.04941
1.05424
1.05397
1.05386
1.05345
1.04704
1.03601
1.0228
1.01158
1.00641
1.00543
1.01008
1.02574
1.03908
1.04304
1.04403
1.04071
1.03927
1.03923
1.03543
1.01873
1.00471
1.26787
1.73984
0.924532
0.927782
0.93634
0.941995
0.943344
0.942134
0.931423
0.917336
0.911828
0.912502
0.916067
0.927953
0.952011
0.971889
0.980694
0.983585
0.983165
0.97501
0.953379
0.936069
0.929451
0.928998
0.933083
0.946858
0.956337
0.958906
0.960588
0.964379
0.971529
0.977536
0.980388
0.983086
0.986768
0.990063
0.989852
0.983754
0.975019
0.965443
0.956229
0.952176
0.952344
0.95445
0.95818
0.970385
0.996757
1.01187
1.01512
1.01477
1.01105
1.00678
1.00241
0.996808
0.992929
0.992006
0.991996
0.990508
0.988941
0.989074
0.991021
0.997988
1.01101
1.02322
1.03042
1.03472
1.03797
1.03957
1.03682
1.02734
1.01256
1.00153
0.996299
0.995212
0.997371
1.00023
1.01406
1.03582
1.04859
1.05219
1.05249
1.05207
1.05254
1.04828
1.03818
1.02316
1.0092
1.0047
1.0045
1.0098
1.02445
1.03692
1.04027
1.0403
1.03742
1.03732
1.03787
1.02684
1.01671
1.25544
1.73832
0.944359
0.950869
0.949856
0.949341
0.946431
0.934895
0.919992
0.91077
0.908299
0.908825
0.910351
0.918011
0.946122
0.972128
0.980824
0.98286
0.979036
0.968846
0.958543
0.947459
0.943009
0.9445
0.951432
0.957414
0.958224
0.953335
0.943792
0.941595
0.947481
0.964868
0.982295
0.992866
1.00091
1.00439
1.00553
1.00128
0.986086
0.96717
0.955756
0.952829
0.953452
0.957948
0.965425
0.972954
0.982711
0.998153
1.00647
1.00717
1.00635
1.00635
1.00869
1.01142
1.01042
1.00617
1.0006
0.995113
0.991065
0.988795
0.988366
0.989147
0.995918
1.01446
1.02894
1.03504
1.03796
1.03904
1.03801
1.03607
1.02848
1.01383
1.00336
0.998722
0.998608
0.99991
1.00097
1.00866
1.02908
1.04497
1.05031
1.05212
1.05423
1.05452
1.04992
1.03958
1.01957
1.00684
1.00485
1.00549
1.01095
1.02489
1.03484
1.03735
1.03628
1.03532
1.03641
1.03162
1.02503
1.24967
1.73769
0.9627
0.96768
0.964199
0.954541
0.942062
0.928535
0.917095
0.91146
0.91025
0.911314
0.917432
0.927001
0.936974
0.954479
0.96725
0.970931
0.971054
0.970707
0.968341
0.967562
0.966636
0.965204
0.96394
0.962041
0.952904
0.940029
0.933296
0.93229
0.933905
0.943812
0.973167
0.997809
1.00735
1.01014
1.01036
1.00532
0.992622
0.975691
0.963944
0.960288
0.963029
0.969366
0.973893
0.976484
0.976066
0.975748
0.982857
0.993597
1.00092
1.00729
1.01551
1.02197
1.02422
1.02237
1.01365
1.0016
0.9935
0.989617
0.987873
0.98794
0.98886
0.997814
1.01706
1.02993
1.03506
1.03751
1.03769
1.03664
1.03603
1.03016
1.01751
1.00872
1.00445
1.00134
0.997147
0.995615
1.00179
1.02564
1.04446
1.05159
1.05511
1.05747
1.05598
1.05011
1.03419
1.01546
1.00771
1.00737
1.00912
1.01424
1.02628
1.0326
1.03398
1.03299
1.03367
1.03167
1.03198
1.25056
1.73806
0.965525
0.970413
0.970307
0.964273
0.946467
0.929358
0.919713
0.916593
0.918063
0.923338
0.92866
0.930076
0.930544
0.930739
0.939306
0.954894
0.9672
0.976728
0.984842
0.988058
0.987995
0.983424
0.972707
0.957591
0.943056
0.932808
0.930026
0.930261
0.933325
0.941541
0.960691
0.991586
1.00736
1.01097
1.00791
0.996078
0.986836
0.982744
0.979085
0.978271
0.979937
0.980269
0.980205
0.977053
0.968701
0.9634
0.964608
0.97246
0.988744
1.0077
1.02177
1.02838
1.0309
1.03117
1.02671
1.01209
0.998093
0.991167
0.989121
0.988911
0.989581
0.992738
1.00002
1.01465
1.02765
1.03402
1.03587
1.03488
1.03612
1.03805
1.03446
1.02414
1.01354
1.00282
0.994996
0.992917
0.993627
1.00125
1.02824
1.04868
1.0552
1.05594
1.0535
1.04858
1.04223
1.0295
1.01817
1.01342
1.01289
1.01369
1.01698
1.02462
1.02891
1.0308
1.0319
1.03134
1.0389
1.25748
1.7406
0.959507
0.963434
0.961065
0.956094
0.951745
0.943331
0.935561
0.932536
0.932606
0.932913
0.931554
0.926396
0.921502
0.920584
0.922298
0.932576
0.959039
0.982699
0.992941
0.99657
0.997982
0.995363
0.983839
0.961503
0.941525
0.9325
0.930442
0.93195
0.94158
0.956782
0.967299
0.976979
0.990026
0.99565
0.992705
0.988208
0.987606
0.987786
0.992012
0.997177
0.996408
0.992686
0.986144
0.974046
0.962602
0.95822
0.958653
0.960378
0.969055
0.999945
1.0227
1.0288
1.03082
1.0305
1.02733
1.02184
1.01188
1.00135
0.995624
0.993708
0.993623
0.994328
0.994208
0.995715
1.00939
1.02422
1.03156
1.03543
1.03896
1.04098
1.04127
1.03792
1.02513
1.0098
0.998539
0.993534
0.993304
0.99627
1.00714
1.03377
1.04883
1.05128
1.05115
1.04904
1.04567
1.04159
1.03433
1.02568
1.01911
1.01617
1.01506
1.01526
1.0195
1.02533
1.03122
1.03325
1.0467
1.26797
1.74445
0.936777
0.948141
0.953188
0.956734
0.960249
0.961881
0.957947
0.949719
0.94233
0.934701
0.924659
0.91804
0.916365
0.916884
0.919201
0.926484
0.94493
0.974778
0.992331
0.997383
0.996918
0.987049
0.972589
0.961655
0.950475
0.941688
0.939525
0.945261
0.957729
0.96549
0.968454
0.969119
0.966426
0.967487
0.974555
0.982092
0.987727
0.994345
1.00371
1.00875
1.00883
1.00505
0.993721
0.975451
0.963577
0.960226
0.960965
0.963498
0.971919
0.988961
1.00933
1.01988
1.0233
1.02414
1.0239
1.02449
1.02487
1.02076
1.01104
1.0029
0.998085
0.99398
0.989857
0.989097
0.992502
1.0088
1.02741
1.03745
1.04106
1.04146
1.04109
1.03837
1.03113
1.02203
1.01064
1.00131
0.999323
1.00029
1.00293
1.01148
1.03003
1.04148
1.04642
1.04924
1.04909
1.04846
1.04605
1.04088
1.0315
1.02226
1.01672
1.01227
1.00919
1.01347
1.02697
1.03433
1.0545
1.28075
1.74865
0.915434
0.923076
0.942582
0.959311
0.968444
0.97302
0.974468
0.969682
0.95364
0.934609
0.92307
0.918575
0.917795
0.918543
0.925979
0.940419
0.949908
0.957219
0.970087
0.978297
0.978357
0.974949
0.971671
0.967647
0.962976
0.959422
0.960019
0.965007
0.969157
0.969713
0.967942
0.959522
0.951097
0.950579
0.955924
0.967674
0.982999
0.999218
1.0094
1.01363
1.01508
1.01296
1.00227
0.985152
0.973153
0.97036
0.97211
0.976108
0.981606
0.983713
0.986834
0.996228
1.00861
1.01786
1.02402
1.02971
1.03382
1.03602
1.03132
1.01659
1.00245
0.993971
0.989879
0.988696
0.99022
0.995456
1.01345
1.03269
1.04079
1.04125
1.03938
1.03743
1.03329
1.02958
1.02628
1.01775
1.00968
1.00558
1.00325
1.00268
1.00683
1.01964
1.0341
1.04565
1.05176
1.05227
1.05143
1.04968
1.04455
1.03394
1.02323
1.01383
1.00573
1.00178
1.01374
1.02853
1.05774
1.29301
1.75261
0.906272
0.909963
0.922574
0.953643
0.969647
0.974217
0.976351
0.975714
0.965041
0.943395
0.928171
0.923685
0.924099
0.929998
0.941383
0.947936
0.94947
0.947834
0.942145
0.942794
0.952919
0.965182
0.971314
0.972328
0.974166
0.980757
0.985182
0.983238
0.978909
0.974075
0.964885
0.951443
0.945158
0.944623
0.946268
0.951628
0.970673
0.99789
1.00955
1.01244
1.01136
1.00618
1.00207
0.997896
0.992697
0.988888
0.986822
0.98589
0.984486
0.979728
0.974749
0.975018
0.983303
1.00485
1.02479
1.03482
1.04045
1.04348
1.04224
1.03311
1.01453
0.998973
0.991504
0.989209
0.991996
0.998093
1.00394
1.01719
1.03143
1.0361
1.03566
1.03418
1.03358
1.03479
1.03478
1.03312
1.02548
1.01437
1.00587
1.00169
1.00018
1.00073
1.01127
1.03334
1.04872
1.05254
1.05198
1.05161
1.05063
1.04577
1.03702
1.0225
1.00766
0.998774
1.00004
1.01293
1.05116
1.30274
1.75481
0.902259
0.90696
0.914886
0.937937
0.961751
0.970685
0.97275
0.968405
0.958495
0.951225
0.944634
0.941345
0.942684
0.947112
0.950488
0.950665
0.94566
0.932383
0.924345
0.923843
0.928757
0.94398
0.962643
0.975901
0.989878
1.00126
1.00438
1.00203
0.991862
0.978389
0.963474
0.951802
0.94695
0.94705
0.950096
0.955636
0.964265
0.98198
0.998298
1.00303
1.00378
1.00432
1.00489
1.00763
1.01025
1.00926
1.00368
0.993734
0.982164
0.972816
0.967825
0.966726
0.96802
0.982226
1.01425
1.03465
1.04172
1.04398
1.0421
1.03684
1.02697
1.00896
0.997138
0.994849
0.998996
1.00305
1.00504
1.00459
1.00928
1.02132
1.0278
1.03038
1.03504
1.03904
1.03928
1.03857
1.03637
1.02636
1.01285
1.00368
0.999238
0.997226
0.996915
1.0101
1.03609
1.04876
1.0511
1.05118
1.05082
1.04839
1.04689
1.03861
1.01814
0.999469
0.993575
0.996148
1.03837
1.30608
1.75456
0.902228
0.911397
0.923014
0.930518
0.939378
0.951156
0.957983
0.959392
0.959426
0.960811
0.963336
0.964918
0.963362
0.959417
0.95496
0.948025
0.934678
0.922359
0.918028
0.918006
0.919779
0.924237
0.940678
0.972576
0.996324
1.00531
1.00769
1.00835
1.00487
0.989624
0.969419
0.957514
0.953981
0.955433
0.958405
0.960319
0.961736
0.965036
0.975043
0.987747
0.997276
1.00561
1.01273
1.0171
1.01932
1.01983
1.01542
1.00094
0.983263
0.97226
0.967468
0.966136
0.968089
0.97728
0.995723
1.02104
1.03545
1.03954
1.03498
1.02753
1.02548
1.02304
1.01439
1.00922
1.00793
1.00657
1.00329
0.997271
0.995356
1.00112
1.01386
1.02605
1.03551
1.04066
1.04228
1.04075
1.04003
1.0351
1.02412
1.01218
1.00275
0.99768
0.995002
0.995793
1.01236
1.03657
1.04779
1.0498
1.05029
1.04848
1.04857
1.0494
1.03673
1.01108
0.991672
0.985105
1.02257
1.30464
1.7525
0.907536
0.922105
0.928954
0.929892
0.927123
0.92666
0.934048
0.949147
0.962105
0.970625
0.978713
0.981542
0.981011
0.973494
0.960932
0.946423
0.932609
0.923246
0.91957
0.919883
0.924351
0.93161
0.93934
0.954313
0.984104
1.00147
1.00483
1.00313
0.998523
0.993642
0.985248
0.973761
0.966798
0.964262
0.963135
0.961614
0.959258
0.958719
0.960404
0.966945
0.983571
1.00412
1.01505
1.01916
1.02168
1.0222
1.01761
1.00708
0.992079
0.978416
0.971945
0.970593
0.975958
0.984776
0.988484
0.994461
1.00965
1.02026
1.02279
1.02364
1.02612
1.03062
1.0329
1.02722
1.0181
1.00987
1.00033
0.992726
0.989675
0.98997
0.996569
1.01329
1.03103
1.03937
1.04183
1.04038
1.03924
1.03784
1.03338
1.02555
1.01336
1.00237
0.995913
0.993355
0.995282
1.01389
1.03843
1.04809
1.0497
1.04897
1.04881
1.05099
1.04941
1.03068
1.0045
0.984829
1.00414
1.29913
1.74913
0.920388
0.929225
0.931053
0.928903
0.921051
0.918294
0.919281
0.927493
0.951009
0.971586
0.980855
0.984054
0.984613
0.982436
0.970425
0.952922
0.940115
0.932215
0.929531
0.930782
0.935054
0.939049
0.941634
0.943857
0.953145
0.975814
0.990379
0.994113
0.995376
0.998336
0.99968
0.994458
0.982783
0.972286
0.964499
0.958576
0.956744
0.957436
0.958902
0.960778
0.969611
0.993871
1.01206
1.01785
1.01981
1.01626
1.00796
1.00359
1.0005
0.993008
0.985606
0.983758
0.986971
0.988845
0.986703
0.981654
0.980677
0.990786
1.00933
1.02202
1.02873
1.03641
1.04188
1.04154
1.03221
1.01777
1.00132
0.990611
0.987708
0.988941
0.992512
0.999226
1.01799
1.03432
1.03978
1.04061
1.03931
1.03869
1.03727
1.03458
1.02772
1.01264
0.999716
0.993736
0.992953
0.997932
1.01779
1.03901
1.04571
1.04755
1.04796
1.04987
1.05137
1.0453
1.02269
0.996256
0.994333
1.28948
1.7461
0.9338
0.934608
0.932147
0.925445
0.919976
0.918806
0.920736
0.925336
0.932222
0.951311
0.970351
0.977203
0.978074
0.976404
0.973009
0.966481
0.957324
0.950444
0.945803
0.943401
0.943005
0.943492
0.943575
0.942054
0.940525
0.944847
0.964017
0.98445
0.99571
1.00095
1.00424
1.00542
1.00016
0.984374
0.968672
0.960665
0.958996
0.95973
0.961321
0.966605
0.976105
0.98474
0.99517
1.00372
1.00622
1.00539
1.00475
1.0046
1.00595
1.00735
1.006
1.00259
0.998575
0.992515
0.983594
0.972835
0.966429
0.967522
0.98006
1.00538
1.02649
1.04006
1.04703
1.04859
1.04504
1.03066
1.01122
0.996762
0.992132
0.992169
0.994032
0.996747
1.00178
1.01786
1.03324
1.03933
1.03995
1.03901
1.03847
1.03785
1.0356
1.02621
1.01008
0.998802
0.994438
0.994196
1.00088
1.02221
1.03816
1.04272
1.04488
1.04643
1.04891
1.04869
1.03667
1.00851
0.999653
1.2793
1.7441
0.953241
0.944724
0.935381
0.926851
0.922717
0.922247
0.924334
0.926266
0.926122
0.926952
0.938915
0.961697
0.973276
0.97549
0.976153
0.976982
0.976626
0.971621
0.963191
0.955059
0.94996
0.947043
0.942977
0.937576
0.93616
0.937278
0.941184
0.959257
0.986737
1.00042
1.00437
1.00559
1.00307
0.993113
0.978531
0.969942
0.967868
0.969215
0.972677
0.97824
0.980779
0.980396
0.977876
0.978247
0.985248
0.99562
1.00359
1.00769
1.0118
1.01746
1.02037
1.01901
1.01097
0.99904
0.983982
0.969806
0.96294
0.961872
0.964623
0.977792
1.01221
1.03961
1.04732
1.04751
1.04501
1.04116
1.03013
1.01259
1.00003
0.995209
0.994274
0.994616
0.99666
1.00115
1.0164
1.03308
1.03855
1.0386
1.03791
1.03862
1.03786
1.0331
1.02263
1.00759
0.998234
0.99473
0.996397
1.00656
1.0259
1.036
1.04004
1.04155
1.04352
1.04533
1.04233
1.0195
1.01245
1.27144
1.74318
0.975064
0.96501
0.946006
0.933667
0.928338
0.927112
0.926788
0.924118
0.919941
0.918757
0.920395
0.932619
0.959316
0.975588
0.981099
0.984815
0.987846
0.988359
0.98195
0.96986
0.958748
0.949596
0.942425
0.938946
0.938324
0.939077
0.941024
0.946197
0.964832
0.987887
0.996624
0.997842
0.996284
0.993629
0.99092
0.988008
0.986267
0.986195
0.986653
0.986822
0.984117
0.973879
0.964168
0.962263
0.965619
0.97826
0.996798
1.00999
1.01925
1.02694
1.02923
1.02911
1.024
1.01018
0.990641
0.97442
0.966439
0.965457
0.968467
0.972458
0.9845
1.01976
1.04157
1.04491
1.04499
1.04459
1.04128
1.03007
1.01307
1.0015
0.996236
0.995005
0.995636
0.997469
1.00094
1.01789
1.03359
1.03662
1.03679
1.03802
1.03839
1.03457
1.02969
1.01926
1.0065
0.998955
0.99695
1.00107
1.01104
1.02584
1.03258
1.0358
1.03632
1.04
1.0426
1.03067
1.02409
1.26979
1.74393
0.980983
0.979244
0.966973
0.949624
0.93646
0.928438
0.921569
0.917053
0.91602
0.916746
0.918761
0.921922
0.933141
0.961052
0.981146
0.988328
0.990777
0.992144
0.990873
0.985656
0.974045
0.958499
0.948174
0.944657
0.945059
0.947104
0.950489
0.954028
0.955561
0.959939
0.971754
0.982694
0.98951
0.994535
1.00137
1.00707
1.00823
1.00563
1.00057
0.993106
0.981273
0.96635
0.957028
0.954818
0.955751
0.961272
0.978819
1.00416
1.02127
1.02878
1.03079
1.03071
1.02888
1.02082
1.00665
0.989876
0.977374
0.972698
0.972488
0.973257
0.975719
0.989395
1.02412
1.04301
1.04573
1.04513
1.04236
1.0375
1.02775
1.0154
1.00546
0.99957
0.997633
0.997738
0.998359
1.00321
1.02184
1.03396
1.03626
1.03726
1.03772
1.03417
1.03038
1.02694
1.01817
1.00807
1.00264
1.00249
1.0025
1.00891
1.01985
1.02628
1.02954
1.03331
1.03816
1.0355
1.0409
1.27156
1.74375
0.983667
0.981764
0.979667
0.97158
0.950822
0.931012
0.919992
0.916421
0.916144
0.917399
0.920682
0.925389
0.930578
0.939896
0.966705
0.986037
0.991356
0.992868
0.990499
0.983192
0.975316
0.968739
0.961987
0.958316
0.957947
0.958946
0.959562
0.958996
0.952043
0.945506
0.94652
0.956125
0.974612
0.993718
1.00847
1.01843
1.02271
1.02265
1.01562
1.00071
0.982157
0.967263
0.958511
0.955766
0.956591
0.960357
0.965828
0.982494
1.01055
1.02603
1.03001
1.02982
1.0284
1.02652
1.02059
1.00784
0.990975
0.980018
0.976449
0.976397
0.97828
0.982603
0.998972
1.0286
1.04133
1.04206
1.04107
1.03957
1.03736
1.03118
1.02183
1.01121
1.00331
0.999898
0.998714
0.998559
1.00807
1.02613
1.03448
1.03627
1.03705
1.03239
1.02901
1.02907
1.02847
1.02143
1.01402
1.00812
1.00156
0.998039
1.00005
1.0089
1.01996
1.02802
1.03511
1.04014
1.05496
1.27705
1.74488
0.980218
0.981579
0.979984
0.973725
0.963431
0.94287
0.925554
0.919607
0.919152
0.922035
0.926571
0.930814
0.93537
0.941338
0.949548
0.967911
0.981072
0.983821
0.981706
0.979497
0.977188
0.975628
0.976266
0.977384
0.976245
0.972917
0.9675
0.958473
0.94735
0.941141
0.939994
0.941125
0.949012
0.97676
1.00597
1.01929
1.02407
1.02563
1.02455
1.01514
0.99338
0.974116
0.96462
0.961464
0.962342
0.965681
0.968031
0.970564
0.985522
1.01283
1.02642
1.02901
1.0285
1.02848
1.02656
1.01991
1.00556
0.993091
0.986783
0.985693
0.987501
0.989652
0.99232
1.00305
1.0245
1.03677
1.04108
1.04209
1.04244
1.04202
1.03766
1.02722
1.01425
1.00485
1.0008
0.999614
1.0037
1.0151
1.02593
1.032
1.03413
1.03158
1.02835
1.02952
1.03276
1.03335
1.02975
1.01819
1.00527
0.996444
0.990696
0.990493
1.00155
1.02059
1.03352
1.04026
1.06176
1.28454
1.74765
0.95712
0.968863
0.968185
0.965575
0.9628
0.957256
0.943567
0.932309
0.928625
0.928859
0.931196
0.935059
0.941567
0.947945
0.951726
0.953256
0.9549
0.959267
0.966039
0.971668
0.976314
0.98296
0.989114
0.991938
0.991472
0.986653
0.974515
0.959387
0.948905
0.943436
0.941961
0.943092
0.948517
0.956995
0.97851
1.00409
1.01577
1.01951
1.01998
1.01865
1.0117
0.993867
0.978594
0.971476
0.969131
0.968885
0.969139
0.970508
0.974458
0.989491
1.01333
1.02454
1.02666
1.02667
1.02577
1.02131
1.01642
1.01
1.00403
1.00019
0.99774
0.994797
0.992549
0.992122
0.996993
1.01414
1.03211
1.04167
1.04497
1.04587
1.04582
1.04152
1.03154
1.01871
1.00937
1.00539
1.00583
1.00961
1.01201
1.01768
1.02545
1.02974
1.0302
1.03229
1.03667
1.04042
1.04024
1.03187
1.0175
1.00371
0.993129
0.985708
0.98474
1.00116
1.02541
1.03467
1.06287
1.29639
1.75214
0.927091
0.934003
0.948486
0.957663
0.960163
0.960903
0.961664
0.955773
0.944158
0.93852
0.9386
0.943832
0.950768
0.954618
0.955009
0.945503
0.934332
0.933104
0.939477
0.954027
0.971673
0.986944
0.996416
1.00017
1.0011
0.998679
0.986777
0.970155
0.95833
0.952364
0.949928
0.950001
0.951381
0.952032
0.952842
0.968338
0.99736
1.013
1.01819
1.02113
1.02266
1.01597
0.997557
0.982033
0.974451
0.972016
0.973021
0.97573
0.977598
0.980062
0.988301
1.00497
1.01675
1.02131
1.02305
1.02461
1.02537
1.02546
1.02322
1.01781
1.00914
0.999036
0.991285
0.987215
0.98696
0.990195
1.00701
1.0324
1.04382
1.04631
1.04742
1.04713
1.0443
1.0367
1.02294
1.01263
1.00814
1.00688
1.0061
1.0054
1.0111
1.02344
1.03168
1.03569
1.04001
1.04327
1.04323
1.03977
1.03041
1.01826
1.00456
0.993443
0.98635
0.985265
1.00522
1.02072
1.05814
1.31113
1.75773
0.909225
0.908936
0.917532
0.938836
0.955546
0.962449
0.96477
0.966221
0.963954
0.958547
0.956769
0.958414
0.960507
0.960344
0.951196
0.934627
0.925344
0.923711
0.924445
0.929981
0.956394
0.98533
0.995632
0.999684
1.00048
0.997477
0.993928
0.987681
0.976582
0.966074
0.959221
0.954772
0.950612
0.946765
0.945241
0.9464
0.963133
0.997126
1.01667
1.02299
1.02428
1.02326
1.01671
1.00131
0.988187
0.981793
0.980269
0.980255
0.979677
0.97655
0.974295
0.978975
0.994838
1.01089
1.02078
1.02856
1.03406
1.03511
1.03336
1.02975
1.01964
1.00291
0.990364
0.985957
0.985342
0.986173
0.988798
1.00818
1.03414
1.044
1.04647
1.04801
1.04818
1.04707
1.03767
1.0217
1.01148
1.00666
1.00437
1.00246
1.0025
1.0115
1.02749
1.03696
1.04199
1.04366
1.04391
1.03974
1.03255
1.02793
1.01819
1.00568
0.994079
0.986035
0.988539
1.00273
1.04907
1.32298
1.76247
0.902978
0.902257
0.903302
0.90946
0.930087
0.951266
0.961124
0.966631
0.975126
0.982304
0.982312
0.977722
0.971174
0.959181
0.940946
0.927365
0.922113
0.921735
0.92197
0.923908
0.938328
0.9685
0.987677
0.994631
0.997365
0.997843
0.998312
0.998098
0.994625
0.98414
0.970564
0.958973
0.950201
0.945021
0.943448
0.944484
0.948654
0.965864
0.998406
1.01752
1.02377
1.02508
1.02544
1.02167
1.00934
0.996075
0.98719
0.982402
0.977797
0.970491
0.967261
0.96786
0.973288
0.988419
1.01245
1.03115
1.03787
1.03862
1.03745
1.03537
1.02797
1.01036
0.995146
0.988118
0.986255
0.986412
0.987865
0.994526
1.01358
1.03335
1.04129
1.04462
1.04614
1.04653
1.0435
1.032
1.01824
1.01019
1.00602
1.00331
1.00187
1.00375
1.01804
1.03311
1.04059
1.04326
1.04393
1.0399
1.03312
1.03009
1.02529
1.01528
1.00248
0.989402
0.984107
0.990309
1.04321
1.33032
1.7651
0.90397
0.903688
0.905097
0.906435
0.90872
0.920035
0.942436
0.964801
0.983294
0.995904
1.00028
0.998863
0.989556
0.964159
0.939537
0.927906
0.92369
0.923501
0.924967
0.932591
0.941489
0.949145
0.964965
0.98282
0.993435
0.99873
1.00053
1.00119
1.00165
0.999365
0.987599
0.969732
0.956228
0.949093
0.947017
0.948367
0.951139
0.954243
0.965687
0.993931
1.0166
1.02635
1.0292
1.02967
1.02778
1.01713
1.00099
0.987462
0.976263
0.968123
0.965453
0.96581
0.968348
0.97304
0.994161
1.02669
1.03697
1.03725
1.03598
1.03139
1.02219
1.01367
1.00508
0.996721
0.992786
0.992163
0.993565
0.996158
0.998062
1.00946
1.02655
1.03485
1.03982
1.04208
1.042
1.03852
1.02848
1.01859
1.0119
1.00736
1.00307
1.00102
1.00524
1.02214
1.03565
1.04177
1.04294
1.04048
1.03359
1.02948
1.02649
1.01947
1.00847
0.995786
0.986957
0.984209
1.03791
1.33389
1.76546
0.908357
0.909776
0.911399
0.909065
0.908133
0.908418
0.913872
0.946295
0.984342
0.997328
1.00141
0.998389
0.983771
0.966853
0.94974
0.937265
0.933256
0.933608
0.936249
0.941392
0.944371
0.945553
0.947192
0.95769
0.978209
0.992336
0.998542
1.00076
1.00014
0.999391
0.998124
0.98897
0.972984
0.960674
0.954695
0.952936
0.952866
0.95324
0.955953
0.963863
0.989282
1.01677
1.02878
1.03132
1.03114
1.02881
1.02029
1.00129
0.981622
0.97002
0.966694
0.967174
0.970344
0.974885
0.988461
1.01618
1.03046
1.03126
1.02813
1.02119
1.01544
1.01438
1.01405
1.01144
1.00629
1.00235
0.999695
0.996915
0.991846
0.98978
1.00158
1.01958
1.02954
1.03603
1.03963
1.04066
1.03858
1.03106
1.02209
1.01343
1.00431
0.999004
0.998196
1.00616
1.02416
1.03653
1.04042
1.04024
1.03456
1.02798
1.02544
1.02242
1.01455
1.00276
0.992787
0.986409
1.02017
1.32865
1.76327
0.918233
0.917084
0.914105
0.90863
0.907866
0.909097
0.91911
0.940581
0.966421
0.98418
0.987944
0.984537
0.980875
0.975508
0.96682
0.956807
0.949385
0.946189
0.945963
0.946311
0.946453
0.946505
0.946278
0.946864
0.952556
0.970578
0.987641
0.995772
0.99872
1.00053
1.00106
1.00086
0.993931
0.978871
0.964715
0.957172
0.955635
0.956406
0.95946
0.962905
0.965926
0.981584
1.01166
1.02626
1.02826
1.02813
1.02741
1.0205
0.998506
0.978332
0.971671
0.972537
0.976701
0.984236
0.995355
1.00626
1.01477
1.01715
1.01642
1.01532
1.01515
1.01606
1.02021
1.0243
1.02331
1.01624
1.00602
0.995741
0.98767
0.981919
0.982011
0.996242
1.01733
1.03128
1.03951
1.04279
1.0442
1.04227
1.03479
1.02395
1.0104
0.999799
0.995666
0.995966
1.00543
1.02335
1.03426
1.03622
1.03474
1.0283
1.02499
1.02411
1.02186
1.01362
1.00123
0.991201
0.999566
1.31486
1.75761
0.929887
0.920263
0.914743
0.913772
0.915048
0.924932
0.937363
0.942254
0.944472
0.948614
0.956089
0.967138
0.976534
0.980552
0.9825
0.979722
0.970907
0.962254
0.956609
0.953002
0.951109
0.949974
0.947978
0.943585
0.941019
0.943909
0.961073
0.985047
0.998351
1.00252
1.00347
1.00369
1.00313
0.998757
0.985288
0.972197
0.966824
0.965666
0.964794
0.961765
0.959126
0.96006
0.975453
1.00897
1.02456
1.02663
1.02684
1.02719
1.01828
0.99454
0.983354
0.983048
0.987876
0.995131
0.99844
0.998775
0.995519
0.995042
0.999119
1.00743
1.01501
1.02102
1.02637
1.03105
1.03267
1.02796
1.01467
0.998156
0.985966
0.978594
0.977423
0.980332
0.994348
1.01766
1.03471
1.04315
1.04586
1.04633
1.04415
1.03769
1.02321
1.00707
0.996153
0.992372
0.99272
1.0018
1.01856
1.02821
1.02984
1.02954
1.02718
1.02662
1.02723
1.02586
1.01492
0.995578
0.988184
1.2934
1.74994
0.9477
0.934173
0.927222
0.927662
0.933575
0.941857
0.944577
0.94337
0.9315
0.922595
0.923629
0.936932
0.96219
0.980469
0.989596
0.99418
0.993979
0.986277
0.974132
0.964124
0.957954
0.953757
0.947872
0.939456
0.935441
0.935607
0.939059
0.955897
0.984278
0.999695
1.00342
1.0037
1.0033
1.00351
1.00484
0.998463
0.985921
0.97573
0.966317
0.959065
0.956643
0.956859
0.958846
0.974892
1.00828
1.02332
1.02596
1.02622
1.02124
1.01335
1.00513
1.00181
1.00163
1.00244
1.00037
0.990673
0.982239
0.980627
0.982697
0.994352
1.01328
1.02488
1.0311
1.03541
1.03697
1.03455
1.02456
1.00591
0.989879
0.981632
0.980488
0.982455
0.984591
0.994785
1.01871
1.03747
1.04466
1.04656
1.04683
1.0466
1.03886
1.02342
1.00547
0.993734
0.989631
0.989177
0.996693
1.01166
1.02173
1.02705
1.03016
1.0297
1.02958
1.03032
1.02719
1.00579
0.990613
1.2724
1.74405
0.960389
0.95747
0.951734
0.951076
0.953145
0.953944
0.950937
0.935468
0.918228
0.91115
0.910689
0.912818
0.92721
0.962182
0.988853
1.00062
1.00619
1.00727
1.00118
0.985894
0.969653
0.956294
0.944799
0.937729
0.935797
0.936318
0.938733
0.941657
0.95359
0.980254
0.996468
1.00105
1.0041
1.00976
1.01441
1.01546
1.00725
0.990112
0.972265
0.96024
0.956558
0.956878
0.958706
0.96219
0.975595
1.00262
1.01657
1.02038
1.02432
1.02954
1.02892
1.02238
1.01444
1.00584
0.994467
0.983391
0.976218
0.973841
0.974002
0.979043
1.00155
1.02391
1.03223
1.03561
1.03657
1.03429
1.02931
1.01873
1.00332
0.992594
0.988811
0.988701
0.987595
0.987611
0.992901
1.01698
1.03695
1.04419
1.04835
1.05062
1.04995
1.04075
1.023
1.00242
0.990479
0.987043
0.986803
0.993559
1.00779
1.021
1.02782
1.031
1.03038
1.03196
1.03269
1.01754
1.00224
1.25913
1.74117
0.963488
0.97143
0.977269
0.977453
0.97278
0.96493
0.949533
0.927279
0.912648
0.907866
0.907737
0.908779
0.911712
0.92744
0.970135
1.00098
1.01114
1.01466
1.0161
1.01007
0.988262
0.962417
0.947301
0.94076
0.938758
0.939293
0.940958
0.941751
0.94226
0.949003
0.974305
0.997466
1.00975
1.016
1.0186
1.01884
1.01593
1.0065
0.987517
0.97079
0.96306
0.961454
0.96137
0.961053
0.961605
0.969595
0.993178
1.01545
1.02962
1.0364
1.0392
1.03836
1.03031
1.01374
0.9955
0.983579
0.977346
0.974796
0.974464
0.97613
0.98616
1.01067
1.02792
1.03352
1.03473
1.03195
1.02867
1.025
1.01779
1.00859
1.00124
0.996137
0.991366
0.987444
0.985592
0.991243
1.0199
1.04101
1.04912
1.05325
1.05463
1.05159
1.04004
1.01702
0.996479
0.987259
0.985814
0.986908
0.993956
1.01114
1.02396
1.02901
1.02957
1.03112
1.03389
1.02502
1.01316
1.25564
1.74147
0.964924
0.984801
0.994292
0.996677
0.993815
0.980801
0.953281
0.926183
0.913195
0.908838
0.908608
0.910371
0.914969
0.921717
0.938208
0.982479
1.00976
1.01622
1.0172
1.01269
1.00032
0.978973
0.958893
0.948293
0.944186
0.943042
0.941619
0.939164
0.939176
0.941562
0.951523
0.983185
1.00961
1.017
1.01849
1.01571
1.01014
1.00593
1.0018
0.991193
0.977722
0.968349
0.962557
0.959896
0.960057
0.961726
0.966805
0.991007
1.02304
1.03634
1.03863
1.03852
1.03682
1.02781
1.00754
0.990881
0.982754
0.979604
0.97876
0.97967
0.982198
0.992189
1.01433
1.02717
1.031
1.03107
1.02975
1.02748
1.02397
1.01978
1.01512
1.00807
0.998032
0.988979
0.984489
0.98376
0.996936
1.03001
1.04882
1.0546
1.05649
1.05315
1.04562
1.03115
1.00766
0.993394
0.988838
0.988781
0.99329
1.00503
1.01845
1.02403
1.02623
1.02839
1.03194
1.02719
1.02169
1.25748
1.74282
0.959747
0.98756
0.995586
0.998923
0.999063
0.987229
0.959945
0.936823
0.923412
0.917803
0.916809
0.918156
0.921723
0.928333
0.937619
0.952349
0.983882
1.00368
1.00769
1.00503
1.00232
0.997633
0.982548
0.963386
0.949964
0.942187
0.939561
0.939358
0.940924
0.947947
0.958857
0.971304
0.990504
1.00502
1.00847
1.00783
1.00701
1.00676
1.00726
1.00652
0.997592
0.981013
0.96772
0.962037
0.961746
0.963964
0.966935
0.972636
0.995538
1.02167
1.03027
1.03198
1.03288
1.03289
1.02661
1.00841
0.992934
0.986155
0.983348
0.982104
0.982096
0.984582
0.996934
1.01616
1.02607
1.02925
1.02893
1.02813
1.02638
1.02437
1.02242
1.01859
1.00795
0.993807
0.986407
0.985231
0.988228
1.00986
1.04138
1.05323
1.05575
1.05293
1.0461
1.03539
1.02108
1.00747
0.999495
0.996733
0.997025
1.00199
1.011
1.01605
1.02045
1.02437
1.02868
1.02803
1.03235
1.26124
1.74381
0.940678
0.980013
0.992172
0.994707
0.98997
0.978097
0.967357
0.954547
0.941265
0.931734
0.927095
0.926362
0.929741
0.938441
0.944411
0.946713
0.950674
0.966673
0.986339
0.997489
1.00101
1.00171
0.998892
0.984338
0.962645
0.947591
0.942809
0.943604
0.951862
0.962592
0.967771
0.968866
0.967948
0.97362
0.988259
0.999568
1.00544
1.00883
1.01034
1.01107
1.01062
1.00044
0.982041
0.97183
0.969699
0.970738
0.971796
0.972021
0.972864
0.987534
1.0123
1.026
1.03146
1.03514
1.03648
1.02741
1.00736
0.993617
0.987431
0.984381
0.98393
0.984601
0.988063
1.0003
1.01561
1.02396
1.02807
1.02919
1.0292
1.02769
1.02537
1.02263
1.01601
1.00159
0.991337
0.989452
0.991745
0.999914
1.02174
1.04264
1.04922
1.04931
1.04429
1.03773
1.03209
1.02523
1.01654
1.0078
1.00207
1.00106
1.0027
1.00795
1.01471
1.02239
1.02843
1.02957
1.04266
1.26738
1.74545
0.930684
0.950351
0.968478
0.977452
0.978369
0.977463
0.975366
0.971408
0.961255
0.948886
0.941294
0.939824
0.943774
0.94846
0.949566
0.947125
0.939301
0.936076
0.944683
0.971763
0.99221
0.997446
0.99751
0.997088
0.986533
0.967234
0.957881
0.958229
0.964481
0.969069
0.970006
0.96407
0.955943
0.955073
0.961583
0.980623
0.999357
1.00779
1.0106
1.01214
1.01345
1.01281
1.0031
0.989687
0.981601
0.976947
0.97303
0.968496
0.965865
0.965861
0.980598
1.0119
1.02919
1.03492
1.03641
1.03427
1.02443
1.00818
0.996816
0.990758
0.987452
0.986169
0.985621
0.988526
1.00089
1.01591
1.02552
1.03104
1.03232
1.0301
1.02665
1.02248
1.01756
1.01222
1.00341
0.998111
0.99786
1.0005
1.00476
1.01729
1.0325
1.03878
1.03943
1.03966
1.03852
1.03735
1.03367
1.02489
1.01167
1.00223
0.999342
1.00086
1.00608
1.01634
1.02659
1.03076
1.04976
1.27681
1.74838
0.929676
0.932632
0.933522
0.94374
0.961421
0.97345
0.97639
0.976143
0.973829
0.968795
0.963776
0.961639
0.960538
0.958264
0.954696
0.947188
0.933211
0.924104
0.923216
0.930667
0.960794
0.987181
0.995004
0.995918
0.99604
0.993504
0.986084
0.97919
0.976134
0.973724
0.965707
0.95452
0.949174
0.948563
0.949568
0.956164
0.980591
1.002
1.00922
1.01238
1.01538
1.0182
1.01776
1.00905
0.994158
0.980571
0.97136
0.966308
0.963682
0.96327
0.966124
0.983904
1.01359
1.02912
1.03446
1.03629
1.03558
1.0257
1.00971
0.998151
0.991116
0.987087
0.986064
0.98642
0.990533
1.00426
1.01972
1.02872
1.03041
1.02821
1.02413
1.02013
1.01792
1.02007
1.01978
1.01258
1.00516
1.00107
0.999257
0.999583
1.00623
1.0192
1.02964
1.03773
1.04329
1.04424
1.04266
1.03862
1.02621
1.00871
1.00109
0.999565
0.998575
1.00192
1.01506
1.02343
1.05193
1.28986
1.75297
0.927449
0.923874
0.917821
0.919132
0.9295
0.953863
0.970008
0.974778
0.977677
0.983389
0.986962
0.985819
0.979497
0.970978
0.960896
0.945656
0.929235
0.920478
0.917977
0.91836
0.922793
0.948778
0.978183
0.991724
1.00132
1.01155
1.01469
1.00816
0.993459
0.976892
0.960799
0.950794
0.947425
0.947588
0.948478
0.950043
0.958725
0.984458
1.00467
1.01347
1.01836
1.02203
1.02365
1.02
1.00659
0.988445
0.975502
0.968572
0.965124
0.964619
0.966829
0.970278
0.98423
1.01344
1.03156
1.03754
1.03813
1.03581
1.02646
1.01072
0.997982
0.990593
0.987665
0.987934
0.991642
0.996195
1.00592
1.01735
1.02249
1.0218
1.01972
1.01821
1.02085
1.02673
1.02851
1.02705
1.01729
1.0052
0.998569
0.996241
0.99496
0.997445
1.01107
1.02902
1.04118
1.04494
1.04437
1.04169
1.0362
1.02097
1.00785
1.00187
0.996997
0.991568
0.993798
1.00592
1.04753
1.30522
1.75763
0.923222
0.917459
0.912544
0.911568
0.912854
0.920145
0.943247
0.965823
0.98115
0.994913
1.00302
1.00541
1.00267
0.989956
0.968487
0.946516
0.930629
0.921987
0.918698
0.918216
0.918524
0.920663
0.938921
0.976563
1.00558
1.02021
1.02683
1.02765
1.01763
0.990124
0.964093
0.952329
0.948789
0.948752
0.950014
0.951987
0.954813
0.963734
0.989419
1.0115
1.02042
1.02387
1.02466
1.01982
1.01008
1
0.987489
0.977004
0.970865
0.968481
0.968486
0.968683
0.970578
0.984804
1.01601
1.03392
1.03799
1.03822
1.03504
1.02402
1.00755
0.996409
0.992935
0.99417
0.99717
0.998824
0.998343
0.999045
1.00661
1.01258
1.01417
1.01662
1.02468
1.0304
1.03196
1.03201
1.02848
1.01507
1.00163
0.994921
0.991444
0.990485
0.993178
1.0102
1.03152
1.04211
1.04381
1.04213
1.03778
1.03014
1.02023
1.00994
0.998816
0.986884
0.980803
0.982614
1.03525
1.31824
1.75958
0.92313
0.915846
0.911289
0.90976
0.909954
0.910558
0.914018
0.935366
0.97459
0.998615
1.00702
1.01039
1.01094
1.00522
0.984764
0.955944
0.936943
0.926918
0.921842
0.919426
0.919058
0.919465
0.922191
0.945435
0.997969
1.02186
1.02846
1.02843
1.01832
0.999634
0.978357
0.962399
0.955158
0.952792
0.952623
0.953078
0.95483
0.959591
0.97259
0.999575
1.01731
1.02219
1.02136
1.01339
1.00698
1.00455
1.00065
0.990873
0.979997
0.972544
0.969298
0.969481
0.97232
0.976883
0.991835
1.02051
1.03376
1.03504
1.03093
1.02662
1.02091
1.01168
1.00572
1.00424
1.00354
1.0008
0.994327
0.989482
0.990262
0.998516
1.00725
1.01683
1.02696
1.0325
1.0337
1.03277
1.03065
1.02233
1.00958
0.999348
0.992616
0.989023
0.988107
0.991698
1.00917
1.02977
1.03905
1.03981
1.03673
1.03329
1.02977
1.02271
1.00797
0.988944
0.97525
0.968746
1.01571
1.32549
1.75936
0.927205
0.915836
0.911545
0.909673
0.909539
0.910213
0.911722
0.919122
0.951588
0.992613
1.00697
1.01024
1.00708
0.997103
0.985511
0.971173
0.952666
0.937715
0.928346
0.92384
0.923158
0.924245
0.929627
0.943672
0.971389
1.00422
1.01716
1.01797
1.01491
1.00919
0.99772
0.981032
0.965393
0.956727
0.954365
0.955113
0.958586
0.966757
0.975684
0.984897
1.00047
1.01079
1.01239
1.00944
1.006
1.00455
1.00352
1.0017
0.993549
0.98278
0.97698
0.976417
0.97992
0.983887
0.985675
0.992914
1.01323
1.02269
1.023
1.02331
1.0269
1.02847
1.02225
1.01443
1.00847
1.00143
0.993609
0.98702
0.983938
0.984988
0.995712
1.0122
1.02371
1.03053
1.03223
1.03103
1.02876
1.02519
1.01945
1.00991
0.99844
0.989355
0.984884
0.983702
0.986901
1.00346
1.02704
1.03711
1.03761
1.03464
1.03241
1.0307
1.02296
1.0014
0.980549
0.969086
0.991604
1.32337
1.75709
0.939171
0.918452
0.912897
0.9103
0.909748
0.91162
0.920765
0.93223
0.942019
0.962532
0.986535
0.99507
0.994096
0.992108
0.989522
0.983722
0.971861
0.954613
0.939579
0.932086
0.930646
0.933183
0.941948
0.950897
0.956794
0.967866
0.987754
1.00342
1.00976
1.01014
1.00923
1.00133
0.984225
0.968821
0.962722
0.962883
0.967245
0.974025
0.978894
0.981384
0.982892
0.988192
0.998291
1.00366
1.00391
1.00211
1.00007
0.999733
1.0006
0.998502
0.994796
0.992245
0.990793
0.989608
0.985278
0.980509
0.983112
1.00197
1.01672
1.0231
1.02837
1.03459
1.03656
1.02957
1.01887
1.00721
0.996537
0.989014
0.984811
0.984105
0.986279
0.999263
1.01533
1.02431
1.02884
1.02939
1.02925
1.02809
1.0257
1.02083
1.00912
0.994063
0.983397
0.9796
0.979815
0.985361
1.00506
1.02936
1.03671
1.03579
1.03244
1.03075
1.02817
1.01452
0.991431
0.976307
0.981036
1.31314
1.75365
0.959611
0.92932
0.918454
0.91502
0.915712
0.923744
0.935864
0.941539
0.943389
0.944334
0.947889
0.963534
0.979973
0.98739
0.989239
0.989229
0.986809
0.975636
0.957599
0.946377
0.943716
0.946885
0.953345
0.95708
0.956317
0.950707
0.952326
0.970358
0.996218
1.00697
1.00786
1.00724
1.00387
0.990799
0.979156
0.976196
0.977553
0.981204
0.982594
0.979959
0.974272
0.972209
0.976525
0.989491
0.996119
0.99651
0.99635
0.997806
1.00321
1.01155
1.01509
1.01221
1.00432
0.993773
0.983666
0.975704
0.971758
0.974878
0.995849
1.01666
1.02735
1.03495
1.04126
1.04176
1.03522
1.0215
1.00665
0.995451
0.987406
0.982436
0.98065
0.983891
0.997523
1.01287
1.02377
1.02953
1.03094
1.03086
1.0296
1.0264
1.02001
1.00461
0.987176
0.979582
0.979227
0.983037
0.992584
1.01598
1.03329
1.03552
1.03237
1.02919
1.02692
1.01918
1.00158
0.98341
0.981269
1.29808
1.75035
0.977275
0.957707
0.937461
0.929778
0.930594
0.93685
0.942503
0.94449
0.943605
0.933996
0.92806
0.930347
0.94934
0.974842
0.986134
0.988642
0.988775
0.986645
0.979249
0.969847
0.965056
0.964339
0.964444
0.962514
0.952744
0.94269
0.93983
0.941626
0.96092
0.991819
1.00403
1.00611
1.0068
1.00786
1.00454
0.996691
0.991357
0.988658
0.985121
0.977029
0.969615
0.964947
0.96346
0.967739
0.981444
0.990793
0.99543
1.00159
1.01169
1.02126
1.02545
1.02443
1.017
1.00106
0.984494
0.974816
0.970081
0.969021
0.973419
0.995901
1.02032
1.0334
1.04183
1.04764
1.04871
1.04205
1.02335
1.00327
0.989159
0.980809
0.977652
0.97755
0.98161
0.994774
1.0138
1.02736
1.03299
1.03423
1.03314
1.03075
1.02613
1.01516
0.997411
0.986667
0.984715
0.987253
0.993319
1.00604
1.02543
1.0319
1.03045
1.02605
1.02281
1.02023
1.0127
0.995452
0.989804
1.28284
1.74947
0.981559
0.978217
0.968095
0.954242
0.947912
0.946757
0.946551
0.944586
0.935111
0.925816
0.92176
0.921762
0.924488
0.942457
0.970206
0.982914
0.986369
0.989669
0.993995
0.994471
0.988739
0.981185
0.974071
0.964552
0.951649
0.941855
0.937711
0.937049
0.938158
0.954462
0.98471
1.00105
1.0105
1.02002
1.0241
1.02126
1.00845
0.994217
0.98328
0.975387
0.968165
0.962003
0.957722
0.95648
0.9609
0.975871
0.992796
1.00838
1.02105
1.02872
1.03157
1.0305
1.02548
1.00992
0.990671
0.978294
0.971968
0.969617
0.969745
0.974266
0.997196
1.0265
1.04366
1.05162
1.05393
1.05201
1.04059
1.01722
0.99624
0.98395
0.978761
0.978052
0.978694
0.982746
0.996841
1.02007
1.03307
1.03583
1.03591
1.03367
1.02917
1.02165
1.0101
1.00086
0.996923
0.996457
0.999047
1.00417
1.01564
1.02235
1.02194
1.01835
1.01788
1.01943
1.02173
1.01421
1.00445
1.27246
1.74834
0.978736
0.985378
0.99113
0.989562
0.977432
0.963604
0.952442
0.940027
0.927871
0.921119
0.919072
0.919242
0.920121
0.9223
0.93651
0.964562
0.98371
0.994335
1.00265
1.00754
1.00787
1.00111
0.987777
0.971175
0.954686
0.943167
0.937392
0.935384
0.935166
0.936269
0.949259
0.985865
1.01486
1.02687
1.03235
1.03436
1.02794
1.00827
0.988487
0.976201
0.967574
0.960504
0.955749
0.954109
0.954024
0.958452
0.981408
1.01055
1.02469
1.03099
1.03243
1.02905
1.02239
1.01551
1.00352
0.987959
0.977197
0.97228
0.971412
0.972986
0.979073
1.0062
1.03803
1.05039
1.05257
1.04973
1.04257
1.03039
1.01123
0.995595
0.987759
0.98482
0.983323
0.983578
0.987255
1.00406
1.02674
1.03445
1.0344
1.03135
1.02906
1.02667
1.02105
1.01627
1.01263
1.00903
1.00714
1.00686
1.00798
1.00827
1.00802
1.00798
1.01213
1.02024
1.02917
1.03147
1.02841
1.27225
1.74918
0.956467
0.988735
1.00111
1.00754
1.0072
0.991268
0.963359
0.940405
0.927285
0.921165
0.919381
0.919478
0.920621
0.922491
0.924858
0.933913
0.962849
0.991855
1.00503
1.00951
1.01129
1.01101
1.00402
0.984013
0.962219
0.946996
0.938468
0.935142
0.934703
0.9354
0.938643
0.958431
1.00586
1.02886
1.03419
1.0347
1.03046
1.01947
1.00099
0.982336
0.968551
0.959612
0.95528
0.954591
0.954891
0.956853
0.969747
1.00285
1.02253
1.02867
1.02877
1.02279
1.01824
1.01601
1.01236
1.00153
0.987068
0.979267
0.977663
0.97993
0.984886
0.993126
1.01623
1.03824
1.04427
1.04268
1.03769
1.03339
1.02644
1.01452
1.00404
0.996014
0.990455
0.98853
0.988586
0.991702
1.01069
1.02822
1.03123
1.03048
1.03187
1.03286
1.03033
1.02859
1.02674
1.02155
1.01515
1.00897
1.00211
0.996704
0.994869
0.997143
1.00857
1.025
1.03715
1.04223
1.0494
1.27588
1.75215
0.91928
0.97607
1.00258
1.00968
1.01173
1.00605
0.980514
0.949677
0.932619
0.925596
0.923292
0.923219
0.923534
0.924256
0.925596
0.927866
0.936789
0.969844
0.999548
1.00879
1.01048
1.00913
1.00392
0.993923
0.975714
0.955914
0.942934
0.93773
0.937108
0.93932
0.946968
0.960175
0.982066
1.01263
1.02572
1.02723
1.02544
1.0231
1.01579
0.995686
0.973815
0.961527
0.957826
0.957992
0.960236
0.966138
0.977381
0.991908
1.00865
1.01748
1.01882
1.01727
1.01536
1.01405
1.01317
1.01059
1.00221
0.993405
0.989956
0.990131
0.991806
0.992865
0.996139
1.01296
1.02939
1.03456
1.03444
1.03385
1.03344
1.03105
1.02234
1.01003
1.00002
0.993975
0.991401
0.99072
0.993912
1.0117
1.02617
1.03141
1.03439
1.03827
1.03843
1.03724
1.03525
1.02861
1.0203
1.01175
0.999434
0.991597
0.987632
0.98885
1.00386
1.02452
1.03878
1.04467
1.05731
1.28158
1.75396
0.913757
0.941561
0.980033
0.999108
1.00242
1.00047
0.993811
0.97273
0.949673
0.936236
0.929766
0.926391
0.924708
0.924918
0.927007
0.932649
0.939904
0.948668
0.97277
0.996607
1.0038
1.00409
1.0017
0.997356
0.986911
0.969113
0.95355
0.946436
0.945455
0.949931
0.959931
0.966935
0.969957
0.979583
1.00219
1.01618
1.01913
1.01884
1.01666
1.00874
0.988705
0.970872
0.964975
0.965169
0.968898
0.977325
0.983976
0.986462
0.989392
0.997053
1.0055
1.00997
1.01167
1.0122
1.01263
1.01387
1.0143
1.01137
1.00585
1.00076
0.995876
0.991187
0.989028
0.990255
1.00532
1.02276
1.0307
1.03342
1.03499
1.03548
1.03529
1.02989
1.01825
1.00528
0.995615
0.99025
0.988037
0.991096
1.00754
1.024
1.03427
1.04225
1.04485
1.04352
1.03928
1.03075
1.02256
1.01638
1.00359
0.994147
0.990096
0.989444
0.994842
1.01216
1.03043
1.03651
1.05614
1.28826
1.75492
0.923115
0.927974
0.935405
0.962294
0.985572
0.993323
0.993898
0.991195
0.975412
0.952462
0.93687
0.930198
0.929006
0.93062
0.935532
0.941186
0.944487
0.946212
0.948822
0.964878
0.987605
0.995554
0.996177
0.993876
0.988965
0.980055
0.968826
0.96203
0.960913
0.965412
0.970849
0.97245
0.969426
0.965581
0.967734
0.98678
1.00469
1.01017
1.01133
1.01214
1.00686
0.988499
0.977442
0.976321
0.980372
0.986482
0.988368
0.985233
0.978366
0.977488
0.986323
0.999235
1.0059
1.0093
1.01287
1.01729
1.02205
1.02416
1.02124
1.01257
1.00144
0.991359
0.985783
0.984613
0.986403
0.997536
1.01359
1.0246
1.03178
1.03913
1.04447
1.04461
1.03761
1.0206
0.999963
0.987415
0.984354
0.984843
0.988915
1.00656
1.02974
1.04208
1.04508
1.04408
1.04008
1.03249
1.02639
1.02285
1.01412
1.00289
0.997096
0.99257
0.991314
0.99736
1.01436
1.02152
1.04907
1.29387
1.75505
0.927741
0.925796
0.920528
0.923452
0.945302
0.976509
0.989369
0.990418
0.988959
0.978442
0.958227
0.945083
0.941525
0.942127
0.945027
0.947563
0.947648
0.945083
0.943925
0.94454
0.955876
0.976178
0.985308
0.986858
0.986527
0.984588
0.98252
0.981748
0.983358
0.984207
0.983137
0.978516
0.969387
0.959606
0.953634
0.954961
0.975325
0.998452
1.00761
1.01131
1.01261
1.00801
0.998099
0.993203
0.992574
0.992945
0.990656
0.980855
0.97187
0.968386
0.969381
0.98132
0.996665
1.00643
1.01383
1.02179
1.02799
1.0304
1.02979
1.02296
1.00962
0.995493
0.986061
0.981682
0.979291
0.978955
0.985538
1.00303
1.02532
1.04276
1.05105
1.05245
1.04989
1.03857
1.01291
0.990159
0.983671
0.984406
0.988061
0.993609
1.00846
1.02768
1.03679
1.03855
1.03836
1.03503
1.03129
1.02914
1.02421
1.01239
1.00437
0.998769
0.991988
0.990351
0.999837
1.00486
1.03586
1.29794
1.75551
0.927233
0.920555
0.915418
0.914238
0.916097
0.933412
0.968878
0.985576
0.987837
0.987668
0.984444
0.97111
0.958901
0.953507
0.951693
0.950372
0.947343
0.94467
0.942842
0.940592
0.939052
0.944845
0.964298
0.978008
0.983563
0.986644
0.993026
1.00012
1.00188
0.999675
0.994343
0.9849
0.970627
0.956181
0.947744
0.945479
0.947779
0.96961
0.99544
1.0073
1.01424
1.02181
1.02228
1.01383
1.00392
0.995236
0.987013
0.978992
0.970005
0.963761
0.9619
0.964112
0.978036
0.998569
1.01513
1.02719
1.03345
1.03531
1.03455
1.02954
1.01845
1.00327
0.989964
0.981436
0.975139
0.971112
0.971533
0.977723
1.004
1.0387
1.05153
1.05257
1.05036
1.04414
1.02647
1.00211
0.990394
0.989016
0.991049
0.993559
0.995694
1.00414
1.02125
1.03282
1.03671
1.03704
1.03485
1.03294
1.02899
1.01881
1.00997
1.00333
0.994775
0.988172
0.991894
0.993309
1.02162
1.29875
1.75568
0.930189
0.920627
0.91673
0.914979
0.915125
0.915653
0.927348
0.960981
0.982162
0.9891
0.992957
0.99482
0.987821
0.973055
0.960922
0.953431
0.949628
0.947072
0.944012
0.938743
0.934251
0.933481
0.93775
0.956421
0.976076
0.990505
1.00214
1.01046
1.01342
1.01194
1.00563
0.993026
0.974081
0.956647
0.947489
0.944636
0.944495
0.947357
0.966925
0.997174
1.01776
1.02787
1.03312
1.03297
1.02171
1.00432
0.98978
0.979007
0.969509
0.961806
0.958206
0.958052
0.961883
0.981116
1.01201
1.02973
1.03643
1.03828
1.03654
1.03285
1.0253
1.01333
0.999722
0.985724
0.974027
0.970344
0.970662
0.973614
0.985356
1.02444
1.04763
1.04957
1.04707
1.04052
1.02885
1.01498
1.00359
0.996726
0.993611
0.993206
0.994434
0.995085
1.00165
1.02124
1.03359
1.03539
1.03379
1.03203
1.02902
1.02108
1.01553
1.01009
1.0017
0.98997
0.987364
0.987101
1.01085
1.29702
1.75465
0.940324
0.925041
0.921119
0.918438
0.917056
0.916461
0.916343
0.922887
0.954675
0.983854
0.995476
1.00129
1.00477
0.999979
0.980715
0.962695
0.953687
0.94865
0.943101
0.937599
0.934172
0.933156
0.93345
0.936616
0.955945
0.986558
1.00479
1.01203
1.01526
1.01541
1.0128
1.00334
0.98509
0.964975
0.951891
0.946515
0.945493
0.946463
0.949864
0.970467
1.00815
1.02872
1.03438
1.03568
1.03327
1.02115
1.00138
0.983057
0.969841
0.961693
0.958392
0.958241
0.960233
0.967742
0.99811
1.02657
1.03559
1.03675
1.03414
1.02978
1.02518
1.01957
1.01089
0.994278
0.978657
0.973801
0.974501
0.977913
0.985164
1.01025
1.03683
1.04217
1.04051
1.03581
1.02903
1.02333
1.01693
1.00902
1.00134
0.996311
0.994525
0.993583
0.993698
1.00267
1.02127
1.03111
1.03241
1.03138
1.02911
1.02237
1.01955
1.01751
1.01105
0.998736
0.987742
0.983763
1.00451
1.2939
1.75243
0.957043
0.937674
0.930382
0.924935
0.92034
0.917268
0.916235
0.916464
0.922829
0.95877
0.992156
1.00337
1.00739
1.00724
0.99966
0.98032
0.961984
0.950968
0.944634
0.940203
0.936989
0.935795
0.936134
0.939269
0.946744
0.966446
0.99385
1.00753
1.01107
1.01092
1.00758
1.00365
0.996836
0.980973
0.962205
0.95177
0.949224
0.950171
0.954977
0.962261
0.979786
1.01226
1.02901
1.0324
1.03281
1.03158
1.02022
0.99586
0.974938
0.964788
0.961625
0.961913
0.965386
0.971631
0.985915
1.01325
1.02872
1.03179
1.02932
1.02651
1.02377
1.01881
1.01113
1.00068
0.989302
0.983562
0.983438
0.985746
0.989628
1.00157
1.02062
1.03073
1.03199
1.03122
1.03083
1.02716
1.02338
1.01995
1.01459
1.00715
1.00079
0.996374
0.99306
0.991732
0.999051
1.01832
1.03049
1.03221
1.0305
1.0243
1.02117
1.02213
1.02212
1.01355
0.997347
0.981722
0.996068
1.29368
1.75023
0.976564
0.958227
0.943758
0.931823
0.923611
0.919679
0.919284
0.921029
0.926051
0.934916
0.963075
0.991394
1.00121
1.00335
1.00407
1.00049
0.982795
0.961822
0.949768
0.944117
0.941372
0.940736
0.942507
0.947821
0.952062
0.954941
0.965916
0.989212
1.00262
1.00565
1.00574
1.00463
1.00155
0.994466
0.978861
0.964463
0.95918
0.959337
0.963174
0.966355
0.968236
0.979887
1.01013
1.02649
1.02974
1.02912
1.02607
1.01388
0.990255
0.974495
0.969277
0.969382
0.972874
0.977904
0.983949
0.99695
1.01456
1.0227
1.02347
1.02264
1.02144
1.01788
1.01201
1.0062
1.00069
0.996592
0.995396
0.995707
0.996554
0.998365
1.00438
1.01317
1.02046
1.02569
1.02825
1.02805
1.02676
1.02644
1.02601
1.02446
1.01623
1.00471
0.994979
0.98913
0.987465
0.99415
1.01258
1.02705
1.02983
1.02784
1.02348
1.02469
1.02938
1.02965
1.01859
0.987256
0.986498
1.29389
1.74894
0.983739
0.976772
0.963663
0.946537
0.934837
0.930174
0.930113
0.932171
0.934102
0.935169
0.937617
0.955627
0.98554
0.999547
1.00225
1.00242
0.997797
0.981247
0.961662
0.951667
0.949321
0.950562
0.954579
0.957241
0.956945
0.954191
0.953488
0.959097
0.980781
0.997154
1.0019
1.00282
1.00233
1.00062
0.99534
0.984278
0.975784
0.97248
0.971256
0.969481
0.96817
0.968242
0.978068
1.0064
1.02147
1.02451
1.02441
1.0235
1.01219
0.991577
0.980589
0.978525
0.981117
0.984444
0.98585
0.988277
0.996252
1.00821
1.01541
1.0177
1.01821
1.01769
1.0147
1.01078
1.01007
1.01044
1.00938
1.00665
1.00264
0.998325
0.996395
0.997658
1.0041
1.01451
1.02355
1.02835
1.03018
1.03173
1.034
1.03566
1.03335
1.02047
1.00197
0.989954
0.986103
0.986106
0.989663
1.00418
1.02067
1.02541
1.02644
1.02852
1.03711
1.0424
1.03899
1
0.981991
1.29051
1.74859
0.982368
0.979746
0.977695
0.96895
0.957401
0.948824
0.944389
0.941872
0.938982
0.935812
0.934479
0.93494
0.946176
0.975559
0.992162
0.995916
0.997481
0.998236
0.988187
0.972867
0.965857
0.964231
0.963925
0.962564
0.95835
0.95265
0.948803
0.947928
0.953408
0.977012
0.994877
1.00042
1.002
1.00317
1.005
1.0043
0.997599
0.987991
0.979312
0.972364
0.967831
0.966263
0.966242
0.974583
1.00214
1.01894
1.02395
1.02534
1.02394
1.01309
0.999302
0.992315
0.9906
0.990035
0.988633
0.986311
0.985796
0.990583
1.00102
1.00935
1.01356
1.01589
1.01768
1.01786
1.01903
1.02035
1.02035
1.01766
1.00914
0.99961
0.994294
0.991736
0.991822
0.996235
1.00918
1.02411
1.03227
1.03597
1.0395
1.04251
1.04252
1.03767
1.01825
0.99829
0.988147
0.98484
0.982957
0.98316
0.99738
1.01734
1.02523
1.03133
1.04112
1.0487
1.04808
1.00963
0.991533
1.28577
1.74977
0.977708
0.977706
0.979367
0.983333
0.982792
0.973528
0.960888
0.951285
0.944884
0.940329
0.936453
0.932541
0.930821
0.936767
0.965338
0.988731
0.997116
1.00117
1.00499
1.00172
0.987976
0.975647
0.967998
0.963288
0.958812
0.952502
0.947069
0.945393
0.945471
0.952202
0.976911
0.995319
1.00259
1.00718
1.01317
1.01612
1.01421
1.00334
0.988853
0.977732
0.970443
0.965402
0.961534
0.961449
0.972349
1.00205
1.02002
1.02499
1.0264
1.02877
1.02483
1.01142
1.00061
0.994516
0.990198
0.986734
0.984891
0.983555
0.9853
0.993791
1.00407
1.01188
1.01867
1.02542
1.02836
1.028
1.02664
1.02442
1.01614
1.00422
0.995269
0.989668
0.98614
0.986089
0.991626
1.01094
1.03012
1.03789
1.04301
1.04636
1.04624
1.04545
1.03555
1.01377
0.996471
0.985996
0.978047
0.9738
0.976492
1.00173
1.02266
1.03308
1.04294
1.05188
1.05315
1.02202
1.00566
1.27946
1.75234
0.956638
0.974867
0.983428
0.989051
0.993289
0.993557
0.984869
0.9693
0.956691
0.947073
0.93836
0.931206
0.927503
0.926017
0.929944
0.957421
0.98716
1.00344
1.01289
1.01705
1.01426
0.997838
0.979924
0.966993
0.957761
0.951364
0.946963
0.945202
0.945173
0.946186
0.953427
0.977485
0.999378
1.01219
1.01825
1.02011
1.02038
1.01648
1.00409
0.988791
0.974855
0.963749
0.959526
0.95968
0.962121
0.973745
1.00094
1.02123
1.03239
1.03672
1.03704
1.03125
1.01682
1.00482
0.99665
0.98994
0.984047
0.980111
0.978372
0.979768
0.986932
1.00049
1.01679
1.03075
1.03623
1.03614
1.03351
1.03
1.02276
1.01128
0.997912
0.988406
0.983697
0.981718
0.982778
0.991764
1.0188
1.0379
1.04486
1.04724
1.04701
1.04721
1.04419
1.02882
1.00875
0.990415
0.975345
0.969571
0.968512
0.981043
1.01272
1.03187
1.04211
1.05035
1.05202
1.03139
1.01701
1.27865
1.75516
0.925943
0.953141
0.976211
0.985893
0.992009
0.996936
0.997868
0.992352
0.977987
0.961075
0.946791
0.936384
0.929761
0.926791
0.926259
0.92898
0.955414
0.992583
1.00968
1.01714
1.02018
1.01789
1.0031
0.982034
0.966124
0.956562
0.950819
0.947744
0.946934
0.947161
0.948652
0.95572
0.981665
1.00628
1.0161
1.01899
1.01947
1.01907
1.01614
1.00517
0.987687
0.971621
0.964274
0.96316
0.963854
0.966636
0.974587
0.997699
1.02325
1.03391
1.03528
1.03461
1.0315
1.0234
1.01233
1.00055
0.990323
0.983148
0.97855
0.976319
0.976572
0.980599
0.999751
1.02532
1.03606
1.03823
1.03854
1.03767
1.03263
1.02229
1.00628
0.992824
0.98566
0.982337
0.982223
0.984322
1.00263
1.0286
1.04055
1.04533
1.04623
1.04684
1.0455
1.03612
1.02045
1.00025
0.980449
0.971472
0.968803
0.971409
0.997141
1.02279
1.03757
1.04743
1.05153
1.037
1.02513
1.27963
1.75674
)
;

boundaryField
{
    back
    {
        type            empty;
    }
    outlet
    {
        type            inletOutlet;
        inletValue      uniform 1;
        value           nonuniform List<scalar> 
99
(
0.797821
0.79797
0.802181
0.809983
0.820386
0.832843
0.846348
0.857804
0.863291
0.866704
0.870314
0.874188
0.877532
0.880478
0.884013
0.889217
0.895142
0.901492
0.906867
0.908022
0.90349
0.898544
0.898537
0.902674
0.913429
0.9289
0.938707
0.940398
0.93806
0.922784
0.90622
0.897112
0.894865
0.897777
0.913134
0.923363
0.927299
0.926269
0.915701
0.911764
0.914563
0.925069
0.942328
0.960354
0.963685
0.956726
0.934043
0.915577
0.906914
0.902386
0.901948
0.906182
0.919264
0.934506
0.955435
0.976024
0.981427
0.983443
0.977451
0.951531
0.927003
0.911631
0.904799
0.905249
0.909426
0.920036
0.933653
0.951442
0.960679
0.962686
0.960163
0.949754
0.92986
0.928097
0.929385
0.928451
0.925309
0.925532
0.931394
0.946206
0.967058
0.978908
0.981631
0.975033
0.945359
0.910435
0.910661
0.922282
0.928543
0.929607
0.933991
0.946169
0.962753
0.979628
0.984153
0.982604
0.975526
0.949734
0.922416
)
;
    }
    top
    {
        type            zeroGradient;
    }
    inlet
    {
        type            fixedValue;
        value           uniform 1;
    }
    bottom
    {
        type            zeroGradient;
    }
    front
    {
        type            empty;
    }
}


// ************************************************************************* //
