/*--------------------------------*- C++ -*----------------------------------*\
  =========                 |
  \\      /  F ield         | OpenFOAM: The Open Source CFD Toolbox
   \\    /   O peration     | Website:  https://openfoam.org
    \\  /    A nd           | Version:  12
     \\/     M anipulation  |
\*---------------------------------------------------------------------------*/
FoamFile
{
    format      ascii;
    class       volScalarField;
    location    "22.4";
    object      p;
}
// * * * * * * * * * * * * * * * * * * * * * * * * * * * * * * * * * * * * * //

dimensions      [1 -1 -2 0 0 0 0];

internalField   nonuniform List<scalar> 
9801
(
0.722483
0.733968
0.720583
0.679317
0.653843
0.650136
0.652375
0.663879
0.701861
0.749666
0.772388
0.780011
0.781124
0.761644
0.725471
0.709994
0.7102
0.716778
0.733871
0.764105
0.792672
0.808846
0.815156
0.813123
0.794927
0.781542
0.781652
0.786817
0.800795
0.820896
0.835119
0.842681
0.845607
0.843142
0.837523
0.832144
0.834146
0.844846
0.863814
0.883904
0.898245
0.908272
0.912411
0.903762
0.893413
0.88931
0.889468
0.893458
0.913143
0.9392
0.957373
0.969441
0.978321
0.984562
0.9731
0.959564
0.958117
0.961443
0.966981
0.983331
1.01635
1.04031
1.05518
1.06582
1.0745
1.0738
1.05162
1.04142
1.04564
1.05401
1.07029
1.1076
1.14296
1.16599
1.18158
1.19389
1.20315
1.18277
1.15277
1.15058
1.16286
1.18423
1.23713
1.29659
1.33388
1.35924
1.38026
1.39916
1.3817
1.33486
1.31814
1.34111
1.3864
1.49787
1.64415
1.77822
1.88303
3.43408
20.5742
0.717055
0.717511
0.697744
0.683975
0.673869
0.673947
0.681882
0.695963
0.716376
0.743205
0.760751
0.764295
0.757603
0.749426
0.743834
0.736677
0.739471
0.747799
0.756397
0.764386
0.777756
0.790008
0.795148
0.796276
0.799687
0.804376
0.810369
0.816431
0.822306
0.827629
0.832091
0.831161
0.826306
0.825385
0.828678
0.840422
0.858627
0.875884
0.888668
0.898404
0.905296
0.908167
0.897758
0.885956
0.882354
0.885083
0.891273
0.909606
0.938792
0.959529
0.971556
0.979685
0.985658
0.98148
0.962687
0.953409
0.95557
0.961306
0.971103
0.99899
1.03396
1.05368
1.06559
1.07407
1.08015
1.07208
1.04916
1.04108
1.0464
1.05533
1.07197
1.11272
1.15192
1.17447
1.18873
1.20008
1.20699
1.18649
1.15816
1.15534
1.16728
1.18458
1.22776
1.28898
1.33118
1.35956
1.38348
1.40493
1.39623
1.35323
1.33177
1.34707
1.38846
1.46288
1.57115
1.67587
1.74902
3.24997
20.9442
0.691811
0.693568
0.695311
0.697555
0.701428
0.705306
0.708289
0.711366
0.715606
0.71806
0.724473
0.73661
0.746476
0.755801
0.765831
0.772129
0.770987
0.767695
0.76492
0.756946
0.749589
0.753332
0.76938
0.791636
0.814855
0.833524
0.842009
0.844171
0.839857
0.830181
0.813407
0.802453
0.803397
0.810612
0.825569
0.856951
0.890373
0.90563
0.912386
0.915505
0.912754
0.890445
0.871057
0.870042
0.875427
0.884008
0.899653
0.932778
0.961639
0.975417
0.982868
0.987961
0.983454
0.964027
0.951149
0.95176
0.958197
0.966268
0.982467
1.01564
1.04698
1.06274
1.07099
1.07568
1.07446
1.06094
1.04484
1.04169
1.04936
1.06035
1.07887
1.12261
1.16173
1.1798
1.19018
1.19818
1.20234
1.18684
1.16228
1.15771
1.16895
1.18579
1.21898
1.28562
1.33761
1.36598
1.3879
1.40801
1.40597
1.37296
1.35026
1.35484
1.38733
1.44091
1.5359
1.6371
1.69317
3.26017
21.0371
0.668274
0.67634
0.698777
0.718028
0.729866
0.736356
0.738165
0.730977
0.7094
0.697079
0.697844
0.711249
0.744374
0.774387
0.790534
0.798439
0.802042
0.795201
0.768157
0.739487
0.732396
0.735021
0.749046
0.791929
0.835914
0.855418
0.86337
0.867905
0.862544
0.828217
0.796349
0.790802
0.794111
0.802778
0.828255
0.875093
0.907612
0.920227
0.926912
0.928367
0.90522
0.873529
0.864342
0.867699
0.874925
0.888336
0.912879
0.946674
0.972941
0.983521
0.987453
0.983547
0.972458
0.960085
0.955085
0.959472
0.967621
0.976338
0.991109
1.02183
1.04811
1.05919
1.06468
1.06849
1.07145
1.06597
1.05337
1.051
1.05885
1.06976
1.08249
1.11448
1.15273
1.17266
1.18467
1.19578
1.20678
1.20323
1.1785
1.16442
1.1716
1.18816
1.20976
1.25956
1.31976
1.35703
1.38194
1.4052
1.41688
1.39573
1.36959
1.36218
1.37912
1.4176
1.47858
1.56527
1.61038
3.32858
21.124
0.666877
0.672567
0.697503
0.729147
0.741432
0.747573
0.747708
0.726987
0.701781
0.695038
0.696498
0.706375
0.739579
0.783859
0.802056
0.809368
0.813215
0.79689
0.756563
0.736015
0.734514
0.737312
0.748241
0.791525
0.845978
0.866014
0.874432
0.876565
0.85333
0.814279
0.797066
0.797034
0.801068
0.808117
0.832511
0.884236
0.916832
0.927357
0.928784
0.914448
0.891615
0.876927
0.873813
0.876523
0.882648
0.895033
0.917598
0.949385
0.969471
0.976478
0.977149
0.976648
0.976692
0.973206
0.96747
0.968233
0.974805
0.982164
0.989941
1.00614
1.03425
1.05241
1.06305
1.0719
1.08061
1.08508
1.07204
1.06026
1.06168
1.06839
1.07729
1.09425
1.13474
1.16795
1.18615
1.20017
1.21346
1.22227
1.20399
1.17658
1.16911
1.1808
1.19857
1.22844
1.28936
1.34583
1.38147
1.40805
1.43115
1.42716
1.40068
1.38006
1.37586
1.39543
1.43595
1.50435
1.54477
3.35391
21.1884
0.678309
0.690376
0.715974
0.734165
0.744185
0.746281
0.731034
0.712799
0.705017
0.703851
0.707326
0.723333
0.759195
0.789193
0.805423
0.812405
0.804309
0.77347
0.751612
0.745562
0.746249
0.750581
0.769913
0.811651
0.846338
0.864684
0.869442
0.856154
0.832091
0.816807
0.809945
0.810336
0.815872
0.829329
0.852044
0.882347
0.904944
0.911954
0.907918
0.899501
0.895106
0.892047
0.891066
0.895345
0.903798
0.910099
0.916361
0.931078
0.95123
0.963162
0.971247
0.980913
0.990097
0.995698
0.990182
0.982549
0.980711
0.98075
0.982331
0.988716
1.01168
1.0444
1.06662
1.08154
1.09287
1.10218
1.09801
1.07739
1.06316
1.06137
1.06791
1.07938
1.11129
1.15952
1.19037
1.20861
1.22296
1.2352
1.22917
1.19811
1.17721
1.17371
1.18609
1.20532
1.24679
1.31252
1.36451
1.39975
1.42924
1.44681
1.43364
1.40622
1.38792
1.38728
1.40218
1.45094
1.4928
3.3746
21.2494
0.704888
0.721497
0.727646
0.733421
0.732669
0.716695
0.707267
0.707647
0.711241
0.720113
0.741995
0.763295
0.776348
0.787984
0.795536
0.792607
0.772663
0.761852
0.760415
0.761475
0.765632
0.782185
0.806139
0.824995
0.838283
0.843614
0.838339
0.828654
0.825863
0.827437
0.829151
0.835339
0.846101
0.854694
0.862687
0.872184
0.880206
0.886615
0.891519
0.899105
0.906873
0.913755
0.916672
0.919221
0.920708
0.916641
0.910787
0.911968
0.924569
0.948223
0.97183
0.991025
1.00451
1.01324
1.01381
0.999805
0.983196
0.972546
0.972668
0.97874
0.993957
1.03302
1.06955
1.09059
1.10349
1.11344
1.11826
1.09588
1.06488
1.05419
1.05951
1.07084
1.09333
1.14477
1.19295
1.21867
1.2338
1.24636
1.25104
1.224
1.19012
1.17641
1.17882
1.19324
1.218
1.27209
1.33707
1.38446
1.41736
1.44509
1.45125
1.43548
1.41095
1.39104
1.38549
1.40674
1.44335
3.38383
21.3145
0.735823
0.745638
0.741035
0.726783
0.702188
0.690241
0.691623
0.698747
0.71389
0.745347
0.781738
0.795008
0.796751
0.792789
0.779645
0.756718
0.750066
0.753504
0.76198
0.775111
0.797183
0.818977
0.830478
0.834334
0.82984
0.817657
0.813294
0.816797
0.82268
0.832672
0.850744
0.863832
0.870434
0.869523
0.862803
0.8579
0.859739
0.867453
0.882713
0.903322
0.922596
0.934185
0.940327
0.937836
0.924658
0.907688
0.900916
0.902959
0.910568
0.939031
0.975399
0.999803
1.01354
1.02255
1.02833
1.01282
0.978307
0.965591
0.969145
0.977194
0.992341
1.0312
1.07575
1.09948
1.11126
1.11984
1.12403
1.10517
1.07031
1.05628
1.05862
1.06829
1.08505
1.12639
1.18582
1.22204
1.239
1.25128
1.25939
1.24769
1.2095
1.18611
1.18384
1.19331
1.21117
1.24114
1.29473
1.34772
1.38674
1.41732
1.44336
1.44642
1.43707
1.41457
1.38673
1.37776
1.37931
3.36626
21.4079
0.756541
0.769498
0.760296
0.718204
0.685897
0.681566
0.68436
0.690247
0.710374
0.76294
0.797349
0.809256
0.813183
0.801323
0.764074
0.747356
0.74784
0.751607
0.762452
0.790192
0.814474
0.827048
0.833749
0.830157
0.814832
0.808654
0.811746
0.82024
0.83409
0.852924
0.867304
0.875743
0.876228
0.864554
0.850381
0.84728
0.851225
0.866054
0.893962
0.920922
0.937209
0.946013
0.95149
0.941596
0.912786
0.897762
0.898236
0.903855
0.91401
0.946593
0.99026
1.01098
1.02047
1.0275
1.0292
1.0068
0.976128
0.966833
0.970159
0.977214
0.994766
1.03778
1.08128
1.10351
1.11406
1.11887
1.11712
1.10759
1.08398
1.06581
1.0653
1.07457
1.08813
1.1082
1.15633
1.20589
1.23167
1.24508
1.25478
1.2605
1.24636
1.2182
1.20478
1.20566
1.2139
1.22885
1.25507
1.30254
1.34839
1.38439
1.41428
1.43871
1.44323
1.43657
1.41175
1.37758
1.33056
3.31717
21.4918
0.76194
0.773567
0.749044
0.70797
0.689308
0.686702
0.69046
0.705975
0.736082
0.769409
0.796589
0.805203
0.799658
0.778149
0.761145
0.755065
0.756538
0.768182
0.791543
0.807082
0.81436
0.819999
0.816294
0.810792
0.811528
0.814337
0.820849
0.83767
0.858497
0.87095
0.87749
0.877639
0.862772
0.844817
0.840312
0.843606
0.851535
0.878301
0.918277
0.939278
0.947508
0.953777
0.954327
0.927912
0.898675
0.892214
0.895906
0.903248
0.921544
0.965327
1.002
1.01804
1.02596
1.02688
1.0152
0.997982
0.981168
0.972699
0.976696
0.988689
1.00627
1.03292
1.07156
1.09521
1.10417
1.10603
1.10913
1.115
1.10845
1.09116
1.08435
1.08757
1.09314
1.10081
1.11585
1.16068
1.20724
1.23369
1.25107
1.26687
1.27798
1.26408
1.23623
1.21976
1.21541
1.22027
1.23372
1.26084
1.3072
1.35092
1.38601
1.41572
1.43612
1.43841
1.42749
1.39096
1.32091
3.24182
21.6027
0.751549
0.751684
0.728148
0.711654
0.704506
0.706775
0.721466
0.740935
0.751066
0.758285
0.766462
0.771597
0.773004
0.77392
0.775134
0.777027
0.787341
0.800334
0.808067
0.812363
0.807851
0.792084
0.786607
0.79147
0.805884
0.827834
0.852927
0.871061
0.879478
0.884354
0.884242
0.862756
0.837291
0.830901
0.834162
0.840592
0.855919
0.900279
0.939184
0.952427
0.958638
0.959838
0.941657
0.912751
0.89739
0.894708
0.898998
0.908154
0.9338
0.973545
1.00503
1.01766
1.01908
1.01018
1.00574
1.0037
0.995487
0.992691
0.998325
1.00826
1.01467
1.02079
1.03809
1.07014
1.09137
1.103
1.1136
1.12501
1.1347
1.12513
1.10436
1.09426
1.0903
1.08962
1.09667
1.11538
1.16632
1.22068
1.25403
1.27316
1.28775
1.29421
1.27823
1.24673
1.2231
1.2167
1.22413
1.23827
1.27031
1.32111
1.36395
1.394
1.41664
1.42581
1.42526
1.40164
1.33879
3.17936
21.7215
0.722776
0.723685
0.725132
0.727379
0.733394
0.745611
0.754505
0.75852
0.758182
0.741715
0.730555
0.734639
0.751652
0.774381
0.797713
0.817391
0.825414
0.826103
0.82159
0.806936
0.781595
0.768901
0.769788
0.776084
0.796962
0.844951
0.883325
0.896278
0.900886
0.897619
0.87791
0.842898
0.826563
0.826855
0.831103
0.838028
0.865067
0.914006
0.944445
0.957008
0.960562
0.947297
0.927918
0.914455
0.904532
0.905883
0.91646
0.934819
0.948006
0.961753
0.982335
0.993974
0.996957
0.998803
1.00665
1.01643
1.02498
1.02329
1.01761
1.01416
1.0095
1.00487
1.00869
1.03183
1.07443
1.10494
1.12567
1.14267
1.15392
1.15696
1.13388
1.10377
1.08658
1.08144
1.08579
1.0964
1.12206
1.18267
1.23976
1.2707
1.28848
1.30096
1.30098
1.28062
1.2486
1.22607
1.2217
1.23041
1.24823
1.28758
1.33773
1.37359
1.39637
1.40987
1.41296
1.40348
1.36359
3.1448
21.8267
0.69508
0.70063
0.719503
0.747813
0.770159
0.779029
0.780742
0.773438
0.748046
0.721689
0.716094
0.718757
0.730011
0.769203
0.821579
0.842624
0.849305
0.850901
0.837397
0.795243
0.766361
0.76259
0.765639
0.771863
0.794684
0.854769
0.891249
0.902183
0.907761
0.902623
0.869355
0.841163
0.83103
0.831596
0.838747
0.85897
0.885662
0.912177
0.93427
0.941749
0.936492
0.927323
0.927884
0.929671
0.930971
0.935271
0.942076
0.948458
0.947728
0.94203
0.943601
0.962735
0.986977
1.00448
1.02148
1.03969
1.05168
1.05482
1.03931
1.01546
0.995288
0.988498
0.993323
1.00524
1.04471
1.10204
1.13886
1.1562
1.16655
1.17405
1.16646
1.12464
1.09107
1.08231
1.08609
1.0951
1.10867
1.14067
1.20257
1.25139
1.27584
1.29065
1.29898
1.29769
1.28241
1.25627
1.23797
1.23468
1.24181
1.25896
1.29831
1.3437
1.37274
1.38989
1.39747
1.39722
1.38302
3.14599
21.9156
0.687805
0.696932
0.730774
0.76959
0.784928
0.790746
0.791294
0.770206
0.732172
0.717679
0.718176
0.721383
0.735085
0.785991
0.831742
0.84702
0.853624
0.853485
0.825101
0.785163
0.769174
0.767486
0.770624
0.783741
0.8187
0.859313
0.887473
0.897669
0.894727
0.877051
0.863084
0.852218
0.848268
0.854156
0.86951
0.884383
0.889726
0.893428
0.898924
0.910073
0.918425
0.925264
0.937594
0.956641
0.969041
0.97121
0.963522
0.95006
0.929601
0.919528
0.922444
0.937115
0.975938
1.01791
1.047
1.06261
1.07043
1.07341
1.05762
1.01476
0.987911
0.983592
0.988796
0.996849
1.01884
1.08378
1.14006
1.1614
1.17022
1.17308
1.17033
1.15183
1.11597
1.09789
1.0992
1.10952
1.12238
1.13303
1.15487
1.20319
1.24462
1.2695
1.28634
1.2987
1.30269
1.29628
1.27385
1.24984
1.23977
1.24327
1.2584
1.2962
1.33904
1.36635
1.38107
1.38506
1.39515
3.18668
21.998
0.692387
0.716109
0.757869
0.779473
0.787937
0.792485
0.7804
0.745907
0.726751
0.723117
0.724242
0.730321
0.760946
0.805637
0.831292
0.843419
0.846483
0.829456
0.80318
0.787632
0.780036
0.782186
0.795251
0.817772
0.835758
0.851798
0.863467
0.866291
0.861182
0.859671
0.865083
0.873624
0.883327
0.888508
0.892436
0.894398
0.882072
0.86629
0.865608
0.879013
0.905629
0.934063
0.963804
0.982864
0.991535
0.995249
0.982327
0.940413
0.911402
0.907096
0.911555
0.921612
0.959837
1.02557
1.06144
1.07462
1.08157
1.08136
1.06072
1.02217
0.994231
0.98891
0.995177
1.01159
1.03185
1.056
1.10445
1.14062
1.15429
1.16014
1.16541
1.17178
1.16408
1.14185
1.12843
1.12518
1.12463
1.12633
1.13345
1.15225
1.19853
1.24438
1.27482
1.29634
1.3123
1.31936
1.31062
1.27833
1.24597
1.2335
1.23684
1.25073
1.29014
1.33529
1.36281
1.37268
1.39499
3.25574
22.0867
0.715642
0.75891
0.773759
0.781554
0.786381
0.775142
0.743901
0.730214
0.729432
0.731452
0.737208
0.762361
0.795154
0.81608
0.825878
0.827098
0.813547
0.8
0.795412
0.795784
0.801248
0.815918
0.832135
0.838699
0.839871
0.833079
0.830382
0.838053
0.847849
0.859283
0.880368
0.903588
0.915401
0.919284
0.910735
0.886551
0.859134
0.851523
0.854843
0.865043
0.897917
0.952744
0.985499
0.996705
1.00201
1.00353
0.980983
0.935385
0.91241
0.910084
0.914463
0.925783
0.958688
1.01951
1.06204
1.07612
1.07664
1.06457
1.05479
1.04239
1.02304
1.01546
1.02095
1.03124
1.03834
1.0408
1.04933
1.0863
1.12721
1.15042
1.16705
1.18492
1.19776
1.19519
1.16984
1.14244
1.12453
1.11798
1.12045
1.12927
1.15379
1.20782
1.25735
1.28701
1.30539
1.31794
1.3192
1.30464
1.26919
1.2369
1.22529
1.2287
1.24438
1.28929
1.33472
1.35633
1.38658
3.34077
22.1998
0.748177
0.787162
0.791907
0.790034
0.77497
0.740427
0.723777
0.723958
0.728244
0.741152
0.770366
0.794261
0.806879
0.812692
0.811283
0.798014
0.789215
0.791561
0.798454
0.812386
0.832415
0.845979
0.851814
0.846302
0.822643
0.807993
0.807571
0.81733
0.843081
0.878296
0.90876
0.922963
0.929357
0.932042
0.914214
0.868184
0.848002
0.847817
0.852327
0.861944
0.904553
0.965989
0.991983
1.00139
1.00526
0.990406
0.96413
0.940672
0.923805
0.92257
0.933599
0.955421
0.972883
0.994557
1.02825
1.04737
1.05247
1.05462
1.06031
1.06717
1.0697
1.05767
1.04653
1.04115
1.03311
1.02275
1.02244
1.03538
1.07908
1.13545
1.17465
1.19619
1.20976
1.21858
1.21211
1.1754
1.13549
1.11812
1.11884
1.12661
1.13806
1.17234
1.22977
1.27003
1.2911
1.30489
1.31277
1.31161
1.29466
1.26197
1.23345
1.22193
1.22343
1.2406
1.28795
1.3248
1.36448
3.44093
22.3279
0.760272
0.792467
0.798027
0.790252
0.755669
0.732476
0.726865
0.728192
0.743095
0.773941
0.79229
0.798074
0.799972
0.794133
0.786819
0.786359
0.790073
0.798563
0.819416
0.843143
0.855544
0.860589
0.854523
0.825947
0.803071
0.799535
0.8035
0.813559
0.853016
0.906089
0.927419
0.934413
0.937738
0.928516
0.891121
0.860683
0.851127
0.851847
0.857656
0.879477
0.921336
0.964607
0.9896
0.996994
0.986022
0.969602
0.96306
0.9559
0.951632
0.9549
0.964384
0.97222
0.973748
0.969822
0.974056
1.00196
1.03376
1.05474
1.07545
1.0954
1.10573
1.10096
1.07542
1.04532
1.02101
1.0095
1.01045
1.0177
1.03452
1.09336
1.16337
1.19741
1.21085
1.21972
1.2199
1.2028
1.16508
1.13504
1.12608
1.12999
1.14088
1.1595
1.19204
1.23813
1.26869
1.28491
1.29558
1.3039
1.30684
1.29654
1.26622
1.233
1.21743
1.21555
1.23117
1.2733
1.32485
3.54528
22.4427
0.760193
0.782503
0.778999
0.75994
0.745793
0.74221
0.74372
0.757983
0.77916
0.791655
0.795791
0.788762
0.769499
0.76241
0.766318
0.778943
0.801847
0.833239
0.854749
0.863226
0.867414
0.865271
0.832923
0.799357
0.791221
0.793723
0.799928
0.820343
0.878281
0.920662
0.935169
0.94142
0.937055
0.907421
0.881039
0.865721
0.860463
0.86623
0.886568
0.908344
0.921458
0.940639
0.957806
0.964214
0.964778
0.967909
0.973438
0.983282
0.992736
0.992181
0.985025
0.974717
0.95648
0.945501
0.947568
0.962529
1.00506
1.0576
1.09644
1.11664
1.12587
1.12941
1.11101
1.06067
1.02222
1.01033
1.01224
1.01962
1.03249
1.05986
1.12079
1.17311
1.19456
1.20312
1.20476
1.20267
1.19724
1.1787
1.15832
1.14951
1.14998
1.15395
1.16271
1.19134
1.23507
1.26505
1.28308
1.29745
1.31064
1.31666
1.30294
1.2665
1.22637
1.20297
1.19881
1.21242
1.27215
3.6284
22.5308
0.740282
0.746479
0.746999
0.750513
0.755019
0.764546
0.783661
0.795085
0.798753
0.799859
0.785033
0.756616
0.745654
0.74739
0.754074
0.775308
0.826984
0.867262
0.878925
0.882042
0.876143
0.849633
0.810232
0.793034
0.792087
0.795372
0.805189
0.839943
0.887546
0.921799
0.934206
0.931213
0.909811
0.894993
0.888533
0.883892
0.888392
0.900724
0.912197
0.916374
0.912162
0.904543
0.909821
0.933103
0.957639
0.979402
1.00401
1.01979
1.02503
1.01954
0.997222
0.961736
0.937122
0.931274
0.935367
0.943209
0.970566
1.04603
1.10242
1.1215
1.12938
1.13038
1.11763
1.08522
1.04475
1.02668
1.02815
1.03955
1.05526
1.06613
1.07851
1.11359
1.15383
1.17786
1.19109
1.20197
1.21393
1.2202
1.20837
1.18146
1.15855
1.14828
1.14852
1.15701
1.18852
1.23743
1.27379
1.29572
1.31028
1.31935
1.31789
1.29932
1.25933
1.21339
1.18577
1.17424
1.2098
3.65493
22.5977
0.712846
0.70891
0.722669
0.746689
0.777979
0.806353
0.818037
0.821154
0.817279
0.796573
0.758355
0.737887
0.736374
0.740081
0.747393
0.779198
0.843971
0.875241
0.885114
0.889583
0.875752
0.83549
0.810049
0.799129
0.800292
0.813203
0.840428
0.860208
0.874716
0.891247
0.898786
0.897677
0.896843
0.901414
0.908395
0.92122
0.92985
0.931075
0.925103
0.906894
0.884915
0.87843
0.88358
0.902901
0.949388
1.00189
1.03408
1.04598
1.05016
1.04023
1.00156
0.958107
0.937197
0.933621
0.937563
0.94951
0.974572
1.01682
1.07536
1.10542
1.11276
1.1087
1.10294
1.10238
1.09357
1.07624
1.06627
1.06516
1.06585
1.06181
1.05912
1.06613
1.09551
1.14373
1.18314
1.20907
1.22603
1.2381
1.24315
1.22413
1.1821
1.14998
1.14053
1.14352
1.15437
1.19139
1.24763
1.28683
1.30478
1.31324
1.31591
1.30879
1.2886
1.24714
1.20163
1.16773
1.15433
3.60304
22.6523
0.697654
0.695978
0.704749
0.738692
0.799152
0.825666
0.832756
0.836182
0.829357
0.789897
0.75317
0.741543
0.740677
0.744351
0.761798
0.802062
0.845302
0.87249
0.880035
0.87067
0.848247
0.834637
0.82418
0.823379
0.83289
0.850832
0.861939
0.863851
0.852305
0.844255
0.854544
0.87845
0.901075
0.925995
0.947158
0.95697
0.95871
0.950771
0.92335
0.885077
0.867571
0.866881
0.87177
0.882589
0.931043
1.00854
1.04116
1.05154
1.05492
1.04332
1.01149
0.970855
0.949043
0.947047
0.958503
0.980194
0.99371
0.999491
1.01351
1.04782
1.07616
1.09001
1.09957
1.11629
1.13141
1.13333
1.1159
1.09117
1.06754
1.04998
1.04381
1.04715
1.05655
1.09418
1.16009
1.20689
1.22745
1.23907
1.24457
1.24157
1.21569
1.1699
1.14356
1.13931
1.14576
1.15911
1.20107
1.25672
1.28657
1.29713
1.30117
1.30114
1.29678
1.28125
1.24012
1.18498
1.14038
3.48376
22.7011
0.697975
0.698749
0.708832
0.75475
0.805275
0.826598
0.834049
0.833192
0.808435
0.778328
0.760349
0.752774
0.755312
0.770398
0.793485
0.809814
0.827361
0.84036
0.842995
0.839043
0.838836
0.84381
0.854349
0.866529
0.873156
0.875213
0.870443
0.844964
0.822479
0.819179
0.824757
0.851474
0.908952
0.956077
0.977134
0.984157
0.981689
0.956276
0.910782
0.879147
0.868855
0.869892
0.876032
0.898942
0.937187
0.986518
1.02528
1.03718
1.03067
1.01624
1.01182
1.00609
0.994099
0.989062
0.991797
0.996912
0.997542
0.985443
0.976925
0.986206
1.02288
1.07062
1.11002
1.13734
1.15376
1.16232
1.1602
1.12939
1.08156
1.05068
1.04292
1.04605
1.05275
1.06986
1.1216
1.18427
1.2157
1.22881
1.23177
1.22929
1.22632
1.20778
1.17526
1.1564
1.15281
1.15597
1.16475
1.19782
1.24456
1.27116
1.28465
1.29506
1.29681
1.29428
1.27847
1.22617
1.15062
3.3416
22.7668
0.70499
0.711367
0.737193
0.774646
0.803462
0.817475
0.819337
0.805075
0.789313
0.779235
0.774031
0.776599
0.788862
0.805128
0.811172
0.810934
0.799266
0.79733
0.81102
0.829804
0.848644
0.871814
0.889906
0.897633
0.898814
0.889194
0.854386
0.822937
0.814163
0.816321
0.821101
0.83677
0.902018
0.964666
0.983648
0.990471
0.987277
0.957622
0.914852
0.885942
0.877912
0.883323
0.907568
0.931554
0.939694
0.94701
0.965374
0.990136
1.00394
1.01096
1.0231
1.04046
1.0499
1.04073
1.02225
1.00391
0.9816
0.962346
0.957124
0.961567
0.974829
1.02569
1.10146
1.14279
1.15688
1.16483
1.16567
1.15109
1.11339
1.07173
1.05374
1.05379
1.06408
1.08322
1.10088
1.13505
1.17773
1.20105
1.21056
1.21686
1.22554
1.23402
1.22643
1.19464
1.16557
1.15133
1.14766
1.1528
1.18277
1.23154
1.26476
1.28461
1.29514
1.29448
1.29218
1.26307
1.19605
3.22812
22.8611
0.719389
0.743741
0.761342
0.7756
0.788529
0.793245
0.78956
0.78548
0.788925
0.792752
0.798609
0.808088
0.81749
0.821074
0.815098
0.790245
0.776038
0.7764
0.785968
0.821922
0.871574
0.903907
0.915315
0.91818
0.911451
0.879496
0.836362
0.818199
0.816973
0.820138
0.832292
0.86396
0.905933
0.950301
0.971771
0.972387
0.954002
0.941026
0.932738
0.919328
0.915828
0.924189
0.935114
0.939899
0.934219
0.915866
0.911947
0.931402
0.975424
1.0172
1.05001
1.07457
1.08515
1.08471
1.05999
1.014
0.975449
0.958782
0.957936
0.962839
0.972228
0.998914
1.06337
1.12361
1.14583
1.15187
1.1442
1.13525
1.13149
1.11714
1.09556
1.08469
1.08428
1.08628
1.08829
1.09414
1.12033
1.16512
1.19513
1.21345
1.23297
1.24871
1.2564
1.24329
1.20156
1.15962
1.13811
1.13506
1.14106
1.17268
1.23009
1.26942
1.28648
1.28955
1.2886
1.27539
1.24626
3.17924
22.9688
0.74652
0.764723
0.767594
0.762668
0.757353
0.762599
0.776565
0.789908
0.802638
0.817035
0.826598
0.830457
0.830591
0.820881
0.793919
0.776382
0.773419
0.776015
0.78073
0.81067
0.879837
0.913288
0.923122
0.927469
0.913723
0.871251
0.839032
0.824604
0.824991
0.838946
0.868332
0.884948
0.893533
0.906691
0.92377
0.93519
0.940528
0.946185
0.954965
0.968557
0.972374
0.964549
0.952347
0.932541
0.904959
0.891195
0.891857
0.8993
0.93075
1.0049
1.06333
1.08489
1.09283
1.09751
1.08665
1.04351
0.991528
0.96914
0.968173
0.978075
0.99946
1.01886
1.0337
1.06387
1.09832
1.11683
1.12537
1.13304
1.14287
1.15465
1.1542
1.13131
1.10367
1.08378
1.07339
1.07091
1.07842
1.11302
1.17144
1.21494
1.2386
1.25288
1.26134
1.26353
1.24535
1.19298
1.14826
1.13048
1.12853
1.13544
1.1761
1.23767
1.27009
1.27922
1.27926
1.27294
1.27616
3.20124
23.0944
0.760768
0.766405
0.755288
0.73964
0.73754
0.74454
0.769106
0.804439
0.831061
0.843158
0.847549
0.846221
0.832027
0.801386
0.776575
0.77049
0.772864
0.778003
0.794525
0.829693
0.875375
0.908191
0.917639
0.910302
0.89072
0.875015
0.856611
0.850524
0.857281
0.874822
0.885216
0.886387
0.873484
0.861955
0.86841
0.899638
0.937404
0.968059
0.995783
1.0098
1.01224
0.997817
0.960432
0.9158
0.890399
0.885221
0.888735
0.895543
0.915673
0.972011
1.04772
1.08035
1.08816
1.07863
1.05971
1.04807
1.03265
1.01473
1.0092
1.01356
1.02002
1.02237
1.01645
1.01516
1.03258
1.07432
1.11509
1.14375
1.16464
1.17808
1.18569
1.17563
1.13522
1.09143
1.06718
1.06166
1.06512
1.07535
1.12183
1.194
1.23478
1.25011
1.25722
1.25725
1.24909
1.23235
1.1898
1.15067
1.13667
1.13745
1.1443
1.18126
1.23031
1.25474
1.26218
1.25811
1.28959
3.28298
23.2277
0.769934
0.750121
0.728165
0.722493
0.724661
0.730501
0.755945
0.810198
0.84513
0.858229
0.863219
0.862766
0.837274
0.797715
0.778438
0.774563
0.778865
0.796633
0.816976
0.830383
0.850007
0.871686
0.884087
0.887242
0.890065
0.890895
0.892814
0.894619
0.895114
0.894921
0.888927
0.863774
0.843769
0.840945
0.846061
0.864876
0.922385
0.989399
1.02024
1.03088
1.0341
1.0228
0.977044
0.921495
0.895585
0.891275
0.898637
0.9234
0.949056
0.964968
0.990188
1.02493
1.04304
1.04826
1.05291
1.06103
1.07204
1.07645
1.0662
1.04926
1.03015
1.00836
0.993157
0.991179
0.99675
1.02201
1.08797
1.14661
1.17204
1.18356
1.1885
1.18622
1.16753
1.11772
1.07744
1.06517
1.06897
1.08365
1.10097
1.14132
1.20037
1.22889
1.23591
1.23824
1.24001
1.24667
1.24232
1.20541
1.16456
1.14216
1.13418
1.1343
1.16287
1.20924
1.23797
1.24384
1.28792
3.39722
23.3537
0.77325
0.735395
0.721834
0.722331
0.725055
0.729724
0.747689
0.802166
0.847336
0.860814
0.862975
0.852252
0.833467
0.810319
0.794648
0.794664
0.804707
0.817709
0.822498
0.822928
0.817944
0.8226
0.847692
0.877862
0.900798
0.922283
0.934195
0.935312
0.924504
0.902277
0.866486
0.837597
0.829472
0.831936
0.837709
0.853386
0.907224
0.98533
1.02135
1.03029
1.02254
0.997298
0.975007
0.951258
0.930817
0.928309
0.939543
0.952635
0.958201
0.954777
0.94428
0.949396
0.981955
1.02503
1.06094
1.08867
1.10786
1.11639
1.11384
1.08836
1.04221
1.00379
0.989118
0.989146
0.993918
1.00643
1.0508
1.1239
1.16381
1.17712
1.17732
1.16816
1.16174
1.1502
1.12123
1.09924
1.09323
1.09333
1.09343
1.09674
1.12301
1.17434
1.20597
1.22385
1.2416
1.25408
1.26044
1.25676
1.21911
1.16394
1.12759
1.11667
1.11514
1.14433
1.19872
1.22652
1.28193
3.51435
23.4631
0.775731
0.739704
0.728039
0.728586
0.734031
0.747762
0.762198
0.781665
0.817069
0.838839
0.844082
0.845165
0.844753
0.838539
0.829955
0.824673
0.824766
0.826086
0.817195
0.802673
0.799077
0.802737
0.815882
0.858096
0.913634
0.945722
0.957981
0.962039
0.954414
0.912111
0.861326
0.838728
0.833576
0.837124
0.856126
0.88541
0.908326
0.940227
0.976075
0.989152
0.988016
0.98777
0.98829
0.989844
0.991386
0.985668
0.977555
0.969003
0.950904
0.925297
0.91493
0.917657
0.929798
0.975426
1.05228
1.10151
1.11851
1.12603
1.12858
1.11418
1.07112
1.02132
0.998712
0.996654
1.00667
1.02991
1.04925
1.07582
1.11725
1.14173
1.14974
1.15365
1.16023
1.16918
1.17411
1.15556
1.12411
1.09933
1.083
1.07303
1.07504
1.10224
1.16096
1.21085
1.24117
1.25631
1.26323
1.2657
1.25957
1.21497
1.14996
1.11099
1.1003
1.10052
1.14001
1.19306
1.26174
3.61555
23.5468
0.778564
0.751964
0.745126
0.748612
0.757319
0.765682
0.768829
0.768404
0.77273
0.801071
0.832347
0.850452
0.862978
0.869105
0.866201
0.85219
0.835801
0.816741
0.79956
0.792104
0.79335
0.797219
0.804577
0.835176
0.905149
0.947942
0.959986
0.960384
0.942248
0.912457
0.880344
0.859534
0.858022
0.871218
0.89154
0.900089
0.901389
0.894753
0.898417
0.926993
0.960946
0.987176
1.01332
1.0358
1.04414
1.03771
1.01344
0.974839
0.934409
0.912701
0.909423
0.913512
0.920615
0.944329
1.01203
1.08634
1.11399
1.12123
1.11105
1.09302
1.08213
1.06404
1.04245
1.03425
1.03737
1.04217
1.04359
1.04122
1.05136
1.09096
1.12771
1.14928
1.17027
1.19065
1.20106
1.19917
1.16965
1.12148
1.08122
1.06446
1.06368
1.06961
1.09566
1.16747
1.22853
1.25357
1.26011
1.26103
1.25919
1.24417
1.20123
1.14171
1.10386
1.09102
1.10077
1.14158
1.22246
3.67253
23.5992
0.788438
0.775121
0.76938
0.770635
0.773628
0.77491
0.766379
0.75964
0.761531
0.769424
0.805703
0.851892
0.874175
0.883617
0.88795
0.878869
0.847999
0.818397
0.802344
0.796883
0.79814
0.806424
0.82317
0.839193
0.866728
0.909707
0.930534
0.93399
0.932632
0.928033
0.919123
0.911088
0.906624
0.906259
0.907742
0.900953
0.87643
0.862275
0.863433
0.876439
0.917655
0.983906
1.03664
1.05923
1.06819
1.06912
1.05149
0.998548
0.94271
0.918636
0.915534
0.922842
0.94591
0.970763
0.988826
1.02232
1.06151
1.07946
1.08423
1.08875
1.09488
1.10435
1.1047
1.08705
1.06446
1.04373
1.02537
1.01503
1.01694
1.0355
1.0904
1.14736
1.18225
1.1983
1.20554
1.20833
1.20066
1.16047
1.10331
1.07261
1.06675
1.07165
1.08207
1.11295
1.1828
1.22936
1.24192
1.24253
1.24145
1.24012
1.23501
1.20788
1.15511
1.11237
1.09502
1.09108
1.16696
3.69748
23.6241
0.801102
0.801205
0.790115
0.783214
0.778737
0.770436
0.763526
0.762055
0.764079
0.768115
0.780511
0.827847
0.871243
0.885429
0.89023
0.889816
0.873309
0.83627
0.814742
0.811389
0.817193
0.830541
0.836996
0.839372
0.837044
0.84378
0.877371
0.911176
0.930594
0.948473
0.965072
0.969115
0.956888
0.934387
0.906996
0.874556
0.853506
0.849307
0.852874
0.859494
0.881067
0.952731
1.0323
1.06003
1.06655
1.05732
1.03158
1.00777
0.980943
0.958802
0.954325
0.962081
0.972019
0.977017
0.97435
0.969468
0.983919
1.02721
1.06954
1.09912
1.12232
1.13676
1.14335
1.134
1.09681
1.05024
1.01868
1.00893
1.01057
1.01684
1.04375
1.11814
1.17428
1.193
1.1984
1.19404
1.18416
1.17324
1.152
1.11978
1.09926
1.09195
1.09048
1.09208
1.10747
1.15939
1.20195
1.22202
1.23239
1.23969
1.2462
1.24755
1.22416
1.16689
1.10964
1.06746
1.09133
3.68807
23.6244
0.810603
0.817731
0.810179
0.793319
0.77964
0.77131
0.767067
0.767616
0.770856
0.774441
0.778627
0.795106
0.841809
0.872381
0.881045
0.885245
0.888407
0.877473
0.852579
0.839419
0.83791
0.840743
0.838358
0.825607
0.817837
0.819346
0.83117
0.872044
0.929573
0.97237
0.993372
1.00117
1.00002
0.975303
0.916552
0.87238
0.856478
0.854121
0.859332
0.878902
0.906988
0.933602
0.975239
1.01348
1.02573
1.02555
1.02609
1.02578
1.02733
1.02386
1.01157
0.998592
0.98556
0.96564
0.946312
0.941328
0.945482
0.966781
1.03257
1.10117
1.13327
1.14508
1.15109
1.14998
1.12984
1.07829
1.03338
1.01777
1.01994
1.03523
1.05408
1.07671
1.12354
1.15765
1.16808
1.17103
1.17429
1.18151
1.19112
1.18527
1.15343
1.11784
1.09247
1.07686
1.07219
1.08266
1.13204
1.19411
1.22989
1.24497
1.25371
1.25866
1.25279
1.22463
1.16372
1.08603
1.0471
3.60204
23.6319
0.814811
0.826598
0.827625
0.815347
0.790983
0.776265
0.772618
0.773658
0.774888
0.776024
0.777668
0.781353
0.799188
0.844932
0.876676
0.891144
0.90183
0.907108
0.900044
0.875312
0.852431
0.834837
0.820648
0.81151
0.809967
0.812663
0.817605
0.834513
0.899426
0.970417
0.995744
1.00219
0.995607
0.968753
0.93535
0.899816
0.88198
0.882275
0.894306
0.910839
0.917968
0.919846
0.916408
0.929418
0.967097
1.00313
1.02961
1.05406
1.07027
1.07567
1.06594
1.03546
0.992773
0.956157
0.939734
0.938755
0.943135
0.953303
0.988556
1.06762
1.12277
1.14011
1.1417
1.1283
1.11792
1.10819
1.08406
1.0627
1.05558
1.05587
1.05536
1.0506
1.05554
1.09042
1.13084
1.15516
1.17601
1.20025
1.21342
1.2174
1.20638
1.1617
1.1039
1.06914
1.06019
1.05924
1.06959
1.13218
1.2069
1.24053
1.24937
1.25177
1.24652
1.23528
1.20463
1.13165
1.06045
3.47631
23.7024
0.811986
0.832647
0.837184
0.837884
0.819355
0.792294
0.779635
0.774595
0.772071
0.772802
0.775409
0.778906
0.783644
0.805195
0.8573
0.895225
0.911158
0.91887
0.923485
0.917521
0.880175
0.841349
0.822405
0.815326
0.814586
0.819333
0.831687
0.847044
0.866948
0.915337
0.95795
0.971347
0.972217
0.970727
0.963695
0.952339
0.938973
0.929875
0.926653
0.926127
0.916932
0.894388
0.884792
0.888053
0.905242
0.958427
1.02781
1.06936
1.08417
1.09153
1.0923
1.07226
1.0206
0.970486
0.948684
0.946406
0.956729
0.979644
0.996105
1.01482
1.05929
1.09471
1.10714
1.11205
1.11849
1.12907
1.13873
1.12696
1.09729
1.0689
1.04464
1.02702
1.02225
1.03087
1.06988
1.1308
1.18208
1.2074
1.21663
1.22009
1.21976
1.19935
1.14138
1.08646
1.06141
1.05517
1.05913
1.08174
1.14492
1.20854
1.23245
1.23589
1.22667
1.21975
1.21392
1.1765
1.12619
3.37043
23.8214
0.798162
0.835804
0.842931
0.847257
0.846631
0.82034
0.786842
0.774293
0.772692
0.774056
0.777146
0.782155
0.787969
0.793492
0.814791
0.870748
0.907429
0.919353
0.923102
0.91979
0.909359
0.876255
0.843348
0.831046
0.831713
0.838963
0.847595
0.851869
0.853728
0.855934
0.881821
0.926493
0.9567
0.97432
0.992176
1.00393
1.00191
0.982743
0.955965
0.926695
0.897429
0.880482
0.877979
0.881716
0.88822
0.913175
0.98862
1.05874
1.08197
1.08719
1.0754
1.05536
1.04053
1.01655
0.994279
0.986781
0.989783
0.994167
0.993241
0.985054
0.987913
1.02403
1.07452
1.109
1.13505
1.15842
1.17024
1.17177
1.14858
1.09723
1.04698
1.02181
1.01762
1.02124
1.03072
1.08005
1.16129
1.19994
1.21
1.21098
1.20251
1.18899
1.1747
1.14078
1.10112
1.07967
1.07393
1.07506
1.08335
1.12979
1.18297
1.20501
1.20973
1.21097
1.21284
1.20381
1.1932
3.32232
23.9386
0.767511
0.822547
0.838482
0.843321
0.844708
0.842328
0.819022
0.790837
0.781167
0.78168
0.785768
0.789841
0.791301
0.793356
0.796975
0.817394
0.871292
0.904994
0.915002
0.920221
0.925559
0.922302
0.893804
0.863478
0.851572
0.850943
0.85203
0.84681
0.838272
0.835256
0.839903
0.863767
0.920769
0.978208
1.01125
1.02571
1.03245
1.02997
1.00231
0.945482
0.902761
0.88611
0.883911
0.89012
0.908982
0.930612
0.951046
0.993254
1.03314
1.04767
1.05044
1.05397
1.0586
1.06518
1.06132
1.04161
1.01839
0.995989
0.973569
0.958758
0.957829
0.966786
1.01224
1.08855
1.14358
1.16595
1.17402
1.17839
1.17292
1.13884
1.07837
1.03856
1.02865
1.03348
1.04702
1.06847
1.10549
1.15311
1.1762
1.18232
1.18333
1.18412
1.18979
1.19403
1.17437
1.13025
1.09333
1.07332
1.06523
1.0641
1.10251
1.16256
1.19712
1.21075
1.22081
1.21712
1.23928
3.34691
24.055
0.741466
0.778618
0.821593
0.83906
0.847187
0.853466
0.854899
0.83464
0.805501
0.793486
0.791035
0.789525
0.789636
0.790989
0.793201
0.79711
0.815405
0.868306
0.909609
0.926243
0.933644
0.939852
0.940903
0.916649
0.880272
0.857841
0.847653
0.841665
0.83478
0.832072
0.834499
0.840461
0.864986
0.940055
1.00552
1.02666
1.03112
1.02234
1.00117
0.977087
0.943457
0.921833
0.917543
0.923216
0.93123
0.93534
0.932462
0.930412
0.953232
1.00081
1.03924
1.06636
1.08914
1.1022
1.1067
1.09335
1.05294
1.00297
0.967747
0.955672
0.956482
0.961609
0.976797
1.03542
1.1192
1.15656
1.16575
1.16031
1.14729
1.1393
1.12599
1.09679
1.07339
1.06438
1.06217
1.05966
1.05978
1.07674
1.11865
1.1534
1.17391
1.19304
1.20926
1.21765
1.21882
1.19177
1.13146
1.07818
1.05195
1.04531
1.0457
1.0876
1.16243
1.2065
1.2233
1.21884
1.26422
3.41965
24.198
0.735131
0.74367
0.782049
0.831034
0.852821
0.861516
0.8681
0.870251
0.849853
0.813803
0.793518
0.788812
0.789385
0.791205
0.793
0.795355
0.798699
0.812763
0.863557
0.912552
0.934887
0.945109
0.950916
0.952524
0.933567
0.89375
0.861506
0.845329
0.83909
0.839918
0.845839
0.85555
0.866023
0.884968
0.938181
0.984661
1.00015
1.00356
1.00668
1.00769
1.0019
0.983567
0.963827
0.951134
0.940778
0.922812
0.906463
0.903205
0.908013
0.934671
1.00491
1.07074
1.10014
1.11077
1.11599
1.11369
1.08965
1.0345
0.985756
0.967477
0.968098
0.981455
0.999428
1.01366
1.0469
1.0973
1.1236
1.13162
1.13685
1.1471
1.1589
1.16047
1.1371
1.10053
1.06761
1.04438
1.03342
1.03319
1.04863
1.10234
1.16435
1.20022
1.2152
1.22262
1.22294
1.21586
1.17977
1.11285
1.06244
1.04097
1.03679
1.04182
1.09625
1.17129
1.2061
1.206
1.26506
3.5402
24.3598
0.736657
0.741216
0.750183
0.792328
0.843768
0.864997
0.872697
0.877488
0.878815
0.859055
0.821494
0.800113
0.794453
0.794465
0.795844
0.796458
0.796952
0.799724
0.809605
0.855318
0.913048
0.940557
0.949805
0.954869
0.95841
0.946842
0.908796
0.874613
0.859586
0.856629
0.858359
0.861976
0.865193
0.865131
0.869603
0.904856
0.959632
0.996791
1.01855
1.03497
1.04434
1.04288
1.02007
0.982841
0.94438
0.915392
0.903289
0.903087
0.906999
0.916922
0.954043
1.03752
1.091
1.10631
1.10672
1.09072
1.07668
1.06412
1.03894
1.0157
1.00661
1.0065
1.00762
1.00061
0.996007
1.01264
1.06171
1.10813
1.14088
1.16679
1.18484
1.19226
1.18899
1.15481
1.09287
1.04397
1.0256
1.02347
1.0261
1.04784
1.12283
1.18634
1.20887
1.21536
1.21238
1.20084
1.18888
1.16177
1.11238
1.07121
1.0516
1.0471
1.05014
1.09679
1.15059
1.16331
1.23499
3.70308
24.5012
0.740404
0.746504
0.753205
0.762138
0.798242
0.846945
0.868849
0.87639
0.880695
0.883909
0.870637
0.83578
0.810528
0.801013
0.797899
0.795267
0.79579
0.799043
0.803133
0.811379
0.85064
0.9122
0.944935
0.955671
0.959825
0.963637
0.960774
0.930975
0.894253
0.873889
0.865805
0.8617
0.854934
0.847496
0.847257
0.853085
0.884519
0.95654
1.01842
1.04435
1.05322
1.05865
1.05794
1.03121
0.973758
0.929405
0.912775
0.912048
0.922221
0.941684
0.957511
0.98016
1.02814
1.06151
1.07103
1.07361
1.07829
1.08453
1.09167
1.08235
1.05566
1.02771
1.00203
0.980847
0.970564
0.972618
0.98916
1.04807
1.1256
1.17276
1.18855
1.19412
1.19605
1.18404
1.13834
1.07383
1.03731
1.02827
1.03289
1.05301
1.07885
1.12867
1.17212
1.18716
1.18539
1.1796
1.18145
1.18336
1.17449
1.13655
1.08805
1.0565
1.04342
1.03694
1.06483
1.10827
1.19786
3.87079
24.6116
0.747391
0.753515
0.75776
0.760154
0.764818
0.793218
0.844115
0.87274
0.883849
0.889612
0.893156
0.885658
0.85028
0.816733
0.801175
0.797734
0.79916
0.80337
0.809643
0.81455
0.818518
0.842372
0.901303
0.942087
0.95802
0.964998
0.969462
0.970971
0.953387
0.917519
0.887783
0.867522
0.85396
0.848388
0.848829
0.852587
0.859959
0.890419
0.970955
1.03179
1.05023
1.05452
1.04505
1.03112
1.01362
0.98063
0.955239
0.947123
0.949394
0.953784
0.954808
0.949959
0.955303
0.992377
1.03914
1.07032
1.09283
1.11336
1.12444
1.12656
1.10921
1.06402
1.01147
0.978748
0.969169
0.970632
0.975934
0.995355
1.0709
1.15062
1.17855
1.18408
1.17665
1.16438
1.15533
1.13056
1.09085
1.06644
1.05971
1.0588
1.05704
1.06238
1.0993
1.14281
1.16241
1.16997
1.18247
1.19744
1.20241
1.18758
1.14552
1.08898
1.04135
1.01685
1.01322
1.03959
1.15716
3.98505
24.6506
0.758518
0.761228
0.762279
0.760628
0.761466
0.764811
0.786466
0.838683
0.874074
0.886347
0.890723
0.892139
0.889275
0.865314
0.833613
0.817617
0.814148
0.815139
0.816511
0.81557
0.813275
0.815381
0.831546
0.886668
0.938084
0.960386
0.97151
0.980385
0.984713
0.974537
0.936202
0.892379
0.865776
0.856712
0.85766
0.863849
0.874677
0.88467
0.903574
0.960226
1.01015
1.02719
1.03128
1.03643
1.04124
1.0383
1.0175
0.990528
0.970313
0.954275
0.937946
0.926556
0.926198
0.934911
0.976119
1.04508
1.09837
1.12161
1.12986
1.13441
1.13244
1.10786
1.05114
1.00251
0.983838
0.983727
0.992541
1.0084
1.02807
1.0746
1.12622
1.14948
1.15611
1.16004
1.16516
1.17069
1.16205
1.12664
1.08702
1.05733
1.04176
1.03469
1.03668
1.07424
1.13467
1.17311
1.19324
1.20592
1.2099
1.20517
1.18527
1.13992
1.07648
1.02511
1.00015
0.988104
1.1014
4.01922
24.6638
0.778654
0.767484
0.763556
0.761024
0.759377
0.759299
0.76224
0.778216
0.827969
0.869013
0.885711
0.89662
0.90622
0.909304
0.89516
0.862239
0.836347
0.823442
0.815485
0.808665
0.808005
0.811274
0.815634
0.828162
0.881512
0.946218
0.97485
0.983433
0.987577
0.988965
0.980572
0.944639
0.903982
0.882431
0.876459
0.877965
0.881943
0.884713
0.885333
0.892597
0.934055
0.994715
1.03173
1.04795
1.05956
1.0684
1.0687
1.04551
1.00367
0.962924
0.936485
0.926677
0.926514
0.93086
0.940986
0.986691
1.06883
1.11349
1.12501
1.1246
1.1128
1.10389
1.09258
1.06165
1.03009
1.01534
1.01241
1.01271
1.01001
1.01287
1.0411
1.09702
1.14001
1.16383
1.18085
1.19475
1.20086
1.18935
1.13982
1.07918
1.03743
1.02093
1.01832
1.02439
1.07357
1.15039
1.19064
1.20208
1.20458
1.20022
1.18779
1.168
1.12511
1.06627
1.02179
0.987866
1.04994
3.9385
24.6767
0.808781
0.771219
0.760639
0.756179
0.753715
0.754359
0.756773
0.760081
0.772589
0.820424
0.875238
0.903101
0.91529
0.923114
0.927696
0.919486
0.882485
0.842308
0.820493
0.813321
0.812702
0.815262
0.819801
0.825699
0.835904
0.87912
0.940338
0.969094
0.978385
0.982732
0.985364
0.984356
0.965635
0.933001
0.907607
0.893238
0.885529
0.881616
0.878221
0.878084
0.883961
0.920363
0.992245
1.04309
1.06397
1.07255
1.07771
1.07865
1.05525
1.00206
0.958237
0.940162
0.938682
0.945031
0.956025
0.968511
1.00019
1.05711
1.0904
1.09965
1.10312
1.10805
1.11342
1.11414
1.09577
1.06279
1.03361
1.01138
0.99705
0.989922
0.991928
1.01671
1.08517
1.15234
1.18783
1.20135
1.20713
1.20741
1.19002
1.12506
1.05619
1.02512
1.01942
1.02498
1.04083
1.09422
1.16032
1.18511
1.18651
1.18013
1.17131
1.16586
1.15611
1.12368
1.07682
1.0227
1.01611
3.77756
24.6715
0.851213
0.796835
0.765973
0.757163
0.755099
0.755981
0.758367
0.761428
0.766464
0.777657
0.823059
0.885982
0.915956
0.925825
0.930485
0.93073
0.923649
0.894041
0.854517
0.832032
0.824924
0.82438
0.826425
0.829783
0.833217
0.837727
0.865109
0.922931
0.962429
0.978924
0.987642
0.996475
1.00107
0.993025
0.963885
0.928819
0.901744
0.8851
0.878205
0.87854
0.882263
0.888002
0.915652
0.989326
1.04597
1.06471
1.07011
1.07031
1.0683
1.05555
1.01596
0.978296
0.961661
0.959114
0.961786
0.962917
0.964587
0.981146
1.02959
1.07603
1.10232
1.11584
1.12782
1.13699
1.13939
1.12194
1.07799
1.02863
0.996012
0.984331
0.983661
0.986758
1.01471
1.10536
1.17495
1.19645
1.20172
1.19744
1.18528
1.16212
1.11217
1.06617
1.04635
1.04266
1.04265
1.04571
1.08531
1.13604
1.15541
1.15967
1.16543
1.16894
1.16894
1.16179
1.13434
1.0696
1.00905
3.61074
24.6834
0.862256
0.840395
0.798136
0.771272
0.761027
0.760269
0.763136
0.768761
0.774786
0.780237
0.788655
0.824297
0.882464
0.9135
0.923233
0.927026
0.931082
0.932274
0.912618
0.871861
0.842196
0.830019
0.82736
0.827908
0.829053
0.831899
0.836818
0.855819
0.91057
0.96417
0.990877
1.0011
1.00718
1.01238
1.01142
0.985088
0.939347
0.903822
0.887203
0.883709
0.885051
0.887284
0.891533
0.911695
0.980922
1.03993
1.06029
1.06704
1.07418
1.0783
1.07105
1.03655
0.997169
0.973584
0.962338
0.957516
0.953671
0.953899
0.964711
1.01017
1.07234
1.11303
1.13325
1.14346
1.1493
1.15096
1.13217
1.07379
1.01745
0.991941
0.986983
0.991567
1.00928
1.04274
1.111
1.16246
1.17821
1.17938
1.17739
1.17487
1.16545
1.13622
1.09392
1.06064
1.04195
1.03383
1.03127
1.05809
1.10887
1.14199
1.16218
1.17627
1.17931
1.17614
1.16577
1.11395
1.05267
3.46202
24.7339
0.858201
0.862315
0.851496
0.815317
0.784426
0.772738
0.77205
0.774871
0.778038
0.781723
0.786327
0.792657
0.816975
0.870985
0.911584
0.927568
0.932859
0.934781
0.934799
0.923313
0.887716
0.854978
0.840077
0.835636
0.836024
0.83986
0.843578
0.845617
0.85333
0.89535
0.959427
0.994096
1.00646
1.01181
1.01373
1.01325
0.996216
0.953554
0.912673
0.890431
0.884107
0.886071
0.890158
0.896167
0.914162
0.976017
1.03932
1.06618
1.07427
1.07735
1.07984
1.07952
1.05832
1.01854
0.985172
0.964071
0.952737
0.949403
0.951978
0.960513
1.0038
1.08146
1.12852
1.14291
1.14823
1.14808
1.13967
1.11882
1.0719
1.02796
1.0101
1.00961
1.0138
1.01634
1.03239
1.0897
1.14154
1.16331
1.17128
1.17898
1.18992
1.18917
1.16005
1.10591
1.05701
1.02657
1.01388
1.01164
1.03676
1.1018
1.15377
1.174
1.17805
1.17522
1.17058
1.13569
1.10846
3.38536
24.8214
0.851789
0.863521
0.866861
0.862848
0.83446
0.801095
0.783672
0.778887
0.780475
0.784753
0.790219
0.795239
0.799174
0.809847
0.850445
0.895551
0.916057
0.922633
0.925838
0.929019
0.93079
0.916059
0.88673
0.865935
0.856726
0.851652
0.84632
0.843024
0.843521
0.848507
0.883144
0.952544
0.993392
1.0055
1.01091
1.01621
1.01798
1.00575
0.963633
0.920836
0.900374
0.896687
0.900433
0.908221
0.91338
0.919405
0.958166
1.02023
1.05388
1.06848
1.08124
1.09208
1.09762
1.08459
1.03892
0.989777
0.96148
0.952554
0.953206
0.957069
0.964804
1.01046
1.08712
1.12676
1.13754
1.13973
1.13857
1.13556
1.12264
1.08974
1.05504
1.0324
1.01838
1.01163
1.00995
1.01596
1.0617
1.12344
1.16175
1.18508
1.19939
1.20503
1.20206
1.16971
1.10016
1.03811
1.0108
1.00463
1.00563
1.03699
1.1142
1.15912
1.16964
1.16783
1.16322
1.13826
1.15482
3.37989
24.9457
0.825252
0.858637
0.865241
0.870954
0.872443
0.857981
0.828369
0.807849
0.799927
0.798667
0.799328
0.799625
0.796498
0.791152
0.793428
0.821119
0.873018
0.907135
0.924087
0.940091
0.954276
0.960034
0.951705
0.918593
0.880476
0.853371
0.840578
0.837675
0.83933
0.843447
0.851989
0.883564
0.950888
0.995945
1.01025
1.01327
1.00911
1.0082
1.00747
0.987142
0.953887
0.931845
0.92282
0.918156
0.909878
0.903635
0.906512
0.935559
1.00467
1.06037
1.08764
1.10126
1.10938
1.11214
1.09692
1.0433
0.98838
0.962663
0.957451
0.96042
0.967355
0.977815
1.01422
1.07695
1.11423
1.12734
1.13048
1.13207
1.13791
1.14204
1.12339
1.08112
1.04039
1.01253
0.995467
0.990086
0.996024
1.04577
1.12894
1.18122
1.19939
1.20439
1.20331
1.19358
1.15599
1.08735
1.03499
1.01527
1.0121
1.01481
1.05227
1.11524
1.14559
1.14985
1.14734
1.1318
1.18608
3.44308
25.0795
0.774066
0.839703
0.863384
0.874989
0.88688
0.893622
0.889499
0.864523
0.834033
0.81473
0.805278
0.796902
0.784955
0.77689
0.77625
0.779937
0.800631
0.859417
0.918918
0.951201
0.966098
0.973947
0.978208
0.971561
0.933003
0.880491
0.851216
0.843435
0.844881
0.85252
0.860994
0.865499
0.879781
0.930467
0.977098
0.994508
1.00191
1.01407
1.02672
1.03326
1.0227
0.986255
0.946801
0.91738
0.900784
0.894668
0.895847
0.900777
0.92751
1.01092
1.08026
1.10324
1.10959
1.11109
1.10619
1.08831
1.04383
1.00049
0.980467
0.976155
0.978861
0.982365
0.983879
0.997029
1.04596
1.09111
1.11452
1.13373
1.15369
1.16377
1.16579
1.14235
1.08157
1.02173
0.992931
0.987415
0.989218
0.998888
1.05969
1.14991
1.18803
1.19416
1.18932
1.17887
1.16907
1.14674
1.09448
1.04753
1.02485
1.01823
1.0168
1.04083
1.09052
1.12117
1.13318
1.12423
1.19682
3.56035
25.2064
0.734496
0.780977
0.842865
0.879284
0.897198
0.907899
0.913812
0.913452
0.891008
0.850866
0.816733
0.794315
0.78126
0.77576
0.776631
0.779767
0.786035
0.805741
0.870465
0.939723
0.966746
0.974923
0.97581
0.9681
0.959587
0.937728
0.899109
0.872992
0.865041
0.865513
0.865092
0.859625
0.858384
0.86677
0.909013
0.968
1.00603
1.0263
1.04122
1.04968
1.05358
1.04337
0.995932
0.938343
0.905515
0.896985
0.898589
0.905575
0.919645
0.947378
1.01647
1.07193
1.08949
1.09175
1.08896
1.09125
1.09308
1.07356
1.03551
1.00839
0.993899
0.979731
0.965715
0.96414
0.975695
1.02796
1.09798
1.14253
1.16056
1.16802
1.17057
1.1658
1.1342
1.06528
1.01468
0.998384
0.998863
1.00575
1.01782
1.07141
1.13893
1.16575
1.17036
1.17211
1.17378
1.17163
1.15786
1.11317
1.05937
1.02408
1.0087
1.00323
1.01839
1.06893
1.11208
1.12087
1.20555
3.68485
25.3287
0.733553
0.748151
0.787516
0.853757
0.895523
0.910039
0.915978
0.918337
0.916563
0.899951
0.855198
0.810131
0.786812
0.780337
0.781637
0.787802
0.800835
0.815464
0.833122
0.877234
0.930364
0.954079
0.960177
0.962842
0.9677
0.971943
0.962207
0.926623
0.890732
0.869137
0.858654
0.853966
0.85259
0.855188
0.861698
0.898625
0.97433
1.02595
1.04476
1.05134
1.05443
1.04974
1.03341
0.989611
0.942919
0.922132
0.919929
0.925467
0.931262
0.934899
0.941597
0.982657
1.03879
1.06891
1.08449
1.1036
1.11763
1.1224
1.10528
1.05787
1.00823
0.974914
0.961563
0.959596
0.961949
0.973411
1.03933
1.12279
1.15504
1.16283
1.16052
1.14993
1.13775
1.11409
1.06987
1.03509
1.02024
1.01587
1.016
1.0179
1.05026
1.11176
1.14872
1.16393
1.17196
1.17896
1.18151
1.17257
1.12719
1.05875
1.0117
0.992378
0.984409
1.00121
1.06653
1.10277
1.20198
3.80605
25.434
0.748342
0.761713
0.7734
0.796983
0.849617
0.889542
0.904078
0.90839
0.908365
0.905436
0.893611
0.856354
0.818875
0.801852
0.799693
0.804715
0.812705
0.819123
0.823746
0.829917
0.855222
0.905435
0.945555
0.96563
0.973687
0.978907
0.982989
0.979721
0.947024
0.899881
0.869572
0.857409
0.855277
0.858441
0.865593
0.877387
0.911291
0.98055
1.0241
1.03651
1.03607
1.02906
1.02732
1.02861
1.0139
0.980788
0.955368
0.943138
0.934923
0.922217
0.914791
0.919162
0.952506
1.02353
1.08288
1.11243
1.12605
1.13289
1.13597
1.11839
1.05716
0.995418
0.967527
0.962005
0.96524
0.978664
1.00285
1.0567
1.11324
1.13469
1.13766
1.13756
1.13794
1.13793
1.13209
1.10324
1.0629
1.03225
1.01259
1.0016
0.999495
1.02297
1.08654
1.14011
1.17001
1.18581
1.18851
1.18647
1.17418
1.11775
1.04197
0.995655
0.979497
0.976384
1.00909
1.06028
1.1742
3.9045
25.5222
0.761418
0.769518
0.77309
0.77652
0.789295
0.830324
0.874091
0.893654
0.899567
0.900182
0.898542
0.894943
0.874674
0.84685
0.830352
0.824539
0.823734
0.824317
0.823222
0.819492
0.820573
0.834249
0.883188
0.93882
0.965899
0.975299
0.979754
0.982104
0.981589
0.960177
0.916172
0.884802
0.874513
0.875494
0.881287
0.887366
0.89155
0.903716
0.948547
0.992763
1.0129
1.02159
1.03446
1.04931
1.05697
1.04834
1.01205
0.970109
0.937188
0.916517
0.909637
0.911078
0.91558
0.944561
1.03237
1.10195
1.12551
1.13226
1.13375
1.12737
1.1043
1.04959
1.00272
0.985052
0.984746
0.989847
0.992898
0.998012
1.03187
1.08477
1.11546
1.12886
1.13881
1.15363
1.16176
1.15632
1.1218
1.06569
1.01706
0.991888
0.985367
0.985585
1.01075
1.09653
1.16516
1.18362
1.18567
1.18363
1.17528
1.15229
1.09924
1.03642
0.995809
0.978917
0.980908
1.00287
1.12743
3.95375
25.5686
0.775843
0.775109
0.775308
0.776203
0.776126
0.777517
0.797732
0.841202
0.873816
0.888754
0.895582
0.902157
0.909137
0.908197
0.890348
0.866476
0.848332
0.835715
0.824026
0.814457
0.812194
0.814187
0.822191
0.862381
0.926289
0.962522
0.975234
0.983869
0.991689
0.995307
0.982297
0.942165
0.906932
0.892103
0.889322
0.887956
0.87987
0.87565
0.881182
0.916231
0.974699
1.01887
1.04479
1.06266
1.07269
1.07701
1.06919
1.02504
0.964198
0.92558
0.913156
0.913643
0.919656
0.93379
0.965546
1.03961
1.09623
1.11443
1.11778
1.11785
1.11831
1.11056
1.07319
1.03136
1.00729
0.993849
0.983212
0.976793
0.979094
1.0074
1.06586
1.11359
1.14612
1.16559
1.17151
1.17192
1.16396
1.11694
1.04471
0.999303
0.986099
0.986114
0.992458
1.02806
1.10999
1.15981
1.16971
1.16722
1.15813
1.14944
1.13772
1.10233
1.0499
1.00782
0.983698
0.961853
1.06082
3.96977
25.5697
0.802136
0.783894
0.77949
0.774043
0.763778
0.757227
0.7586
0.773043
0.817748
0.865348
0.894581
0.914202
0.93289
0.942337
0.94322
0.926161
0.889239
0.850501
0.825028
0.814502
0.810919
0.810349
0.812402
0.817683
0.84714
0.916353
0.968163
0.98828
0.996636
1.0037
1.00965
1.00515
0.970071
0.927119
0.900583
0.885779
0.875257
0.866684
0.865755
0.870804
0.900328
0.975531
1.03932
1.06501
1.07354
1.07811
1.078
1.06558
1.0212
0.967543
0.939276
0.932656
0.935498
0.940089
0.944096
0.959293
1.01729
1.07685
1.10431
1.11635
1.12822
1.13513
1.133
1.09978
1.04905
1.00914
0.983505
0.972397
0.970659
0.973707
0.99813
1.07197
1.13687
1.16031
1.16598
1.16617
1.15913
1.14346
1.09973
1.04433
1.01307
1.00363
1.00275
1.00365
1.02755
1.09254
1.13591
1.1487
1.14953
1.14963
1.15021
1.14643
1.11727
1.06534
1.01391
0.959512
0.981054
3.94716
25.5266
0.854343
0.803099
0.776776
0.760562
0.750616
0.748895
0.751264
0.755664
0.766122
0.805687
0.870008
0.917252
0.939139
0.948744
0.954077
0.956747
0.945266
0.900885
0.851452
0.823063
0.81163
0.80965
0.812294
0.816703
0.824238
0.847866
0.912658
0.969815
0.994204
1.0057
1.01312
1.01864
1.01961
0.994819
0.944149
0.9006
0.875084
0.864936
0.865406
0.86923
0.878721
0.912074
0.990285
1.04652
1.06459
1.06872
1.06753
1.06643
1.06409
1.03794
0.992748
0.961692
0.947751
0.940752
0.937742
0.938725
0.947185
0.996018
1.06679
1.10948
1.12736
1.13494
1.13889
1.13967
1.11469
1.05759
1.0068
0.981037
0.975081
0.977414
0.984132
1.01122
1.08341
1.13459
1.14867
1.15024
1.1467
1.14205
1.13619
1.11247
1.06836
1.03114
1.00973
1.00066
0.997751
1.00747
1.06005
1.11478
1.1422
1.15346
1.15904
1.16076
1.15457
1.12249
1.06301
0.983558
0.963891
3.81794
25.5162
0.903117
0.84489
0.785713
0.762089
0.753705
0.752406
0.754504
0.75964
0.768477
0.77952
0.811588
0.881659
0.931452
0.949238
0.955447
0.95685
0.951827
0.941093
0.903591
0.85292
0.824683
0.81697
0.818568
0.825267
0.833895
0.840546
0.852857
0.900904
0.965088
1.00033
1.01428
1.02148
1.02647
1.02763
1.00334
0.940782
0.892727
0.875946
0.875292
0.882741
0.893806
0.902496
0.919426
0.975501
1.0301
1.05402
1.06315
1.07067
1.07771
1.07991
1.06163
1.01583
0.975556
0.951464
0.939975
0.937791
0.939831
0.944404
0.978295
1.05362
1.10677
1.12708
1.13623
1.14195
1.14478
1.12559
1.06657
1.0136
0.991028
0.986703
0.987907
0.990828
1.01163
1.07254
1.11812
1.13398
1.13775
1.14074
1.148
1.15084
1.13556
1.08837
1.03646
1.00145
0.984651
0.978487
0.984615
1.04225
1.11582
1.15015
1.15851
1.16033
1.15717
1.14089
1.10153
1.02402
0.986741
3.67268
25.5734
0.896836
0.8587
0.820738
0.787442
0.770623
0.766462
0.768253
0.773562
0.781369
0.790031
0.799701
0.822186
0.881814
0.927152
0.941832
0.943159
0.939389
0.933264
0.927422
0.909543
0.874506
0.848446
0.838699
0.837787
0.839004
0.840018
0.843271
0.852071
0.893493
0.964803
1.0059
1.01869
1.02096
1.01401
1.00809
0.994396
0.953179
0.916273
0.901178
0.898662
0.900234
0.900492
0.901536
0.909984
0.95376
1.01839
1.0569
1.07193
1.07806
1.08217
1.08508
1.07666
1.03704
0.989684
0.959265
0.94481
0.937316
0.934788
0.938558
0.967147
1.04949
1.11488
1.13749
1.14452
1.14922
1.14976
1.12874
1.06985
1.0191
0.995715
0.988705
0.988496
0.990887
1.00182
1.04886
1.09964
1.12772
1.14472
1.15712
1.16282
1.16332
1.14815
1.09088
1.0215
0.982828
0.971733
0.969631
0.98081
1.05201
1.12715
1.15128
1.15386
1.15068
1.13823
1.11669
1.06006
1.04825
3.55446
25.6812
0.871982
0.867417
0.859807
0.838511
0.811203
0.793373
0.78677
0.787325
0.792018
0.799175
0.807524
0.814185
0.822964
0.856913
0.898126
0.920063
0.928608
0.932234
0.936687
0.941512
0.936493
0.90822
0.874702
0.853509
0.845015
0.845626
0.851725
0.857017
0.860797
0.881311
0.939863
0.984272
0.999972
1.00583
1.01286
1.01882
1.01476
0.981472
0.940581
0.915708
0.904648
0.901507
0.901898
0.903902
0.908674
0.937973
1.00466
1.05264
1.07125
1.07974
1.0861
1.09076
1.08893
1.05553
0.997821
0.95404
0.936702
0.935102
0.937987
0.944601
0.973253
1.05546
1.11922
1.13933
1.14404
1.14229
1.13831
1.12565
1.08265
1.03706
1.00939
0.994192
0.984589
0.981338
0.986943
1.03032
1.09822
1.14108
1.15769
1.1634
1.16498
1.16301
1.14156
1.0732
1.00722
0.978922
0.971864
0.974824
0.997795
1.06495
1.12111
1.13612
1.13393
1.12794
1.12093
1.08843
1.10086
3.50756
25.8068
0.842519
0.864876
0.873
0.877119
0.870215
0.847269
0.825161
0.814454
0.811965
0.814065
0.817595
0.814826
0.802337
0.797705
0.81495
0.863188
0.906392
0.929184
0.94123
0.951423
0.959568
0.961838
0.942712
0.903683
0.874379
0.863482
0.860522
0.855089
0.848401
0.847736
0.860012
0.911612
0.973214
1.00605
1.01855
1.02675
1.03402
1.03451
1.00858
0.964821
0.932826
0.916437
0.908771
0.903037
0.900452
0.903458
0.923891
0.989307
1.05055
1.07731
1.08664
1.09154
1.09527
1.09325
1.06066
1.00065
0.961369
0.950348
0.95189
0.958195
0.963406
0.978568
1.04008
1.09914
1.12125
1.12923
1.13746
1.14435
1.1423
1.10748
1.05332
1.00984
0.985794
0.97856
0.978223
0.982569
1.02935
1.1111
1.15078
1.15941
1.16094
1.15654
1.14593
1.12065
1.06575
1.01634
0.994343
0.988672
0.987177
0.997261
1.05279
1.09925
1.11418
1.11613
1.11429
1.09659
1.14887
3.53427
25.9274
0.788153
0.851154
0.873436
0.888499
0.900162
0.906009
0.896054
0.870323
0.847667
0.833697
0.821157
0.799425
0.779968
0.773101
0.775164
0.790187
0.844283
0.906868
0.941134
0.959075
0.973655
0.981938
0.985279
0.971998
0.930279
0.88716
0.860079
0.846952
0.840157
0.838736
0.841125
0.849976
0.894842
0.966474
1.00975
1.02794
1.03783
1.0449
1.04915
1.03588
0.992017
0.946374
0.916895
0.902956
0.89874
0.898741
0.90145
0.915048
0.978116
1.05076
1.08074
1.08848
1.08935
1.08858
1.08948
1.0727
1.02634
0.988331
0.971887
0.965016
0.957022
0.953077
0.96159
1.01461
1.08619
1.1267
1.14532
1.15593
1.16102
1.15801
1.12235
1.05436
1.00136
0.980232
0.976507
0.977679
0.987324
1.04595
1.1179
1.14539
1.15005
1.14914
1.14419
1.13745
1.1202
1.07903
1.03213
0.999563
0.984244
0.979542
0.985907
1.03172
1.07961
1.10261
1.11108
1.10056
1.17856
3.61774
26.0395
0.723294
0.79163
0.856275
0.894704
0.924455
0.944167
0.951371
0.943394
0.907417
0.857457
0.813962
0.785791
0.771687
0.769265
0.771549
0.776834
0.79092
0.841471
0.915009
0.960092
0.978793
0.987222
0.993004
0.995663
0.986814
0.943782
0.88636
0.852789
0.841156
0.839766
0.842807
0.848942
0.856036
0.88424
0.953206
1.00989
1.03644
1.05189
1.06174
1.06595
1.05663
1.01179
0.953851
0.915948
0.900507
0.897501
0.900172
0.904879
0.917967
0.973741
1.0431
1.07257
1.08033
1.08934
1.10008
1.10526
1.09507
1.05043
0.999977
0.96563
0.948307
0.942419
0.942757
0.950447
1.0042
1.09395
1.14365
1.15702
1.16099
1.16122
1.15147
1.11005
1.04119
0.99689
0.983025
0.983118
0.989418
0.999397
1.04923
1.11049
1.13626
1.14176
1.14009
1.13883
1.13799
1.13103
1.09348
1.03857
0.99769
0.975156
0.964586
0.966873
1.01398
1.07412
1.10563
1.10328
1.19231
3.71894
26.1341
0.706554
0.726201
0.797909
0.887592
0.940041
0.960499
0.968719
0.971096
0.957935
0.910656
0.835904
0.790158
0.774896
0.772794
0.775913
0.784629
0.794799
0.806117
0.846352
0.925033
0.973305
0.989197
0.994885
0.995923
0.98721
0.970728
0.93709
0.892734
0.866006
0.856098
0.853577
0.852262
0.851945
0.855065
0.872924
0.945983
1.02348
1.05462
1.06325
1.06746
1.0682
1.0586
1.01495
0.953152
0.916145
0.904429
0.904576
0.90932
0.914241
0.9212
0.961342
1.03329
1.07849
1.09588
1.10471
1.11057
1.11441
1.10609
1.05603
0.992562
0.954867
0.943231
0.943455
0.947766
0.959681
1.01834
1.10579
1.14325
1.15043
1.1474
1.13739
1.12893
1.10369
1.05512
1.01884
1.00304
0.997745
0.997291
1.00013
1.03355
1.08845
1.11884
1.13034
1.13777
1.14415
1.1454
1.13809
1.10047
1.03578
0.983982
0.961164
0.953511
0.958257
1.01308
1.07568
1.09007
1.19202
3.82911
26.2249
0.710515
0.726453
0.757839
0.834526
0.928772
0.961717
0.970165
0.966867
0.939926
0.900524
0.8651
0.826065
0.799343
0.789998
0.790085
0.794216
0.800425
0.811021
0.828629
0.864474
0.927954
0.967618
0.978588
0.975272
0.965772
0.963082
0.965868
0.958134
0.924871
0.887856
0.863311
0.852135
0.85183
0.855937
0.864516
0.884392
0.949464
1.02163
1.04913
1.05534
1.05349
1.04826
1.04534
1.02321
0.972843
0.934926
0.919641
0.91526
0.914592
0.916725
0.922528
0.956122
1.03171
1.08357
1.10162
1.10771
1.10924
1.10797
1.0985
1.05162
0.993725
0.964704
0.958358
0.960852
0.96608
0.975582
1.01974
1.08716
1.12048
1.12817
1.13063
1.13473
1.13753
1.12483
1.07999
1.03428
1.00787
0.993339
0.985088
0.984899
1.01338
1.076
1.11971
1.13888
1.14699
1.14812
1.14536
1.13677
1.09389
1.02359
0.975207
0.956283
0.950371
0.964029
1.02138
1.05431
1.16902
3.93677
26.3166
0.725349
0.749223
0.788415
0.825526
0.87189
0.916109
0.93038
0.920741
0.90627
0.899461
0.89339
0.876328
0.844744
0.817291
0.805498
0.805436
0.814613
0.835391
0.850517
0.855615
0.86195
0.886884
0.921588
0.943963
0.956562
0.970634
0.983373
0.988669
0.984246
0.950148
0.902393
0.873462
0.865655
0.868043
0.87277
0.876508
0.883647
0.927065
0.995199
1.02992
1.04007
1.04676
1.05408
1.05756
1.04278
0.994993
0.950606
0.927843
0.920997
0.9229
0.92719
0.930669
0.952531
1.02204
1.0758
1.09341
1.09893
1.10256
1.10313
1.096
1.0627
1.01408
0.984326
0.973266
0.970127
0.969531
0.971238
1.00073
1.06655
1.1127
1.13361
1.14402
1.15242
1.15528
1.14278
1.09204
1.03193
0.994872
0.981666
0.978829
0.979374
1.00779
1.08168
1.13079
1.14396
1.1454
1.14337
1.13619
1.12186
1.07831
1.01995
0.980453
0.962394
0.955413
0.968176
0.998248
1.12348
4.03518
26.3818
0.754801
0.790851
0.815703
0.824963
0.827993
0.831209
0.83826
0.854296
0.876963
0.892391
0.896526
0.89785
0.89169
0.875471
0.858341
0.851412
0.853927
0.858916
0.860772
0.849697
0.830889
0.825791
0.842457
0.892012
0.944541
0.97486
0.987466
0.993195
0.996725
0.9975
0.9765
0.9329
0.900562
0.886055
0.880111
0.875216
0.868717
0.869641
0.89798
0.971892
1.02823
1.04861
1.05514
1.05974
1.06451
1.06039
1.021
0.970671
0.942385
0.93173
0.9267
0.925072
0.927771
0.945713
1.01115
1.07091
1.09391
1.10028
1.10357
1.1066
1.10545
1.08354
1.03806
1.00039
0.978093
0.966685
0.963764
0.96553
0.985863
1.05215
1.11368
1.1421
1.15121
1.15416
1.15491
1.14469
1.09105
1.02503
0.990207
0.979117
0.977154
0.980673
1.01485
1.08761
1.12724
1.134
1.13102
1.12572
1.12263
1.11316
1.07837
1.03154
0.990024
0.961551
0.947493
0.934871
1.06703
4.11206
26.3986
0.811022
0.827481
0.833028
0.830547
0.803351
0.77124
0.764224
0.7783
0.820324
0.867454
0.890805
0.904589
0.921876
0.933978
0.936269
0.922336
0.898879
0.876316
0.854542
0.830491
0.808905
0.801525
0.803738
0.819274
0.879194
0.948717
0.978695
0.989805
0.999813
1.01164
1.0201
1.0112
0.967234
0.92003
0.889741
0.868518
0.856641
0.855815
0.859804
0.885264
0.96209
1.02621
1.05048
1.06374
1.07542
1.08086
1.0775
1.03992
0.981737
0.94259
0.927479
0.925529
0.927635
0.93128
0.944116
0.999057
1.06089
1.0891
1.09935
1.10429
1.10966
1.1143
1.1011
1.05387
1.00499
0.975708
0.962578
0.957346
0.957878
0.975861
1.04989
1.11896
1.14326
1.14894
1.15104
1.15143
1.13829
1.08512
1.02371
0.991903
0.98252
0.981233
0.981458
1.01162
1.07783
1.11228
1.1197
1.12247
1.12508
1.12486
1.11664
1.085
1.03535
0.987391
0.94952
0.911968
0.997267
4.14274
26.3679
0.870853
0.857685
0.844
0.814791
0.769436
0.73852
0.730427
0.732875
0.748355
0.800462
0.865387
0.909753
0.945233
0.978781
0.994664
0.994336
0.968805
0.916895
0.86018
0.818158
0.798611
0.795064
0.79739
0.802268
0.81704
0.874142
0.947035
0.988721
1.01286
1.03139
1.04046
1.04399
1.03
0.973958
0.908822
0.871798
0.859664
0.858492
0.86185
0.868339
0.888596
0.957619
1.03266
1.06656
1.07681
1.08198
1.08454
1.08162
1.05015
0.991445
0.949487
0.933826
0.930331
0.929803
0.931462
0.93962
0.984989
1.04924
1.08451
1.101
1.11485
1.12207
1.12481
1.11291
1.06156
1.00114
0.966503
0.956545
0.956659
0.959539
0.979242
1.05397
1.12089
1.14259
1.14691
1.148
1.14741
1.13628
1.08877
1.02924
0.994174
0.980692
0.977614
0.978275
1.00372
1.06697
1.10876
1.12343
1.12784
1.12956
1.12735
1.11724
1.08145
1.02713
0.973926
0.916958
0.956029
4.07184
26.3397
0.939644
0.914329
0.86175
0.804457
0.753784
0.727594
0.721801
0.72312
0.727924
0.741003
0.788917
0.87924
0.958312
1.00445
1.02187
1.02771
1.02058
0.97719
0.888207
0.824151
0.801778
0.797789
0.799953
0.805455
0.812159
0.822577
0.870155
0.96128
1.018
1.03622
1.04276
1.04351
1.03436
1.0131
0.963774
0.908782
0.880643
0.871946
0.871739
0.874818
0.879598
0.892525
0.956203
1.03523
1.06893
1.07872
1.08251
1.08329
1.07985
1.05399
0.998611
0.955171
0.935698
0.929916
0.929614
0.931715
0.937076
0.973302
1.04704
1.09741
1.11547
1.12176
1.12531
1.12799
1.11856
1.06249
0.997209
0.967078
0.960372
0.96088
0.962383
0.980703
1.05547
1.1198
1.14045
1.14519
1.14649
1.14466
1.13446
1.09432
1.03698
0.998015
0.981406
0.975865
0.974906
0.996844
1.06166
1.1086
1.12432
1.12672
1.12493
1.12161
1.10417
1.06257
1.00815
0.943398
0.960311
3.92964
26.3589
0.9784
0.981239
0.915314
0.818166
0.752843
0.728496
0.723633
0.725276
0.731103
0.74063
0.754698
0.811634
0.941788
1.00787
1.02359
1.02701
1.01012
0.965815
0.915753
0.86392
0.827713
0.813219
0.810235
0.811141
0.813247
0.820261
0.842637
0.901788
0.984596
1.02259
1.0316
1.02378
1.00855
1.00133
0.99765
0.974418
0.929266
0.895794
0.882161
0.880379
0.883994
0.892216
0.906917
0.958792
1.02994
1.06344
1.0727
1.07202
1.06831
1.06867
1.05963
1.01898
0.973192
0.946594
0.935324
0.931941
0.933177
0.937871
0.973846
1.0544
1.10463
1.11949
1.12533
1.12891
1.12985
1.11494
1.0553
0.995887
0.969069
0.96245
0.963416
0.967398
0.987571
1.05534
1.11408
1.13386
1.1382
1.13962
1.14109
1.13888
1.1066
1.04439
0.997945
0.977702
0.970765
0.96831
0.990743
1.06134
1.10694
1.11825
1.1184
1.11592
1.10654
1.08328
1.04345
0.978639
0.980005
3.77466
26.4212
0.979649
0.972147
0.897613
0.834337
0.781141
0.75101
0.741446
0.741543
0.745744
0.754331
0.776589
0.818257
0.882042
0.958144
0.991103
0.992924
0.974124
0.954132
0.940679
0.917118
0.876278
0.838155
0.820346
0.818034
0.8256
0.85074
0.877214
0.892117
0.911397
0.949566
0.978137
0.990072
0.996071
1.0035
1.01117
1.01417
0.995472
0.948639
0.913986
0.901617
0.901576
0.907017
0.912541
0.915386
0.93649
0.99385
1.03672
1.05423
1.06512
1.07569
1.08143
1.07762
1.03947
0.98338
0.948224
0.936673
0.93686
0.940891
0.946531
0.981194
1.06147
1.10939
1.12197
1.12383
1.12074
1.11753
1.10566
1.05834
1.00644
0.979809
0.972133
0.971593
0.97196
0.984053
1.04501
1.10417
1.12833
1.13937
1.14548
1.1456
1.14051
1.10715
1.03883
0.986808
0.968124
0.964662
0.965411
0.995239
1.0665
1.10577
1.11212
1.10897
1.10394
1.09251
1.06963
1.01579
1.02221
3.65227
26.5224
0.939907
0.927669
0.889981
0.861418
0.831253
0.798516
0.77489
0.765385
0.766184
0.780001
0.811193
0.832804
0.843289
0.865813
0.90341
0.928345
0.937979
0.941948
0.943719
0.942517
0.926816
0.893961
0.86708
0.859883
0.869295
0.883689
0.889685
0.888794
0.875293
0.86963
0.891097
0.941638
0.985158
1.00571
1.0128
1.01547
1.01897
1.01463
0.985599
0.952073
0.93292
0.922912
0.911681
0.896137
0.892008
0.906842
0.96742
1.0332
1.06626
1.07915
1.08668
1.09144
1.09004
1.05528
0.996956
0.9607
0.949302
0.948522
0.950336
0.952043
0.977881
1.05018
1.09421
1.10562
1.10961
1.11322
1.11715
1.11245
1.07134
1.01727
0.985502
0.972456
0.969471
0.970076
0.980099
1.04059
1.10915
1.13536
1.14038
1.1414
1.14007
1.13231
1.09412
1.02682
0.984459
0.970772
0.968041
0.972753
1.00703
1.06438
1.09143
1.09415
1.09019
1.0845
1.07831
1.05019
1.07499
3.58691
26.6316
0.866208
0.882845
0.882212
0.882931
0.880655
0.862816
0.832003
0.812716
0.81097
0.823251
0.838071
0.843238
0.841883
0.823649
0.811955
0.827993
0.874606
0.917573
0.936022
0.941011
0.947242
0.950416
0.944743
0.933733
0.9225
0.911226
0.895715
0.872497
0.84539
0.832861
0.83514
0.860168
0.926
0.980455
1.00155
1.01432
1.03313
1.05027
1.05427
1.02931
0.982157
0.938072
0.903866
0.883961
0.877159
0.878514
0.891159
0.955087
1.0364
1.07365
1.08615
1.09308
1.09937
1.10173
1.07372
1.01332
0.972178
0.954856
0.944702
0.941256
0.944153
0.969536
1.03892
1.08859
1.10749
1.11767
1.12368
1.12496
1.11889
1.0828
1.02726
0.98829
0.972227
0.968645
0.968951
0.981201
1.04659
1.11009
1.12937
1.13253
1.13229
1.12626
1.11374
1.08353
1.03388
0.998198
0.983396
0.978818
0.976053
0.996238
1.04217
1.06732
1.07551
1.07952
1.0795
1.06172
1.12641
3.59967
26.7413
0.774949
0.821008
0.868389
0.88745
0.892172
0.895841
0.895984
0.889462
0.879912
0.870287
0.860944
0.849968
0.827433
0.790211
0.768618
0.768217
0.786899
0.847829
0.909517
0.940297
0.958545
0.985499
1.00763
1.0107
0.992057
0.954667
0.907067
0.8608
0.830478
0.818896
0.81779
0.821193
0.840517
0.904727
0.975606
1.02308
1.05794
1.07812
1.08622
1.0854
1.05031
0.976075
0.913036
0.883504
0.876225
0.877408
0.8812
0.894841
0.960095
1.04389
1.08234
1.09833
1.10876
1.11409
1.11214
1.07888
1.01113
0.961713
0.943869
0.941356
0.943038
0.946496
0.9672
1.03512
1.09219
1.11339
1.11964
1.12332
1.12669
1.12548
1.09273
1.02906
0.985897
0.971646
0.970047
0.972499
0.987991
1.0515
1.1069
1.12309
1.12403
1.12172
1.11963
1.11528
1.09557
1.04976
1.00614
0.979989
0.968281
0.962834
0.975442
1.02301
1.0622
1.08181
1.0871
1.07139
1.15576
3.65001
26.8039
0.725971
0.741926
0.802163
0.861499
0.890282
0.913048
0.944309
0.960701
0.958152
0.93428
0.899536
0.860741
0.815036
0.776021
0.757039
0.753955
0.756417
0.770198
0.824183
0.900009
0.962504
1.0152
1.04765
1.05781
1.05538
1.01735
0.938
0.86685
0.830499
0.81742
0.815958
0.818401
0.823088
0.83661
0.904241
1.01127
1.06664
1.08369
1.09019
1.0886
1.07212
1.02741
0.954882
0.90472
0.886913
0.884264
0.886936
0.893038
0.906805
0.970056
1.05791
1.09835
1.10832
1.11186
1.1112
1.10095
1.06649
1.0062
0.964532
0.949671
0.946906
0.948181
0.951294
0.969788
1.03358
1.09024
1.11308
1.12406
1.12937
1.12897
1.1215
1.08809
1.03077
0.992908
0.979733
0.97761
0.979116
0.991088
1.04198
1.09037
1.10919
1.11608
1.12135
1.12521
1.12481
1.10837
1.05889
1.00479
0.970169
0.95454
0.948342
0.962428
1.02138
1.0694
1.08507
1.07381
1.16756
3.72355
26.87
0.715046
0.714371
0.727291
0.778908
0.856401
0.922092
0.970335
0.997883
1.00572
1.00111
0.965639
0.893216
0.8193
0.776716
0.758941
0.755638
0.758029
0.763425
0.773515
0.819473
0.933728
1.02307
1.05322
1.06184
1.06312
1.04288
0.980798
0.900298
0.849261
0.82631
0.819668
0.82031
0.823755
0.833343
0.864783
0.954774
1.04605
1.07552
1.08179
1.07042
1.04941
1.03315
1.00759
0.957482
0.915067
0.897754
0.894612
0.896951
0.90415
0.922999
0.990146
1.06681
1.09426
1.09877
1.09318
1.08671
1.08361
1.06609
1.01799
0.975155
0.956003
0.951084
0.951495
0.953651
0.970101
1.03963
1.10126
1.12027
1.12367
1.1205
1.11783
1.11551
1.09313
1.0412
1.00185
0.984615
0.977409
0.973516
0.978896
1.02228
1.07714
1.10647
1.12174
1.13089
1.13293
1.13091
1.11436
1.05857
0.993429
0.958695
0.9468
0.942012
0.964436
1.02614
1.06388
1.06136
1.16399
3.81562
26.9403
0.717476
0.717205
0.725306
0.732387
0.771954
0.88427
0.972839
1.00099
1.00877
1.00765
0.980878
0.920092
0.853059
0.803249
0.778027
0.769057
0.768511
0.771508
0.777548
0.792808
0.860698
0.984164
1.04055
1.05293
1.04534
1.01719
0.987752
0.948446
0.893335
0.852397
0.835473
0.833482
0.841095
0.864229
0.892267
0.92056
0.971535
1.02376
1.04331
1.04415
1.04145
1.03871
1.03398
1.01221
0.960526
0.921036
0.908148
0.909703
0.922151
0.937606
0.950241
0.986609
1.04104
1.06886
1.07754
1.08209
1.08846
1.09127
1.07766
1.02771
0.979136
0.957091
0.953096
0.956672
0.965617
0.984754
1.04264
1.09147
1.10688
1.11068
1.11414
1.11763
1.11777
1.10012
1.04947
1.00273
0.976853
0.967273
0.964901
0.968228
1.01366
1.08402
1.12043
1.13071
1.13237
1.13073
1.12587
1.10542
1.04458
0.984901
0.956093
0.945487
0.942775
0.972605
1.02225
1.0353
1.14982
3.91527
27.0202
0.728836
0.725615
0.730269
0.73851
0.761592
0.812236
0.91272
0.972663
0.986333
0.980281
0.960589
0.937824
0.903602
0.857235
0.81461
0.789318
0.780796
0.781658
0.792191
0.820315
0.854582
0.902561
0.967393
0.999407
1.0024
0.994803
0.985139
0.974723
0.950025
0.908945
0.877529
0.8679
0.874614
0.892099
0.903277
0.907715
0.912766
0.935532
0.981352
1.01742
1.03184
1.03453
1.02696
1.01886
1.00784
0.980668
0.957936
0.950909
0.951348
0.949815
0.939307
0.933769
0.953165
1.01287
1.06246
1.08319
1.08909
1.09182
1.09144
1.08154
1.04023
0.997017
0.977013
0.971808
0.970067
0.969339
0.977242
1.02484
1.07881
1.10279
1.11062
1.11456
1.11934
1.12105
1.1073
1.05388
0.999338
0.972127
0.963638
0.962854
0.969252
1.02173
1.09486
1.12378
1.12774
1.12508
1.11953
1.11272
1.09149
1.03784
0.986711
0.958178
0.945223
0.942597
0.966458
0.992967
1.12139
4.01881
27.0973
0.744396
0.735126
0.742869
0.765699
0.787258
0.799089
0.819333
0.874474
0.923363
0.941966
0.945166
0.944456
0.939383
0.917018
0.870626
0.829435
0.812878
0.814413
0.832062
0.852776
0.860063
0.862206
0.866472
0.895662
0.938888
0.967523
0.977287
0.980788
0.983122
0.97274
0.946727
0.927818
0.921801
0.92021
0.915812
0.904599
0.891063
0.884961
0.897799
0.947512
0.995613
1.01331
1.0177
1.02259
1.03298
1.04402
1.03682
1.00819
0.978108
0.950286
0.9248
0.911315
0.911018
0.931973
1.00214
1.06003
1.07897
1.08434
1.09009
1.09796
1.10083
1.07333
1.02347
0.988092
0.969092
0.958794
0.955408
0.962099
1.00832
1.06885
1.09911
1.11264
1.12062
1.12305
1.12365
1.10981
1.05496
0.999415
0.973937
0.96706
0.96543
0.971769
1.02743
1.09264
1.11475
1.11743
1.11641
1.11307
1.10804
1.08769
1.03954
0.989594
0.954667
0.937773
0.932099
0.943895
1.08764
4.10212
27.1149
0.787623
0.769876
0.780504
0.792995
0.798916
0.800015
0.79197
0.788847
0.813351
0.872428
0.919426
0.937865
0.942283
0.942147
0.930931
0.902904
0.879259
0.869944
0.869593
0.86982
0.862542
0.83685
0.818757
0.818474
0.846079
0.912951
0.964533
0.983277
0.988879
0.995567
1.00828
1.00739
0.98685
0.959186
0.932412
0.903018
0.874518
0.859901
0.857764
0.870188
0.92267
0.981854
1.0142
1.0359
1.06487
1.08463
1.08888
1.07144
1.02104
0.962408
0.92389
0.909386
0.907096
0.909065
0.924321
0.9883
1.04993
1.07849
1.0991
1.11741
1.12598
1.12522
1.09019
1.02422
0.976011
0.95498
0.949096
0.948678
0.95497
1.0041
1.07697
1.11008
1.11794
1.12067
1.12426
1.12664
1.11467
1.05664
0.997909
0.97223
0.965927
0.965291
0.972871
1.02712
1.08985
1.1127
1.11583
1.1126
1.10833
1.10392
1.08624
1.0405
0.990164
0.95251
0.9284
0.907327
1.04051
4.13837
27.0906
0.861636
0.823084
0.8123
0.80649
0.799475
0.78551
0.769792
0.758525
0.758438
0.777548
0.84404
0.908859
0.936666
0.947574
0.960309
0.970869
0.963724
0.936141
0.905737
0.880212
0.856494
0.830803
0.807655
0.797038
0.797695
0.819047
0.888254
0.95089
0.98621
1.0238
1.05237
1.06067
1.05253
1.0148
0.957783
0.904797
0.871099
0.853111
0.845742
0.845829
0.854256
0.899059
0.97559
1.04327
1.08695
1.10476
1.11015
1.10851
1.07721
1.00436
0.943814
0.91682
0.907019
0.903089
0.903734
0.915443
0.979314
1.06467
1.11116
1.12812
1.13384
1.13466
1.1252
1.07863
1.00801
0.965
0.950671
0.948574
0.949908
0.957904
1.0082
1.07746
1.10891
1.12305
1.13035
1.13248
1.12993
1.10877
1.04884
0.995568
0.972606
0.966408
0.966108
0.97656
1.0265
1.08211
1.10369
1.10745
1.1053
1.10191
1.09839
1.08168
1.03903
0.991089
0.948746
0.908004
0.98695
4.08699
27.0704
0.934325
0.903862
0.857766
0.825934
0.803234
0.782799
0.764457
0.752607
0.749459
0.751674
0.763582
0.817865
0.893275
0.945637
0.980733
1.00501
1.01344
1.0069
0.968735
0.916064
0.869282
0.833849
0.808454
0.796235
0.794829
0.798099
0.810342
0.870717
0.969978
1.03816
1.0657
1.07395
1.07698
1.06684
1.013
0.933432
0.881749
0.856278
0.845907
0.845002
0.848057
0.854898
0.905878
1.02436
1.09004
1.10573
1.11048
1.10734
1.09121
1.05198
0.989113
0.93598
0.908411
0.90005
0.900574
0.904609
0.924995
1.01603
1.10273
1.12619
1.13117
1.12874
1.11917
1.10293
1.0611
1.00158
0.965108
0.953009
0.950853
0.951562
0.96138
1.02291
1.09914
1.12572
1.13038
1.13049
1.12679
1.11808
1.09583
1.04579
0.999948
0.977572
0.970777
0.968606
0.972009
1.01675
1.07313
1.0958
1.09989
1.09985
1.099
1.09539
1.07488
1.0346
0.984408
0.925765
0.965493
3.97791
27.0752
0.954093
0.964677
0.935916
0.879709
0.82704
0.789839
0.767198
0.75514
0.751331
0.752776
0.756154
0.762939
0.803026
0.900769
0.979768
1.00817
1.01549
1.01859
1.01267
0.970268
0.906323
0.853444
0.818969
0.800965
0.795629
0.797862
0.8026
0.817428
0.898858
1.01844
1.06318
1.0718
1.071
1.05512
1.02704
0.981033
0.918338
0.872633
0.852596
0.848791
0.85176
0.861537
0.890716
0.967173
1.05675
1.09012
1.09603
1.09135
1.08383
1.07477
1.04147
0.974786
0.923175
0.905939
0.905139
0.913426
0.93761
0.979038
1.04799
1.09727
1.11086
1.11183
1.10914
1.10568
1.0963
1.05584
0.996359
0.962131
0.953521
0.955175
0.964944
0.987834
1.04658
1.10119
1.11767
1.11867
1.11385
1.10907
1.10578
1.09429
1.05405
1.006
0.976962
0.966177
0.964099
0.968452
1.01058
1.06853
1.09512
1.10081
1.099
1.09653
1.08814
1.0661
1.02549
0.9601
0.975191
3.83071
27.113
0.953308
0.968202
0.962035
0.933537
0.873386
0.818238
0.784277
0.766492
0.758636
0.75703
0.759553
0.766141
0.779349
0.818475
0.917107
0.985973
1.00489
1.00744
1.00394
0.996795
0.964014
0.89928
0.844414
0.814895
0.805278
0.806444
0.816414
0.836153
0.867042
0.938394
1.01587
1.04287
1.04554
1.04185
1.03582
1.02009
0.971334
0.909167
0.874552
0.865687
0.869956
0.885883
0.906289
0.927732
0.977406
1.03809
1.06693
1.07439
1.07561
1.07154
1.057
1.01677
0.963423
0.935399
0.932
0.944234
0.958462
0.964852
0.97965
1.02921
1.07707
1.09657
1.10148
1.10185
1.09731
1.08545
1.04777
1.00236
0.98103
0.978949
0.98354
0.986351
0.993494
1.03482
1.0814
1.10012
1.1042
1.105
1.10705
1.10752
1.10056
1.06231
1.00931
0.977012
0.964672
0.96049
0.962726
1.00321
1.0641
1.09075
1.09425
1.09106
1.08797
1.07976
1.05939
1.00312
1.01436
3.69495
27.1733
0.912933
0.946344
0.944146
0.940817
0.92732
0.879435
0.824392
0.788656
0.772857
0.769553
0.773889
0.786985
0.8007
0.809576
0.827901
0.896552
0.96141
0.985006
0.989982
0.988306
0.978292
0.950695
0.89796
0.853475
0.834761
0.833385
0.842422
0.854602
0.862481
0.873723
0.918106
0.982089
1.01603
1.02669
1.02833
1.02116
1.00595
0.968307
0.924055
0.903132
0.900985
0.909874
0.918528
0.921994
0.925299
0.952834
1.00933
1.04455
1.05553
1.05563
1.04809
1.03876
1.02083
0.996464
0.981229
0.975537
0.971245
0.962361
0.95696
0.96332
1.00699
1.05911
1.08152
1.08678
1.08551
1.08353
1.08203
1.06851
1.03897
1.01313
0.996766
0.985479
0.978689
0.979612
1.01059
1.06164
1.09044
1.10143
1.10641
1.10917
1.10968
1.10443
1.06962
1.0134
0.976387
0.961657
0.957242
0.959683
0.999003
1.05977
1.08513
1.08732
1.08508
1.0825
1.07428
1.03807
1.06099
3.62005
27.2407
0.82204
0.899955
0.922096
0.929465
0.930014
0.922817
0.891791
0.847585
0.818035
0.806562
0.805528
0.808535
0.810964
0.810823
0.807747
0.813685
0.862417
0.930189
0.963123
0.972708
0.975679
0.976255
0.960785
0.922354
0.890198
0.875104
0.870642
0.869806
0.866836
0.861054
0.859025
0.883106
0.945974
0.992642
1.00993
1.015
1.01919
1.01803
0.99646
0.966477
0.946947
0.936853
0.928595
0.917199
0.909109
0.908802
0.927418
0.979686
1.02026
1.03591
1.04131
1.04825
1.06055
1.06498
1.0486
1.01758
0.986773
0.962154
0.949417
0.945066
0.949097
0.98607
1.0381
1.06407
1.0739
1.08418
1.10269
1.11284
1.10365
1.06486
1.01994
0.987983
0.970513
0.963067
0.963794
0.992873
1.05113
1.08738
1.1003
1.10561
1.11091
1.11531
1.11346
1.08069
1.0183
0.976946
0.960534
0.954926
0.954613
0.993093
1.05533
1.08067
1.08249
1.08024
1.07585
1.05127
1.10254
3.60794
27.3168
0.751592
0.791878
0.861262
0.905748
0.922046
0.932653
0.941078
0.930666
0.892637
0.855072
0.832202
0.819556
0.810781
0.803184
0.796861
0.792979
0.794873
0.826123
0.899696
0.952419
0.972698
0.98008
0.987454
0.989556
0.968941
0.932865
0.903968
0.885683
0.869202
0.849306
0.838683
0.838816
0.855991
0.918499
0.98124
1.01175
1.0252
1.0383
1.04835
1.04009
1.00612
0.96847
0.938965
0.917321
0.902711
0.892709
0.890001
0.903741
0.955471
1.00815
1.04001
1.06488
1.08984
1.10165
1.09935
1.07096
1.01963
0.975078
0.948408
0.934091
0.927734
0.930907
0.963754
1.02137
1.06517
1.09835
1.12409
1.13491
1.13682
1.11977
1.06704
1.00885
0.973339
0.958277
0.952597
0.952706
0.979219
1.04272
1.08519
1.1047
1.11892
1.12604
1.12767
1.12032
1.07965
1.01362
0.970848
0.953463
0.948069
0.948017
0.989217
1.0491
1.0729
1.07728
1.0747
1.054
1.1325
3.64903
27.4116
0.729168
0.730856
0.758828
0.836862
0.907878
0.941924
0.957377
0.966844
0.965625
0.933666
0.88404
0.845958
0.822973
0.808807
0.797389
0.783668
0.775159
0.776553
0.800435
0.877716
0.947983
0.985193
1.01003
1.02429
1.02695
1.00438
0.954303
0.907216
0.874406
0.852789
0.837409
0.828953
0.828115
0.838307
0.893669
0.970456
1.02329
1.05673
1.07517
1.08055
1.06991
1.02542
0.971071
0.930405
0.903371
0.884732
0.875801
0.875941
0.887097
0.938527
1.01431
1.07358
1.10623
1.11867
1.12211
1.11457
1.07325
1.0089
0.958432
0.930627
0.917816
0.91444
0.917139
0.949668
1.03183
1.10186
1.13082
1.13982
1.14262
1.13909
1.11709
1.05964
0.998769
0.962753
0.946921
0.940849
0.940732
0.971049
1.05219
1.1083
1.12602
1.13235
1.13244
1.12731
1.11584
1.07311
1.00835
0.964804
0.946695
0.940443
0.941797
0.985837
1.04389
1.06878
1.07208
1.0561
1.15165
3.72715
27.5169
0.731021
0.729554
0.734144
0.750402
0.824029
0.914654
0.959244
0.975094
0.98205
0.984215
0.962477
0.907472
0.85709
0.823241
0.796848
0.777289
0.771863
0.773929
0.778361
0.796816
0.876343
0.97103
1.01499
1.02756
1.0324
1.03406
1.01917
0.965392
0.90532
0.864544
0.839035
0.825827
0.82446
0.827621
0.83651
0.891545
0.997867
1.06011
1.07699
1.08236
1.08351
1.07284
1.02542
0.961986
0.914578
0.887035
0.87572
0.874641
0.877387
0.887243
0.954089
1.06032
1.10817
1.1194
1.12273
1.12006
1.10706
1.06011
0.990979
0.938852
0.916795
0.912838
0.914625
0.92229
0.973368
1.07611
1.12661
1.13737
1.1377
1.13307
1.12857
1.11089
1.05116
0.9812
0.945167
0.936594
0.936326
0.942403
0.993788
1.08518
1.12442
1.13125
1.13002
1.12467
1.11766
1.10703
1.06621
1.00016
0.955831
0.938613
0.933486
0.940745
0.990754
1.04552
1.06525
1.05516
1.15893
3.81248
27.5972
0.739088
0.735199
0.74006
0.74715
0.759672
0.825215
0.926598
0.974082
0.985241
0.988923
0.988397
0.97121
0.909933
0.844418
0.804938
0.786397
0.780308
0.781287
0.787484
0.797221
0.814315
0.89104
0.985264
1.02225
1.03092
1.0339
1.03188
1.01406
0.955613
0.88939
0.848113
0.831672
0.828997
0.832519
0.84309
0.861962
0.920341
1.01717
1.06221
1.07252
1.0733
1.06801
1.05716
1.01726
0.953161
0.904653
0.88369
0.879974
0.883547
0.894066
0.918697
0.999475
1.08199
1.10798
1.11183
1.10861
1.1022
1.0907
1.04166
0.970147
0.931212
0.921815
0.924669
0.938082
0.961055
1.01314
1.08704
1.11987
1.12623
1.12784
1.12756
1.12311
1.096
1.02214
0.96354
0.944779
0.943612
0.954753
0.976593
1.02765
1.09382
1.11881
1.12087
1.11521
1.1087
1.10435
1.09739
1.05669
0.989969
0.950569
0.937535
0.934858
0.950912
1.00596
1.04458
1.04155
1.153
3.89777
27.6426
0.756629
0.745614
0.748931
0.753254
0.762204
0.775819
0.829439
0.921523
0.966546
0.976614
0.97606
0.967023
0.949176
0.901669
0.845611
0.814029
0.802018
0.799548
0.802031
0.807561
0.815961
0.83103
0.896658
0.981673
1.01536
1.02168
1.01869
1.01184
0.998697
0.946781
0.886562
0.856286
0.849055
0.852488
0.862654
0.873177
0.884077
0.926459
1.00669
1.04914
1.05948
1.06083
1.05911
1.05074
1.00891
0.945559
0.907264
0.896694
0.899888
0.910378
0.922159
0.942304
1.00884
1.07158
1.09262
1.09606
1.09315
1.08455
1.0647
1.01987
0.971429
0.949993
0.948673
0.956661
0.962359
0.969093
1.01322
1.08429
1.11686
1.12278
1.11932
1.10697
1.08939
1.06079
1.01372
0.981575
0.972915
0.974894
0.976482
0.981256
1.02457
1.08365
1.10604
1.10811
1.10594
1.10151
1.09512
1.08575
1.04613
0.990861
0.960024
0.949269
0.946048
0.964468
1.00423
1.00991
1.13089
3.99144
27.668
0.78786
0.760921
0.761879
0.768224
0.779059
0.783351
0.78634
0.812407
0.889292
0.940853
0.955602
0.957928
0.958329
0.950394
0.915085
0.865336
0.832328
0.818992
0.817182
0.821067
0.827589
0.831977
0.837953
0.882074
0.956638
0.9928
1.00181
1.00245
0.999264
0.992532
0.955672
0.906221
0.880508
0.873643
0.874959
0.877836
0.880575
0.88461
0.917695
0.990843
1.03433
1.04734
1.04947
1.04663
1.03841
1.00456
0.95788
0.932919
0.926567
0.927927
0.92961
0.931372
0.940215
0.995763
1.05391
1.07516
1.07888
1.07699
1.07276
1.05958
1.02973
1.00053
0.984016
0.974018
0.966443
0.965023
0.968488
1.00961
1.07175
1.09558
1.09671
1.09139
1.08597
1.08168
1.07164
1.0465
1.01652
0.992836
0.978672
0.97486
0.976954
1.01812
1.07564
1.09766
1.09952
1.09272
1.08724
1.08607
1.08288
1.05423
1.00774
0.97441
0.955166
0.944679
0.949548
0.962562
1.09689
4.09167
27.6591
0.853229
0.803992
0.793344
0.790327
0.790342
0.785288
0.777478
0.776609
0.788506
0.849992
0.916458
0.945416
0.95368
0.95744
0.960073
0.941782
0.89802
0.863749
0.846899
0.840306
0.837471
0.832623
0.826902
0.828062
0.854367
0.925221
0.97394
0.991023
0.999094
1.00719
1.00845
0.984086
0.939202
0.906925
0.889796
0.882177
0.881097
0.882822
0.883366
0.900043
0.963729
1.0138
1.03113
1.03678
1.04051
1.04342
1.03105
0.996834
0.96628
0.947092
0.933727
0.925007
0.923762
0.930674
0.976148
1.0324
1.05813
1.06638
1.07034
1.07403
1.07813
1.06803
1.03659
0.999555
0.974207
0.964428
0.963645
0.965734
0.993329
1.04621
1.0741
1.08193
1.08501
1.09318
1.10451
1.10521
1.07756
1.02788
0.990848
0.975692
0.972501
0.973731
1.00419
1.05294
1.07452
1.07943
1.08395
1.09198
1.09891
1.09619
1.06687
1.01774
0.972723
0.941998
0.922979
0.905197
1.0502
4.17145
27.6366
0.918601
0.878544
0.833887
0.804967
0.790044
0.783292
0.776744
0.766876
0.762685
0.770235
0.823563
0.903777
0.945106
0.958616
0.964976
0.973637
0.970532
0.933765
0.887015
0.856608
0.839972
0.829277
0.819249
0.811028
0.811941
0.835364
0.911505
0.975516
1.00055
1.01009
1.02131
1.02895
1.01364
0.963777
0.919382
0.896748
0.887031
0.877763
0.865895
0.864822
0.884167
0.951134
1.00751
1.03226
1.04868
1.06767
1.07534
1.0614
1.01588
0.970296
0.942556
0.928208
0.920104
0.913309
0.916804
0.957608
1.018
1.05168
1.07055
1.09278
1.10761
1.10882
1.08875
1.04113
0.996782
0.972916
0.960111
0.947964
0.945591
0.971673
1.02815
1.06583
1.08735
1.10863
1.12415
1.1278
1.1203
1.08231
1.02663
0.989832
0.971664
0.958226
0.953429
0.97981
1.03579
1.07276
1.09336
1.10781
1.1131
1.11029
1.09902
1.0657
1.01347
0.963586
0.924618
0.881418
0.979397
4.1995
27.6352
0.947031
0.950546
0.910126
0.855774
0.817612
0.793048
0.774148
0.760182
0.755605
0.757041
0.762899
0.804706
0.88597
0.941144
0.974136
0.993419
0.999169
0.99528
0.956966
0.902076
0.86169
0.832627
0.812769
0.805301
0.8059
0.809775
0.828088
0.897432
0.968665
1.01025
1.03536
1.04487
1.04711
1.03069
0.978294
0.927544
0.891577
0.867421
0.857135
0.855236
0.858187
0.875225
0.938716
1.00858
1.05597
1.07891
1.08573
1.08719
1.07223
1.02615
0.978771
0.943381
0.916213
0.901955
0.900017
0.905386
0.943057
1.01232
1.07057
1.10565
1.11812
1.12111
1.11946
1.09756
1.04773
0.997263
0.957906
0.936304
0.930599
0.932666
0.956577
1.01907
1.07982
1.11904
1.13309
1.13507
1.13375
1.12509
1.08637
1.02633
0.976117
0.946571
0.936715
0.937089
0.96561
1.0379
1.09461
1.11627
1.11812
1.1141
1.10987
1.09669
1.06186
1.00958
0.950504
0.884766
0.933493
4.13547
27.6137
0.939212
0.954805
0.954575
0.93315
0.886433
0.836771
0.79816
0.774277
0.76335
0.761128
0.762777
0.766699
0.791936
0.872756
0.953061
0.98567
0.995223
0.999356
0.99937
0.975545
0.921924
0.868756
0.833639
0.817204
0.812361
0.813251
0.816603
0.828125
0.886908
0.977052
1.02496
1.03898
1.04441
1.04662
1.03683
0.994435
0.936795
0.892521
0.869671
0.861363
0.860891
0.863729
0.874959
0.934253
1.02045
1.06405
1.07758
1.0832
1.08506
1.07694
1.03968
0.982343
0.934965
0.911279
0.904214
0.904512
0.908277
0.937988
1.02038
1.08613
1.10905
1.11595
1.11888
1.1188
1.10382
1.05287
0.989827
0.95101
0.936975
0.934549
0.936031
0.954203
1.02671
1.09761
1.12351
1.12965
1.13104
1.13069
1.12414
1.08678
1.01829
0.965497
0.944678
0.939484
0.94034
0.97623
1.05794
1.10069
1.1104
1.1101
1.10835
1.10311
1.08742
1.05682
1.00185
0.926361
0.937192
4.00915
27.5875
)
;

boundaryField
{
    back
    {
        type            empty;
    }
    outlet
    {
        type            zeroGradient;
    }
    top
    {
        type            zeroGradient;
    }
    inlet
    {
        type            fixedValue;
        value           uniform 1;
    }
    bottom
    {
        type            zeroGradient;
    }
    front
    {
        type            empty;
    }
}


// ************************************************************************* //
