/*--------------------------------*- C++ -*----------------------------------*\
  =========                 |
  \\      /  F ield         | OpenFOAM: The Open Source CFD Toolbox
   \\    /   O peration     | Website:  https://openfoam.org
    \\  /    A nd           | Version:  12
     \\/     M anipulation  |
\*---------------------------------------------------------------------------*/
FoamFile
{
    format      ascii;
    class       volScalarField;
    location    "21.4";
    object      rho;
}
// * * * * * * * * * * * * * * * * * * * * * * * * * * * * * * * * * * * * * //

dimensions      [1 -3 0 0 0 0 0];

internalField   nonuniform List<scalar> 
9801
(
1.11015
1.1129
1.10678
1.09508
1.09443
1.09946
1.11317
1.136
1.15011
1.15637
1.15838
1.15725
1.15163
1.14919
1.1523
1.15751
1.16888
1.18903
1.20898
1.21684
1.21922
1.21551
1.21012
1.20893
1.2099
1.21219
1.21839
1.23444
1.25748
1.27447
1.2834
1.28747
1.2816
1.27171
1.26956
1.27158
1.27503
1.28034
1.29961
1.32563
1.34152
1.35268
1.35992
1.36121
1.34869
1.34196
1.34303
1.3465
1.35187
1.36664
1.39696
1.41724
1.42787
1.43584
1.44126
1.43346
1.42355
1.42318
1.42706
1.43313
1.44521
1.4778
1.50958
1.52469
1.533
1.53953
1.53311
1.51806
1.51386
1.51891
1.52739
1.54036
1.57475
1.61803
1.64301
1.65703
1.6676
1.66936
1.64814
1.62927
1.63149
1.64444
1.66558
1.72244
1.78359
1.81781
1.8406
1.86177
1.8696
1.8424
1.81441
1.81618
1.85065
1.92142
2.05105
2.17999
2.29029
3.70391
13.9936
1.10879
1.12348
1.12345
1.12268
1.11727
1.11066
1.11367
1.12243
1.13867
1.14936
1.15581
1.16125
1.16795
1.17172
1.17442
1.17711
1.17911
1.18399
1.19294
1.20526
1.21192
1.21392
1.21426
1.21556
1.21842
1.22975
1.2444
1.24912
1.25542
1.26458
1.27439
1.27776
1.27549
1.27532
1.27604
1.27852
1.28298
1.2993
1.31847
1.32938
1.33839
1.34628
1.35242
1.34974
1.34482
1.34449
1.347
1.35141
1.35797
1.38035
1.40611
1.4198
1.42822
1.43548
1.43772
1.4266
1.42009
1.42174
1.42741
1.43449
1.44748
1.47999
1.50956
1.52472
1.53377
1.5405
1.5337
1.51417
1.51055
1.51675
1.52585
1.53896
1.57333
1.61684
1.64121
1.65502
1.66701
1.67131
1.64739
1.62786
1.63086
1.64438
1.66337
1.7073
1.76502
1.80329
1.83032
1.8551
1.87105
1.84656
1.8142
1.81405
1.84515
1.8954
1.98555
2.08462
2.15864
3.52343
14.0252
1.09244
1.1084
1.11525
1.12439
1.13186
1.13462
1.1278
1.12598
1.12905
1.13401
1.13945
1.14526
1.15438
1.16881
1.18332
1.19291
1.19734
1.19768
1.19693
1.19492
1.1932
1.19508
1.19951
1.20432
1.21228
1.23473
1.25587
1.26334
1.26557
1.26846
1.2696
1.2619
1.25815
1.26149
1.26674
1.27231
1.28199
1.30694
1.32775
1.33608
1.34101
1.34598
1.34268
1.33121
1.32948
1.33414
1.33994
1.34641
1.35733
1.38444
1.40897
1.42088
1.42784
1.43294
1.42659
1.41081
1.40763
1.41232
1.41988
1.42857
1.44409
1.47735
1.50515
1.51869
1.52702
1.53246
1.5232
1.5029
1.49887
1.50579
1.5158
1.52841
1.55912
1.60188
1.62769
1.64252
1.65449
1.65996
1.63821
1.61576
1.61624
1.6293
1.64624
1.67648
1.73704
1.7865
1.81482
1.83727
1.8532
1.83639
1.80552
1.79649
1.81515
1.85666
1.92507
2.01194
2.06057
3.43329
13.8165
1.06794
1.09308
1.12007
1.1355
1.14363
1.14914
1.1479
1.1303
1.11178
1.10618
1.11068
1.12252
1.14414
1.17372
1.1947
1.20425
1.20936
1.21234
1.20328
1.17679
1.16742
1.1712
1.18147
1.19512
1.21421
1.2406
1.25977
1.26824
1.27312
1.27327
1.25527
1.23842
1.23865
1.24533
1.25623
1.26893
1.28604
1.31021
1.32822
1.33489
1.33803
1.33595
1.32339
1.31316
1.31522
1.32241
1.3319
1.34291
1.35918
1.38363
1.4023
1.41052
1.41489
1.41632
1.40946
1.39695
1.3957
1.40213
1.4105
1.42052
1.43825
1.46757
1.49038
1.50206
1.50944
1.51496
1.51004
1.49122
1.48403
1.49023
1.5002
1.51191
1.53696
1.57795
1.605
1.61952
1.63049
1.63906
1.62915
1.6029
1.5941
1.60472
1.62112
1.64206
1.6883
1.74183
1.77467
1.79753
1.81817
1.81731
1.79049
1.77189
1.77549
1.80282
1.8469
1.91654
1.95347
3.40034
13.6228
1.05645
1.08655
1.12638
1.14001
1.14579
1.15048
1.15076
1.12398
1.097
1.09406
1.09708
1.10468
1.13139
1.17444
1.19669
1.20483
1.20987
1.2098
1.18948
1.16558
1.16056
1.16352
1.16927
1.18244
1.20928
1.24023
1.25661
1.26262
1.2645
1.25808
1.2438
1.2332
1.23237
1.23731
1.24519
1.25867
1.27993
1.30301
1.31589
1.3206
1.322
1.32221
1.3175
1.30818
1.307
1.31311
1.32106
1.33116
1.34622
1.36705
1.38247
1.3903
1.39567
1.40092
1.40222
1.39229
1.38615
1.39041
1.39795
1.40591
1.41732
1.4415
1.46557
1.47939
1.48846
1.49637
1.50092
1.48752
1.47242
1.47282
1.48134
1.49154
1.50725
1.54321
1.57669
1.59483
1.60735
1.61895
1.62242
1.59908
1.5775
1.57733
1.59156
1.60932
1.64026
1.69377
1.73831
1.76728
1.791
1.8059
1.7903
1.76657
1.75408
1.76115
1.78976
1.84249
1.8756
3.36735
13.5054
1.05604
1.08848
1.12487
1.13915
1.1448
1.14671
1.13323
1.10827
1.09583
1.09509
1.0982
1.10406
1.12225
1.1636
1.1903
1.19776
1.19852
1.18977
1.17506
1.16428
1.16162
1.16425
1.16915
1.17596
1.19227
1.22206
1.23953
1.24466
1.24455
1.24242
1.2405
1.23581
1.23226
1.2342
1.23967
1.24608
1.25731
1.27794
1.29496
1.3034
1.30832
1.31353
1.31811
1.31178
1.30495
1.30628
1.3109
1.31544
1.32119
1.3366
1.35984
1.37484
1.38402
1.39151
1.39791
1.39615
1.38364
1.3794
1.38229
1.38699
1.39371
1.41082
1.44177
1.463
1.4751
1.48444
1.49288
1.49124
1.47134
1.46114
1.46394
1.47203
1.48269
1.50844
1.55013
1.57781
1.59326
1.60543
1.61515
1.60359
1.57629
1.564
1.56891
1.58357
1.60356
1.64473
1.69683
1.73522
1.76344
1.78811
1.7947
1.77573
1.75503
1.74784
1.75508
1.78604
1.81756
3.35307
13.4576
1.06322
1.09605
1.11612
1.12764
1.13109
1.1243
1.11021
1.10128
1.09948
1.10047
1.1044
1.1127
1.1269
1.14724
1.1664
1.17511
1.17575
1.17492
1.17394
1.16946
1.16723
1.16965
1.17419
1.17866
1.18253
1.19174
1.21175
1.22471
1.23224
1.23873
1.24444
1.24493
1.23908
1.23734
1.23767
1.23639
1.2367
1.24339
1.26481
1.28801
1.30311
1.31232
1.31901
1.3209
1.31178
1.30411
1.29929
1.29769
1.30036
1.30816
1.33297
1.36206
1.37901
1.38886
1.39623
1.40058
1.38962
1.3746
1.36735
1.36911
1.37523
1.38625
1.41685
1.44956
1.46758
1.47854
1.48739
1.49359
1.47955
1.45819
1.45118
1.456
1.46541
1.48113
1.51993
1.56176
1.58536
1.5998
1.61204
1.61569
1.59131
1.56628
1.55914
1.56573
1.58086
1.60727
1.65568
1.70381
1.73919
1.7665
1.78937
1.78742
1.77015
1.74982
1.73757
1.74889
1.76453
3.33233
13.4617
1.07484
1.09537
1.10344
1.10767
1.10595
1.10339
1.10452
1.10602
1.10749
1.11279
1.11967
1.12491
1.12946
1.13313
1.1364
1.14326
1.15437
1.16661
1.17422
1.17968
1.18179
1.18098
1.17978
1.17669
1.17256
1.1731
1.18045
1.20109
1.22527
1.24022
1.24775
1.25221
1.25055
1.24153
1.23123
1.22303
1.22278
1.22666
1.23944
1.27291
1.30117
1.31412
1.32084
1.32586
1.32088
1.30075
1.28668
1.28467
1.28892
1.29585
1.31423
1.35165
1.37726
1.3886
1.39592
1.40215
1.39745
1.37165
1.3575
1.35776
1.3642
1.37429
1.39888
1.43916
1.46485
1.47724
1.48597
1.49352
1.48859
1.46062
1.44582
1.44572
1.45423
1.46583
1.49182
1.54056
1.57748
1.59674
1.61016
1.62098
1.61343
1.58022
1.55996
1.55966
1.57035
1.58805
1.61996
1.66702
1.70782
1.73871
1.76457
1.78247
1.77951
1.76536
1.74226
1.72564
1.71073
3.30126
13.4894
1.08223
1.09113
1.08997
1.08367
1.08377
1.08876
1.0978
1.11078
1.12232
1.12915
1.1326
1.13271
1.12647
1.12008
1.11974
1.12504
1.14163
1.16069
1.17711
1.18631
1.19142
1.19067
1.18071
1.16828
1.1647
1.16643
1.17131
1.19141
1.21929
1.2389
1.2486
1.25489
1.25704
1.24385
1.22207
1.21626
1.21919
1.22409
1.23626
1.26754
1.29759
1.31169
1.31907
1.32426
1.32164
1.29903
1.28203
1.28163
1.28654
1.29363
1.31032
1.3463
1.375
1.38725
1.39413
1.39795
1.39365
1.37369
1.35735
1.3565
1.36217
1.37034
1.38874
1.42689
1.46074
1.476
1.48459
1.49067
1.49058
1.47141
1.44786
1.44313
1.44876
1.45955
1.47509
1.512
1.55963
1.58871
1.60446
1.61632
1.62276
1.60842
1.57997
1.56674
1.56932
1.58017
1.59826
1.63133
1.67405
1.70899
1.73616
1.75955
1.7722
1.7698
1.75579
1.72886
1.67929
3.25416
13.5404
1.08783
1.08556
1.0735
1.0734
1.07928
1.08833
1.10271
1.11961
1.12892
1.13346
1.13345
1.12563
1.11763
1.11568
1.11775
1.12841
1.14797
1.16844
1.18029
1.18731
1.19226
1.18692
1.1693
1.16112
1.16179
1.16554
1.17628
1.20216
1.22588
1.23778
1.24587
1.25176
1.25086
1.23145
1.21894
1.21918
1.22295
1.22832
1.24497
1.27529
1.29622
1.30712
1.31359
1.31538
1.31012
1.2966
1.28515
1.28469
1.28989
1.29905
1.31595
1.3448
1.37006
1.38217
1.38724
1.38865
1.38969
1.38144
1.36533
1.36153
1.36722
1.37598
1.38399
1.4075
1.44583
1.46808
1.47792
1.48427
1.49066
1.4888
1.46695
1.45259
1.45347
1.46037
1.46929
1.48344
1.52246
1.56583
1.5911
1.60684
1.62014
1.62802
1.61484
1.589
1.57602
1.57737
1.58744
1.60441
1.63678
1.67641
1.70833
1.73342
1.7539
1.76164
1.75863
1.7376
1.68259
3.19519
13.6008
1.08063
1.07252
1.0702
1.07628
1.08648
1.10144
1.11582
1.12473
1.12981
1.13007
1.11927
1.11028
1.10955
1.11302
1.12401
1.1448
1.16443
1.17527
1.18154
1.18628
1.18307
1.16592
1.15816
1.15947
1.16352
1.16952
1.19114
1.21949
1.23294
1.24012
1.24519
1.2446
1.23206
1.2199
1.21668
1.22003
1.22593
1.23841
1.25854
1.28094
1.29588
1.30242
1.30351
1.30294
1.30393
1.29989
1.29285
1.2944
1.30143
1.30836
1.3143
1.3332
1.35681
1.36985
1.37663
1.38396
1.39175
1.3952
1.38456
1.37511
1.37476
1.37652
1.38066
1.38811
1.41497
1.45149
1.47199
1.48408
1.49425
1.50293
1.49728
1.47242
1.45873
1.45644
1.46016
1.46873
1.48537
1.52818
1.57248
1.60002
1.61772
1.63135
1.63633
1.62344
1.5983
1.58204
1.58073
1.58954
1.60619
1.64087
1.68109
1.71146
1.73315
1.74682
1.75118
1.74214
1.69971
3.15038
13.6569
1.06356
1.06656
1.07622
1.09143
1.10824
1.11881
1.12466
1.12838
1.12271
1.10676
1.09926
1.10082
1.10518
1.11409
1.14062
1.16961
1.18016
1.18435
1.18624
1.18136
1.16111
1.14908
1.15015
1.15533
1.16283
1.17994
1.20977
1.23025
1.23936
1.2428
1.23904
1.23078
1.22538
1.22071
1.22133
1.22766
1.23909
1.24886
1.25975
1.27727
1.28818
1.29225
1.29437
1.30155
1.30831
1.31238
1.30926
1.30748
1.30831
1.30764
1.30865
1.31343
1.33377
1.36005
1.37659
1.38884
1.39897
1.407
1.40683
1.39035
1.37751
1.37142
1.37068
1.37577
1.38867
1.42683
1.46602
1.48767
1.50109
1.51106
1.51721
1.50187
1.47115
1.45586
1.45483
1.45959
1.46883
1.48885
1.53574
1.58166
1.6093
1.62716
1.64036
1.64394
1.62907
1.60091
1.5823
1.58093
1.59054
1.60942
1.64842
1.68876
1.71523
1.73078
1.73743
1.73733
1.7154
3.12866
13.7004
1.04881
1.06179
1.09041
1.11845
1.13043
1.13476
1.13534
1.12588
1.10245
1.08661
1.08606
1.0906
1.09943
1.11898
1.15947
1.18324
1.19145
1.19536
1.1932
1.17213
1.15371
1.149
1.15139
1.15736
1.17203
1.19231
1.2119
1.22896
1.23521
1.23291
1.2278
1.22981
1.23228
1.23195
1.23548
1.24225
1.2484
1.24832
1.24907
1.25475
1.27045
1.28542
1.29745
1.30831
1.31956
1.32779
1.32942
1.31908
1.30759
1.29811
1.29598
1.30022
1.3132
1.34801
1.38065
1.39913
1.40983
1.41662
1.4206
1.40641
1.37892
1.36417
1.36241
1.36803
1.37673
1.39958
1.45001
1.48828
1.50426
1.51337
1.52153
1.52394
1.49875
1.46662
1.45471
1.45624
1.46348
1.47413
1.49963
1.5498
1.59309
1.61722
1.6324
1.64286
1.64294
1.62746
1.60105
1.58458
1.58353
1.59235
1.61413
1.65588
1.69249
1.71216
1.72105
1.72336
1.72362
3.13711
13.7369
1.0364
1.05165
1.10071
1.13426
1.14403
1.14862
1.14873
1.126
1.09313
1.08473
1.08663
1.09062
1.10205
1.13134
1.16406
1.18523
1.19252
1.19005
1.17696
1.16739
1.16068
1.15869
1.16463
1.1769
1.18742
1.19199
1.19703
1.20646
1.21742
1.224
1.22982
1.23703
1.24722
1.25528
1.25688
1.25283
1.24574
1.23652
1.23211
1.2356
1.25114
1.28159
1.30719
1.32465
1.33404
1.33968
1.34195
1.32807
1.30057
1.28705
1.28712
1.29248
1.30158
1.33217
1.37998
1.40517
1.41503
1.42188
1.42643
1.41971
1.38879
1.36601
1.36299
1.3675
1.37496
1.38692
1.4194
1.47074
1.49941
1.51137
1.5184
1.52287
1.52159
1.49566
1.469
1.46209
1.4673
1.47762
1.48859
1.51126
1.55712
1.59382
1.61454
1.62865
1.63915
1.641
1.62945
1.60567
1.58861
1.58629
1.593
1.61406
1.65481
1.6866
1.70177
1.70665
1.72262
3.17436
13.7731
1.03824
1.06051
1.10898
1.13669
1.14674
1.14947
1.13695
1.11266
1.09704
1.09138
1.09469
1.10687
1.12492
1.13878
1.15274
1.16555
1.17013
1.16871
1.16892
1.17397
1.18041
1.18606
1.18802
1.19047
1.191
1.18326
1.17559
1.1782
1.19513
1.21943
1.23926
1.25626
1.26689
1.27273
1.27391
1.25972
1.23448
1.22039
1.21996
1.22435
1.23493
1.27125
1.31502
1.33458
1.34285
1.34769
1.34803
1.33074
1.30103
1.28795
1.28859
1.29389
1.30305
1.32188
1.36476
1.40154
1.41483
1.41893
1.41692
1.41584
1.40797
1.3855
1.37466
1.3774
1.38558
1.39307
1.40052
1.42711
1.47151
1.49711
1.50914
1.51786
1.52675
1.52954
1.50826
1.48529
1.47704
1.47744
1.48218
1.49085
1.51276
1.55678
1.59239
1.6137
1.62882
1.64139
1.64673
1.63579
1.60786
1.5863
1.5816
1.58658
1.60747
1.64848
1.6783
1.69012
1.71058
3.23146
13.8135
1.05353
1.08071
1.10519
1.12443
1.13105
1.12676
1.11716
1.11431
1.11231
1.11492
1.12285
1.13218
1.13767
1.13876
1.13156
1.13099
1.1427
1.15906
1.17478
1.19167
1.20521
1.21112
1.21007
1.19948
1.18123
1.16465
1.16141
1.16489
1.17533
1.21002
1.25134
1.27223
1.28051
1.28487
1.28425
1.26465
1.2305
1.21898
1.22092
1.22563
1.23463
1.26416
1.31311
1.3369
1.34466
1.34519
1.33805
1.32996
1.3138
1.29877
1.29871
1.30712
1.31898
1.32575
1.33849
1.37114
1.39579
1.4057
1.41194
1.41909
1.42669
1.42325
1.40237
1.3911
1.38923
1.38849
1.38904
1.39567
1.42301
1.47002
1.50026
1.51748
1.53207
1.54244
1.54516
1.52298
1.49372
1.47859
1.47619
1.48018
1.48954
1.51595
1.56193
1.5974
1.62028
1.63704
1.64792
1.64973
1.63428
1.60224
1.57806
1.57248
1.5775
1.60104
1.64441
1.6702
1.69596
3.29641
13.8619
1.07924
1.08875
1.09334
1.09627
1.09995
1.10401
1.10841
1.11853
1.13624
1.14745
1.15079
1.14939
1.14087
1.12117
1.11135
1.1128
1.12107
1.1488
1.18737
1.21197
1.22174
1.22686
1.22763
1.21032
1.17263
1.15832
1.1595
1.16397
1.17212
1.20365
1.25557
1.27719
1.28456
1.28796
1.27914
1.25666
1.23658
1.2262
1.2278
1.23646
1.2521
1.26932
1.29507
1.31966
1.32839
1.32864
1.32883
1.33464
1.33732
1.32867
1.32082
1.3212
1.32263
1.32113
1.32034
1.32952
1.36363
1.39573
1.4142
1.42972
1.44165
1.44874
1.43931
1.41118
1.39012
1.38021
1.37809
1.38261
1.39154
1.42475
1.48125
1.51835
1.53432
1.54422
1.5518
1.55094
1.52564
1.49267
1.47674
1.47711
1.48433
1.49583
1.52819
1.57512
1.60787
1.62561
1.63788
1.64615
1.64586
1.62832
1.59444
1.5699
1.56387
1.56918
1.59916
1.63841
1.6723
3.36083
13.9136
1.09674
1.09368
1.07622
1.07116
1.07635
1.08986
1.10967
1.13775
1.15717
1.16503
1.16895
1.16207
1.13094
1.10805
1.10593
1.10944
1.11653
1.1441
1.19469
1.21779
1.22549
1.22999
1.22599
1.19924
1.17263
1.16296
1.1637
1.16867
1.1846
1.21692
1.25189
1.27299
1.27957
1.27401
1.26411
1.25927
1.25142
1.24701
1.24986
1.2581
1.26516
1.26773
1.26893
1.28197
1.30658
1.32195
1.3332
1.34482
1.35641
1.36149
1.35046
1.33219
1.31755
1.30668
1.30534
1.31071
1.32803
1.37442
1.41769
1.43969
1.45098
1.4583
1.46103
1.44037
1.40111
1.38031
1.3778
1.38246
1.38988
1.40214
1.43996
1.49674
1.52709
1.53978
1.54774
1.55123
1.54697
1.52274
1.49512
1.48455
1.4871
1.49588
1.5082
1.54032
1.58239
1.60817
1.62274
1.63366
1.64167
1.64115
1.6236
1.58981
1.56479
1.55778
1.56287
1.59273
1.63656
3.40961
13.9556
1.1024
1.07813
1.0638
1.0636
1.06827
1.08764
1.12816
1.15572
1.1653
1.17012
1.17108
1.15183
1.12058
1.10951
1.10948
1.11242
1.12273
1.16133
1.2004
1.21782
1.22504
1.22434
1.20708
1.19035
1.1792
1.17472
1.17848
1.19138
1.20682
1.21722
1.23304
1.24752
1.25362
1.25477
1.2582
1.2657
1.27446
1.27802
1.27381
1.27025
1.26475
1.25379
1.24939
1.2545
1.27952
1.31779
1.3447
1.36289
1.37271
1.37822
1.37372
1.34409
1.31222
1.30027
1.30145
1.30674
1.31452
1.34406
1.40592
1.44106
1.4529
1.4581
1.45811
1.45279
1.42942
1.3986
1.38767
1.39092
1.40031
1.41155
1.4218
1.44969
1.49425
1.52058
1.53263
1.54082
1.54758
1.54898
1.53442
1.51119
1.49753
1.49481
1.49876
1.50912
1.54011
1.58044
1.60554
1.62042
1.63201
1.64083
1.64222
1.62419
1.58799
1.55845
1.54785
1.54906
1.58857
3.43705
13.992
1.08873
1.06485
1.06277
1.06584
1.0722
1.10358
1.14573
1.16128
1.16744
1.17093
1.15705
1.12849
1.11519
1.11371
1.11613
1.12382
1.14647
1.17642
1.19954
1.2105
1.21115
1.19864
1.19081
1.19144
1.19247
1.19638
1.20485
1.21372
1.21779
1.21374
1.20808
1.21275
1.23127
1.25025
1.26679
1.28306
1.29509
1.30097
1.29698
1.27758
1.25254
1.23866
1.23842
1.2433
1.25664
1.30278
1.35175
1.37194
1.38064
1.38567
1.38381
1.35971
1.32068
1.30402
1.3044
1.31163
1.32607
1.34348
1.37185
1.41402
1.43622
1.44394
1.44732
1.45109
1.45427
1.44223
1.42091
1.41112
1.41058
1.41182
1.41285
1.41848
1.44185
1.48654
1.51709
1.53389
1.54772
1.55925
1.5645
1.54998
1.51906
1.49707
1.49093
1.49354
1.50355
1.53735
1.57969
1.60726
1.62555
1.63893
1.64557
1.64344
1.62219
1.58256
1.54866
1.52682
1.52987
3.42881
14.0292
1.07249
1.06201
1.06412
1.06802
1.08564
1.1301
1.15779
1.16721
1.17082
1.1602
1.13431
1.12061
1.11774
1.12025
1.13188
1.15266
1.16666
1.17535
1.18489
1.18869
1.18676
1.18626
1.1912
1.20104
1.21502
1.22461
1.22765
1.22482
1.2124
1.19559
1.19009
1.1939
1.21097
1.24843
1.28257
1.30163
1.30961
1.31348
1.30991
1.28083
1.24533
1.23554
1.23808
1.24326
1.25346
1.28754
1.34481
1.37255
1.38078
1.37872
1.36909
1.36104
1.34583
1.32786
1.32409
1.3298
1.33769
1.34307
1.34653
1.36009
1.3971
1.42649
1.44165
1.45374
1.46663
1.4746
1.46655
1.44086
1.41957
1.40735
1.4023
1.40404
1.4117
1.43923
1.48997
1.52823
1.54841
1.55976
1.56788
1.56966
1.55094
1.51443
1.49026
1.48533
1.49012
1.50169
1.53865
1.5858
1.61566
1.631
1.63942
1.64204
1.63618
1.61298
1.57226
1.52858
1.49474
3.37883
14.0716
1.06147
1.05967
1.06341
1.07701
1.10905
1.14048
1.15882
1.16384
1.15657
1.13838
1.12967
1.12675
1.12927
1.14183
1.15924
1.16855
1.17075
1.16314
1.15546
1.1584
1.17105
1.18744
1.20668
1.22633
1.23774
1.24298
1.24201
1.22425
1.1932
1.18022
1.18113
1.18607
1.19881
1.24337
1.29207
1.3103
1.3175
1.32095
1.31197
1.28001
1.25056
1.24047
1.24288
1.25412
1.2732
1.291
1.31629
1.34616
1.35881
1.36132
1.36364
1.36843
1.37328
1.36969
1.35531
1.34622
1.34217
1.33557
1.32926
1.33203
1.34828
1.39272
1.43622
1.4618
1.47607
1.4852
1.49027
1.47778
1.4417
1.4111
1.40082
1.40255
1.40859
1.41808
1.45154
1.50675
1.53951
1.55367
1.56235
1.56752
1.56633
1.54538
1.51059
1.49079
1.48718
1.49105
1.50438
1.54335
1.58953
1.61564
1.62726
1.63224
1.63223
1.62508
1.60393
1.55703
1.49941
3.28926
14.127
1.06308
1.06275
1.07992
1.10334
1.11906
1.13216
1.14064
1.13986
1.13488
1.13477
1.13801
1.14572
1.15966
1.16946
1.17409
1.17329
1.15625
1.13825
1.13519
1.14081
1.15933
1.19674
1.23282
1.24907
1.2547
1.25576
1.24613
1.21039
1.18192
1.1768
1.17991
1.1849
1.19894
1.24146
1.29081
1.31145
1.31721
1.31045
1.29652
1.28602
1.27095
1.26253
1.2657
1.27561
1.28354
1.28694
1.28756
1.29615
1.32382
1.34878
1.36564
1.38243
1.39576
1.40194
1.39352
1.3684
1.34375
1.32725
1.32112
1.32348
1.32954
1.35015
1.40814
1.45788
1.47702
1.48532
1.49046
1.48976
1.47209
1.43568
1.41254
1.40884
1.4146
1.42485
1.43761
1.46724
1.5113
1.53621
1.54707
1.55417
1.56044
1.56329
1.55026
1.52035
1.49893
1.49264
1.49413
1.50273
1.53798
1.58213
1.60702
1.6182
1.62392
1.62517
1.62057
1.59346
1.53482
3.20272
14.1935
1.07683
1.08747
1.10602
1.11452
1.11604
1.10841
1.10326
1.10997
1.12428
1.14163
1.16264
1.17891
1.18608
1.18795
1.18307
1.15953
1.13083
1.12223
1.12444
1.12982
1.14856
1.20403
1.24611
1.25912
1.2647
1.26493
1.2425
1.20536
1.18477
1.18034
1.18439
1.20003
1.22208
1.24127
1.26759
1.28898
1.29463
1.29285
1.29323
1.29694
1.30118
1.30035
1.29423
1.29008
1.28505
1.27314
1.26502
1.26769
1.28362
1.32434
1.36796
1.39576
1.41043
1.41776
1.42013
1.40053
1.35818
1.32912
1.32189
1.32463
1.33116
1.34341
1.37113
1.42517
1.46152
1.47436
1.47865
1.47912
1.47977
1.47304
1.4508
1.4328
1.42718
1.42759
1.43017
1.43716
1.46327
1.5054
1.53142
1.54535
1.55696
1.56814
1.5746
1.56317
1.52806
1.49888
1.48708
1.48621
1.49213
1.52666
1.57435
1.60325
1.61625
1.62067
1.62165
1.61235
1.58327
3.15625
14.2608
1.10694
1.1159
1.11875
1.11682
1.09634
1.08151
1.08176
1.089
1.11284
1.15622
1.19038
1.20327
1.20694
1.20303
1.18158
1.14142
1.1215
1.12051
1.12406
1.13025
1.154
1.20675
1.24659
1.2603
1.26207
1.24693
1.22807
1.21416
1.2017
1.20083
1.21017
1.22407
1.23153
1.2343
1.23406
1.24287
1.26524
1.28403
1.29958
1.31732
1.32975
1.33348
1.32416
1.30318
1.2777
1.25776
1.25204
1.25493
1.26142
1.28799
1.35268
1.39845
1.41363
1.4204
1.42266
1.41539
1.38701
1.35014
1.33466
1.33564
1.34439
1.355
1.36277
1.37771
1.41621
1.44918
1.46474
1.47303
1.48188
1.4911
1.49194
1.47182
1.44553
1.42894
1.42273
1.4226
1.42938
1.45824
1.50568
1.53867
1.55767
1.56999
1.57861
1.58267
1.56766
1.52673
1.49152
1.47784
1.47801
1.48425
1.52008
1.57292
1.60356
1.61362
1.61582
1.61087
1.61508
3.16531
14.3201
1.13476
1.13843
1.12695
1.09914
1.07484
1.07024
1.07304
1.07876
1.10005
1.16186
1.20042
1.21049
1.21521
1.21111
1.17574
1.13965
1.12565
1.12498
1.13201
1.15335
1.1772
1.19834
1.22303
1.23504
1.23338
1.22748
1.22848
1.23189
1.23644
1.23808
1.23771
1.23748
1.23157
1.21584
1.20747
1.21103
1.23053
1.27051
1.31128
1.33849
1.35073
1.35608
1.35207
1.32139
1.27842
1.25595
1.25215
1.25537
1.26238
1.27971
1.32019
1.37657
1.40354
1.41098
1.40865
1.40397
1.402
1.39122
1.3713
1.36061
1.35918
1.35991
1.35746
1.35739
1.36739
1.40398
1.44605
1.47196
1.48715
1.49816
1.5059
1.50646
1.48161
1.44457
1.42249
1.41746
1.42045
1.42802
1.45955
1.5137
1.55024
1.56665
1.57488
1.58064
1.58189
1.56493
1.52271
1.48825
1.47464
1.47286
1.47957
1.51871
1.57167
1.59817
1.6061
1.60203
1.6273
3.21598
14.3784
1.15053
1.15498
1.12934
1.08871
1.07325
1.0728
1.07549
1.0844
1.1169
1.16553
1.19797
1.20894
1.20738
1.18732
1.16761
1.15197
1.14446
1.1487
1.16372
1.17886
1.18427
1.18496
1.18169
1.19044
1.20883
1.22393
1.24062
1.25946
1.27096
1.27263
1.26343
1.24443
1.2167
1.19654
1.1923
1.1956
1.20387
1.24247
1.30979
1.34486
1.35586
1.36156
1.36229
1.34248
1.29705
1.26621
1.2602
1.26553
1.28153
1.29741
1.30737
1.326
1.35998
1.38354
1.39416
1.40071
1.40944
1.41874
1.41873
1.40081
1.37965
1.36327
1.35172
1.34711
1.34991
1.36037
1.40189
1.45538
1.48595
1.49919
1.50692
1.51176
1.50891
1.47955
1.44009
1.42133
1.41885
1.42286
1.43258
1.46826
1.5218
1.55308
1.56484
1.5708
1.57498
1.57616
1.56354
1.52574
1.48988
1.47396
1.47163
1.4765
1.51464
1.5626
1.58626
1.58779
1.62221
3.29759
14.4338
1.15401
1.15388
1.11366
1.08971
1.08033
1.08116
1.09038
1.1125
1.13296
1.15371
1.1727
1.17891
1.17388
1.16826
1.17137
1.17577
1.18123
1.18486
1.18775
1.1896
1.18006
1.15864
1.15162
1.15713
1.18135
1.22325
1.26303
1.28671
1.29544
1.29768
1.28555
1.24744
1.20912
1.19235
1.19141
1.19524
1.20373
1.2289
1.2871
1.33709
1.35293
1.35485
1.34241
1.3308
1.32107
1.30291
1.29214
1.29319
1.29924
1.30383
1.30161
1.29544
1.30237
1.33596
1.37576
1.40239
1.42067
1.43473
1.4426
1.44156
1.41653
1.37852
1.35222
1.34453
1.3474
1.35321
1.36671
1.4179
1.47201
1.49415
1.50272
1.50627
1.50615
1.50185
1.47813
1.44508
1.42896
1.42731
1.43142
1.43833
1.46771
1.51726
1.54749
1.55976
1.56675
1.57361
1.57857
1.57092
1.53352
1.49163
1.46965
1.46511
1.46804
1.50289
1.54887
1.56697
1.60686
3.38786
14.4805
1.14752
1.13417
1.11284
1.09934
1.09766
1.10517
1.12397
1.13593
1.13952
1.1362
1.13233
1.14163
1.15756
1.17077
1.18734
1.20604
1.21606
1.21673
1.20783
1.18803
1.15704
1.1409
1.14009
1.14423
1.15698
1.21098
1.27301
1.29612
1.3037
1.30778
1.29935
1.2612
1.2152
1.19717
1.19672
1.20574
1.22887
1.24917
1.26486
1.29246
1.31715
1.32596
1.32887
1.33369
1.34025
1.34752
1.34296
1.3284
1.31519
1.30232
1.28514
1.27543
1.27712
1.28749
1.32992
1.3903
1.42673
1.4416
1.4492
1.4526
1.44545
1.40971
1.36676
1.35008
1.35029
1.35735
1.3702
1.38932
1.43125
1.4714
1.489
1.49598
1.50085
1.506
1.50754
1.49032
1.45996
1.43989
1.43167
1.43056
1.43503
1.4578
1.50623
1.5414
1.55919
1.56994
1.5781
1.58372
1.57833
1.53904
1.48846
1.46013
1.45417
1.45662
1.493
1.53316
1.58281
3.47265
14.5189
1.12406
1.12001
1.12155
1.12242
1.12678
1.13476
1.14109
1.14304
1.12964
1.10998
1.10596
1.11205
1.13817
1.1806
1.2157
1.23314
1.2385
1.2373
1.2186
1.17571
1.14467
1.1375
1.13991
1.14466
1.15903
1.20303
1.26575
1.29517
1.30232
1.29419
1.27359
1.25777
1.23962
1.22511
1.22594
1.23803
1.24933
1.25348
1.24962
1.2439
1.2559
1.28957
1.32112
1.34416
1.36534
1.37847
1.38263
1.3705
1.33761
1.30059
1.27709
1.27111
1.27423
1.27999
1.29673
1.35597
1.41841
1.43984
1.44655
1.44426
1.43499
1.4239
1.40236
1.37849
1.36996
1.37201
1.37689
1.38175
1.38986
1.42144
1.46098
1.48296
1.49445
1.50386
1.5145
1.52185
1.50966
1.47369
1.4426
1.42752
1.4234
1.42572
1.44625
1.49852
1.54182
1.56364
1.5759
1.58274
1.58502
1.57587
1.53489
1.48201
1.45137
1.44351
1.44893
1.48327
1.54716
3.53641
14.5502
1.11614
1.12774
1.13869
1.15068
1.15672
1.15665
1.15027
1.12957
1.10554
1.09783
1.09961
1.10423
1.12002
1.181
1.23093
1.245
1.25038
1.24967
1.22386
1.17581
1.14781
1.14163
1.14516
1.16363
1.19104
1.21049
1.23274
1.25759
1.26664
1.26475
1.2649
1.26722
1.27043
1.27453
1.27238
1.26733
1.2605
1.2447
1.22425
1.2178
1.22194
1.24141
1.29396
1.35029
1.3802
1.39233
1.39824
1.39724
1.3723
1.31767
1.28292
1.27548
1.27886
1.29172
1.31283
1.33686
1.37546
1.40937
1.42137
1.42348
1.42574
1.43048
1.43474
1.42873
1.40912
1.39218
1.3824
1.37575
1.37135
1.37644
1.40625
1.45246
1.48409
1.50629
1.52352
1.53205
1.5357
1.51938
1.47262
1.43244
1.41791
1.418
1.42262
1.44388
1.50311
1.5504
1.56861
1.5751
1.57802
1.57688
1.56665
1.53095
1.48019
1.44727
1.43701
1.43672
1.50007
3.56173
14.5801
1.10815
1.14596
1.16486
1.17322
1.17514
1.17007
1.14637
1.10945
1.09299
1.09259
1.09617
1.10338
1.13199
1.1866
1.22912
1.2443
1.24577
1.22937
1.20718
1.18803
1.16988
1.16683
1.17748
1.19558
1.20463
1.20629
1.19897
1.19705
1.21547
1.24303
1.26522
1.28771
1.30824
1.31692
1.31403
1.2956
1.26309
1.22774
1.21021
1.20888
1.21287
1.22082
1.25318
1.33238
1.38065
1.3933
1.3954
1.38378
1.36379
1.34268
1.31646
1.30392
1.30635
1.31566
1.3228
1.32697
1.32974
1.34827
1.38315
1.40801
1.42331
1.43988
1.45545
1.46247
1.45434
1.42441
1.39133
1.36749
1.35868
1.36011
1.36801
1.40539
1.4687
1.50851
1.52328
1.53044
1.53509
1.53245
1.51102
1.46565
1.43226
1.42263
1.42445
1.43214
1.45199
1.50229
1.54199
1.55762
1.56438
1.56894
1.57111
1.56417
1.53239
1.48373
1.44779
1.42216
1.44201
3.53751
14.6146
1.09687
1.15774
1.18051
1.18784
1.19045
1.1832
1.14444
1.10863
1.09594
1.09594
1.10347
1.12602
1.14883
1.17182
1.19936
1.21418
1.21513
1.21166
1.21044
1.20924
1.21111
1.21213
1.21195
1.21238
1.20764
1.18454
1.16788
1.16754
1.17716
1.20924
1.26435
1.31149
1.3338
1.34125
1.34228
1.3282
1.27791
1.22813
1.21178
1.21125
1.21784
1.23745
1.26479
1.29785
1.34201
1.36468
1.3675
1.36411
1.36424
1.36539
1.36477
1.35568
1.34347
1.33435
1.32516
1.3111
1.30343
1.30738
1.33013
1.37879
1.42396
1.45297
1.46702
1.47407
1.476
1.46098
1.41332
1.37288
1.35964
1.36072
1.36806
1.38233
1.42344
1.48211
1.51068
1.51914
1.51931
1.51826
1.52038
1.51249
1.48107
1.45091
1.43656
1.43165
1.43067
1.44107
1.48529
1.52886
1.55067
1.56165
1.56825
1.57007
1.56446
1.53547
1.48701
1.43368
1.40592
3.46678
14.6545
1.08991
1.15505
1.18168
1.18839
1.18674
1.1712
1.14827
1.12348
1.11375
1.11725
1.13184
1.14546
1.14979
1.15157
1.15156
1.16484
1.18823
1.20607
1.22268
1.24252
1.25278
1.25199
1.24095
1.22125
1.18855
1.16074
1.15319
1.15548
1.1612
1.17886
1.24601
1.31492
1.33715
1.34408
1.34038
1.31645
1.2844
1.25232
1.23369
1.23332
1.24542
1.26111
1.26855
1.27275
1.27904
1.30375
1.33358
1.35308
1.36822
1.38734
1.39954
1.40137
1.38619
1.35689
1.32409
1.30116
1.29491
1.29764
1.30419
1.33404
1.40526
1.45065
1.46526
1.471
1.4698
1.46108
1.44323
1.40819
1.38378
1.3788
1.38341
1.38998
1.39583
1.41958
1.465
1.49262
1.50389
1.51316
1.52459
1.53299
1.53099
1.50016
1.45748
1.4296
1.42044
1.4193
1.42726
1.47075
1.52225
1.55143
1.56507
1.56971
1.56786
1.55871
1.53143
1.47302
1.40834
3.36228
14.7057
1.09111
1.13051
1.16103
1.17101
1.17192
1.16897
1.16328
1.15585
1.14935
1.14702
1.14874
1.15098
1.14251
1.12789
1.1256
1.13211
1.15485
1.19773
1.24172
1.26808
1.27771
1.28033
1.26931
1.23056
1.18328
1.16078
1.1561
1.15895
1.17129
1.1988
1.23404
1.28206
1.31409
1.32128
1.31482
1.30453
1.29859
1.29212
1.28294
1.27567
1.27363
1.27369
1.26766
1.25107
1.24485
1.25194
1.28224
1.33216
1.37664
1.40305
1.41515
1.42084
1.41865
1.39157
1.33901
1.30565
1.29766
1.3004
1.31055
1.33158
1.36749
1.41761
1.44449
1.45202
1.45174
1.45187
1.45615
1.45514
1.43556
1.41174
1.39799
1.38982
1.38263
1.38268
1.39956
1.44691
1.48964
1.51431
1.52976
1.54124
1.54718
1.54359
1.50646
1.45209
1.42
1.41097
1.41123
1.41911
1.46823
1.52861
1.55716
1.56386
1.5636
1.55822
1.54772
1.51354
1.4569
3.26784
14.778
1.08942
1.09856
1.12049
1.1496
1.16618
1.17513
1.18472
1.18948
1.18553
1.17301
1.15861
1.14129
1.12383
1.11488
1.11563
1.11966
1.12907
1.17211
1.24065
1.27104
1.28043
1.28336
1.27386
1.24053
1.2007
1.17803
1.1748
1.18315
1.20154
1.21468
1.22022
1.22865
1.25016
1.27695
1.29304
1.30156
1.31477
1.32893
1.33387
1.32394
1.30417
1.28175
1.25591
1.23709
1.2328
1.23595
1.2449
1.28643
1.36346
1.40416
1.41592
1.42041
1.41561
1.39816
1.36831
1.33468
1.31965
1.32068
1.32903
1.33613
1.34146
1.35872
1.39694
1.42619
1.44033
1.4505
1.46651
1.47858
1.48072
1.46004
1.42354
1.39157
1.37351
1.36901
1.37126
1.38731
1.44248
1.50023
1.53039
1.54211
1.54675
1.5475
1.53744
1.49549
1.44197
1.41518
1.40907
1.41158
1.42447
1.47382
1.52734
1.54887
1.55172
1.54831
1.5439
1.53111
1.51615
3.22673
14.8556
1.08582
1.08631
1.09108
1.11479
1.15458
1.18378
1.19966
1.20847
1.21092
1.20074
1.17348
1.14347
1.12502
1.11826
1.11898
1.12371
1.13662
1.15976
1.20579
1.24953
1.26437
1.26574
1.25956
1.25209
1.23838
1.22258
1.21422
1.2136
1.21664
1.21914
1.2113
1.19825
1.19938
1.22106
1.26392
1.30441
1.33402
1.35442
1.36325
1.36475
1.34586
1.30158
1.25858
1.23831
1.23522
1.23864
1.24956
1.2748
1.32358
1.377
1.39914
1.40292
1.39806
1.39427
1.39332
1.3838
1.3652
1.35096
1.34352
1.33689
1.32844
1.32623
1.3379
1.37854
1.42413
1.45565
1.47585
1.48836
1.49489
1.49475
1.46636
1.4134
1.37707
1.36694
1.36854
1.37432
1.39469
1.45896
1.51397
1.53267
1.53697
1.53301
1.52838
1.52239
1.49536
1.45468
1.42954
1.42018
1.41759
1.42101
1.46262
1.5122
1.53378
1.53795
1.53874
1.53092
1.55462
3.2447
14.9192
1.08469
1.08405
1.08665
1.09237
1.12042
1.17253
1.20195
1.21191
1.21656
1.21759
1.20297
1.16421
1.13582
1.12861
1.13142
1.14052
1.14987
1.1549
1.16321
1.19305
1.23081
1.25002
1.25685
1.26403
1.2714
1.27073
1.25739
1.24034
1.22557
1.2097
1.19132
1.18017
1.18021
1.18573
1.21171
1.27917
1.33731
1.35938
1.36693
1.37092
1.36542
1.33336
1.28286
1.25511
1.25009
1.25692
1.27179
1.28291
1.29061
1.3138
1.35124
1.37536
1.38625
1.39375
1.40698
1.41755
1.41596
1.39447
1.36531
1.33876
1.32006
1.31405
1.31653
1.32816
1.37756
1.44224
1.47645
1.48846
1.49437
1.49561
1.48681
1.45366
1.40803
1.38397
1.38078
1.38671
1.39528
1.40953
1.45356
1.49601
1.51364
1.51957
1.5241
1.52905
1.53173
1.51398
1.46955
1.43055
1.41071
1.40572
1.4072
1.44612
1.50023
1.5268
1.5355
1.5283
1.5704
3.30156
14.971
1.08769
1.08646
1.08905
1.09235
1.09792
1.13034
1.18281
1.20507
1.21141
1.21447
1.21622
1.20294
1.17128
1.15232
1.14835
1.15067
1.15366
1.15183
1.14947
1.15314
1.1769
1.22324
1.25767
1.27615
1.29041
1.29765
1.29707
1.27905
1.24559
1.2103
1.18774
1.18034
1.18163
1.18576
1.19735
1.236
1.30969
1.35051
1.36136
1.35908
1.34569
1.3348
1.32209
1.30123
1.28852
1.28616
1.28815
1.28821
1.2792
1.27441
1.28707
1.32814
1.37073
1.40076
1.42199
1.43487
1.44094
1.43731
1.40398
1.35432
1.32214
1.31388
1.31621
1.32294
1.34185
1.39919
1.45581
1.47753
1.48262
1.47885
1.47642
1.47679
1.46261
1.43101
1.40815
1.3982
1.39276
1.3893
1.3954
1.43236
1.48183
1.51063
1.52553
1.53624
1.54338
1.54536
1.52632
1.47262
1.42179
1.39729
1.39247
1.39471
1.43823
1.49825
1.52628
1.52507
1.57348
3.37519
15.0227
1.096
1.08952
1.09061
1.09352
1.09708
1.10326
1.13557
1.18446
1.2073
1.21552
1.21985
1.2239
1.21651
1.18922
1.16631
1.1556
1.15167
1.14913
1.14481
1.14503
1.14901
1.17005
1.22573
1.27326
1.29421
1.30332
1.30832
1.30882
1.28448
1.23165
1.19776
1.18903
1.19176
1.2034
1.22043
1.23415
1.2546
1.2948
1.32303
1.33287
1.33665
1.34203
1.34964
1.35383
1.34268
1.32211
1.30357
1.28398
1.26373
1.2565
1.25928
1.27324
1.32651
1.39257
1.42633
1.43782
1.44343
1.4441
1.43164
1.39077
1.34668
1.32886
1.32925
1.33853
1.34905
1.36003
1.39424
1.43708
1.45883
1.46724
1.47469
1.48576
1.49263
1.4863
1.45384
1.41619
1.39031
1.38008
1.37814
1.38296
1.41762
1.47742
1.51919
1.53648
1.54222
1.54453
1.54334
1.52149
1.46144
1.409
1.38764
1.38486
1.39348
1.44452
1.49657
1.50896
1.56337
3.45898
15.0716
1.10899
1.09073
1.09165
1.09508
1.09854
1.10188
1.10659
1.13279
1.18183
1.21133
1.22391
1.23054
1.2347
1.23064
1.20541
1.17673
1.15876
1.14923
1.14497
1.14577
1.14902
1.15364
1.17463
1.23761
1.28532
1.29985
1.30356
1.29969
1.28938
1.27015
1.23908
1.22194
1.22002
1.2252
1.23069
1.23366
1.2291
1.23011
1.25742
1.30136
1.33426
1.35661
1.37457
1.384
1.38562
1.36806
1.3273
1.28542
1.26206
1.25683
1.2593
1.26586
1.28834
1.35448
1.41266
1.43195
1.43595
1.42765
1.42
1.41564
1.39784
1.37214
1.35816
1.35401
1.35133
1.34592
1.34736
1.36949
1.41804
1.45625
1.47738
1.49154
1.50286
1.50853
1.503
1.46289
1.41022
1.38067
1.37264
1.37344
1.37891
1.41882
1.49034
1.52635
1.53456
1.53599
1.53304
1.52696
1.50799
1.45884
1.41183
1.39223
1.39035
1.39715
1.44137
1.4701
1.53209
3.54851
15.1125
1.13787
1.10423
1.09903
1.10055
1.1022
1.10246
1.10288
1.10648
1.12817
1.18199
1.21958
1.23382
1.24093
1.24602
1.24465
1.21862
1.18047
1.15687
1.14905
1.14958
1.15323
1.1582
1.16414
1.1829
1.23681
1.27729
1.29064
1.29414
1.29744
1.2998
1.29271
1.2715
1.25265
1.24202
1.23388
1.22
1.20671
1.20473
1.21036
1.23999
1.30664
1.36048
1.38216
1.39007
1.39458
1.39173
1.36395
1.31049
1.27609
1.26733
1.27137
1.28527
1.30169
1.31733
1.35398
1.39129
1.40743
1.41304
1.41838
1.4277
1.43618
1.43012
1.40277
1.37431
1.35188
1.33614
1.32988
1.33213
1.35199
1.4097
1.46461
1.49304
1.50498
1.50997
1.51138
1.49973
1.4534
1.40225
1.37966
1.37636
1.38125
1.3931
1.42916
1.4852
1.51266
1.51893
1.52044
1.52212
1.52404
1.51427
1.46961
1.41888
1.39128
1.38414
1.38611
1.41313
1.48887
3.62946
15.1393
1.17138
1.13876
1.11438
1.10642
1.10303
1.10068
1.10297
1.1067
1.11211
1.13257
1.1883
1.22921
1.24279
1.24778
1.24916
1.24714
1.22654
1.18908
1.16546
1.15866
1.15939
1.16266
1.16661
1.1704
1.17998
1.21862
1.26438
1.29069
1.30489
1.31578
1.32286
1.32092
1.29931
1.26822
1.23774
1.21423
1.20447
1.20497
1.20879
1.21771
1.25592
1.33415
1.37658
1.38723
1.38608
1.37184
1.36051
1.3473
1.32222
1.30514
1.30148
1.30426
1.30717
1.30327
1.30137
1.32106
1.3659
1.40226
1.42504
1.44301
1.45649
1.46219
1.45392
1.41547
1.3667
1.33548
1.32654
1.32829
1.33284
1.35423
1.42511
1.48194
1.49956
1.50367
1.49918
1.49463
1.48755
1.4566
1.4167
1.39573
1.38928
1.38791
1.38914
1.41554
1.46856
1.49958
1.51214
1.52155
1.52958
1.53146
1.52138
1.47702
1.4192
1.38092
1.36747
1.36036
1.43935
3.67512
15.1536
1.18485
1.18209
1.14785
1.11879
1.10714
1.1056
1.10802
1.1135
1.11783
1.12137
1.13518
1.18522
1.22628
1.24051
1.24618
1.2507
1.25352
1.24006
1.20505
1.17932
1.17004
1.16863
1.16861
1.16667
1.16646
1.17153
1.20073
1.25815
1.30168
1.32154
1.33053
1.33583
1.33644
1.31355
1.26321
1.22579
1.21266
1.21309
1.2217
1.23743
1.25195
1.27673
1.32329
1.35116
1.35834
1.36099
1.36573
1.37173
1.37528
1.36257
1.33933
1.31991
1.30243
1.28475
1.27669
1.27955
1.30016
1.35871
1.41794
1.44968
1.46236
1.46826
1.47037
1.45601
1.4052
1.35509
1.33544
1.33401
1.34127
1.35476
1.37562
1.42638
1.46844
1.48322
1.48781
1.49191
1.49674
1.49782
1.47635
1.43354
1.39939
1.38341
1.38049
1.38154
1.40068
1.45336
1.49556
1.51686
1.52697
1.53099
1.53012
1.51762
1.47278
1.41317
1.37379
1.34433
1.38232
3.65323
15.1734
1.18302
1.18953
1.18648
1.15932
1.1301
1.11928
1.11801
1.11902
1.11908
1.11981
1.12262
1.13289
1.17756
1.22459
1.24505
1.25311
1.25825
1.26244
1.25566
1.2233
1.19319
1.1789
1.17203
1.16683
1.16465
1.16686
1.17185
1.19743
1.26437
1.31383
1.32903
1.33334
1.32849
1.31978
1.30364
1.2711
1.24738
1.24064
1.24312
1.24773
1.25031
1.24839
1.25495
1.29082
1.33399
1.36187
1.3796
1.3962
1.40539
1.40617
1.38679
1.34614
1.30421
1.27983
1.27392
1.27651
1.28147
1.30429
1.37951
1.44109
1.45982
1.46437
1.45809
1.44779
1.43598
1.40565
1.37332
1.35899
1.35665
1.3571
1.35783
1.36523
1.40433
1.45294
1.47839
1.48945
1.49827
1.50859
1.51214
1.49241
1.44122
1.39719
1.37727
1.37028
1.36935
1.38837
1.45133
1.50184
1.52144
1.52715
1.52745
1.52212
1.50314
1.45988
1.40934
1.35787
1.3574
3.57534
15.2143
1.17863
1.19556
1.20072
1.20038
1.17618
1.14285
1.12505
1.119
1.11862
1.11985
1.12189
1.12483
1.13151
1.16805
1.2204
1.24806
1.25938
1.26546
1.26972
1.26818
1.24359
1.20905
1.18478
1.17177
1.16871
1.17152
1.17752
1.18335
1.20044
1.25721
1.30294
1.31662
1.32063
1.32575
1.32965
1.323
1.29975
1.27564
1.26035
1.24953
1.23793
1.22881
1.22863
1.23662
1.2745
1.33809
1.38438
1.40525
1.41403
1.41914
1.41791
1.38955
1.33102
1.29172
1.28084
1.28293
1.2936
1.31079
1.33451
1.38455
1.42485
1.43836
1.44182
1.44534
1.44946
1.4503
1.43405
1.4028
1.37608
1.35843
1.34908
1.34533
1.3498
1.38418
1.44095
1.47923
1.5022
1.51461
1.5189
1.51786
1.49192
1.4317
1.38339
1.36671
1.36519
1.3687
1.39448
1.45933
1.50374
1.5167
1.51753
1.51326
1.50442
1.48914
1.45886
1.40369
1.36808
3.45579
15.2759
1.16071
1.19743
1.2052
1.21019
1.21198
1.19355
1.15674
1.13248
1.12369
1.12251
1.12344
1.12374
1.12452
1.12889
1.15783
1.21641
1.25263
1.26603
1.27375
1.27957
1.2809
1.26051
1.22002
1.19087
1.18039
1.17989
1.1816
1.18234
1.18548
1.19602
1.24184
1.29616
1.3223
1.33184
1.3384
1.34453
1.34465
1.32546
1.29199
1.25951
1.23695
1.22848
1.22868
1.23275
1.24124
1.28215
1.35984
1.40175
1.41283
1.41366
1.40356
1.39248
1.37311
1.33737
1.31371
1.30796
1.31099
1.31512
1.31705
1.32189
1.35382
1.40176
1.43214
1.44797
1.45958
1.47045
1.47447
1.45922
1.4168
1.37239
1.345
1.33611
1.33659
1.34239
1.38289
1.45863
1.49923
1.51051
1.51415
1.51287
1.50625
1.47963
1.42709
1.38899
1.37651
1.37521
1.37614
1.39458
1.44922
1.48842
1.50171
1.50418
1.50325
1.49882
1.48933
1.45456
1.41252
3.34754
15.3504
1.12057
1.18711
1.2057
1.21253
1.21791
1.22087
1.2072
1.17034
1.14156
1.12963
1.12483
1.1213
1.12247
1.12597
1.13171
1.15744
1.21883
1.26134
1.27576
1.28105
1.28284
1.28263
1.27019
1.23501
1.20253
1.18661
1.18243
1.18376
1.18645
1.18999
1.19633
1.22986
1.28915
1.3251
1.34086
1.34936
1.35463
1.35696
1.3407
1.29542
1.25597
1.23958
1.2384
1.24373
1.25332
1.26453
1.29497
1.35193
1.38349
1.39148
1.39447
1.39817
1.40066
1.39409
1.36917
1.34315
1.32639
1.31407
1.30254
1.29697
1.30132
1.3316
1.39208
1.4407
1.46692
1.47904
1.48449
1.48473
1.46401
1.40608
1.35683
1.33915
1.33809
1.34424
1.35908
1.40057
1.46162
1.49094
1.49847
1.5001
1.49963
1.49724
1.48269
1.4433
1.40442
1.38302
1.37433
1.37131
1.38107
1.43082
1.47684
1.49661
1.50132
1.49936
1.49645
1.48037
1.47156
3.29154
15.4207
1.08954
1.14725
1.19583
1.21432
1.22056
1.2234
1.22564
1.21942
1.18567
1.14697
1.12751
1.12366
1.12552
1.13088
1.13766
1.14327
1.15984
1.21256
1.25691
1.27271
1.27845
1.28281
1.28726
1.28334
1.25427
1.21861
1.19857
1.19187
1.19025
1.19007
1.19235
1.19716
1.22236
1.28461
1.33107
1.34711
1.35245
1.35356
1.35099
1.34102
1.30679
1.27245
1.25773
1.2558
1.25869
1.26114
1.2632
1.27859
1.32669
1.37131
1.39439
1.40601
1.41678
1.42437
1.42189
1.39553
1.35584
1.31955
1.29725
1.29132
1.29342
1.29843
1.32873
1.40787
1.46089
1.47591
1.48006
1.4769
1.4675
1.44668
1.40286
1.36851
1.35745
1.35792
1.36054
1.36375
1.39148
1.44486
1.47669
1.48864
1.49437
1.50066
1.50542
1.49866
1.46063
1.41067
1.3775
1.36292
1.35783
1.36513
1.41807
1.47304
1.49547
1.49861
1.49707
1.48375
1.51281
3.29649
15.4772
1.09672
1.10963
1.14316
1.18968
1.21238
1.21984
1.22369
1.22592
1.22143
1.19377
1.15723
1.13937
1.13644
1.13846
1.14092
1.14366
1.14736
1.15734
1.19975
1.25083
1.27561
1.28472
1.28912
1.29297
1.29396
1.27509
1.23732
1.20776
1.19342
1.18998
1.19205
1.19587
1.20023
1.21905
1.27918
1.32838
1.34498
1.35008
1.35537
1.35944
1.35489
1.32464
1.28926
1.26899
1.26003
1.25605
1.25211
1.25208
1.26222
1.30829
1.36883
1.40645
1.4247
1.43397
1.43918
1.43691
1.40451
1.34698
1.30836
1.29614
1.29677
1.30401
1.31934
1.35102
1.41192
1.44976
1.46054
1.46305
1.46492
1.46533
1.45576
1.425
1.39142
1.37051
1.35953
1.35561
1.35538
1.37228
1.42357
1.46756
1.4918
1.50635
1.51265
1.51418
1.50737
1.46605
1.40469
1.36491
1.35069
1.34748
1.35715
1.41839
1.47689
1.49372
1.49386
1.48049
1.53264
3.34331
15.5313
1.1018
1.10497
1.10728
1.13085
1.18029
1.20939
1.21949
1.2232
1.22664
1.22885
1.21241
1.17687
1.15297
1.14421
1.14393
1.14717
1.14931
1.14948
1.15398
1.18451
1.24079
1.27478
1.28776
1.2946
1.29939
1.30257
1.29204
1.25443
1.21761
1.20009
1.19645
1.19872
1.20315
1.20787
1.21946
1.2682
1.32322
1.34759
1.3555
1.35955
1.36271
1.36345
1.34352
1.30653
1.27683
1.25862
1.24997
1.24894
1.25201
1.26002
1.30504
1.38073
1.42163
1.43308
1.43635
1.43232
1.42292
1.3966
1.35165
1.3229
1.31539
1.3177
1.32162
1.32474
1.34159
1.39158
1.43363
1.45271
1.46205
1.47037
1.47905
1.47767
1.44793
1.40242
1.36798
1.3489
1.34172
1.34167
1.3582
1.4206
1.48088
1.50531
1.51113
1.51264
1.5105
1.49891
1.4551
1.39394
1.35764
1.34635
1.34608
1.36616
1.4264
1.47026
1.48119
1.46839
1.53156
3.42734
15.5838
1.1045
1.10214
1.10067
1.10261
1.116
1.16104
1.20139
1.2195
1.22777
1.23301
1.23743
1.23351
1.20478
1.17419
1.15957
1.1532
1.14728
1.14609
1.14878
1.15333
1.17567
1.23229
1.27568
1.29231
1.29849
1.30268
1.3061
1.30276
1.27369
1.23403
1.21223
1.2067
1.20667
1.20699
1.2096
1.21651
1.25382
1.31107
1.34202
1.35541
1.36646
1.37404
1.37703
1.3619
1.31858
1.27708
1.257
1.25345
1.25672
1.26298
1.27295
1.31082
1.37727
1.41244
1.42166
1.4251
1.42807
1.42786
1.40975
1.37366
1.34506
1.32961
1.32116
1.31714
1.31651
1.32626
1.37091
1.4239
1.45723
1.47795
1.48846
1.49237
1.48804
1.45193
1.39392
1.35416
1.34122
1.34021
1.34435
1.36619
1.43292
1.48741
1.50195
1.50262
1.49618
1.49115
1.48492
1.45437
1.40264
1.36746
1.35502
1.35214
1.3641
1.41407
1.44964
1.44916
1.51656
3.52773
15.6263
1.11135
1.10064
1.09561
1.0917
1.09228
1.10229
1.14514
1.19657
1.22344
1.23833
1.25062
1.25662
1.2551
1.22633
1.18263
1.15621
1.14884
1.1489
1.15129
1.15393
1.15661
1.16901
1.22014
1.27239
1.29433
1.30309
1.31029
1.31539
1.3154
1.29112
1.24765
1.21943
1.20902
1.20769
1.20875
1.21064
1.21459
1.24069
1.30372
1.35131
1.3696
1.37634
1.38069
1.38371
1.37103
1.32634
1.28543
1.26812
1.26509
1.26738
1.27112
1.27563
1.30096
1.36071
1.40411
1.4217
1.42799
1.43201
1.43669
1.4312
1.39931
1.35938
1.3301
1.31341
1.30794
1.30917
1.31791
1.36551
1.43612
1.47395
1.48504
1.48887
1.48903
1.48226
1.4458
1.3912
1.35986
1.35167
1.35254
1.35503
1.37094
1.4273
1.47152
1.48371
1.48536
1.48767
1.49055
1.49102
1.46717
1.41175
1.36556
1.34518
1.34187
1.35053
1.39702
1.42309
1.49913
3.62524
15.6564
1.12417
1.09304
1.08533
1.08432
1.08626
1.09108
1.10135
1.1421
1.20639
1.24225
1.25381
1.2591
1.2622
1.26043
1.23786
1.19608
1.1686
1.15861
1.1539
1.15152
1.15376
1.15843
1.17032
1.21534
1.27303
1.30165
1.31129
1.31535
1.31679
1.3176
1.3046
1.26691
1.23331
1.21686
1.21089
1.2104
1.21366
1.21861
1.23987
1.30367
1.35535
1.37352
1.38002
1.3835
1.38482
1.37669
1.3412
1.30223
1.28099
1.27332
1.27207
1.27348
1.27551
1.28884
1.34118
1.39475
1.4215
1.43669
1.4475
1.45203
1.44676
1.4098
1.35635
1.32119
1.30989
1.31023
1.3145
1.32613
1.3743
1.44025
1.47045
1.47833
1.48105
1.48197
1.47677
1.44842
1.40433
1.37389
1.35906
1.35396
1.35363
1.36234
1.4103
1.45894
1.4796
1.48751
1.49461
1.49992
1.49957
1.47555
1.41413
1.35807
1.33341
1.3288
1.34018
1.38086
1.47354
3.7013
15.6741
1.14704
1.09536
1.08717
1.08684
1.08892
1.09381
1.10182
1.11445
1.15331
1.21579
1.24757
1.25728
1.2606
1.26271
1.26434
1.25183
1.20847
1.17002
1.15565
1.15466
1.15812
1.16561
1.1723
1.17915
1.2079
1.26337
1.29685
1.30903
1.31659
1.32359
1.32753
1.32023
1.28217
1.23991
1.21884
1.21454
1.21759
1.22293
1.22885
1.24329
1.29531
1.34854
1.3706
1.37799
1.38241
1.38598
1.38623
1.36367
1.32353
1.29444
1.27974
1.27141
1.26772
1.27011
1.28124
1.33367
1.40272
1.43647
1.44633
1.45068
1.45161
1.44519
1.41018
1.35843
1.32848
1.32066
1.32183
1.32525
1.33222
1.37277
1.43344
1.46386
1.47331
1.47619
1.47829
1.47896
1.46557
1.42514
1.38252
1.35692
1.34777
1.34637
1.35233
1.3953
1.45101
1.48059
1.49393
1.49927
1.49998
1.49693
1.46812
1.40299
1.34725
1.32428
1.3213
1.33104
1.43383
3.73681
15.6947
1.17223
1.12521
1.10306
1.09747
1.09909
1.10517
1.11439
1.12482
1.13446
1.15763
1.20903
1.24464
1.25776
1.26237
1.26137
1.25598
1.24774
1.21957
1.18677
1.17278
1.17121
1.173
1.17391
1.17602
1.18033
1.19905
1.25218
1.29786
1.31689
1.32334
1.32539
1.326
1.32386
1.29763
1.25617
1.23238
1.22598
1.22634
1.22729
1.22925
1.23747
1.27983
1.33863
1.36894
1.38168
1.39145
1.39769
1.39947
1.38075
1.33479
1.29429
1.2743
1.2703
1.27273
1.27808
1.28766
1.33288
1.40076
1.43261
1.44175
1.44584
1.44878
1.44568
1.41652
1.37061
1.34138
1.33047
1.32887
1.33109
1.33393
1.35929
1.41523
1.45166
1.46716
1.47761
1.48626
1.48989
1.48067
1.43534
1.38025
1.34929
1.34013
1.33912
1.34433
1.39254
1.459
1.48713
1.49361
1.49424
1.49179
1.48286
1.45054
1.39602
1.35064
1.32766
1.30833
1.38699
3.71813
15.7212
1.18631
1.1746
1.14422
1.12428
1.11933
1.12269
1.13006
1.13737
1.14016
1.14102
1.1497
1.18774
1.22835
1.24542
1.25046
1.25434
1.25961
1.26107
1.24385
1.21089
1.18813
1.17849
1.17734
1.17985
1.1813
1.18264
1.19175
1.23672
1.28895
1.31122
1.32021
1.32848
1.33439
1.3361
1.31618
1.27444
1.24497
1.2323
1.22834
1.22904
1.23203
1.23749
1.26867
1.3324
1.37489
1.39023
1.39563
1.39815
1.40022
1.39003
1.34784
1.30454
1.28518
1.28062
1.28066
1.2829
1.28937
1.32759
1.39397
1.43007
1.44157
1.44541
1.44799
1.44955
1.43292
1.39085
1.35623
1.33816
1.32675
1.31988
1.32145
1.34401
1.40556
1.45658
1.47939
1.488
1.49165
1.49179
1.47971
1.4283
1.37046
1.34341
1.33826
1.34034
1.35172
1.39959
1.4549
1.47673
1.48115
1.48103
1.47881
1.47102
1.44609
1.40318
1.36302
1.31998
1.34278
3.65089
15.7529
1.18462
1.19521
1.19709
1.18371
1.16442
1.15252
1.14768
1.14493
1.13876
1.13317
1.13056
1.13347
1.15894
1.20721
1.23954
1.25371
1.26128
1.2684
1.27489
1.27097
1.24188
1.20982
1.19345
1.1855
1.17904
1.17796
1.18088
1.1878
1.22328
1.28215
1.31663
1.32923
1.3349
1.33926
1.34377
1.33561
1.29724
1.25857
1.23942
1.23398
1.23377
1.23528
1.23815
1.25867
1.32062
1.36871
1.38631
1.39551
1.40256
1.40636
1.39893
1.35953
1.31327
1.28907
1.2829
1.28479
1.28913
1.29369
1.31918
1.37945
1.42074
1.43838
1.45048
1.45835
1.46071
1.44605
1.40044
1.35297
1.32625
1.31865
1.31859
1.32165
1.34291
1.41142
1.466
1.48261
1.48629
1.48504
1.4798
1.46715
1.42533
1.37582
1.35246
1.34743
1.34695
1.34981
1.38955
1.44148
1.46522
1.47284
1.47574
1.4754
1.46928
1.44895
1.41219
1.35377
1.32678
3.55166
15.7905
1.17714
1.21223
1.22916
1.23644
1.22942
1.2016
1.17006
1.14779
1.13611
1.12735
1.11872
1.11525
1.1181
1.13836
1.19154
1.23668
1.26013
1.27827
1.28998
1.29527
1.29259
1.2618
1.21587
1.18854
1.18085
1.18046
1.18193
1.18295
1.18636
1.21058
1.27099
1.31364
1.3317
1.3443
1.35263
1.35659
1.34988
1.31092
1.26516
1.24101
1.23322
1.23147
1.23242
1.23647
1.25387
1.31626
1.37419
1.39542
1.40152
1.40315
1.40541
1.40457
1.37639
1.33051
1.30325
1.29392
1.28949
1.28745
1.29022
1.31014
1.3718
1.42643
1.44881
1.45563
1.4589
1.4603
1.45043
1.40544
1.35311
1.32833
1.32302
1.32493
1.33023
1.35361
1.41533
1.45965
1.4723
1.47471
1.47589
1.47549
1.4679
1.4336
1.38611
1.35648
1.3455
1.34357
1.34579
1.37627
1.42821
1.46006
1.47241
1.47436
1.47154
1.46479
1.44748
1.39942
1.36019
3.44114
15.8473
1.14984
1.2231
1.24843
1.25959
1.26471
1.25709
1.22021
1.17188
1.13893
1.11867
1.10925
1.10899
1.11231
1.11869
1.13614
1.19374
1.25602
1.28344
1.29277
1.29765
1.29978
1.29624
1.27058
1.22731
1.19941
1.18794
1.18112
1.17907
1.18199
1.18729
1.20835
1.27145
1.32595
1.34627
1.3529
1.35567
1.35614
1.35281
1.32378
1.27557
1.24422
1.23424
1.23532
1.24043
1.24643
1.25818
1.30767
1.36462
1.3888
1.39912
1.40849
1.41399
1.41439
1.39084
1.34269
1.30636
1.29079
1.28833
1.29064
1.29423
1.30845
1.36639
1.42398
1.44587
1.45346
1.45849
1.46104
1.45146
1.40644
1.35828
1.33662
1.33217
1.33405
1.33678
1.35143
1.40394
1.44808
1.46461
1.46931
1.4717
1.47685
1.47695
1.45009
1.39847
1.36151
1.34408
1.33356
1.33045
1.35864
1.42127
1.45974
1.47105
1.47087
1.46509
1.45547
1.42703
1.41876
3.37143
15.9158
1.10792
1.21726
1.25453
1.26419
1.26877
1.26667
1.25314
1.21292
1.1544
1.12212
1.11291
1.11271
1.11653
1.12492
1.13772
1.15602
1.20824
1.26472
1.28818
1.29557
1.29783
1.29863
1.29828
1.28143
1.23437
1.19647
1.1831
1.18226
1.18649
1.19508
1.20346
1.2177
1.26749
1.32109
1.34288
1.35015
1.35463
1.35901
1.3599
1.33648
1.28781
1.25695
1.24833
1.24712
1.24606
1.24796
1.25552
1.29667
1.36162
1.39713
1.40848
1.4126
1.41509
1.41734
1.40355
1.35705
1.31546
1.29805
1.29312
1.2925
1.29515
1.30806
1.36657
1.42695
1.44979
1.45561
1.45654
1.45564
1.45005
1.41926
1.37748
1.35023
1.33758
1.33399
1.3342
1.34178
1.38536
1.43349
1.45851
1.47549
1.48588
1.48817
1.48533
1.45785
1.39705
1.34819
1.32843
1.32298
1.32228
1.35537
1.42663
1.46349
1.46808
1.46309
1.45477
1.43517
1.46752
3.35558
15.9803
1.10333
1.17057
1.22875
1.25208
1.25668
1.24885
1.23142
1.2129
1.18965
1.15516
1.13424
1.12933
1.13233
1.14009
1.15072
1.1616
1.17278
1.20624
1.25618
1.28279
1.29172
1.29386
1.28897
1.28371
1.2764
1.24568
1.21297
1.20056
1.19967
1.20188
1.20442
1.20791
1.21679
1.25644
1.3141
1.34415
1.35423
1.35768
1.35864
1.3602
1.34784
1.30538
1.26678
1.24901
1.24597
1.24869
1.25347
1.25977
1.28892
1.35128
1.39111
1.40587
1.41474
1.42084
1.42371
1.4114
1.36388
1.31787
1.29766
1.29477
1.29858
1.30475
1.31394
1.35894
1.41519
1.43925
1.4472
1.45402
1.45995
1.46122
1.43868
1.39193
1.35368
1.33391
1.32557
1.3235
1.32993
1.37799
1.44444
1.47571
1.48379
1.48579
1.48567
1.48027
1.44974
1.38812
1.34354
1.32568
1.32057
1.32394
1.36543
1.4295
1.4561
1.45593
1.44874
1.43123
1.49367
3.39365
16.0391
1.12716
1.14761
1.16586
1.19582
1.21472
1.21922
1.21871
1.21939
1.21755
1.20383
1.17722
1.15912
1.15485
1.15846
1.16613
1.17362
1.17686
1.17784
1.18856
1.22583
1.2596
1.27368
1.27947
1.28636
1.29256
1.29248
1.2705
1.23632
1.21571
1.20867
1.20953
1.21334
1.21321
1.21549
1.23884
1.29561
1.33419
1.34858
1.35682
1.36342
1.36768
1.36098
1.32319
1.28134
1.26153
1.25642
1.25506
1.25536
1.25888
1.2801
1.34363
1.39497
1.41286
1.41797
1.41878
1.4202
1.41499
1.37724
1.33284
1.31261
1.3067
1.30262
1.30166
1.30725
1.34688
1.40836
1.44329
1.45774
1.4651
1.46924
1.46888
1.44646
1.39346
1.34698
1.32664
1.32296
1.32441
1.33371
1.38506
1.44979
1.47424
1.47815
1.47659
1.47095
1.46478
1.44317
1.39344
1.35185
1.3326
1.32695
1.32621
1.36176
1.41635
1.43866
1.43985
1.42399
1.49947
3.47147
16.084
1.1437
1.14755
1.13248
1.1245
1.13698
1.17093
1.2011
1.21527
1.22137
1.22711
1.22861
1.21926
1.20392
1.19249
1.18665
1.18246
1.17369
1.16334
1.15779
1.16204
1.19328
1.24252
1.27363
1.28756
1.29632
1.30614
1.3126
1.30222
1.26676
1.23738
1.22403
1.21475
1.20603
1.2036
1.20642
1.22364
1.28002
1.33282
1.35566
1.36368
1.3682
1.37387
1.37461
1.34578
1.29806
1.26824
1.25786
1.25736
1.26003
1.26285
1.27548
1.33179
1.38531
1.40514
1.41435
1.42224
1.4264
1.4233
1.39136
1.34446
1.31425
1.30247
1.30076
1.30256
1.30675
1.33849
1.40563
1.44896
1.46294
1.46682
1.46807
1.46588
1.44606
1.39339
1.34846
1.33169
1.3284
1.32904
1.33577
1.38493
1.44491
1.46609
1.46794
1.46706
1.46676
1.4657
1.45122
1.40484
1.35569
1.32768
1.3185
1.31736
1.34851
1.40178
1.42754
1.42067
1.49888
3.55609
16.116
1.15705
1.13222
1.10139
1.08653
1.08779
1.10553
1.15311
1.19751
1.2224
1.24323
1.26349
1.27265
1.26742
1.24254
1.21079
1.18441
1.16633
1.1512
1.14104
1.13926
1.14374
1.17247
1.23208
1.27558
1.3002
1.32127
1.33196
1.33654
1.32707
1.28548
1.2392
1.21406
1.2058
1.20363
1.20418
1.20621
1.21605
1.26534
1.32742
1.35833
1.37238
1.38179
1.38717
1.38719
1.3619
1.31219
1.27808
1.26553
1.26024
1.25837
1.26114
1.27263
1.32399
1.38549
1.413
1.42108
1.4247
1.42834
1.43016
1.40709
1.35616
1.31957
1.30566
1.30114
1.30101
1.30504
1.3376
1.40876
1.44936
1.45981
1.46249
1.46389
1.4618
1.44345
1.39433
1.35212
1.33401
1.32993
1.33182
1.33751
1.37786
1.43352
1.45838
1.46444
1.46616
1.4699
1.47122
1.46067
1.41208
1.35298
1.31779
1.30676
1.30565
1.33906
1.3962
1.41056
1.49454
3.63551
16.1402
1.16698
1.10675
1.07689
1.06703
1.06686
1.07067
1.08776
1.14042
1.20721
1.25664
1.28709
1.30045
1.30565
1.29859
1.26157
1.20731
1.16601
1.14234
1.13406
1.13452
1.13829
1.14571
1.17134
1.24157
1.30198
1.32589
1.33497
1.33971
1.34199
1.33461
1.29225
1.24129
1.21498
1.20486
1.2007
1.20214
1.20643
1.2166
1.26281
1.33406
1.37046
1.38167
1.3865
1.38941
1.38993
1.37097
1.31921
1.27721
1.26171
1.26022
1.26359
1.26779
1.27452
1.31499
1.3776
1.40928
1.42253
1.43156
1.43585
1.43558
1.41115
1.35609
1.31613
1.30269
1.30222
1.30649
1.31371
1.34236
1.40597
1.44418
1.45413
1.45517
1.45532
1.45728
1.44947
1.40936
1.36675
1.34398
1.33367
1.32888
1.32973
1.36274
1.42024
1.45126
1.46303
1.47085
1.47353
1.4729
1.46173
1.40858
1.34042
1.3055
1.29948
1.30315
1.34511
1.38166
1.4744
3.70657
16.1649
1.19469
1.09808
1.06956
1.06386
1.06374
1.06861
1.07613
1.09193
1.15565
1.25302
1.29459
1.30602
1.31037
1.30822
1.29211
1.24619
1.18331
1.14881
1.13904
1.13911
1.14418
1.15494
1.16911
1.19413
1.25914
1.31294
1.33305
1.33956
1.34146
1.3392
1.32997
1.29236
1.2402
1.21239
1.20495
1.20655
1.21362
1.22313
1.23305
1.2651
1.32988
1.36845
1.38043
1.385
1.3878
1.38646
1.37087
1.32971
1.29022
1.27366
1.26883
1.26651
1.2679
1.27363
1.31174
1.38223
1.41953
1.42936
1.43178
1.43139
1.43128
1.41515
1.36766
1.32998
1.3163
1.31349
1.3132
1.31405
1.33429
1.39232
1.43076
1.44445
1.45538
1.46372
1.4664
1.45988
1.42071
1.36855
1.33474
1.32209
1.32023
1.32162
1.35446
1.42229
1.46009
1.46945
1.47106
1.4709
1.46849
1.45132
1.39338
1.33279
1.30554
1.30146
1.30847
1.33484
1.43708
3.75376
16.1906
1.19788
1.1148
1.08176
1.07186
1.07021
1.07406
1.08277
1.10251
1.14184
1.20802
1.27351
1.29696
1.30167
1.28991
1.26598
1.24439
1.2206
1.18619
1.16418
1.15826
1.16089
1.16815
1.17848
1.19033
1.20859
1.25814
1.3064
1.32522
1.32909
1.32391
1.3165
1.31326
1.29721
1.25926
1.23294
1.22505
1.22524
1.22755
1.23065
1.23622
1.26166
1.32261
1.36463
1.37884
1.3828
1.3846
1.38746
1.38199
1.34518
1.29864
1.27403
1.26835
1.27054
1.27623
1.28318
1.31347
1.37665
1.41187
1.42219
1.42869
1.4342
1.43571
1.42307
1.38039
1.33816
1.31611
1.30853
1.30795
1.30952
1.32794
1.38873
1.43846
1.45702
1.4629
1.46589
1.46735
1.46173
1.42207
1.36418
1.32949
1.31918
1.31897
1.32412
1.3608
1.42589
1.45656
1.46239
1.46196
1.45958
1.45523
1.4374
1.39007
1.34004
1.31216
1.30357
1.29111
1.38876
3.77273
16.2074
1.1966
1.14944
1.11732
1.09701
1.09016
1.09279
1.10698
1.1383
1.16539
1.18431
1.21109
1.24347
1.25797
1.25675
1.25331
1.25281
1.24975
1.23549
1.20766
1.18727
1.18179
1.18564
1.19554
1.20553
1.20919
1.21109
1.2286
1.26784
1.29505
1.30607
1.31351
1.3229
1.32747
1.32022
1.28781
1.25496
1.23871
1.23531
1.23895
1.24276
1.2434
1.25212
1.29829
1.34913
1.37205
1.38055
1.38488
1.38892
1.38981
1.36131
1.31328
1.28776
1.28114
1.27953
1.27999
1.28346
1.30872
1.37169
1.41371
1.42745
1.43136
1.43312
1.43471
1.42838
1.3921
1.34623
1.31916
1.31068
1.31092
1.31472
1.32936
1.38545
1.43718
1.4556
1.46034
1.46187
1.46336
1.46052
1.42446
1.36695
1.33396
1.32528
1.32496
1.32612
1.35805
1.41642
1.44357
1.4502
1.45257
1.45392
1.45268
1.43816
1.39568
1.34966
1.31714
1.28147
1.32903
3.75955
16.2145
1.19369
1.18763
1.16649
1.14117
1.12756
1.13074
1.14917
1.16904
1.17733
1.17982
1.17292
1.16557
1.17684
1.2085
1.23704
1.24922
1.25311
1.25644
1.25716
1.24961
1.23629
1.22574
1.22046
1.21555
1.20241
1.18736
1.18167
1.19239
1.23681
1.28703
1.3135
1.32473
1.33365
1.34368
1.34646
1.3236
1.28542
1.26204
1.25125
1.2393
1.22909
1.22734
1.23524
1.28101
1.34241
1.3717
1.38346
1.3926
1.39747
1.39748
1.3741
1.32769
1.29517
1.2831
1.28216
1.28466
1.28701
1.30178
1.35746
1.40365
1.4201
1.42714
1.43246
1.43714
1.43688
1.40758
1.35785
1.32779
1.31759
1.31353
1.31311
1.32401
1.37944
1.43384
1.45215
1.45805
1.46232
1.46395
1.45995
1.42678
1.37113
1.33574
1.32357
1.32181
1.32297
1.35003
1.40375
1.4351
1.44825
1.45562
1.45776
1.4535
1.43752
1.398
1.35194
1.29515
1.30348
3.68626
16.2318
1.17695
1.19094
1.19664
1.19957
1.19884
1.19885
1.19749
1.19464
1.1873
1.16877
1.13832
1.11929
1.11943
1.13996
1.19031
1.23128
1.25138
1.27178
1.29457
1.30621
1.30181
1.27713
1.24407
1.21371
1.18966
1.16959
1.15983
1.16006
1.17015
1.21813
1.28212
1.31898
1.34359
1.36262
1.37114
1.37324
1.35211
1.30225
1.25637
1.23177
1.22258
1.22148
1.22371
1.23173
1.2769
1.34763
1.38216
1.39185
1.39635
1.40096
1.40469
1.39059
1.34461
1.30723
1.29168
1.28328
1.27856
1.28023
1.29346
1.34834
1.40337
1.42658
1.43589
1.44224
1.44501
1.44351
1.41464
1.36088
1.32422
1.31173
1.31046
1.31212
1.32288
1.37805
1.43509
1.45554
1.45985
1.46079
1.46151
1.45916
1.43163
1.37718
1.33766
1.32243
1.31834
1.31711
1.33894
1.39646
1.4371
1.45347
1.45679
1.45426
1.44649
1.42521
1.38686
1.32851
1.31465
3.58694
16.279
1.13792
1.18939
1.21583
1.25067
1.2701
1.27039
1.25279
1.22639
1.19389
1.15008
1.11071
1.09458
1.09296
1.0968
1.1178
1.1758
1.24004
1.28918
1.32442
1.34025
1.3455
1.33749
1.29633
1.2347
1.18694
1.16129
1.15387
1.15513
1.15935
1.17003
1.21809
1.30076
1.35035
1.3685
1.37601
1.38054
1.37985
1.35882
1.2972
1.24474
1.22539
1.22237
1.22454
1.22952
1.24016
1.28122
1.34522
1.38015
1.39548
1.40657
1.41186
1.41231
1.39673
1.34758
1.30241
1.28272
1.27874
1.27976
1.28319
1.29419
1.34489
1.40595
1.4322
1.4391
1.44186
1.44357
1.44275
1.41724
1.36296
1.32671
1.31514
1.31397
1.31586
1.32505
1.37422
1.42793
1.44845
1.45543
1.46003
1.46233
1.46156
1.43786
1.38047
1.33536
1.31794
1.31334
1.3123
1.33566
1.40067
1.44221
1.45286
1.452
1.44509
1.42894
1.40549
1.36387
1.36207
3.49306
16.3527
1.07268
1.15503
1.2296
1.28518
1.31195
1.31841
1.31224
1.27782
1.21248
1.14359
1.10349
1.09062
1.0899
1.0934
1.10004
1.11704
1.18836
1.28768
1.33419
1.34792
1.35293
1.35129
1.33217
1.27481
1.20358
1.16827
1.15896
1.15932
1.16428
1.17474
1.19185
1.24264
1.3252
1.36516
1.37607
1.37941
1.37384
1.35732
1.33177
1.28805
1.24957
1.23411
1.23231
1.23537
1.24016
1.24766
1.28233
1.35271
1.39353
1.40532
1.40809
1.40595
1.4024
1.39222
1.35272
1.30916
1.28975
1.28508
1.28593
1.2885
1.29635
1.34346
1.4032
1.42806
1.43593
1.44088
1.44395
1.44333
1.42036
1.36909
1.33179
1.31801
1.31451
1.3132
1.31917
1.36537
1.42517
1.45237
1.46056
1.46307
1.46362
1.46075
1.43559
1.37613
1.33172
1.31584
1.31187
1.31245
1.34331
1.4057
1.43797
1.44249
1.43704
1.42665
1.41505
1.38943
1.41765
3.43441
16.4272
1.04995
1.08991
1.2082
1.29162
1.31608
1.32247
1.3226
1.30256
1.23848
1.16054
1.11559
1.09862
1.09574
1.09835
1.10553
1.12036
1.15566
1.24408
1.32092
1.3438
1.3491
1.33688
1.30725
1.27779
1.24423
1.20401
1.18161
1.176
1.1785
1.18701
1.20211
1.22219
1.2645
1.32499
1.35337
1.35824
1.35259
1.34719
1.34539
1.33587
1.30051
1.26348
1.24639
1.24359
1.24788
1.25806
1.27007
1.29329
1.34663
1.38185
1.3927
1.39659
1.39994
1.40318
1.39879
1.36326
1.31827
1.29483
1.28797
1.28809
1.29067
1.29703
1.3402
1.40365
1.43299
1.44091
1.44363
1.44567
1.44554
1.4274
1.37466
1.33038
1.31285
1.31031
1.31165
1.31841
1.36473
1.42729
1.45415
1.46014
1.46065
1.45843
1.45327
1.42853
1.37521
1.33635
1.32071
1.31585
1.31398
1.34066
1.39625
1.42474
1.42864
1.42359
1.41685
1.40006
1.45924
3.42669
16.4825
1.06643
1.09432
1.1552
1.24993
1.29806
1.30841
1.3027
1.27547
1.23799
1.19571
1.15235
1.12489
1.11524
1.11585
1.12428
1.14863
1.18162
1.21458
1.26079
1.29862
1.30901
1.30115
1.29201
1.28729
1.27931
1.25431
1.21992
1.20127
1.19897
1.20819
1.22517
1.23691
1.24129
1.25191
1.28469
1.31651
1.33304
1.34005
1.34323
1.34486
1.343
1.32283
1.29179
1.27384
1.26926
1.26914
1.2676
1.26797
1.27872
1.32297
1.36851
1.38938
1.3965
1.39965
1.40311
1.40393
1.37895
1.33396
1.30441
1.2933
1.29234
1.29527
1.30106
1.33837
1.39954
1.43015
1.44006
1.44411
1.44588
1.44545
1.42709
1.37392
1.33093
1.31526
1.31255
1.31364
1.32081
1.36812
1.4273
1.4497
1.45312
1.45305
1.45174
1.44853
1.43022
1.38281
1.34074
1.31889
1.31015
1.30718
1.33011
1.38511
1.41736
1.42349
1.41953
1.4018
1.47888
3.46119
16.5144
1.08821
1.11581
1.14397
1.17875
1.23137
1.26022
1.26249
1.25165
1.23982
1.22766
1.20175
1.17015
1.1509
1.14774
1.15951
1.18294
1.19742
1.20259
1.20749
1.21676
1.23403
1.2565
1.27543
1.28291
1.2847
1.28327
1.27456
1.26117
1.25271
1.25021
1.24956
1.24605
1.23008
1.21617
1.21671
1.24395
1.29327
1.32557
1.33987
1.35004
1.36027
1.36608
1.3588
1.32857
1.2975
1.27783
1.26598
1.25726
1.25249
1.25931
1.30261
1.35835
1.38519
1.39728
1.40675
1.41291
1.41503
1.39595
1.34919
1.31327
1.29926
1.29556
1.29485
1.29836
1.33121
1.39423
1.42791
1.43697
1.43981
1.44183
1.44286
1.4297
1.38207
1.33887
1.32087
1.31678
1.31716
1.32215
1.3652
1.42097
1.44419
1.4497
1.45116
1.45219
1.45143
1.43591
1.38868
1.34094
1.31263
1.3009
1.29716
1.32176
1.38199
1.41504
1.41934
1.40175
1.48623
3.52253
16.5377
1.119
1.13947
1.14681
1.15038
1.15326
1.16561
1.19051
1.21659
1.22924
1.2325
1.23624
1.23041
1.21677
1.20875
1.20889
1.21089
1.21025
1.20054
1.17738
1.16044
1.16255
1.18826
1.23622
1.26881
1.28314
1.29878
1.31714
1.32595
1.31876
1.29643
1.2695
1.24306
1.21788
1.19565
1.18712
1.19044
1.21867
1.28013
1.32769
1.35318
1.37231
1.38871
1.39632
1.38943
1.35123
1.30309
1.26817
1.24716
1.2399
1.2409
1.24914
1.29534
1.3629
1.39785
1.41066
1.41912
1.42482
1.4269
1.41013
1.3596
1.3153
1.29605
1.29228
1.29327
1.29605
1.3255
1.38836
1.42416
1.43587
1.4428
1.44677
1.44754
1.43618
1.39108
1.34481
1.32277
1.31578
1.31424
1.31744
1.35664
1.41491
1.44247
1.44996
1.45117
1.4508
1.44932
1.43655
1.39061
1.33468
1.30221
1.2922
1.29159
1.32266
1.3813
1.40683
1.39616
1.48306
3.59778
16.5605
1.15662
1.1566
1.1526
1.13106
1.10729
1.1011
1.11483
1.15996
1.21077
1.23685
1.25018
1.26839
1.28182
1.28027
1.26259
1.24076
1.22076
1.19196
1.15421
1.13172
1.12722
1.13184
1.16057
1.22124
1.27514
1.31519
1.34988
1.36716
1.37062
1.35658
1.31525
1.26033
1.21317
1.18511
1.17679
1.17776
1.18232
1.20695
1.2759
1.3443
1.38382
1.40295
1.4101
1.41184
1.39768
1.34352
1.28067
1.24862
1.24078
1.24136
1.24511
1.25491
1.29872
1.3682
1.40709
1.42142
1.42736
1.43085
1.43019
1.41241
1.3594
1.31305
1.29458
1.29046
1.29129
1.29441
1.32377
1.39056
1.43083
1.44234
1.44537
1.44714
1.44758
1.43901
1.39526
1.34556
1.32029
1.31304
1.31268
1.31692
1.35453
1.41441
1.44262
1.44826
1.44819
1.44724
1.44598
1.4362
1.38925
1.32938
1.2978
1.29015
1.29176
1.3276
1.37374
1.37876
1.46967
3.67929
16.5847
1.199
1.17006
1.14579
1.11192
1.08481
1.07606
1.07792
1.09104
1.14044
1.20576
1.25408
1.29355
1.32296
1.33184
1.32619
1.29521
1.24583
1.19132
1.14768
1.12595
1.12174
1.12379
1.12911
1.1505
1.22433
1.31436
1.36337
1.38083
1.38714
1.38684
1.36615
1.29811
1.22285
1.18827
1.179
1.17915
1.18264
1.18989
1.21749
1.31016
1.38313
1.40331
1.40944
1.40956
1.39917
1.37468
1.32171
1.27267
1.25186
1.2475
1.24906
1.25306
1.26171
1.30753
1.38375
1.41856
1.42748
1.43068
1.43062
1.42341
1.40191
1.35365
1.31226
1.29566
1.29313
1.29599
1.3022
1.32755
1.38898
1.42917
1.44077
1.44432
1.44646
1.4472
1.44088
1.40053
1.34962
1.32353
1.31586
1.31445
1.31652
1.35187
1.41152
1.43847
1.44302
1.44309
1.44398
1.44477
1.43674
1.38834
1.3271
1.29605
1.28982
1.29039
1.32038
1.34674
1.44628
3.75844
16.6075
1.2558
1.20098
1.14804
1.10924
1.08493
1.07728
1.07807
1.08227
1.0921
1.13311
1.22257
1.29819
1.32982
1.33859
1.34232
1.33803
1.29381
1.21049
1.15411
1.13036
1.12496
1.12649
1.13199
1.14315
1.17337
1.27428
1.35803
1.38023
1.38539
1.37927
1.35394
1.31433
1.26178
1.2148
1.19444
1.19024
1.19265
1.20064
1.22079
1.26518
1.34306
1.38551
1.39589
1.39307
1.38159
1.37053
1.35671
1.31962
1.27815
1.2577
1.25371
1.25707
1.26808
1.28771
1.33154
1.38864
1.41321
1.41834
1.41337
1.40863
1.40864
1.40111
1.36335
1.32343
1.30606
1.30192
1.30165
1.30375
1.3256
1.38892
1.43114
1.44249
1.44499
1.44741
1.4485
1.44275
1.40445
1.35142
1.32167
1.31154
1.30966
1.31138
1.34719
1.40793
1.43423
1.44109
1.44608
1.44701
1.44575
1.43391
1.38328
1.32237
1.28979
1.28302
1.28567
1.30513
1.41715
3.80823
16.62
1.27811
1.2487
1.17381
1.12404
1.09708
1.08813
1.08863
1.09354
1.10053
1.10981
1.1489
1.2567
1.32089
1.33553
1.33641
1.32205
1.29277
1.24639
1.18983
1.15553
1.14398
1.14403
1.14997
1.16389
1.18903
1.2305
1.30085
1.34683
1.35744
1.35176
1.3389
1.32674
1.30543
1.26376
1.22518
1.20912
1.20848
1.21998
1.23992
1.25718
1.28186
1.32803
1.35831
1.36723
1.36717
1.36526
1.36338
1.35715
1.32798
1.29394
1.28011
1.2816
1.28922
1.2945
1.29825
1.31915
1.36287
1.38968
1.39883
1.40479
1.41074
1.41327
1.40786
1.37233
1.32939
1.30803
1.30346
1.30622
1.31166
1.32969
1.38691
1.42864
1.44171
1.44456
1.44559
1.44646
1.44189
1.40585
1.34997
1.31707
1.30786
1.30785
1.31214
1.34964
1.41106
1.43795
1.44328
1.44401
1.44351
1.44102
1.42516
1.37484
1.32047
1.29102
1.281
1.26841
1.37801
3.82267
16.6254
1.25973
1.25431
1.22382
1.17469
1.13311
1.11155
1.10416
1.10429
1.10893
1.12234
1.14635
1.1867
1.25703
1.29619
1.30352
1.29797
1.28748
1.27563
1.24869
1.20775
1.17862
1.169
1.17217
1.18677
1.20255
1.21251
1.22999
1.27067
1.30702
1.32205
1.32563
1.32545
1.32258
1.30933
1.27821
1.25353
1.24753
1.25394
1.26167
1.2643
1.26141
1.2608
1.28469
1.32399
1.34853
1.35784
1.36113
1.36313
1.36399
1.35561
1.33634
1.3189
1.30728
1.2963
1.28384
1.28065
1.29435
1.34202
1.38507
1.40303
1.40837
1.41032
1.41506
1.41628
1.39188
1.3495
1.32503
1.31583
1.31029
1.3082
1.32016
1.37451
1.42007
1.43436
1.43894
1.44208
1.44468
1.44329
1.41009
1.35272
1.32077
1.31251
1.31163
1.31405
1.35149
1.40798
1.43094
1.43614
1.43746
1.43703
1.43392
1.41692
1.37043
1.32399
1.29314
1.26136
1.33352
3.79558
16.6371
1.24136
1.25058
1.25112
1.23576
1.18923
1.14628
1.12726
1.12471
1.13369
1.15007
1.1569
1.15978
1.16742
1.20553
1.25009
1.27324
1.2804
1.28362
1.28572
1.2713
1.23714
1.2151
1.20993
1.21293
1.21591
1.21499
1.20748
1.20259
1.21942
1.26251
1.29885
1.31489
1.31958
1.32352
1.32716
1.32396
1.31105
1.29618
1.28265
1.26586
1.24255
1.22812
1.2291
1.25455
1.30714
1.34213
1.35668
1.36779
1.38585
1.39874
1.39655
1.37084
1.33256
1.2989
1.27669
1.2657
1.26415
1.27693
1.32898
1.37799
1.39809
1.41162
1.42507
1.43487
1.43669
1.41129
1.35981
1.32138
1.30286
1.29576
1.2953
1.30947
1.36898
1.41902
1.43577
1.44255
1.44714
1.44879
1.4458
1.41217
1.35493
1.32099
1.3111
1.30997
1.31126
1.34663
1.40285
1.4274
1.43383
1.43581
1.43449
1.42898
1.40781
1.36656
1.32564
1.27823
1.31512
3.71714
16.6618
1.19779
1.24236
1.24814
1.25067
1.24323
1.21589
1.18623
1.17083
1.16669
1.16678
1.16219
1.14351
1.13257
1.13472
1.16472
1.22788
1.27194
1.2859
1.28962
1.29205
1.29457
1.28532
1.26281
1.24259
1.22932
1.2146
1.18876
1.17057
1.16876
1.18491
1.23809
1.29003
1.31777
1.33971
1.36475
1.37623
1.37168
1.34614
1.30849
1.26977
1.23827
1.21804
1.20993
1.21152
1.23357
1.29005
1.34041
1.37733
1.40825
1.42346
1.42824
1.42098
1.37979
1.31998
1.2785
1.26001
1.25487
1.25606
1.26717
1.32114
1.38541
1.42034
1.43873
1.44807
1.45217
1.44924
1.41426
1.34987
1.30753
1.29497
1.29411
1.29613
1.31047
1.372
1.42531
1.44203
1.44647
1.44881
1.45029
1.44579
1.41176
1.35346
1.3182
1.30862
1.3078
1.31135
1.3471
1.40105
1.42731
1.4337
1.43269
1.4286
1.41902
1.39758
1.36254
1.31165
1.32078
3.6206
16.7072
1.11774
1.2028
1.23686
1.25341
1.27
1.27731
1.26423
1.22919
1.19441
1.16942
1.15314
1.13859
1.12459
1.11917
1.12108
1.142
1.20614
1.25929
1.28524
1.31191
1.33346
1.33872
1.32514
1.28781
1.24832
1.21231
1.18204
1.16263
1.15705
1.15871
1.17044
1.21992
1.29178
1.34856
1.38212
1.39686
1.40121
1.39449
1.35691
1.29688
1.24594
1.21679
1.20514
1.20416
1.20686
1.22374
1.29287
1.37664
1.41726
1.42995
1.43445
1.4338
1.41733
1.36148
1.29771
1.26485
1.25544
1.25529
1.25769
1.26931
1.33358
1.41198
1.44187
1.44954
1.45242
1.45006
1.43723
1.39661
1.3375
1.30507
1.29647
1.29601
1.29822
1.31806
1.38048
1.42782
1.4428
1.44783
1.44962
1.44824
1.44126
1.40779
1.35275
1.32085
1.31234
1.31014
1.30991
1.34211
1.39517
1.42074
1.42617
1.42492
1.41924
1.40896
1.38921
1.34849
1.35702
3.53127
16.7657
1.07338
1.11277
1.19899
1.25952
1.28576
1.29708
1.30132
1.29175
1.24998
1.19839
1.16205
1.14027
1.12535
1.11859
1.11914
1.12222
1.13417
1.19095
1.27291
1.32303
1.3434
1.35059
1.35382
1.34398
1.29572
1.23126
1.18778
1.16568
1.15895
1.15999
1.16366
1.17273
1.22558
1.32645
1.38257
1.39706
1.40153
1.39986
1.38564
1.33693
1.27155
1.22568
1.2069
1.20411
1.20646
1.21331
1.24496
1.3413
1.4097
1.4264
1.42978
1.42344
1.41058
1.38916
1.34084
1.28697
1.26145
1.25586
1.25699
1.26361
1.29359
1.37304
1.42877
1.44226
1.44334
1.43616
1.4283
1.41667
1.38359
1.33385
1.30555
1.29853
1.29955
1.30374
1.32524
1.38886
1.43234
1.44417
1.44597
1.44498
1.44224
1.43533
1.40533
1.35501
1.32185
1.30894
1.30492
1.30424
1.33402
1.38965
1.41798
1.42292
1.41884
1.41094
1.39948
1.37267
1.40671
3.47881
16.8168
1.07325
1.08223
1.12417
1.21848
1.2803
1.29694
1.30143
1.29944
1.28618
1.24619
1.196
1.15715
1.13304
1.121
1.1189
1.12157
1.12826
1.14525
1.20707
1.29926
1.33996
1.34966
1.35016
1.33922
1.31847
1.27685
1.2212
1.18467
1.17051
1.1686
1.17165
1.17933
1.19641
1.25872
1.34741
1.38224
1.38845
1.38513
1.37644
1.36228
1.3174
1.25783
1.22488
1.21689
1.22032
1.23326
1.25541
1.29396
1.35943
1.39946
1.40909
1.40917
1.40626
1.39964
1.37656
1.32324
1.28093
1.26753
1.26992
1.28581
1.30421
1.32707
1.37592
1.41276
1.42359
1.42485
1.42386
1.42073
1.41095
1.37797
1.33443
1.31233
1.30772
1.31102
1.31981
1.33982
1.38969
1.42518
1.43612
1.43754
1.43491
1.43271
1.42919
1.40717
1.35819
1.3221
1.30619
1.30005
1.29919
1.32926
1.38573
1.41394
1.41695
1.4106
1.4007
1.3786
1.4478
3.47517
16.8519
1.08941
1.10116
1.11792
1.147
1.21781
1.26818
1.28272
1.28445
1.28271
1.27873
1.25214
1.19745
1.1537
1.13388
1.13005
1.13552
1.14991
1.16398
1.17681
1.21749
1.28762
1.32168
1.32872
1.32961
1.32927
1.3195
1.27753
1.22175
1.18997
1.18144
1.18422
1.19525
1.20932
1.225
1.26839
1.33061
1.35951
1.36605
1.36447
1.35672
1.34391
1.31059
1.26766
1.24648
1.24446
1.2526
1.26157
1.26912
1.29223
1.34403
1.38085
1.39326
1.39464
1.38635
1.37527
1.36096
1.33177
1.30972
1.30458
1.30682
1.30802
1.3075
1.31528
1.35658
1.39697
1.41224
1.41501
1.40993
1.40602
1.40426
1.38929
1.35883
1.33744
1.32858
1.32461
1.32208
1.32965
1.37143
1.40973
1.42414
1.42819
1.42942
1.42889
1.42739
1.41214
1.36638
1.3265
1.30542
1.29533
1.29231
1.32097
1.37949
1.40723
1.40831
1.40095
1.38009
1.46649
3.51171
16.8707
1.10888
1.11553
1.12205
1.12564
1.13975
1.18937
1.24265
1.26576
1.27207
1.27102
1.26309
1.24753
1.21211
1.17954
1.16506
1.16314
1.1662
1.16943
1.17146
1.1739
1.19797
1.26073
1.30537
1.32113
1.32495
1.32385
1.31658
1.28369
1.24099
1.21923
1.21467
1.21766
1.22101
1.22261
1.2225
1.24521
1.30122
1.33731
1.34884
1.35181
1.35325
1.34972
1.32827
1.29975
1.28284
1.27531
1.27112
1.26948
1.2697
1.27696
1.31445
1.35391
1.37033
1.3745
1.37777
1.38178
1.38308
1.37293
1.35064
1.32691
1.3095
1.30181
1.29956
1.3039
1.33658
1.37726
1.39472
1.3999
1.40685
1.41763
1.42541
1.41948
1.38686
1.35001
1.32614
1.31369
1.30857
1.31418
1.35616
1.40328
1.42355
1.42898
1.43119
1.43369
1.43444
1.42262
1.37684
1.32755
1.29819
1.28558
1.28237
1.31471
1.37695
1.40323
1.40136
1.37967
1.47284
3.5702
16.8868
1.13771
1.13096
1.12992
1.12622
1.12087
1.12123
1.15033
1.20772
1.24432
1.25792
1.26693
1.27677
1.27599
1.25134
1.2152
1.19046
1.17718
1.17014
1.16638
1.16241
1.16154
1.17371
1.22963
1.28702
1.31087
1.31779
1.32345
1.32873
1.31623
1.28099
1.25246
1.2365
1.22488
1.21247
1.20497
1.2054
1.22275
1.27921
1.32786
1.34749
1.35353
1.35845
1.36774
1.36485
1.33832
1.30759
1.28613
1.27002
1.25523
1.24915
1.2548
1.29059
1.34082
1.36961
1.38335
1.39807
1.41314
1.417
1.40278
1.36554
1.32764
1.3042
1.29039
1.28288
1.28569
1.31495
1.36293
1.39431
1.4141
1.43384
1.44629
1.44926
1.43777
1.39418
1.34435
1.31431
1.30088
1.29611
1.30103
1.34373
1.39857
1.42406
1.43379
1.44023
1.44419
1.44472
1.43179
1.37964
1.31902
1.28644
1.27688
1.27638
1.31714
1.37639
1.39415
1.37734
1.47217
3.63821
16.9116
1.18233
1.14996
1.13696
1.12036
1.10539
1.09838
1.09995
1.12035
1.18349
1.24342
1.27339
1.28837
1.30099
1.3052
1.28833
1.24423
1.20522
1.18231
1.16853
1.15671
1.14604
1.14343
1.15234
1.20461
1.27564
1.31606
1.33822
1.35494
1.36107
1.35071
1.30962
1.26612
1.236
1.21614
1.20286
1.19419
1.19286
1.20549
1.2611
1.31898
1.35083
1.37677
1.3938
1.39932
1.39191
1.35544
1.30927
1.27401
1.25252
1.23991
1.23556
1.23947
1.27182
1.33157
1.3797
1.4129
1.43211
1.43811
1.43763
1.41651
1.36702
1.31803
1.28835
1.27384
1.26763
1.26961
1.29752
1.36034
1.4152
1.44543
1.45709
1.46006
1.45915
1.44139
1.38697
1.33043
1.30066
1.28919
1.28574
1.29042
1.33916
1.40623
1.43719
1.44802
1.45151
1.45206
1.45033
1.43219
1.36917
1.30503
1.27746
1.27205
1.27795
1.32527
1.36997
1.36792
1.46639
3.71051
16.9448
1.24231
1.17932
1.14106
1.12098
1.10619
1.09585
1.09333
1.0952
1.10784
1.16756
1.24623
1.29097
1.31289
1.3243
1.32793
1.31224
1.25993
1.20806
1.17456
1.15273
1.13948
1.1366
1.13884
1.14657
1.19395
1.28346
1.34106
1.36042
1.36703
1.37022
1.36248
1.32312
1.2707
1.23139
1.20523
1.19024
1.18726
1.1897
1.20095
1.25993
1.34201
1.38424
1.39813
1.40322
1.40602
1.39961
1.35884
1.30098
1.26035
1.23892
1.2316
1.23205
1.236
1.26861
1.35503
1.41581
1.43425
1.43945
1.44153
1.43925
1.41553
1.35734
1.30106
1.27118
1.26199
1.26193
1.26586
1.30488
1.39628
1.44593
1.45711
1.45968
1.45914
1.45449
1.43192
1.37209
1.31471
1.28855
1.2828
1.28287
1.29335
1.35985
1.43079
1.45032
1.45259
1.45223
1.44973
1.44405
1.41846
1.35229
1.29561
1.27427
1.27115
1.28426
1.3292
1.34744
1.45275
3.77514
16.9757
1.27444
1.24061
1.17758
1.13486
1.10957
1.09668
1.094
1.09578
1.10024
1.11233
1.17246
1.26881
1.3154
1.3269
1.33086
1.33012
1.3134
1.25762
1.19768
1.15953
1.14346
1.14
1.14186
1.14722
1.15843
1.20772
1.30286
1.35306
1.3653
1.36919
1.36764
1.35667
1.31758
1.26068
1.21552
1.19461
1.19028
1.19245
1.19973
1.21716
1.28453
1.36474
1.3945
1.40144
1.40293
1.39849
1.38548
1.34509
1.28538
1.24586
1.23312
1.23273
1.23707
1.25089
1.3008
1.38572
1.42566
1.43484
1.43649
1.43448
1.4295
1.40291
1.33315
1.28096
1.2655
1.26468
1.27163
1.29211
1.347
1.41906
1.44744
1.45238
1.45183
1.44826
1.44191
1.41644
1.35188
1.30327
1.28781
1.28633
1.29268
1.31976
1.3923
1.4398
1.44813
1.4468
1.44109
1.43689
1.43151
1.40179
1.33996
1.29145
1.27395
1.27261
1.29021
1.315
1.43018
3.81909
17.0007
1.26896
1.27211
1.23993
1.1755
1.12808
1.10795
1.10325
1.1057
1.11224
1.12098
1.13309
1.18352
1.27023
1.30961
1.31843
1.31952
1.31686
1.30449
1.25198
1.19364
1.16383
1.15531
1.15623
1.16171
1.16994
1.18093
1.22075
1.30067
1.34435
1.35492
1.35605
1.35342
1.34543
1.3099
1.25341
1.21782
1.20693
1.20837
1.21522
1.22431
1.23863
1.29488
1.36122
1.38607
1.39097
1.39148
1.38927
1.37712
1.33119
1.27671
1.25132
1.24783
1.25453
1.26488
1.27695
1.31664
1.38388
1.41733
1.42517
1.42616
1.42239
1.40999
1.37442
1.32011
1.29098
1.28627
1.29197
1.29869
1.30893
1.3548
1.41479
1.43896
1.44363
1.44331
1.43655
1.42141
1.39409
1.34751
1.31606
1.30721
1.30896
1.31365
1.33612
1.39373
1.42798
1.43429
1.43316
1.43079
1.42715
1.41863
1.38896
1.33736
1.29579
1.2795
1.27467
1.27629
1.39719
3.83965
17.0098
1.25514
1.26005
1.25337
1.23472
1.18616
1.14347
1.12484
1.12129
1.12413
1.13008
1.13644
1.1433
1.17568
1.24835
1.29213
1.30467
1.3065
1.30279
1.29355
1.25784
1.20996
1.18233
1.17391
1.17473
1.17909
1.18356
1.1886
1.21556
1.28398
1.32745
1.33991
1.34124
1.33631
1.3302
1.30941
1.26729
1.23769
1.22745
1.22693
1.22974
1.2334
1.24106
1.28728
1.34823
1.37325
1.37865
1.37565
1.37093
1.3655
1.33576
1.29565
1.27549
1.27049
1.27104
1.27336
1.27659
1.30931
1.37198
1.4036
1.41108
1.4096
1.40426
1.3979
1.37585
1.34093
1.31816
1.30787
1.30357
1.30392
1.30864
1.35087
1.40673
1.42681
1.42835
1.41809
1.41306
1.41282
1.40412
1.37333
1.34071
1.32215
1.31602
1.31574
1.33077
1.38309
1.41668
1.42423
1.42204
1.41601
1.41216
1.40793
1.39017
1.3497
1.31053
1.28426
1.25237
1.34502
3.83527
16.9943
1.21506
1.24566
1.25396
1.25903
1.25187
1.21172
1.16937
1.1478
1.14049
1.13936
1.13981
1.13818
1.13795
1.15227
1.21241
1.26728
1.28827
1.29467
1.30039
1.30211
1.28144
1.24035
1.21057
1.19637
1.19021
1.18725
1.18661
1.18742
1.19935
1.25297
1.30201
1.32026
1.3267
1.33425
1.33891
1.33055
1.29687
1.26322
1.24445
1.23591
1.23297
1.23335
1.23605
1.26584
1.32212
1.35191
1.36112
1.36828
1.376
1.37894
1.36198
1.32391
1.29391
1.27769
1.27135
1.27157
1.27381
1.29606
1.3499
1.38367
1.39462
1.39846
1.40366
1.40906
1.40315
1.37181
1.33505
1.3117
1.30314
1.30312
1.30706
1.3386
1.38322
1.40145
1.40481
1.40876
1.42023
1.42977
1.42809
1.39489
1.34692
1.31997
1.31397
1.31444
1.32577
1.36539
1.39366
1.40184
1.40398
1.40876
1.41441
1.41419
1.40213
1.36574
1.31707
1.25958
1.30273
3.77784
16.9949
1.14985
1.23299
1.25322
1.25914
1.26353
1.26651
1.24365
1.19845
1.16561
1.14899
1.13952
1.1317
1.12439
1.1221
1.13206
1.18815
1.25851
1.29048
1.29964
1.30536
1.3131
1.30755
1.27138
1.23027
1.20507
1.19184
1.18263
1.1732
1.16968
1.17974
1.23323
1.29553
1.32435
1.33552
1.34652
1.35618
1.35281
1.31792
1.27376
1.24721
1.23427
1.22522
1.21677
1.21814
1.24664
1.3112
1.35354
1.37016
1.38044
1.39315
1.39775
1.38152
1.33634
1.29735
1.27753
1.26822
1.26063
1.25895
1.27794
1.33434
1.37807
1.39847
1.41155
1.42478
1.43001
1.42107
1.38142
1.33639
1.31154
1.3002
1.29092
1.2898
1.31596
1.3672
1.39915
1.41457
1.42921
1.44202
1.44509
1.43704
1.39498
1.34425
1.31957
1.31075
1.30359
1.30569
1.33898
1.37676
1.3987
1.41557
1.42715
1.42708
1.41998
1.4013
1.3595
1.29229
1.29604
3.67724
17.0117
1.08596
1.1526
1.21961
1.25442
1.27683
1.28652
1.28795
1.26837
1.21849
1.17608
1.14829
1.12833
1.11626
1.11348
1.11567
1.12339
1.1709
1.24503
1.28889
1.3144
1.32747
1.33133
1.32637
1.2911
1.24353
1.20815
1.18164
1.16516
1.16095
1.16298
1.17155
1.21989
1.28776
1.33053
1.35667
1.36831
1.3719
1.36717
1.33077
1.28188
1.24526
1.219
1.20712
1.20594
1.20969
1.23565
1.30205
1.35534
1.38713
1.40319
1.40817
1.40929
1.39188
1.34493
1.30068
1.26862
1.24991
1.24524
1.24742
1.26576
1.32496
1.38233
1.41781
1.43319
1.43745
1.43858
1.42878
1.38791
1.33799
1.29999
1.27909
1.27374
1.27596
1.30119
1.35999
1.40872
1.43736
1.44844
1.45062
1.45035
1.43899
1.39551
1.34417
1.30862
1.28934
1.28257
1.28479
1.32294
1.38237
1.42189
1.43468
1.43321
1.426
1.41307
1.38865
1.33403
1.33417
3.56139
17.0393
1.08055
1.08746
1.13416
1.21567
1.26573
1.28115
1.28653
1.28869
1.2793
1.24196
1.19455
1.15641
1.1323
1.12128
1.11953
1.12174
1.12665
1.15851
1.238
1.29896
1.32034
1.32768
1.3313
1.33004
1.30735
1.26008
1.21319
1.18252
1.16935
1.16703
1.16904
1.17472
1.21198
1.29171
1.34519
1.36275
1.36914
1.37266
1.37078
1.34312
1.28953
1.24264
1.21856
1.21125
1.21165
1.21469
1.23303
1.30099
1.36902
1.39583
1.40405
1.40827
1.40941
1.39744
1.35391
1.29959
1.26422
1.25141
1.24984
1.25214
1.26552
1.32593
1.39464
1.42356
1.43232
1.43627
1.43753
1.43036
1.39223
1.33364
1.29396
1.27989
1.27763
1.27924
1.29983
1.36785
1.42332
1.44233
1.44742
1.44881
1.44683
1.43642
1.39811
1.34016
1.30177
1.28639
1.28129
1.28322
1.33132
1.39981
1.4265
1.42926
1.42392
1.41369
1.39752
1.36058
1.39787
3.5003
17.0852
)
;

boundaryField
{
    back
    {
        type            empty;
    }
    outlet
    {
        type            calculated;
        value           nonuniform List<scalar> 
99
(
1.11015
1.10879
1.09244
1.06794
1.05645
1.05604
1.06322
1.07484
1.08223
1.08783
1.08063
1.06356
1.04881
1.0364
1.03824
1.05353
1.07924
1.09674
1.1024
1.08873
1.07249
1.06147
1.06308
1.07683
1.10694
1.13476
1.15053
1.15401
1.14752
1.12406
1.11614
1.10815
1.09687
1.08991
1.09111
1.08942
1.08582
1.08469
1.08769
1.096
1.10899
1.13787
1.17138
1.18485
1.18302
1.17863
1.16071
1.12057
1.08954
1.09672
1.1018
1.1045
1.11135
1.12417
1.14704
1.17223
1.18631
1.18462
1.17714
1.14984
1.10792
1.10333
1.12716
1.1437
1.15705
1.16698
1.19469
1.19788
1.1966
1.19369
1.17695
1.13792
1.07268
1.04995
1.06643
1.08821
1.119
1.15662
1.199
1.2558
1.27811
1.25973
1.24136
1.19779
1.11774
1.07338
1.07325
1.08941
1.10888
1.13771
1.18233
1.24231
1.27444
1.26896
1.25514
1.21506
1.14985
1.08596
1.08055
)
;
    }
    top
    {
        type            calculated;
        value           nonuniform List<scalar> 
99
(
1.08055
1.08746
1.13416
1.21567
1.26573
1.28115
1.28653
1.28869
1.2793
1.24196
1.19455
1.15641
1.1323
1.12128
1.11953
1.12174
1.12665
1.15851
1.238
1.29896
1.32034
1.32768
1.3313
1.33004
1.30735
1.26008
1.21319
1.18252
1.16935
1.16703
1.16904
1.17472
1.21198
1.29171
1.34519
1.36275
1.36914
1.37266
1.37078
1.34312
1.28953
1.24264
1.21856
1.21125
1.21165
1.21469
1.23303
1.30099
1.36902
1.39583
1.40405
1.40827
1.40941
1.39744
1.35391
1.29959
1.26422
1.25141
1.24984
1.25214
1.26552
1.32593
1.39464
1.42356
1.43232
1.43627
1.43753
1.43036
1.39223
1.33364
1.29396
1.27989
1.27763
1.27924
1.29983
1.36785
1.42332
1.44233
1.44742
1.44881
1.44683
1.43642
1.39811
1.34016
1.30177
1.28639
1.28129
1.28322
1.33132
1.39981
1.4265
1.42926
1.42392
1.41369
1.39752
1.36058
1.39787
3.5003
17.0852
)
;
    }
    inlet
    {
        type            calculated;
        value           uniform 1.40001;
    }
    bottom
    {
        type            calculated;
        value           nonuniform List<scalar> 
99
(
1.11015
1.1129
1.10678
1.09508
1.09443
1.09946
1.11317
1.136
1.15011
1.15637
1.15838
1.15725
1.15163
1.14919
1.1523
1.15751
1.16888
1.18903
1.20898
1.21684
1.21922
1.21551
1.21012
1.20893
1.2099
1.21219
1.21839
1.23444
1.25748
1.27447
1.2834
1.28747
1.2816
1.27171
1.26956
1.27158
1.27503
1.28034
1.29961
1.32563
1.34152
1.35268
1.35992
1.36121
1.34869
1.34196
1.34303
1.3465
1.35187
1.36664
1.39696
1.41724
1.42787
1.43584
1.44126
1.43346
1.42355
1.42318
1.42706
1.43313
1.44521
1.4778
1.50958
1.52469
1.533
1.53953
1.53311
1.51806
1.51386
1.51891
1.52739
1.54036
1.57475
1.61803
1.64301
1.65703
1.6676
1.66936
1.64814
1.62927
1.63149
1.64444
1.66558
1.72244
1.78359
1.81781
1.8406
1.86177
1.8696
1.8424
1.81441
1.81618
1.85065
1.92142
2.05105
2.17999
2.29029
3.70391
13.9936
)
;
    }
    front
    {
        type            empty;
    }
}


// ************************************************************************* //
