/*--------------------------------*- C++ -*----------------------------------*\
  =========                 |
  \\      /  F ield         | OpenFOAM: The Open Source CFD Toolbox
   \\    /   O peration     | Website:  https://openfoam.org
    \\  /    A nd           | Version:  12
     \\/     M anipulation  |
\*---------------------------------------------------------------------------*/
FoamFile
{
    format      ascii;
    class       volScalarField;
    location    "0.15";
    object      T;
}
// * * * * * * * * * * * * * * * * * * * * * * * * * * * * * * * * * * * * * //

dimensions      [0 0 0 1 0 0 0];

internalField   nonuniform List<scalar> 
23795
(
1
1
1
1
1
1.22339
1.22319
1
1
1
1
1.06126
1
1.4882
1.10911
1
1
1
1
1.11621
1
1
1
1
1.31182
1
1
1.24565
1
1
1.14629
1
1
1
1.09363
1
1
1.22343
1
1
1
1.07512
1
1
1.13893
1
1.48455
1.14341
1
1.49852
1.49539
0.999999
1
1.10339
1
1
1
1
1.2429
1
1
1
1
1
1
1.33315
1
1
1
1
1
1
1
1
1
1
1.1346
1
1
1.10698
1.23085
1
1
1
1
1
1
1
1
1
0.999999
1
1.13217
1
1
1.12436
1
1
1
1.04007
1.13314
1
1.14127
1
1.1086
1
1.224
1
1
1.00079
1
1.00005
1
1.1332
1
1
1
1.23688
1
1
1
1.13192
1.23078
1
1.08607
1
1
1
1
1
1
1
1
1
1.22321
1.19895
1.12073
1
1
1
1
1.20395
1.13783
1
1
1
1
1
1
1
1
1.23458
1
1.14282
1
1
1.22414
1
1
1
1.22247
1.21838
1
1.52383
1
1
1.10848
1
1.22408
1.13655
1
1.0753
1
1.1416
0.99997
1
1
1
1
1
1.1844
1
1
1
1
1
1.235
1
1
1.15538
1
1
1
1
0.99996
1
1
1
1.21922
1
1.13567
1.13896
1
1
1
1
1.1416
1
1
1
1
1
1
1
1
1
1
1.00993
1.32673
1.30226
1
1
1
1
1
1
1.10832
1
1
1.09658
1.22368
1
1
1
1.24246
1
1.22353
1
1.22407
1
1
1.22354
1
1
1
1
1
1
1
1.11079
1
1.22317
1
1
1.15839
1
1.01386
1.33304
1
1
1
1
1
1
1
1.19537
1.23356
1.5081
1.24292
1
1.13348
1
1
1
1.23581
1
1
1
1
1.22298
1
1
1
1
1
1.08777
1
1.22681
1
1
1
1.20032
1.1379
1
1
1.13606
1.30413
1
1.13811
1
1
1
1
1.23512
1
1
1
1
1
1
1.25024
1
1.11315
1
1.10039
1
1
1
1
1
1
1.22888
1
1
1.21416
1.13366
1
1.10464
1
1
1
1
1.25174
1
1
1
1
1
1.11557
1
1
1
1
1
1
1.13226
1
1
1.05419
1
1
1
1
1
1
1
1
1
1
1
1
0.999993
1
1
1
1.22434
1
1
1
1
1
1.11339
1
1
1
1
1
1.22355
1
1
1
1
1
1
1
1
1
1
1
1
1.13513
1
1.31891
1
1
1
1.13381
1
1
1.2465
1
1
1
1.27846
1
1.39306
1
1
1.13555
1
1
1
1
1
1
1
1
1
1.13744
1
1.0715
1.32923
1
1
1
1.19645
1
1
1.22137
1
1
0.999846
1.00636
1
1
1.2253
1
1
1
1
1
1.2211
1
1
1
1
1
0.999963
1.06915
1
1
1
1.13399
1
1
1
1
1.22308
1
1.27135
1
1
1.1457
1
1
1
1
1.23404
1
1
1.14079
1
1.21988
1
1
1
1
1
1
1
1.19422
1
1.13986
1
1
1
1
1.32722
1.18944
1
1.13551
1
1
1
1
1
1.14464
1.15255
1.13614
1
1
1.00924
1
1.04123
1
1
1
1
1
1
1
1
1
1
1
1
1
1.23582
1
1.1321
1.09279
1.19617
1
1.13876
1
1
1
1.00032
1
1
1
1.1542
1
1
1
1
1
1
1
1
1
1
1.13558
1
1
1
1
1
1
1
1
1
1
1.22371
1
1.2241
1
1
1
1
1
1
1.23878
1
1.13326
1
1
1
1.23882
1.08254
1
1
1
1.22977
1.13632
1
1
1
1.07343
1
1
1
1
1
1
1
1
1
1.13499
1
1
1
1
1
1.18115
1
1
1
1.23333
1
1
1
1
1
1
1
1
1.27616
1
1
1
1
1
1.13718
1
1
1
1
1
1
1
1
1
1.24194
1
1
1
1
1
0.999785
1
1
1
1
1
1.13276
1.06548
1
1
1
1
1
1
1
1
1.1381
1.27797
1
1
1
1
1
1
1
1
1
1
1
1.02672
1
1
1.13095
1
1
1
1
1
1
1
1
1
1
1
1.23931
1
1
1
1
1
1
1
1
1
1
1
1
1.25024
1
1
1
1
1.23673
1
1.10446
1
1.15999
1
1
1
1.13323
1
1
1
1
1
1
1
1
1
1
1
1
1
1.13773
1
1
1
1.28021
1.24049
1
1
1.2172
1
1
1.24392
1
1
1
1
1
1
1
1.13589
1.14178
1
1
1
1
1
1
1
1
1
1
1
1
1
1
1
1
1
1.25098
1
1
1
1
1
1.27615
1
1.13838
1.15008
1
1
1
1
1
1
1
1
1
1
1
1
1
1.14273
1
1
1
1
1
1
1.11913
1
1.13929
1
1
1
1
1
1
1
1
1
1
1
1
1
1.19491
1
1
1
1
1
1
1
1
1
1
1
1.13275
1
1
1
1
1
1.16216
1
1
1
1
1
1
1
1.15513
1
1
1
1
1
1
1
1
1
1
1
1
1
1.14831
1
1.14036
1
1
1
1
1.13263
1.19622
1
1
1.21473
1.22396
1
1
1.03085
1
1
1
1
1
1
1.21591
1
1
1.30042
1.1655
1.1616
1
1
1
1
1
1
1
1.30641
1
1.00014
1
1
1.22055
1
1
1
1
1
1.13061
1
1
1
1
1
1
1
1
1
1
1
1
1
1
1
1
1.24029
1
1.24609
1
1.08524
1
1
1
1
1
1
1
1
1
1
1
1
1
1
1
1
1
1.13586
1
1
1
1
1
1.13641
1
1
1
1
1
1
1
1
1
1.15039
1
1
1
1
1
1
1
1
1
1
1
1
1
1
1
1
1.13666
1
1.18829
1
1
1.21269
1
1
1.11668
1
1.29698
1.09853
1
1
1
1
1
1
1
1
1
1
1
1.12836
1
1
1
1
1.16091
1
1
1
1
1
1
1
1.04767
1
1
1
1
1
1
1
1
1
1
1
1.13734
1
1
1.16853
1
1.20281
1.1386
1
1
1
1
1
1
1
1
1
1
1
1.25087
1.13139
1
1.22199
1
1
1
1
1
1
1.23614
1
1
1.13438
1
1
1
1
1
1
1
1
1
1
1
1
1
1
1
1
1
1
1
1
1
1
1
1
1
1
1
1
1.02539
1
1
1.25297
1
1
1
1
0.999999
1
1
1
1.13033
1
1
1
1
1
1
1
1
1
1
1
1
1
1
1
1.19868
1
1
1
1
1
1
1
1.28268
1
1.13446
1.24232
1
1
1
1
1
1
1.21995
1
1
1.19436
1
1
1
1
1.2565
1
1
1
1
1
1
1
1
1
1
1
1
1
1
1
1.2358
1.49375
1
1
1
1
1
1
1
1.13945
1
1
1
1
1
1
1
1
1
1
1
1.02124
1
1.13656
1
1
1
1
1
1
1
1.22505
1.22527
1
1
1.09623
1
1
1.23611
1
1
1
1
1
1
1
1
1
1
1
1
1
1
1
1
1
1
1.10546
1
1
1
1
1
1
1
1
1
1
1
1
1
1
1
1
1
1
1
1
1
1
1
1
1
1.13397
1
1
1
1
1
1
1
1
1
1
1
1
1
1
1.22357
1
1
1
1
1
1
1.07861
1
1
1
1
1
1
1
1
1
1
1
1
1
1
1
1
1
1
1
1
1.22378
1
1
1
1
1
1
1.10358
1
1
1
1
1
1
1
1
1
1
1
1
1
1
1
1
1
1
1
1
1
1
1
1
1
1.22684
1
1
1
1
1
1
1
1.22317
1
1.17492
1
1
1
1
1.1688
0.999975
1.13179
1
1
1.2237
1.13201
1
1
1
1
1
1
1
1
1.13684
1
1
1.0622
1
1
1
1
1
1
1
1.1356
1.18126
1
1
1.12415
1
1
1
1.25327
1
1
1
1
1
1
1
1
1
1
1.22165
1
1.22184
1
1
1
1
1
1.13621
1
1.21276
1
1
1
1
1
1
1
1.08229
1
1.1316
1
1
1
1
1
1
1
1
1
1.17282
1
1
1
1
1
1
1
1.14069
1
1
1
1.13347
1
1.20529
1
1
1
1
1
1.22124
1
1
1
1
1
1.13738
1.09374
1
1
1
1
1
1
1
1
1
1
1.0144
1.06603
1
1
1.10727
1
1
1
1
1
1
1
1
1
1
1.1343
1
1
1
1
1.1817
1
1
1
1
1
1
1
1
1
1
1
1
1
1
1
1
1
1
1
1
1
1
1
1
1
1.13851
1
1
1
1
1
1
1.29285
1
1
1
1
1
1
1
1
1
1
1
1
1
1
1
1
1
1
1
1
1
1.13086
1
1.22672
1
1
1
1
1
1.22908
1
1.12427
1
1
1.21363
1
1
1
1.11385
1
1
1
1
1
1
1
1
1
1.20797
1.21462
1
1
1
1
1
1
1
1
1
1
1
1
1
1
1
1
1
1
1.22897
1
1
1
1.23375
1
1.09108
1
1
1
1.23113
1
1
1
1
1
1
1
1
1
1.13682
1.22249
1.22414
1
1
1
1.19433
1
1
1
1
1
1
1
1
1
1
1
1
1
1
1
1
1
1
1
1.13094
1
1
1
1
1
1
1
1
1
1
1
1.22212
1.01849
1
1
1
1.22632
1
1
1
1
1
1
1
1
1
1
1
1
1.22231
1
1
1.22354
1
1
1
1
1
1
1
1
1
1
1.22269
1
1
1
1
1.05794
1
1.23404
1
1
1
1
1.23355
1
0.999952
1.21528
1
1.21893
1.06857
1
1.21506
1
1
1.21813
1
1
1
1.22864
1
1
0.999981
1
1
1
1
1
1.20106
1
1
1
1.00018
1
1
1.13132
1
1.16951
1
1.06596
1
1
1
1
1
1
1
1
1
1.30374
1.31994
1
1
1
1
1
1
1
1
1
1.05556
1
1
1
1
1
1.2273
1.22921
1
1
1.21981
0.99998
1.14812
1
1
1
1
1
1
1.15665
1.23299
1
1
1
1
1
1.23168
1
1
1
1.00904
1
1
1.22078
1
1
1
1
1
1
1
1
1
1
1
1.22409
1
1
1
1
1
1
1
1
1
1
1
1
1
1
1
1
1
1
1
1
1
1
1
1
1
1.22312
1.07383
1.08574
1.0526
1
1.2238
1.22432
1
1
1.22365
1.23775
1
1
1
1.05349
1.11587
1
1
1
1.0874
1.22433
1
1
1
1
1
1
1
1
1
1.13406
1
1
1
1
1
1
1
1
1
1
1
1.22339
1
1
1
1.22337
1
1
1
1
1
1
1
1
1
1
1
1
1
1
1
1
1.22164
1
1
1
1
1
1.22117
1
1
1
1
1
1
1.08622
1
1
1
1
1
1
1
1
1
1
1.22156
1
1
1
1
1
1
1
1
1
1.16861
1
1
1
1.18289
1
1
1.22021
1
1.21912
1
1.224
1
1
1
1.22165
1
1
1
1
1
1
1
1
1
1
1
1
1
1
1.22303
1.1325
1.22312
1
1.2225
1.13775
1
1
1.22274
1
1.22255
1
1
1
1
1
1
1
1
1
1
1
1
1.12927
1
1
1
1
1
1
1
1
0.999963
1
1
0.999976
1
1.2306
1.17235
1
1.22937
1.00818
1.22653
1
1.22524
1.24859
1
1
1
1
1
1
1
1
1
1.22348
1.22216
1.2385
1.24494
1
1
1
1
1
1
1
1
1
1
1
1
1
1
1
1.16974
1
1
1.27781
1
1
1
1
1
1
1
1
1
1.13261
1
1
1.22852
1
1
1
1.23428
1
1
1
1
1.22101
1.10663
1.31965
1
1
1
1
1
1
1
1
1
1
1
1
1
1
1
1
1
1
1
1
1
1
0.999937
1
1
1
1
1.21705
1
1
1
1
1
1.23209
1
1
1
1
1
1
1
1
1
1
1
1
1
1
1.21035
0.999997
1.22627
1.13111
1
1.22361
1
1.22372
1
1
1
1
1
1.2226
1
1
1
0.99996
1
1
1.22327
1
1.23304
1
1
1
1.0001
1.21139
1.22342
1
1
1
1
1
1
1.22226
1
1
1
1.22398
1.22198
1.22375
1.24234
1.19442
1
1
1
1.19901
1
1
1.13447
1
1
1
1
1
1.14005
1
1
1
1
1
1
1
1.13493
1
1
1
1
1
1
1
1
1
1
1
1.14296
1
1
1
1
1
1
1
1
1.13395
1
1
1
1
1
1
1
1
1
1.16249
1
1
1
1
1
1
1
1
1
1
1
1
1
1
1
1
1
1
1
1
1
1
1
1
1
1
1
1
1
1.25676
1
0.999995
1.22299
1
1.00025
1
1
1.10907
1
1
1
1
1.04175
1
1.55925
1
1
1
1
0.999984
1
1
1
1
1
1.13658
1
1.22395
1
1
1.02434
1
1
1
1
1
1
1
0.99998
1
1
1
1
1
1
1
1
1
1.21928
1
1
1
1.49894
1.22166
1
1.22598
1
1.14714
1
1
1
1.24814
0.999989
1
1
1.22294
1.13835
1
1
1
1.22461
1
1
1
1
1.22439
1
1
1.22396
1
1
1
1.2279
0.999997
1
1
1.19407
1.14104
1
1.24072
1
1
1.09587
1
1
1
1
1.22253
1
1.23391
1
1.22323
1.22475
1
1
1
1
1.22423
1
1
1.50217
1.22392
1
1.05105
1
1
1
1
1.23332
1
1.50628
1
1
1
1
1
1
1
1.22044
1
1
1
1
1
1
1.22055
1
1
1
1
1
1
1
1
1
1.24213
1
1
1
1.21711
1
1
1
1
1
1.23184
1
1
1
1
1
1.22313
1
1
0.999999
1
1.00578
1
0.999955
1
1
1
1
1
1
1
1
1
1
1
1
1.00371
1
1
1
1.07194
0.999988
1
1
1
1
1
1
1
1.12296
1
1.12703
1
1
1
1
1
1
1
1
1
1.22353
1
1.1207
1
1
1
1
1
1.14209
1
1
1
1
1.12634
1
1.3283
1
1
1
1
1
1
1
1
1
1
1
1
1
1
1
1
1
1.22408
1
1
1.2276
1
1
1
1
1
1
1
1.22598
1
1
1
1
1
1
1
1
1
1
1.00211
1
1
1
1.23447
1
1
1
1
1
1
1
1.22415
1.23734
1
1
1
1
1
1
1
1
1
1
1
1
1
1.22983
1
1
1
1.22994
1
1
1
1
1.25011
1
1
1
1
1
1.22316
1.13896
1
1
1.23717
1
1
1
1
1
1
1
1
1
1
1.22678
1
1
1
1
1
1
1
1
1
1
1
1
1
1
1
1
1
1
1
1
1
1
1.22331
1
1
1
1
1
1
1
1
1
1
1.30674
1
1
0.999998
1
1
1
1
1
1
1
1
1
1
1.22354
1.05079
1
1
1
1.22293
1
1
1
1
1.19719
1
1
0.999915
1
1
1
1.08856
1.25074
1
0.999944
1
1
1
1
1
1
1
1.22315
1
1
1
1
1.22378
1
1
1
1
1
1
1
1
1
1
1
1
1
1
1
1
1
1
1
1.19077
1
1
1
1
1.23777
1
1
1
1
1.4921
1
1
1
1
1
1
1.22303
1
1
1.23208
1
1
1.2241
1.14588
1
1
1
1
1
1
1
1
1
1
1
1
1.17978
1.2372
1.22151
1
1
1.16232
1.14133
1
1.23512
1
1
1.22494
1
1
1
1
1
1.13617
1
1
0.999995
1
1
1
1.23076
1
1
1
1
1
1.1115
1
1.22311
1
1
1
1
1
1.13491
1
1
1
1
1
1.22598
1
1
1
1
1
1
1.22335
1.0364
1
1
1.22877
1
1
1
1
1
1
1
1
1
1
1
1
1.22356
1
1
1
1
1
1
1
1
1
1
1
1
1
1
1.22295
1
1
1
1.17409
1
1
1.19054
1
1
1
1
1
1
1
1
1
1.25696
1.16667
1
1
1
1
1
1
1
1.22331
1
1
1
1
1
1.25121
1
1
1
1
1
1
1.33107
1
1
1
1
1
1.12684
1
1
1
1
1
1.24452
1
1.11306
1
1
1
1
1.22351
1
1
1
1
1
1
1
1
1
1
1
1
1
1
1
1
1
1
1.22388
1
1.1265
1
1
1
1
1
1
1
1
1
1
1.22267
1
1
1.22428
1
1
1
1
1.22441
1
1
1
1
1.31846
1
1
1.2228
1
1
1.22211
1
1
1
1
1.22378
1
1
1
1
1
1
1
1
1
1.30958
1.10421
1.1101
1
1
1
0.999996
1
1
1.2196
1.23855
1.13723
1
1.18638
1
1.22271
1
1
1
1
1
1.22269
1.48949
1
1
1
1.13604
1
1
1
1
1
1
1
1
1
1
1.32839
1.22576
1
1
1.30009
1
1
1
1.15701
1
1
1
1
1.22407
1
1.21702
1
1
1.2135
1
1
1
1
1.23248
1
1
1
1
1
1
1
1
1
1
1
1
1.13327
1
1
1
1
1.23063
1
1
1.22142
1
1
1
1.23859
1
1
1
1
1
1.13547
1
1
1
1.21917
1
1
1
1
1.22062
1
1.10818
1
1
1
1
1.15081
1
1
1.22306
1.23432
1.23727
1
1
1
1
1
1.22089
1
1.06085
1
1.03681
1
1
1
1
1
1.23188
1
1
1
1
1
1.22228
1
1
1
1
1
1
1
1
1
1
1
1.2227
1
1.23963
1
1
1
1
1
1
1
1
1
1
1.14641
1
1
1
1
1
1
1.22361
1.23052
1
1
1
1
1.22262
1
1
1
1
1
1.22319
1
1
1
1
1
1
1.2235
1.22115
1
1
1.22588
1
1
1
1
1
1
1
1
1
1
1
1
1.22326
1
0.999971
1
1
1.22203
1
1
1.22186
1
1
1.22381
1
1
1
1
1
1
1
1
1
1.23987
1
1
1
1
1.13266
1
1
1
1
1
1
1
1
0.999987
1
1.22181
1
1
1
1
1
1
1
1
1
1
1
1
1.11041
1.01631
1
1
1
1
1
1.17024
1
1
1
1.22134
1
1
1
1
1
1
1
1
1.16652
1
1
1
1.23516
1
1.02358
1
1
1
1.22341
1
1
1
1
1
1
1
1
1
1.06997
1
1
1
1
1
1
1
1.22586
1
1
1
1
1.22413
1
1
1.10626
1
1
1
1
1.22652
1
1
1
1
1.22379
1
1
1.22279
1
1.21135
1
1
1
1
1
1
1
1
1
1
0.999997
1
1
1.22582
1
1
1
1
1
1.22331
1.20005
1
1
1
1
1
1
1
1
1.12915
1
1
1.22232
1
1
1
1
1.21535
1
0.999992
1
1
1
1
1
1.22299
1
1
1
1
1.21936
1
1
1
1
1
1
1
1.21867
1
1
1
1
1
1
1
1.22209
1
0.999999
1
1.22366
1.22214
1
1.22242
1
1.0514
1
1
1.2228
1
1
1
1
1
1
1
1
1
1
1
1
1.22311
1
1
1
1
1
1.2224
1
1
1
1
1
1.22236
1
1
1
1
1
1
1.22344
1
1
1
1
1
1.2225
1
1.22333
1.2232
1
1
1.22104
1
1.22387
1
1.22414
1
1
0.999995
1
1
1
1
1
1.22271
1
1
1.22319
1
1.23174
1
1
1
1
1.20195
1
1
1.22312
1
1
1
1
1
1
1.22071
1
1
1
1
1
1
1
1
1
1.07974
1
1
1
1
1.31783
1
1.22349
1
1.2228
1
1.22365
1
1
1
1
1.22243
1
1
1
1
1
1
1
1.223
1.22315
1
1
1.2325
1.2226
1
1
1
1.22245
1
1
1.22544
1
1
1
1
1
1
1
1
1.22342
1
1.22333
1
1
1
1
1
1.22435
1
1
1
1
1
1
0.999999
1
1
1
1
1
1
1
1
1
1
1.2055
1
1
1
1.22252
1
1
1
1.22384
1
1
1.22672
1
1
1
1.2305
1
1.22269
1
1
1
1.2238
1
1
1
1
1
1.18295
1
1
1
1
1
1
1
1
1.02191
1.51528
1
1.22275
1
1.2223
1
1
1.13219
1
1
1
1
1
1.2208
1
1
1
1
1.22195
1.22265
0.999983
1
1
1.1736
1
1.22222
1
1.22894
1.2147
1
1
1.22289
1
1
1
1
1
1
1
1
1
1
1
1
1
1
1
1
1
1
1
1
1
1
1
1
1
1.22363
1
1
1.2193
1
1.22387
1
1
1.22264
1
1
1
1
1
1
1
1.22418
1
1
1
1
1
1
1
1
1
1
1.22267
1
1.0219
1
1.22345
1
1
1
1
1
1
1
1.22328
1
1
1
1
1
1.22436
1
1
1.22336
1.09007
1
1
1
1
1
1
1
0.999977
1
1
1
1
1
1
1.02189
1.22413
1
1
1
1
1
1
1
1
1
1
1
1
1
1.24122
1
1
1
1
1
1
1
1.22311
1
1.2234
1
1
1.22816
1
1
1
1
1
1
1.00085
1
1
1
1
1
1
1
1
1
1.21758
1
1
1
1
1
1
1.22329
1
1.15076
1
1
1.22183
1
1.32569
1.21793
1
1
1
1
1.22122
1
1
1
1
1.23162
1
1.22386
1
1.22047
1
1
1
1.22341
1
1
1
1
1.07639
1.33098
1
1.04955
1
1
1.15874
1
1
1
1
1.22278
1.22338
1
1
1
1
1.22366
1.22393
1
1
1
1
1
1
1
1
1
1
1
1
1
1
1
1.22176
1
1.22223
1
1
1.2313
1
1
1
1
1
1
1
1
1
1
1
1
1
1.22265
1
1
1
1
1
1
1.22339
1
1
1
1
1
1
1.20461
1
1
1
1
1
1
1
1
1
1.21668
1
1
1
1
1
1
1
1
1
1
1
1
1
1
1
1
1
1.50869
1
1
1.22356
1
1.22311
1
1.21057
1
1
1
1
1
1
1
1
1.22909
1.22235
1
1
1
1
1
1
1.16943
1
1.22313
1
1
1
1
1
1
1
1
1.22301
0.999978
1
1
0.999973
1.22095
1.25004
1
1
1
1
1
1
1
1
1
1
1
1.22059
1
1
1
1
1
1.2225
1
1
1.22421
1
1
1
1
1
1.25154
1
1
1
1
1.14921
1.22214
1
1
1
1
1
1
1
1
1
1
1
1
1
1
1
1.21387
1
1.22333
1
1
1.22281
1
1
1
1
1
1
1
1
1
1
1
1.22333
1
1
1
1
1
1
1
1
1
1
1
1
1
1.22276
1
1
1
1.22008
1
1
1
1
1
1.22317
1
1.2235
1
1.21591
1
1
1
1.22357
1
1
1.10534
1
1
1
1
1
1
1
1
1
1
1
1
1
1.22364
1.20092
1.22344
1.2007
1.15412
1
1
1
1.21874
1.24157
1
1
1
1
1.23023
0.999909
1
1
1
1
1
1
1
1
1.22508
1
1.22128
1
1.22046
1
1
1
1
1.22621
1
1.22339
1
1
1
1
1
1.14281
1
1
1.22199
1
1
1
1
1
1
1.1615
1
1
1
1
1
1
1
1
1.20673
1.00254
1
1
1
1.22189
1
1
1
0.999981
1
1
1
1
1
1.22335
1
1
1
1.21893
1
1
1.2251
1
1
1
1
1
1
1
1.22286
1
1
1
1
1
1
1
1
1.21846
1
1
1
1
1
1
1
1
1
1
1
1
1
1
1
1
1
1
1
1
1
1
1
1
1
1
1
1
1
1
1
1
1
1.22202
1
1
1
1
1
1
1
1
1
1
1
1.20616
1
1.22131
1
1
1
1
1
1
1
1
1
1.1159
1.2225
1
1
1
1
1
1
1
1
1
1
1
1
1
1
1
1
1
1
1
1.22197
1
1
1
1
1
1.22033
1
1
1
1
1
1.20625
1
1
1
1
1
1
1
1
1
1
1
1
1.15653
1
1
1
1.15661
1
1
1
1
1
1
1
1
1
1
0.999985
1
1
1
1.0001
1
1
1
1
1.24205
1
1
1
1.10368
1
1
1
1.22478
1
1
1
1
1
0.999978
1
1
1
1.19757
1
1
1
1
1
1
1.10529
1
1
1
1.22299
1
1
1
1
1
1
1
1
1
1
1
1
1
1
1
1
1
1
1
1
1
1
1
1
1
1
1
1
1
1
1
1
1
1
1
1
1.22312
1
1
1
1
1
1.20404
1.21115
1
1
1
1
1
1
1
1
1.16336
1
1
1
1
1
1
1.22272
1.23489
1
1.00825
1
1
1
1
1
1
1
1.22356
1.22217
1.18537
1
1
1
1
1
1
1
1
1
1
1
1.2212
1
1
1
1
1
1.22322
1
1
1.22925
1
1
1
1
1
1
1
1
1
1
1
1
1
1.22319
1
1
1
1
1
1
1
1
1
1
1
1
1.21096
1
1
1
1
1
1
1
1
1
1
1.22472
1
1
1
1.22301
1
1
1.19597
1
1
1
1.22258
1
1
1
1
1
1
1
1
1.10112
1
1.23259
1
1
1
1
1
1.22258
1
1
1
1
1
1
1
1
1
1
1
1
1
1
1
1
1
1
1
1
1
1
1
1
1
1.50291
1
1.15794
1
1
1
1
1
1
1
1
1
1
1
1
1
1
1.2046
1
1
1
1
1
1
1
1
1.22327
1
1
1.22226
1
1.15425
1.22281
1
1
1
1
1
1
1
1
0.999986
1
1
1
1
1
1
1
1
1
1
1.13104
1.21333
1
1
1
1
1
1
1
1
1
1
1.22392
1
1
1.1896
1
1
1
1.1644
1
1
1
1
1
1
1.22333
1.21622
1
1.22285
1
1
1
1
1
0.999994
1
1
1
1
1
1
1
1
1
1
1
1
1
1
1
1
1.19035
1.22494
1
1
1
1
1
1
1
1
1
1
1
1
1
1
1
1
1
1
1
1
1.15105
1
1
1
1
1
1
1
1.21027
1
1
1
1
1.22323
1
1
1
1
1
1
1
1.22291
1
1
1
1.22351
1.16323
1
1
1
1
1
1
1
1
1
1
1
1
1
1
1
1
1
1
1.22233
1
1
1
1
1
1
1
1
1
1
1
1
1
1
1
1
1
1
1
1
1
1.22361
1
1
1
1
0.999995
1
1.18336
1
1
1
1
1
1
1.23499
1
1
1
1
1
1
1
1
1
1
1
1
1
1
1
1
1
1.2232
1
1
1
1
1
1
1
1.27418
1
1
1
1
1
1
1
1
1.15064
1
1
1
1
1
1
1
1
1
1
1
1
1
1
1
1
1
1
1.23284
1
1
1
1
1
1
1
1
1
1
1
1
1.22333
1
1
1
1
1.22341
1
1
1
1.22273
1
1
1
1
1
1
1
1
1
1
1
1
1
1
1
1
1
1.32676
1.22284
1
1
1
1
1
1
1
1
1
1
1.25515
1.19731
1
1
1
1
1
1.22359
1
1
1
1.22335
1
1
1
1
1.19911
1
1
1
1
1
1.13466
1.22451
1
1
1
1
1.50263
1
1.32102
1
1
1
1
1
1
1
1
1
1
1
1
1
1
1.22379
1
1
1
1
1
1
1
1
1
1
1.23059
1
1
1
1
1
1
1
1
1
1
1
1.22349
1
1
1
1
1
1
1.22712
1
1
1.22311
1
1.14384
1
1
1
1
1
1
1
1.18885
1.00274
1
1
1.22039
1
1
1
1.22369
1
1
1.08167
1
1
1
1.18246
1
1.14166
1
1
1
1
1.17893
1
1
1
1
1
1
1
1
1
1
1
1
1.22277
1
1
1
1
1.23051
1
1
1
1
1
1.22985
1.223
1
1
1
1
1.13424
1
1
1
1
1
1
1
1
1
1
1
1.22157
1
1
1.22444
1.2507
1
1
1
1
1
1
1.12998
1
1
1
1
1
1.19902
1
1
1
1
1
1
1.22279
1
1
1
1.09289
1
1
1
1.22321
1
1
1
1
1
1
1
1
1
1
1.23029
1.26287
1
1
1
1
1
1
1
1
1
1
1
1
1
1
1
1
1
1
1
1
1
1.11257
1
1
1.21012
1
1
1
1
1
1.19643
1.22815
1
1
1
1
1
0.999997
1
1
1
1
1
1.13599
1
1
1
1
1.22276
1
1
1
1
1
1
0.999948
1
1
0.999993
1
1.13741
1
1.15575
1.22448
1
1
1
1
1
1
1
1
1
1
1
1
1
1
1
1
1
1
1
1.16502
1
1.14162
1
1
1
1
1
1
1.33955
1
1.21838
1
1
1
1.19414
1
1
1
1
0.999995
1
1
1.22352
1
1
1
1
1
1
1
1.17452
1.16308
1
1
1.3278
1
1
1
1
1
1
1
1
1
1
1.22365
1
1
1.21906
1.22488
1
1
1.16707
1
1
1
1
1.22355
1
1
1.22358
1.22932
1
1
1
1.14609
1.22266
1
1
1
1
1
1.13763
1
1
1
1.2237
1
1.14237
1
1
1
1
1
1
1
1.50625
1
1
1
1
1
1
1
1
1
1
1
1
1
1.08517
1.22877
1
1
1
1
1
1
1
1
1.14874
1
1
1
1
1
1
1
1
1
1
1
1
1
1
1
1
1
1
1
1
1
1
1.23212
1.22372
1
1
1
1
1
1
1.04807
1
1
1
1
1
1
1
1
1
1
1
1
1
1
1
1
1
1
1
1
1
1.22258
1
1
1
1
1.1409
1.17074
1
1
1
1
1.22383
1
1
1
1
1
1
1
1
1
1
1
1
1
1.23091
1
1
1
1
1
1
1
1
1.142
1
1.18867
1
1
1
1
1
1
1
1
1
1
1
1
1
1
1
1
1
1.22189
1.22911
1
1
1.116
1
1.32587
1
1
1.23015
1
1
1
1
1
1.21811
1
1
1
1
1
1.14477
1.22502
0.999986
1
1
1
1
1
1
1
1.14524
1
1
1
1.22325
1
1
1.22237
1
1
1
1
1.23312
1
1
1
1
1.10807
1
1
1
1
1
1
1
1
1
1
1
1.3284
1
1.22858
1
1.17343
1
1
0.999959
1
1
1
1
1
1
1
1
1
1
1
1.23043
1
1
1.15676
1.22176
1
1
1
1
1
1
1.22302
1
1
1
1
1
1
1
1
1
1
1.22471
1
1
1
1
1
1
1.16431
1
1
1
1
1
1
1
1
1
1
1
1
1
1
1
1
1
1
1.22479
1
1
1
1.23121
1
1
1
1
1
1
1
1
1
1
1.22235
1
1.22253
1
1
1
1
1
1.22255
1
1
1
1.50455
1
1
1
1
1
1
1
1
1
1
1
1
1
1
1
1
1
1
1
1
1
1
1
1
1
1
1
1
1
1
1
1
1
1
1
1
1.19785
1.22377
1
1
1
1.1335
1
1
1
1
1.22136
1
1
1
1
1
1
1
1
1
1
1
1
1
1
1
1
1
1
1
1
1
1.21591
1
1.22374
1
1
1
1.22234
1
1.31761
1
1
1
1.22812
1
1.32912
1
1.22309
1
1
1
1
1
1
1
1
1
1
1
1
0.999968
1
1
1
1
1
1
1
1
1.22387
1
1
1.16518
1
1
0.999968
1
1
1
1
1
1
1
1
1.22447
1
1
1
1
1
1
1.22379
1
1
1
1.13595
1.2229
1
1
1
1
1
1
1
1
1
1
1
1
1
1
1
1
1
1
1
1
1
1
1
1
1
1
1
1
1
1
1.1543
1
1
1
1
1
1
1
1
1
1
1
1
1
1
1.19417
1
1
1
1
1
1
1
1
1
1
1
1
1
1
1
1
1
1
1.21407
1
1
1
1
1
1
1.2332
1
1
1
1
1
1
1
1
1
1
1
1
1
1.15142
1
1.19314
1
1
1
1
1
1
1
1
1
1
1.22684
1.32931
1
1
1
1
1
1
1
1
1
1
1.17856
1
1
1
1
1
1
1
1
1
1
1.22212
1
1
1
1
1
1
1
1
1
1
1
1.22413
1
1.15407
1
1
1
1
1
1
1
1.22133
1
1
1
1
1.22295
1
1
1
1
1
1.22413
1
1
1
1
1
1
1
1
1
1
1
1
1.22109
1
1
1
1
1
1
1
1
1
1
1.19846
1
1
1
1
1
1.32564
1
1
1
1
1
1
1
1
1
1
1
1
1
1
1
1
1
1
1
1
1
1
1
1.09285
1
1
1
1.21747
1
1
1
1
1
1.22344
1.00052
1
1
1
1
1
1
1
1
1
1
1
1
1
1
1
1
1
1
1
1
1
1
1
1
1
1
1
1
1
1
1
1.13096
1.22354
1
1
1.20585
1
1
1.17818
1
1
1.19917
1
1
1
1
1.01668
1
1
1.20716
1
1
1.22283
1
1
1
1
1
1
1
1
1
1
1
1
1
1
1
1
1.22394
1
1
1
1
1
1
1
1
1
1
1
1
1
1
1.11551
1
1
1
1
1
1
1
1
1
1.23716
1
1
1
1
1.21844
1
1
1
1
1
1.22163
1
1
1
1
1
1
1
1
1.22258
1
1
1
1
1.51179
1
1
1
1
1
1
1
1
1
1
1
1
1
1
1
1
1
1
1
1
1
1.17151
1
0.999988
1
1
1.00399
1
1
1
1
1.22133
1
1
1
1
1
1
1.22485
1
1
1
1
1
1
1
1
1.51309
1
1.22296
1
1
1.20294
1
1
1
1.2233
1
1
1
1
1
1
1
1
1
1.2147
1
1.20163
1
1
1
1
1
1
1
1
1
1
1
1
1
1
1.19294
1
1
1.11815
1
1
1
1
1
1
1
1
1.06599
1
1
1
1
1
1
1
1.23241
1
1
1
1
1
1
1
1.13902
1
1
1
1
1.20407
1
1
1
1.21085
1
1
1
1
1.13299
1
0.999989
1
1
1
1
1
1
1
1.50361
1.22301
1
1
1.50104
1
1
1.13893
1
1
1
1
1
1
1
1.2178
1
1
1
0.999999
1.50152
1
1
1
1.2239
1
1
1
1
1.22219
1
1
1
1
1
1
1
1
1
1
1
1
1
1
1
1
1
1
1.22379
1
1
1
1
1
1
1
1
1
1
1
1
1
1
1
1
1
1
1
1
1
1
1
1
1
1
1
1.50772
1
1.0309
1.22318
1
1
1
1.11653
1
1
1
1.29716
1
1.233
1
1
1
1
1
0.999985
1
1
1.20786
1
1
1
1
1
1
1
1.24374
1
1
1
1.23876
1
1
1
1
1
1
1
1
1.07256
1
1
1
1
1
1
1
1
1
1.22284
1
1
1
1
1
1
1
1
1
1
1
1
1
1
1
1
1.2234
1
1
1
1
1
1.1309
1
1
1
1
1.50168
1
1.3295
1
1
1
1
1
1
1
1
1
1
1
0.999948
1
1
1
1
1
1
1
1
1.2324
1
1
1
1
1
1
1
1
1.13437
1
1
1
1
1.22357
1
1
1
1
1
1
1
1
1.23414
1
1
1
1
1.10649
1
1
1
1
1
1
1
1
1
1
1
1
1
1
1
1
1
1.21808
1
1
1.23786
1
1.21966
1
1
1
1
1
1
1
1
1
1
1
1
1
1
1
1
1
1
1
1.32804
1
1
1
1
1
1.22201
1
1.04424
1
1.50596
1
1
1
1
1.22639
1
1
1
1
1
1
1
1
1
1
1.20543
1
1
1
1
1
1.22387
1
1
1
1
1
1
1
1
1.50891
1
1
1
1
1
1
1
1.22061
1
1
1
1
1
1
1
1
1
1
1
1
1
1
1
1
1
1
1
1
1
1
1
1
1
1
1
1
1
1
1
1
1
1
1
1
1
1
1
1
1
1
1
1
1
1
1.19457
1
1
1
1.21874
1.22267
1
1
1
1
1
1
1
1.22191
1
1
1
1
1.04283
1
1
1.22551
1
1.11927
1
1.23091
1.21251
1.24097
1
1
1
1.22396
1
1
1
1
1
1
1
1
1
1
1
1
1
1
1
1.22184
1
1
1
1
1
1.20544
1
1
1
1
1
1
1
1
1
1
1
1
1
1
1
1
1
1
1
1
1
1
1.00472
1
1
1.04691
1
1
1
1.31534
1
1
1
1
1
1
1
1
1
1
1
1.25017
1
1
1
1
1
1
1
1
1
1
1
1
1
1.2237
1
1
1.22244
1.22163
1
1
1
1
1
1.1399
1
1
1
1
1
0.999954
1.23524
1
1
1
1
1
1
1
1
1
1
1
1
1
1
1
1
1
1
1
1.1316
1
1
1.1816
1.14917
1
1
1
1
1
1.10319
1.21629
1
1.22367
1
1
1.23592
1
1
1
1
1
1
1
1.2361
1
1
1
1
1
1
1
1.21997
1
1
1
1
1
1
1.2213
1
1.22268
1.22257
1.22173
1
1
1
1
1
1
1
1
1
1
1
1
1.22402
1
1
1
1
1.22262
1
1
1.04393
1
1
1
1
1
1
1
1.11691
1
1
1
1
1
1
1
1
1.2233
1
1
1
1
1
1
1
1
1.22106
1
1
1
1
1
1
1
1
1
1
1.09221
1
1
1.20604
1
1
1
1
1.21652
1
1
1
1
1
1
1
1
1
1
1
1
1
1
1.13752
1
1
1
1
1
1
1
1
1
1
1
1.01348
1
1
1
1
1
1
1.22307
1
1
1.32805
1
1
1
1
1
1
1
1
1.21867
1
1.20632
1
1
1.17937
1
1.2235
1
1
1
1
1
1
1
1
1
1
1
1.22295
1
1.11858
1
1.22481
1
1
1.22111
1
1
1
1
1
1
1
1
1
1.19031
1
1
1
1
1
1
1
1
1
1
1
1
1
1
1
1
1
0.999998
1
1
1.22137
1
1.21888
1
1
1
1
1
1
1
1
1
1
1
1.16364
1
1
1
1
1
1
1
1
1
1
1
1
1
1
1.19285
1
1.21002
1
1
1
1
1
1
1
1
1
1
0.99999
1
1
1.22216
1
1
1
1
1
1.22276
1
1
1
1
1
1
1
1
1
1.25143
1
1
1
1
1
1
1
1
1
1.22365
1
1
1
1
1
1
1
1
1
1
1
1
1
1
1
1.21029
1
1
1
1
1
1
1
1
1
1
1
1
1
1
1
1
1
1.23287
1
1
1.32879
1.00116
1
1
1
1
1
1
1
1
1
1
1
1
1
1
1.20905
1
1
1
1
1
1
1.22179
1
1
1
1
1
1.20048
1
1
1
1
1
1.24347
1
1
1
1
1
1
0.999999
1
1
1
1.50628
1
1
1
1
1
1
1
1.21729
1.22337
1
1
1
1.19242
1
1
1
1
1
1.50904
1.11671
1
1
1
1
1
1
1
1
1
1
1
1
1
1
1
1.22314
1
1
1
1.20198
1.08585
1
1
1
1
1
1
1
1
1.19095
1
1
1
1
1
1
1
1
1
1
1
1
1
1
1
1
1
1
1
1.22313
1.20041
1
1
1
1
1
1
1
1
1
1
1.22322
1
1
1
1
1
1
1
1
1.2247
1
1
1
1
1
1
1.15788
1.23958
1.22234
1.22454
1
1
1.09473
1
1
1
1
1
1
1.09478
1
1
1
1
1.14901
1
1
1
1
1
1
1
1
1
1.33533
1
1
1
1
1
1
1
1
1
1
1.11725
1
1
1
1
1
1
1
1
1
1
1
1
1
1
1
1.22028
1
1.51367
1.1852
1
1
1
1
1
1
1
1
1
1
1
1
1
1
1
1
1
1.23234
0.999969
1.2232
1
1
1
1
1
1
1
1
1
1
1
1.19522
1.50975
1.21962
1
1
1
1
1.23857
1.23846
1
1
1.22295
1
1
1
1
1.22655
1
1
1
1
1
1
1
1
1
1
1
1
1.13854
1
1
1
1
1
1
1
1.13063
1
1
1
1
1
1
1
1
1
1
1.2232
1
1
1.0482
1
1.22386
1
1
1
1
1
1
1
1
1
1
1.19556
1
1
1.13961
1.19461
1
1
1
1
1
1.19167
1
1
1
1
1.22266
1
1
1.24079
1
1
1
1
1
1
1
1.21115
1
1.11155
1.22237
1
1.22359
1
1
1.20065
1
1
1
1
1
1
1
1
1.22285
1
1
1
1
1.18508
1
1
1
1
1
1
1.22322
1.50525
1
1
1
1.22072
1
1
1
1
1
1
1
1
1
1
1
1
1.09578
1
1
1
1
1
1.2218
1.22377
1
1
1.22349
1
1
1
1
1
1
1
1
1
1
1.22287
1
1
1
1
1
1
1
1
1
1
1
1
1
1
1
1
1
1
1
1
1.22324
1
1
1
1
1.19261
1
1.22273
1.22379
1
1
1
1
1
1
1.2231
1
1
1
1
1
1
1
1
1.23434
1
1
1
1
1
1
1
1
1
1
1
1
1.22293
1
1
1.14233
1
1
1.22335
1
1
1
1
1
1.22295
1
1.22448
1
1
1
1
1.20064
1.22005
1
1
1
1
1
1
1
1
1
1
1
1
1
1
1
1
1
1.21395
1
1
1
1
1
1
1.14398
1
1
1
1
1
1.22251
1
1
1.17837
1.15853
1
1
1
1
1
1
1.15547
1
1
1
1
1.21945
1.22343
1
1
1
1
1
1
1
1
1
1.19854
1
1.22736
1.22111
1
1
1
1
1
1
1
1.2216
1
1
1.22311
1
1
1
1
1
1.23484
1
1.22484
1
1
1
1
1
1
1
1
1.22426
1
1
1.18976
1
1
1
1
1
1
1
1
1
1
1
1
1
1
1
1
1.16685
1
1
1
1
1
1
1.23716
1
1
1
1
1.14307
1
1.22267
1
1
1
1
1
1
1.22129
1
1
1
1
1
1
1
1.51162
1
1
1.228
1.22088
1
1.22143
1
1
1
1
1.19635
1
1
1
1
1
1.22312
1
1
1
1
1
1
1
1
1
1
1
1
1
1.50419
1
1
1
1.16137
1
1
1.11615
1
1
1
1
1
1.04744
1
1.22972
1
1
1
1
1
1
1
1.11536
1
1
1
1
1
1
1
1
1
1.11694
1.32499
1.23162
1
1
1
1.04843
1
1
1.22176
1
1
1
1
1.23445
1
1
1
1
1
1
1.14262
1
1
1
1
1
1
1
1
1
1
1
1
1
1
1
1.23145
1
1
1
1
1
1.23552
1
1
1
1
1
1.20921
1
1
1
1
1
1
1.11483
1
1
1
1
1.31692
1
1
1
1
1
1.17566
1
1
1.22539
1
1
1
1
1
1
1
1
1
1
1
1
1
1
1
1
1.20022
1
1
1
1
1
1
1
1
1
1
1
1.13614
1
1
1.17066
1
1
1
1.15415
1
1
1
1
1
1
1
1
1
1
1
1
1
1
1
1.18724
1.22825
1
1
1
1
1
1
1
1
1
1
1
1.21991
1
1
1
1.19583
1
1
1
1
1
1.24023
1
1
1
1.00468
1
1
1
1.20744
1
1.15519
1
1
1
1
1
1
1
1
1.1785
1.13456
1
1.22463
1
1
1
1.22311
1
1.08297
1
1
1
1
1
1
1
1.22238
1.21556
1.22257
1
1.20079
1.04843
1
1
1
1
1.21686
1.22167
1.1827
1
1
1
1
1
1
1
1
1
1
1
1
0.999987
1
1
1
1
1
1
1
1.19373
1
1.22331
1
1
1.23296
1.32825
1
1
1
1
1
1.00003
1.2102
1
1.15074
1
1
1.19852
1.22341
1.21507
1
1
1
1.19499
1
1
1.12228
1
1.25187
1
1
1
1
1
1
1
1.50556
1.21958
1
1
1
1
1
1.09592
1
1.21307
1
1.22133
1
1
1
1
1
1
1
1
1
1
1
1
1
1
1.50535
1
1
1
1
1
1
1.04612
1
1
1.22457
1
1
1.20892
1.21113
1
1
1
1
1
1
1.22221
1
1
1
1
1
1
1
1
1
1
1
1
1.12528
1.00258
1.12003
1
1.2312
1
1
1
1
1
1
1
1
1
1
1.25423
1
1
1
1
1
1.22446
1
1
1
1
1.22247
1.20781
1
1.23502
1
1
1
1.1042
1
1
1
1
1.22365
1.22329
1
1
1
1
1
1
1.20878
1
1
1.21055
1
1
1
1
1.22269
1
1
1
1
1.25322
1
1.23132
1
1.15977
1
1
1
1
1
1
1
1.00003
1.14642
1
1
1.03412
1
1
1
1
1
1
1
1
1
1
1
1
1
1
1.14872
1
1
1
1
1
1
1
1
1
1
1
1.15867
1
1.21677
1
1
1
1
1
1
1
1.22399
1
1
1
1
1
1
1
1
1
1
1
1
1.22226
1
1
1.2252
1
1
1.14563
1
1
1
1
1.23031
1
1.22143
1
1
1
1
1
1
1
1.21804
1.15849
1
0.999983
1
1
1.12813
1
1
1
1
1
1.18805
1.23084
1
1
1
1
1
1
1.13936
1
1.23619
1.22298
1
1
1
1
1.22991
1
1
1
1
1
1
1
1
1
1
1
1.21456
1
1
1
1.22242
1.21041
1.04303
1
1
1
1
1.22365
1
1
1
1
1
1.13904
1
1
1
1
1
1
1.21367
1
1
1.04779
1
1.22045
1
1
1
1.21689
1
1
1
1
1.22228
1
1
1
1.12507
1
1
1
1
1.20727
1.1999
1
1
1
1
1.22292
1
1
1
1.22289
1
1
1.2235
1
1.22313
1
1
1
1
1
1
1
1
1
1
0.999999
1
1
1
1
1.21055
1
1
1
1
1
1
1
1
1
1
1.12348
1
1
1
1
1
1
1
1
1
1.22265
1
1.23155
1.32959
1
1
1.14907
1.12804
1
1
1
1.18833
1
1
1
1
1.22051
1.22142
1
1.24841
1
1
1
1
1
1.21575
1
1
1.22291
1.22252
1
1
1
1
1
1.22093
1
1
1.14544
1.22201
1.32864
1
1
1
1
1
1
1
1.1801
1
1
1
1
1
1
1
1
1.24261
1
1
1
1
1
1
1
1.51264
1.21017
1
1
1
1
1
1
1.23333
1
1.20744
1
1
1
1
1
1.16047
1.21817
1
1
1
1.22395
0.999977
1
1
1
1.20716
1
1
1.00576
1
1
1
1
1
1
1
1
1
1.13373
1.12197
1.13614
1
1
1
1
1.22216
1
1
1
1.24562
1.22292
1
1
1
1.2235
1.25168
1
1
1
1
1.16865
1.20343
1
1
1
1
1.22328
1
1
1
0.999988
1.11177
1
1.22282
1
1
1.22419
1
1
1.22292
1
1
1.22306
1
1
1
1
1
1
1
1
1
1.19492
1
1
1.22358
1
1
1
1
1.18917
1
1.2225
1.22872
1
1
1
1.22295
1
1.17333
1.22331
1
1
1
1.11057
1.22278
1
1
1
1
1
1
1
1.22873
1.16028
1
1
1
1.19681
1.22266
1
1
1.22325
1.2266
1
1.22173
1
1.13201
1
1
1.19218
1.22272
1
1
1.13471
1
1.19017
1
1
1.22385
1
1
1
1.22315
1
1
1
1.21441
1
1
1
1.22388
1
1
1
1
1
1
1.22427
1.22213
1
1
1
1.13621
1
1
0.999973
1
1
1
1
1
1
1.22274
1
1
1.2238
1
1
1
1
1
1
1.20045
1.22775
1
1
1
1
1
1.20351
1
1.09576
1.0012
1.22338
1
1
1
1
1
1
1
0.99993
1.19948
1.22402
1.21935
1
1
1
1.22234
1.22649
1.18279
1.2207
1.22223
1.23886
1
1.13171
1
1
1.22274
1.22142
1
1.22182
1
1
1.22358
1
1
1.20052
1
1
1.11431
1
1.22393
1
1
1.15655
1.22356
1
1.32071
1.21986
1
1
1
1.24046
1
1
1.2205
1
1
1.15028
1
1
1
1.13689
1.19933
1.22345
1
0.999959
1
1
1
1
1
1
1
1
1
1.10897
1
1
1
1
1.22337
1
1.13454
1
1
1
1
1
1
1
1
1
1
1
1
1
1
1.17682
1.22283
1
1.11969
1
1.2229
1.13343
1.22324
1
1
1.22863
1.13595
1
1
1.13458
1.32974
1.22311
1
1
1
1
1.03804
1
1
1.20597
1.22405
1
1.22418
1
1.18816
1.22322
0.999999
1
1
1
1
1
1
1.11448
1.22203
1.22012
1.22234
1
1.22306
1.10556
1.22282
1
1
1
1
1
1
1.22068
1.22253
1
1.22319
1.22118
1
1
1
1.22292
1.19233
1
1
1
1
0.999996
1
1.21556
1
1
1
1.1951
1
1
1
1
1
1
1
1
1
1
1
1
1
1
1
1
1
1
1.22308
1.2109
1
1
1
1.20067
1.22377
1.22306
1.19636
1
1
1
1
1.22267
1
1
1
1.22206
1
1
1.22152
1
1
1
1
1
0.999988
1
1.22356
1.19146
1
1
1
1
1
1.01734
1
1
1
1.22291
1.22157
1
1.17544
1
1.22329
1.2197
1
1.2232
1.22329
1.22345
1
1
1
1
1
1
1
1
1
1
1.19134
1
1
1.22335
1.19989
1
1
1
1
1
1
1.22327
1
1
1
1.15962
1
1
1.22325
1.22296
1.18148
1
1
1
1.22324
1.17812
1
1
1
1
1
1
1.17297
1.20866
1
1
1
1
1.15637
1
1
1
1
1
1.04979
1
1
1
1.23673
1.09673
1
1.22287
1.23335
1.22312
1
1
1
1
1
1
1
1
1
1
1
1.0488
1.22087
1.53407
1
1.22431
1
1
1.22198
1
1.13607
1.22306
1.22098
1
1
1
1
1.01913
1
1
1
1
1
1
1.22227
1.1356
1
1
1
1
1
1
1
1
1
1.13472
1
1
0.999991
1
1.00023
1
1
1.22284
1
1.21997
1
1
1
1
1
1.22279
1
1
1
1
1
1
1.10814
1
1.22236
1
1
1
1.21477
1.20741
1
1
1
1
1.16207
1.22353
1
1
1
1
1
1.13702
1.18749
1
1
1.22304
1
1
1.0187
1
1
1.22251
1
1
1
1.22213
1.2196
1.22364
1
1
1
1.19543
1
1
1
1
1
1
1
1
1
1
1
1.16521
1
1
1.22335
1
1.22264
1
1.22238
1.2208
1
1
1
1
1
1
1
1.21498
1.2232
1
1
1
1
1
1.22297
1
1
1
1.22358
1
1.11502
1
1
1
1
1.19617
1
1
1
1.21949
1
1
1.22292
1
1
1.21943
1
1
1.19702
1
1
1.17932
1.15401
1
1
1
1
1
1
1
1.1832
1
1.22268
1
1
1.23883
1
1
1
1.22322
1
1.14799
1.22321
1
1
1
1.22202
1
1
1.20385
1
1
1.22283
1.14721
1.1993
1
1.223
1
1
1.2224
1
1
1
1
1.22333
1.22374
1
1.21583
1
1.1321
1
1.22165
1
1
1
1.19703
1
1
1
1
1
1
1.22292
1
1
1
1
1
1
1
1.20243
1.21841
0.999965
1.17963
1
1.24077
1
1
1
1.22148
1.23238
1
1
1.09462
1
1
1
1.16173
1.45645
1
1
1
1
1
1
1
1
1
1
1
1.24104
1.21914
1.21159
1.19079
1.22437
1
1.22296
1.19812
1.13103
1
1.14857
1
1.22305
1.50954
1
1
1.14222
1
1.50784
1
1
1
1
1.22364
1
1
1.00011
1.22308
1
1.22352
1.21392
1
1
1.22307
1
1.13315
1
1
1
1.13352
1
1
1.1988
1
1.22171
1
1
1
1
1
1.22316
1
1
1
1.22239
1
1
1
1
1
1.21866
1.22223
1
1.19887
1.22338
1.22047
1.13203
1
1.19727
1
1.16188
1
1.00291
1
1.22276
1
1
1
1
1.22223
1
1
1.21173
1.22319
1
1
1.1587
1
1
1
1
1
1.21713
1
1.22324
1
0.999993
1
1
1
1
1.22367
1
1.20316
1.16663
1
1
1
1
1
1
1.14501
1
1
1
1.22346
1
1
1
1.22327
1
1
1.21399
1.22324
1.21854
1
1
1
1
1.22192
1
1
1.21717
1
1.22194
1
1
1
1.22137
1.19339
1
1
1.09366
1.20401
1
1
1.18858
1
1
1.22314
1.21991
1
1
1.22939
1
1
1
0.999995
1.2344
1
1
1
1
1.22262
1
1
1
1
1
1
1.12019
1
1
1
1
1
1
1.22328
1
1
0.999964
1
1.22281
1
1.21183
1
1
1.13853
1.22366
1.22306
1
1.21826
1
1.00081
1
1
1.11669
1
1
1
1
1
1.22117
1
1
1
1
1
1.49804
1.22222
1
1
1.19948
1
1
1
1
1
1.19101
1
1
1
1
1
1
1
1
1
1.11343
1.22237
1
1.22329
1
1
1.19205
1.22294
1.22125
1
1.23786
1.2182
1
1
0.999997
1
1
1
1
1.22395
1
1
1
1
1
1.2226
1
1
1
1
1
1
1
1
1
1.22129
1.22294
1.19388
1.20717
1
1.14467
1
1.22002
1
1
1
1.19625
1
1.3275
1.14537
1.1439
1
1
1
1
1
1.5079
1.2237
1.10688
1
1
1.22227
1
0.999972
1
1
1
1
1
1
1.22337
1.22248
1
1
1
1.22285
1
1
1
1
1
1
1.13202
1
1
1
1.22231
1
1
1
1.22295
0.994128
1.2236
1
1.22163
1
1
1
1.21797
1
1
1
1
1
1
1
1
1
1.17455
1
1
1.16067
1
1.22223
1
1
1.22294
1
1.50802
1.2115
1
1
1
1
1
1
1
1.18124
1.2217
1.17363
1.22281
1
1
1
1
1
1
1.21949
1
1
1.21833
1
1
1
1.22259
1
1
1.21838
1
1
1
1
1.21462
1.2217
1.20645
1
1
1.22287
1
1.22326
1.18987
1
1
1
1.22287
1
1
1
1
1
1.17406
1
1
1
1.22279
1.14539
1.223
1.22271
1.22315
1
1.22153
1.22441
1
1.22296
1.22305
1
1
1
1.047
1.23323
1
1.21394
1.22332
1.19052
1
1
1
1
1
1.22323
1
1.22223
1
1.22168
1
1
1.22304
1
1
1
1
1
1.22527
1.09014
1
1
1
1
1.16564
1.14349
1.11744
1
1
1
1
1
1
1
1.12173
1.21051
1
1.22321
1
1
1
1.14171
1
1
1
1
1.22311
1.17203
1
1.49855
1
1.02514
1
1.22321
1.2217
1
1
1
1.23689
1
1
1
1.22219
1
1
1
1
1
1
1
1.22233
1
1.22372
1
1.17613
1
1.2045
1
1
1
1
1
1.21125
1
1
1.15073
0.999989
1
1
1.14693
1.22417
1
1.22033
1
1.21907
1.22264
1
1.00128
1
1
1
1
1.19742
1
1
1.17369
1.21068
1
1
1.20235
1
1
1
1
1.22015
1
1.20264
1.18904
1.22321
1.22852
1
1.23039
1
1
1
1
1
0.999981
1.21706
1.21899
1.21953
1
0.999992
1
1.22286
1
1.10656
1
1
1
1.15049
1
1
1
1
1
1
1
1.22295
1
1.23615
1
1
1
1
1
1.22162
1.22332
0.999997
1.22237
1
1
1.22393
1
1
1
1.22383
1.22325
1
1
1.22263
1
1.15224
1
1.50586
1.16742
1
1.17588
1
1.22112
1.09551
1.22325
1.18232
1
1
1.12536
1
1
1
1
1
1.2239
1
1
1
1.22153
1
1
1
1
1.19942
1.22174
1
1.22703
1.22287
1
1.11389
1
1.19922
1.2227
1
1
0.999999
1.21107
1
1
1.22365
1
1
1
1
1
1
1
1
1.22341
1
1
1
1
1
1
1.22326
1.23307
1.16996
1
1
1
1
1
1
1
1
1.15343
1.2232
1
1
1
1
1.22364
1
1
1
1
1
1.1186
1
1.22896
1
1
1
1.14497
1.12478
1
1
1.22062
1
1
1
1.22275
1
1
0.999971
1
1
1.12964
1
1.22854
1.13905
1
1.1925
1.22315
1
1.50893
1
1
1
1
1
1
1
1
1.21976
1
1.22323
1
1
1.2234
1
1
1
1
1.20763
1
1
1.2223
1
1.1972
1.22134
1
1
1
1
1.09333
1.21092
1
1
1
1
1
1.18209
1
1
1.22278
1
1.11138
1
1
1.22341
1.22165
1
1.23275
1
1
1
1
1
1
1.22321
1.21146
1
1
1
1
1.22295
1.21442
1
1
1
1.2224
1
1
1.2366
1
1.22143
1
1.12908
1.22334
1.22161
1
1.22187
1.22377
1.2232
1.22364
1
1
1
1.12868
1
1
1.22332
1
1
1
0.999983
1
0.999984
1
1
1
1
1.20468
1.22271
1
1.2202
1.16285
1
1.19067
1
1
1.00072
1
1.14564
1.22332
1
1.13163
0.999997
1.19761
1
1
1.22352
1.22298
1
1
1.14344
1
1.20284
1
1
1
1
1
1
1
1.22317
1.21849
1
1
1
1
1
1
1
1
1
1
1
1
1
1
1.23038
1.2181
1.13287
1
1.22282
1
1.22201
1
1.22365
1
1
1.18662
1
1
1.11736
1
1
1
1.16783
1
1.16374
1.22328
1
1
1
1
1
1.0962
1.22375
1
1.22272
1.12797
1
1
1.18375
1
1.14624
1
1
1.19978
1
1.09357
1
1
1
1.22326
1.20875
1.13523
1.22317
1
1
1.22213
1
1
1
1.22101
1.15143
1
1
1
1.21991
1
1
1.22243
1.22359
1
1
1.21572
1
1
1.22465
1.22315
0.999982
1.19483
1
1
1.22326
1.1371
1
1
1.17744
1.22232
1.09371
1.223
1
1
1
1
1
1.22346
1.22336
1.2229
1
1.12019
1
1.13658
1.11402
0.999958
1.13988
1
1
1.1108
1
1
1
1.22328
1
1
1
1
1
1.22019
1
1
1
1
1.22144
1.22211
1.22331
1.22362
1.21413
1
1
1
1.13562
1
1.19006
1.14034
1.2166
1
1
1.14272
1.22321
1
1.1322
1
1
1.22367
1
1
1
1
1
1
1
1.23567
1.21187
1
1
1
1
1
1
1.22393
1.18501
1.14219
1
1
1
1
1.21117
1
1
1
1
1
1.17533
1
1.12321
1
1.15061
1
1
1
1
1
1
1.21854
1.20616
1.22152
1.32994
1
1
1
1.21111
1.22204
1
1.32864
0.999986
1
1
0.999999
1.14611
1
1
1
1
1
1.13406
1.20276
1.22311
1.21839
1
1
1.14631
1.23242
1
1
1
1
1.2232
1
1
1.17202
1
1.21364
1.20997
0.999994
1
1
1.22346
0.999999
1
1
1.1082
1.20354
1
1
1
1.19858
1.14471
1
1
1.16301
1.15967
1.20918
1
1
1.21205
1
1.22275
1
1.22174
1
1
1.14246
1
1.14984
1.22292
1.08728
1
1.19549
1.22341
1.21464
1
1
1
1
1
1
1
1
1.22293
1.22307
1
1
1
1
1
1
1
1.20628
1
1
1
1.18232
1.22329
1
1
1.13635
1
1
1
1.21032
1
1
1.21506
1
1.23718
1
1
1.17721
1
1
1.2227
1
1.22275
1.22276
1.14667
1
1.22233
1
1
1
1.1416
1.22228
1
1.22374
1
1.22227
1
1
1
1
1.14525
1
1
1
1
1
1.22015
1.21746
1
1
1.11634
1.16961
1.17079
1
1
1
1
1
1
1
1.21674
1
1
1
1
1
1.2338
1.17562
1
1
1.22347
1
1
1
1
1
1.1552
1.22754
1
1
1
1
1
1
1.22187
1
1
1
1.22156
1
1
1.22663
1
1
1.20604
1.12523
1
1
1
1.21204
1.22268
1
1
1
1
1.21838
1.20733
1
1
1.21979
1
1
1
1
1.19612
1.22309
1.13436
1
1.22355
1
1
1.20691
1.22228
1
1
1.13745
1
1
1.2232
1
1.21094
1.22272
1.21146
1.03868
1.22166
1
1
1
1.15156
1
1
1.22345
1
1
1.14124
1
1
1
1
1
1
1
1.20806
1
1
1.50619
1
1.16637
1
1.21361
1.22346
1.15413
1.2226
1
1.04868
1
1
1
1
1
1.22405
1
1
1
1
1
1
1
1.23117
1
0.999955
1
1
1
1.14606
1
1.17839
1.22288
1
1.19252
1
1
1
1
1.21193
1
1
1.14333
1
1
1.22256
1
1
1
1
1
1.22303
1.22332
1
1.22333
1
1.22238
1.14517
1.14166
1.16123
1
1
1
1.22878
1
1.22299
1
1
1
1.13313
1.15204
1.148
1
1.22323
1.22199
1.22302
1
1
1
1
1.22302
1
1
1.22248
1.22264
1
1
1.22313
1
1.22051
1.21155
1
1
1
1
1
1
1
1.20956
1.22285
1
1
1
1
1
1
1
1.16084
1
1.22222
1
1.22207
1.1332
1
1
1.22276
1.25391
1.14362
1.15813
1
1.22191
1
1.21132
1.1208
1
1
1.19725
1
1.14194
1
1
1
1.21081
1.22364
1
1.22269
1
1
1
1.22319
1.32879
1
1
1
1.22427
1
1
1.14981
1.21613
1
1
1.14103
1
1
1
1.13044
1
1
1.22334
1.15429
1.15587
1.2235
1.21514
1.21114
1
1.23609
1
1.2219
1
1
1
1
1
1
1.22332
1.16396
1.2213
1.2237
1
1
1
1.22372
1.22091
1.21222
1
1
1
1
1.11381
1.15794
1
1.00001
1
1
1.21963
1.22167
1
1
1
1
1.2078
1.22242
1.13296
1
1
1.2238
1.14556
1
1
1
1
1.22331
1
1
1.22237
1
1.22283
1
1
1
1
1
1
1.13401
1
1.22332
1
1
1.22315
1
1
1
1
1
1
1
1
1
1
1.20304
1
1
1
1
1.1494
1
1.13697
1
1
1.22128
1
1
1
1
1
1.21496
1.20681
1.24353
1
1
1
1
1.00127
1.23261
1.22205
1.22367
1
1.14052
1.14873
1
1
1.13102
1
1.20792
1.1398
1
1.14202
1
1
1
1
1.19674
1
1
1.13985
1
1.22016
1
1
1
1
1
1.22311
1
1
1.18087
1
1.16794
1.22211
1.3286
1
1
1
1.1363
1.22214
1.22342
1
1.14226
1
1
1
1.22329
1
1
1
1.14509
1.20153
1
1.12861
0.999977
1.14322
1.04575
1
1.25898
1.11049
1.22266
1
1
1.22383
1.22366
1.23351
1
1
1
1.22303
1
1
1
1.16716
1
1
1.1437
1.21828
1
1
1.21854
1.22288
1.18017
1.21846
1
1
1
1
1
1
1
1
1
1
1
1.15303
1.22311
1.15982
1.22096
1
1
1
1.19023
1
1
1
1
1
1
1
1
1
1
1
1.22305
1.21636
1.22249
1
1.12374
1
1
1.18647
1
1
1
1.22258
1
1.21736
1
1
1.19304
1.22337
1
1
1
1
1
1
1.22248
1
1
1.22275
1.22335
1
1.15053
1.18799
1
1
1
1
1.50758
1
1
1.22211
1
1.22333
1.00995
1
1
1
1
1
1.22267
1
1.22181
1
1
1.21326
1.19909
1
1.22336
1
1.16714
1
1.20586
1
1
1
1
1.20366
1.20355
1
1
1.22314
1
1
1
1
1
1
1
1.10837
1
1.21986
1.22668
1.22311
1
1
1.22001
1
1.04977
1
1
1.17595
1.14693
1
1
1
1.22061
1
1
1
1.22232
1
1
1
1
1
1
1.00062
1
1
1
1
1
1
1.23305
1
1
1
1
1
1
1
1
1
1
1.13047
1
1
1
1
1
1
1
1
1
1
1
1
1
1
1
1
1
1
1
1
1
1
1
1
1
1
1
1
1
1
1
1
1
1
1
1
1
1
1
1
1
1
1
1
1
1
1.2224
1.21037
1
1.22188
1
1
1.22284
1
1
1
1
1.21276
1
1.02861
1.23421
1
1.22685
1.22177
1
1
1
1
1
1
1
1
1
1.15025
1.13788
1
1.14051
1.13438
1
1.18107
1.22266
1.22393
1.2227
1
1.14064
1
1
1.13424
1.22294
1
1.00108
1.19279
1.22641
1.22231
0.999988
1
1
1.21079
1.18707
0.999968
1
1
1
1.22244
1.22194
1
1.1367
1
1.20616
1.22203
1
0.999976
1.22106
1
1
1
1.22253
1.14151
1
1
0.999995
1.21235
1
1
1
1.13968
1
1
1.13879
1
1.22239
1.13787
1
1
1.14034
1.22404
1
1
1
1
1.19511
1
1
1.22276
1.16324
1
1
1.2085
1
1
1.22292
1
1
1.21705
1.13912
1
1
1.22276
1
1
1
1
1.22258
1.24302
1
1.13619
1.22275
1.22345
1
1.50564
1
1.22178
1
1
1.22455
1
1.16693
1
1
1.2246
1
1.2319
1.13454
1
1.23925
1
1.22308
1
1
1.20969
1
1
1
1
1
1
1
1.32972
1.2225
1.22353
1
1
1
1
1
1
1.22263
1
1
1.16203
1
1.19816
1.22675
1
1.22294
1.22315
1
1
1
1
1.15314
1
1
1.20433
1
1
1
1
1
1
1
1
1.19969
1
1.14489
1
1
0.999994
1
1
1
1
1
1
1
1.21854
1
1
1.20231
1.20559
1.16037
1.13473
1
1
1
1
1
1.13415
1
1
1
1.32954
1
1
1
1.2238
1
1
1
1.22071
1
1.22672
1
1.50972
1.10626
1.20722
1.13396
1
1.19676
1.47203
1.1965
1.22271
1
1.18108
1
1.17709
1
1.20619
1.21963
1
1
1
1
1.10596
1
1
1.22293
1.14142
1
1
1
1.21991
1.13164
1
1.22274
1
1
1
1
1
1
1
1.23743
1
1
1
1
1
1
1.2097
1.22282
1
1
1
1.31784
1.50819
1
1.15068
1
1
1.22239
1.23287
1
1
1
1
1
1
1.50167
1.24949
1.12993
1
1
1
1
1
1
1
1
1
1.13575
1
1
1
1
1
1.18098
1
1.21636
1
1.13933
1.22306
1
1
1
1.50235
1
1
1
1
1
1
1
1
1
1.14614
1
1.51345
1
1
1
1.11724
1
1
1
1
1
1.22314
1
1.22219
1.15137
1.21493
1
1
1
1.1417
1
1
1.22263
1.1447
1
1.22351
1
1.14335
1.22509
1.16984
1.21747
1.14968
1
1
1
1
1.4895
1
1.52427
1
1
1
1
1.50776
1
1.22377
1
1
1
1
1
1
1
1
1
1
1
1.20843
1
1
1
1
1.20405
1
1
1.51029
1
1
1
1
1
1.22179
1
1.51344
1.16627
1
1
1.04896
1
1
1.22159
1
1
1
1
1
1
1.22259
1
1
1
1
1
1.15599
1.22244
1
1.03762
1.14061
1
1
1
1
1
1
1
1
1
1
1
1
1
1.22222
1
1
1
1
1
1
1
1
1
1.48396
1
1
1
1
1.17307
1
1
1
1.22449
1
1.14278
1
1
1
1.22343
1
1.22213
1.18357
1
1
1
1
1.14888
1
1
1.14252
1
1
1
1
1
1.22321
1
1
1.14755
1.14384
1.22219
1
1
1
1
1
1
1
1
1
1.07767
1
1
1
1.14289
1
1
1
1.14716
1
1
1
1.22326
1
1
1
1.20151
1
1
1.19704
1
1
1
1
1.13977
1
1.14631
1
1.20381
1.48834
1
1.23512
0.999999
1
1
1.22282
1.18482
1
1
1
1
1
1
1
1
1.19542
1
1
1
1.22296
1.20779
1.22206
1
1
1.22298
1
1
1.22198
1
1.22269
1
1.1111
1
1
1.22288
1
1
1.14678
1
1
1
1.22331
1
1
1.13298
1
1
1.14706
1.20514
1
1
1.14459
1
1
1
1
1
1.20933
1
1
1
1
1
1
1
1
1
1
1
1
1
1.04579
1
1
1
1
1.22268
1
1.24043
1
1.46297
1
1
1
1
1
1
1.0101
1.53128
1
1.22287
1
0.999998
1
1
1
1
1
1
1.22044
1
1.00405
1
1.22338
1
1.22491
1.2229
1.32574
1
1.22318
1.22221
1.22243
1
1
1
1
1
1.14111
1
1
1
1.14668
1
1
1
1
1
1.31492
1
1.22327
1
1.21255
1
1
1
1
1
1.21954
1
1
1.22331
1.19874
1
1
1
1
1
1.4527
1
1
1
1
1
1
1
1
1.17542
1
1.24457
1
1
1
1
1
1
1.51527
1.22286
1.13592
1
1
1
1
1
0.999993
1
1
1
1
1
1
1
1
1.31378
1
1
1
1
1.20195
1.14902
1
1
1
1
1
1
1.51815
1.3436
1
1.22556
1.22134
1
1
1.20605
1
1.49855
1.22031
1
1
1.15085
1
1.15629
1
1
0.999975
1
1
1
1
1.17076
1
1.50147
1
1
1
1
1.1389
1
1.22341
1
1.2104
1.21456
1.15025
1
1.13801
1.21
1.16642
1
1
1
1.51096
1
1
1
1.1696
1
1
1.22334
1
1.14338
1
1
1.2232
1.22315
1
1.31615
1
1.22364
1
1
1
1
1.15988
1
1
1.20705
1
1.19467
1
1
1
1
1
1.17227
1.21101
1
1
1
1
1.18873
1
1
1.22236
1.20872
1
1.22289
1
1
1
1.18452
1
1.2221
1
1.00001
1
1
1.22275
1
1.22288
1
1
1.21719
1.16907
1
1.22243
1.18335
1.20484
1.21921
1
1
1
1
1
1
1.20224
1
1
1
1
1
1.22179
1
1
1
1
1.22324
1
1
1
1
1.30883
1.16097
1
1
1
1.13414
1.22474
1
1
1.22281
1
1.02834
1
1
1.22215
1.16728
1.22254
1.4865
1
1.22193
1
1
1.15898
1
1.16411
1.22359
1
1
1
1.1967
1.22303
1.14409
1
1
1
1
1.16939
1
1.18015
1
1
1
1.19173
1
1.17016
1
1.13776
1
1
1.22299
1.22298
1
1
1
1
1.13667
1
1
1
1.21372
1
1
1.17953
1
1
1.22277
1
1.22328
1
1
1.19317
1.13897
1.22204
1
1.17325
1
1.15492
1
0.999966
1
1
1
1
1
1.22361
1
1
1.22124
1
1.2111
1
1.22629
1
1.14059
1
1.20516
1.22299
1
1
1
1
1.04903
1
1
1
1
1
1
1.22156
1.23073
1
1.22299
1
1.2045
1.14578
1.20105
1.22201
1
1.22187
1
1
1
1
1
1.2222
1
1
1
1
1.21766
1
1
1.13732
1
1
1
1
1
1
1.47915
1.22778
1
1
1.22317
1.2224
1
1
1.22253
1
1
1
1
1
1
1
1.13761
1.17113
1
1
1.22218
1.19843
1.13223
1
1
1.23394
1
1
1
1.22222
1.22847
1
1
1
1.23337
1
1
1.0676
1
1
1.2239
1.22118
1
1.22196
1.22233
1.14661
1
1
1.14786
1
1
1.16616
1
1.2231
1
1
1.21821
1
1
1.13172
1
1
1.17358
1
1
1
1.15425
1
1.22248
1.22247
1
1.22238
1.22266
1
1.13393
1.23493
1
1.13698
1.15563
1
1
1
1
1
1
1
1.22303
1
1
1
1.14238
1.23273
1
1
1.22615
1
1.21764
1
1.22118
1
1
1.14172
1.22256
1.21695
1
1
1.22209
1
1.14428
1.16526
1
1.14681
1.22271
1.22021
1.223
1
1.22197
1.1343
1.23138
1
1
1
1
1.22264
1
1
1.14326
1.14669
1.22568
1.2213
1
1
1.13864
1.11557
1
1.22354
1.13998
1
1
1
1.2343
1.21864
1.22277
1.23343
1.20978
1.19499
1.2236
1
1
1
1
1.21148
1.222
1.1997
1.22034
1
1
1
1
1
1.20547
1
1.22207
1.14602
1
1.13551
1.13476
1
1.22302
1.21968
1
1
1.22258
1
1
1
1.2233
1
1.15637
1
1.21088
1
1.19305
1
1
1.2258
1
1
1.22363
1
1.19758
1
0.999982
1
1
1
1.13675
1
1
1
1.14739
1.13775
1
1
1
1.22309
1
1
1
1.14007
1.1409
1.22364
1.19884
1
1.22254
1.15386
1
1
1
1.22998
1
1.14773
1.1519
1
1
1
1
1
1.2105
1
1
1
1
1.23518
1
1.1409
1
1
1
1
0.999978
1.14019
1
1
1
1
1.22239
1
1
1.13329
1
1.22341
1.2226
1
1
1.14059
1
1
1
1.22291
1
1
1.19871
1
1
1
1
1
1
1.23093
1.22226
1
1.2098
1.21441
1.2209
1
1.22322
1.22309
1.22257
1
1
1.13814
1.22299
1
1
1.13868
1
1
1
1.17399
1
1.22338
1
1.22409
1.22314
1
1.21836
1.21833
1
1.22323
1
1
1
1
1
1.15152
1
1
1.22302
1.19122
1
1.15844
1
1
1.17817
1.19565
1
1
1
1.53754
1
1
1
1.16003
1
1
1.14103
1
1
1.22108
1.22288
1.18796
1.23029
1.13508
1
1
1.22332
1
1.22241
1
1
1.13453
0.999998
1
1
1
1
1
1.22309
1.2041
1.14638
1.22303
1
1
1
1
1
1.22294
1.14525
1
1.22293
1
1
1.2195
1
1
1
1
1
1
1
1
1
1
1.22101
1
1
1
1.13628
1
1
1
1
1.14631
1.21797
1
1
1
1
1
1.16449
1.2222
1.2959
1
1
1.13586
1.22306
1.22212
1
1.24841
0.999985
1
1
1
1
1
1
1
1
1.15562
1.22608
1
1
1
1.13297
1
1
1
1
1.20923
1.23115
1.14151
1.17337
1
1
1
1
1.22309
1.22312
1
1
1.20036
1
0.999998
1
1
1.21804
1
1
1.23787
1.19647
1.12603
1.1856
1
1
1
1
1.22254
1
1.12615
1
1
1
1
1
1.33652
1
1
0.999996
1
1
1
1
1.22218
1
1
1
1
1
1
1
1.22231
1.22259
1
1.14819
1.22332
1.17804
1.22317
1
1
1
1
1.14095
1
1
1.22139
1
1
1
1.14492
1
1
1
1.22284
1.21427
1
1.22437
1.13597
1.22232
1
1
1
1
1
1
1
1
1
1
1.21607
1
1.22387
1
1
1.31214
1
1
1.1383
1.23113
1
1
1
1
1
1
1
1
1
1.15765
1
1
1.19731
1
1
1
1
1.23388
1.13523
1
1.20237
1
1
1.22282
1.23471
1
1.13859
1
1
1.22209
1.22328
1.17085
1
1
1
1.22313
1
1
1
1
1.2227
1
1
1
1
1.31641
1
1
1
1
1
1
1
1
1
1
1
1
1.23487
1.1859
1
1.16294
1
1
1
1
1.22148
1.1404
0.99999
1
1
1
1
1.16673
1
1
1
1
1
1
1
1.1433
1
1.17838
1.11868
1
1
1
1
1
1
1
1
0.999994
1
1
1.15353
1
0.99999
0.999989
1
1
1.00334
1
1
1
1
1
1
1.22968
1.01437
1
1
1
1.2208
1
1
1
1
1
1
1.22303
1
1.00446
1
1.16022
1
1.21089
1
1
1
1
0.999965
1
1
1
1.22242
1.20218
1.20687
1.14077
1.22236
1.23862
1.19306
1
1.15247
1.14494
1.17845
1
1
1
1.17752
1.22429
1.18919
1
1.11193
1
1.22112
1
1
1.23634
1.22182
1.22789
1.19081
1.11052
1
1
1
1
1
1
1
1
1.195
1.22238
1.22275
1
1.2234
1
1.22307
1.22052
1
1
1
1.14664
1
1
1.22322
1
1
1
1.22186
1
1
1
1
1
1
1
1
1
1
1.2226
1
1
1
1
1.22315
1
1
1
1.23115
1.22245
1.22271
1
1
1
1.18981
1.21433
1
1
1
1.22329
1
1
1
1
1.22292
1.22038
1.22004
1.23271
1
1.22228
1.22282
1
1
1.13748
1.22271
1.0863
1
1.0516
1
1.22775
1
1
1
1.14068
1.22358
1
1
1
1
1.18744
1
1
1
1
1
1.221
1
1.13687
1
1.13188
1
1
1
1.20422
1
1
1
1
1
1.14337
1
1.22067
1
0.999985
1.13506
1.22203
1
1.17639
1
1
1
1
1
1
1.22484
1
1.21923
1
1
1
1
1
1
1.20212
1.22709
1.22226
1
1
1
1
1
1
1
1.13461
1
1.13692
1.22245
1
1
1
1
0.999993
1
1.22329
1.1692
1
1.21969
1
1
1
1
1.14673
1
1
1
1.13693
1
1
1
1
1.22222
1.1534
1.13214
1.22266
1
1
1
1
1
1
1
1.20544
1
1
1
1
1
1.22127
1
1
1
1.2226
1.15466
1.22282
1.22247
1
1
1
1
1.19953
1
1
1
1
1.19783
1.17852
0.999999
1.20494
1
1
1
1.22389
1.18231
1
1
1
1
1
1.22246
1.1375
1
1
1
1.22164
1.13371
1
1
1.00037
1
1
1
1
1
1
1
1
1.14027
1
1
1
1
1.19815
1
1
1
1
1
1.22157
1
1
1.50926
1.22338
1
1
1
1
1
1.22053
1
1
1
1.22261
1.22173
1.22305
1
1
1.21558
1
1.2236
1
1.22352
1.13551
1.14032
1
1
1.22882
1
1
1
1.22154
1
1
1.22063
1.13789
1
1.2234
1.22288
1
1.22333
1
1
1
1
1.22566
1
1
1
1.23149
1.14992
1
1
1
1
1
1
1
1
1
1
1.22255
1.223
1
1
1
1.22141
1
1
1.17255
1
1
1
1.22724
1
1
1
1
1
1
1
1
0.999999
1.15457
1
1
1.13928
1.20248
1.14492
1
1.22338
1
1.22362
1.17015
1
1.22292
1
1.19172
1
1
1
0.999994
1
1
1
1
1.22321
1
1.20062
1
1
1
1
1
1
1.16753
1
1
1.10759
1.22172
1.16841
1.12093
1.22337
1
1.22278
1.1325
1
1
1
1.2237
1.20975
1.15067
1.21927
1.15779
1.22435
1
1.223
1.22224
1
0.999983
1.15618
1
1.22158
1
1
1
1
1
1.11672
1.25393
1.14055
1.22383
1
0.999874
1.15813
1.1419
1
1.20705
1
1
1
1.23304
1
1.22399
1
1
1.24768
1
1
1
1
1.22252
1.17755
1.22329
1.14406
1
1
1
1.22372
1
1.19012
1
1
1.22124
1
1.13964
1
1.19044
1
1.22319
1
1
1
1
1
1
1.18966
1
1
1.22129
1.22082
1
1
1
0.999963
0.999972
1
1
1
1
0.999988
1
1.12594
1
1
1.22245
1
1.22291
1
1
1
1
1
1.21111
1
1.13829
1
1.20715
1.22276
0.999993
1
1.21657
1.22173
1
1.22234
1.13862
1
1
1
1
1
1
1.22225
1
1
1.2217
1.22206
1.22175
1.14945
1.21869
1.22285
1
1
1
1.22183
1.22309
1.22381
1
1
1
1
1
1
1
1.22269
1
1
1
1
1
1
1
1
1
1.21158
1.22045
1.14973
1
1
1
1
1.21363
1.22351
1
1
1
1
1.13385
1
1.22102
1
1
1
1
1
1.22271
1
1
1.25055
1
1
1.13641
1.22235
1
1
0.999999
1
1
1
1
1.15103
1
1
1
1.161
1
1
0.999986
1
1.21712
1.2233
1
1
1.22152
1
1.19991
1
1.10731
0.999999
1
1
1
1
1
1
1
1
1
1
1.22059
1.22348
1.17589
1.22059
1.14574
1.22343
1
0.999998
1
1.18788
1.14162
1.13297
1
1
1.22411
1
1
1
1
1
1.1544
1
1.15154
1
1.22173
1
1.18332
1
1.19841
1.1445
1
1.22384
1.22267
1
1
1
1
1
1.13137
1.22248
1
1.14072
1.20641
1
1.22246
1
1
1.13411
1.23828
1
1.21814
1
1
1.14006
1.2231
1
1
1.2234
1.22363
1.22815
1.22014
1.14011
1
1.22343
1.16341
1.12351
1.21379
1
1
1.22261
1
1.1321
1
1
1.2225
1.22254
1
1
1
1
1
1
1
1
1
1
1
1.22307
1
1
1.19911
1
1.22172
1
1
1
1
1
1
1
1.14425
1.1632
1
1.21763
1
1
1
1
1.22013
1
1
1.11606
1.13778
1.22319
1
1
1.1449
1.13521
1
1.22276
1.16038
1
1
1.22238
1
1
1.1574
1.2251
1
1
1.1398
1.22253
1
1
1.20676
1.16245
1
1
1.22348
1
1
1
1
1
1
1
1
1.21048
1
1
1
1.23745
1
1
1
1
1
1
1.1879
1.22795
1
1.13427
1
1
1.22253
1
1
1
1
1
1
1
1
1
1
1
1
1
1
1
1
1
1
1
1.00282
1
1.13184
1.20367
1.22286
1
1
1
1
1
1
1
1
1
1
1
1
1
1
1
1.22198
1
1
1
1.22254
1
1
1.1525
1.22271
1
1.22207
1
1
1
1
1
1.22251
1
1
1
1
1
1
1
1
1
1.2234
1
1
1
1
0.999983
1.22311
1.22766
1
1
1
1
1
1
1
1
1
1
1
1
1
1
1
1
1
1
1
1.22328
1
0.999972
1
1
1
1
1
1
1.22133
1
1
1
1
1
1
1.14083
1
1
1.22328
1
1.23258
1
1
1
1
1.22934
1
1.23169
1
1.12677
1
1
1
1
1
1
1.22309
1
1.22269
1.13423
1
1
1.21887
1
1
1
0.999995
1
0.999997
1
1
1
1
1.14283
1
0.999999
1
1
1
1
1
1
1
1
1
1.15786
1
1
1.14756
1.14897
1
1
1
1
1
1
1
1.219
1
1
1.2367
1
1
1
1
1
1
1
1
1
1
0.999975
1.19515
1
1.22826
1
1
1
1
1
1
1
1.13724
0.999991
1
1.00026
1.15843
1
1
1
1
1.23713
1
1.22213
1
1.10691
1.22891
1
1
1
1
1
1
1.22241
1
1
1
1.22976
1
1
1
1
1
1
1.15636
1
1
1.22273
1
1.22264
1.19154
1.21115
0.999959
1
1.22216
1.2225
1
1.21822
1
1
1
1
1
1.19907
1
1
1
1
1.22316
1.19975
1.21658
1.22095
1
1.22227
1.21791
1.21034
1.21014
1
1
1
1
1.22256
1
1
1
1
1
1
1
1.2231
1
1.14459
1
1
1
1.22046
1
1.16463
1
1.22696
1
1
1
1.21401
1
1
1
1
1
1.22324
1
1
1
1
1
1
1
1
1.20978
1
1
1
1
1
1
1
1.23362
0.999984
1.22261
1
1
1
1
1
1
1
1
1
1.22294
1
1.14457
1
1.22351
1.23519
1
1
1.04303
1
1.1811
1
0.999999
1
1
1
1
1
1
1
1
1
1.22341
1
1
1
1
1
1
1
1.22319
0.999974
0.999946
1
1
1
1
1
1
1.25276
1
1
1
1
1
0.999985
1
1
1
1
1
1
1
1.17044
1
1
1
1
1
1
1.22238
1
1
1
1.2214
1.22281
1.14028
1
1
1
1
1
1
1.22076
1
1.17929
1
1
1
1
1
1
1
1.1384
1
1.11353
1
1
1.19212
1
1
1
1.16869
1
1
1
1
1.19434
1
1
1
1
1
1
1
1
1
1
1
1
1
1
1
1
1
1
1
1.22189
1
1.19691
1
1.22189
1
1.13999
1
1
1
1
1
1
1
1
1
1.00866
1
1
1
1
1
1
1.22256
1
1
0.999999
1.02995
1
1
1
1
0.999987
1.15248
1
1
1
1.11001
1.22234
1
1
1.21001
1
1
1
1.00015
1
1
1
1
1
1
1
1.22195
1
1
1
1
1
1
1
1
1
1
1
1.15472
1.19888
1
1
1
1.21812
1
1
1
1
1
1.20057
1.19851
1
1
1
1.22316
1
1
1
1
1
1.13609
1.22358
1
1
1
1
1
1
1.1345
1.21796
1
1.22228
1.16893
0.999999
1
1
1
1
1
1
1.22339
1
1.22165
1
1
1.13548
1
1
1.13687
1
1
1
1
1.22209
1
1
1
1
1
1
0.999971
1
1
1.22394
1
1
1
1.20876
1
1
1
1
1
1
1
1.22386
0.999926
1
1
1
1.21779
1
1.22359
1.22893
0.999987
1
1
1
1
1.2237
1
1
1
1
1
1
1
1
1
1
1
1
1
1
1
1
1.22595
1
1
1.22356
1
1
1
0.999995
1.20925
1.22504
1
1
1
1
1
1
1
1
1
1
1.1959
1
1.21149
1
1
1
1
1
1
1.19671
1.2015
1.20011
1
1
1
1
1
1
1
1
1
1
1.21075
1
1.13981
1
1
1
1
1
0.999984
1
1
1
1
1
1.20665
1
1
1
1
1
1
1.14002
1
1.22244
1.23729
1.17497
1
1.20078
1
1
1.04981
1.00624
1
1
1
1
1.02903
1
1
1
1
1
1
1
1
1
1
1
1
1
1
1
1
1
1
1
1.22246
1
1
1
1
1
1.15691
1
1
0.999961
1
1
1
1
1
1
1
1
1
1
1
1
1
1
1
1
1.22184
1
1
1
1
1
1
1.19621
1
1
1
1.22284
1
1.20048
1
1
1
1
1.20564
1
1.20014
1.21136
1
1
1
1
1
1
1
1
1
1
1
1
1
1
1.00026
1
1
1
1.20247
1.17923
1
1.1998
1
1
1
1
1
1
1
1
1
1
1
1.14914
1.22438
1
1
1
1.22284
1
1
1
1
1
1.17164
1.14356
1
1.13515
1
1.18445
1
1
1.11295
1
1.20431
1
1.2028
1
1
1
1.00001
1.22095
1
1
1
1
1
1
1
1.13422
1
1
1
1
1
1
1
1
1
1
1
1.20665
1
1
1
1
0.999999
1
1
1
1
1
1
1
1.22367
1
1
1
1
1
1
1
1.23208
1
1
1
1
1
1
1
1
1
1
1
1
1
1
1.19508
1
1
1.22493
1
1
1
1.19589
1
1
1
1
1
1
1
1
1
1.20996
1
1
1
1.22126
1.14803
1
1
1
1
1
1.22243
1.21067
1
1
1
1
1.22323
1
1
1.14226
1
1.13845
1
1
1
1
1
1
1.00543
1
1.22166
1
1
1
1
1.22198
1
1
1
1
1
1.23488
1.22228
1
1
1.20372
1
1
1
1
1
1
1
1.24675
1
1
1
1
1
1.23387
1.18406
1
1
1
1.14754
1
0.999998
1
1
1.18097
1
0.999972
1
1.22343
1.22323
1
1
1
1
1
1
1
1
1
1
1.22255
1
1
1
1
1
1
1
1
1.05298
1
1
1
1
1
1
1
1
1
1
1
1.20782
1.22289
1
1
1
1
1.18815
1
1
1
1
1
1
1
1
1
1
1
1
1
1
1.20654
1
1
1
1
1
1
1
1
1.22325
1
1
1
1
1
1.22342
1
1
1.20317
1.22238
1
1
0.999995
1
1
1.21877
1
1
1
1
1.15325
1
1
1
1.20087
1.18639
1
1
1
1
1
1
1
1
1
1
1
1.19986
1
1
1
1
1
1
1.4901
1
1
1
1
1
1
1
1.13547
1
1
1
1.22117
1.22361
1
1
1
1
1.22318
1.22261
1
1
1
1
1
1
1
1
1
1
1
1
1.22291
1
1
1
1
1
1
1
1
1
1.22349
1
1
1
1
1
1
1
1
1
1
1.22234
1
1
1
1
1.2001
1
1
1
1
1
1
1
1
1
1
1
1
1
1.2225
1.19901
1
1
1
1.22144
1
1
1
1
1.198
1
1
1
1
1
1
1
1
1
1
1
1
1
1
1
1
1
1
1.22339
1
1
1
1
1
1
1.22291
1.19051
1
1
1
1
1
1
1
1
1.00588
1
1.19636
0.999977
1.22357
1
1
1
1
1
1
1
1
1
1
1
1.17762
1
1
1
1
1
1
1
1
1
1
1.00001
1
1.19266
1.09589
1.22254
1.11044
1.18584
1.22163
1
1.19221
1
1
1.19773
1
1
1
1
1
1
1
1
1
1
1
1
1.22231
1
1
1
1.22463
1
1
1.05175
1
1
1
1
1.21402
1
1
1
1.16465
1.22276
1
1
1
1
1
1
1
1
1
1
1
1
1.22058
1
1
1
1
1.13713
1.22262
1
1
1
1.21622
1
1
1
1
1.20945
1
1
1
1
1
1
1
1
1.22334
1
1
1
1.20447
1.19232
1
1.14758
1
1
1
1
1
1
1
1
1.13502
1
1
1
1
1
1
1
1.23685
1
1
1
1
1
1
1
1.1744
1
1
1
1.21442
1
1
1
1.19899
1.14155
1
1
1
1
1
1
1
1
1
1
1
1
1
1
1.22408
1
1
1
1
1
1
1
1
1
1
1.22256
1.19641
1
1
1.14201
1
1
1
1
1
1
1.19896
1
1
1
1
1.1373
1
1
1
1
1
1
1
1.24355
1
1.18549
1
0.9999
1
1
1
1
1.13773
1
1
1
1.22329
1
1
1
1.20632
1
1
1.1432
1
1
1
1
1.22122
1
1
1
1
1
1
1
1
1
1
1
1.13742
1
1
1.22301
1
1.22305
1
1
1
1
1
1
1
1
1
1
1.14251
1
1
1
1
1.22276
1.22267
1
1
1
1
1
1
1
1
1
1
1
1
1.2278
1
1
1
1
1
1
1
1.00803
1
1
1
1
1
1
1
1
1
1
1
1
1.22248
1
1
1
1
1.22362
1
0.999973
1
1
1
1
1
1
1.18292
1
1
1
1
1.22283
1
1
1
1
1
1
1
1
1
1
1
1
1
1
1
1
1
1
1
1.22353
1
1
0.999999
1
1
1
1
1
1
1
1
1
1.21599
1
1
1
1.15334
1
1
1
1.46237
1
1
1
1
1
1
1.19886
1.09625
1.19562
1
1
1
1
1
1.22342
1
1
1
1
1
1
1
1
1
1
1
1
1.17656
0.999993
1
1
1
1
1
1
1
1
1
1.00071
1
1
1
1
1
1
1
1
1
1
1.20635
1
1
1
1
1
1
1
1
1
1
1
1
1
1
1
1
1
1
1.22214
1
1
1
1
1
1.20256
1
1
1
1
1
1.22405
1
1.18494
1
1
1
1
1
1
1
1
1.15273
1
1
1
1
1
1
1
1
1
1
1
1
1
1
1
1
1
1
1
1
1
1.19483
1.22269
1.16106
1
1
1
1
1.22164
1
1
1.22811
1.22366
1
1.1605
1
1
1
1.22218
1
1
1
1
1
1.22384
1
1
1
1
1
1
1
1
1
1
1
1
1
1
1
1
1
1
1
1
1
1
1
1
1.2239
1
1
1
1
1
1
1
1
1
1
0.999961
1
1.15579
1
1
1
1.17781
1
1
1
1
1
1
1.10876
1
1
1.21549
1
1
1
1.22263
1
1
1
1
1
1
1.22176
1.03254
1
1.20476
1
1
1
1
1
1
1.22257
1
1
1
1
1
1
1
1
1
1
1
1
1
1
1
1
1
1.15619
1
1
1.20204
1
1
1
1
1
1
1
1
1
1
1
1
1
1
1
1
1
1
1.20252
1
1
1
1
1
1
1.14927
1
1
1
1.18768
1
1
0.999984
1
1
1
1
1
1
1
1
1.12561
1
1
1
1
1
1
1
1
1
1
1.22387
1
1
1.18876
1
1
1
1
1
1
1
1.22853
1.17792
1
1
1
1
1
1
1
1
1
1
1
1
1
1
1.13866
1
1
1
1
1
1
1
1
1
1
1
1
1
1
1
1
1
1
1
1
1
1
1
0.999998
1
1
1.223
1
1
1
1
1
1
1
1
1.19256
1
1
1
1
1
1
1
1
1
1
1
1
1
1
1
0.999957
1.22781
1
1.20679
1
1
1
1
1
1
1
1
1
1
1
1
1
1
1
1
1
1
1.22218
1
1.22779
1
1.22294
1
1
1
1
1
1.22334
1
1
1
1
1.19729
1
1
1
1.2235
1
1
1
1
1
1
1.22413
1
1
1
1
1.23192
1
1
1
1
1
1
1
1
1
1
1
1
1
1
1
1.04575
1
1
1
1
1.10935
1.21774
1
1
1
1
1
1
1
1
1
1.14857
1
1
1
1.21938
1
1
1
1
1
1.14616
1
1
1
1
1
1
1
1
1
1
1
1
1
1
1
1
1
1
1
1
1
1
1
1
1
1
1
1
1.15948
1
1
1
1
1
1
1.2107
1
1
1
1
1
1
1
1.2337
1
1
1
1
1
1.20161
1
1
1
1.20077
1.10654
1
1
1
1
1
1
1
1
1
1
1
1
1
1
1
1
1
1
1
1
1
1
1
1
1
1
1.16453
1
1
1
1
1
1
1
1
1
1
1
1
1
1
1
1
1.14538
1
1
1
1
1
1
1
1
1.14661
1
1
1
1
1
1
1
1.22267
1
1
1
1.13844
1
1
1
1
1
1
1
1
1
1.21894
1
1.20234
1
1
1
1
1
1
1.2378
1
1
1.22214
1
1
1.22569
1
1.16791
1
0.999999
1
1
1
1
1
1
1.22034
1
1.22337
1
1
1
1
1
1
1.16983
1
1.22243
1
1
1
1
1
1
1
1
1
1
1
1
1
1
1
1
1
1
1
1
1
1.20137
1
1
1
1
1
1
1
1.24009
1
1
1
1
1
1
1
1
1
1
1
1
1
1.0905
1
1
1
1
1
1.19092
1.2001
1.22289
1
1
1
1
1
1
1.22043
1
1
1
1
1
1
1
1
1
1
1
1
1
1
1
1
1
1
1
1
1
1
1
1
1
1
1
1
1
1
1
1
1
1
1
1
1
1
1
1.15533
1
1.20203
1
1
1
1.22197
1
1
1
1
1
1
1
1
1
1
1
1
1
1
1
1
1
0.999953
1
1
1
1.22248
1.23254
1
1
1
1
1
1
1
1
1
1
1
1.14293
1
1
1
1
1
1.14535
1
1.22316
1
1
1
1
1.1994
1
1
1
1
1.22272
1
1
1.23206
1
1
1
1
1
1
1
1
1
1
1
1
1
1.21614
1
1
0.999963
1
1
1
1
1
1.22662
1
1
1
1
1.21617
1
1
1
1
1
1
1
1.20982
1
1
1.21302
1
1
1.18551
1
1
1
1.22144
1
1
1
1
1
1
1
1
1.22187
1
1
1
1
1
1
1
1
1
1
1
1.21992
1
1
1
1
1
1.22289
1
1
1
1
1.19978
1
1
1
1
1
1.22155
1
1.23383
1
1
1.14342
1
1
1
1
1
1
1
1
1
1
1
1
1
1
1
1
1
1
1
1
1
1
1.2353
1
1
1.22345
1
1
1
1
1
1
1
1
1
1
1.00659
1
1
1
1
1
1
1
1
1
1
1.19746
1
1
1
1
1
1.21115
1
1
1
1
1
1
1
1.22383
1
1
1
1
1
1
1
1
1
1.19707
1
1
1
1
1
1
1
1
1.21003
1.22258
1.22189
1
1
1
1
1
1
1
1
1.21727
1
1
1
1
1
1
1
1.22269
1
1
1
1.02294
1
1
1
1.17832
1
1
1.18018
1
1
1
1
1
1
1
1
1
1.22278
1
1
1
1
1.22303
1
1
1
1
1
1
1
1
1
1
1
1.11277
1
1
1
1.14122
1
1
1
1.22352
1
1
1
1
1
1.13484
1
1.22341
1
1
1
1
1
1
1
1
1
1
1
1
1
1
1
1.12934
1
1.21911
1
1
1
1
1
1
1
1
1
1
1
1.1958
1.22338
1
1
1
1
1
1.00005
1
1
1.19181
1
1
1
1
1.20078
1
1
1
1
1
1.22284
1
1
1
1
1
1
1
1
1
1
1
1.223
1.19959
1.22359
1
1
1
1
1
1
1
1.2083
1
1
1
1
1
1
1
1
1
1
1
1
1
1
1
1
1.23362
1
1
1
1
1
1
1
1
1
1
1
1
1
1
1.23134
1
1
1
1
1.22276
1
1
1
1
1
1
1
1
1
1
1
1.19729
1
1
1
1
1
1
1
1.17065
1
1
1
1
1
1
1
1
1
1
1
1
1
1
1
1
1
1
1
1
1
1.22217
1.22075
1.22359
1
1
1.11258
1
1.1982
1.13687
0.999994
1
1
1
1
1
1
1
1
1
1
1
1.19969
1
1.2216
0.999978
1
1.23122
1
1
1
1
1
1
1
1
1
1
1
1
1
1
1
1
1
1.22309
1
1
1
1
1.20642
1
1
1
1
1
1
1
1
1
1.2288
1
1
1
1
1
1
1
1
1
1
1
1
1
1
1.11431
1.1417
1
1
1
1
1
1
1
1
1
1.22261
1
1
1
1.14301
1.11013
1
1
1
1
1
1
1
1.14813
1
1.15195
1
1
1
1
1.24986
1
1
1
1
1.14808
1
1.15202
1
1
1
1
1
1.24296
1
1
1
1
1
1
1
1
1
1
1
1
1
1
1
1
1
1
1
1
1
1
1
1
1
1
1
1
1
1
1.1866
1.23831
1
1.25001
1
1
1
1
1
1
1
1
1
1
1
1
1
1
1
1
1
1
1
1.11103
1
1
1
1
1
1
1
1
1
1
1
1.23084
1
1.14144
1.11592
1
1
1
1
1.22269
1
1.00018
1.14278
1.19945
1.13965
1
1
1
1
1.05136
1
1
1
1
1.15991
1
1
1.22293
1
1.22344
1
1
1
1
1
1
1
1
1
1
1
1
1
1
1
1
1
1
1.16469
1
1
1
1
1
1
1
1
1
1.22074
1
1
1
1.23153
1
1
1.22355
1.2233
1
1
1
1
1.22116
1
1
1
1
1
1
1
1
1
1
1
1
1
0.999977
1
1
1
1
1
1
1
1
1
1
1
1
1
1
1
1
1
1.2229
1
1
1
1
1
1
1.22288
1
1
1
1
1
1
1
1
1
1
1
1
1
1.23126
1
1
1
1
1
1.22239
1
1
1.22091
1
1.12731
1
1
1
1
1
1
1
1
1
1
1
1
1
1
1
1
1
1
1
1
1
1.2233
1
1
1
1
1
1.16409
1
1
1
1
1
1
1
1
1
1
1
1
1
1
1
1
1
1
1
1
1
1
1
1
1.22117
1
1
1
1
1.19828
1
1
1
1.22293
1
1
1
1.13655
1
1
1
1.22181
1
1
1
1
1
1
1
1
1
1
1
1
1
1
1
1
1
1
1
1
1.15688
1
1
1
1
1
1
1
1
1
1
1
1
1.14117
1
1
1
1
1
1
1
1.13466
1
1.15918
1
1
1
1.14179
1.13977
1
1
1
1
1.19144
1
1
1.22171
1
1
1
1
1
1
1
1
1
1
1
1
1
1
1
1
1
1.14567
1
1
1
1
1
1
1
1
1
1
1
1
1
1
0.999998
1
1
1.2322
1
1
1
1
1
1
1
1
1
1
1.15546
1
1
1
1
1
1
1
1
1
1
1
1.13321
1
1
1
1.1574
1
1
1.22314
1
1
1
1
1
1
1.21956
1
1
1
1
1
1.22236
1
1
1
1
1.16651
1
1.2218
0.999993
1.24059
1
1
1
1
1
1
1
1
1.21959
1
1
1
1
1
1
1
1
1
1
1
1
1
1
1
1
1
1.20606
1
1
1
1
1
1
1
1
1
1
1
1.12392
1
1.20446
1
1.2335
1.22312
1
1
1
1.22315
1.23011
1
1
1
1
1
1
1
1
1
1
1
1
1
1
1
1
1
1
1
1.22871
1
1.13626
1
1
1.20843
1
1
1.22296
1
1
1.19944
1
1
1
1
1.11308
1
1
1
1
1
1.22304
1.22601
1
1.13983
1
1
1
1
1
1
1
1.16006
1
1.20314
1
1
1
1
1
1
1
1
1
1
1
1
1
1
1.20679
1
1.21956
1
1
1
1
1
1
1
1
1
1
1
1
1
1
1
1
1
1.22197
1
1
1
1
1
1
1
1
1
1
1.22345
1
1.22193
1
1
1
1
1
1
1
1
1
1
1
1
1
1
1
1.22281
1
1
1
1
1.2226
1
1
1
1
1
1.23541
1
1
1
1
1
1
1.22403
1
1
1
1.15676
1
1
1
1.21067
1
1
1
1
1
1
1
1
1
1
1
1
1
1
1.22247
1
1
1.22282
1
1
1
1
1.21859
1
1
1.23419
1
1
1
1
1
1
1
1
1.10009
1
1.22253
1
1
1
1
1
1.22087
1.22265
1
1.15424
1
1
1
1
1
1
1
1.2233
1
1.15781
1.22159
1.13526
1.24004
1
1
1
1
1
1.14832
1
1
1.22269
1.21155
1.13934
1
1
1
1
1
1.22026
1
1
1
1
1
1
1.22454
1
1
1
1.2236
1
1
1
1
1
1.19463
1
1
1
1
1
1
1
1
1
0.999986
1
1.22357
1
1
1
1
1
1
1
1.2224
1
1
1
1
1
1
1
1.22266
1
1
1
1
1
1
1.23056
1
1
1.19646
1
1.12853
1
1
1
1.2229
1
1
0.999985
1
1
1
1
1
1
1
1
1
1
1
1
1
1
1
0.999958
1.18238
1
1
1
1
1
1
1
1
1
1.20363
1
1
1
1
1
1
1.14418
1
1
1
1
1
1
1
1
0.999976
1
1.03693
1
1
1
1
1
1.00432
1
1.22123
1
1.12285
1.22439
1
1
1
1
1
1
1
1
1
1
1
1
1
1
1
1
1
1
1
1
1
1
1
1
1
1
1
1
1
1
1
1
1
1
1
1
1
1
1
1
1
1
1
1
1
1
1.22286
1
1
1
1
1
1
1.22209
1
1
1
1
1
1
1
1
1
1
1
1
1
1
1
0.999997
1
1
1
1
1
1
1
1
1.13779
1
1.22368
1
1
1
1
1
1
1
1
1
1
1
1
1
1
1
1
1
1
1
1
1
1.22383
1
1
1.22049
1
1.23404
1
1
1.24235
1
1.23169
1.24404
1.21791
1
1.19382
1
1
1
1.15742
1
1.00008
1
1
1
0.999945
1
1.2219
1
1
1
1
1
1
1
1
1.13346
1.20086
1
1
1
1
1
1
1.22319
1
1
1
1
1
1.22327
1
1
1
1
1
1
1
1
1
1
1
1
1
1
1
1
1
1
1.22349
1.19884
1
1
1.18151
1
1
1
1
1
1
1
1
1
1
1
1
1.1358
0.999993
1
1
1
1
1.22196
1
1.21882
1
1
1
1
1
1.11902
1
1
1
1
1.22375
1.22301
1
1.18505
1
1.20124
1
1.17276
1
1.22309
1
1.22934
1.16178
1
1
1
1
1
1.00118
1
1
1.2219
1
1
1
1
1
1
1
1.19156
1
1
1
1
1
1
1
1.23438
1
1
1
1
1
1
1
1
1
1
1.22304
1
1
1
1
1
1
1
1
1
1
1.15083
1
1
1
1
1.22228
1
1
1
1.14714
1
1
1
1
1
1
1
1
1
1
1
1
1
1
1
1
1
1
1.23357
1
1.01082
1
1
1
1.22209
1
1
1
1
1
1
1
1
1
1
1
1
1
1
1
1
1
1
1
1
1
1
1
1
1
1
1
1.05813
1
1
1.21958
1
1
1
1
1
1.2332
1.23587
1
1
1
1
1
1
1
1.22395
1
1.18509
1
1
1
1
1
1.16432
1
1
1
1
1
1
1.13092
1
1
1
1
1
1
1
1
1
1
1
1.223
1
1
1
1
1
1
1
1
1
1
1.22329
1
1
1
1.22159
1
1
1.1593
1
1
1
1
1
1
1
1
1
1
1
1.14542
0.999998
1
1
1
1
1
1
1
1
1
1
1
1
1
1
1
1
1.21295
1
1
1
1
1
1
1
1
1
1
1
1
1
1.17249
1
1.22252
1
1
1
1.13706
1
1.1857
1
1
1
1
1
1
1
1
1.13826
1
1
1
1
1
1
1
1
1
1
1
1
1.20148
1
1
1
1
1
1
1
1
1
1
1
1
1
1
1.22258
1
1
1.14014
1
1
1
1
1
1
1
1
1
1.2206
1
1.22191
1.22225
1
1
1.23681
1
1
1.18712
1
1
1
1
1
1
1
1
1
1
1.12793
1
1
1
1
1.22509
1
1
1
1
1
1
1
1
1
1
1
1
1.16327
1.2237
1
1
1
1
1
1
1
1.13773
1
1
1.13568
1
0.999996
1
1
1
1
1
1
1
1
1
1
1
1
1
1.23159
1
1
1
1
1
1
1
1
1
1
1
1
1
1
1
1
1
1
1
1.13606
1.22251
1
1.13126
1.22112
1
1
1.22222
1
1
1
1
1
1
1
1
1
1.22272
1.21775
1.223
1
1.2223
1
1.22252
1.21974
1
1
1
1
1
1.22177
1
1
1
1.15075
1
1.2085
1
1
1
1
1
1
1
1
1
1
1
1
1
1.22315
1.22332
1
1
1
1
1
1
1
1
1
1
1.20217
1
1.22204
1
1
1
1
1
1
1.22321
1
1
1
1
1
1
1
1
1
1
1
1.15637
1
1
1
1
1
1.19953
1
1.14669
1.23267
1
1
1
1
1.22248
1
1
1
1
1
1
1
1
1
1.22322
1
1.17022
1
1
1
1
1
1
1
1
1
1
1
1
1
1
1.20775
1
1
1
1.22312
1
1.22216
1.24165
1.19133
1
0.999993
1
1
1
1.19623
1
1
1.22285
1
1
1
1
1
1
1
1
1.12437
1
1
1
1
1.12259
1
1
1
1
1.20573
1
1.22239
1.19342
1
1
1
1
1
1.23334
1
1
1
1
1.2324
1.21344
1.22229
1
1
1
1
1
1
1
1
1
1
1
1
1
1
1
1.22078
1
1
1
1
1
1.22202
1.19747
1
1
1.22292
1
1
1
1
1.23798
1
1
1
1
1
1.22239
1
0.999993
1
1
1.2227
1
1
1
1
1
1
1.19702
1.20132
1
1
1
1
1
1
1
1
1
1
1
1
1
1
1
1.17217
1.2224
1
1.22307
1
1
1.15871
1
1
1
1
1
1.16198
1
1.16708
0.999997
1
1.22162
1
1
1.22197
1
1
1
1.22546
1
1
1
1
1
1
1.22366
1
1.13791
1
1
1
1
1
1
1
1
1
1.13974
1
1
1
1.13385
1
1
1
1
1
1
1
1
1.22251
1
1
1
1
1
1
1
1
1
1
1
1
1
1.14902
1
1
1
1
1
1
1
1
1
1.22257
1
1.21529
1
1
1
1.15866
1
1.2221
1
1.15736
1
1.23252
1
1
1
1
1.2218
1
1
1
1
1
1
1
1
1
1
1
1
1
1
1
1
1
1
1
1.22996
1.22119
1
1.14465
1.21874
1
1
1
1.13023
0.999936
1
1
1.22024
1.23606
1
1
1
1
1.22308
1.22194
1
1
1
1
1
1
1
1
1.199
1
1
1
1
1
1
1
1
1
1
1
1
1
1.23987
1
1
1
1
1
1
1
1
1
1
1
1
1
1
1.22327
1.23046
1
1.22346
1
1
1
1
1.19827
1
1
1
1
1
1.18531
1.20424
1
1
1
1
1
1.1784
1
1
1
1
1.17481
1
1
1
1
1
1.22119
1
1.23234
1
1
1
1
1.17313
1.143
1
1
1
1.15691
1
1
1
1
1
1
1
1
1
1
1
1
1
1
1.13388
1
1
1.23458
1
1
1
1
1
1
1
1.23558
1
1
1
1
1
1
1
1
1
1
1
1
1
1
1
0.999998
1
1
1
1
1
0.99998
1
1
1
1
1
1
1
1
1
1
1
1
1
1
1.22128
1
1
1
1.2492
1
1
1
1
1.24604
1
1.20868
1.16241
1
1.14128
1
1
1
1
1
1
1
1.20148
1
1.2224
1
1
1
1
1
1
1
1
1
1
1
1
1
1.11828
1
1
1.23274
1
1
1
1
0.999991
1
1
1
1
1
1.22179
1
1
1.22234
1
1
1.22211
1
1
1.13443
1.1294
1
1
1
1
1
1
1
1
1
1
1
1
0.999989
1
1
1
1.15342
1
1
1.22696
1
1
1
1
1
1.11604
1
1
1
1.22322
1.2218
1
1
1
1.14702
1
1.22136
1
1.15419
1
1
1
1
1
1
1.19349
1.21949
1
1
1.09841
1.16336
1
1
1
1
1
1
1
1.16317
1
1.2228
1
1
1
1
1
1
0.99998
1
1
1
1
1
1
1
1.19671
1
1
1
1
1.22107
1
1
1.1864
1
1
1
1
1
1
1.16224
1
1
1
1
1.23314
1
1
1
1
1
1
1
1
1
1
1
1
1
1
1
1
1
1
1.22102
1.20898
1
1.11876
1
1.1945
1
1
1
1.22214
1.16239
1.13324
1
1
1.14237
1
1
1
1
1
1
1
1
1
1
1
1
1
1
1
1
1
1.22292
1
1
1
1
1
1
1.22224
1
1
1
1
1.15966
1
1
1
1
1
1
1
1
1.19554
1
1
1.19507
1
1
1
1
1
1.14888
1
1
1
1
1
0.999973
1
1.17496
1
1
1
1
1
1
1
1.23385
1
1
1
1
1
1
1
1
1
1
1.13737
1
1
1
1
1
1.17676
1
1
1
1
1.16483
1
1
1
1
1.14458
1
1
1.18329
1.238
1
1
1
1.22226
1
1.22764
1
1.23797
1.22274
1
1
1
1
1
1
1
1.14146
1.23463
1
1
1
1
1
1
1
1
1
1
1
1
1.07081
1
1
1.18978
1
1
1
1
1.13768
1
1
1
1
1
1
1
1.14018
1
1
1
1
1
1.22217
1
1
1.14802
1
1
1
1
1.22257
1
1
1
1
1
1
1
1
1
1
1
1
1.15231
0.999999
1
1
1.12249
0.999979
1
1
1.22116
1
1
1
1
1
1
1
1
1.14674
1
1
1
1.14636
1.15063
1.15127
1
1.22289
1.22289
1
1
1
1
1
1
1
1
1
1.20005
1
1.17441
1.22249
1
1.15534
1
1
1
1
1
1
1.22335
1
1
0.999999
1
1
1
1
1.15239
1
1
1
1
1
1
1
1
1.20274
1
1
1
1.1265
1
1.13252
1.23134
1.1467
1
1
1
1
1
1
1.22226
1
1
1
1
1
1
1
1
1
1
1
1.2222
1.14072
1
1.23165
1
1
1.15688
1.22189
1
1
1.22216
1
1
1
1
1
1
1.16101
1
1.12876
1
1
1.22274
1
1
1
1.22306
1
1.14908
1
1
0.999999
1
1
1
1
1
1
1
1
1
1
1
1
1
1
1
1
1
1
1
1
1
1
1.13443
1.22594
1
1
1
1
1
1
1
1
1.1606
1
1
1
1.23555
1
1.23053
1
1
1.22181
1.14338
1
1
1.22855
1
1
1.21416
1.2062
1
1
1.22104
1
1
1
1
1
1
1
1.22189
1
1
1
1
1
1
1
1
1
1
1
1
1
1
1
1.22413
1
1
1
1
1
1
1
1
1
1
1
1
1
1
1.14237
1
1
1
1
1
1
1
1
1.20207
1
1
1.22399
1
1
1
1
1.15218
1
1
1.24518
1
1
1.24742
1
1
1.20011
1
1
1
1.22282
1
1
1
1
1
1.1992
1
1
1
1
1
1
1
1
1
1
1
1
1
1.15622
1
1
1.23421
1.18366
1
1
1.1413
1
1
1
1
1.15228
1.12853
1
1
1
1
1
1
1.2011
1
1
1
1
1.19482
1
1
1
1.19827
1
1
1.20615
1.15312
1
1
1
1
1
1.21239
1
1
1.19561
1.14413
1
1
1
1.22395
1
1
1
1
1
1
1.22182
1
1
1
1.22032
1
1
1.1562
1
1
1
1
1
1
1.22254
1
1.22327
1
1
1
1
1
1.2028
1
1
1.14983
1
1
1
1
1
1
1.14223
1
1
1
1
1.1581
1
1
1
1
1
1.22318
1
1.13077
1
1
1
1.20635
1
1
1
1.0252
1
1
1
1
1
1
1
1.22565
1
1
1
1
1.22377
1
1.22399
1
1.14369
1.22643
1
1
1
1
1
1
1
1
1.22164
1
1
1
1
1
1
1
1.2226
1
1.19269
1
1
1
1
1
1
1
1
1
1
1
1
1
1
1
1
1
1
1
1
1
1
1
1
1
1
1
1
1
1
1
1
1
1
1.22156
1
1
1
1
1
1
1
1
1.22812
1.18285
1
1.00023
1
1
1
1
1.22272
1
1.23226
1.26943
1
1
1
1
1
1
0.999997
1
1
1
1.17672
1
1
1
1
1
1
1
1
1
1
1
1
1
1
1
1
1
1
1
1
1
1.13712
1
1
1
1
1
1
1
1
1
1
1.22558
1
1.22429
1
1
1
1
1
1
1
1.22433
1
1
1
1
1
1
1
1
1
1
1
1
1
1
1
1
1.22368
1
1
1
1
1
1
1
1
1
1
1
1
1
1
1
1
1
1
1
1
1
1
1
1
1
1
1
1
1
1
1
1
1
1
1
1
1
1
1
1
1
1
1.23661
1
1
1
1
1
1
1.15488
1
1
1
1
1.14229
1
1
1
1
1.23446
1
1
1
1.23913
1
1.2238
1
1
1
1
1.22303
1
1
1
1
1
1
1
1
1
1
1
1
1.22553
1
1
1
1
1
1
1
1.00203
1
1
1
1.13815
1
1
1.23806
1
1
1
1.2179
1
1
1
1
1.23111
1
1
1
1
1
1
1
1.14982
1.22282
1
1
1
1
1
1.16559
1
1
1.16369
1
1
1
1.23286
1
1
1
1.19605
1
1
1
1
1
1
1
1
1
1
1
1
1.20064
1
1
1
1
1
1
1
1
1.10623
1.13477
1
1
1
1
1
1
1
1
1
1
1.14666
1
1
1
1
1
1
1
1
1
1
1.2231
1.2233
1
1
1
1
1
1
1
1
1
1
1
1
1
1
1
1
1
1
1
1
1
1
1
1
1
1
1
1
1
1
1.1331
1.13705
1
1
1
1.1358
1.20376
1
1
1.23754
1
1.15901
1
1.22328
1
1.20151
1
1
1.29395
1
1
1
1
0.999969
1.14461
1
1
1
1
1
1
1
1
1
1
1
1
1
1
1
1
1
1
1
1
1
1
1
1
1
1
1.24146
1
1
1
1
1
1
1
1
1
1
1
1
1
1
1
1
1
1
1
1.14382
1
1
1
1
1
1
1
1
1
1
1
1
1
1.22742
1
1
1
1
1
1
1
1
1
1
1
1
1
1
1
1
1
1
1
1
1
1.05819
1.22327
1
1
1
1
1.22317
1
1
1
1
1
1
1.2305
1
1
1
1
1
1
1
1
1
1
1
1
1
1
1
1
1
1
1
1
1
1.00626
1
1
1.223
1.22347
1
1
1
1
1
1
1
1
1
1.22235
1
1
1.22251
1.19834
1
1.11905
1
1
1
1
1.22349
1
1
1
1
1.14392
1
1
1
1
1.21305
1
1
1
1
1
1
1
1
1
1
1
1
1
1
1
1
1
1
1
1
1
1
1.22234
1
1
1.23377
1
1.22135
1.23188
1
1
1
1
1
1
1.17522
1.23845
1
1
1
1
1.22123
1
1
1.22366
1.19554
1.2255
1
1.1166
1
1
1.19462
1
1.23015
1
1
1
1.2111
1
1
1
1.19683
1
1.0007
1
1.01162
1.1824
1.11168
1
1
1.22154
1
1
1
1
1
1
1
1
1
1
1
1
1
1
1
1
1
1
1.21832
1
1
1
1.22294
1
1
1
1
1
1
1
1
1
1
1
1
1
1
1
1.13435
1
1
1
1
1
1
1
1
1
1
1
1
1
1
1
1
1
1.15995
1
1
1.1461
1
1.20177
1.22291
1.22221
1
1
1
1
1
1
1
1.22209
1
1
1
1
1
1.06157
1
1
1
1
1
1
1
1
1
1
1
1
1
1
1
1
1
1
1
1.22272
1.22337
1
1
1
1
1
1
1.13594
1
1.22225
1.03579
1
1
1
1
1
1
1
1
1
1
1
1
1.21756
1
1
1.17364
1
1
1
1
1
1
1
1.24055
1
1
1
1.51123
1
1
1
1
1.22286
1
1
1
1
1
1
1
1.22371
1
1
1
1
1
1
1.14879
1
1
1
1
1
1.22331
1
1
1
1
1
1
1
1
1
1
1
1
1
1
1
1
1
1.21945
1
1
1
1
1
1
1
1
1
1
1
1
1
1.20993
1
1.22839
1
1
1
1
1
1
1
1
1.22363
1
1
1.2179
1
1
1
1
1
1
1
1
1.22312
1
1
1
1
1
1
1
1
1
1
1.00755
1.23248
1
1
1
1
1
1
1.19803
1
1
1
1.22226
1
1
1
1
1
1
1
1
1
1
1
1
1
1
1
1
1
1.22392
1
1
1
1.22502
1
1
1
1
1
1
1.23492
1
1
1
1
1
1
1
1
1
1
1
1
1
1
1
1
1
1
1
1
1
1
1.22389
1
1
1
1
1
1
1
1.10751
1
1.16462
1
1
1
1.22989
1
1
1
1
1
1
1.22097
1
1
1
1
1
1
1.22804
1.22851
1
1
1
1
1.14764
1.24577
1
1
1
1
1
1
0.999984
1
1
1
1
1
1
1
1
1
1
1
1.22216
1
1
1
1
1
1.13221
1
1
1
1
1
1
1
1
1
1
1
1
1
1
1
1
1
1.2339
1.23725
1.22695
1
1
1
1
1
1
1.22278
1
1
1
1
1
1
1.16005
1
1
1
1
1.24826
1
1
1.17644
1
1
1
1
1
1
1
1
1
1
1.20192
1
0.999974
1
1.14226
1
1
1
1.22389
1.09732
1
1
1
1
1
1
1
1.22293
1.24328
1
1
1
1
1
1
1
1
1
1
1.21589
1
1
1
1
1
1
1
1
1
1
0.99996
1.24049
1.20985
1.22361
1
1.22008
1.13031
1.14367
1
1
1
1.23174
1
1
1
1
1
1
1.2307
1
1
1
1
1.13734
1
1
1
1
1
1
1
1
1
1
1
1
1
1
1
1
1
1
1
1
1
1
1
1.23088
1.26518
1.12593
1
1
1
1.23109
1
1
1
1
1.24071
1
1
1
1
1
1
1
1
1
1
1
1
1
1
1.12706
1
1
1
1
1
1
1
1
1
1.1929
1
1
1
1
1
1
1
1
1
1
1
1
1.22343
1
1.22272
1
1
1
1
1
1
1
1
1
1
1
1
1
1.22108
1
1
1
1
1
1
1
1
1
1
1
1.22757
1
1
1
1
1
1
1
1
1
1
1
1
1
1
1
1.09498
1
1
1
1
1
1
1
1
1
1
1.16273
1
1.23183
1.22129
1
1.21888
1
1
1
1
1
1
1
1
1
1
1.09567
1
1.23866
1
1.13432
1
1
1
1
1
1
1
1.04466
1.2235
1
1
1
1
1
1
1
1
1.1368
1
1
1
1
1
1
1
1
1
1
1
1
1.20521
1.22297
1
1
1.15702
1.23283
1
1
1
1
1
1
1
1
1
1
1
1
1
1
1
1.21179
1.2326
1
1
1
1
1
1.22088
1
1
1
1
1
1
1
1
1
1
1.14276
1
1.21785
1
1.13845
1
1
1
1
1
1.23729
1
1
1
1
1
1
1
1.22224
1
1
1
1
1
1
1.22937
1
1
1
1
1
1
1
1
1.15474
1.24012
1
1
1
1.21514
1
1
1
1
1
1
1
1
1
1.22317
0.999968
1
1
1
1
1
1
1
1.0126
1
1
1
1.00044
1
1
1
1
1.20689
1
1
1
1
1
1
1
1
1
0.999996
1
1
1
1
1
1
1
1.22327
1
1
1
1
1.22683
1
1
1
1
1
1.13781
1
1.31848
1
1
1
1
1
1
1.22982
1
1
1
1
1
1.22263
0.999962
1
1.22363
1.13362
1
1
1
1
1
1
1
1
1
1
1
1
1
1
1
1
1
1.08459
1.32207
1
1
1
1.22083
1
1.22179
1
1.12379
1
1
1.14649
1
1
1
1.22252
1
1
1
1
1
1
1
1
1
1
1
1
1
1
1
1
1.22161
1
1
1.223
1.14398
1
1
1.22118
1
1.32991
1.22236
1
1
1
1
1
1
1.1444
1
1.14947
1
1.21681
1
1
1
1.13977
1
1.13702
1
1
1
1
1
1
0.999893
1
1
1
1
1
1
1
1
1
1
1
1
1
1
1
1
1
1
1
1
1
1
1
1
1
1.22389
1
1
1
1
1
1
1
1
1
1
1
1
1
1
1.22244
1
1
1
1
1
1
1
1
1
1
1
1
1
1
1
1
1
1
1
1
1
1
1
1
1
1
1
1
1
1
1
1
1
1
1
1.22322
1
1
1
1
1
1
1
1
1
1
1.23018
1
1
1.22254
1
1
1
1
1
1.22454
1
1
1
1
1
1
1
1
1
1
1
1
1
1
1
1
1
1
1
1
1
1
1
1
1
1
1.21806
1
1
1
1
1
1
1
1
1
1
1
1.21876
1.16324
1
1.23076
1
1
1
1
1
1
1
1
1.19492
1
1
1
1.22251
1
1
1
1.21831
1
1.2178
1
1
1
1
1
1
1
1.22039
1
1
1.19381
1
1
1
1
1
1
1
1
1
1
1
1
1
1
1
1
1
1
1
1
1
1
1
1
1.1863
1
1
1
1
1
1
1.18542
1
1
1
1
1
1
1
1
1
1
1
1
1
1
1
1
1
1
1.22251
1
1
1.22352
1
1
1
1
1
1
1
1
1
1
1
1
1
1
1
1
1
1
1
1
1
1
1.22098
1
1
1
1
1
1.218
1
1
1
1.13291
1
1
1.22294
1
1
1.23462
1.22253
1
1
1.21738
1
1
1
1
1
1
1
1.19984
1
1
1
1.21642
1
1
1.13009
1.19869
1
1
1
1
1.17215
1
1
1.16738
1
1
1
1
1.22098
1
1.21966
1
1
1
1
1
1
1
1
1
1
1
1
1
1
1
1
1
1
1
1
1
1
1
1
1
1
1
1
1
1
1.23919
1
1.14226
1
1
1
1.1865
1.13972
1
1
1
1
1
1
1.13506
1
1
1.20822
1
1
1
1
1.20233
1.13873
1
1
1
1.044
1.14521
1.17384
1
1
1
1
1
1.22256
1
1
1
1.14849
1
1
1
1
1
1
1
1.22344
1
1
1.11996
1
1
1
1
1
1
1
1
1
1
1
1
1
1.21584
1
1
1
1
1
1.14885
1
1
1
1
1
1
1.22046
1
1.23911
1
1
1
1
1
1
1.16456
1
1
1
1
1
1.22296
1
1
1.22086
1
1.23597
1
1
1
1
1
1
1
1
1
1.22486
1
1
1
1
1
1
1
1
1
1.13742
1
1.07103
1
1
1
1
1
1
1
1
1
1
1
1
1
1
1
1.15433
1
1
1
1.04791
1
1
1
1
1
1
1
1
1
1
1.22422
1
1
1
1
1.13836
1
1
1
1
1
1
1
1
1
1
1
1
1
1
1
1
1
1
1
1
1
1
1
1
1
1
1
1
1
1
1
1
1
1
1
1.22508
1
1.15657
1
1
1
1
1
1.11458
1
1
1
1
1
1
1.2292
1
1
1
1
1
1
1
1
1
1
1
1
1
1
1
1
1
1
1
1
1
1
1
1
1
1
1
1
1
1
1
1
1.22357
1
1
1
0.999968
1
1.16963
1.1483
0.999933
1
1
1
1
1.1425
1
1
1
1
1
1
1
1
1
1
1
1
1
1
1.04987
1
1
1
1
1
1
1
1.22333
1.13429
1
1
1
1.2236
1
1
1
1
1
1
1
1
1
1
1
1
1
1
1
1
1
1
1.11526
1
1
1
1
1.15786
0.999991
1
1
1.18114
1
1
1
1.22317
1
1
1
1.13525
1
1.15166
1
1
1
1
1
1
1.06829
1
1
1
1
1
1
1.13488
1.22309
1
1
1
1
1.21898
1
1.12763
1.2211
1
1
1
1
1
1
1
1
1
1
1.10782
1
1.2218
1
1
1
1
1
0.999994
1
1
1
1
1
1
1
1
1
1
1
1
1
1
1
1
1
1.1158
1
1
1
1
1
1
1
1.22383
1
1.13755
1
1
1
1
1
1
1
1
1.193
1
1
1
1
1
1
1
1
1
1.49536
1
1
1
1
1
1
1
1.20624
1.2242
1
1
1
1
1
1
1
1
1
1
1
1
1
1.04396
1
1
1
1
1
1
1
1
1
1
1.14202
1
1
1
1
1
1
1.13052
1.15518
1
1
1
1
1
1
1
1
1
1
1.21803
1
1
1
1
1
1
1
1
1
1
1.03231
1
1.05106
1
1
1
1
1.04914
1
1
1
1
1
1
1
1
1.2235
1.15435
1
1
1.22128
1
1
1
1
1
1.2228
1
1
1
1
1
1
1
1
1
1
1
1
1
1.05
1
1.20323
1
1
1
1
1
1
1
1
1
1
1
1
1
1
1
1
1
1
1
1
1.07198
1
1
1
1
1.22304
1
1
1
1
1
1
1
1.22251
1.12376
1
1.22207
1
1
1.22193
1
1
1.22166
1
1.13762
1
1
1
1.20129
1
1
1
1
1
1
1
1
1
1
1
1
1.22438
1.19534
1
1
1
1.21972
1
1
1
1
1
1
1
1
1
1
1
1
1
1
1
1
1
1
1
1
1.13226
1
1
1
1
1
1
1
1.2302
1
1
1
1.02035
1.1341
1
1
1
1
1
1
1
1
1
1
1
1
1
1
1
1.11384
1
1.21811
1
1
1.00027
1
1
1
1
1
1
1
1
1
1
1
1
1
1
1
1
1
1.1432
1
1
1
1
1
1
1
1
1
1
1.09599
1
1
1
1
1
1
1
1
1
1
1
1
1.11656
1
1
1
1
1.23478
1
1
1
1
1
1
1
1
1.03089
1
1
1.22312
1
1
1
1
1
1.22359
1.19225
1
1
1
1
1
1
1
1
1
1
1
1
1
1
1
1
1
1
1.22227
1
1
1
1
1
1.19454
1
1.19806
1.18577
1
1
1
1
1
1
1
1
1
1
1
1
1
1
1
1
1
1
1.22276
1
1
1
1
1
1
1
1
1
1.21808
1
1
1
1
1
1
1.48386
1
1
1
1
1
1
1.21952
1
1
1
1
1.1476
1
1
1
1
1
1.20673
1
1
1
1.08813
1
1
1
1
1
1.22139
1.22039
1
1
1
1
1
1
1
1
1
1
1
1
1
1.20026
1.13391
1
1
1
1
1.22211
1
1
1
1
1
1
1
1.18778
1
1.13276
1
1
1
1
1
1
1.20576
1
1.10041
1.17364
1
1.18823
1.47228
1
1
1
1
1.14444
1.14981
1
1
1
1
1
1
1
1
1
1
1
1
1
1
1
1
1
1
1.22316
1
1.22334
1.19322
1
1
1
1
1
1
1
1
1
1
1.25372
1.13792
1.33162
1
1
1
1
1
1
1.13449
1.15829
1.32234
1
1
1
1
1
1.13649
1
1
1
1.13179
1
1.23246
1
1
1
1
1
1
1
1.13703
1
1
1
1
1
1.13874
1
1
1
1
1
1
1
1
1
1
1
1
1
1
1.13384
1
1
1
1
1
1
1
1
1
1
1
1
1
1
1
1
1
1
1
1
1
1
1
1
1
1.12678
1
1
1
1
1
1
1
1.13
1
1
1
1
1
1.20947
1
1
1
1
1.13222
1
1
1
1
1
1
1.30175
1
1
1
1
1
1
1.09723
1
1
1
1
1.20213
1
1
1
1
1
1
1
1
1
1
1
1.04544
1.09652
1
1
1
1
1
1
1
1
1
1
1
1
1
1
1
1
1
1.21604
1
1
1
1
1
1
1
1
1
1
1
1.22071
1
1
1
1
1
1
1
1
1
1.28148
1
1
1
1.13296
1
1.08378
1
1
1.13111
1
1
1
1
1
1
1
1
1
1
1
1.12997
1
1
1
1
1
1.13251
1
1.23735
1
1
1
1
1
1
1
1
1
1
1
1.23307
1
1.17142
1
1
1
1
1
1
1
1
1
1
1.20861
1
1
1
1
1
1
1
1
1
1
1
1
1
1
1
1
1
1
1
1
1
1.22386
1
1
1
1
1
1.24301
1
1
1
1
1
1
1
1.09881
1
1
1
1
1
1
1
1
1
1
1
1
1
1
1
1
1
1
1
1
1
1
1
1
1
1
0.999998
1
1
1
1
1
1.13952
1
1
1
1
1
1
1
1
1
1
1
1
1
1
1
1
1
1
1
1
1
1
1
1
0.999934
0.976569
1
1
1
1
1
1
1
1
1
1
1
1
1
1
1.15589
1
1
1
1
1
1
1
1
1
1
1
1
1
1
1
1
1
1
1
1
1
1
1
1
1
1
1
1
1
1
1
1
1.22764
1
1
1
1
1
1
1
1
1
1
1
1
1.21378
1
1
1
1.13797
1
1.09382
1
1
1
1
1
1
1
1
1
1
1
1
1
1
1
1
1
1
1
1
1.00231
1
1.14948
1
1
1
1
1
1
1
1.13254
1
1
1.22188
1
1
1
0.999956
1
1.14549
1
1.22269
1
1
1
1
1
1.18805
1.24967
1
1
1
1.22107
1.22287
1
1
1
1
1.22261
1
1.12552
1
1.15935
1
1.21979
1
1
1
1
1
1
1
1
1
1
1
1.20656
1
1
1
1
1
1
1.20601
1.22407
1
1
1.17712
1
1
1
1
1
1
1.25034
1
1
1
1
1
1
1
1
1
1
1
1
1
1
1
1
1
1
1
1
1
1
1.13726
1
1.14151
1
1
1
1
1
1
1
1
1
1
1
1
1
1
1.22327
1
1.13227
1
1
1
1
1
1
1
1.13264
1.12872
1
1
1.22369
1
1
1
1
1.07334
1
1
1
1
1
1
1.0053
1
1
1.19416
1
1
1
1
1
1
1
1.04027
1
1
1
1
1
1
1
1
1
1
1
1
1
1.19258
1
1
1
1.14433
1
1
1
1
1
1
1
1.15205
1.12672
1
1
1
1
1
1
1
1
1
1
1
1.16926
1
1
1
1
1
0.999999
1
1
1
1
1
1
1
1
1
1
1
1.14247
1.30992
1
1
1
1.3134
1.1262
1.1296
1.14322
1
1
1
1
1
1
0.999908
1.07469
1
1
1
1
1
1
1
1
1.09565
1
1
1
1
1
1
1
1.19988
1
1
1
1
1
1
1
1
1
1
1
1
1
1
1
1
1
1
1
1
1
1
1
1
1
1
1
1.11395
1
1.11129
1
1
1
1
1
1
1
1
1
1.12922
1
1
1
1
1
1
1.09979
1.14349
1
1.19482
1
1
1.14154
1
1
1
1
1.2829
1.13631
1
1
1.19466
1.30074
1
1
1
1
1
1.22285
1
1
1.03915
1
1
1
1.07829
1
1
1
1
1
1
1.20297
1.15679
1
1
1
1
1
1.13768
1
1
1
1
1
0.999997
1
1
1
1.09209
1
1.25215
1
1
1
1
1
1
1
1
1.49947
1
1
1
1
1
1.23566
1
1
1
1
1
1
1.12321
1
1
1
1
1.34615
1
1
1
1.19207
1.19106
1
1.22066
1
1
1
1
1
1
1
1.05325
1.122
1
1
1
1
1.1351
1
1.136
1
1
1
1
1
1
1.14156
1
1
1
1
1
1.13772
1.07031
1
1
1
1
1
1
1.07288
1
1.09261
1
1
1
1.49363
1
1
1
1.06052
1
1
1
1
1
1
1.26692
0.999993
1.22367
1.25704
1
1
1.06934
1.23228
1.23854
1
1
1
1.13945
1.228
1
1
1
1
1.21488
1
1
1
1.20684
1
1
1
1
1
1
1
1
1
1
1.28776
1
1
1
1
1
1
1.18989
1
1
1
1
1
1.23329
1
1
1
1
1
1
1
1
1
1
1
1
1
1
1
1
1
1
1
1
1
0.99988
1.04143
1.25748
1.13526
1.25589
1
1
1.14002
1
1.47712
1.19358
1
1.13111
1
1
1
1
1
1
1
1
1
1
1
1
1
1
1
1.13566
1
1
1
1
1
1
1.1527
1
1
1.47018
1.13935
1
1.14414
1.22311
1
1
1.00545
1.09778
1
1.00146
1
1
1
1
1.06312
1
1
1
1
1
1
1
1
1.2413
1
1
1
1
1
1
1.09315
1
1
1
1.13495
1
1
1.28925
1
1
1
1
1.13395
1
1
1
1
1
1
1
1
1
1
1
1
1
1
1
1
1
1.22319
1
1.13657
1
1
1
1
1
1
1
1
1
1
1
1
1
1.02011
1
1
1
1.22224
1
1
1.13425
1
1
1.13329
1
1.135
1
1.00016
1
1
1
1.15417
1
1
1
1.12283
1
1
1
1
1
1
1
1
1
1
1
1
1
1
1
1.19184
1
1.09188
1
1
1
1.22522
1
1
1
1
1
1
1
1
1
1
1
1
1
1
1
1
1
1
1
1
1
1
1
1.11001
1
1
1
1
1
1
1
1.16339
1
1
1
1
1
1
1
1
1
1
1.13184
1.11171
1
1
1
1
1
1
1
1
1
1
1
1
1.28782
1.19229
1
1
1
1
1.49337
1
1
1.18368
1
1
1
1
1
1
1
1
1
1
1
1
1
1
1
1
1
1
1
1
1
1.03568
1
1.08189
1
1
1
1
1.07323
1
1
1.20726
1
1
1.22267
1
1
1
1
1
1
1
1
1.23366
1
1
1.28083
1
1
1
1
1.13495
1
1
1
1
1
1
1
1
1
1
1
1
1
1
1
1
1
1
1
1
1
1
1
1
1
1
1
1
1.18036
1
1
1
1.51413
1
1
1
1
1.20058
1
1
1
1
1
1.13283
1
1
1
1
1
1
1
1
1
1.13096
1
1
1
1
1
1
1.13874
1
1
1
1
1
1
1
1.19719
1
1
1
1
1
1.07443
1
1.13492
1
1
1
1
1
1
1
1
1
1.13309
1
1
1.13605
1.1199
1.09099
1.03824
1
1
1
1
1
1.13298
1
1
1
1
1
1
1
1
1
1
1.06277
1
1
1
1
1.14113
1
1
1
1
1
1.13661
1
1
1
1
1
1
1
1
1
1
1
1
1
1
1
1
1
1
1
1
1
1
1
1
0.999991
1.21553
1
1
1.11047
1.079
1
1
1
1.04629
1
1
1
1
1
1
1
1
1
1
1
1
1
1
1
1
1
1
1
1
1
1
1
1
1
1
1
1
1
1
1.1252
1
1
1
1
1
1
1
1
1
1
1
1
1
1
1
1
1
1.19476
1.19347
1.20338
1
1
1
1
1
1
1
1
1
1
1
1
1
1
1
1
1
1
1
1
1
1
1.13205
1
1.1229
1
1.13778
1
1
1
1
1
1
1
1
1
1
1
1
1.21807
1.13251
1
1
1
1
1
1
1
1
1
1.12194
1
1.13821
1
1
1
1
1
1
1
1
1
1.19843
1
1.13652
1
1
1.13472
0.999998
1
1.13067
1
1
1
1
1
1
1
1
1
1.23637
1
1
1
1
1
1
1
1.02088
1.13664
1
1.1949
1
1
1
1
1
1
1
1
1
1
1
1.21182
1
1
1
1
1
1
1
1
1.23642
1
1
1
1
1
1
1
1
1
1
1
1
1
1
1
1
1
1
1
1.1034
1
1
1
1
1
1
1.0659
1
1
1
1
1
1
1
1
1.12495
1
1
1
1
1
1
1
1
1
1
1
1
1.13424
1
1
1
1
1
1.15711
1
1
1
1.24536
1
1
1
1
1
1
1
1
1
1
1.22326
1
1
1
1
1
1
1
1
1
1
1
1
1
1
1.26142
1
1.22356
1.22887
1
0.999905
1
1
1
1
1
1
1
1
1
1
1
1
1
1
1
1.06914
1
1.1046
1
1.13655
1
1
1
1.12576
1
1
1.23703
1
1
1
1
1
1.13038
1.07119
1
1.19389
1
1
1
1
1.23576
1
1.2205
1
1
1
1
1
1
1.19276
1
1
1
1
1
1
1
1
1
1.20358
1
1
1
1
1
1
1
1
1.10352
1
1
1
1
1
1
1
1
1.13362
1.09328
1
1
1
1
1
1.23293
0.999989
1
1.13561
1
1
1.13327
1.11683
1
1
1
1
1
1
1
1
0.999999
1
1
1
1
1
1
1
1
1
1
1
1.24408
1
1.04137
1.19809
1.00664
0.999957
1
1.22375
1
1
1
1
1
1.13577
1.18407
1.22211
1
1.13438
1.13438
1
1
1
1.22319
1
1
1.22223
1
1
1.22381
1.22
1.21913
1
1
1
1.25233
1
1.19632
1.13337
1
1.05753
1.1143
1
1
1
1
1
1
1
1
1.06891
1.1347
1
1
1
1.12984
1
1
1
1
1.16083
1.09686
1
1.21402
1
1
1
1
1
1
1
1
1
0.999993
1
1
1.14111
1
1
1
1
1
1.04083
1.02122
1
1
1
1.09656
1
1
1
1
1.05004
1
1
1
1
1
1.22391
1
1
1
1
1
1.14567
1.11055
1.22378
1
1
1
1.13556
1.11345
1
1
1
1
1.0998
1
1
1
1
1
1
1
1
1
1
1
1
1
1
1
1
1
1
1
1
1
1
1
1
1
1
1
1
1
1
1.11024
1
1.13276
1
1
1
1
1
1
1
1.0198
1
1
1
1
1
1.46906
1
1
1
1.24224
1
1
1
1
1
1
1.50194
1
1
1
1
1
1.11696
1
1
1
1
1
1
1
1
1
1
1
1
1
1
1
1.13775
1
1
1
1.00483
0.999999
1.14342
1
1.04497
1
1
1
1
1
1
1
1
1
1
1
1
1
1
1
1
1
1.12461
1
1
1
1
1
1
1
1
1
1
1
1
1
1.19298
0.999932
1
1
1
1
1.23849
1.00008
1.07753
1
1.23516
0.999986
1.13787
1.14276
1.13301
1
1.22297
1
1.13369
1.12479
1
1
1
1
1
1
1.23287
1.23756
1
1
1.023
1
1.48578
1
1
1.13921
1
1.22082
1
1
1
1
1
1
1
1
1.07148
1
1
1
1.2204
1
1
1
1
1.19523
1
1
1
1
1.10784
1
1
1
1.06362
1
1
1
1
1.48044
1
1.21132
1
1.18009
1
1
1
1
1
1.09657
1.21779
1
1
0.999984
1
1
1
1
1
1.28659
1
1
1
1
1
1
1.30659
1
1.21922
1
1.03929
1
1
1
1
1
1
1.12012
1
1.14335
1
1
1.13918
1
1
1
1
1
1
1
1
1.19126
1
1
1
1
1
1
1.13835
1
1.12167
1
1.20601
1
1.20969
1
1
1
1
1.00514
1.1354
1
1.13596
1
1
1.12474
1.23958
1
1
1.1074
1
1.1318
1
1
1
1
1
1.48639
1
1
1
1
1
1
1.31427
1
1.24094
1.07528
1.05704
1
1.22347
1
1
1
1
1
1
1
1.46648
1
1.1381
0.999977
1.18884
1.24123
1
1
0.999797
1.0014
1.04217
1
1
1
1.21448
1.09268
1.19884
1
1.21169
1.1316
1
1
0.999999
1.20894
1
1
1
1
1
1
1
1
1
1.10787
0.999915
1
0.984531
1
1.08754
1
1.0999
1.22775
1
1
1
1
1
1
1
1.22386
1
1
1
1
1
1.1042
1
1
1
1
0.992013
1
1
1
1
1
1.2358
1.2272
1
1
1
1.13855
1.21778
1
1
1
1.2226
1.21893
1.22129
1
1
1
1
1
1.19834
1
1.23545
1
1
1
1
1
1
1
1
1.09075
1
1
1
1
1
1
1
1.21326
1
1
1
1
1
1
1
1.23958
1
1.23834
1
1
1
1.20054
1
1
1
1
1
1.24122
1
1.19483
1.10763
0.999911
1.12934
1
1
1
1.08942
1
1
1
1
1.22345
1.135
1.02108
1
1.45831
1
1
1
1
1
1
1
1.22108
1
1
1
1
1
1
1
1
1
1
1
1.0478
1
1.22514
1
1
1.13185
1.15554
1
1.47073
1
1.16529
1
1
1
1
1
1.14828
1
1
1
1.13616
1
1
1
1.11798
1
1
1
1
1
1
1
1
1
1
1.45407
1.29502
1
1
1
1.22103
1.12572
1
1
1
1
1
1
1
1
1
1
1.24348
1
1
1
1
1.12745
1
1.05685
0.999396
1.13392
1.22396
1.22484
1.22358
1.29463
1
1
1
1
1.21845
1
1
1.22219
1
1.16765
1.13063
1.19555
1
1.22342
1
1
1
1
1.22247
1
1
1.21488
1
1
1
1
1.13401
1
1
1
1
1
1
1
1
1
1
1
1
1
1
1
1
1.13403
1
1
1
1
1
1.22375
1
1
1.23413
1
1
1
1
1.21743
1
1
1.1331
1.21574
1
1
1
1
1
1.22102
1
1
1
1
1
1
1.19443
1
1
1
1
1
1
1
1
1
1
1
1
1
1.20154
1
1
1.00075
1
1.1957
1.04648
1
1.11514
1
1
1
1
1
1
1
1
1
1
1
1
0.999981
1
1
1
1
1
1
1
1
1
1.12108
1
1
1
1
1
1.15587
1
1
1.2387
1
1
1
1
1
1
1
1.23277
1.17847
1
1
1
1
1
1
1
1.06268
1
1
1
1
1.22841
1
1
1
1
1
1
1
1
1.21364
1
1.08574
1
1
1.01442
1
1
1
1
1
1
1
1
1
)
;

boundaryField
{
    back
    {
        type            empty;
    }
    front
    {
        type            empty;
    }
    outlet
    {
        type            zeroGradient;
    }
    top
    {
        type            zeroGradient;
    }
    inlet
    {
        type            fixedValue;
        value           uniform 1;
    }
    bottom
    {
        type            zeroGradient;
    }
}


// ************************************************************************* //
