/*--------------------------------*- C++ -*----------------------------------*\
  =========                 |
  \\      /  F ield         | OpenFOAM: The Open Source CFD Toolbox
   \\    /   O peration     | Website:  https://openfoam.org
    \\  /    A nd           | Version:  12
     \\/     M anipulation  |
\*---------------------------------------------------------------------------*/
FoamFile
{
    format      ascii;
    class       volScalarField;
    location    "0.16";
    object      p;
}
// * * * * * * * * * * * * * * * * * * * * * * * * * * * * * * * * * * * * * //

dimensions      [1 -1 -2 0 0 0 0];

internalField   nonuniform List<scalar> 
23795
(
1
1
1
1
1
1.96718
1.96742
1
1
1
1
1.5647
1
6.70174
1.7266
1
1
1
1
1.7345
1
1
1
1
4.86579
1
1
1.93288
1
1
1.95447
1
1
1
1.77439
1
1
1.95896
1
1
1
2.10628
1
1
1.95373
1
5.39358
1.95398
1
6.7239
6.56872
1.07247
1
1.71065
1
1
1
1
1.99235
1
1
1
1
1
1
3.89427
1
1
1
1
1
1
1
1
1
1
1.94893
1
1
1.78815
1.95242
1
1
1
1
1
1
1
1
1
1.03034
1
1.95176
1
1
1.92715
1
1
1
1.6671
1.95143
1
1.99333
1
1.84323
1
1.94891
1
1
2.06148
1
2.11953
1
1.95236
1
1
1
1.96362
1
1
1
1.95069
1.96849
1
1.99573
1
1
1
1
1
1
1
1
1
1.96651
1.67832
2.05308
1
0.999843
1
1
1.8419
1.95639
1
0.999981
1
1
1
1
1
1
2.01383
1
1.99511
1
1
1.96485
1
1
1
1.96389
1.96436
1
7.75697
1
1
1.81582
1
1.96666
1.96105
1
1.61608
1
2.02721
1.73968
1
1
1
1
1
1.79871
1
1
1
1
1
1.96052
1
1
1.98701
1
1
1
1
2.06267
1
1
1
1.98903
1
4.10906
1.95559
1
1
1
1
1.9786
1
1
1
1
1
1
1
1
1
1
2.03596
3.96405
3.96217
1
1
1
1
1
1
1.86052
1
1
1.80207
1.96552
1
1
1
2.01488
1
1.96527
1
1.96038
1
1
1.9589
1
1
1
1
1
1
1
1.86557
1
1.9681
1
0.999989
2.12299
1
1.37878
3.86163
1
1
1
1
1
1
1
1.97888
1.94623
11.9603
2.04661
1
1.9545
1
1
1
1.99797
1
1
1
1
1.96554
1
1
1
1
1
1.64256
1
1.95512
1
1
1
1.84339
1.98635
1
1
1.95574
3.398
1
1.95249
1
1
1
1
1.95252
1
1
1
1
1
1
1.94007
1
1.889
1
1.68664
1
1
1
1
1
1
1.9613
1
1
1.94037
1.98129
1
1.7055
1
1
1
1
1.87224
1
1
1
1
1
2.08065
1
1
1
1
1
1
1.94958
1
1
2.01973
1
1
1
1
1
1
1
1
0.999578
1
1
1
1.51173
1
1
1
1.97342
1
1
1
1
1
1.79465
1
1
1
1
1
1.96218
1
1
1
1
1
1
1
1
1
1
1
1
1.95241
1
3.32964
1
1
1
1.90942
1
1
1.95416
1
1
1
1.95979
1
3.96628
1
1
1.99343
1
1
1
1
1
1
1
1
1
1.99785
0.99996
1.66439
4.39097
1
1
1
1.82596
1
1
1.96285
1
1
1.91049
7.87511
1
1
1.97217
1
1
1
1
1
1.96337
1
1
1
1
1
1.81499
2.00649
1
1
1
1.95974
1
1
1
1
1.96784
1
3.68506
1
1
1.98348
1
1
1
1
1.96895
1
1
1.99065
1
1.97921
1
1
1
1
1
1
1
1.96643
1
1.96767
1
1
1
1
4.36168
1.79943
1
1.95254
1
1
1
1
1
1.78405
2.06948
1.96561
1
1
2.09456
1
1.56728
1
1
1
1
1
1
1
1
1
1
1
1
1
2.0238
1
1.97377
1.68427
1.97059
1
1.99293
1
1
1
1.8667
1
1
1
1.78341
1
1
1
1
1
1
1
1
1
1
1.96325
0.999945
1
1
1
1
1
1
1
1
1
1.96124
1
1.95991
1
1
1
1
1
1
2.02003
1
2.00398
1
1
1
1.95864
1.82044
1
1
1
1.96254
2.00235
1
1
1
1.6435
1
1
1
1
1
1
1
1
1
1.9833
1
1
1
1
1
1.90127
1
1
1
2.01787
1
1
1
1
1
1
1
1
1.89295
1
1
1
1
1
1.98472
1
1
1
1
1
1
1
1
1
2.01898
1
1
1
1
1
2.08265
1
1
1
1
1
1.95774
1.50668
1
1
1
1
1
1
1
1
2.00549
1.95543
1
1
1
1
1
1
1
1
1
1
1
1.53804
1
1
2.12855
1
1
1
1
1
1
1
1
1
1
1
2.41613
1
1
1
1
1
1
1
1
1
1
1
1
1.9387
1
1
1
1
1.96071
1
1.80831
1
1.92179
1
1
1
1.95271
1
1
1
1
1
1
1
0.999637
1
1
1
1
1
1.97219
1
0.999973
1
1.89525
2.05317
1
1
1.97119
1
1
1.93845
1
1
1
1
1
1
1
1.95751
1.95395
1
1
1
1
1
1
1
1
1
1
1
1
1
1
1
1
1
1.94018
1
1
1
1
1
1.82775
1
2.01
2.06722
1
1
1
1
1
1
1
1
1
1
1
1
1
2.07422
1
1
1
1
1
1
1.87958
1
2.01518
1
0.999999
1
1
1
1
1
1
1
1
1
1
1
1.80826
1
1
1
1
1
1
1
1
1
1
1
1.97185
1
1
1
1
1
1.97436
1
1
1
1
1
1
1
2.11032
1
1
1
1
1
1
1
1
1
1
1
1
1
2.05746
1
1.93923
1
1
1
1
1.95366
1.8227
1
1
1.92759
1.96064
1
1
1.89016
1
1
1
1
1
1
1.93307
1
1
4.03057
1.86418
1.97522
1
1
1
1
1
1
1
3.63627
1
2.27088
1
1
2.08478
1
1
1
1
1
1.77354
1
1
1
1
1
1
1
1
1
1
1
1
1
1
1
1
2.03479
1
2.0342
1
1.76722
1
1
1
1
1
1
1
1
1
1
1
1
1
1
1
1
1
1.97089
1
0.999998
1
1
1
1.95255
1
1
1
1
1
1
1
1
1
2.0677
1
1
1
1
1
0.999999
1
1
1
1
1
1
1
1
1
1
1.96213
1
2.09459
1
1
2.0836
1
1
1.78771
1
3.75316
1.69227
1
1
1
1
1
1
1
1
1
1
1
1.89923
1
1
1
1
2.05101
1
1
1
1
1
1
1
1.58776
1
1
1
1
1
1
1
1
1
1
1
2.01816
1
1
1.97935
1
2.07397
2.00923
1
1
1
1
1
1
1
1
1
1
1
1.92053
1.95223
1
1.95124
1
1
1
1
1
1
1.96207
1.00008
1
1.96273
1
1
1
1
1
1
1
1
1
1
1
1
1
1
1
1
1
1
1
1
1
1
1
1
1
1
1
1
2.09598
1
1
1.96236
1
1
1
1
1.08191
1
1
1
1.94464
1
1
1
1
1
1
1
1
1
1
1
1
1
1
1
1.82464
1
1
1
1
1
1
1
3.89964
1
1.96857
2.04223
1
1
1
1
1
1
1.94753
1
1
1.81022
1
1
1
1
3.50465
1
1
1
1
1
1
1
1
1
1
1
1
1
1
1
1.99161
7.65101
1
1
1
1
1
1
1
1.98582
1
1
1
1
1
1
1
1
1
1
1
1.3092
1
1.99626
1
1
1
1
1
1
1
1.96627
1.9672
1
1
1.75501
1
1
2.019
1
1
1
1
1
1
1
1
1
1
1
1
1
1
1
1
1
1
1.76901
1
1
1.00007
1
1
1
1
1
1
1
1
1
1
1
1
1
1
1
1
1
1
1
1
1
1
1.95498
1
1
1
1
1
1
1
1
1
1
1
1
1
1
1.96382
1
1
1
1
1
1
1.73339
1
1
1
1
1
1
1
1
1
1
1
1
1
1
1
1
1
1
1
1
1.96325
1
1
1
1
1
1
1.80743
1
1
1
1
1
1
1
1
1
1
1
1
1
1
1
1
1
1
1
1
1
1
1
1
1
1.97824
1
1
1
1
1
1
0.999911
1.96768
1
2.04249
1
1
1
1
2.09196
1.6603
1.76888
1
1
1.96021
1.97277
1
1
1
1
1
1
1
1
1.96381
1
1
1.57913
1
1
1
1
1
1
1
1.9568
2.08326
1
1
1.9362
1
1
1
3.50112
1
1
1
1
1
1
1
1
1
1
1.96342
1
1.96384
1
1
1
1
1
1.9956
1
1.96176
1
1
1
1
1
1
1
1.74607
1
1.95552
1
1
1
1
1
1
1
1
1
1.79097
1
1
1
1
1
1
1
1.95637
1
1
1
1.96052
1
1.85059
1
1
1
1
1
1.96058
1
1
1
1
1
1.96815
1.77656
1
1
1
1
1
1
1
1
1
1
1.33311
1.52956
1
1
1.75393
1
1
1
1
1
1
1
1
1
1
2.00039
1
1
1
1
1.98458
1
1
1
1
1
1
1
1
1
1
1
1
1
1
1
1
1
1
1
1
1
1
1
1
1
1.95375
1
1
1
1
1
1
5.02693
1
1
1
1
1
1
1
1
1
1
1
1
1
1
1
1
1
1
1
1
1
1.94113
1
1.98614
1
1
1
1
1
1.98538
1
2.01277
1
0.99997
1.9042
0.999879
1
1
1.78483
1
1
1
1
1
1
1
1
1
1.91772
1.98465
1
1
1
1
1
1
1
1
1
1
1
1
1
1
1
1
1
1
1.99855
1
1
1
1.9686
1
1.59724
1
1
1
1.84344
1
1
1
1
1
1
1
1
1
1.95555
1.95849
1.96034
1
1
1
1.8202
1
1
1
1
1
1
1
1
1
1
1
1
1
1
1
1
1
1
1
2.01445
1
1
1
1
1
1
1
1
1
1
1
1.96209
1.41601
1
1
1
1.99392
1
1
1
1
1
1
1
1
1
1
1
1
1.9615
1
1
1.9653
1
1
1
1
1
1
1
1
1
1
1.95928
1
1
1
1
2.16961
1
2.02777
1
1
1
1
2.00981
1
2.35544
1.96685
1
1.96629
1.56779
1
1.96273
1
1
1.96374
1
1
1
2.03429
1
1
1.94148
1
1
1
1
1
1.97478
1
1
1
2.27826
1
1
1.95754
1
1.98559
1
1.64068
1
1
1
1
1
1
1
1
1
4.14789
4.07559
1
1
1
1
1
1
1
1
1
1.52688
1
1
1
1
1
1.98974
1.98665
1
1
2.01158
1.87786
2.09626
1
1
1
1
1
1
2.08449
2.00276
1
1
1
1
1
1.99484
1
1
1
2.24461
1
1
1.96309
1
1
1
1
1
1
1
1
1
1
1
1.96107
1
1
1
1
1
1
1
1
1
1
1
1
1
1
1
1
1
1
1
1
1
1
1
1
1
1.971
1.4567
1.61009
1.36147
1
1.96023
1.95272
1
1
1.95934
1.94121
1
1
1
2.03066
2.00958
1
1
1
1.9252
1.95753
1
1
1
1
1
1
1
1
1
1.99942
1
1
1
1
1
1
1
1
1
1
1
1.96031
1
1
1
1.95867
1
1
1
1
1
1
1
1
1
1
1
1
1
1
1
1
1.95915
1
1
1
1
1
1.96272
1
1
1
1
1
1
1.83443
1
1
1
1
1
1
1
1
1
1
1.96279
1
1
1
1
1
1
1
1
1
2.07892
1
1
1
2.06047
1
1
1.97998
1
1.98711
1
1.98456
1
1
1
1.96478
1
1
1
1
1
1
1
1
1
1
1
1
1
1
1.99843
1.95697
1.96708
1
1.96365
1.97391
1
1
1.97796
1
1.97092
1
1
1
1
1
1
1
1
1
1
1
1
1.94686
1
1
1
1
1
1
1
1
1.97276
1
1
1.75883
1
1.99603
2.099
1
1.96447
2.11274
1.99768
1
1.97017
1.97995
1
1
1
1
1
1
1
1
1
1.96587
1.9626
1.94586
2.00708
1
1
1
1
1
1
1
1
1
1
1
1
1
1
1
1.98487
1
0.999992
1.90204
1
1
1
1
1
1
1
1
1
1.94617
1
1
1.99939
1
1
1
2.07842
1
1
1
1
2.00292
1.79418
4.85824
1
1
1
1
1
1
1
1
1
1
1
1
1
1
1
0.999897
1
1
1
1
1
1
1.92295
1
1
1
1
1.96337
1.0018
1
1
1
1
2.03895
1
1
1
1
1
1
1
1
1
1
1
1
1
1
1.96649
1.20457
2.06496
1.97822
1
1.96888
1
1.95812
1
1
1
1
1
1.97182
1
1
1
2.04936
1
1
1.9606
1
2.00269
1
1
1
2.03337
1.96903
1.95862
1
1
1
1
1
1
1.95772
1
1
1
1.95984
1.9571
1.96044
1.99806
1.8115
1
1
1
2.05258
1
1
1.96203
1
1
1
1
1
2.00427
1
1
1
1
1
1
1
2.00457
1
1
1
1
1
1
1
1
1
1
1
1.95564
1
1
1
1
1
1
1
1
1.98223
1
1
1
1
1
1
1
1
1
2.09653
1
1
1
1
1
1
1
1
1
1
1
1
1
1
1
1
1
1
1
1
1
1
1
1
1
1
1
1
1
1.92017
1
1.33273
1.96414
1
2.04881
1
1
1.78314
1
1
1
1
2.02751
1
9.8252
1
1
1
1
1.67446
1
1
1
1
1
2.00534
1
1.95759
1
1
2.01574
1
1
1
1
1
1
1
1.85328
1
1
1
1
1
1
1
1
1
1.98722
1
1
1
10.4717
1.96569
1
1.95931
1
2.00565
1
1
1
1.9387
1.60703
1
1
1.96388
1.98663
1
1
1
1.98793
1
1
1
1
1.99903
1
1
1.96139
1
1
1
2.00842
2.00602
1
1
1.8202
2.00462
1
1.96839
1
1
2.00239
1
1
1
1
1.97039
1
1.93641
1
1.9622
1.96871
1
1
1
1
1.95856
1
1
7.84268
1.96406
1
1.49094
1
1
1
1
1.9877
1
7.76277
1
1
1
1
1
1
1
1.98768
1
1
1
1
1
1
1.96703
1
1
1
1
1
1
1
1
1
2.02734
1
1
1
1.97225
1
1
1
1
1
1.95663
1
1
1
1
1
1.96538
1
1
1.03789
1
2.09803
1
2.07807
1
1
1
1
1
0.999988
1
1
1
1
1
1
2.02873
1
1
1
1.65154
2.12685
1
1
1
1
1
1
1
2.02701
1
2.01436
1
1
1
1
1
1
1
1
1
1.9633
1
1.97982
1
1
1
1
1
2.00856
1
1
1
1
2.0306
1
4.64458
1.00529
1
1
1
1
1
1
1
1
1
1
1
0.999946
1
1
1
1
1.97663
1
1
1.96958
1
1
1
1
1
1
1
1.97086
1
1
1
1
1
1
1
1
1
1
2.10991
1
1
1
1.94227
1
1
1
1
1
1
1
1.98618
1.96268
1
1
1
1
1
1
1
1
1
1
1
0.99995
1
1.96547
1
1
1
2.014
1
1
1
1
1.94195
1
1
1
1
1
1.96595
1.99103
1
1
1.95218
1
1
1
1
1
1
1
1
1
1
1.96708
1
1
1
1
1
1
1
1
1
1
1
1
1
1
1
1
1
1
1
1
1
1
1.95919
1
1
1
1
1
1
1
1
1
1
4.79865
1
1
1.17429
1
1
1
1
1
1
1
1
1
1
1.99214
2.0659
1
1
1
1.96391
1
1
1
1
1.82016
1
1
2.1263
1
1
1
1.74864
1.94097
1
2.15297
1
1
0.999984
1
1
1
1
1.96212
1
1
1
1
1.95978
1
1
1
1
1
1
1
1
1
1
1
1
1
1
1
1
1
1
1
1.95093
1
1
1
1
1.95252
1
1
1
1
11.2758
1
1
1
1
1
1
1.96141
1
1
1.9642
1
1
1.95788
2.00293
1
1
1
1
1
1
1
1
1
1
1
1
1.98704
1.93427
2.00808
1
1
1.99253
2.00689
1
1.95419
1
1
1.96773
1
1
1
0.999738
1
2.01421
1
1
1.31875
1
1
1
2.01421
1
1
1
1
1
1.79933
1
1.96592
1
1
1
1
1
1.8399
1
1
1
1
1
1.96352
1
1
1
1
1
1
1.96511
1.48465
1
1
2.00428
1
1
1
1
1
1
1
1
1
1
1
1
1.96058
1
1
1
1
1
1
1
1
1
1
1
1
1
1
1.96157
1
1
1
1.76591
1
1
1.96635
1
1
1
1
1
1
1
1
1
1.90199
1.91564
1
1
1
1
1
1
1
1.95965
1
1
1
1
1
1.93969
1
1
1
1
1
1
4.07243
1
1
1
1
1
1.94646
1
1
1
1
1
1.95125
1
1.80144
1
1
1
1
1.96224
1
1
1
1
1
1
1
1
1
1
1
1
1
1
1
1
1
1
1.96036
1
2.01203
1
1
1
1
1
1
1
1
1
1
1.96167
1
1
1.9617
1
1
1
1
1.96358
1
1
1
1
4.27301
1
1
1.9608
1
1
1.96295
1
1
1
0.999949
1.96212
1
1
1
1
1
1
1
1
1
4.64129
1.79531
1.84769
1
1
1
1.21824
1
1
1.96237
1.95641
1.95295
1
1.96686
1
1.96012
1
1
1
1
1
1.95934
9.58621
1
1
1
1.99667
1
1
1
1
1
1
1
1
1
1
4.02473
1.97113
1
1
4.21394
1
1
1
1.99403
1
1
1
1
1.95867
1
1.95714
1
1
1.98806
1
1
1
1
1.95294
1
1
1
1
1
1
1
1
1
1
1
1
1.95507
1
1
1
1
2.01545
1
1
1.96033
1
1
1
1.97561
1
1
1
1
1
1.99256
1
1
1
1.9582
1
1
1
1
1.95348
1
1.8058
1
1
1
1
2.00463
1
1
1.96426
1.96777
2.05795
1
1
1
1
1
1.9618
1
1.58436
1
2.02795
1
1
1
1
1
2.01472
1
1
1
1
1
1.96405
1
1
1
1
1
1
1
1
1
1
1
1.96284
1
1.9545
1
1
1
1
1
1
1
1
1
1
2.07847
1
1
1
1
1
1
1.98507
2.06144
1
1
1
1
1.98661
1
1
1
1
1
1.9591
1
1
1
1
1
1
2.02007
1.96508
1
1
2.05472
1
1
1
1
1
1
1
1
1
1
1
1
1.9709
1
2.05762
1
1
1.95864
1
1
1.9622
1
1
1.95793
1
1
1
1
1
1
1
1
1
1.98674
1
1
1
1
2.0154
1
1
1
1
1
1
1
1
1.58277
1
1.96078
1
1
1
1
1
1
1
1
1
1
1
1
1.80767
2.05472
1
1
1
1
1
1.97461
1
1
1
1.96057
1
1
1
1
1
1
1
1
1.83172
1
1
1
1.97915
1
2.04193
1
1
1
1.96215
1
1
1
1
1
1
1
1
1
2.00884
1
1
1
1
1
1
1
1.968
1
1
1
1
1.9574
1
1
1.80954
1
1
1
1
1.95982
1
1
1
1
1.95741
1
1
1.96136
1
1.96111
1
1
1
1
1
1
1
1
1
1
1.18942
1
1
2.01687
1
1
1
1
1
2.01315
1.84855
1
1
1
1
1
1
1
1
2.00456
1
1
1.96168
1
1
1
1
1.95681
1
1.34049
1
1
1
1
1
1.96235
0.999956
1
1
1
1.966
0.999979
1
1
1
1
1
1
1.96665
1
1
1
1
1
1
1
1.96218
1
1.06967
1
1.95983
1.96044
1
1.963
1
2.01083
1
1
1.96309
1
1
1
1
1
0.999933
1
1
1
1
1
1
1.95681
1
1
1
1
1
1.96552
1
1
1
1
1
1.96628
1
1
1
1
1
1
1.95881
1
1
1
1
1
1.96029
1
1.96415
1.97037
1
1
1.96061
1
1.96075
1
1.96497
1
1
1.36152
1
1
1
1
1
1.96521
1
1
1.96187
1
1.99404
1
1
1
1
2.08721
1
1
1.98525
1
1
1
1
1
1
1.96217
1
1
1
1
1
1
1
1
1
2.04486
1
1
1
1
4.46733
1
1.95835
1
1.9612
1
1.96408
1
1.0064
1
1
1.97558
1
1
1
1
1
1
1
1.96015
1.95992
1
1
1.96844
1.96221
1
1
1
1.95722
1
1
1.98618
1
1
1
1
1
1
1
1
1.95627
1
1.96502
1
1
1
1
1
1.96651
1
1
1
1
1
1
1.07701
1
1
1
0.999996
1
1
1
1
1
1
1.98383
1
1
1
1.96322
1
1
1
1.96244
1
1
1.9638
1
1
1
1.95518
1
1.96108
1
1
1
1.95917
1
1
1
1
1
2.09013
1
1
1
1
1
1
1
1
2.07925
8.93359
1
1.96066
1
1.96306
1
1
2.02148
1
1
1
1
1
1.96056
1
1
1
1
1.96249
1.96432
1.75801
1
1
1.98562
1
1.95251
1
2.01923
1.96296
1
1
1.96744
1
1
1
1
1
1
1
1
1
1
1
1
1
1
1
1
1
1
1
1
1
1
1
1
1
1.96089
1
1
1.96158
1
1.96324
1
1
1.96468
1
1
1
1
1
1
1
1.96559
1
1
1
1
1
1
1
1
1
1
1.96484
1
1.52973
1
1.96032
1
1
1
1
1
1
1
1.95628
1
1
1
1
1
1.95899
1
1
1.99387
1.72017
1
1.00746
1
1
1
1
1
1.93359
1
1
1
1
1
1
1.39666
1.96018
1
1
1
1
1
1
1
1
1
1
1
1
1
1.91004
1
1
1
1
1
1
1
1.96336
1
1.96852
1
1
1.98374
1
1
1
1
0.999951
1
2.16241
1
1
1
1
1
1
1
1
1
1.96484
1
1
1
1
1
1
1.96258
1
1.96661
1
1
1.94086
1
4.57426
1.96426
1
1
1
1
1.9102
1
1
1
1
2.00358
1
1.96114
1
1.9631
1
1
1
1.9596
1
1
1
1
1.66823
4.2967
1
1.53911
1
1
1.99995
1
1
1
1
1.96489
1.9654
1
1
1
1
1.96212
1.96004
1
1
1
1
1
1
1
1
1
1
1
1
1
1
1
1.95857
1
1.96276
1
1
2.00595
1
1
1
1
1
1
1
1
1
1
0.999998
1
1
1.96198
1
1
1
1
1
1
1.97822
1
1
1
1
1
1
1.84296
1
1
1
1
1
1
1
1
1
1.95994
1
1
1
1
1
1
1
1
1
1
1
1
1
1
1
1
1
9.28625
1
1
1.95896
1
1.96325
1
1.89107
1
1
1
1
1
1
1
1
2.01569
1.96405
1
1
1
1
1
1
2.06863
1
1.96425
1
1
1
1
1
1
1
1
1.96244
1.96182
1
1
1.88073
1.96242
1.94635
1
1
1
1
1
1
1
1
1
1
1
1.90605
1
1
1
1
1
1.96435
1
1
1.96175
1
1
1
1
1
1.93503
1
1
1
1
2.00107
1.96394
1
1
1
1
1
1
1
1
1
1
1
1
1
1
1
1.96254
1
1.96005
1
1
1.96146
1
1
1
1
1
1
1
1
1
1
1
1.96115
1
1
1
1
1
1
1
1
1
1
1
1
1
1.96462
1
1
1
1.96611
1
1
1
1
1
1.963
1
1.96218
1
1.88939
1
1
1
1.96334
1
1
1.98564
1
1
1
1
1
1
1
1
1
1
1
1
1
1.96138
1.84447
1.95927
1.84223
1.83624
1
1
1
1.96161
1.9525
1
1
1
1
1.98068
2.03282
1
1
1
1
1
1
1
1
1.95893
1
1.95956
1
1.96417
1
1
1
1
1.99749
1
1.96333
1
1
1
1
1
2.02923
1
1
1.93022
1
1
1
1
1
1
1.97164
1
1
1
1
1
1
1
1
1.85696
2.05679
1
1
1
1.96445
1
1
1
1.93312
1
1
1
1
1
1.97013
1
1
1
1.89098
1
1
2.0113
1
1
1
1
1
1
1
1.96496
1
1
1
1
1
1
1
1
1.96469
1
1
1
1
1
1
1
1
1
1
1
1
1
1
1
1
1
1
1
1
1
1
1
1
1
1
1
1
1
1
1
1
1
1.9626
1
1
1
1
1
1
1
1
1
1
1
1.85464
1
2.01225
1
1
1
1
1
1
1
1
1
1.78711
1.96066
1
1
1
1
1
1
1
1
1
1
1
1
1
1
1
1
1
1
1
1.96156
1
1
0.999908
1
1
1.89716
1
1
1
1
1
1.85284
1
1
1
1
1
1
1
1
1
1
1
1
1.96703
1
1
1
1.95907
1
0.999969
1
1
1
1
1
1
1
1
1.61849
1
1
1
2.01948
1
1
1
1
2.05283
1
0.999993
1
1.77991
1
1
1
1.96105
1
1
1
1
1
1.70166
1
1
1
1.8498
1
1
1
1
1
1
1.77899
1
1
1
1.96366
1
1
1
0.999873
1
1
1
1
1
1
1
1
1
1
1
1
1
1.00082
1
1
1
1
1
1
1
1
1
1
1
1
1
1
1
1
1
1
1.97842
1
1
1
1
1
1.84289
1.8935
1
1
1
1
1
1
1
1
1.96051
1
1
1
1
1
1
1.96305
1.88676
1
1.93818
1
1
1
1
1
1
1
1.95272
1.96223
1.96289
1
1
1
1
1
1
1
1
1
1
1
2.05704
1
1
1
1
1
1.96277
1
1
2.00075
1
1
1
1
1
1
1
1
1
1
1
1
1
1.95894
1
1
1
1
1
1
1
1
1
1
1
1
1.88791
1
1
1
1
1
1
1
1
1
1
2.01159
1
1
1
1.96487
1
1
1.97089
1
1
1
1.96329
1
0.999834
1
1
1
1
1
1
1.85408
1
2.01106
1
1
1
1
1
1.9931
1
1
1
1
1
1
1
1
1
1
1
1
1
1
1
1
1
1
1
1
1
1
1
1
1
7.7998
1
1.96583
1
1
1
1
1
1
1
1
1
1
1
1
1
1
1.83878
1
1
1
1
1
1
1
1
1.96394
1
1
1.96571
1
2.02269
1.96223
1
1
1
1
1
1
1
1
1.68686
1
1
1
1
1
1
1
1
1
1
1.97367
1.89073
1
1
1
1
1
1
1
1
1
1
1.99775
1
1
1.93916
1
1
1
1.95205
1
1
1
1
1
1
1.96136
1.89607
1
1.96279
1
1
1
1
1
1.33558
1
1
1
1
1
1
1
1
1
1
1
1
1
1
1
1
1.91842
2.01764
1
1
1
1
1
1
1
1
1
1
1
1
1
1
1
1
1
1
1
1
1.99797
1
1
1
1
1
1
1
1.89481
1
1
1
1
1.96349
1.00135
1
1
1
1
1
1
1.96243
1
1
1
1.99901
1.98244
1
1
1
1
1
1
1
1
1
1
1
1
1
1
1
1
1
1
1.96068
1
1
1
1
1
1
1
1
1
1
1
1
1
1
1
1
1
1
1
1
1
1.95908
1
1
1
1
1.29592
1
1.92898
1
1
1
1
1
1
2.02184
1
1
1
1
1
1
1
1
1
1
1
1
1
1
1
1
1
1.96102
1
1
1
1
1
1
1
1.98151
1
1
1
1
1
1
1
1
1.96043
1
1
1
1
1
1
1
1
1
1
1
1
1
1
1
1
1
1
2.00707
1
1
1
1
1
1
1
1
1
1
1
1
1.96555
1
1
1
1
1.96166
1
1
1
1.96839
1
1
1
1
1
1
1
1
1
1
1
1
1
1
1
1
1
4.22967
1.95805
1
1
1
1
1
1
1
1
1
1
2.03206
1.81316
1
1
1
1
1
1.95937
1
1
1
1.96021
1
1
1
1
1.82697
1
1
1
1
1
1.7421
1.96556
1
1
1
1
8.02782
1
4.21169
1
1
1
1
1
1
1
1
1
1
1
1
1
1
1.96512
1
1
1
1
1
1
1
1
1
1
2.01877
1
1
1
1
1
1
1
1
1
1
1
1.96083
1
1
1
1
1
1
1.98095
1
1
1.96295
1
1.97692
1
1
1
1
1
1
1
1.98394
2.03231
1
1
1.99607
1
1
1
1.96759
1
1
1.46983
1
1
1
1.95727
1
1.9907
1
1
1
1
1.95125
1
1
1
1
1
1
1
1
1
1
1
1
1.96346
1
1
1
1
1.99735
1
1
1
1
1
1.98743
1.96026
1
1
1
1
1.99537
1
1
1
1
1
1
1
1
1
1
1
1.95735
1
1
1.96569
1.94437
1
1
1
1
1
1
2.00423
1
1
1
1
1
1.95696
1
1
1
1
1
1
2.0004
1
1
1
1.75525
1
1
1
1.96229
1
1
1
1
1
1
1
1
1
1
2.0078
2.00314
1
1
1
1
1
1
1
1
1
1
1
1
1
1
1
1
1
1
1
1
1
1.7908
1
1
1.87839
1
1
1
1
1
1.81234
1.96696
1
1
1
1
1
1.05725
1
1
1
1
1
1.99866
1
1
1
1
1.96605
1
1
1
1
1
1
2.14514
1
1
1.27926
1
1.98628
1
1.93114
1.96523
1
1
1
1
1
1
1
1
1
1
1
1
1
1
1
1
1
1
1
2.09147
1
1.95546
1
1
1
1
1
1
3.96503
1
1.98193
1
1
1
1.96642
1
1
1
1
1.14384
1
1
1.95685
0.999785
1
1
1
1
1
1
2.04469
1.96119
1
1
4.27803
1
1
1
1
1
1
1
1
1
1
1.96838
1
1
1.95903
1.95698
1
1
2.01197
1
1
1
1
1.96422
1
1
1.96227
2.01168
1
1
1
1.97874
1.9638
1
1
1
1
1
1.96186
1
1
1
1.96087
1
2.00308
1
1
1
1
1
1
1
9.32105
1
1
1
1
1
1
0.999993
1
1
1
1
1
1
1.53155
1.99949
1
1
1
1
1
1
1
1
1.96804
1
1
1
1
1
1
1
1
1
1
1
1
1
1
1
1
1
1
1
1
1
1
1.99948
1.96206
1
1
1
1
1
1
1.50028
1
1
1
1
1
1
1
1
1
1
1
1
1
1
1
1
1
1
1
1
1
1.96365
1
1
1
1
1.97105
1.97924
1
1
1
1
1.96362
1
1
1
1
1
1
1
1
1
1
1
1
1
2.01096
1
1
1
1
1
1
1
1
2.03663
1
1.95731
1
1
1
1
1
1
1
1
1
1
1
1
1
1
1
1
1
1.95987
1.99034
1
1
1.67863
1
4.21546
1
1
1.96873
1
1
1
1
1
1.91608
1
1
1
1
1
1.96632
1.98613
1.90655
1
1
1
1
1
1
1
2.04159
1
1
1
1.95812
1
1
1.96044
1
1
1
1
1.95842
1
1
1
1
1.79461
1
1
1
1
1
1
1
1
1
1
1
4.30251
1
1.97794
1
1.97464
1
1
2.02549
1
1
1
1
1
1
1
1
1
1
1
2.06026
1
1
1.89744
1.96165
1
1
1
1
1
1
1.95829
1
1
1
1
1
1
1
1
1
1
1.9886
1
1
1
1
1
1
2.09232
1
1
1
1
1
1
1
1
1
1
1
1
1
1
1
1
1
1
1.96257
1
1
1
1.79895
1
1
1
1
1
1
1
1
1
0.999953
1.96829
1
1.96494
1
1
1
1.00842
1
1.96249
1
1
1
9.09684
1
1
1
1
1
1
1
1
1
1
1
1
1
1
1
1
1
1
1
1
1
1
1
1
1
1
1
1
1
1
1
1
1
1
1
1
1.8185
1.96019
1
1
1
2.0177
1
1
1
1
1.95948
1
1
1
1
1
1
1
1
1
1
1
1
1
1
1
1
1
1
1
1
1
1.97931
1
1.99642
1
1
1
1.96012
1
4.24272
1
1
1
1.97986
1
4.27921
1
1.9651
1
1
1
1
1
1
1
1
1
1
1
1
1.83058
1
1
1
1
1
1
1
1
1.96998
1
1
1.89224
1
1
1.73365
1
1
1
1
1
1
1
1
1.96506
1
1
1
1
1
1
1.96268
1
1
1
1.71634
1.96537
1
1
1
1
1
1
1
1
1
1
1
1
1
1
1
1
1
1
1
1
1
1
1
1
1
1
1
1
1
1
2.0489
1
1
1
1
1
1
1
1
1
1
1
1
1
1
1.83585
1
1
1
1
1
1
1
1
1
1
1
1
1
1
1
1
1
1
1.96293
1
1
1
1
1
1
2.02544
1
1
1
1
1
1
1
1
1
1
1
1
1
1.76536
1
1.95849
1
1
1
1
1
1
1
1
1
1
2.0138
4.18277
1
1
1
1
1
1
1
1
1
1
2.09336
1
1
1
1
1
1
1
1
1
1
1.98073
1
1
1
1
1
1
1
1
1
1
1
1.96717
1
2.06303
1
1
1
1
1
1
1
1.96167
1
1
1
1
1.96515
1
1
1
1
1
1.96137
1
1
1
1
1
1
1
1
1
1
1
1
1.95561
1
1
1
1
1
1
1
1
1
1
1.96433
1
1
1
1
1
4.26868
1
1
1
1
1
1
1
1
1
1
1
1
1
1
1
1
1
1
1
1
1
1
1
1.7594
1
1
1
1.83463
1
1
1
1
1
1.95876
2.12399
1
1
1
1
1
1
1
1
1
1
1
1
1
1
1
1
1
1
1
1
1
1
1
1
1
1
1
1
1
1
1
1.96315
1.96092
1
1
1.95876
1
1
1.99527
1
1
1.82617
1
1
1
1
2.0472
1
1
1.95895
1
1
1.96078
1
1
1
1
1
1
1
1
1
1
1
1
1
1
1
0.999896
1.96167
1
1
1
1
1
1
1
1
1
1
1
1
1
1
1.7661
1
1
1
1
1
1
1
1
1
1.94782
1
1
1
1
2.02222
1
1
1
1
1
1.96049
1
1
1
1
1
1
1
1
1.96059
1
1
1
1
8.779
1
1
1
1
1
1
1
1
1
1
1
1
1
1
1
1
1
1
1
1
1
1.96614
1
1.37461
1
1
2.03415
1
1
1
1
1.96368
1
1
1
1
1
1
1.96108
1
1
1
1
1
1
1
1
7.14305
1
1.96466
1
1
1.82326
1
1
1
1.9598
1
1
1
1
1
1
1
1
1
1.99897
1
1.9884
1
1
1
1
1
1
1
1
1
1
1
1
1
1
1.82405
1
1
1.97131
1
1
1
1
1
1
1
1
1.60235
1
1
1
1
1
1
1
2.00077
1
1
1
1
1
1
1
1.95306
1
1
1
1
1.84501
1
1
1
1.88652
1
1
1
1
1.82468
1
1.3247
1
1
1
1
1
1
1
7.72252
1.96908
1
1
8.13695
1
1
1.9618
1
1
1
1
1
1
1
1.97201
1
1
1
1.06923
8.32288
1
1
1
1.97913
1
1
1
1
1.95959
1
1
1
1
1
1
1
1
1
1
1
1
1
1
1
1
1
1
1.95784
1
1
1
1
1
1
1
1
1
1
1
1
1
1
1
1
1
1
1
1
1
1
1
1
1
1
1
8.22304
1
2.02905
1.95537
1
1
1
1.76037
1
1
1
4.22335
1
1.95654
1
1
1
1
1
1.99147
1
1
1.85228
1
1
1
1
1
1
1
2.02834
1
1
1
2.07032
1
1
1
1
1
1
1
1
2.00108
1
1
1
1
1
1
1
1
1
1.96274
1
1
1
1
1
1
1
1
1
1
1
1
1
1
1
1
1.95955
1
1
1
1
1
2.00706
1
1
1
1
7.99161
1
4.36571
1
1
1
1
1
1
1
1
1
1
1
2.12558
1
1
1
1
1
1
1
1
1.95503
1
1
1
1
1
1
1
1
1.99104
1
1
1
1
1.9622
1
1
1
1
1
1
1
1
2.02295
1
1
1
1
1.72929
1
1
1
1
1
1
1
1
1
1
1
1
1
1
1
1
1
1.96662
1
1
1.9532
1
1.97501
1
1
1
1
1
1
1
1
1
1
1
1
1
1
1
1
1
1
1
4.32412
1
1
1
1
1
2.01609
1
1.49774
1
8.16181
1
1
1
1
2.00184
1
1
1
1
1
1
1
1
1
1
1.84189
1
1
1
1
1
1.96517
1
1
1
1
1
1
1
1
8.08381
1
1
1
1
1
1
1
1.96699
1
1
1
1
1
1
1
1
1
1
1
1
1
1
1
1
1
1
1
1
1
1
1
1
1
1
1
1
1
1
1
1
1
1
1
1
1
1
1
1
1
1
1
1
1
1
1.85997
1
1
1
1.96883
1.9612
1
1
1
1
1
1
1
1.95561
1
1
1
1
1.51151
1
1
1.96806
1
1.8097
1
1.99293
1.97144
2.07409
1
1
1
1.96267
1
1
1
1
1
1
1
1
1
1
1
1
1
1
1
1.90105
1
1
1
1
1
1.96287
1
1
1
1
1
1
1
1
1
1
1
1
1
1
1
1
1
1
1
1
1
1
2.07308
1
1
1.50536
1
1
1
4.35343
1
1
1
1
1
1
1
1
1
1
1
1.94069
1
1
1
1
1
1
1
1
1
1
1
1
1
1.93047
1
1
1.96985
1.9583
1
1
1
1
1
1.76838
1
1
1
1
1
2.13507
1.9844
1
1
1
1
1
1
1
1
1
1
1
1
1
1
1
1
1
1
1
1.96834
1
1
1.9101
1.95836
1
1
1
1
1
1.98836
1.96677
1
1.96174
1
1
2.00972
1
1
1
1
1
1
1
2.05603
1
1
1
1
1
1
1
1.97905
1
1
1
1
1
1
1.95874
1
1.98624
1.96327
1.96457
1
1
1
1
1
1
1
1
1
1
1
1
1.96791
1
1
1
1
1.97717
1
1
2.02041
1
1
1
1
1
1
1
1.77833
1
1
1
1
1
1
1
1
1.97112
1
1
1
1
1
1
1
1
1.96546
1
1
1
1
1
1
1
1
1
1
1.74833
1
1
1.97618
1
1
1
1
1.95754
1
1
1
1
1
1
1
1
1
1
1
1
1
1
2.00129
1
1
1
1
1
1
1
1
1
1
1
2.02241
1
1
1
1
1
1
1.95939
1
1
4.26539
1
1
1
1
1
1
1
1
1.95728
1
1.85329
1
1
1.96213
1
1.96323
0.999998
1
1
1
1
1
1
1
1
1
1
1.96229
1
1.9892
1
2.0186
1
1
1.96362
1
1
1
1
1
1
1
1
1
1.86344
1
1
1
1
1
1
1
1
1
1
1
1
1
1
1
1
1
1.0939
1
1
1.96026
1
1.97415
1
1
1
1
1
1
1
1
1
1
1
1.95526
1
1
1
1
1
1
1
1
1
1
1
1
1
1
1.85248
1
1.8698
1
1
1
1
1
1
1
1
1
1
1.48278
1
1
1.97836
1
1
1
1
1
1.97009
1
1
1
1
1
1
1
1
1
1.93918
1
1
1
1
1
1
1
1
1
1.96274
1
1
1
1
1
1
1
1
1
1
1
1
1
1
1
1.87599
1
1
1
1
1
1
1
1
1
1
1
1
1
1
1
1
1
2.08043
1
1
4.28829
2.04531
1
1
1
1
1
1
1
1
1
1
1
1
1
1
1.87014
1
1
1
1
1
1
1.95754
1
1
1
1
1
1.95943
1
1
1
1
1
2.05764
1
1
1
1
1
1
1.09438
1
1
1
8.18103
1
1
1
1
1
1
1
1.96958
2.08379
1
1
1
1.8025
1
1
1
1
1
7.90749
2.03665
1
1
1
1
1
1
1
1
1
1
1
1
1
1
1
1.96054
1
1
1
1.84056
2.00569
1
0.999999
1
1
1.00396
1
1
1
1.84005
1
1
1
1
1
1
1
1
1
1
1
1
1
1
1
1
1
1
1
1.96145
1.94096
1
1
1
1
1
1
1
1
1
1
1.96109
1
1
1
1
1
1
1
1
1.95654
1
1
1
1
1
1
1.988
1.95111
1.96212
1.96657
1
1.00986
1.75782
1
1
1
1
1
1
1.7452
1
1
1
1
1.97051
1
1
1
1
1
1
1
1
1
4.3218
1
1
1
1
1
1
1
1
1
1
1.752
1
1
1
1
1
1
1
1
1
1
1
1
1
1
1
1.90185
1
8.00209
1.96049
1
1
1
1
1
1
1
1
1
1
1
1
1
1
1
1
1
1.97889
1.92307
1.9541
1
1
1
1
1
1
1
1
1
1
1
1.84379
8.20835
1.95883
1
1
1
1
1.9979
1.95112
1
1
1.96271
1
1
1
1
2.05117
1
1
1
1
1
1
1
1
1
1
1
1
1.87833
1
1
1
1
1
1
1
1.79291
1
1
1
1
1
1
1
1
1
1
1.9689
1
1
1.51835
1
1.96547
1
1
1
1
1
1
1
1
1
1
1.95994
1
1
2.00984
1.82382
1
1
1
1
1
1.82638
1
1
1
1
1.96187
1
1
1.93766
1
1
1
1
1
1
1
1.96829
1
1.88397
1.9672
1
1.97187
1
1
1.96175
1
1
1
1
1
1
1
1
1.96308
1
1
1
1
1.9619
1
1
1
1
1
1
1.96051
7.32988
1
1
1
1.9667
1
1
1
1
1
1
1
1
1
1
1
1
1.55617
1
1
1
1
1
1.96193
1.96019
1
1
1.95862
1
1
1
1
1
1
1
1
1
1
1.96232
1
1
1
1
1
1
1
1
1
1
1
1
1
1
1
1
1
1
1
1
1.96368
1
1
1
1.00033
1.8105
1
1.95394
1.96869
1
1
1
1
1
1
1.97019
1
1
1
1
1
1
1
1
2.03123
1
1
1
1
1
1
1
1
1
1
1
1
1.96402
1
1
1.75148
1
1
1.9575
1
1
1
1
1
1.95815
1
1.97877
1
1
1
1
1.83598
1.96351
1
1
1
1
1
1
1
1
1
1
1
1
1
1
1
1
1
1.89917
1
1
1
1
1
1
1.78742
1
1
1
1
1
1.9739
1
1
1.95303
1.88618
1
1
1
1
1
1.02551
1.96492
1
1
1
1
1.91282
1.98047
1
1
1
1
1
1
1
1
1
1.82893
1
2.04446
1.91475
1
1
1
1
1
1
1
1.95892
1
1
1.97307
1
1
1
1
1
1.99432
1
1.96134
1
1
1
1
1
1
1
1
1.98725
1
1
1.9615
1
1
1
1
1
1
1
1
1
0.999957
1
1
1
1
1
1
1.95301
1
0.99993
1
1
1
1
1.94925
1
1
1
1.00329
1.82145
1
1.96072
1
1
1
1
1
1
1.96049
1
1
1
1
1
1
1
8.10439
1
1
1.95846
1.96011
1
1.96395
1
1
0.999892
1
1.82007
1
1
1
1
1
1.95817
1
1
1
1
1
1
1
1.05674
1
1
1
1
1
8.13555
1
1
1
1.94472
1
1
1.73957
1
1
1
1
1
1.5084
1
1.95404
1
1
1
1
1
1
1
1.70902
1
1
1
1
1
1
1
1
1
1.73249
4.29991
1.96248
1
1
1
1.50534
1
1
1.96525
1
1
1
1
2.01668
0.999859
1
1
1
1
1
1.99464
1
1
1
1
1
1
1
1
1
1
1
1
1
1
1
1.94858
1
1
1
1
1
1.94643
1
1
1
1
0.999974
1.96134
1
1
1
1
1
1
1.7502
1
1
1
1
3.88738
1
1
1
1
1
1.79613
1
1
2.0121
1
1
1
1
1
1
1
1
1
0.999911
1
1
1
1
1
1
1.96548
1
1
1
1
1
1
1
1
1
1
1
1.99477
1
1
1.95512
1
1
1
1.95243
1
1
1
1
1
1
1
0.999946
1
1.00096
1
1
1
1
1
1.8529
1.94968
1
1
1
0.999984
1
1
1
1
1
1
1
1.96848
1
1
1
1.8516
1
1
1
1
1
2.00981
1
1
1
2.03431
1
0.99999
1
1.8558
1
1.96067
1
1
1
1
1
1
1
1
1.96377
1.97541
1
1.96792
1
1
1
1.96117
1
2.01253
1
1
1
1
1
1
1
1.95806
1.91068
1.96479
1
1.84396
2.01931
1
1
1
1
1.84308
1.95618
1.83659
1
1
1
1
1
1
0.999843
1
1
1
1
1
1.52214
1
1
1
1
1
1
1
1.96214
1
1.96056
1
1
2.03618
4.30531
1
1
1
1
1
2.02641
1.89258
1
1.79141
1
1
1.84152
1.95999
1.88941
1
1
1
1.81536
1
1
1.73666
1
1.93469
1
1
1
1
1
1
1
8.20102
1.89259
1
1
1
1
1
1.5571
1
1.91032
1
1.96297
1
1
1
1
1
1
1
1
1
1
1
1
1
1
8.19716
1
1
1
1
1
1
1.49953
1
1
1.96178
1
1
1.87287
1.90677
1
1
1
1
1
1
1.96074
1
1
1
1
1
1
1
1
1
1
1
1
1.88822
2.04467
1.77179
1
2.01181
1
1
1
1
1
1
1
1
1
1
2.03694
0.999994
1
1
1
1
1.95803
1
1
1
1
1.95817
1.91563
1
1.96483
1
1
1
1.99871
1
1
1
1
1.95902
1.9605
1
1
1
1
1
1
1.88767
1
1
1.90255
1
1
1
1
1.9648
1
1
1
1
1.95185
1
2.00911
1
1.96486
1
1
1
1
0.999998
1
1
2.07736
1.87319
1
1
2.03004
1
1
1
1
1
1
1
1
1
1
1
1
1
1
1.95813
1
1
1
1
1
1
1
1
1
1
1
1.97807
1
1.96699
1
1
0.999983
1
1
1
1
1.95922
1
1
1
1
1
1
1
1
1
1
1
0.999998
1.96322
1
1
1.96251
1
1
1.79896
1
1
1
1
2.03841
1
1.96098
1
1
1
1
1
1
1
1.96563
1.98308
1
1.90469
1
0.999982
1.78837
1
1
1
1
1
1.95623
1.96415
1
1
1
1
1
1
1.9606
0.999999
1.94893
1.96815
1
0.999936
1
1
2.05306
1
1
1
1
1
1
1
1
1.00389
1
1
1.8926
1
1
1
1.96701
1.96426
1.98268
0.999859
1
1
1
1.96222
1
1
1
1
0.999919
1.81089
1
1
0.999936
1
1
1
1.89641
1
1
1.50821
0.99995
1.97235
1
1
1
1.96841
1
1
1
1
1.96197
1
1
1
1.98915
1
1
1
1
1.85344
1.97026
1
0.999976
1
1
1.96151
1
1
1
1.96577
1
1
1.95804
1
1.96236
1
1
1
1
1
1
1
1
1
1
1.03749
1
1
1
1
1.88816
1
1
1
1
1
1
1
1
1
1
1.79579
1
1
1.00868
1
1
1
1
1
1
1.96495
1
1.95731
4.31484
1
1
2.01286
1.89738
1
1
1
1.85467
1
1
1
1
1.96128
1.9619
1
1.94534
1
1
1
1
1
1.96219
1
1
1.96168
1.91588
1
1
1
1
1
1.90571
1
1
1.95465
1.96337
4.30813
0.99997
0.999974
1
1
1
1
1
1.86313
1
1
1
1
1
1
1
1
1.95396
1
1
1
1
1
1
1
8.1198
1.88885
1
1
1
1
1
1
2.01517
1
1.86348
1
1.00091
1
1
1
1.82587
1.97053
1
1
1
1.95839
1.86504
1
1
1
1.8736
1
1
2.04298
1
1
1
1
1
1
1
1
1
1.95361
1.73598
1.96328
1
1
1
1
1.96366
1
1
1
1.94876
1.95973
1
1
1
1.96137
1.94005
1
1
1
1
1.96294
1.92586
1
1
1
1
1.96064
1
1
1
1.62695
1.80806
1
1.96116
1
1
1.96031
1
1
1.96035
1
1
1.95858
1
1
1
1
1
1
1
1
1
1.83028
1
1
1.96078
1
1
1
1
1.84916
1
1.95581
2.01354
1
1
1
1.96202
1
1.96467
1.96314
1
1
1
1.74678
1.96179
1
1
1
1
1
1
1
1.96938
1.78873
1
1
1
1.87268
1.96317
1
1
1.9627
1.8045
1
1.95909
1
1.95744
1
1
1.80828
1.95963
1
1
1.78285
1
1.7962
1
1
1.95849
1
1
1
1.95898
1
1
1
2.06093
1
1
1
1.96129
1
1
1
1
1
1
1.96818
1.93958
1
1
1
1.99116
1
1
2.00456
1
1
1
1
1
1
1.96126
1
1
1.96078
1
1
1
1
1
1
1.84892
2.03548
1
0.999694
1.0274
1
1
1.97604
1
1.75886
2.12303
1.96447
1
1
1
1
1
1
1
2.11924
1.85717
1.962
1.96131
1
1
1
1.96405
1.80889
1.8934
1.96171
1.96533
2.03387
1
1.96882
1
1
1.96607
1.96388
1
1.96559
1
1
1.96198
1
1
1.84079
1
1
1.86538
1
1.96006
1
1
1.79404
1.96041
1
4.19978
1.97172
1
1
1
1.9507
1
1
1.96411
1
1
1.80654
1
1
1
1.95628
1.83243
1.96183
1
2.10508
1
1
1
1
1
1
1
1
1
1.7703
1
1
1
1
1.96186
1
2.00216
1
1
1
1
1
1
1
1
1
1
1
1
1
1
1.80914
1.96424
1
1.7776
1
1.9609
1.97298
1.95787
1
1
2.02915
1.99373
1
1
1.995
4.29118
1.96407
1
1
1
1
2.01321
1
1
1.86447
1.95988
1
1.96331
1
1.96462
1.96211
1.06631
1
1
1
1
1
1
1.87093
1.9581
1.96335
1.95661
1
1.96858
1.76154
1.96561
1
1
1
1
1
1
1.96918
1.95692
1
1.95841
1.96532
1
1
1
1.96129
1.88801
1
1
1
1
1.18149
1
1.96472
1
1
1
1.81439
1
1
1
1
1
1
1
1
1
1
1
1
1
1
1
1
1
0.999937
1.96608
1.96454
1
1
1
1.97105
1.96368
1.95903
1.84149
1
1
1
1
1.96399
1
1
1
1.96441
1
1
1.95904
1
1
1
1
1
1.54093
1
1.9588
1.81756
1
1
1
1
1
2.04675
1
1
1
1.96934
1.96471
1
1.95131
1
1.96209
1.97244
1
2.039
1.96095
1.96169
1
1
1
1
1
1
1
1
1
1
1.808
1
1
1.96512
1.84483
1
1
1
1
1
1
1.96216
1
1
1
1.95696
1
1
1.95815
1.96834
1.96037
1
1
1
1.96055
1.96417
1
1
1
1
1
1
1.80052
1.95984
1
1
1
1
1.96103
1
1
1
1
1
1.50935
1
1
1
1.93059
1.76277
1
1.96528
1.95397
1.9582
1
1
1
1
1
1
1
1.00257
1
1
1
1.51265
1.96367
6.70499
1
1.96049
1
1
1.95441
1
1.96539
1.96244
1.95311
1
1
1
1
2.01513
1
1
1
1
1
1
1.95926
1.95303
1
1
1
1
1
1
1
1
1
1.99137
1
1
1.53921
1
2.12923
1
1
1.96093
1
1.96322
1
1
1
1
1
1.96486
1
1
1
1
1
1
1.85551
1
1.96333
1
1
1
1.96348
1.84592
1
1
1
1
1.96699
1.96006
1
1
1
1
1
1.94997
1.9637
1
1
1.9627
1
1
2.01966
1
1
1.95746
1
1
1
1.95767
1.95819
1.95893
1
0.99996
1
1.96247
1
1
1
1
1
1
1
1
1
1
1
1.90723
1
1
1.96667
1
1.95809
1
1.96618
1.96437
1
1
1
1
1
1
1
1.96507
1.96139
1
1
1
1
1
1.95802
1
1
1
1.96118
1
1.90635
1
1
1
1
1.98267
1
0.999993
1
1.96823
1
1
1.96331
1
1
1.96768
1
0.999998
1.97426
1.01244
1
1.96188
1.9898
1
1
1
1
1
1
1
1.96188
0.999888
1.96919
1
1
1.94921
1
1
1
1.9617
1
1.96825
1.96224
1
1
1
1.96071
1
1
1.96498
1
1
1.96073
1.95453
1.82354
1
1.95985
1
1
1.97066
1
1
1
1
1.95965
1.95956
1
1.96069
1
1.95883
1
1.95849
1
1
1
1.95787
1
1
1
1
1
1
1.96199
1
1
1
1
1
1
1
1.96389
1.96558
1.92469
1.9597
1
1.94859
1
1
1
1.96162
1.98127
1
1
1.74887
1
1
1
1.95686
8.5706
1
1
1
1
1
1
1
1
1
1
1
2.06678
1.95713
1.89403
1.80681
1.96212
1
1.96137
1.83115
1.98171
1
1.95719
1
1.95954
8.18422
1
1
1.965
1
8.18333
1
1
1
1
1.96645
1
1
2.02845
1.96395
1
1.9637
1.90703
1
1
1.95625
1
1.96144
1
1
1
1.97147
1
1
1.84182
1
1.95626
1
1
1
1
1
1.95649
1
1
1
1.96193
1
1
1
1
1
1.92003
1.95772
1
1.8513
1.9679
1.95607
1.94989
1
1.80925
1
1.96293
1
2.09202
1
1.96426
1
1
1
1
1.96581
0.999999
1
1.89941
1.96916
1
1
1.78348
1
1
1
1
1
1.9647
1
1.96363
1
1.36803
1
1
1
1
1.95914
1
1.95948
1.95939
1
1
1
1
1
1
1.958
1
1
1
1.95927
1
1
1
1.96027
1
1
1.95505
1.96396
1.8935
1
1
1
1
1.96001
1
1
1.96251
1
1.96719
1
1
1
1.97123
1.81801
1
1
1.75488
1.96643
1
1
1.80546
1
1
1.96379
1.96038
1
0.999989
1.96741
0.999979
1
1
1.28024
1.96051
1
1
1
1
1.95494
1
1
1
1
1
1
1.87945
1
1
1
1
1
1
1.9663
1
1
2.09478
1
1.96641
1
1.8976
1
1
1.9596
1.96036
1.96793
1
1.95811
1
1.96366
1
1
1.75078
1
1
1
1
1
1.9146
1
1
1
1
1
8.5313
1.96479
1
1
1.95745
0.99988
1
1
1
1
1.80927
1
1
1
1
1
1
1
1
1
1.74329
1.96275
1
1.96559
1
1
1.97039
1.96012
1.96086
1
1.94908
1.93225
1
1
1.14826
1
1
1
1
1.96231
1
1
1
1
1
2.04346
1
1
1
1
1
1
1
1
1
1.90303
1.96161
1.9644
1.87787
1
1.95347
1
1.95941
1
1
1
1.81411
1
4.30047
1.95888
1.958
1
1
1
1
0.999975
8.16925
1.95971
1.75352
1
1
1.96225
1
1.81511
1
1
1
1
1
1
1.95831
1.96236
0.999857
1
1
1.95909
1
1
1
1
1
1
1.78679
1
1
1
1.96059
1
1
0.999998
1.93522
1.37968
1.9603
1
1.96163
1.00504
1
1
1.9642
1
1
1
1
1
1
1
1
1
1.96491
1
1
1.95614
1
1.9572
1
1
1.95622
1
8.04656
1.90231
1
1
1
1
1
1
1
1.95839
1.96016
1.96184
1.96518
1
1
1
1
1
1
1.96052
1
1
1.95791
1
1
1
1.96516
1
0.999941
1.94972
1
1
1
1
1.91352
1.95806
1.86594
1
1
1.9682
1
1.96708
1.96044
1
1
1
1.96095
1
1
1
1
1
1.95964
1
1
1
1.96539
1.96547
1.96506
1.9679
1.9643
1
1.96306
1.96062
1
1.96019
1.96304
1
1
1
1.50246
1.93371
1
1.84723
1.96224
1.83117
1
1
1
1
1
1.9705
1
1.95704
1
1.96581
1
1
1.96011
1
1
1
1
1
1.95994
1.75608
1
1
1
1
1.95981
1.88312
1.86786
1
1
1
1
1
1
1
1.82103
1.90308
1
1.96194
1
1
1
1.86678
1
1
1
1
1.96297
1.82286
1
9.18093
1
2.04754
1
1.96151
1.96606
1
1
1
2.06487
1
1
1
1.96477
1
1
1
1
1
1
1
1.96002
1
1.96023
1
1.97052
1
1.96308
1
1
1
1
1
1.89882
1
1
1.9546
1.54401
1
1
1.95548
1.9636
1
1.95986
1
1.96474
1.95999
1
2.04851
1
1
1
1
1.83831
1
1
1.96302
1.90144
1
1
1.96551
1
1
1
1
1.95819
1
1.90462
1.97592
1.96427
1.96051
1
2.01211
1
1
1
0.999997
1
1.95717
1.9347
1.97318
1.96427
0.999941
1.43129
1
1.95941
1
1.79189
1
1
1
1.97971
1
1
1
1
1
1
1
1.96131
1
1.99179
1
1
1
1
1
1.96278
1.9581
1.1817
1.96656
1
1
1.95986
1
1
1
1.96277
1.962
1
1
1.9657
1
1.95426
1
8.55394
1.96181
1
1.96114
1
1.96439
1.75934
1.96305
1.96424
1
1
1.87831
1
1
1
1
1
1.9599
1
1
1
1.91866
1
1
1
1
1.95631
1.95962
1
2.01624
1.96445
1
1.86814
1
2.0419
1.9637
1
1
1.04547
1.90079
1
1
1.9582
1
1
1
1
1
1
1
1
1.96437
1
1
1
1
1
1
1.96679
2.02387
1.99261
1
1
1
1
1.0346
1
1
1
1.96229
1.96055
1
1
1
1
1.95802
1
1
1
1
1
1.86213
1
1.96033
1
1
1
1.96187
1.86912
1
1
1.96858
1
1
1
1.96579
1
1
1.84719
1
1
1.88458
1
1.99907
1.95591
1
1.80032
1.96441
1
8.16705
1
1
1
1.00006
1
1
1
1
1.96244
1
1.96312
1
1
1.95929
1
1
1
1
1.9648
1
1
1.96398
1
1.96568
1.95912
1
1
1.00467
1
1.74972
1.90129
1
1
1
1
1
1.96187
1
1
1.96245
1
1.86852
1
1
1.96263
1.96343
1
2.02746
1
1
1
1
1
1
1.96032
1.95508
1
1
1
1
1.96038
1.89235
1
1
0.999917
1.9597
1
1
1.95346
1
1.96475
1
1.88906
1.96089
1.99405
1
1.95997
1.96422
1.96139
1.96879
1
1
1
1.85956
1
0.999981
1.96166
1
1
1
1.74182
1
1.70883
1
1
1
1
1.96149
1.96582
1
1.96328
1.96212
1
1.82089
1
1
2.11945
1
1.96017
1.96395
1
1.96841
1.20626
1.96401
1
1
1.96735
1.9607
1
1
1.96587
1
1.85864
1
1
1
1
1
1
1
1.96517
1.96084
0.999985
1
1
1
1
1
0.999986
1
1
1
1
1
1
1
2.01585
1.9594
1.9524
1
1.96259
1
1.96596
1
1.95982
1
1
1.88483
1
0.999995
1.8778
1
1
1
1.96302
1
1.87772
1.96313
1
1
1
1
1
1.76042
1.95896
1
1.96241
1.87499
1
1
1.96437
1
1.95907
1
1
1.96468
1
1.75428
1
1
1
1.96371
1.87895
1.89957
1.96073
1
1
1.96394
1
1
1
1.96427
1.95645
1
1
1
1.90494
1
1
1.96701
1.95829
1
1
1.96708
1
1
1.96276
1.96753
1.73975
1.95212
1
1
1.95935
1.91147
1
1
1.96255
1.96414
1.75265
1.95996
1
1
1
1
1
1.96161
1.96135
1.97136
1
1.87353
1
1.91928
1.7014
2.14236
1.96303
1
1
1.87215
1
1
1
1.96553
1
1
1
1
1
1.96802
1
1
1
1
1.96107
1.96319
1.96071
1.9634
1.95624
1
1
1
1.96198
1
1.9022
1.96688
1.89816
1
1
1.92666
1.95987
1
1.96897
1
1
1.96737
1
1
1
1
1
1
1
1.96695
1.89659
1.00043
1
1
1
1
1
1.95999
1.9638
1.96784
1
1
1
0.999978
1.89037
1
1
1
1
1
1.95416
1
1.77125
1
1.9657
1
1
1
1
1
1
1.97127
1.96143
1.96293
4.30189
1
1
1
1.96206
1.96384
1
4.30879
1.65587
1
1
1.09167
2.01312
1
1
1
1
1
1.96472
1.85087
1.95922
1.95962
1
0.999922
1.9661
1.95681
1
1
1
0.999995
1.95898
1
1
1.96317
1
1.95999
1.96118
1.23664
1
1
1.95854
1.10052
1
1
1.84687
1.88756
1
1
1
1.82976
1.94401
1
1
1.96252
1.96025
1.96957
1
1
1.8924
1
1.9602
1
1.95873
0.999983
1
1.9541
1
1.95475
1.96129
2.00396
1
1.82375
1.96025
1.9602
1
1
1
1
1
1
1
1
1.96582
1.94556
1
1
1
1
1
1
1
1.95981
1
1
1
1.79911
1.96461
1
1
1.95965
1
1
0.999999
1.89148
1
1
1.96227
1
1.95482
1
1
1.98213
1
1
1.96154
1
1.97058
1.96929
1.97092
1
1.9602
1
1
1
1.96722
1.96371
1
1.96227
1
1.96356
0.999951
1
1
1
1.95337
1
1
1
1
1
1.96796
1.97054
1
1
1.78101
1.88262
1.95799
1
1
1
1
1
1
1
1.96972
1
1
1
1
1
2.02294
1.96085
1
1
1.96455
1
1
1
1
1
1.95998
2.03878
1
1
1
1
1
1
2.08887
1
1
1
1.9559
1
1
1.96056
1
1
1.96292
1.94057
1
1
1
1.96263
1.96066
1
1
1
1
1.9613
1.88403
1
1
1.96227
1
0.999921
1
1
1.96265
1.96132
1.91102
1
1.96226
1
1
1.8963
1.96535
1
1
1.97028
1
1
1.96145
1
1.89697
1.96335
1.886
1.4915
1.96048
1
1
1.00653
1.93974
1
1
1.96358
1
1
1.95831
1
1
1
1
0.999843
1
1
1.96489
1
1
8.15191
1
1.96762
1
1.96938
1.96582
1.95985
1.96618
1
1.5159
1
1
1
1
1
1.96525
1
1
1
1
1
1
1
1.9526
1
2.05273
1
1
1
2.05263
1
1.9618
1.96145
1
1.96357
1
1
1
1
1.88795
1
1
1.9731
1
1
1.96169
1
1
1
1
1
1.96244
1.96255
1
1.96125
1
1.96094
1.9675
1.95288
1.96075
1
1
1
2.01248
1
1.96199
1
1
1
1.97252
1.85818
1.92942
1
1.97009
1.95957
1.95924
1
1
1.00722
1
1.96207
1
1
1.96214
1.96697
1
1
1.96194
1
1.96259
1.95836
1
1
1
1
1
1
1
1.93277
1.96513
1
1
1
1
1
1
1
1.96632
1
1.95898
1
1.96162
1.94019
1
1
1.96241
1.9458
1.97134
1.96168
1
1.95796
1
1.89384
1.9288
1
1
1.96185
1
1.90313
1
1
1
1.97261
1.95844
1
1.96821
1
1
1
1.96215
4.30083
1
1
1
1.96316
1
1
1.95958
1.96044
1
1
1.96704
1
1
1
1.95895
1
1
1.97243
1.95627
1.95969
1.96426
1.97084
1.89146
1
1.99392
1
1.96551
1
1
1
1
1
1
1.96045
1.95969
1.99225
1.95875
1
0.999887
1
1.96392
1.96343
1.96118
1
1
1
1
1.85875
1.96066
1
2.14053
1
1
1.96786
1.96399
1
1
1
1
1.96377
1.96511
1.96371
1
1
1.95998
1.96663
1
1
1
1
1.96518
1
1
1.96263
1
1.96008
1
1
1
1
1
1
1.98627
1
1.96081
1
1
1.96261
1
1
0.999998
1
1
1
1
1
1
1
1.9619
1
1
1
1
1.95727
1
1.96594
1
1
1.9596
1
1
1
1
1
1.95985
1.96337
1.97827
1
1
1
1
2.11621
1.94658
1.96777
1.96702
1
1.95127
1.91559
1
1
1.97004
1
1.96601
1.97917
1
1.9685
1
1
1
1
1.83963
1
1
1.96867
1
1.95729
1
1
1
1
1
1.96609
1
1
1.79628
1
1.95854
1.96272
4.29977
1
1
1
1.99132
1.96143
1.97074
1
1.96596
1
1
1
1.9701
1
1
1
1.97748
1.96773
1
1.92312
2.05509
1.95867
1.50859
1
1.95059
1.89966
1.96013
1
1
1.96166
1.95918
2.02122
1
1
1
1.96293
1
1
1
1.81248
1
1
1.89425
1.96324
1
1
1.95702
1.95949
1.9699
1.95971
1
1
1
1.03554
1
1
1
1
1
1
1
1.96081
1.96216
1.9658
1.95999
1
1
1
1.97004
1
1
1
2.01292
1
1
1
1
1
1
1
1.96318
1.95905
1.96069
1
1.92452
1
1
1.8258
1
1
1
1.95865
0.999977
1.96861
1
1
1.95996
1.96236
1
1
1
1
1
1
1.96393
1
1
1.96138
1.96057
1
2.13629
1.95609
1
1
1
1
8.14856
1
1
1.95864
1
1.96118
2.03303
1
1
1
1
1
1.96422
1
1.9554
1
1
1.95593
1.83524
1
1.96478
1
1.95761
1
1.95949
1
1
1
1
1.93917
1.96191
1
1
1.96547
1
1
1
1
1
1
1
1.73535
1
1.96097
2.01221
1.96245
1
1
1.96
1
1.5118
1
1
1.87171
2.00692
1
1
1
1.96258
1
1
1
1.96134
1
0.999899
1
1
1
1
2.04632
1
1
1
1
1
1
1.99987
1
1
1
1
1
1
1
1
1
1
1.94908
1
1
1
1
1
1
1
1
1
1
1
1
1
1
1
1
1
1
1
1
1
1
1
1
1
1
1
1
1
1
1
1
1
1
1
1
1
1
1
1
1
1
1
1
1
1
1.9625
1.95586
1
1.96055
1
1
1.95871
1
1
1
1
1.90208
1
1.98993
1.95991
1
2.01583
1.96235
1
1
1
1
1
1
1
0.999915
1
1.98074
1.88694
1
1.93396
1.96156
1
1.97049
1.96034
1.96372
1.95976
1
1.96989
1
1
1.95252
1.96074
1
2.07482
2.06663
2.02308
1.95708
1.3583
1
1
1.9622
1.9642
1.86532
1
1
1
1.96329
1.95879
1
2.00465
1
1.87435
1.9626
1
1.79934
1.96073
1
1
1
1.96564
1.95939
1
1
1.24883
1.96307
1
1
1
1.98151
1
1
1.96802
1
1.96346
1.95013
1
1
1.95725
1.96968
1
1
1
1
1.96566
1
1
1.95975
1.96136
1
1
1.85253
1
0.999906
1.95998
1
1
1.95508
1.95677
1
1
1.96682
1
1
1
1
1.96583
1.95212
1
1.97017
1.96658
1.96263
1
8.14709
1
1.97315
1
1
1.96043
1
1.97367
1
1
1.96187
1
1.96065
1.97225
1
1.94805
1
1.96236
1
1
1.9599
1
1
1
1
1
1
1
4.31285
1.96087
1.95907
1
1
1
1
1
1
1.96285
1
1
1.96638
1
1.97378
1.85621
1
1.9592
1.96375
1
1
1
1
1.97232
1
1
1.85712
1
1
1
1
1
1
1
1
1.8428
1
1.95633
1
1
1.346
1
1
1
1
1
1
1
1.95922
1
1
1.96106
1.84697
1.9661
1.96018
1
1
1
1
1
1.95697
1
1
1
4.333
1
1
1
1.99366
1
1
1
1.96565
1
1.98985
1
8.13974
1.84008
1.9564
2.01598
1
1.96382
9.33693
1.96188
1.96243
1
1.96397
1
1.96293
1
1.96109
1.96126
1
1
1
1
1.70239
1
1
1.96231
1.95386
1
1
1
1.96272
1.96942
1
1.96121
1
1
1
1
1
1
1
1.95315
1
1
1
1
1
1
1.96068
1.96352
1
1
0.999996
4.31918
8.149
1
1.98957
1
1
1.96412
1.95348
1
1
1
1
1
1
8.63991
1.94822
1.96936
1
1
1
1
1
1
1
1
1
1.99035
1
1
1
1
1
1.96201
0.999927
1.96343
1
1.9734
1.96172
1
1
1
8.23805
1
1
1
1
1
1
1
1
1
1.95991
1
8.02709
1
1
1
1.86117
1
1
1
1
1
1.96076
1
1.96093
1.96772
1.98764
1
1
1
1.95542
1
1
1.96761
2.06765
1
1.95976
1
1.9723
2.0019
1.96588
1.96736
2.11472
1
1
1
1
8.58149
1
7.78147
1
1
1
1
8.16356
1
1.96297
1
1
1
1
1
1
1
1
1
1
1
1.96244
1
1
1
1
1.82682
1
1
8.3818
1
1
1
1
1
1.95831
1
7.09659
1.96294
1
1
1.50988
1
1
1.96277
1
1
1
0.999845
1
1
1.96638
1
1
1
1
1
1.9619
1.96624
1
2.01798
1.95876
1
1
1
1
1
1
1
1
1
1
1
1
1
1.96313
1
1
1
1
1
1
1
1
1
8.5838
1
1
1
1
1.97168
1
1
1
1.96358
1
1.97276
1
1.00399
1
1.9638
1
1.95989
1.81212
1
1
1
1
1.96841
0.99991
1
1.96431
1
1
1
1
1
1.96223
1
1
1.96031
1.97688
1.95568
1
1
1
1
1
1
0.999999
1
1
2.03261
1
1
1
1.96234
1
1
1
1.85304
1
1
1
1.96118
1
1
1
1.83656
1
1
1.82838
1
1
1
1
1.98258
1
1.96256
1
1.95786
7.2582
1
1.9579
1.00992
1
1
1.96432
1.95891
1
1
1
1
1
1
1
1
1.88357
1
1
1
1.96345
1.96136
1.96302
1
1
1.9599
1
1
1.95961
1
1.95874
1
1.84816
0.999971
1
1.96436
1
1
1.96087
1
1
0.999948
1.96786
1
1
1.95665
1
1
1.95533
1.84048
1
1
1.95422
1
1
1
1
1
1.96422
1
1
1
1
1
1
1
1
1
1
1
1
1
1.4871
1
1
1
1
1.9617
0.99999
2.07008
1
8.26906
1
1
1
1
1
1
2.10676
8.19585
1
1.94163
1
1.07438
1
1
1
1
1
1
1.95415
1
2.09772
1
1.96071
1
1.95745
1.96459
4.30486
1
1.96077
1.95894
1.96418
1
1
1
1
1
1.95995
1
1
1
1.96406
1
1
1
1
1
4.16317
1
1.96277
1
1.96018
1
1
1
1
1
1.96796
1
1
1.96079
1.81842
1
1
1
1
1
8.82167
1
1
1
1
0.999877
1
1
1
1.96332
1
1.94915
1
1
1
1
1
1
8.16804
1.96288
1.95589
1
1
1
1
1
1.39076
1
1
1
1
1
1
1
1
4.34456
1
1
1
1
1.85062
1.96481
1
1
1
1
1
1
8.41587
4.27368
1
1.96745
1.96419
1
1
1.94791
1
7.03662
1.95855
1
1
1.96251
1
1.96251
1
1
1.94838
1
1
1
1
1.86286
1
8.71007
1
0.999965
1
1
1.96504
1
1.9606
1
1.86133
1.96002
1.96662
1
1.95301
1.8729
1.96402
1
1
1
7.96973
1
1
1
1.98542
1
1
1.96377
1
2.04495
1
1
1.96545
1.96536
1
4.04762
1
1.96243
1
1
1
1
1.95906
1
1
1.9574
1
1.95574
1
1
1.00907
1
1
1.96479
1.89689
1
1
1
1
1.96138
1
1
1.96372
1.9613
1
1.96037
1
1
1
1.96296
1
1.96601
1
2.02108
1
1
1.96901
1
1.96243
1
1
1.95846
1.95804
1
1.96569
1.96118
1.88425
1.95528
1
1
1
1
1
1
1.95971
1
1
1
1
1
1.9575
1
1
1
1
1.96129
1
1
1
1
3.9231
1.96042
1
1
1
1.93734
1.98172
1
1
1.96052
1
2.03627
1
1
1.96033
1.92916
1.95967
8.05061
1
1.96051
1
1
1.95896
1
1.96828
1.96737
1
1
1
1.81676
1.96233
1.95741
1
1
1
1
1.97488
1
1.95838
1
1
1
1.81125
1
1.78879
1
1.98385
1
1
1.96242
1.9585
1
1
1
1
1.97066
1
1
1
1.95685
1
1
1.96048
1
1
1.96162
1
1.96036
1
1
1.96407
1.96056
1.95981
1
1.96589
1
1.96105
1
1.9868
1
1
1
1
1
1.96318
0.999981
1
1.96371
1
1.95979
1
2.02726
1
1.95889
1
1.96333
1.96529
1
1
1
1
1.50703
1
1
1
1
1
1
1.96965
1.93839
1
1.96472
1
1.96178
1.97607
1.85037
1.9626
1
1.96177
1
1
1
1
1
1.96438
1
1
1
1
1.95676
1
1
1.96169
1
1
0.999686
1
1
1
9.22884
1.99986
1
1
1.959
1.96451
1
1
1.96121
1
1
1
1
1
1
1
1.95235
1.95618
1
1
1.96751
1.96154
1.84681
1
1
2.04404
1
1
1
1.97286
2.00528
1
1
1
2.01366
1
1.0009
2.01354
1
1
1.96738
1.95771
1
1.9654
1.97057
1.97205
1
1
1.96127
1
1
1.78988
1
1.97201
1
1
1.96284
1
1
1.95069
1
1
1.95734
1
1
1
1.95772
1
1.9664
1.96007
1
1.9668
1.96048
1
1.96377
1.95316
1
1.95612
1.97047
1
1
1
1
1
1
1
1.96769
1
1
1
2.03734
2.0119
1
1
1.95638
1
1.96529
1
1.96458
1
1
1.97897
1.96024
1.96074
1
1
1.96142
1
1.9593
1.96209
1
1.95729
1.9623
1.91907
1.96113
1
1.96228
1.97273
2.00068
1
1
1
1
1.96431
1
1
1.95513
1.96979
1.96711
1.9586
1
1
1.95868
1.99856
1
1.95589
1.95581
1
1
1
1.95618
1.96745
1.9588
1.95802
1.85575
1.96013
1.96048
1
1
1
1
1.87912
1.96422
1.82899
1.96788
1
1
1
1
1
1.87127
1
1.95757
1.97053
1
1.95849
1.99226
1
1.95866
1.96726
1
1
1.96243
1
1
1.00004
1.96099
1
1.95205
1
1.88032
1
1.9572
1
1
1.96354
1
1
1.95765
1
1.83017
1
1.63188
1
1
1
1.95868
1
1
1
1.96798
1.96125
1
1
1
1.96344
1
1
1
1.94808
1.96095
1.96258
1.81577
1
1.96336
1.96227
1
1
1
2.00802
1
1.9577
1.9606
1
1
1
1
1
1.88611
1
1
1
1
2.07478
1
2.00092
1
1
1
1
1.92523
1.97553
1
1
1
1
1.96924
1
1
1.97178
1
1.95962
1.97096
1
1
1.95493
1
1
1
1.92484
1
1
1.96457
1
1
0.999999
1
1
1
2.00706
1.96169
1
1.90368
1.89975
1.90443
1
1.93477
1.9555
1.96145
1
1
1.97159
1.96227
1
1
1.95518
1
1
1
1.95748
1
1.9667
1
1.96964
1.96336
1
1.89354
1.97167
1
1.96104
1
1
1
1
1
1.96384
1
1
1.96101
1.87786
1
1.96099
1
1
1.79453
1.81219
1
1
1
7.8551
1
1
1
1.91754
1
1
1.96797
1
1
1.95763
1.96127
1.96234
2.06524
1.97161
1
1
1.96486
1
1.96313
1
1
1.97229
1.0839
1
1
1
1
0.999929
1.95758
1.96319
1.9618
1.96495
1
1
1
1
1
1.96125
1.95734
1
1.96238
1
1
1.96353
1
1
1
1
1
1
1
1
1
1
1.96191
1
1
1
1.96132
1
1
1
0.999797
1.9536
1.96399
1
1
1
1
1
1.95433
1.96242
4.27797
1
1
1.95285
1.95966
1.96418
1
1.90329
1.70259
1
1
1
1
1
1
1
1
1.97
1.96119
1
1
1
1.94875
0.999748
1
1
1
1.96158
1.98818
1.95256
1.96584
1
1
1
1
1.96461
1.96087
1
1
1.83186
1
1.14734
1
1
1.95805
1
1
1.99416
1.8258
1.85614
1.9598
1
1
1.00562
1
1.95983
1
1.92566
1
1
1
1
1
4.36779
1
1
1.28006
1
1
1
1
1.95722
1
1
0.999896
1
1
1
1
1.95895
1.96256
1
1.96595
1.97204
1.95986
1.96565
1
1
1
1
1.95451
1
1
1.95758
1
0.999995
1
1.97941
1
1
0.999963
1.96098
1.96718
1
1.96645
1.95977
1.96066
1
1
1
1
1
1
1
1
1
1
1.96054
1
1.96186
1
1
4.19397
1
1
1.95649
1.95429
1
1
1
1
1
1
1
1
1
1.95941
1
1
1.96146
1
1
1
1
1.98822
1.97461
1
1.95773
1
1
1.96248
2.02931
1
1.96726
1
1
1.96069
1.96594
1.96397
1
1
1
1.95992
1
1
1
1
1.96427
1
1
1
1
4.23153
1
1
1
1
1
1
1
1
1
1
1
0.999912
2.02463
1.96221
1
1.78767
1
1
1
1
1.96321
1.98973
1.44729
1
1
1
1
1.9636
1
1
1
1
1
1
1
1.96078
1
1.96545
1.85147
1
1
1
0.999899
1
1
1
1
1.31905
1
1
1.95855
1
1.46101
2.11878
1
1
2.09049
1
1
1
1
1
1
1.95504
2.02514
1
1
1
1.95586
1
0.999923
1
0.999996
1
1
1.96098
1
2.08378
1
1.96551
1
1.9571
1.00752
1
1
1
1.98165
1
1
1
1.9639
1.84615
1.8707
1.98261
1.95798
1.93559
1.95656
1
1.96541
1.95319
1.79691
1
1
1
1.95814
1.95983
1.95969
1.00009
1.84059
1
1.95795
1
1
1.77503
1.96424
1.98992
1.98515
1.73549
1
1
1
1
1
1
1
1
1.79804
1.9597
1.95982
0.999996
1.96354
1
1.94149
1.96393
1
1
1
1.96424
1
1
1.96411
1
1
1
1.96505
1
1
1
1
1
1
1
1
1
1
1.96089
1
1
1
1
1.95898
1
1
1
1.95496
1.96137
1.96127
1
1.00071
1
1.8084
1.95868
1
1
1
1.96851
1
1
1
1
1.96435
1.96082
1.95994
1.95533
1
1.95905
1.95993
1
1
1.95556
1.96135
2.00318
1
1.51535
1
1.95876
1
1
1
1.95243
1.96028
1
1
1
1
1.95933
1
1
1
1
1
1.96145
1
1.94141
1
1.77878
1
1
1
1.84925
1
1
1
1
1
1.95593
1
1.96314
1
1.28962
1.93935
1.96601
1
1.95739
1
0.999958
1
1
1
1
1.96346
1
1.9624
1
1
1
1
1
1
1.9624
1.9914
1.96108
1
1
1
1
1
1
1
1.99349
1
1.95791
1.96288
1
0.999888
1
1
1.30123
1
1.96182
1.95901
1
1.96256
1
1
1
1
1.992
1
1
1
1.95479
1
1
1
1
1.96105
1.95649
1.95679
1.96175
1
1
1
1
1
1
1
1.95995
1
1
1
1
1
1.96254
1
1
1
1.96287
1.96615
1.95982
1.96276
1
1
1
1
1.83863
1
1
1
1
1.96181
1.96445
1.04938
1.84165
1
1
1
1.97006
1.85545
1
1
1
1
1
1.9622
1.97939
1
1
1
1.96599
1.97177
1
1
2.04908
1
1
1
1
1
1
1
1
1.95209
1
1
1
1
1.83805
1
1
1
0.99998
1
1.96168
1
1
8.12689
1.96696
1
1
1
1
1
1.96502
1
1
1
1.96155
1.95953
1.96558
1
1
1.96679
1
1.96024
1
1.96154
1.96337
1.9546
1
1
2.01402
1
1
1
1.9616
1
1
1.96487
1.9596
1
1.9593
1.96527
1
1.95957
1
1
1
1
2.01026
1
1
1
1.99149
1.95541
1
1
1
1
1
1
1
0.99997
1
1
1.96202
1.95991
1
1
1
1.9652
1
1
1.95685
1
1
1
1.98678
1
1
1
1
1
1
1
1
1.11225
1.9654
1
1
1.94838
1.84312
1.96487
0.999847
1.95751
1
1.96719
1.96436
1
1.96659
1
1.96319
1
1
1
1.37654
1
1
1
1
1.96289
1
1.96161
1
1
1
0.999985
1.01611
1
1.96319
1
1
1.99279
1.96121
1.79793
1.76203
1.95888
1
1.96054
1.95802
1
1
1
1.95951
1.9587
1.95899
1.95811
1.95793
1.96238
1
1.96169
1.97089
1
1.90332
1.96933
1
1.96347
1
1
1
1
1
1.97635
1.93619
1.9559
1.96661
1
2.11874
1.9679
1.98217
1
1.96761
1
1
1
2.00112
1
1.9608
0.999976
1
1.94853
1
1
1
1
1.96027
1.96261
1.96044
1.95746
1
1
1
1.96085
1
1.96262
1
1
1.95679
1
1.98164
1
1.95665
1
1.96224
1
1
1
1
1
1
1.95863
1
1
1.9597
1.96206
1
1
1
2.09053
1.81046
1
1
1
1
1.41191
1
1.80613
1
1
1.96152
1
1.96353
1
1
1
1
1
1.8811
1
1.98049
1
1.88161
1.96088
2.0611
1
1.9571
1.95634
1
1.96064
1.95721
1
1
1
1
1
1
1.96488
1
1
1.9588
2.00324
1.96201
1.95825
1.96298
1.96541
1
1
1
1.95949
1.96296
1.95981
1
1
1
1
1
1
1
1.81285
1
1
1
1
1
1
1
1
1
1.88129
1.96284
1.95818
1
1
1
1
1.95502
1.96312
1
1
1
1
1.93618
1
1.964
1
1
1
1
1
1.95785
1
1
1.94556
1
1
1.95612
1.95865
1
1
1.21231
1
1
1
1
1.97491
1
1
1
1.96191
1
1
1.62637
1
1.96745
1.95796
1
1.0059
1.95636
1
1.84465
1
1.82762
1.0574
1
1
1
1
1
1
1
1
1
0.999999
1.95681
1.96088
1.95552
1.964
1.96178
1.95894
1
1.16364
1
1.95698
1.96436
1.95759
1
1
1.95887
1
1
0.999778
1
1
1.96004
1
1.9545
1
1.96368
1
1.91436
1
1.9579
1.9572
1
1.96129
1.96048
1
1
1
1
1
1.97077
1.96594
1
1.9538
1.96233
1
1.9658
1
1
1.96936
1.98598
1
1.96589
1
1
1.94299
1.96192
1
1
1.95856
1.95993
2.01437
1.96598
1.95229
1
1.96645
1.95846
1.95928
1.95873
1
1
1.95878
1
1.95943
1
1
1.96274
1.96253
1
1
1
1
1
1
1
1
0.999995
1
1
1.96117
1
1
1.8272
1
1.96314
1
1
1
1
1
1
1
1.97908
1.95863
1
1.96588
1
1
1
1
1.96199
1
1
1.84086
1.95687
1.96396
1
1
1.95306
1.94913
0.999998
1.95988
1.95759
1
1
1.96765
1
1
1.96331
2.00927
1
1
1.95743
1.96586
1
1
1.95469
1.95733
1
1
1.96381
1
1
1
1
1
1
1
1
1.87847
1
1
1
1.95962
1
1
1
1
1
1
1.97282
1.9975
1
2.01165
1
1
1.96328
1
1
1
1
1
1
1
1
1
1
1
1
1
1
1
1
1
1
1
2.03863
1
1.96472
1.95826
1.96199
1
0.999945
1
1
1
1
1
1
1
1
1
1
1
1
1
1.96315
1
1
1
1.94863
1
1
1.98255
1.95959
1
1.96448
1
1
1
0.999965
1
1.9675
1
1
1
1
1
1
1
1
1
1.96328
1
0.999983
1
1
1.70867
1.96362
1.99058
1
1
1
1
1
1
1
1
1
1
1
1
1
1
0.999998
1
1
1
1
1.96257
1
1.9595
1
0.999999
1.00027
1
1
1
1.96168
1
1
1
1
1
1
1.97312
1
1
1.96286
1
1.99596
1
1
1
1
1.95952
1
1.96096
1
1.94313
1
1
1
1
1
1
1.96663
1
1.96643
1.95221
1
1
1.96242
1
1
1
1.29173
1
1.10489
1
1
1
1
1.95878
1
1.01317
1
1
1
1
1
1
1
1
1
1.96054
0.999999
1
1.95881
1.98823
1
1
1
1
1
1
1
1.96261
1
0.999994
2.03349
1
1
1
1
1
1
1
1
1.00163
1
2.11442
1.95993
1
1.95798
1
1
1
1
1
1
1
1.96031
1.46103
1
2.02137
1.95649
1
1
1
1
1.9524
1
1.97127
1
1.99035
1.9906
1
1
1
1
1
1
1.95966
0.999979
1
1
1.94656
1
1
1
1
1
1
1.95802
1
1
1.96298
1
1.96184
1.95881
1.87312
2.02293
1
1.96115
1.96635
1
1.96748
1
0.99992
1
1
0.999999
1.82639
1
1
1
1
1.94717
1.82683
1.96487
1.9632
1
1.9151
1.89491
1.90201
1.90059
1
1
1
1
1.9639
1
1
1
1
1
1
1
1.96033
1
1.95783
1
1
1
1.96156
1
1.78724
1
1.90588
1
1
1
1.96413
1
1
1
1
1
1.96602
1
1
1
1
1
1
1
1
1.96064
1
1
1
1
1
1
1
1.95681
1.59162
1.96561
1
1
1
1
1
1
1
1
1
1.96365
1
1.97108
1
1.96181
1.93515
1
1
2.02203
1
1.95915
1
1.02436
1
1
0.999989
1
1
1
1
1
1
1.95889
0.999968
1
1
1
1
1
1
1.96165
1.79247
2.02072
1
1
1
1
1
1
1.88206
1
1
1
1
1
1.67728
1
1
1
1
1
1
0.999991
1.95669
1
1
1
1
1
1
1.9657
1
1
1
1.96387
1.95857
1.97661
1
0.999953
1
1
1.00643
1
1.96586
1
1.95899
1
1
0.999998
1
1
1
1
2.07815
1
1.74749
1
1
2.00857
1
1
1
1.78486
1
1
1
1
1.95967
1
1
1
1
1
1
1
0.999925
1
1
1
1
1
1
1
1
1
1
1
1.96473
1
1.82757
1
1.96697
1
1.96124
1
1
1
1
1
1
1
1
1
2.03547
1
1
1
1
1
1
1.96602
1
1
1.02453
2.01814
1
1
1
1
1.73458
1.96735
1
1
0.999947
1.83212
1.96668
1
1
1.90138
1
1
1
2.12177
1
1
1
1
1
1
1
1.95976
1
1
1
1
1
1
1
1
1
1
1
1.78568
1.9557
1
1
1
1.96594
1
0.999997
1
1
0.999998
1.96189
1.81875
1
1
1
1.96539
1
1
1
1
1
1.96599
1.96508
1
1
1
1
1
1
1.96184
1.96387
1.0149
1.96243
1.96317
1.05355
1
1
1
1
1
1
1.96047
1
1.90871
1
1
1.94171
1
1
1.93646
1
1
1
1
1.96547
1
1
1
1
1
1
2.01946
1
1
1.96209
1
1
1
1.84471
1
1
1
1
1
1
1
1.96421
2.13232
1
1
1
1.96232
1
1.9651
2.01265
1.32599
1
1
1
1
1.9615
1
1
1
0.999972
1
0.999981
1
1
1
1
1
1
1
1
1
1
2.00985
0.999966
1
1.96073
1
1
1
1.24899
1.95719
1.95765
1
1
1
1
1
1
1
1
1
1
1.82129
1
1.95649
1
1
1
1
1
1
1.96384
1.8501
1.85339
1
1
1
1
1
1
1
1
1
1
1.87571
1
1.99964
1
1
1
1
1
1.73241
1
1
1
1
1
1.86542
1
1
1
1
1
1
1.94408
1
1.95831
1.95553
1.9441
1
1.83445
1
1
1.5061
2.02333
1
1
1
1
2.02729
1
1
1
1
1
1
0.999998
1
1
1
1
1
1
1
1
1
1
1
1
1.96151
1
1
1
1
1
1.97658
1
1.00079
1.67867
1
1
1
1
1
1
1
1
1
1
1
0.999866
1
1
0.999902
0.999969
1.93712
1
1
1
1
1
1
1.81084
1
1
1
1.96191
1
1.83563
1
1
1
1
1.85978
1
1.83089
1.87575
1
1
1
1
1
1
1
1
1
1
1
1
1
1
2.03589
1
1
1
1.84944
1.9773
1
1.81986
1
1
1
1
1.01243
1
1
1.00398
1
1
1
2.00627
1.96235
1
1
1
1.96438
1
1
1
1
1
1.9619
1.96114
1
1.93358
1
1.95764
1
0.999882
1.73436
1
1.85468
1
1.84242
1
1
1
2.14133
1.96805
1
0.999968
1
1
1
1
1
1.956
1
1
1
1
1
1
1
1
1
1
1
1.84926
0.999985
1
1
1
1.04815
1
1
1
1
1
1
1
1.95718
1
1
1
1
1
1
1
2.00403
1
1
1
1
1
1
1
1
1
1
1
1
1
1
1.80073
1
1
1.98264
1
0.999959
1
1.82369
1
1
1
1
1
1
1
1
1
1.86014
1
1
1
1.96213
1.9957
1
1
1
1
1
1.96774
1.86209
1
1
1
1
1.9676
0.99998
1
1.97902
1
1.94482
1
1
0.999982
1
1
1
2.04491
1
1.96266
1
1
1
1
1.95995
1
1
1
1
1
2.01971
1.95665
1
1
1.86342
1
1
1
1
1
1
1
2.04845
1
1
1
0.999913
1
1.9576
1.95568
1
1
1
1.96289
1
1.13361
1
1
1.95879
1
1.83845
1
1.95501
1.96626
1
1
1
1
1
1
1
1
1
1
1.96476
1
1
1
1
1
1
0.999947
1
2.01475
1
1
1
1
1
1
1
1.01835
1
1
1
1.85381
1.96681
1
1
1
1
1.81384
1
1
1
1
1
1
1
1
1
1
1
1
1
1
1.84732
1
1
1
1
1
1
1
1
1.96485
1
1
1
1
1
1.95826
1
1
1.84887
1.96098
1
1
1.15443
1
1
1.96697
1
1
1
1
1.95916
1
1
1
1.84339
1.96506
1
1
1
1
1
1
1
1
1
1
0.999963
1.83022
1
1
1
1
1
1
6.18623
1
1
1
1
1
1
1
1.95368
1
1
1
1.96593
1.95996
1
1
1
1
1.96196
1.96216
1
1
1
1.00433
1
1
1
1
1
1
0.999885
0.999817
1.96204
1
1
1
1
1
1
1
1
1
1.96164
1
1
1
1
1
1
1
1
1
1
1.96589
1
1
1
1
1.95818
1
1
1
1
1
1
1
1
1
1
1
1
1
1.96908
1.83848
1
1
1
1.96188
1
1
1
1
1.97012
1
1
1
1
1
1
1
1
1
1
1
1
1
1
1
1
1
1
1.99066
1
1
1
1
1
1
1.96184
1.96085
1
1
1
1
1
1
1
1
2.0383
1
1.82334
1.97077
1.96186
1
1
1
1
1
1
1
1
1
1
1
1.79461
1
1
1
1
1
1
1
1
0.999892
1
2.03513
1
1.96308
1.75132
1.96257
1.74075
1.96068
1.96485
1
1.81684
1
1
1.81832
1
1
1
1
1
1
1
1
1
1
1
1
1.9591
1
1
1
1.96039
1
1
2.0203
1
1
1
1
1.91059
1
1
1
1.95936
1.96278
1
1
1
1
1
1
1
1
1
1
1
1
1.96174
1
1
1
1
1.93471
1.96203
1
1
1
1.96594
1
1
1
1
1.94863
1
1
1
1
1
1
1
1
1.96292
1
1
1
1.95626
1.81059
1
1.95956
1
1
1
1
1
1
1
1
2.00391
1
1
1
1
1
1
1
2.01454
1
1
1
1
1
1
1
1.98997
0.999982
0.999953
1
1.95158
1
1
1
1.82034
1.9705
1
1
1
1
1
1
1
0.999999
1
1.05801
1
1
1
1
1.96125
1
1
1
1
1
1
1
1
1
1
1.962
1.85749
1
1
1.95969
1
1
1
1
1
1
1.85219
1
1
1
1
1.95747
1
1
1
1
1
1
1
2.04127
1
1.96053
1
2.14999
1
1
1
0.999998
1.98337
1
1
1
1.95778
1
1
1
1.9555
1
1
1.98397
1
1
1
1
1.96026
1
1
1
1
1
1
1
1
1
0.99994
1
1.95619
1
1
1.96248
1
1.9629
1
1
1
1
1
1
1
1
1
1
1.99002
1
1
1
1
1.9622
1.95994
1
1
1
1
1
0.99984
1
1
1
1
1
1
1.98895
1
1
1
1
1
1
1
2.07413
1
1
1
1
1
1
1
1
1
1
1
1
1.96443
1
1
1
1
1.96474
1
1.99767
1
1
1
1
1
1
1.79802
1
1
1
1
1.96655
1
1
1
1
1
1
1
1
1
1
1
1
1
1
1
1
1
1
1
1.96399
1
1
1.05669
1
1
1
1
1
1
1
1
1
1.95252
1
1
1
1.96045
1
1
1
5.61457
1
1
1
1
1
1
1.86854
1.77293
1.81597
1
1
1
1
1
1.96154
1
1
1
1
1
1
1
1
1
1
1
1
1.95803
1.39804
1
1
1
1
1
1
1
1
1
2.02778
1
1
1
1
1
1
1
1
1
1
2.09069
1
1
1
1
1
0.999916
1
1
1
0.999995
1
1
1
1
1
1
1
1
1.96269
1
1
1
1
1
1.84471
1
1
1
1
1
1.96591
1
1.80191
1
1
1
1
1
1
1
1
2.03223
1
1
1
1
1
1
1
1
1
1
1
1
1
1
1
0.999996
1
1
1
1
1
1.79955
1.96408
1.78902
1
1
1
1
1.959
1
1
2.00303
1.96147
1
2.06534
1
1
1
1.96623
1
1
1
1
1
1.9595
1
1
1
1
1
1
1
1
1
1
1
1
1
1
1
1
1
1
1
1
1
1
1
1
1.99461
1
1
1
1
1
1
1
1
1
1
2.13357
1
2.08829
1
1
1
1.95629
1
1
1
1
1
1
1.70007
1
1
1.89655
1
1
1
1.96379
1
1
1
1
1
1
1.9639
1.99481
1
1.87802
1
1
1
1
1
1
1.95851
1
1
1
1
1
1
1
0.999958
1
1
1
1
1
1
1
0.999999
1
1.96148
1
1
1.86196
1
1
1
1
1
1
1
1
1.00092
1
1
1
1
1
1
1
1
1
1.95411
1
1
1
1
1
1
1.98611
1
1
1
1.80018
1
1
1.6964
1
1
1
1
1
1
1
1
1.97725
1
1
1
1
1
1
1
1
1
1
1.9596
1
1
1.80293
1
1
1
1
1
1
1
2.07688
1.96811
1
1
1
1
1
1
1
1
1
1
1
1
1
1
1.7757
1
1
1
1
1
1
1
1
1
1
1
1
1
0.999914
1
1
1
1
1
1
1
1
1
1.11266
1
1
1.96166
1
1
1
1
1
1
1
1
1.79918
1
1
1
1
1
1
1
1
1
0.999985
1
1
1
1.00258
1
2.07246
1.99975
1
1.93589
1
1
1
1
1
1
1
1
1
1
1
1
1
1
1
1
1
1
1.96069
1
2.07005
1
1.96122
1
1
1
1
0.999972
1.96218
1
1
1
1
1.82394
1
1
1
1.96064
1
1
1
1
1
1
1.96393
1
1
1
1
2.02035
1
1
1
1
1
1
1
1
1
1
1
1
1
1
1
2.01615
1
1
1
1
1.78408
1.9611
1
1
1
1
1
1
1
1
1
1.95833
1
1
1
1.96595
1
1
1
1
1
1.9754
1
1
1
1
1
1
1
1
1
1
1
1
1
1
0.999999
1
1
0.999998
1
1
1
1
0.999998
1
1
1
1
1
1.95723
1
1
1
1
1
1
1.96424
1
1
1
1
1
1
1
2.01087
1
1
1
1
1
1.83931
1
1
1
1.83941
1.95007
1
1
1
1
1
1
1
1
1
1
1
1
1
1
1
1
1
1
1
1
1
1
1
1
1
1
1.95933
1
1
1
1
1
1
1
1
1
1
1
1
1
1
1
1
1.96012
1
1
1
1
1
1
1
1
1.97823
1
1
1
1
1
1
1
1.95846
1
1
1
1.98268
1
1
1
1
1
1
1
1
1
1.96742
1
1.84963
1
1
1
1
1
0.999842
1.95953
1
1
1.96934
1
1
1.95762
1
1.95552
1
1.08433
1
1
1
1
1
1
1.96725
1
1.95881
1
1
0.999953
1
1
1
1.95509
1
1.9666
1
1
1
1
1
1
1
1
1
1
1
1
1
1
1
1
1
1
1
1.00009
1
1.83543
1
1
1
1
1
1
1
1.95048
1
1
1
1
1
1
1
1
1
1
1
1
1
1.99625
1
1
1
1
1
1.80933
1.83085
1.96229
1
1
1
1
1
1
1.96148
1
1
1
1
1
1
1
1
1
1
1
1
1
1
1
1
1
1
1
1
1
1
1
1
1
1
1
1
1
1
1
1
1
1
1
1
1
1
1
1.95863
1
1.84274
1
1
1
1.95868
1
1
1
1
1
1
1
1
1
1
1
1
1
1
1
1
1
2.0447
1
1
1
1.9648
2.01967
1
1
1
1
1
1.00003
1
1
1
1
1
1.95505
1
1
1
1
1
1.9589
1
1.95294
1
1
1
1
1.82318
1
1
1
1
1.95627
1
1
2.01139
1
1
1
1
1
1
1
1
1
1
1
1
1
1.96025
1
1
1.85637
1
1
1
1
1
1.96056
1
1
1
1
1.96312
1
1
1
1
1
1
1
1.89798
1
1
1.8943
1
1
1.96986
1
1
1
1.96651
1
1
1
1
1
1
1
1
1.93205
1
1
1
1
1
1
1
1
1
1
1
1.89005
1
1
1
1
1
1.96172
1
1
1
1
1.82073
1
1
1
1
1
1.96153
1
1.95498
1
1
1.98598
1
1
1
1
1
0.99991
1
1
1
1
1
1
1
1
1
1
1
1
1
0.999956
1
1
1.95195
1
0.999974
1.96112
1
1
1
1
1
1
1
1
1
1
2.06897
1
1
1
1
1
1
1
1
1
1
1.82542
1
1
1
1
1
1.88677
1
1
1
1
1
1
1
1.9637
1
1
1
1
1
1
1
1
1
1.81477
1
1
0.999902
1
1
1
1
1
1.89661
1.94849
1.95979
1
1
1
1
1
1
1
1
1.89029
1
1
1
1
1
1
1
1.96156
1
1
1
2.01924
1
1
1
1.96016
1
1
1.95583
1
1
1
1
1
1
1
1
1
1.96395
1
1
1
1
1.9595
1
1
1
1
1
1
1
1
1
1
1
1.80675
1
1
1
1.97559
1
0.999956
1
1.95989
1
1
1
1
1
1.98877
1
1.96342
1
1
1
0.999865
1
1
1
1
1
1
1
1
1
1
1
1.98505
1
1.95961
1
1
1
1
1
1
1
1
1
1
1
1.79723
1.96162
1
1
1
1
1
2.01403
1
0.999868
1.95512
1
1
1
1
1.83126
1
1
1
1
1
1.96388
1
1
1
1
1
1
1
1
1
1
0.999986
1.95894
1.82097
1.96031
1
1
1
1
1
1
1
1.87818
1
1
1
1
1
1
1
1
1
1
1
1
1
1
1
1
2.01216
1
1
1
1
1
1
1
1
1
1
1
1
1
1
2.0053
1
1
1
1
1.96612
1
1
1
1
1
1
1
1
1
1
1
1.82179
1
1
1
1
1
1
1
1.95756
1
1
1
1
1
1
1
0.999948
1
1
1
1
1
1
1
1
1.00019
1
1
1
1
1.96859
1.96368
1.95895
1
1
1.74997
1.01136
1.82359
1.96427
1.41192
1
1
1
1
1
1
1
1
1
1
1
1.83084
1
1.95836
1.97504
1
2.02693
0.999876
1
0.999939
1
1
1
1
1
1
1
1
0.99999
1
1
1
1
1
1.96141
1
1
1
1
1.86904
1
1
1
1
1
1
1
1
1
2.00968
1
1
1
1
1
1
1
1
1
1
1
1
1
1
1.75396
1.96039
1
1
1
1
1
1
1
1
1
1.96403
1
1
1
1.96057
1.77471
1
1
1
1
1
1
1
1.78245
1
1.97839
1
1
1
1
2.03912
1
1
1
1
1.95409
1
1.96487
1
1
1
1
1
1.94464
1
1
1
1
1
1
1
1
1
1
1
1
1
1
1
1
1
1
1
1
1
1
1
1
1
1
1
1
1
1
1.95606
2.04391
1
1.94983
1
1
1
1
1
1
1
1
1
1
1
1
1
1
1
1
1
1
1
1.80588
1
1
1
1
1
1
1
1
1
1
1
2.07317
1
1.77327
1.74557
1
1
1
1
1.95899
1
2.13189
1.95929
1.8246
1.95805
1
1.04425
1
1
1.51482
1
1
1
1
1.95854
1
1
1.9607
1
1.96439
1
1
1
1
1
1
1
1
1
1
1
1
1
1
1
1
1
1
1.95745
1
1
1
0.99972
1
1
1
1
1
1.96523
1
1
1
1.95839
1
1
1.96395
1.9633
1
1
1
1
1.96635
1
1
1
1
1
1
1
1
1
1
1
1
1
1.77203
1
1
1
1
1
1
1
1
1
1
1
1
1
1
1
1
1
1.96305
1
1
1
1
1
1
1.96295
1
1
1
1
1
1
1
1
1
1
1
1
1
1.96639
1
1
0.999998
1
1
1.95889
1
1
1.95353
1
1.99012
1
1
1
1
1
1
1
1
1
1
1
1
1
1
1
1
1
1
1
1
1
1.96033
1
1
1
1
1
1.97602
1
1
1
1
1
1
1
1
1
1
1
1
1
1
1
1
1
1
1
1
1
1
1
1
1.96351
1
1
1
1
1.95249
1
1
1
1.96565
1
1
1
1.77395
1
1
1
1.96955
1
1
1
1
1
1
1
1
1
1
1
1
1
1
1
1
1
1
1
1
1.95713
1
1
1
1
1
1
1
1
0.999999
1
1
1
1.956
1
1
1
1
1
1
1
2.05726
1
1.959
1
1
1
1.96425
1.9538
1
1
1
1
1.96192
1
1
1.96387
1
1
1
1
1
1
1
1
1
1
1
1
1
1
1
1
1
1.96884
1
1
1
1
1
1
1
1
1
1
1
1
1
1
1.1305
1
1
2.01449
1
0.99998
1
1
1
1
1
1
1
1
2.10135
1
1
1
1
1
1
1
1
1
1
1
1.99415
1
1
1
1.98184
1
1
1.96456
1
1
1
1
1
1
1.96491
1
1
1
1
1
1.96797
1
1
1
1
1.9632
1
1.96732
1.43959
2.01683
1
1
1
1
1
1
1
1
1.96303
1
1
1
1
1
1
1
1
1
1
1
1
1
1
1
1
1
1.96311
1
1
1
1
1
1
1
1
1
1
1
1.76618
1
1.84572
1
2.00668
1.96045
1
1
1
1.96471
2.01488
1
1
1
1
1
0.999936
1
1
1
1
1
1
1
1
1
1
1
1
1
2.00563
1
1.95754
1
1
1.96411
1
1
1.9613
1
1
1.84299
1
1
1
1
1.7712
1
1
1
1
1
1.96531
2.0716
1
1.9588
1
1
1
1
1
1
1
2.09503
1
1.84675
1
1
1
1
1
1
1
1
1
1
1
1
1
1
1.85838
1
1.96175
1
1
1
1
1
1
1
1
1
1
1
1
1
1
1
1
1
1.96093
1
1
1
1
1
1
1
1
1
1
1.96077
1
1.95958
1
1
1
1
1
1
1
1
1
1
1
1
1
1
1
1.96145
1
1
1
1
1.9623
1
1
1
1
1
2.01456
1
1
1
1
1
1
1.95995
1
1
1
1.96001
1
1
1
1.95535
1
1
1
1
1
1
1
1
1
1
1
1
1
1
1.96207
1
1
1.96224
1
1
1
1
1.96611
1
1
2.01963
1
1
1
1.0067
1
1
1
1
1.83023
1
1.96045
1
1
1
1
1
1.96475
1.96455
1
1.97182
1
1
1
1
1
1
1
1.96302
1
1.95844
1.95782
1.95474
1.95012
1
1
1
1
1
1.95985
1
1
1.96212
1.95961
1.95812
1
1
1
1
1
1.96086
1
1
1
1
1
1
1.9618
1
1
1
1.96188
1
1
1
1
1
1.80825
1
1
1
1
1
1
1
1
1
1.66921
1
1.96095
1
1
1
1
1
1
1
1.96323
1
1
1
1
1
1
1
1.95876
1
1
1
1
1
1
1.95744
1
1
1.81022
1
2.03401
1
1
1
1.96255
1
1
1.87479
1
1
0.999999
1
1
1
1
1
1
1
1
1
1
1
1
2.01307
1.9612
1
1
1
1
1
1
1
1
1
1.84272
1
1
1
1
1
1
1.98374
1
1
1
1
1
1
1
1
1.78011
1
2.02382
1
1
1
1
0.999998
2.03198
1
1.95982
1
1.76106
1.95724
1
1
1
1
1
1
1
1
1
1
1
1
1
1
1
1
1
1
1
1
1
1
1
1
1
1
1
1
1
1
1
1
1
1
1
1
1
1
1
1
1
1
1
1
1
1
1.95875
1
1
1
1
1
1
1.96023
1
1
1
1
1
0.999944
1
1
1
1
1
1
1
1
1
1.2411
1
1
1
1
1
1
1
1
1.95915
1
1.96173
1
1
1
1
1
1
1.00008
1
1
1
1
1
1
1
1
1
1
1
1
1
1
1.96439
1
1
1.96289
1
2.03406
1
1
2.01346
1
1.97713
1.93982
1.96415
1
1.80325
1
1
1
1.9833
1
2.13421
1
1
1
1.8224
1
1.9509
1
1
1
1
1
1
1
1
1.76978
1.84853
1
1
1
1.01412
1
1
1.95886
1
1
1
1
1
1.96179
1
1
1
1
1
1
1
1
1
1
1
1.00338
1
1
1
1
1
1
1.95426
1.95288
1
1
1.96386
1
1
1
1
1
1
1
1
1
1
1
1
1.95824
1.35349
1
1
1
1
1.95815
1
1.99714
1
1
1
1
1
1.75967
1
1
1
1
1.96368
1.95878
1
1.95919
1
1.957
1
1.96163
1
1.96213
1
1.96625
1.97409
1
1
1
1
1
2.05038
1
1
1.96034
1
1
1
1
1
1
1
1.97591
1
1
1
1
1
1
0.999979
2.01609
1
1
1
1
1
1
1
1
1
1
1.95843
1
1
1
1
1
1
1
1
1
1
1.97672
1
1
1
1
1.93321
1
1
1
1.95759
1
1
1
1
1
1
1
1
1
1
1
1
1
1
1
1
1
1
2.01252
1
2.06327
1
1
1
1.96171
1
0.999915
1
1
1
1
1
1
1
1
1
1
1
1
1
1
0.999962
1
1
1
1
1
1
1
1
1
1
2.01528
1
1
1.96068
1
1
1
0.999968
1
2.02787
2.02134
1
1
1
1
1
1
1
1.96426
1
1.96155
1
1
1
1
1
1.95484
1
1
1
1
1
1
1.95211
1
1
1
1
1
1
1
1
1
1
1
1.96269
1
1
1
1
1
1
1
1
1
1
1.96046
1
1
1
1.95725
1
1
1.95463
1
1
1
1
1
1
1
1
1
1
0.999999
1.95792
1.09401
1
1
1
1
1
1
1
1
1
1
1
1
0.999929
1
1
1
1.96165
1
1
1
1
1
1
1
1
1
1
1
1
1
1.96011
1
1.96153
1
1
1
1.98975
1
1.95955
1
1
1
1
1
1
1
1
1.96541
1
1
1
1
1
1
1
1
1
1
1
1
1.84317
1
1
1
1
1
1
1
1
1
1
1
1
1
1
1.96255
0.999946
1
1.9824
1
1
1
1
1
1
1
1
1
1.95993
1
1.96021
1.96099
1
1
2.01179
1
1
1.95609
1
1
1
1
1
1
1
1
1
1
1.96052
1
1
0.999825
1
2.04376
1
1
1
1
1
1
1
1
1
1
1
1
1.97528
1.95768
1
1
1
1
1
1
1
1.96034
1
1
1.95376
1
1.2389
1
1
1
1
1
1
1
1
1
1
1
1
1
1.96416
1
1
1
1
1
1
1
1
1
1
1
1
1
1
1
1
1
1
1
1.99376
1.96014
1
1.99984
1.96343
1
1
1.96071
1
1
1
1
1
1
1
1
1
1.95882
1.96055
1.96142
1
1.96209
1
1.96702
1.96507
1
1
1
1
1
1.96285
1
1
1
1.95585
1
1.86448
1
1
1
1
1
1
1
1
1
1
1
1
1
1.96173
1.95837
1
1
1
1
1
1
1
1
1
1
1.83644
1
1.95966
1
1
1
1
1
1
1.96486
1
1
1
1
1
1
1
1
1
1
1
1.95564
1
1
1
1
1
1.85144
1
1.9593
2.01833
1
1
1
1
1.95973
1
1
1
1
1
1
1
1
1
1.96383
1
1.95568
1
1
1
1
1
1
1
1
1
1
1
1
1
1
1.87168
1
1
1
1.96396
1
1.96208
2.0474
1.96589
1
1.4729
1
1
1
1.95808
1
1
1.9591
1
1
1
1
1
0.999908
1
1
1.98187
1
1
1
1
1.95256
1
1
1
1
2.0456
1
1.96079
2.02062
1
1
1
1
1
2.0171
1
1
1
1
2.02685
1.94172
1.99962
1
1
1
1
1
1
1
1
1
1
1
1
1
1
1
1.9757
1
1
1
1
1
1.95876
1.81838
1
1
1.96535
1
1
1
1
1.95293
1
1
1
1
1
1.96055
1
1.37852
1
1
1.95963
1
1
1
1
1
1
1.82681
1.83368
1
1
1
1
1
1
1
1
1
1
1
0.999951
1
1
1
1.99671
1.96247
1
1.95852
1
1
1.9649
1
1
1
1
1
1.9606
0.999951
1.95638
1.08303
1
1.95911
1
1
1.95974
1
1
1
2.04479
1
1
1
1
1
1
1.96428
1
1.95698
1
1
1
1
1
1
1
1
1
1.986
1
1
1
1.95653
1
1
1
1
1
1
1
1
1.96068
1
1
1
1
1
1
1
1
1
1
1
1
1
1.78245
1
1
1
1
1
1
1
1
1
1.96472
1
1.95877
1
1
1
1.96205
1
1.96075
1
1.97263
1
2.00202
1
1
1
1
1.9581
1
1
1
1
1
1
1
1
1
1
1
1.00137
1
1
1
1
1
1
1
2.00318
1.96036
1
1.99635
1.96576
1
1
1
1.96096
2.16111
1
1
2.00031
2.01935
1
1
1
1
1.96375
1.96336
1
1
1
1
1
1
0.999985
1
1.82978
1
1
1
1
1
1
1
1
1
1
1
1
1
1.94452
1
1
1
1
1
1
1
1
1
1
1
1
1
1
1.96395
1.96275
1
1.96175
1
1
1
1
1.82566
1
1
1
1
1
1.96899
1.95643
1
1
1
1
1
1.98484
1
1
1
1
1.97742
1
1
1
1
1
1.95867
1
2.026
1
1
1
1
1.96824
1.96003
1
1
1
2.10646
1
1
1
1
1.034
1
1
1
1
1
1
1
1
1
1.95444
1
1
2.0148
1
1
1
1
1
1
1
2.02078
1
1
1
1
1
1
1
1
1
1
1
1
1
1
1
1.10228
1
1
1
1
1
1.75101
1
1
1
1
1
1
1
1
1
1
1
1
1
1
1.96119
1
1
1
1.95556
1
1
1
1
2.01842
1
1.95865
1.96577
1
1.95925
1
1
1
1
1
1
1
1.82759
1
1.95777
1
1
1
1
1
1
1
1
1
1
1
1
1
1.75258
1
1
1.96145
1
1
1
1
1.47878
1
1
1
1
1
1.95858
1
1
1.96271
1
1
1.95823
1
1
1.9594
1.95604
1
1
1
1
1
1
1
1
1
1
1
1
1.61972
1
1
1
2.11426
1
1
1.97592
0.999959
1
1
1
1
1.75182
1
1
1
1.96316
1.96343
1
1
1
1.9616
1
1.96556
1
2.09826
1
1
1
1
1
1
1.9577
1.96239
1
1
1.99103
1.99063
1
1
1
1
1
1
1
2.02871
1
1.96079
1
1
1
1
1
1
1.79515
1
1
1
1
1
1
1
1.96073
1
1
1
1
1.96043
1
1
1.84696
1
1
1
1
1
1
2.00139
1
1
1
1
1.99082
1
1
1
1
1
1
1
1
1
1
1
1
1
1
1
1
1
1
1.96274
1.87336
1
1.93617
1
1.80955
1
1
1
1.9587
2.09701
1.77114
1
1
1.9636
1
1
1
1
1
1
1
1
1
1
1
1
1
1
1
1
1
1.96018
1
1
1
1
1
1
1.96081
1
1
1
1
2.06769
1
1
1
1
1
1
1
1
1.81813
1
1
1.82028
1
1
1
1
1
1.98039
1
1
1
1
1
2.16841
1
1.9665
1
1
1
1
1
1
1
2.02406
1
1
1
1
1
1
1
1
1
1
1.83213
1
1
1
1
1
1.85034
1
1
1
1
2.06962
1
1
1
1
1.95925
1
1
1.95482
1.95493
1
1
1
1.96701
1
1.99501
1
2.00616
1.96064
1
1
1
1
1
1
1
1.97395
2.01721
1
1
1
1
1
1
1
1
1
1
1
1
2.01438
1
1
1.981
1
1
1
1
1.9571
1
1
1
1
1
1
1
1.96156
1
1
1
1
1
1.96313
1
1
1.96912
1
1
1
1
1.96158
1
1
1
1
1
1
1
1
1
1
1
1
1.9904
1.03534
1
1
1.76241
1.98046
1
1
1.96052
1
1
1
1
1
1
1
1
1.98454
1
1
1
1.96364
1.97572
1.96482
1
1.96293
1.96476
1
1
1
1
1
1
1
1
1
1.98505
1
1.9943
1.96055
1
1.96507
1
1
1
1
1
1
1.95965
1
1
1.07686
1
1
1
1
1.96319
1
1
1
1
1
1
1
1
1.96327
1
1
1
1.95375
1
1.95918
1.96248
1.96735
1
1
1
1
1
1
1.96163
1
1
1
1
1
1
1
1
1
1
1
1.95958
1.96861
1
2.02582
1
1
2.09747
1.95767
1
1
1.96159
1
1
1
1
1
1
1.95806
1
1.83731
1
1
1.96225
1
1.00005
1
1.96447
1
1.95574
1
1
1.09144
1
1
1
1
1
1
1
1
1
1
1
1
1
1
1
1
1
1
1
1
1
1
1.99185
1.99737
1
1
1
1
1
1
1
1
1.99834
1
1
1
2.02678
1
1.99856
1
1
1.95971
1.96167
1
1
2.01994
1
1
1.95775
1.85156
1
1
1.96158
1
1
1
1
1
1
1
1.96392
1
1
1
1
1
1
1
1
1
1
1
1
1
1
1
1.96571
1
1
1
1
1
1
1
1
1
1
1
1
1
1
1.96683
1
1
1
1
1
1
1
1
1.84364
1
1
1.96301
1
1
1
1
1.95767
1
1
1.94005
1
1
1.94292
1
1
1.82839
1
1
1
1.96407
1
1
1
1
1
1.82701
1
1
1
1
1
1
1
1
1
1
1
1
1
1.98979
1
1
2.0183
2.00321
1
1
1.9691
1
1
1
1
2.02705
1.97634
1
1
1
1
1
1
1.85068
1
1
1
1
1.81338
1
1
1
1.82393
1
1
1.84642
1.9674
1
1
1.00003
1
1
1.9606
1
1
1.80344
1.95793
1
1
1
1.96064
1
1
1
1
1
1
1.9622
1
1
1
1.96096
1
1
1.99839
1
1
1
1
1
1
1.96024
1
1.95983
1
1
1
1
1
1.98488
1
1
1.96535
1
1
1
1
1
1
1.95877
1
1
1
1
2.02248
1
1
1
1
1
1.96831
1
1.97756
1
1
1
1.92948
1
1
1
1.42764
1
1
1
1
1
1
1
2.00243
1
1
1
1
1.96479
1
1.96535
1
1.98519
1.99767
1
1
1
1
1
1
1
0.999988
1.96586
1
1
1
1
1
1
1
1.96482
1
1.95827
1
1
1
1
1
1
1
1
1
1
1
1
1
1
1
1
1
1
1
1
1
1
1
1
1
1
1
1
1
1
1
1
1
1
1.96247
1
1
1
1
1
1
1
1
1.96534
1.96682
1
2.02716
1
1
1
1
1.96478
1
1.96346
1.90451
1
1
1
1
1
1
1.14732
1
1
1
1.95965
1
1
1
1
1
1
1
1
1
1
1
1
1
1
1
1
1
1
1
1
1
1.95789
1
1
1
1
1
1
1
1
1
1
2.00612
1
1.95953
1
1
1
1
1
0.999994
1
1.96177
1
1
1
1
1
1
1
1
1
1
1
1
1
1
1
1
1.96115
1
1
1
1
0.999998
1
1
1
1
1
1
1
1
1
1
1
1
1
1
1
1
1
1
1
1
1
1
1
1
1
1
1
1
1
1
1
1
1
1
1
1
1
2.01176
1
1
1
1
1
1
1.95576
1
1
1
1
1.99313
1
1
1
1
1.95541
1
1
1
1.95741
1
1.95919
1
1
1
1
1.96006
1
1
1
1
1
1
1
1
1
1
1
1
1.95915
1
1
1
1
1
1.0234
1
2.04303
1
1
1
1.96649
1
1
2.0097
1
1
1
1.96381
1
1
1
1
1.9907
1
1
1
1
1
1.01772
1
1.9675
1.9652
1
1
1
1
1
1.9587
1
1
1.96507
1
1
1
1.97055
1
1
1
1.8083
1
1
1
1
1
1
1
1
1
1
1
1
1.96127
1
1
1
1
1
1
1
1
1.98429
1.76467
1
1
1
1
1
1
1
1
1
1
1.99429
1
1
1
1
1
1
1
1
1
1
1.96379
1.96088
1
1
1
1
1
1
1
1
1
1
1
1
1
1
1
1
1
1
1
1
1
1
1
1
1
1
1
1
1
1
1.94048
1.95239
1
1
1
1.77415
1.95898
1
1
1.98857
1
1.8449
1
1.96151
1
1.8474
1
1
2.22627
1
1
1
1
1.88623
2.00801
1
1
1
1
1
1
1
1
1
1
1
1
1
1
1
1
1
1
1
1
1
1
1
1
1
1
2.04295
1
1
1
1
1
1
1
1
1
1
1
1
1
1
1
1
1
1
1
1.99049
1
1
1
1
1
1
1
1
1
1
1
1
1
1.98996
1
1
1
1
1
1
1
1
1
1
1
1
1
1
1
1
1
1
1
1
1
2.0198
1.96068
1
1
1
1
1.96418
1
1
1
1
1
1
2.02047
1
1
1
1
1
1
1
1
1
1
1
1
1
1
1
1
1
1
1
1
1
2.06031
1
1
1.96242
1.96035
1
1
1
1
1
1
1
1
1
1.95813
1
1
1.96252
1.84877
1
1.83258
1
1
1
1
1.96049
1
1
1
1
1.99366
1
1
1
1
1.96785
1
1
1
1
1
1
1
1
1
1
1
1
1
1
1
1
1
1
1
1
1
1
1.96222
1
1
1.95274
1
1.95967
1.99243
1
1
1
1
1
1
2.00268
1.97927
1
1
1
1
1.96336
1
1
1.95992
1.80877
2.00398
1
1.82469
1
1
1.80624
1
1.95851
1
1
1
1.98602
1
1
1
1.99305
1
2.05004
1
2.05754
1.99985
1.82282
1
1
1.9622
1
1
1
1
1
1
1
1
1
1
1
1
1
1
1
1
1
1
1.99253
1
1
1
1.96643
1
1
1
1
1
1
1
1
1
1
1
1
1
1
1
1.9635
1
1
1
1
1
1
1
1
1
1
1
1
1
1
1
1
1
1.96247
1
1
1.98437
1
1.84017
1.96627
1.96219
1
1
1
1
1
1
1
1.96049
1
1
1
1
1
2.00795
1
1
1
1
1
1
1
1
1
1
1
1
1
1
1
1
1
1
1
1.96666
1.96234
1
1
1
1
1
1
1.99372
1
1.96833
1.36847
1
1
1
1
1
1
1
1
1
1
0.999858
1
1.96623
1
1
1.94019
1
1
1
1
1
1
1
2.00332
1
1
1
7.06463
1
1
1
1
1.96871
1
1
1
1
1
1
1
1.96539
1
1
1
1
1
1
1.99334
1
1
1
1
1
1.96631
1
1
1
1
1
1
1
1
1
1
1
1
1
1
1
1
1
1.96292
1
1
1
1
1
1
1
1
1
1
1
1
1
1.96204
1
1.96223
1
1
1
1
1
1
1
1
1.96506
1
1
1.93686
1
1
1
1
1
1
1
1
1.96159
1
1
1
1
1
1
1
1
1
1
2.03517
1.97441
1
1
1
1
1
1
1.9684
1
1
1
1.96109
1
1
1
1
1
1
1
1
1
1
1
1
1
1
1
1
1
1.9617
1
1
1
1.96138
1
1
1
1
1
1
1.95193
1
1
1
1
1.00005
1
1
1
1
1
1
1
1
1
1
1
1
1
1
1
1
1
1.96154
1
1
1
1
1
1
1
1.84101
1
1.9661
1
1
1
1.94665
1
1
1
1
1
1
1.96071
1
1
1
1
1
1
1.98395
1.98859
1
1
1
1
1.99229
1.98694
1
1
1
1
1
1
1.99341
1
1
1
1
1
1
1
1
1
1
1
1.9578
1
1
1
1
1
2.02034
1
1
1
1
1
1
1
1
1
1
1
1
1
1
1
1
1
2.13994
1.95046
2.00787
1
1
1
1
1
1
1.96313
1
1
1
1
1
1
1.96439
1
1
1
1
1.95735
1
1
1.97067
1
1
1
1
1
1
1
1
1
1
1.96709
1
2.00431
1
1.96439
1
1
1
1.96129
1.79257
1
1
1
1
1
1
1
1.96373
1.93748
1
1
1
1
1
1
1
1
1
1
1.9648
1
1
1
1
1
1
1
1
1
1
2.05839
2.02972
1.97625
1.96538
1
1.97664
2.03861
1.99358
1
1
1
2.07969
1
1
1
1
1
1
1.96354
1
1
1
1
1.95269
1
1
1
1
1
1
1
1
1
1
1
1
1
1
1
1
1
1
1
1
1
1
1
1.96934
1.9075
1.94171
1
1
1
1.99579
1
1
1
1
1.94318
1
1
1
1
1
1
1
1
1
1
1
1
1
1
1.97878
1
1
1
1
1
1
1
1
1
1.95197
1
1
1
1
1
1
1
1
1
1
1
1
1.96573
1
1.96654
1
1
1
1
1
1
1
1
1
1
1
1
1
2.00271
1
1
1
1
1
1
1
1
1
1
1.00029
1.99511
1
1
1
1
1
1
1
1
1
1
1
1
1
1
1
1.7557
1
1
1
1
1
1
1
1
1
1
1.97589
1
1.97703
1.94008
1
1.97082
1
1
1
1
1
1
1
1
1
1
1.75757
1
1.95943
1
1.95683
1
1
1
1
1
1
1
2.00987
1.96263
1
1
1
1
1
1
1
1
1.76656
1
1
1
1
1
1
1
1
1
1
1
1
1.96248
1.96294
1
1
2.06328
2.01407
1
1
1
1
1
1
1
1
1
1
1
1
1
1
1
1.98899
2.03794
1
1
1
1
1
1.96331
1
1
1
1
1
1
1
1
1
1
1.9859
1
2.01354
1
1.95952
1
1
1
1
1
1.95756
1
1
1
1
1
1
1
1.96147
1
1
1
1
1
1
2.01417
1
1
1
1
1
1
1
1
2.09471
1.94167
1
1
1
2.00758
1
1
1
1
1
1
1
1
1
1.96486
1.81125
1
1
1
1
1
1
1
2.02599
1
1
1
2.12736
1
1
1
1
1.96182
1
1
1
1
1
1
1
1
1
1.18084
0.999977
1
1
0.999994
1
1
1
1.95897
1
1
1
1
1.96453
1
1
1
1
1
2.01425
1
4.40198
1
1
1
1
1
1
1.97688
1
1
1
1
1
1.96219
1.7559
1
1.96439
1.95848
1
1
1
1
1
1
1
1
1
1
1
1
1
1
1
1
1
1.77638
4.18052
1
1
1
1.96102
1
1.96055
1
2.03202
1
1
2.00497
1
1
1
1.9577
1
1
1
1
1
1
1
1
1
1
1
1
1
1
1
1
1.95954
1
1
1.95833
1.98814
1
1
1.96303
1
4.00982
1.95982
1
1
1
1
1
1
1.98285
1
1.98636
1
1.98429
1
1
1
1.97509
1
2.00057
1
1
1
1
1
1
2.05461
1
1
1
1
1
1
1
1
1
1
1
1
1
1
1
1
1
1
1
1
1
1
1
1
1
1.95972
1
1
1
1
1
1
1
1
1
1
1
1
1
1
1.95814
1
1
1
1
1
1
1
1
1
1
1
1
1
1
1
1
1
1
1
1
1
1
1
1
1
1
1
1
1
1
1
1
1
1
1
1.97266
1
1
1
1
1
1
0.999958
1
1
1
2.00455
1
1
1.96017
1
1
1
1
1
1.95945
1
1
1
1
1
1
1
1
1
1
1
1
1
1
1
1
1
1
1
1
1
1
1
1
1
1
2.00509
1
1
1
1
1
1
1
1
1
1
1
1.962
2.10016
1
2.00179
1
1
1
1
1
1
1
1
1.84566
1
1
1
1.95649
1
1
1
1.97301
1
1.96442
1
1
1
1
1
1
1
1.96974
1
1
1.94883
1
1
1
1
1
1
1
1
1
1
1
1
1
1
1
1
1
1
1
1
1
1
1
1
1.94041
1
1
1
1
1
1
1.95523
1
1
1
1
1
1
1
1
1
1
1
1
1
1
1
1
1
1
1.95789
1
1
1.96308
1
1
1
1
1
1
1
1
1
1
1
1
1
1
1
1
1
1
1
1
1
1
1.95787
1
1
1
1
1
1.96848
1
1
1
1.97259
1
1
1.96044
1
1
2.02756
1.96072
1
1
1.96605
1
1
1
1
1
1
1
1.96789
1
1
1
1.96015
1
1
2.03956
1.96123
1
1
1
1
1.96185
1
1
1.95714
1
1
1
1
1.95903
1
1.96738
1
1
1
1
1
1
1
1
1
1
1
1
1
1
1
1
1
1
1
1
1
1
1
1
1
1
1
1
1
1
2.06103
1
1.95683
1
1
1
1.96723
1.95052
1
1
1
1
1
1
1.99324
1
1
1.96251
1
1
1
1
1.96853
1.94913
1
1
1
1.40636
1.95592
1.95109
1
1
1
1
1
1.95967
1
1
1
1.98038
1
1
1
1
1
1
1
1.96589
1
1
1.91546
1
1
1
1
1
1
1
1
1
1
1
1
1
1.96869
1
1
1
1
1
1.95748
1
1
1
1
1
1
1.96266
1
2.03575
1
1
1
1
1
1
1.96782
1
1
1
1
1
1.96585
1
1
1.96797
1
1.95796
1
1
1
1
1
1
1
1
1
1.9611
1
1
1
1
1
1
1
1
1
1.95916
1
1.65288
1
1
1
1
1
1
1
1
1
1
1
1
1
1
1
1.9769
1
1
1
1.50678
1
1
1
1
1
1
1
1
1
1
1.95997
1
1
1
1
2.003
1
1
1
1
1
1
1
1
1
1
1
1
1
1
1
1
1
1
1
1
1
1
1
1
1
1
1
1
1
1
1
1
1
1
1
1.95856
1
1.9611
1
1
1
1
1
1.87153
1
1
1
1
1
1
1.97229
1
1
1
1
1
1
1
1
1
1
1
1
1
1
1
1
1
1
1
1
1
1
1
1
1
1
1
1
1
1
1
1
1.96339
1
1
1
1.17657
1
1.98157
1.97201
1.63072
1
1
1
1
1.95477
1
1
1
1
1
1
1
1
1
1
1
1
1
1
1.50718
1
1
1
1
1
1
1
1.9682
1.98779
1
1
1
1.96794
1
1
1
1
1
1
1
1
1
1
1
1
1
1
1
1
1
1
1.89265
1
1
1
1
2.11028
1.51115
1
1
1.79386
1
1
1
1.95867
1
1
1
1.99611
1
1.99208
1
1
1
1
1
1
1.75839
1
1
1
1
1
1
1.99474
1.95789
1
1
1
1
1.96345
1
1.94938
1.96225
1
1
1
1
1
1
1
1
1
1
1.68311
1
1.96004
1
1
1
1
1
1.16925
1
1
1
1
1
1
1
1
1
1
1
1
1
1
1
1
1
1.91272
1
1
1
1
1
1
1
1.96178
1
1.97686
1
1
1
1
1
1
1
1
1.79541
1
1
1
1
1
1
1
1
1
8.46415
1
1
1
1
1
1
1
2.00142
1.95946
1
1
1
1
1
1
1
1
1
1
1
1
1
1.47204
1
1
1
1
1
1
1
1
1
1
1.9567
1
1
1
1
1
1
2.05899
2.08722
1
1
0.999764
1
1
1
1
1
1
1
1.99712
1
1
1
1
1
1
1
1
1
1
1.43953
1
1.537
1
1
1
1
1.54339
1
1
1
1
1
1
1
1
1.96931
1.97734
1
1
1.95846
1
1
1
1
1
1.95806
1
1
1
1
1
1
1
1
1
1
1
1
1
1.5086
1
1.83608
1
1
1
1
1
1
1
1
1
1
1
1
1
1
1
1
1
1
1
1
1.59844
1
1
1
1
1.96015
1
1
1
1
1
1
1
1.95799
1.96456
1
1.96243
1
1
1.96194
1
1
1.96379
1
1.95528
1
1
1
1.84505
1
1
1
1
1
1
1
1
1
1
1
1
1.96904
1.83773
1
1
1
1.96241
1
1
1
1
1
1
1
1
1
1
1
1
1
1
1
1
1
1
1
1
1.96942
1
1
1
1
1
1
1
1.97451
1
1
1
1.39199
2.10787
1
1
1
1
1
1
1
1
1
1
1
1
1
1
1
2.03918
1
1.96862
1
1
2.01133
1
1
1
1
1
1
1
1
1
1
1
1
1
1
1
1
1
2.01554
1
1
1
1
1
1
1
1
1
1
1.79726
1
1
1
1
1
1
1
1
1
1
1
1
1.87249
1
1
1
1
2.02799
1
1
1
1
1
1
1
1
1.44233
1
1
1.96148
1
1
1
1
1
1.97007
1.81221
1
1
1
1
1
1
1
1
1
1
1
1
1
1
1
1
1
1
1.96241
1
1
1
1
1
1.79651
1
1.84972
1.79565
1
1
1
1
1
1
1
1
1
1
1
1
1
1
1
1
1
1
1.95847
1
1
1
1
1
1
1
1
1
1.95913
1
1
1
1
1
1
7.90298
1
1
1
1
1
1
1.9673
1
1
1
1
1.96113
1
1
1
1
1
2.00475
1
1
1
1.90583
1
1
1
1
1
1.9576
1.96421
1
1
1
1
1
1
1
1
1
1
1
1
1
2.0048
1.93627
1
1
1
1
1.95902
1
1
1
1
1
1
1
1.96899
1
1.97088
1
1
1
1
1
1
1.95825
1
1.78983
1.79739
1
1.96238
6.60161
1
1
1
1
1.95681
1.96109
1
1
1
1
0.999923
1
1
1
1
1
1
1
1
1
1
1
1
1
1.95839
1
1.96367
1.95828
1
1
1
1
1
1
1
1
1
1
1.89671
1.95059
4.2975
1
1
1
1
1
1
1.95471
1.95786
4.29033
1
1
1
1
1
1.97309
1
1
1
1.97122
1
1.95769
1
1
1
1
0.999983
1
1
1.959
1
1
1
1
1
1.99375
1
1
1
1
1
1
1.00003
1
1
1
1
1
1
1
1.94625
1
1
1
1
1
1
1
1
1
1
1
1
1
1
1
1
1
1
1
1
1
1
1
1
1
1.95327
1
1
1
1
1
1
1
1.93542
1
1
1
1
1
1.97537
1
1
1
1
1.98857
1
1
1
1
1
1
3.62184
1
1
1
1
1
1
1.78337
1
1
1
1
1.99136
1
1
1
1
1
1
0.999952
1
1
1
1
1.51745
1.77404
1
1
1
1
1
1
1.00918
1
1
1
1
1
1
1
1
1
1
1.95611
1
1
1
1
1
1
1
1
1
1
1
1.94106
1
1
1
1
1
1
1
1
1
3.61388
1
1
1
1.95152
1
1.92936
1
1
2.08469
1
1
1
1
0.999803
0.999997
1
1
1
1
1
2.03394
1
1
1
1
1
1.95324
1
2.01724
1
1
1
1
1
1
1
1
1
1
1
2.04012
1
1.98148
1
1
1
1
1
1
1
1
1
1
1.96229
1
1
1
1
1
1
1
1
1
1
1
1
1
1
1
1
1
1
1
1
1
1.95944
1
1
1
1
1
1.93497
1
1
1
1
1
1
1
1.74725
1
1
1
1
1
1
1
1
1
1
1
1
1
1
1
1
1
1
1
1
1
1
1
1
1
1
1.02648
1
1
1
1
1
1.95305
1
1
1
1
1
1
1
0.999934
1
1
1
1
1
1
1
1
1
1
1
1
1
1
1
1
1.94527
1.31415
1
1
1
1
1
1
1
1
1
1
1
1
1
1
2.13155
1
1
1
1
1
1
1
1
1
1
1
1
1
1
1
1
1
1
1
1
1
1
1
1
1
1
1
1
1
1
1
1
1.96271
1
1
1
1
1
1
1
1
1
1
1
1
1.95769
1
1
1
1.96727
1
1.75302
1
1
1
1
1
1
1
1
1
1
1
1
1
1
1
1
1
1
1
1
2.03591
1
2.05602
1
1
1
1
1
1
1
1.95228
1
1
1.96113
1
1
1
1.70844
1
1.78199
1
1.9649
1
1
1
1
1
1.79539
1.95092
1
1
1
1.96501
1.96172
1
1
1
1
1.96516
1
1.99186
1
1.99956
1
1.96215
1
1
1
1
1
1
1
1
1
1
1
1.95701
1
1
1
1
1
1
1.88439
1.96074
1
1
1.99153
1
1
1
1
1
1
1.94599
1
1
1
1
1
1
1
1
1
1
1
1
1
1
1
1
1
1
1
1
1
1
1.98269
1
2.01953
1
1
1
1
1
1
1
1
1
1
1
1
1
1
1.96511
1
1.92651
1
1
1
1
1
1
1
1.96924
2.08661
0.999998
1
1.95913
1
1
1
1
1.65251
1
1
1
1
1
1
1.4773
1
1
1.79809
1
1
1
1
1
1
1
1.49673
1
1
1
1
1
1
1
1
1
1
1
1
1
1.81165
1
1
1
1.92989
1
1
1
1
1
1
1
1.95903
1.76497
1
1
1
1
1
1
1
1
1
1
1
1.79172
1
1
1
1
1
1.00808
1
1
1
1
1
1
1
1
1
1
1
1.96762
4.305
1
1
1
4.20699
1.97194
1.99828
1.95953
1
1
1
1
1
1
1.96701
1.61476
1
1
1
1
1
1
1
1
1.73293
1
1
1
1
1
1
1
1.95319
1
1
1
1
1
1
1
1
1
1
1
1
1
1
1
1
1
1
1
1
1
1
1
1
1
1
1
1.91854
1
1.67016
1
1
1
1
1
1
1
1
1
2.06976
1
1
1
1
1
1
1.76982
2.02521
1
1.86519
1
1
2.10839
1
1
1
1
4.66375
2.09257
1
1
1.81184
4.18443
1
1
1
1
1
1.93522
1
1
1.90879
1
1
1
1.70533
1
1
1
1
1
1
1.83576
2.14246
1
1
1
1
1
1.98291
1
1
1
1
1
1.07592
1
1
1
1.75529
1
3.63143
1
1
1
1
1
1
1
1
8.43784
1
1
1
1
1
2.03468
1
1
1
1
1
1
1.63918
1
1
1
1
3.24862
1
1
1
1.79576
1.81131
1
1.96022
1
1
1
1
1
1
1
1.53461
1.93227
1
1
1
1
1.96967
1
1.95522
1
1
1
1
1
1
1.99023
1
1
1
1
1
2.01456
1.37664
1
1
1
1
1
1
1.99959
1
1.76246
1
1
1
8.38455
0.999942
1
1
1.5656
1
1
1
1
1
1
3.31135
1.96234
1.96306
4.62841
1
1
1.85543
2.04567
1.91562
1
1
1
1.98037
1.95941
1
1
1
1
1.89344
1
1
1
1.87583
1
1
1
1
1
1
1
1
1
1
3.22425
1
1
1
1
1
1
1.9116
1
1
1
1
1
1.83397
1
1
1
1
1
1
1
1
1
1
1
1
1
1
1
1
1
1
1
1
1
2.02358
1.49319
3.65171
1.95502
3.86922
1.00003
1
1.96798
1
9.93095
1.82475
1
1.95678
1
1
1
1
0.999965
1
1
1
1
1
1
1
1
1
1
1.99793
1
1
1
1
1
1
1.78267
1
1
9.54319
2.05753
1
2.03216
1.97041
1
1
1.91261
1.77934
1
1.96963
1
1
1
1
1.55609
1
1
1
1
1
1
1
1
3.86585
1
1
1
1
1
1
1.71179
1
1
1
1.95627
1
1
4.02285
1
1
1
1
1.94131
1
1
1
1
1
1
1
1
1
1
1
1
1
1
1
1
1
1.95273
1
1.99824
1
1
1
1
1
1
1
1
1
1
1
1
1
1.53609
1
1
1
1.94434
1
1
1.95507
1
1
1.95336
1
1.9549
1
2.11931
1
1
1
2.06465
1
1
1
1.88212
1
1
1
1
1
1
1
1
1
0.999948
1
1
1
1
1
1.79727
1
1.74688
1
1
1
1.96583
1
1
1
1
1
1
1
1
1
1
1
1
1
1
1
1
1
1
1
1
1
1
1
1.7049
1
1
1
1
1
1
1
2.03687
1
1
1
1
1
1
1
1
1
1
1.94986
1.87373
1
1
1
1
1
1
1
1
1
1
1
1
4.14502
1.85932
1
1
1
1
7.51456
1
1
1.96841
1
1
1
1
1
1
1
1
1
1
1
1
1
1
1
1
1
1
1
1
1
1.53325
1
1.63444
1
1
1
1
1.58828
1
1
1.88033
1
1
1.93094
1
1
1
1
1
1
1
1
1.95776
1
1
3.95618
1
1
1
1
1.9637
1
1
1
0.999995
1
1
1
1
1
1
1
1
1
1
1
1
1
1
1
1
1
1
1
1
1
1
1
1
2.11533
1
1
1
8.5492
1
1
1
1
1.84445
1
1
1
1
1
1.96725
1
1
1
1
1
1
1
1
1
1.9543
1
1
1
1
1
1
1.97335
1
1
1
1
1
1
1
1.86757
1
1
0.999901
1
1
1.75036
1
2.00089
1
1
1
1
1
1
1
1
1
1.95449
1
1
1.96134
2.02454
1.7016
1.49081
1
1
1
1
1
1.97148
1
1
1
1
1
1
1
1
1
1
1.5825
1
1
1
1
1.96501
1
1
1
1
1
2.01412
1
1
1
1
1
1
1
1
1
1
1
1
1
1
1
1
1
1
1
1
1
1
1
1
1.33427
2.16873
1
1
1.85795
1.78039
1
1
1
1.5009
1
1
1
1
1
1
1
1
1
1
1
1
1
1
1
1
1
1
1
1
1
1
1
1
1
1
1
1
1
1
2.0181
1
1
1
1
1
1
1
1
1
1
1
1
1
1
1
1
1
1.80643
1.81535
1.84156
1
1
1
1
1
1
1
1
1
1
1
1
1
1
1
1
1
1
1
1
0.99992
1
1.94952
1
2.10913
1
1.96598
1
1
1
1
1
1
1
1
1
1
1
1
2.05494
1.9617
1
1
1
1
1
1
1
1
1
1.75142
1
1.97939
1
1
1
1
1
1
1
1
1
1.83298
1
1.95338
1
1
1.95409
1.05919
1
1.94666
1
1
1
1
1
1
1
1
1
2.02476
1
1
1
1
1
1
1
2.06577
1.96781
1
1.81616
1
1
1
1
1
1
1
1
1
1
1
1.9695
1
1
0.999949
1
1
1
1
1
1.95318
1
1
1
1
1
1
1
1
1
0.99906
1
1
1
1
1
1
1
1
1
1.76125
1
1
1
1
1
1
1.64855
1
1
1
1
1
1
1
1
2.09719
1
1
1
1
1
1
1
1
1
1
1
1
1.95762
1
1
1
1
1
2.14761
1
1
1
2.10924
1
1
1
1
1
1
1
1
1
1
1.96494
1
1
1
1
1
1
1
1
1
1
1
1
1
1
2.80377
1
1.96074
1.92529
1
2.03579
1
1
1
1
1
1
1
1
1
1
1
1
1
1
1
1.62037
1
1.82181
1
1.95948
1
1
1
2.01966
1
1
2.01344
1
1
1
1
1
1.82957
1.83439
1
1.80831
1
1
1
0.999986
1.94137
1
1.96685
1
1
1
1
1
1
1.80887
0.999994
1
1
1
1
1
1
1
1
1.91319
1
1
1
1
1
1
1
1
1.98529
1
1
1
1
1
1
1
1
1.9346
1.6544
1
1
1
1
1
1.95192
1.54224
1
1.95819
0.999775
1
1.95548
1.9218
1
1
1
1
1
1
1
0.999999
1.02732
1
1
1
0.999967
1
1
1
1
1
1
1
2.00399
1
2.02515
1.82995
2.09822
1.90732
1
1.96409
1
1
1
1
1
1.97909
1.97798
1.96853
1
2.03064
1.98779
1
1
1
1.96614
1
1
1.95993
1
1
1.96109
1.96503
1.96617
1
1
1
3.5287
1
1.8455
2.00273
1
1.54959
1.90887
1
1
1
1
1
1
1
1
1.74587
1.77068
1
1
1
1.96088
1
1
1
1
2.14379
1.84062
1
1.81594
1
1
1
1
1
0.999998
1
0.999833
1
1.23688
0.999993
1
1.97294
1
1.00043
1
1
1
1.60349
2.0479
1
1
1
1.74427
1
1
1
1
1.4753
1
1
1
1
1
1.96214
1
1
1
1
1
1.98688
1.83831
1.96083
1
1
1
1.99026
1.82563
1
1
1
1
1.75603
1
1
1
1
1
1
1
1
1
1
1
1
1
1
1
1
1
1
1
1
1
1
1
1
1
1
1
1
1
1
1.86313
1
1.95918
1
1
1
1
1
1
1
2.01892
1
1
1
1
1
5.93914
1
1
1
2.02484
1
1
1
1
1
1
10.1739
1
1
1
1
1
1.91392
1
1
1
1
1
1
1
1
1
1
1
1
1
1
1
1.93531
1
1
1
2.03423
1.02768
2.1559
1
1.36394
1
1
1
1
1
1
1
1
1
1
1
1
1
1
1
1
1
2.11555
1
1
1
1
1
1
1
1
1
1
1.03069
1
1
1.81975
1.88506
1
0.999812
1
1
2.01722
2.0594
1.5844
1
1.92114
1.65104
1.96914
2.07109
1.9291
1
1.95362
1
2.00208
1.73925
1
1
1
1
1
1
1.95556
1.95488
1
1
1.94399
1
12.7536
1
1
1.98435
1
1.95035
1
1
1
1
1
1
1
0.999678
1.81068
1
1
1
1.94825
1
1
1
1
1.81848
1
1
1
1
1.72083
1
1
1
1.58533
1
1
1
1
10.4442
1
1.82391
1
1.96149
1
1
1
1
1
1.7742
1.93824
1
1
1.31109
1
1
1
1
1
4.71843
1
1
1
1
1
1
4.08684
1
1.94582
1
1.49325
1
1
1
1
1
1
1.74861
1
2.02303
1
1
1.97033
1
1
1
1
1
1
1
1
1.80475
1
1
1
1
1
1
1.98023
1
1.73776
1
1.93035
1
1.89546
1
1
1
1
1.99574
1.96935
1
1.95439
1
1
1.76361
2.03414
1
1
1.74637
1
1.95137
1
0.999809
1
1
1
8.88304
1
1
1
1
1
1
4.41599
1
1.92103
1.67576
1.50865
1
1.94248
1
1
1
1
1
1
1
13.2474
1
1.95326
1.84475
1.94731
2.01467
1
1
1.97542
2.06444
2.00327
1
1
1
1.89002
1.82341
1.94131
1
1.88779
1.98215
1
1
1.1126
1.89208
1
1
1
1
1
1
1
1
1
1.80767
1.97972
1
1.31104
1
1.7178
1
1.50256
1.94703
1
1
1
1
1
1
1
1.81989
1
1
1
1
1
1.80744
1
1
1
1
1.34176
1
1
1
1
1
1.95256
1.96096
1
1
1
1.9902
1.96281
1
1
1
1.95773
1.95491
1.95734
1
1
1
1
1
1.84012
1
2.03587
1
1
1
1
1
1
1
1
1.76502
1
1
1
1
1
1
1
1.94774
1
1
1
1
1
1
1
2.02596
1
2.0135
1
1
1
1.84073
1
1
1
1
1
2.00704
1
1.82514
1.81337
2.04982
2.0562
1
1
1
1.72931
1
1
0.999786
1
1.93069
1.95589
1.87814
1
16.2827
1
1
1
1
1
1
1
1.84549
1
1
1
1
1
1
1
1
1
1
1
1.45965
1
1.96278
1
1
1.96665
2.08983
1
13.7696
1
1.79084
1
1
1
1
1
2.04386
1
1
1
1.96115
1
1
1
2.06133
1
1
1
1
1
1
1
1
1
1
16.3854
4.76609
1
1
1
1.938
1.75536
1
1
1
0.999993
1
1
1
1
1
1
1.88223
1
1
1
1
1.94135
1
1.84797
2.02513
1.97258
1.95977
1.96425
1.96915
4.89457
1
1
1
1
1.94934
1
1
1.90468
0.999809
1.98381
1.96072
1.80379
1
1.96528
1
1
1
1
1.96473
1
1
1.81341
1
1
1
1
1.99595
1
1
1
1
1
1
1
1
1
1
1
1
1
1
1
1
1.95711
1
1
1
1
1
1.96356
1
1
2.03963
1
1
1
1
1.85253
1
1
1.95412
1.99831
1
1
1
1
1
2.01599
1
1
1
1
1
1
1.80089
1
1
1
1
1
1
1
1
1
1
1
1
1
2.03716
0.999991
1
1.87886
1
2.0122
1.54757
1
1.90995
1
1
1
1
1
1
1
1
1
1
1
1
1.39707
1
1
1
1
1
1
1
1
1
1.9467
1
1
1
1
1
2.1176
1
1
1.82557
1
1
1
1
1
1
1
1.82879
1.78813
1
1.00485
1
1
1
1
1
1.55524
1
1
1
1
1.82697
1
1
1
1
1
1
1
1
1.93144
1
1.80514
1
1
1.31367
1
1
1
1
1
1
1
1
1
)
;

boundaryField
{
    back
    {
        type            empty;
    }
    front
    {
        type            empty;
    }
    outlet
    {
        type            zeroGradient;
    }
    top
    {
        type            zeroGradient;
    }
    inlet
    {
        type            fixedValue;
        value           uniform 1;
    }
    bottom
    {
        type            zeroGradient;
    }
}


// ************************************************************************* //
