/*--------------------------------*- C++ -*----------------------------------*\
  =========                 |
  \\      /  F ield         | OpenFOAM: The Open Source CFD Toolbox
   \\    /   O peration     | Website:  https://openfoam.org
    \\  /    A nd           | Version:  12
     \\/     M anipulation  |
\*---------------------------------------------------------------------------*/
FoamFile
{
    format      ascii;
    class       volScalarField;
    location    "28.9";
    object      T;
}
// * * * * * * * * * * * * * * * * * * * * * * * * * * * * * * * * * * * * * //

dimensions      [0 0 0 1 0 0 0];

internalField   nonuniform List<scalar> 
9801
(
0.774593
0.770678
0.771506
0.777074
0.788538
0.798908
0.802504
0.803355
0.803252
0.798936
0.794265
0.792558
0.792615
0.793001
0.793915
0.799303
0.809104
0.815211
0.818907
0.821023
0.821839
0.82038
0.815854
0.812373
0.811346
0.811641
0.812316
0.813372
0.816306
0.822416
0.829179
0.832701
0.833325
0.833182
0.831231
0.828028
0.826733
0.827003
0.827797
0.828962
0.83039
0.834727
0.841566
0.845178
0.846305
0.846807
0.845799
0.845599
0.846521
0.847924
0.849695
0.853233
0.859219
0.865082
0.868167
0.869542
0.870301
0.869651
0.865736
0.862867
0.862303
0.862501
0.863344
0.864749
0.867507
0.875941
0.886254
0.891501
0.894034
0.895266
0.895778
0.890341
0.879843
0.876038
0.876998
0.878805
0.881821
0.892192
0.908334
0.917873
0.922574
0.925362
0.927232
0.926208
0.915813
0.906585
0.905502
0.908707
0.91373
0.927909
0.946169
0.958648
0.969042
0.976756
0.978125
0.97061
0.950637
1.0842
1.50021
0.784743
0.783523
0.785862
0.787234
0.788298
0.792471
0.798629
0.801695
0.801006
0.799537
0.798714
0.798368
0.798376
0.799204
0.805116
0.809536
0.81215
0.815436
0.818392
0.820848
0.821795
0.820885
0.819557
0.81818
0.817577
0.818008
0.818969
0.822326
0.82623
0.82811
0.829867
0.831954
0.833756
0.835117
0.835272
0.833363
0.831573
0.831663
0.832727
0.834075
0.837524
0.842423
0.845191
0.847134
0.848299
0.848943
0.848975
0.848839
0.849277
0.850255
0.851686
0.8542
0.860758
0.867318
0.87088
0.872589
0.873608
0.874081
0.871371
0.86619
0.864431
0.865013
0.866372
0.867955
0.87066
0.879532
0.889983
0.89556
0.898234
0.899504
0.899508
0.89584
0.887503
0.881781
0.881859
0.884062
0.887025
0.896034
0.910618
0.919839
0.924722
0.928144
0.930873
0.93077
0.921722
0.913062
0.911367
0.914628
0.91961
0.929808
0.945454
0.958066
0.969361
0.978814
0.981145
0.973279
0.949662
1.07956
1.51965
0.787144
0.793563
0.800334
0.802761
0.802745
0.802301
0.802871
0.801339
0.799783
0.800136
0.801548
0.802528
0.803652
0.807633
0.815873
0.821376
0.823168
0.824201
0.825131
0.824826
0.822446
0.820973
0.821172
0.821904
0.823025
0.82454
0.827211
0.832413
0.835881
0.836337
0.836255
0.836853
0.838259
0.83925
0.839278
0.838781
0.838164
0.838638
0.839841
0.841399
0.845466
0.850748
0.853376
0.854807
0.855926
0.856943
0.857258
0.857131
0.85753
0.858225
0.859307
0.860789
0.865427
0.873075
0.877576
0.879894
0.881365
0.882445
0.88182
0.877058
0.873672
0.873904
0.875358
0.877303
0.879991
0.888046
0.898248
0.903847
0.906795
0.90855
0.909827
0.908673
0.901515
0.895803
0.895522
0.89772
0.90077
0.907838
0.921944
0.932629
0.938371
0.942574
0.945801
0.945975
0.939213
0.931156
0.928646
0.931529
0.937518
0.945836
0.961542
0.977602
0.990386
1.00243
1.00754
1.0036
0.982373
1.09771
1.55241
0.798559
0.81149
0.81688
0.819742
0.821545
0.820135
0.81138
0.8026
0.80073
0.801716
0.804335
0.808945
0.81391
0.819535
0.827458
0.832797
0.834466
0.834473
0.832012
0.828387
0.826632
0.827333
0.829027
0.831675
0.83451
0.836691
0.839313
0.843532
0.845982
0.846808
0.847165
0.847596
0.848012
0.847776
0.848155
0.849129
0.85009
0.850733
0.851784
0.85335
0.857324
0.86274
0.866147
0.868173
0.869585
0.870845
0.870601
0.86872
0.868374
0.868899
0.869997
0.871625
0.874952
0.883606
0.890556
0.893817
0.895687
0.897055
0.897666
0.893576
0.889044
0.888934
0.890742
0.893108
0.895801
0.901856
0.912072
0.919189
0.92332
0.92623
0.928336
0.928708
0.923016
0.917364
0.916829
0.919099
0.922419
0.927484
0.938886
0.950839
0.957876
0.962754
0.966735
0.968953
0.966434
0.959844
0.955431
0.955671
0.961339
0.969443
0.981634
0.99776
1.01204
1.02582
1.03365
1.03449
1.01992
1.13376
1.5927
0.810012
0.82675
0.831337
0.833955
0.833793
0.82765
0.819398
0.814392
0.812943
0.813342
0.81453
0.817466
0.823601
0.831838
0.838803
0.84218
0.842703
0.841436
0.840723
0.840216
0.839259
0.839828
0.842043
0.844387
0.846748
0.848707
0.850965
0.854736
0.857854
0.859734
0.861243
0.862684
0.863741
0.86245
0.860631
0.860739
0.862069
0.86361
0.865142
0.867117
0.872563
0.87942
0.883179
0.885208
0.886762
0.887976
0.88675
0.883437
0.882438
0.883258
0.884866
0.88684
0.889451
0.896911
0.905867
0.910387
0.912763
0.914403
0.91572
0.914619
0.909919
0.908069
0.909607
0.911996
0.914658
0.91829
0.926962
0.936031
0.941349
0.944832
0.947494
0.949598
0.947499
0.941496
0.939242
0.940786
0.943974
0.948005
0.955559
0.968458
0.978364
0.984039
0.98831
0.991586
0.991973
0.98724
0.981577
0.978993
0.981393
0.988607
0.998177
1.01248
1.02765
1.0407
1.04918
1.05228
1.04264
1.16203
1.62667
0.823448
0.838733
0.842147
0.841297
0.836492
0.833087
0.832311
0.831737
0.831263
0.832012
0.833612
0.835579
0.837191
0.839297
0.84381
0.848244
0.85109
0.853497
0.855641
0.857533
0.857774
0.856895
0.857051
0.85768
0.857768
0.858368
0.860284
0.865966
0.872283
0.875724
0.877536
0.879071
0.880468
0.879563
0.875406
0.873563
0.874656
0.87675
0.879149
0.882241
0.889459
0.897683
0.901368
0.902936
0.904333
0.905321
0.904269
0.900309
0.897479
0.897641
0.899442
0.901735
0.904245
0.909675
0.919334
0.925601
0.928893
0.931269
0.933259
0.934794
0.931789
0.927186
0.926171
0.927786
0.930106
0.932942
0.938852
0.94971
0.957124
0.960993
0.963857
0.966431
0.967623
0.962775
0.957805
0.956946
0.959461
0.963408
0.968259
0.978239
0.990577
0.998777
1.00428
1.0082
1.01045
1.00778
1.00168
0.997671
0.997018
1.00059
1.00778
1.01778
1.03108
1.04301
1.05102
1.05555
1.05194
1.18628
1.65041
0.835912
0.842386
0.844015
0.843615
0.843884
0.845543
0.847944
0.850378
0.851795
0.85245
0.852904
0.852194
0.848308
0.846413
0.847082
0.851169
0.859259
0.866628
0.870717
0.873148
0.874944
0.874674
0.872715
0.869045
0.867001
0.867247
0.868598
0.873487
0.883778
0.88993
0.892306
0.893832
0.895173
0.89526
0.891713
0.887589
0.886833
0.888334
0.89052
0.893714
0.901318
0.911231
0.915967
0.917849
0.919271
0.920565
0.920857
0.917355
0.912198
0.910111
0.911087
0.913404
0.916195
0.920639
0.930044
0.93796
0.941846
0.944412
0.946683
0.94881
0.949055
0.943407
0.939394
0.938593
0.940077
0.942677
0.946726
0.957058
0.967561
0.972968
0.975989
0.978551
0.980774
0.979261
0.973476
0.969747
0.969259
0.971957
0.975883
0.981454
0.992797
1.00491
1.01242
1.01728
1.02101
1.02245
1.01825
1.01276
1.00954
1.00949
1.01308
1.02005
1.02983
1.04134
1.04958
1.05445
1.05456
1.20406
1.66575
0.845307
0.842113
0.842831
0.845687
0.851058
0.857365
0.863023
0.866174
0.868277
0.869267
0.866647
0.858883
0.854209
0.85347
0.853951
0.857527
0.865863
0.874363
0.880441
0.884029
0.886808
0.887768
0.882475
0.876595
0.875279
0.876003
0.877317
0.881052
0.890734
0.899028
0.902917
0.905048
0.906622
0.907825
0.906303
0.900881
0.898524
0.899098
0.90082
0.902983
0.908532
0.919356
0.926176
0.928747
0.930206
0.931524
0.932849
0.931849
0.92552
0.921187
0.920383
0.921838
0.924258
0.927791
0.936246
0.946601
0.952397
0.955169
0.957335
0.959412
0.960885
0.956807
0.949218
0.945456
0.945519
0.947774
0.950973
0.958745
0.971794
0.980203
0.984568
0.987499
0.990149
0.990917
0.986379
0.981319
0.978948
0.978503
0.980272
0.983364
0.989
1.00146
1.01351
1.02111
1.0264
1.03071
1.03196
1.02725
1.02149
1.01852
1.0189
1.02189
1.0278
1.03684
1.0457
1.0516
1.05483
1.21612
1.67467
0.847866
0.844204
0.845091
0.849548
0.858481
0.867905
0.87326
0.876279
0.878417
0.876825
0.868462
0.862296
0.860842
0.86118
0.863022
0.868694
0.877506
0.884176
0.888364
0.891742
0.8936
0.891077
0.884888
0.882745
0.883374
0.884593
0.886466
0.891323
0.899472
0.906087
0.910059
0.912497
0.914233
0.915705
0.915985
0.911416
0.907936
0.90789
0.909236
0.9109
0.913946
0.923566
0.932802
0.936677
0.938582
0.940065
0.941611
0.942084
0.937036
0.930361
0.927947
0.928175
0.929865
0.932184
0.937975
0.949965
0.958953
0.963413
0.965704
0.967506
0.969091
0.966828
0.957726
0.951295
0.949473
0.950605
0.953017
0.95751
0.969885
0.982925
0.989537
0.993306
0.996345
0.998879
0.997494
0.992149
0.987793
0.985005
0.983422
0.984425
0.987397
0.994485
1.00895
1.022
1.03033
1.03588
1.03964
1.03929
1.03488
1.02952
1.02599
1.02547
1.02712
1.03136
1.03917
1.04662
1.05365
1.22619
1.68059
0.850338
0.848957
0.851381
0.859513
0.870439
0.877103
0.880475
0.882798
0.881585
0.873231
0.867859
0.867101
0.867913
0.869327
0.874876
0.884504
0.890395
0.893562
0.896042
0.897289
0.894129
0.888116
0.886123
0.88686
0.888233
0.890295
0.894346
0.901911
0.909246
0.913779
0.916424
0.918175
0.919316
0.920365
0.921332
0.918753
0.914594
0.913823
0.914851
0.91638
0.918459
0.92579
0.936977
0.94291
0.945364
0.946965
0.948312
0.94916
0.946291
0.938312
0.933859
0.933052
0.933705
0.935275
0.938202
0.948329
0.961243
0.967792
0.970784
0.97277
0.974564
0.974639
0.966824
0.95743
0.953957
0.954126
0.955724
0.95788
0.964746
0.980062
0.991398
0.996854
1.00079
1.00428
1.00661
1.00388
0.996803
0.99083
0.987747
0.987426
0.988911
0.992051
1.00054
1.0162
1.02946
1.03782
1.04372
1.04703
1.04615
1.04174
1.03607
1.03113
1.02765
1.02765
1.0301
1.03887
1.05087
1.23709
1.68536
0.853998
0.855158
0.862318
0.874806
0.881434
0.884462
0.886615
0.885441
0.876242
0.870332
0.869753
0.870722
0.872404
0.878361
0.890611
0.897236
0.899573
0.901079
0.90102
0.895873
0.889951
0.887484
0.887867
0.889143
0.891263
0.895612
0.902151
0.908372
0.914343
0.918472
0.920536
0.921505
0.92214
0.923503
0.925172
0.924238
0.919631
0.917776
0.918571
0.920144
0.922042
0.926891
0.938522
0.946441
0.949619
0.951212
0.952358
0.953384
0.95289
0.946386
0.939214
0.936679
0.936525
0.937678
0.939576
0.944907
0.959139
0.969964
0.974315
0.976727
0.978599
0.979825
0.975783
0.965347
0.959578
0.9589
0.960035
0.961677
0.963971
0.973027
0.988561
0.99911
1.00498
1.0091
1.01224
1.01387
1.00978
1.00113
0.994631
0.991629
0.991188
0.99288
0.99718
1.00853
1.02492
1.03774
1.04525
1.04989
1.05126
1.04981
1.04652
1.04064
1.03226
1.02502
1.02327
1.02823
1.04349
1.24766
1.68927
0.858255
0.863396
0.878084
0.8862
0.888904
0.890436
0.889289
0.879726
0.87212
0.87088
0.87176
0.87327
0.878446
0.890971
0.900872
0.905017
0.906404
0.905943
0.898938
0.892775
0.890824
0.890538
0.891252
0.89419
0.900227
0.904982
0.906993
0.90927
0.914782
0.919565
0.921721
0.922902
0.92483
0.927203
0.929221
0.929928
0.925537
0.921792
0.921485
0.922648
0.924261
0.926843
0.936295
0.947185
0.951529
0.953255
0.954332
0.955241
0.955848
0.953749
0.945926
0.94063
0.939722
0.940415
0.942005
0.94449
0.953599
0.968872
0.97686
0.979902
0.981805
0.983326
0.98292
0.975005
0.966528
0.963802
0.964199
0.965663
0.967456
0.970345
0.981222
0.997695
1.00792
1.01298
1.01668
1.01973
1.02049
1.01402
1.00342
0.996404
0.994568
0.995804
0.998604
1.00483
1.0173
1.03268
1.04338
1.04888
1.05186
1.05235
1.05125
1.04915
1.04207
1.02988
1.0215
1.02109
1.02917
1.25365
1.6916
0.861106
0.876303
0.889416
0.893749
0.895217
0.894744
0.885598
0.876316
0.8738
0.873859
0.8756
0.882321
0.891322
0.898606
0.904117
0.90675
0.906008
0.900142
0.895517
0.894764
0.895198
0.896749
0.900802
0.905364
0.90864
0.909822
0.908214
0.907507
0.909628
0.916818
0.923126
0.926803
0.929546
0.932258
0.934589
0.936154
0.932669
0.92594
0.923605
0.923844
0.925192
0.927048
0.932083
0.944063
0.951929
0.954297
0.955242
0.95601
0.957437
0.958865
0.955262
0.947345
0.944151
0.944398
0.945773
0.947402
0.950376
0.962375
0.976155
0.981598
0.983818
0.985541
0.987062
0.984688
0.976155
0.970306
0.968906
0.969671
0.971548
0.973874
0.978043
0.989805
1.00569
1.01497
1.01918
1.02159
1.02262
1.02266
1.01702
1.00753
1.00195
1.00101
1.00276
1.00604
1.01223
1.02411
1.03743
1.04535
1.04918
1.05152
1.05237
1.05229
1.05001
1.04026
1.02705
1.02067
1.01654
1.25305
1.69249
0.869313
0.884255
0.892439
0.895537
0.895288
0.888569
0.881445
0.878597
0.878126
0.880912
0.888465
0.895429
0.898773
0.900085
0.900125
0.899202
0.898509
0.897124
0.897338
0.899553
0.904958
0.910726
0.913995
0.914688
0.913543
0.909762
0.905535
0.904628
0.905983
0.911973
0.92415
0.932151
0.936604
0.938993
0.940698
0.94197
0.939004
0.929425
0.924472
0.924659
0.926145
0.928269
0.930475
0.936715
0.948162
0.954209
0.9561
0.957299
0.959158
0.961544
0.96273
0.957292
0.950425
0.948626
0.948779
0.949662
0.951046
0.955318
0.96966
0.981018
0.985166
0.987662
0.989856
0.9914
0.987688
0.980104
0.97637
0.97628
0.978066
0.979849
0.980848
0.983427
0.99335
1.00867
1.01723
1.02106
1.02413
1.02672
1.02687
1.02158
1.01342
1.00871
1.00806
1.01041
1.01354
1.01819
1.02831
1.03854
1.04454
1.0482
1.05142
1.05317
1.05267
1.0484
1.03603
1.02344
1.01388
1.24787
1.69329
0.878024
0.885527
0.889848
0.890639
0.887742
0.88401
0.883811
0.884858
0.889421
0.895391
0.899346
0.90163
0.901944
0.896392
0.891158
0.891238
0.895187
0.899316
0.903668
0.91132
0.918722
0.922392
0.923938
0.922912
0.915409
0.905823
0.902876
0.903387
0.905148
0.90989
0.923871
0.938495
0.943325
0.944942
0.945598
0.944897
0.939568
0.931322
0.927164
0.927191
0.928935
0.930941
0.932396
0.933819
0.939374
0.950513
0.95661
0.959482
0.962141
0.964836
0.967113
0.966416
0.958386
0.952424
0.950713
0.950634
0.95183
0.953759
0.960923
0.976471
0.986033
0.989888
0.992684
0.995163
0.996171
0.992453
0.986861
0.983903
0.983106
0.982695
0.982274
0.983002
0.985246
0.995429
1.01177
1.02162
1.02644
1.02968
1.03091
1.03011
1.02607
1.01982
1.01573
1.01513
1.01594
1.01778
1.02103
1.0291
1.03842
1.04467
1.04954
1.05299
1.05361
1.05187
1.04392
1.02957
1.01537
1.2399
1.69459
0.882655
0.882751
0.880838
0.88172
0.884136
0.886096
0.889487
0.898248
0.903904
0.905921
0.905974
0.904747
0.897094
0.888719
0.886354
0.887215
0.891111
0.902457
0.916512
0.925822
0.929107
0.930491
0.930904
0.927754
0.914672
0.905435
0.904082
0.905076
0.907106
0.912839
0.927808
0.940895
0.94576
0.947307
0.946147
0.941799
0.938406
0.934883
0.932056
0.931734
0.933465
0.935436
0.93497
0.93396
0.935187
0.942451
0.954808
0.961861
0.965636
0.968229
0.970313
0.971447
0.966079
0.956161
0.951736
0.951556
0.953053
0.954928
0.957738
0.968335
0.983448
0.991106
0.994575
0.997359
1.00034
1.00175
0.998593
0.992738
0.98787
0.984757
0.983172
0.982648
0.983598
0.986505
0.999144
1.01549
1.02478
1.02976
1.03279
1.03346
1.03269
1.03002
1.0254
1.02141
1.01824
1.01697
1.01776
1.02113
1.0301
1.03995
1.04698
1.05181
1.05294
1.05271
1.04862
1.0366
1.0229
1.2319
1.69647
0.883205
0.876071
0.874811
0.876739
0.881985
0.890695
0.903109
0.90977
0.912109
0.913213
0.911606
0.901731
0.890768
0.887093
0.887384
0.888488
0.891381
0.905304
0.924723
0.931702
0.933633
0.934407
0.932057
0.922725
0.913627
0.908398
0.907102
0.908721
0.914359
0.921879
0.929609
0.938552
0.943007
0.943159
0.939648
0.938315
0.939239
0.940429
0.939442
0.938187
0.93828
0.937829
0.93586
0.934525
0.935139
0.937796
0.948709
0.961779
0.967746
0.970134
0.971568
0.972362
0.970553
0.961712
0.954982
0.954324
0.95604
0.958354
0.960836
0.96432
0.974641
0.987179
0.994181
0.998202
1.00123
1.00417
1.00655
1.00511
0.997674
0.989429
0.984443
0.982829
0.983153
0.984652
0.989994
1.00308
1.01703
1.02558
1.03013
1.03249
1.03438
1.03477
1.03384
1.03008
1.0237
1.01776
1.01528
1.01653
1.02137
1.03161
1.04191
1.0484
1.05098
1.05101
1.0503
1.04229
1.03313
1.22577
1.6986
0.879199
0.873266
0.873593
0.875415
0.881873
0.900259
0.911525
0.914297
0.915552
0.915977
0.909593
0.89708
0.890616
0.889529
0.890224
0.893981
0.903009
0.91496
0.926134
0.932712
0.934606
0.931801
0.924609
0.919746
0.91635
0.91395
0.914569
0.919377
0.924894
0.927134
0.928036
0.929113
0.933381
0.936689
0.937727
0.938958
0.942315
0.946249
0.948159
0.946119
0.942108
0.938416
0.935654
0.93473
0.935429
0.937162
0.94234
0.957098
0.967478
0.970334
0.97163
0.972977
0.974065
0.970161
0.962833
0.9605
0.961781
0.963721
0.965237
0.965992
0.96796
0.975667
0.987892
0.996566
1.0019
1.00643
1.00986
1.01204
1.00921
0.998802
0.989175
0.98503
0.984807
0.986628
0.989921
0.993924
1.00336
1.01524
1.02355
1.02903
1.03315
1.03605
1.03822
1.0373
1.03207
1.0226
1.01507
1.01333
1.01597
1.02185
1.03303
1.04248
1.04745
1.04851
1.04931
1.04592
1.04011
1.22296
1.7004
0.87693
0.874682
0.875502
0.877973
0.89038
0.90587
0.912976
0.915566
0.916123
0.911229
0.903311
0.897206
0.893646
0.893833
0.898338
0.906802
0.912949
0.917203
0.922665
0.925551
0.924652
0.92078
0.919281
0.920413
0.921824
0.923672
0.925662
0.927845
0.929243
0.927358
0.921651
0.91923
0.922016
0.930901
0.938425
0.943662
0.949092
0.952735
0.954552
0.953882
0.947633
0.940316
0.936306
0.93511
0.9357
0.937305
0.939779
0.948965
0.964212
0.971466
0.97404
0.976037
0.977465
0.977708
0.973563
0.968501
0.966978
0.967087
0.967083
0.966641
0.966785
0.968585
0.975261
0.990271
1.00293
1.00852
1.01127
1.01356
1.01478
1.01184
1.00163
0.992775
0.989561
0.98954
0.990608
0.992356
0.99532
1.00218
1.01392
1.02426
1.03145
1.03642
1.03921
1.04037
1.0382
1.03125
1.01923
1.01319
1.01331
1.01691
1.02309
1.0343
1.04236
1.04606
1.04725
1.047
1.04379
1.22337
1.70146
0.877388
0.877963
0.880649
0.887567
0.89871
0.907469
0.911307
0.912182
0.908419
0.904462
0.902533
0.900847
0.901406
0.905104
0.911001
0.914388
0.915231
0.913766
0.911674
0.913386
0.917345
0.919239
0.920993
0.925212
0.932176
0.936173
0.936363
0.933729
0.928545
0.919778
0.915324
0.915418
0.917725
0.924761
0.938773
0.951147
0.957175
0.959095
0.959924
0.959183
0.95362
0.943757
0.937643
0.936288
0.937133
0.938818
0.940946
0.944721
0.956544
0.970423
0.976509
0.978768
0.980416
0.982363
0.983318
0.98025
0.975232
0.971788
0.969788
0.968667
0.967642
0.967568
0.969071
0.975832
0.993403
1.00617
1.01124
1.01435
1.01736
1.01791
1.01454
1.00464
0.995258
0.991417
0.991394
0.992598
0.993719
0.996023
1.00246
1.01611
1.02799
1.03513
1.03894
1.04055
1.0409
1.03849
1.02841
1.01773
1.01476
1.01569
1.01832
1.0253
1.03559
1.04146
1.04384
1.04416
1.04578
1.22594
1.70199
0.880456
0.88318
0.886858
0.892495
0.900061
0.905097
0.906443
0.904665
0.902149
0.902608
0.904286
0.908796
0.913477
0.916186
0.917539
0.917053
0.910397
0.902463
0.900412
0.902969
0.911732
0.920577
0.928905
0.937355
0.941497
0.943231
0.94316
0.937203
0.922313
0.913652
0.912304
0.913708
0.916079
0.920999
0.937756
0.955785
0.961295
0.962859
0.963589
0.963021
0.959692
0.950534
0.942109
0.939771
0.941126
0.944042
0.946792
0.948127
0.950042
0.960522
0.972704
0.978136
0.98161
0.985351
0.988901
0.991011
0.988521
0.981033
0.974697
0.971247
0.969034
0.968421
0.969104
0.970842
0.978821
0.997002
1.01023
1.0155
1.01811
1.01881
1.01842
1.01501
1.00572
0.99823
0.995071
0.994649
0.994662
0.995376
0.997657
1.0049
1.02037
1.03172
1.03758
1.04055
1.04132
1.04086
1.0372
1.0272
1.01986
1.01787
1.01821
1.01953
1.027
1.03483
1.03839
1.0391
1.04501
1.23097
1.70287
0.884765
0.887037
0.889253
0.892397
0.895936
0.899472
0.901626
0.902818
0.90391
0.906605
0.91325
0.919141
0.922301
0.922618
0.92024
0.910437
0.90002
0.896602
0.897179
0.899586
0.907163
0.924788
0.941941
0.947729
0.94923
0.948813
0.944567
0.931848
0.919171
0.914257
0.913945
0.915365
0.919354
0.92792
0.940799
0.954931
0.962122
0.963756
0.961697
0.959561
0.959537
0.959251
0.954135
0.949457
0.949005
0.950286
0.950482
0.949633
0.94952
0.951068
0.960827
0.974226
0.983125
0.989381
0.99317
0.995946
0.996933
0.991745
0.98074
0.973795
0.97127
0.970723
0.97094
0.972168
0.975022
0.982454
0.998229
1.01002
1.01514
1.01716
1.01741
1.01772
1.01595
1.00968
1.00384
1.00001
0.997243
0.995723
0.995475
0.998307
1.00937
1.02547
1.0355
1.04057
1.04279
1.04287
1.04213
1.03739
1.02952
1.02344
1.01996
1.01888
1.01955
1.02581
1.03206
1.03482
1.04459
1.23879
1.70578
0.888744
0.889263
0.889099
0.888807
0.88978
0.893679
0.89928
0.904714
0.912601
0.919703
0.922911
0.924622
0.926022
0.924609
0.91323
0.900539
0.895467
0.895391
0.896837
0.899151
0.908323
0.932648
0.947279
0.951126
0.952393
0.950718
0.940792
0.929891
0.922143
0.918315
0.918772
0.923764
0.932142
0.938159
0.941524
0.946258
0.953125
0.956927
0.958305
0.959894
0.962985
0.966429
0.968096
0.963533
0.957244
0.953677
0.950742
0.948506
0.948691
0.949597
0.951833
0.96567
0.984048
0.991729
0.994771
0.997374
0.997393
0.994729
0.989963
0.982073
0.976597
0.97428
0.974051
0.974532
0.976139
0.978067
0.982324
0.994916
1.00706
1.01378
1.01708
1.01948
1.02088
1.02027
1.01549
1.00782
0.999855
0.995045
0.994266
0.996391
1.0014
1.01526
1.03055
1.03963
1.04396
1.04462
1.04442
1.0434
1.03949
1.03332
1.02661
1.02112
1.01803
1.01727
1.02351
1.03081
1.04499
1.24789
1.70908
0.889062
0.885812
0.885599
0.886472
0.888556
0.891355
0.897242
0.911784
0.923801
0.927899
0.929178
0.928857
0.923926
0.914276
0.904266
0.897833
0.896264
0.896802
0.899107
0.906985
0.920292
0.935167
0.946698
0.950704
0.949552
0.941535
0.934987
0.931714
0.929248
0.928568
0.931607
0.936723
0.940101
0.941786
0.940489
0.937778
0.939321
0.947426
0.956418
0.962844
0.968817
0.973349
0.976161
0.975596
0.967484
0.956156
0.950006
0.949015
0.949797
0.950877
0.95347
0.960836
0.975455
0.987151
0.991834
0.993856
0.993685
0.993593
0.995001
0.994041
0.988013
0.98189
0.978501
0.977137
0.976812
0.976524
0.976755
0.980695
0.993388
1.0076
1.01649
1.0211
1.02361
1.02399
1.02381
1.01699
1.00754
0.99967
0.996751
0.997444
1.00089
1.00663
1.0201
1.03426
1.0422
1.04501
1.04479
1.04424
1.04417
1.04215
1.03768
1.02965
1.0214
1.01535
1.01418
1.0226
1.04375
1.25772
1.71137
0.886477
0.885117
0.886142
0.888092
0.890952
0.89631
0.906164
0.917823
0.92588
0.929615
0.930444
0.925801
0.91609
0.908034
0.902897
0.899778
0.898909
0.901885
0.912065
0.921853
0.926964
0.931078
0.936319
0.938536
0.937881
0.936135
0.935891
0.935947
0.938115
0.943258
0.947128
0.947798
0.946423
0.941826
0.935465
0.933407
0.934622
0.938629
0.950114
0.964664
0.973547
0.977862
0.980222
0.981174
0.976683
0.963369
0.95396
0.952591
0.954262
0.957992
0.962915
0.965477
0.966817
0.971539
0.979632
0.986819
0.991958
0.996291
0.999934
1.00292
1.00336
0.997427
0.988779
0.981985
0.977182
0.974969
0.9755
0.978191
0.983056
0.996276
1.01124
1.01972
1.02272
1.02317
1.02233
1.02121
1.01883
1.01175
1.00472
1.00267
1.00339
1.00593
1.01009
1.02059
1.03352
1.04109
1.04332
1.0436
1.044
1.04507
1.04527
1.04188
1.03204
1.01963
1.01124
1.00978
1.03488
1.26695
1.71317
0.887593
0.887176
0.889552
0.894747
0.902087
0.909002
0.913883
0.917776
0.922024
0.923309
0.920289
0.914997
0.911102
0.909149
0.906513
0.905524
0.908686
0.91716
0.924787
0.928147
0.9291
0.925399
0.921574
0.923607
0.929975
0.935387
0.939143
0.94494
0.951024
0.954561
0.955566
0.955086
0.950862
0.940517
0.933735
0.932517
0.933513
0.935939
0.943093
0.9611
0.974669
0.978676
0.979512
0.977515
0.97552
0.972856
0.967492
0.964824
0.965458
0.966802
0.967586
0.966104
0.961101
0.959088
0.961841
0.973423
0.989647
1.0005
1.00672
1.01062
1.01251
1.01119
1.00284
0.989522
0.980506
0.97762
0.978522
0.982212
0.986399
0.990133
0.997828
1.01041
1.01785
1.02
1.02123
1.02386
1.02574
1.02493
1.0179
1.01028
1.00688
1.00603
1.00684
1.00904
1.01706
1.03008
1.03849
1.04126
1.04241
1.04437
1.04762
1.04863
1.04533
1.03119
1.01428
1.00465
1.01743
1.26954
1.71296
0.893024
0.895646
0.902304
0.90844
0.912269
0.914577
0.915415
0.912273
0.907277
0.906981
0.91071
0.913353
0.914254
0.913989
0.914793
0.918805
0.924969
0.929143
0.930897
0.930717
0.924786
0.916988
0.914389
0.915805
0.921422
0.932114
0.943932
0.954786
0.961068
0.962673
0.961316
0.95829
0.952332
0.942999
0.936603
0.936099
0.938184
0.940634
0.942591
0.949602
0.963215
0.970605
0.972862
0.97449
0.977864
0.981958
0.984151
0.981743
0.977285
0.973042
0.968018
0.960511
0.954927
0.952995
0.953529
0.958482
0.978668
0.999954
1.00937
1.01328
1.01438
1.01312
1.01042
1.00264
0.991461
0.986099
0.986243
0.988475
0.989547
0.988774
0.988947
0.995105
1.00774
1.01628
1.02172
1.02697
1.03014
1.03137
1.02913
1.02018
1.01185
1.00755
1.00591
1.00599
1.00632
1.01368
1.02764
1.0366
1.04019
1.04245
1.04675
1.05036
1.05106
1.04543
1.02592
1.00618
1.00413
1.26363
1.71068
0.902404
0.911687
0.916241
0.918423
0.918192
0.916422
0.908258
0.89889
0.89598
0.897657
0.904622
0.91374
0.918706
0.923285
0.928714
0.933485
0.935842
0.935822
0.934177
0.927573
0.918844
0.914373
0.913504
0.91455
0.917014
0.924812
0.943295
0.958294
0.964232
0.966447
0.966832
0.964527
0.957623
0.948645
0.943808
0.943644
0.944184
0.943663
0.942976
0.942693
0.945574
0.955426
0.966491
0.976752
0.986001
0.99153
0.994398
0.994468
0.988847
0.97695
0.964595
0.956181
0.952108
0.95168
0.952965
0.958131
0.969129
0.988686
1.00517
1.01187
1.01329
1.00992
1.00799
1.00875
1.00643
1.00033
0.996405
0.993609
0.990196
0.986641
0.985273
0.987304
0.996094
1.01115
1.02347
1.02981
1.03255
1.03321
1.03215
1.02741
1.01968
1.01265
1.00727
1.00426
1.00345
1.00352
1.01153
1.0267
1.03669
1.04075
1.04457
1.04961
1.05118
1.0507
1.03997
1.01523
0.997784
1.2536
1.708
0.914034
0.921891
0.92347
0.924295
0.922087
0.911886
0.898154
0.890972
0.889719
0.891056
0.896286
0.908676
0.922179
0.933811
0.941725
0.94435
0.943549
0.940319
0.934528
0.925461
0.917635
0.914833
0.916246
0.91932
0.922361
0.925581
0.936289
0.954372
0.962154
0.963807
0.965097
0.967513
0.966922
0.95984
0.952556
0.948508
0.945482
0.941754
0.939322
0.939216
0.939973
0.942984
0.955751
0.977323
0.988869
0.993293
0.99609
0.997928
0.995231
0.984433
0.968133
0.957318
0.953414
0.953291
0.957375
0.967186
0.973305
0.976745
0.987471
0.999517
1.00482
1.00625
1.00795
1.01079
1.01429
1.01433
1.00819
0.999704
0.991127
0.985763
0.984554
0.985496
0.988995
1.00329
1.02237
1.03111
1.03391
1.03388
1.0319
1.02889
1.02552
1.02106
1.01408
1.00697
1.00242
1.00034
1.00105
1.01092
1.02825
1.03801
1.04227
1.04722
1.04929
1.05019
1.04695
1.02832
1.01013
1.24176
1.70646
0.922557
0.926827
0.925912
0.92557
0.921439
0.909508
0.898122
0.892156
0.890596
0.891432
0.893006
0.898469
0.918217
0.938691
0.948565
0.951942
0.952649
0.948537
0.938727
0.927936
0.920905
0.919545
0.921379
0.922573
0.923044
0.924048
0.92714
0.939853
0.954176
0.961243
0.96641
0.970306
0.972461
0.970285
0.960545
0.9491
0.941291
0.938059
0.937896
0.938763
0.940042
0.944192
0.954884
0.969726
0.984513
0.99171
0.994523
0.992999
0.986999
0.982187
0.976624
0.967841
0.962848
0.963274
0.968333
0.972959
0.974314
0.973587
0.9729
0.978429
0.992568
1.0039
1.00997
1.01411
1.01797
1.01974
1.01756
1.00867
0.996327
0.987953
0.986359
0.988879
0.992935
1.00045
1.01628
1.02817
1.03121
1.0316
1.03026
1.0282
1.02711
1.0266
1.0245
1.0169
1.00694
1.00096
0.998461
1.00002
1.01079
1.0281
1.03798
1.04326
1.04551
1.04675
1.04758
1.03704
1.02699
1.23617
1.70706
0.925875
0.930833
0.929754
0.925003
0.918372
0.909176
0.900148
0.895487
0.894818
0.895799
0.896951
0.898496
0.909382
0.936499
0.949631
0.952946
0.954855
0.955372
0.949295
0.938015
0.929454
0.925822
0.924577
0.923141
0.921754
0.921821
0.922774
0.927514
0.943937
0.961148
0.968441
0.971575
0.97362
0.972899
0.965943
0.952799
0.942814
0.939639
0.939954
0.941084
0.945238
0.954515
0.960926
0.963346
0.96779
0.975524
0.981024
0.983461
0.985008
0.985285
0.985233
0.984734
0.982316
0.980199
0.978962
0.976882
0.97306
0.968099
0.965327
0.966799
0.974589
0.992086
1.00731
1.01588
1.01926
1.01955
1.01958
1.01608
1.00755
0.997539
0.993954
0.995622
0.998811
1.0018
1.00728
1.01768
1.02451
1.02774
1.02884
1.02859
1.02855
1.02891
1.03032
1.02992
1.01998
1.00732
0.999895
0.997253
0.998595
1.009
1.02612
1.03614
1.04139
1.04313
1.04555
1.04211
1.03536
1.23986
1.70971
0.923168
0.927572
0.928029
0.927111
0.921039
0.911066
0.902948
0.899313
0.898225
0.898463
0.899114
0.899968
0.903732
0.925439
0.946013
0.952502
0.956014
0.95883
0.959365
0.950842
0.937649
0.929033
0.922699
0.919168
0.918784
0.919741
0.921652
0.925334
0.935389
0.954435
0.96617
0.969739
0.969642
0.96535
0.960508
0.957107
0.952179
0.949027
0.949667
0.952191
0.957114
0.961391
0.962414
0.95957
0.953783
0.953787
0.961434
0.974983
0.984945
0.989798
0.994836
1.00019
1.00232
0.999004
0.990107
0.980655
0.971658
0.965107
0.963173
0.964091
0.967045
0.974795
0.995159
1.01253
1.01868
1.01934
1.01923
1.01956
1.01803
1.01217
1.00545
1.00302
1.00255
1.00241
1.00298
1.00568
1.0117
1.01951
1.02546
1.02747
1.02824
1.02999
1.03355
1.03559
1.03361
1.02074
1.00533
0.997528
0.99672
0.998999
1.00708
1.0232
1.03399
1.03818
1.04138
1.04203
1.04411
1.24933
1.71343
0.919364
0.927438
0.929549
0.931364
0.929223
0.91741
0.906555
0.901114
0.899107
0.898549
0.898887
0.899861
0.902496
0.916629
0.942641
0.956948
0.960802
0.963285
0.962799
0.957746
0.945587
0.930139
0.921727
0.919613
0.91974
0.920807
0.923962
0.931743
0.940269
0.947071
0.95407
0.958712
0.96026
0.961146
0.962276
0.963049
0.964488
0.965325
0.965397
0.965361
0.965294
0.96519
0.959286
0.949516
0.944263
0.94413
0.947395
0.95924
0.979013
0.995684
1.00749
1.01311
1.01465
1.01337
1.00366
0.987973
0.973828
0.966442
0.964895
0.966395
0.970368
0.974573
0.980653
0.99742
1.01255
1.01756
1.01917
1.02109
1.02313
1.02358
1.01936
1.01264
1.00691
1.00329
1.00187
1.0017
1.00231
1.00673
1.01653
1.02382
1.02753
1.03078
1.03536
1.03728
1.0373
1.03328
1.01802
1.00387
0.998531
0.998861
0.998388
1.00446
1.01915
1.02989
1.0343
1.03693
1.04979
1.26222
1.71769
0.917407
0.931774
0.934635
0.936645
0.935167
0.924127
0.906609
0.898082
0.896454
0.896855
0.898371
0.901097
0.908482
0.924523
0.943108
0.956994
0.962536
0.964114
0.961128
0.952343
0.941929
0.93287
0.925427
0.922849
0.923524
0.927366
0.935268
0.942483
0.945491
0.94452
0.939959
0.940272
0.947262
0.957401
0.964225
0.969422
0.975412
0.979138
0.980105
0.978243
0.972357
0.962676
0.951837
0.943276
0.940218
0.94049
0.94283
0.94806
0.965677
0.995268
1.01126
1.01616
1.017
1.01509
1.00878
0.995819
0.981636
0.973353
0.971384
0.972839
0.975492
0.976229
0.97661
0.980896
0.995426
1.01006
1.01754
1.02196
1.02497
1.02771
1.02845
1.02378
1.01429
1.00654
1.00279
1.00164
1.00111
1.00098
1.00539
1.01628
1.02523
1.0301
1.03467
1.0366
1.03663
1.03616
1.03001
1.01655
1.00681
1.00183
0.997381
0.994539
0.998052
1.01252
1.0248
1.03048
1.05168
1.27626
1.7224
0.915458
0.934135
0.936955
0.937549
0.935099
0.924479
0.908301
0.899056
0.897673
0.898551
0.901853
0.912075
0.927102
0.93776
0.944278
0.950141
0.954439
0.952643
0.946838
0.943081
0.940436
0.937042
0.933845
0.932639
0.93549
0.941573
0.946442
0.948756
0.948353
0.940272
0.932136
0.930903
0.933643
0.944641
0.961093
0.97372
0.98232
0.987386
0.989455
0.989034
0.981821
0.966294
0.952057
0.944084
0.94118
0.94172
0.946674
0.95462
0.963409
0.981971
1.00421
1.01304
1.01406
1.00878
1.0027
0.997721
0.991808
0.986626
0.983398
0.981211
0.979568
0.977789
0.976698
0.977254
0.980436
0.99333
1.01067
1.02097
1.02585
1.02838
1.02991
1.02866
1.02303
1.01538
1.00892
1.00436
1.00155
1.00026
1.00128
1.00583
1.01613
1.02606
1.03249
1.03517
1.03513
1.03569
1.03519
1.02834
1.01924
1.00934
0.99877
0.99073
0.986557
0.989733
1.00962
1.02329
1.05094
1.28901
1.7266
0.915671
0.930122
0.934136
0.93258
0.926444
0.920102
0.913081
0.906559
0.904679
0.906831
0.916608
0.93047
0.939003
0.942406
0.944073
0.944232
0.936714
0.93052
0.930617
0.934333
0.938013
0.940609
0.943699
0.949402
0.955538
0.958849
0.959587
0.956301
0.946983
0.935249
0.928227
0.926835
0.92741
0.930773
0.947646
0.970573
0.983377
0.988432
0.989583
0.986505
0.982345
0.975679
0.963172
0.953197
0.949916
0.951272
0.955808
0.960411
0.964203
0.969858
0.984458
0.99814
1.00214
1.0013
1.00032
0.999653
0.998859
0.998597
0.996585
0.99181
0.985631
0.980031
0.976762
0.976342
0.977701
0.980407
0.995624
1.01541
1.02402
1.02675
1.02787
1.02726
1.02636
1.02482
1.01937
1.01102
1.00466
1.0011
1.0002
1.00007
1.00314
1.01463
1.02587
1.03287
1.03536
1.03655
1.03707
1.03444
1.02805
1.0201
1.00736
0.992409
0.981711
0.979008
0.989906
1.01444
1.04795
1.29855
1.72881
0.914277
0.918186
0.918931
0.918779
0.919597
0.921082
0.921729
0.920243
0.91816
0.921418
0.932116
0.940528
0.943841
0.945118
0.945261
0.935591
0.91954
0.911508
0.911129
0.91696
0.927928
0.939141
0.953621
0.967748
0.974908
0.976226
0.974216
0.963991
0.946218
0.932498
0.926504
0.925375
0.925739
0.928556
0.93468
0.94888
0.968874
0.98026
0.984749
0.986482
0.98607
0.984826
0.980692
0.972624
0.965921
0.96277
0.962142
0.963149
0.965012
0.966731
0.969726
0.977503
0.988441
0.995655
0.999187
1.00125
1.00458
1.00664
1.00579
1.00287
0.995622
0.98515
0.978559
0.977429
0.979047
0.981077
0.98603
1.00036
1.01368
1.02064
1.02434
1.02687
1.02866
1.02807
1.02786
1.02328
1.01355
1.00534
1.00002
0.997873
0.997438
1.00003
1.01309
1.02853
1.03696
1.03855
1.03824
1.03614
1.03126
1.02537
1.01859
1.00352
0.986188
0.977965
0.978927
0.999357
1.0409
1.30407
1.7292
0.91418
0.905871
0.901211
0.903924
0.912575
0.921373
0.92573
0.929578
0.934852
0.939597
0.943556
0.946067
0.947222
0.947676
0.941704
0.924675
0.909017
0.901595
0.900443
0.902454
0.910884
0.93307
0.963287
0.983583
0.990438
0.991622
0.988424
0.973003
0.948013
0.932156
0.925636
0.924016
0.924176
0.926784
0.930586
0.934631
0.944871
0.965762
0.981324
0.988098
0.991623
0.993948
0.994792
0.992034
0.983002
0.972904
0.966847
0.964738
0.96479
0.96513
0.963697
0.964219
0.971045
0.983536
0.994096
1.00246
1.00755
1.00933
1.00982
1.00934
1.00602
0.995594
0.986442
0.983143
0.983471
0.985162
0.986888
0.989679
0.996134
1.00599
1.01589
1.02235
1.02574
1.02814
1.03112
1.03282
1.02902
1.01736
1.00542
0.997637
0.994672
0.994789
0.998561
1.01486
1.03214
1.03853
1.03809
1.03548
1.03091
1.02478
1.02234
1.01875
1.00248
0.986006
0.980692
0.981527
1.02579
1.30595
1.72835
0.910367
0.900294
0.895813
0.896322
0.900039
0.911617
0.924423
0.935232
0.947078
0.954668
0.955498
0.953451
0.952089
0.949399
0.935298
0.913919
0.900071
0.895175
0.895053
0.896193
0.898963
0.91966
0.967351
0.988775
0.993976
0.995409
0.991971
0.976639
0.954236
0.936163
0.927521
0.924783
0.924683
0.926078
0.929295
0.933032
0.93613
0.944484
0.967965
0.987814
0.996499
1.00015
1.00186
1.00061
0.995663
0.985239
0.975021
0.969328
0.967087
0.965471
0.96342
0.96301
0.964705
0.969707
0.982612
0.998716
1.00727
1.00928
1.00933
1.0077
1.00555
1.00288
0.99863
0.994238
0.991513
0.990774
0.990388
0.988051
0.985372
0.985597
0.992947
1.00806
1.01991
1.02864
1.03475
1.0382
1.03949
1.03313
1.01593
1.0016
0.995431
0.995012
0.99665
1.00163
1.01831
1.03211
1.03525
1.03337
1.02941
1.02612
1.02491
1.02509
1.02039
1.00222
0.98714
0.979484
0.996618
1.30091
1.72556
0.906869
0.898993
0.899273
0.899124
0.899106
0.900966
0.91078
0.931315
0.951037
0.963315
0.96785
0.967102
0.963119
0.953265
0.929808
0.904709
0.893459
0.891171
0.891931
0.893395
0.898464
0.925676
0.963316
0.9847
0.991572
0.992162
0.981563
0.965613
0.955743
0.946471
0.936212
0.930103
0.92809
0.928405
0.931068
0.935159
0.93918
0.944074
0.951797
0.973322
0.993062
1.00054
1.00207
1.00008
0.996783
0.99292
0.985303
0.978211
0.973633
0.969424
0.966366
0.966684
0.969577
0.973066
0.977304
0.985933
0.999243
1.00421
1.00426
1.00344
1.00321
1.00587
1.00962
1.01107
1.00803
1.00233
0.995492
0.986828
0.977785
0.973471
0.973242
0.987273
1.014
1.03002
1.03795
1.04252
1.04402
1.0413
1.02968
1.01223
1.00113
0.998437
0.99905
0.999056
1.00191
1.01519
1.02628
1.02847
1.02753
1.02851
1.02839
1.02762
1.02683
1.01818
0.999991
0.984098
0.982822
1.28662
1.72164
0.909776
0.904368
0.901441
0.898228
0.896788
0.896654
0.897899
0.91299
0.945818
0.965839
0.97393
0.976159
0.974872
0.960828
0.925791
0.902041
0.893281
0.89166
0.892362
0.895936
0.914752
0.938232
0.95251
0.96557
0.973952
0.973379
0.967065
0.962023
0.959411
0.956637
0.949975
0.941655
0.937438
0.937454
0.939902
0.943145
0.946712
0.950547
0.954266
0.959449
0.972536
0.986473
0.992334
0.992891
0.992152
0.991269
0.989949
0.988367
0.985554
0.980255
0.974832
0.972954
0.973887
0.975402
0.975839
0.976268
0.980517
0.989967
0.995325
0.99877
1.00419
1.01139
1.01753
1.02121
1.02201
1.01459
0.998741
0.982801
0.972645
0.967705
0.966045
0.971152
0.996974
1.02562
1.0378
1.04319
1.04373
1.04086
1.03527
1.0243
1.01243
1.00574
1.00044
0.996024
0.994255
0.997158
1.01089
1.02155
1.0262
1.02971
1.03159
1.02869
1.02792
1.02523
1.01413
0.994655
0.984691
1.26844
1.71845
0.91775
0.908181
0.901113
0.894992
0.892055
0.892315
0.893412
0.900356
0.936069
0.966689
0.974493
0.976597
0.972115
0.950975
0.92478
0.906644
0.898705
0.897707
0.899534
0.912135
0.934412
0.944359
0.94684
0.947011
0.945245
0.94614
0.952234
0.958191
0.960769
0.962101
0.962359
0.960176
0.956516
0.953962
0.952339
0.951445
0.951378
0.952312
0.954098
0.956146
0.957166
0.961362
0.973263
0.984237
0.989092
0.990795
0.992902
0.994641
0.995491
0.994775
0.990532
0.983855
0.980153
0.977335
0.973304
0.969381
0.96838
0.971867
0.981186
0.993596
1.00768
1.0186
1.02365
1.02687
1.02825
1.02329
1.00614
0.984918
0.972802
0.967546
0.966603
0.971899
0.985084
1.00954
1.03076
1.03958
1.03975
1.03522
1.03252
1.02945
1.02399
1.01714
1.00651
0.995541
0.990089
0.989429
0.994419
1.00877
1.02262
1.03006
1.03214
1.02894
1.0269
1.0257
1.02222
1.00565
0.99772
1.25121
1.71669
0.926822
0.906467
0.894238
0.889169
0.888502
0.889481
0.892565
0.905239
0.932589
0.956729
0.966796
0.966888
0.956157
0.939933
0.928218
0.918627
0.912131
0.911108
0.916703
0.933881
0.945288
0.947511
0.943733
0.930327
0.921998
0.922342
0.932341
0.950264
0.961862
0.967564
0.97374
0.97843
0.979605
0.974978
0.966767
0.959511
0.955048
0.95329
0.953875
0.954666
0.951859
0.949659
0.952346
0.963551
0.977836
0.987222
0.993163
0.998811
1.00371
1.00617
1.00547
0.998896
0.988236
0.977656
0.968252
0.963532
0.962755
0.963552
0.967098
0.985342
1.00913
1.01995
1.02425
1.02723
1.02715
1.0188
1.00791
0.994798
0.981245
0.974025
0.973619
0.980524
0.985468
0.990209
1.00736
1.02373
1.02984
1.03035
1.03111
1.0316
1.03002
1.0263
1.01696
1.00226
0.990561
0.987116
0.988905
0.996996
1.01352
1.02647
1.03017
1.02865
1.02517
1.02409
1.02343
1.01418
1.00652
1.24109
1.71585
0.935883
0.9027
0.891019
0.888669
0.888865
0.891327
0.903682
0.921697
0.931002
0.937112
0.943517
0.94328
0.939361
0.937633
0.936214
0.934835
0.93237
0.93409
0.942867
0.949952
0.951482
0.949254
0.935194
0.919662
0.913571
0.913431
0.916458
0.930722
0.955592
0.974182
0.985734
0.9914
0.992857
0.990403
0.982474
0.970692
0.96143
0.957369
0.956574
0.955539
0.952232
0.948452
0.946513
0.947659
0.955887
0.973274
0.990021
1.00173
1.01008
1.01439
1.01511
1.01248
0.999251
0.979684
0.967899
0.963581
0.963237
0.964054
0.965665
0.97715
0.999587
1.01532
1.02153
1.02358
1.02036
1.01271
1.00824
1.00422
0.996095
0.987813
0.985786
0.988404
0.988227
0.987006
0.988174
0.998059
1.01588
1.02677
1.02985
1.03065
1.03151
1.02957
1.025
1.01595
1.0002
0.992491
0.992394
0.996115
1.00352
1.01718
1.02508
1.02644
1.02308
1.02169
1.02186
1.01639
1.01083
1.2382
1.71509
0.939123
0.906342
0.893502
0.891957
0.89399
0.907479
0.925306
0.932853
0.933439
0.925114
0.91316
0.91112
0.918073
0.931115
0.938886
0.944036
0.95408
0.962974
0.964711
0.962958
0.955103
0.9401
0.923988
0.914085
0.911668
0.912027
0.915173
0.922125
0.939375
0.970332
0.988613
0.993885
0.99396
0.991635
0.989138
0.983888
0.97507
0.968478
0.964998
0.961436
0.956228
0.950486
0.946156
0.944452
0.945601
0.95203
0.974113
1.00011
1.0117
1.01573
1.01726
1.01692
1.00923
0.989671
0.973403
0.966908
0.966192
0.967382
0.97132
0.980551
0.988054
0.998099
1.00922
1.01523
1.01626
1.01298
1.00996
1.00994
1.00977
1.00562
1.00226
0.999142
0.99313
0.987301
0.984091
0.98302
0.990847
1.01103
1.02465
1.02977
1.03234
1.03342
1.02997
1.02652
1.0171
1.00412
0.998917
0.998297
1.00065
1.00681
1.01615
1.02008
1.02027
1.01871
1.01902
1.0158
1.01611
1.23834
1.71413
0.930088
0.915378
0.90811
0.908486
0.918094
0.930662
0.936242
0.936754
0.929799
0.909247
0.895136
0.892875
0.896392
0.909203
0.929738
0.952776
0.976045
0.984487
0.985604
0.980704
0.96449
0.937926
0.920537
0.914069
0.912418
0.91452
0.924533
0.937629
0.946037
0.95441
0.97137
0.98238
0.984562
0.98368
0.982881
0.983654
0.987215
0.987128
0.981704
0.973416
0.962498
0.95235
0.946137
0.944186
0.945099
0.946758
0.954482
0.985292
1.00792
1.01344
1.01419
1.0124
1.00661
0.9982
0.987395
0.978508
0.975043
0.975215
0.977202
0.981747
0.983534
0.983809
0.990245
1.00376
1.01331
1.01687
1.0163
1.01669
1.01828
1.0187
1.01627
1.01029
1.0017
0.992211
0.984127
0.980138
0.97966
0.988772
1.01158
1.02721
1.03269
1.03462
1.03532
1.03308
1.02911
1.01896
1.00801
1.00208
1.00062
1.00229
1.00591
1.01037
1.01347
1.01529
1.01658
1.01522
1.02297
1.24284
1.71502
0.929105
0.928696
0.930561
0.937843
0.942877
0.943516
0.942635
0.932583
0.912992
0.896991
0.889706
0.888232
0.888775
0.89204
0.909813
0.955697
0.982387
0.988361
0.989635
0.984493
0.961172
0.939638
0.926429
0.92044
0.920096
0.928047
0.940996
0.947906
0.949338
0.948322
0.946119
0.952888
0.966613
0.975429
0.980786
0.987928
0.994997
0.998689
0.997281
0.988902
0.971329
0.954478
0.946602
0.9449
0.945869
0.947917
0.952064
0.966202
0.990039
1.00345
1.00799
1.00929
1.00867
1.00576
1.00129
0.994213
0.986957
0.982694
0.98083
0.980315
0.980264
0.979422
0.980451
0.987179
1.00296
1.01569
1.02012
1.021
1.02287
1.02429
1.02464
1.01874
1.01024
0.999734
0.987577
0.980875
0.979941
0.981975
0.993766
1.01755
1.03178
1.03629
1.038
1.03633
1.03424
1.03023
1.02124
1.01193
1.00543
1.00251
1.00052
0.99895
1.00089
1.00714
1.01467
1.01844
1.03365
1.25247
1.7169
0.923594
0.942422
0.957744
0.963755
0.963379
0.957581
0.942751
0.92058
0.900176
0.890138
0.887604
0.887782
0.889384
0.895689
0.916618
0.944528
0.971973
0.983168
0.983415
0.972415
0.958605
0.94725
0.939715
0.93704
0.940195
0.947751
0.952825
0.953104
0.94933
0.937877
0.932096
0.93331
0.943435
0.962628
0.981519
0.994317
1.00077
1.00322
1.00239
0.99839
0.984211
0.963331
0.951816
0.949059
0.949829
0.951883
0.956451
0.962481
0.968845
0.981205
0.995477
1.00492
1.00877
1.00969
1.00921
1.00734
1.00148
0.99285
0.986081
0.982025
0.979984
0.979895
0.980423
0.981712
0.988003
1.00474
1.01679
1.02105
1.02262
1.02436
1.02549
1.02365
1.01641
1.0092
0.99787
0.988799
0.987413
0.989322
0.993239
1.00065
1.01675
1.02848
1.03432
1.03657
1.03635
1.03623
1.03344
1.02739
1.01773
1.0078
0.999942
0.992228
0.98776
0.992012
1.00884
1.02042
1.04318
1.26383
1.72172
0.912082
0.953918
0.973864
0.978816
0.979467
0.974411
0.952299
0.917844
0.897942
0.890403
0.88873
0.889367
0.895373
0.913504
0.927808
0.933939
0.943104
0.955769
0.961124
0.960471
0.959173
0.9595
0.960208
0.963705
0.965499
0.963366
0.960176
0.953461
0.938774
0.929511
0.927314
0.92829
0.931512
0.942845
0.973967
0.996735
1.00271
1.00422
1.00057
0.991022
0.98027
0.971918
0.963875
0.95886
0.957723
0.958864
0.961416
0.963184
0.96338
0.963598
0.970924
0.989289
1.00326
1.00873
1.01107
1.01184
1.01105
1.00539
0.996078
0.989258
0.985706
0.98522
0.984408
0.983402
0.983485
0.987289
1.00102
1.01365
1.01937
1.02157
1.02211
1.0213
1.01899
1.01748
1.01402
1.0044
0.997316
0.993698
0.991129
0.990228
0.99354
1.00546
1.02124
1.03465
1.04066
1.04167
1.03998
1.03779
1.03102
1.0189
1.0049
0.992496
0.982103
0.980315
0.996553
1.01415
1.04526
1.27436
1.72572
0.903746
0.954736
0.975216
0.979695
0.980146
0.968324
0.94221
0.920821
0.905755
0.898153
0.896473
0.898319
0.910035
0.925969
0.931933
0.932411
0.928696
0.923748
0.9288
0.944268
0.958947
0.969946
0.982982
0.990097
0.990286
0.981387
0.96484
0.946904
0.933147
0.927946
0.927891
0.929734
0.93554
0.949915
0.968563
0.987064
0.995409
0.995015
0.988966
0.982111
0.977894
0.976831
0.976545
0.974945
0.971974
0.969805
0.968556
0.966643
0.963209
0.959842
0.958847
0.964177
0.984104
1.00157
1.00884
1.01136
1.01119
1.01205
1.01062
1.00422
0.998657
0.994495
0.989109
0.983337
0.980078
0.978605
0.981294
0.99536
1.00937
1.01632
1.01943
1.02262
1.02444
1.02431
1.02429
1.02068
1.00917
0.996116
0.987
0.982788
0.98176
0.984448
0.998289
1.02632
1.04199
1.04371
1.04299
1.04116
1.03568
1.02734
1.0146
0.997998
0.984074
0.979351
0.987968
0.997333
1.03294
1.28037
1.727
0.915526
0.944753
0.962164
0.969033
0.966448
0.953079
0.940252
0.929399
0.92007
0.913061
0.910514
0.913222
0.924914
0.932891
0.933247
0.92986
0.918391
0.911365
0.911905
0.918917
0.94363
0.97422
0.990741
0.996112
0.998029
0.996187
0.979029
0.949697
0.934309
0.930662
0.931862
0.940097
0.954288
0.964311
0.968305
0.970497
0.971748
0.972098
0.974014
0.976341
0.97913
0.982286
0.986404
0.990026
0.99097
0.987597
0.980219
0.972207
0.964926
0.958759
0.955282
0.954685
0.959537
0.978693
0.997711
1.00691
1.01113
1.01643
1.01998
1.02066
1.01636
1.00678
0.995558
0.984612
0.976844
0.972955
0.971787
0.975754
0.989946
1.0057
1.01683
1.02568
1.03142
1.03166
1.02823
1.02502
1.01731
1.00006
0.985154
0.979429
0.978928
0.980483
0.984499
1.0091
1.03638
1.04188
1.04053
1.03772
1.03173
1.02577
1.02104
1.01077
0.995337
0.984814
0.986721
0.987269
1.01467
1.27832
1.72602
0.928098
0.936008
0.939002
0.942662
0.940989
0.938393
0.938833
0.939332
0.936539
0.931725
0.929999
0.933057
0.937433
0.937877
0.93461
0.924771
0.915177
0.910965
0.91146
0.915455
0.925918
0.956982
0.986095
0.9947
0.994384
0.985278
0.970776
0.957563
0.947184
0.944729
0.9504
0.960412
0.966963
0.969336
0.968199
0.957366
0.947595
0.946861
0.95258
0.964565
0.976734
0.987021
0.996311
1.00114
1.00292
1.0015
0.99153
0.977474
0.966545
0.959359
0.95499
0.953344
0.953749
0.956463
0.970854
0.993275
1.00905
1.01824
1.02631
1.03117
1.03194
1.02431
1.00771
0.989568
0.975306
0.968518
0.967561
0.968796
0.973517
0.987249
1.00905
1.02779
1.03467
1.03494
1.03083
1.02522
1.01833
1.00475
0.990773
0.982778
0.980773
0.981836
0.984538
0.99824
1.02231
1.03331
1.03316
1.02987
1.02435
1.02122
1.0225
1.02281
1.01441
1.00048
0.991764
0.986342
1.002
1.26902
1.72211
0.933267
0.935532
0.925609
0.911297
0.908372
0.915427
0.929835
0.938523
0.942177
0.948861
0.95429
0.954439
0.949638
0.94268
0.935578
0.927214
0.919654
0.917391
0.920085
0.925297
0.928741
0.933066
0.950365
0.96853
0.973672
0.973271
0.972595
0.970407
0.968296
0.968922
0.971565
0.973365
0.973813
0.97151
0.958866
0.943676
0.93641
0.935972
0.938191
0.946465
0.969099
0.991639
1.00292
1.00749
1.00941
1.00821
1.00151
0.988614
0.97573
0.966407
0.960021
0.956106
0.953931
0.95193
0.951898
0.961763
0.989925
1.01553
1.03034
1.03753
1.03901
1.03764
1.02429
0.998806
0.978006
0.969159
0.96778
0.96897
0.97291
0.978932
0.994968
1.02191
1.03284
1.03259
1.02673
1.01978
1.01362
1.00602
0.999156
0.993477
0.989296
0.988641
0.989967
0.994022
1.00274
1.01497
1.02129
1.02097
1.01938
1.01983
1.02444
1.02946
1.02925
1.01924
1.00535
0.993585
1.0015
1.25955
1.71905
0.935395
0.931983
0.910488
0.894719
0.892083
0.895335
0.907923
0.928042
0.945199
0.959696
0.969933
0.97241
0.96937
0.957939
0.94425
0.934275
0.929284
0.928224
0.9293
0.930328
0.930367
0.926038
0.922815
0.929559
0.947754
0.963786
0.973558
0.980633
0.989694
0.993451
0.991124
0.986073
0.979435
0.966084
0.947639
0.935452
0.931318
0.93152
0.932849
0.935782
0.95486
0.988818
1.00391
1.00833
1.01005
1.00771
1.00277
0.999218
0.9925
0.98216
0.972032
0.96352
0.955835
0.948916
0.947195
0.948679
0.96162
1.0011
1.03047
1.03883
1.03999
1.03794
1.02821
1.01
0.990342
0.977794
0.974079
0.974972
0.97932
0.983944
0.99022
1.00671
1.02231
1.02411
1.02108
1.01684
1.01298
1.00885
1.00688
1.00547
1.00246
0.998018
0.994629
0.991929
0.989713
0.99202
1.00409
1.01461
1.01855
1.02065
1.0268
1.03075
1.03335
1.03181
1.01967
0.999484
1.00501
1.25767
1.71872
0.936105
0.918828
0.898309
0.888334
0.886292
0.887052
0.890101
0.903563
0.934713
0.961456
0.971827
0.975106
0.976448
0.975276
0.964962
0.951033
0.942216
0.937758
0.935143
0.931401
0.924255
0.917559
0.914349
0.914665
0.919654
0.936441
0.962265
0.986138
1.0011
1.00723
1.00764
1.00408
0.9915
0.966283
0.945536
0.935243
0.931979
0.932485
0.934533
0.942345
0.955864
0.97383
0.993489
1.00299
1.00627
1.00603
1.00468
1.00567
1.00606
1.00069
0.98769
0.970821
0.955249
0.948211
0.947333
0.949606
0.955791
0.977981
1.01702
1.03439
1.03677
1.03276
1.02663
1.01888
1.00706
0.994375
0.986505
0.984803
0.985519
0.986184
0.98718
0.991166
1.00391
1.01417
1.01767
1.01855
1.01876
1.01622
1.01276
1.01164
1.01064
1.00819
1.00099
0.992571
0.985535
0.982233
0.984834
0.997813
1.0127
1.02014
1.02507
1.03061
1.0345
1.03711
1.03344
1.01059
1.00686
1.25601
1.71916
0.93643
0.907989
0.891697
0.886055
0.884905
0.885862
0.88835
0.893371
0.908766
0.942473
0.965707
0.974466
0.98011
0.983267
0.983579
0.974172
0.95728
0.944435
0.93559
0.928475
0.922343
0.917695
0.915319
0.915447
0.917445
0.921006
0.937205
0.978126
1.00255
1.0079
1.00815
1.0018
0.988284
0.971622
0.953907
0.942813
0.939529
0.940314
0.944014
0.951246
0.957458
0.961793
0.971811
0.988686
1.00038
1.00582
1.00894
1.01078
1.01067
1.00952
1.0032
0.983362
0.962218
0.95317
0.952446
0.958083
0.965738
0.973756
0.992267
1.01637
1.02518
1.02504
1.02361
1.02128
1.01908
1.01263
1.00412
0.997949
0.992682
0.98736
0.984465
0.983707
0.986667
0.999552
1.01402
1.02165
1.02278
1.0216
1.01919
1.0168
1.01488
1.01448
1.01073
0.999263
0.987552
0.980315
0.979682
0.981376
0.995264
1.0135
1.02283
1.02931
1.03217
1.0365
1.038
1.0212
1.01136
1.25334
1.71962
0.944117
0.906346
0.891924
0.887461
0.886528
0.889271
0.893763
0.897404
0.901547
0.913364
0.947469
0.974897
0.98339
0.985584
0.985987
0.983839
0.97495
0.957991
0.942882
0.933218
0.92685
0.922847
0.921691
0.922968
0.925488
0.928973
0.935153
0.952508
0.981669
0.99513
0.997189
0.995823
0.990827
0.980783
0.96915
0.958663
0.952477
0.950689
0.951639
0.955152
0.958623
0.960206
0.961404
0.968336
0.986725
1.00204
1.00858
1.00986
1.00918
1.00697
1.00217
0.992195
0.977444
0.967868
0.96693
0.971382
0.974969
0.976791
0.979372
0.987027
1.00206
1.01286
1.01834
1.02249
1.02558
1.02584
1.02104
1.01304
1.00191
0.989636
0.982409
0.981041
0.982339
0.98698
1.00274
1.01712
1.02282
1.02431
1.02354
1.01968
1.01703
1.01694
1.01675
1.01142
0.997168
0.984681
0.979059
0.977477
0.980108
0.995416
1.01472
1.02458
1.02865
1.03176
1.03511
1.02732
1.01853
1.25118
1.71974
0.949786
0.9148
0.898843
0.893987
0.892929
0.894773
0.897093
0.899507
0.904059
0.913337
0.928319
0.957135
0.977727
0.983128
0.983103
0.978238
0.971379
0.965952
0.958443
0.948773
0.940249
0.934494
0.931744
0.931287
0.932431
0.934368
0.937469
0.941361
0.949521
0.968447
0.984103
0.990367
0.991661
0.990653
0.986154
0.97699
0.967454
0.961573
0.959184
0.959382
0.960426
0.961317
0.962588
0.965011
0.968921
0.983262
0.997134
1.00219
1.00268
1.0016
1.00004
0.997496
0.992961
0.989113
0.987142
0.985417
0.983517
0.980883
0.974891
0.970988
0.974638
0.989096
1.007
1.02106
1.02855
1.03087
1.02986
1.02622
1.01531
0.997151
0.98464
0.981716
0.982929
0.985615
0.994519
1.00585
1.01476
1.02037
1.0218
1.01986
1.01751
1.01772
1.01939
1.01963
1.01285
0.995525
0.982979
0.980944
0.982343
0.984056
0.997363
1.015
1.02305
1.02367
1.02683
1.02497
1.0254
1.25634
1.72139
0.957421
0.934242
0.915047
0.9053
0.90099
0.900028
0.900587
0.904716
0.915258
0.925025
0.930716
0.935875
0.948502
0.962858
0.969804
0.971108
0.971343
0.972371
0.972328
0.967768
0.957537
0.947144
0.94091
0.938283
0.93761
0.937914
0.938124
0.938278
0.93852
0.940638
0.956287
0.978002
0.989075
0.992185
0.991832
0.989943
0.985022
0.977346
0.971738
0.969115
0.968165
0.968263
0.96863
0.967025
0.963443
0.96191
0.969695
0.985471
0.994605
0.997813
0.99957
1.00164
1.00426
1.00565
1.0031
0.998176
0.992987
0.985898
0.974703
0.966735
0.963764
0.966186
0.979298
1.00536
1.02452
1.03024
1.03118
1.02994
1.02582
1.01123
0.994735
0.988153
0.987381
0.989252
0.99336
0.99817
1.00067
1.00582
1.01375
1.01676
1.01759
1.01855
1.02082
1.02266
1.02139
1.01039
0.995904
0.988923
0.986886
0.984431
0.985413
0.996425
1.00916
1.01354
1.01556
1.0159
1.03065
1.27165
1.72747
0.958774
0.952776
0.939156
0.923538
0.913254
0.909657
0.910568
0.918009
0.927359
0.931423
0.932358
0.928676
0.925211
0.929839
0.947164
0.964918
0.97281
0.975268
0.976962
0.977414
0.972426
0.961202
0.951951
0.946509
0.943937
0.942702
0.941425
0.939097
0.937323
0.937121
0.938277
0.949575
0.972005
0.985479
0.989907
0.992195
0.994088
0.994083
0.991898
0.987375
0.982123
0.977628
0.972645
0.963186
0.953626
0.950091
0.951363
0.962581
0.981689
0.994608
1.00223
1.00882
1.01384
1.01524
1.01243
1.00724
1.00203
0.993619
0.978188
0.965178
0.960363
0.96019
0.96275
0.976439
1.00903
1.02663
1.029
1.02864
1.02755
1.02064
1.00813
0.998065
0.993371
0.992573
0.993347
0.99472
0.994079
0.992751
0.998047
1.00842
1.01392
1.01741
1.02136
1.02517
1.02477
1.01839
1.00911
0.99987
0.992202
0.986952
0.981707
0.9823
0.990299
0.99968
1.00419
1.00919
1.03546
1.28764
1.73404
0.952071
0.955828
0.953026
0.942782
0.931954
0.927136
0.927942
0.931545
0.933856
0.934243
0.928009
0.920283
0.917921
0.918555
0.922408
0.941441
0.965675
0.975267
0.978106
0.978866
0.976145
0.97079
0.962816
0.956227
0.952553
0.950409
0.948591
0.946178
0.943077
0.939746
0.935678
0.934228
0.939911
0.961493
0.980527
0.990444
0.998929
1.00836
1.01189
1.00923
0.998538
0.984441
0.968945
0.954738
0.946643
0.945058
0.945981
0.949257
0.961348
0.983175
1.0008
1.01083
1.01553
1.01716
1.0171
1.01426
1.01006
1.00249
0.985018
0.967348
0.960565
0.960193
0.962151
0.965275
0.985016
1.01595
1.02616
1.02644
1.02588
1.02238
1.01709
1.01035
1.00369
0.998894
0.995722
0.99303
0.989476
0.985148
0.985064
0.99642
1.00788
1.01478
1.0211
1.02659
1.02662
1.0225
1.01584
1.00837
0.998754
0.990336
0.983431
0.977784
0.978421
0.985262
0.996438
1.00861
1.04315
1.29756
1.73621
0.929628
0.947494
0.949517
0.9505
0.954525
0.956134
0.952498
0.946264
0.938376
0.928256
0.920129
0.917061
0.917513
0.91911
0.921569
0.928252
0.946137
0.965624
0.97288
0.974151
0.972041
0.968897
0.967405
0.96653
0.964727
0.962213
0.959979
0.957702
0.953408
0.944677
0.934094
0.927884
0.927018
0.93117
0.952149
0.981818
1.00447
1.0175
1.02271
1.02342
1.01655
0.995335
0.970519
0.953702
0.946624
0.94529
0.94669
0.950992
0.957107
0.966486
0.986142
1.00494
1.01313
1.01443
1.01295
1.01112
1.01017
1.00804
0.995927
0.976464
0.96615
0.963948
0.965249
0.967285
0.974703
0.996035
1.01399
1.01969
1.02053
1.02053
1.01887
1.01813
1.0154
1.00859
1.00089
0.993205
0.986683
0.981483
0.979635
0.985939
1.00073
1.01109
1.01949
1.02618
1.02582
1.02206
1.01699
1.01049
1.0039
0.996112
0.988588
0.981277
0.976553
0.976632
0.986838
1.00582
1.04768
1.30605
1.73657
0.900751
0.919867
0.942073
0.957712
0.969455
0.975191
0.975197
0.968695
0.950955
0.928861
0.920462
0.919202
0.919999
0.924633
0.932553
0.937414
0.939227
0.941528
0.947537
0.955309
0.961999
0.966533
0.971746
0.97629
0.978009
0.977067
0.973969
0.969461
0.961475
0.947516
0.933422
0.926994
0.926042
0.926988
0.93172
0.954791
0.996383
1.01846
1.02388
1.02408
1.01944
1.00651
0.981202
0.960423
0.952011
0.950823
0.954054
0.959331
0.962876
0.964845
0.967496
0.981875
1.00027
1.00757
1.0097
1.01063
1.01069
1.00943
1.00186
0.988429
0.977825
0.973278
0.972706
0.973686
0.976601
0.982702
0.992966
1.00558
1.01369
1.01738
1.01982
1.02288
1.02266
1.01832
1.00956
0.99905
0.989381
0.981954
0.978294
0.979034
0.990145
1.00487
1.01505
1.02211
1.0223
1.01993
1.01521
1.00947
1.00634
1.00357
0.998379
0.991172
0.983329
0.977709
0.975702
0.980109
1.03197
1.31782
1.73592
0.891018
0.893329
0.912041
0.95188
0.971899
0.976412
0.97676
0.968825
0.952745
0.938793
0.930035
0.928439
0.931643
0.937991
0.941962
0.942874
0.93856
0.927175
0.922885
0.926058
0.939045
0.956807
0.971176
0.98136
0.987791
0.989774
0.988606
0.982907
0.970649
0.952259
0.936518
0.929499
0.928365
0.931376
0.939729
0.948629
0.965733
0.997263
1.01206
1.01349
1.00998
1.00449
0.996402
0.980921
0.968481
0.963914
0.963658
0.964945
0.965402
0.963943
0.962584
0.964077
0.977798
0.997879
1.00633
1.00805
1.00871
1.00812
1.00386
0.997066
0.990238
0.985365
0.982909
0.981618
0.980968
0.980875
0.980284
0.983346
0.997418
1.01207
1.02025
1.0244
1.02655
1.02707
1.02329
1.01215
0.997413
0.985363
0.97815
0.976182
0.979975
0.994046
1.00787
1.0175
1.01923
1.01714
1.01379
1.00933
1.01011
1.01106
1.00811
1.0018
0.988505
0.973377
0.965407
0.961195
1.00135
1.32172
1.73351
0.893589
0.898004
0.909912
0.927031
0.9519
0.962833
0.963058
0.961464
0.959432
0.954329
0.949408
0.946813
0.947175
0.948141
0.948439
0.945541
0.933762
0.920643
0.914429
0.914353
0.917664
0.931162
0.958643
0.981333
0.992018
0.996125
0.997176
0.995484
0.983931
0.962899
0.945994
0.938439
0.93731
0.940884
0.945657
0.94815
0.949605
0.956851
0.982062
0.999676
1.00363
1.00374
1.00476
1.00284
0.991866
0.980032
0.973205
0.969327
0.96545
0.961306
0.959802
0.960124
0.962697
0.978003
0.996552
1.00344
1.00593
1.00716
1.00582
1.00294
1.00061
0.998489
0.995868
0.992561
0.98825
0.982317
0.975552
0.97187
0.973946
0.990098
1.01168
1.0244
1.0319
1.0353
1.03487
1.02715
1.00853
0.989234
0.978514
0.976924
0.979159
0.983906
0.997947
1.01144
1.01626
1.0156
1.01382
1.0128
1.01595
1.01632
1.01444
1.01285
0.999065
0.976753
0.964089
0.957722
0.979319
1.31708
1.73019
0.902841
0.910321
0.914313
0.913703
0.913312
0.923042
0.93992
0.953259
0.961815
0.968552
0.971429
0.970003
0.964882
0.959085
0.95266
0.942004
0.92724
0.916502
0.911708
0.910763
0.911607
0.914374
0.931586
0.96948
0.991386
0.996185
0.997018
0.994038
0.988581
0.978803
0.964904
0.955336
0.951497
0.950666
0.950177
0.947788
0.941899
0.939188
0.94479
0.972305
0.996222
1.00493
1.00822
1.01189
1.01201
1.00207
0.987692
0.975767
0.96675
0.961514
0.959606
0.959591
0.960561
0.964316
0.978187
0.993749
1.00134
1.00508
1.00745
1.00849
1.01001
1.01089
1.0095
1.00404
0.995369
0.984318
0.972841
0.966096
0.964551
0.967828
0.992368
1.0237
1.03655
1.04075
1.03977
1.03516
1.02176
1.00012
0.986582
0.984258
0.987348
0.988491
0.990282
0.999503
1.0091
1.01217
1.01331
1.01713
1.02105
1.02067
1.02072
1.01784
1.00837
0.987339
0.968799
0.958067
0.970318
1.30764
1.72764
0.914561
0.917533
0.914947
0.90196
0.892689
0.89247
0.902512
0.927674
0.955716
0.975733
0.988071
0.991371
0.988702
0.978161
0.960945
0.941618
0.926062
0.915963
0.912029
0.9114
0.912268
0.91527
0.920822
0.939113
0.972814
0.988748
0.991753
0.992032
0.99143
0.990515
0.985864
0.976084
0.966669
0.959904
0.95384
0.945677
0.938063
0.934975
0.935171
0.940905
0.968604
0.996627
1.0089
1.01505
1.01933
1.01896
1.00806
0.988935
0.973809
0.965678
0.962435
0.961545
0.96146
0.961971
0.964249
0.975317
0.991362
1.00241
1.00986
1.01513
1.01795
1.01878
1.01687
1.01149
1.0013
0.986902
0.973557
0.966172
0.964204
0.965605
0.976091
1.01055
1.03397
1.03959
1.03796
1.0338
1.02642
1.01236
1.0015
0.998824
0.998588
0.996547
0.992501
0.98959
0.995641
1.00546
1.01079
1.01586
1.0194
1.02055
1.01951
1.01914
1.01533
1.00127
0.982054
0.964478
0.973024
1.29119
1.72568
0.92475
0.919465
0.905371
0.891399
0.885663
0.884971
0.886579
0.893585
0.928133
0.973916
0.992659
0.997687
0.999191
0.99697
0.979794
0.950285
0.928165
0.917526
0.914122
0.913912
0.915696
0.919335
0.922321
0.925518
0.939755
0.969269
0.986488
0.992391
0.995136
0.997651
0.999147
0.994982
0.98259
0.969685
0.958335
0.947725
0.93966
0.935937
0.935502
0.93653
0.942341
0.970497
1.00224
1.01578
1.02107
1.02217
1.01855
1.00656
0.989156
0.97521
0.967543
0.963557
0.961061
0.960243
0.961305
0.963835
0.975655
0.9981
1.01256
1.01821
1.021
1.02074
1.01847
1.01412
1.00612
0.992953
0.979314
0.970847
0.968555
0.972424
0.979334
0.9922
1.01598
1.02886
1.02974
1.0277
1.0256
1.02149
1.01773
1.0146
1.00988
1.00311
0.992802
0.985486
0.984324
0.992421
1.00325
1.01215
1.01684
1.01919
1.01838
1.01715
1.01558
1.00874
0.997597
0.983146
0.983769
1.2698
1.72394
0.934321
0.910663
0.89454
0.886474
0.884663
0.885166
0.886655
0.889265
0.902361
0.953485
0.991232
0.999011
1.00028
0.9996
0.991641
0.965923
0.937866
0.923958
0.919577
0.918931
0.919756
0.921487
0.923072
0.92413
0.926628
0.939556
0.968946
0.989415
0.996614
0.999391
1.0009
1.00019
0.995226
0.983937
0.969363
0.95567
0.945442
0.93968
0.937787
0.938001
0.939811
0.947207
0.977372
1.00715
1.01823
1.02091
1.02025
1.01766
1.00812
0.990876
0.974905
0.965558
0.962292
0.962114
0.963267
0.965396
0.971282
0.988028
1.00801
1.01618
1.01848
1.01762
1.01329
1.00778
1.00426
0.999623
0.991304
0.984257
0.982443
0.983516
0.982758
0.98205
0.98766
1.0062
1.0187
1.02319
1.02592
1.03042
1.0305
1.02504
1.01916
1.01045
0.994943
0.98234
0.978568
0.980627
0.990099
1.00394
1.01364
1.01692
1.01618
1.01405
1.01404
1.01254
1.00909
0.999407
0.996389
1.25692
1.72486
0.948792
0.907583
0.892586
0.88746
0.886446
0.887802
0.890597
0.896283
0.909094
0.931064
0.966685
0.988884
0.994278
0.993823
0.987369
0.975473
0.957504
0.939089
0.928445
0.924258
0.923169
0.923512
0.925168
0.926665
0.927879
0.931507
0.945447
0.974254
0.992564
0.998013
0.9992
0.997172
0.993712
0.989691
0.982103
0.96881
0.954943
0.945777
0.941868
0.941665
0.944405
0.950367
0.95851
0.980514
1.00559
1.01676
1.01902
1.01789
1.01463
1.00631
0.988342
0.972957
0.967479
0.96726
0.969886
0.97622
0.98272
0.986663
0.993589
1.00232
1.00589
1.00568
1.00384
1.00279
1.00296
1.00362
1.00388
1.00294
0.999366
0.992278
0.983255
0.974579
0.97157
0.978997
1.00047
1.01733
1.02803
1.03515
1.03723
1.03201
1.02561
1.01819
1.00127
0.982504
0.975663
0.975472
0.980675
0.990458
1.00455
1.01104
1.01167
1.01011
1.01205
1.014
1.01427
1.00778
1.00591
1.2557
1.72651
0.954254
0.915188
0.900347
0.895614
0.894983
0.896581
0.899538
0.90868
0.922101
0.930363
0.938406
0.958206
0.976276
0.98241
0.982059
0.980392
0.977759
0.965357
0.945564
0.933463
0.929221
0.928336
0.928968
0.930811
0.934521
0.938536
0.942405
0.950852
0.970342
0.985872
0.991461
0.993296
0.993609
0.992278
0.98831
0.979895
0.967876
0.957877
0.952907
0.952976
0.956122
0.958721
0.959909
0.961115
0.972685
0.996827
1.00952
1.01134
1.01031
1.00813
1.00242
0.988927
0.980821
0.980165
0.984354
0.988555
0.988686
0.985592
0.98029
0.97997
0.98685
0.99471
0.999335
1.00247
1.00575
1.01109
1.01637
1.01762
1.01287
0.999782
0.982574
0.970087
0.966576
0.967758
0.97841
1.00264
1.02512
1.0354
1.03766
1.03575
1.02985
1.02424
1.01218
0.989937
0.977142
0.975179
0.976365
0.980957
0.989552
1.00154
1.00646
1.00824
1.01152
1.01615
1.01812
1.01313
1.01175
1.25409
1.7257
0.950494
0.928781
0.915829
0.90894
0.906189
0.905992
0.909388
0.922381
0.933027
0.935808
0.936236
0.93526
0.938757
0.954599
0.971691
0.979261
0.981085
0.97974
0.967821
0.949608
0.938722
0.935485
0.935889
0.939879
0.945036
0.946484
0.946123
0.944479
0.945997
0.961576
0.98112
0.989788
0.992051
0.990041
0.984201
0.980216
0.977643
0.974687
0.972433
0.971367
0.96971
0.966178
0.959488
0.953858
0.953441
0.962629
0.987156
1.00169
1.00483
1.00537
1.00673
1.0076
1.00508
1.00177
0.999531
0.996584
0.989441
0.977312
0.96853
0.966043
0.969601
0.983289
0.99708
1.00603
1.01448
1.02068
1.02272
1.02234
1.01816
1.00571
0.983781
0.969808
0.966542
0.967742
0.971214
0.983485
1.01186
1.03017
1.0333
1.03305
1.03111
1.02776
1.0222
1.00357
0.983507
0.975368
0.974572
0.976025
0.979214
0.987664
0.999384
1.00683
1.01311
1.02038
1.02331
1.01877
1.01182
1.25289
1.72361
0.948411
0.943748
0.935441
0.925332
0.919396
0.91873
0.9261
0.937298
0.941913
0.942332
0.938885
0.927756
0.91866
0.919914
0.939778
0.966049
0.975773
0.978261
0.979533
0.973906
0.959869
0.95134
0.949493
0.950946
0.952118
0.951672
0.946871
0.942819
0.942584
0.944123
0.956284
0.973108
0.980844
0.982461
0.982308
0.982282
0.984203
0.98875
0.991274
0.990104
0.984032
0.973433
0.96079
0.951352
0.94623
0.944834
0.952391
0.976766
0.994003
1.00252
1.01243
1.02304
1.02681
1.02287
1.01243
0.998348
0.982805
0.969112
0.961145
0.959471
0.961158
0.969908
0.989465
1.00972
1.02208
1.02643
1.02697
1.02366
1.01567
1.00208
0.986258
0.97459
0.970894
0.972269
0.975875
0.979529
0.991731
1.01681
1.02834
1.03048
1.03142
1.02986
1.02634
1.01571
0.995259
0.979945
0.974334
0.974038
0.974614
0.975892
0.986479
1.00106
1.0135
1.02185
1.02615
1.02395
1.01401
1.25069
1.72206
0.940788
0.946099
0.944791
0.940555
0.936935
0.938221
0.945391
0.949746
0.950048
0.949431
0.944644
0.927738
0.912579
0.90716
0.908091
0.927686
0.959207
0.974015
0.978826
0.981051
0.980228
0.974031
0.965864
0.960352
0.95625
0.952125
0.948207
0.94487
0.943233
0.942357
0.942
0.946374
0.960252
0.972659
0.980093
0.98566
0.993462
0.999579
1.00117
1.00032
0.995624
0.984074
0.96714
0.951369
0.940834
0.936393
0.936256
0.943758
0.970357
0.998756
1.01892
1.03303
1.03955
1.03921
1.02798
1.005
0.981917
0.966557
0.959137
0.957452
0.95825
0.963096
0.978964
1.00697
1.02325
1.02677
1.02708
1.02347
1.0125
1.00138
0.991837
0.983952
0.980433
0.980264
0.980473
0.979771
0.980524
0.996872
1.01887
1.02662
1.02879
1.02904
1.02703
1.02315
1.00927
0.991338
0.978079
0.972023
0.969749
0.968774
0.973456
0.991955
1.009
1.01971
1.02523
1.026
1.01959
1.25068
1.72221
0.919298
0.93947
0.943315
0.94555
0.952157
0.959043
0.962645
0.962418
0.960935
0.958155
0.949103
0.929556
0.912193
0.904024
0.902069
0.902495
0.916668
0.948826
0.969123
0.979606
0.988367
0.993178
0.990243
0.978489
0.965751
0.956831
0.951529
0.948286
0.945388
0.940981
0.935123
0.933484
0.937255
0.95159
0.970331
0.986741
0.999681
1.00697
1.00859
1.0077
1.00376
0.993965
0.975392
0.953283
0.939266
0.934223
0.933766
0.935049
0.94306
0.978724
1.01724
1.03455
1.04158
1.04312
1.03863
1.01822
0.989297
0.969523
0.960818
0.958941
0.961139
0.96548
0.971945
0.993937
1.01705
1.02287
1.02234
1.01627
1.00916
1.0032
0.998743
0.995896
0.992646
0.988654
0.984532
0.980777
0.978474
0.981179
1.00149
1.0187
1.02484
1.02783
1.02761
1.02679
1.02173
1.00625
0.986599
0.972673
0.966798
0.964684
0.966091
0.983254
1.00433
1.0158
1.02273
1.02699
1.02759
1.25168
1.7226
0.898028
0.915387
0.934276
0.947717
0.961492
0.974289
0.97924
0.979202
0.975889
0.967583
0.952046
0.931764
0.915083
0.905829
0.902175
0.900948
0.90108
0.909212
0.941683
0.973497
0.989034
0.99749
1.00109
0.997104
0.98156
0.96601
0.9566
0.950812
0.945295
0.938498
0.932176
0.928902
0.929113
0.932821
0.948455
0.978379
1.00059
1.00945
1.01176
1.01185
1.00892
1.00211
0.986113
0.962043
0.943609
0.936076
0.935001
0.93698
0.941057
0.955885
1.00064
1.03064
1.03922
1.03926
1.03374
1.02484
1.00591
0.981938
0.968432
0.964958
0.965245
0.967886
0.971079
0.980265
1.00155
1.01267
1.01364
1.01112
1.00812
1.0065
1.00667
1.00723
1.00555
0.99918
0.990018
0.98192
0.975924
0.973734
0.980903
1.00342
1.01803
1.02606
1.02991
1.03082
1.02967
1.01852
0.99734
0.979548
0.970411
0.96722
0.968646
0.98258
0.998121
1.00931
1.01846
1.02434
1.02971
1.25402
1.72209
0.890454
0.893437
0.906432
0.93449
0.963872
0.980148
0.986602
0.989491
0.988977
0.981903
0.961521
0.937669
0.920761
0.910613
0.905033
0.902429
0.901181
0.901578
0.910293
0.950926
0.98402
0.995933
1.00055
0.99943
0.993262
0.979423
0.965796
0.956223
0.948439
0.940479
0.9327
0.928263
0.927502
0.928878
0.933678
0.957124
0.992892
1.00871
1.01224
1.01194
1.00685
1.0002
0.992262
0.974376
0.953315
0.941867
0.938892
0.940286
0.944194
0.95121
0.975497
1.01325
1.0302
1.03245
1.03128
1.02779
1.01892
0.998427
0.978447
0.96993
0.968564
0.969537
0.971506
0.974422
0.98486
1.0005
1.00693
1.00788
1.00885
1.01236
1.01372
1.01361
1.01338
1.00917
0.996158
0.981623
0.97344
0.970032
0.970562
0.984227
1.00867
1.02346
1.03156
1.03307
1.03075
1.02002
1.00675
0.993097
0.981876
0.97601
0.975751
0.980468
0.988068
0.998376
1.00858
1.01282
1.03064
1.25895
1.72145
0.890674
0.892102
0.894354
0.907265
0.953663
0.980264
0.986424
0.988543
0.986808
0.978201
0.965507
0.94964
0.933138
0.920234
0.91164
0.906585
0.904426
0.904828
0.91243
0.929461
0.95901
0.980684
0.989851
0.991249
0.991023
0.989452
0.982851
0.971127
0.957887
0.945025
0.933788
0.927317
0.926299
0.928254
0.935642
0.948104
0.972962
0.99943
1.00849
1.00846
1.0032
0.99779
0.992648
0.983399
0.966027
0.95276
0.947589
0.947887
0.951666
0.956604
0.965053
0.988157
1.01518
1.02636
1.0278
1.02645
1.02208
1.0104
0.991
0.977969
0.974079
0.974029
0.975071
0.975595
0.976982
0.985075
0.997764
1.00581
1.01046
1.01541
1.01889
1.01856
1.01781
1.01512
1.00325
0.985088
0.974031
0.969586
0.969226
0.975166
0.995499
1.01542
1.02645
1.02922
1.02638
1.02009
1.01396
1.0078
1.00011
0.988796
0.979686
0.977626
0.979287
0.986552
0.996781
1.00046
1.03332
1.26781
1.72243
0.893367
0.895166
0.899597
0.909722
0.931714
0.962167
0.97654
0.979125
0.977598
0.974127
0.968724
0.960492
0.948643
0.934119
0.921978
0.91454
0.912497
0.91615
0.925201
0.93026
0.933341
0.944939
0.963737
0.979034
0.988234
0.993434
0.995111
0.990652
0.973488
0.951261
0.93668
0.93094
0.930373
0.934996
0.94438
0.951376
0.957836
0.976401
0.994513
0.999464
0.997798
0.99358
0.989902
0.984398
0.975509
0.966561
0.961474
0.96153
0.963824
0.965677
0.967486
0.9715
0.989803
1.01296
1.021
1.02109
1.01967
1.01567
1.00445
0.991522
0.984854
0.98254
0.981208
0.978929
0.976436
0.976269
0.982668
0.99766
1.00955
1.01595
1.02053
1.02197
1.02169
1.01744
1.00794
0.994039
0.981173
0.975676
0.97625
0.981317
0.988551
0.999922
1.01257
1.01952
1.02043
1.01956
1.01817
1.01779
1.01371
1.00466
0.99013
0.980345
0.977745
0.977941
0.98374
0.991625
1.03666
1.28091
1.72501
0.89666
0.900936
0.912361
0.920072
0.923934
0.932756
0.950802
0.963056
0.968655
0.97045
0.97006
0.967459
0.960737
0.950073
0.938375
0.93018
0.929004
0.93274
0.934971
0.933525
0.924903
0.921117
0.927874
0.954288
0.981514
0.993374
0.996686
0.997222
0.991493
0.9715
0.950898
0.941995
0.941247
0.945074
0.950515
0.953595
0.954745
0.956376
0.968426
0.984377
0.989706
0.98964
0.988518
0.986654
0.983405
0.979579
0.978342
0.978707
0.977513
0.974248
0.970385
0.96882
0.970633
0.987111
1.00745
1.01455
1.01559
1.01625
1.01548
1.00866
1
0.99298
0.986826
0.981389
0.977295
0.975231
0.975457
0.983577
1.0022
1.01433
1.01988
1.02115
1.0182
1.01433
1.01138
1.0061
0.9967
0.989649
0.987474
0.987552
0.9881
0.988815
0.992245
1.00196
1.01107
1.01765
1.02248
1.02303
1.02075
1.01785
1.00579
0.991623
0.98287
0.975296
0.971739
0.977294
1.02969
1.28806
1.72877
0.903956
0.913799
0.923103
0.924422
0.922977
0.920628
0.920207
0.931143
0.949987
0.962087
0.967312
0.968362
0.967472
0.963707
0.958968
0.954709
0.952918
0.951358
0.946481
0.93459
0.918912
0.912114
0.912327
0.920823
0.95478
0.985348
0.995247
0.997596
0.998482
0.993599
0.976029
0.960238
0.953837
0.953239
0.954248
0.954155
0.950345
0.947614
0.949437
0.962458
0.978533
0.985002
0.986609
0.987384
0.989512
0.992616
0.99413
0.994192
0.991504
0.984253
0.973971
0.966358
0.963648
0.965241
0.980945
1.00129
1.01152
1.01711
1.02122
1.02175
1.01618
1.00574
0.993693
0.984321
0.978937
0.97629
0.975738
0.977428
0.988107
1.00487
1.01441
1.01682
1.01605
1.01432
1.01327
1.01343
1.01294
1.00678
0.998834
0.99335
0.98823
0.98352
0.98092
0.982733
0.996013
1.01276
1.0219
1.02321
1.02176
1.02148
1.01496
1.00365
0.992846
0.980676
0.970635
0.967305
1.00667
1.29034
1.73063
0.920294
0.927224
0.929342
0.927426
0.92032
0.911757
0.907552
0.907744
0.918947
0.943474
0.960514
0.967121
0.96969
0.973137
0.977392
0.978792
0.976817
0.970082
0.958014
0.936971
0.917213
0.909742
0.909327
0.911377
0.922321
0.959608
0.990717
0.999921
1.00094
1.00085
0.999123
0.987725
0.971851
0.962427
0.957847
0.95283
0.946634
0.943684
0.942924
0.945402
0.958247
0.973472
0.981608
0.987461
0.996444
1.00422
1.00613
1.00485
1.00216
0.995357
0.979388
0.964155
0.958042
0.957185
0.960291
0.97674
1.00204
1.01658
1.0214
1.02351
1.02309
1.01752
1.00516
0.992693
0.984596
0.980677
0.979516
0.980081
0.981263
0.987136
1.00025
1.00939
1.01275
1.01391
1.01686
1.02003
1.02085
1.01934
1.01155
1.00154
0.991222
0.982428
0.977783
0.976105
0.980421
1.00061
1.01876
1.02281
1.02205
1.0217
1.01695
1.01254
1.00585
0.992932
0.977017
0.965144
0.986069
1.28316
1.72964
0.936998
0.934712
0.932902
0.9232
0.914278
0.907995
0.904384
0.902938
0.903956
0.91236
0.935944
0.957402
0.970959
0.982879
0.992574
0.994506
0.993372
0.987582
0.970446
0.941959
0.920069
0.911802
0.910603
0.912506
0.917104
0.928587
0.963152
0.992635
1.00362
1.00954
1.01109
1.00994
0.996634
0.97575
0.962018
0.953567
0.947411
0.943129
0.940989
0.940337
0.942447
0.953668
0.970241
0.986066
1.00191
1.01312
1.01532
1.01255
1.00841
1.00254
0.985038
0.96413
0.955706
0.955082
0.956221
0.959547
0.979835
1.00666
1.01707
1.02011
1.02119
1.02027
1.01684
1.00754
0.996369
0.988673
0.984663
0.981832
0.979042
0.978017
0.982474
0.996993
1.00867
1.01579
1.02039
1.02266
1.02337
1.02294
1.02022
1.01203
0.998297
0.984926
0.977233
0.974956
0.975928
0.987326
1.00873
1.01851
1.01909
1.01901
1.01687
1.01484
1.01296
1.00639
0.991367
0.97417
0.977551
1.27059
1.72662
0.959541
0.941587
0.929418
0.918258
0.909667
0.905187
0.903555
0.903112
0.903023
0.90417
0.908977
0.927612
0.959281
0.986419
1.00011
1.00316
1.00348
1.0004
0.984475
0.952533
0.927608
0.917467
0.915133
0.916042
0.919194
0.922888
0.932912
0.967875
1.00236
1.01478
1.01701
1.01697
1.01467
0.996509
0.972287
0.957808
0.949639
0.94396
0.93992
0.938072
0.938187
0.941522
0.951561
0.97465
1.00292
1.01772
1.02024
1.0183
1.01337
1.00666
0.989957
0.968836
0.958281
0.956603
0.957463
0.959066
0.96477
0.982749
1.0024
1.01116
1.01519
1.01896
1.02045
1.01848
1.0105
0.998067
0.987958
0.981083
0.976819
0.974359
0.974021
0.982337
1.00229
1.01545
1.02078
1.02352
1.02395
1.02286
1.02044
1.01646
1.0074
0.993283
0.981609
0.977138
0.97711
0.981065
0.994848
1.00968
1.01411
1.01405
1.01364
1.01386
1.01353
1.01249
1.00426
0.984818
0.980226
1.2613
1.72485
0.983687
0.961653
0.933326
0.916109
0.907687
0.904957
0.904822
0.905064
0.904662
0.904706
0.906064
0.909014
0.931108
0.978368
0.999799
1.00364
1.00446
0.999638
0.981711
0.959509
0.940322
0.927914
0.92261
0.92161
0.922235
0.92451
0.929184
0.942049
0.981351
1.01229
1.0188
1.01862
1.01701
1.00953
0.98888
0.967763
0.954026
0.944955
0.938712
0.936563
0.936923
0.93948
0.943204
0.957091
0.995399
1.01674
1.01875
1.01692
1.01342
1.00765
0.995388
0.979263
0.967217
0.96281
0.962229
0.962585
0.963694
0.966526
0.97902
0.998517
1.00901
1.01422
1.0191
1.02109
1.0199
1.01175
0.996753
0.984792
0.978502
0.975007
0.97378
0.975467
0.990432
1.01032
1.01878
1.02235
1.02281
1.0223
1.02157
1.01939
1.01476
1.0032
0.988231
0.979259
0.976962
0.978444
0.984876
0.999392
1.0109
1.01301
1.01212
1.01205
1.01335
1.0141
1.011
0.988615
0.980019
1.26038
1.72461
0.986593
0.978868
0.942777
0.920437
0.911848
0.909767
0.910159
0.911017
0.909611
0.907786
0.907731
0.909841
0.920517
0.953235
0.986683
0.997572
0.998988
0.992668
0.979538
0.966448
0.953793
0.941697
0.932962
0.928884
0.928089
0.930762
0.936537
0.943304
0.955008
0.987047
1.00994
1.014
1.013
1.01119
1.00538
0.985599
0.962765
0.947885
0.940677
0.938957
0.940768
0.944865
0.948674
0.953997
0.977633
1.00606
1.01181
1.01034
1.0086
1.00586
0.999855
0.990351
0.979365
0.971352
0.967727
0.965476
0.963864
0.964281
0.966475
0.977247
0.995805
1.00671
1.01389
1.01955
1.02154
1.02057
1.01038
0.993678
0.983137
0.977653
0.97593
0.977218
0.981498
0.996021
1.01046
1.01763
1.02046
1.02212
1.02291
1.02231
1.02032
1.01156
0.995504
0.982649
0.977027
0.976535
0.979839
0.988846
1.00446
1.0125
1.01277
1.01194
1.01348
1.01476
1.01341
0.990053
0.978465
1.26075
1.7246
0.975969
0.975035
0.960124
0.93955
0.926577
0.921161
0.918561
0.916031
0.912827
0.910301
0.910435
0.91641
0.926593
0.937003
0.957281
0.97788
0.985643
0.984316
0.977509
0.969818
0.962706
0.954293
0.945177
0.938768
0.937131
0.94014
0.944761
0.94813
0.951174
0.956088
0.980071
1.00421
1.01014
1.00977
1.00693
0.999526
0.98117
0.959356
0.947883
0.945555
0.946975
0.950352
0.953277
0.955522
0.962734
0.985006
1.00108
1.00481
1.0055
1.00576
1.00254
0.996841
0.989966
0.98151
0.974909
0.970652
0.966542
0.964461
0.964046
0.964086
0.974283
0.994552
1.00791
1.01692
1.02233
1.02234
1.01973
1.00733
0.99168
0.982551
0.978344
0.977214
0.976714
0.980181
0.995192
1.01006
1.0189
1.02297
1.02456
1.02501
1.02394
1.01855
1.00572
0.990129
0.979865
0.976875
0.977693
0.981798
0.991905
1.00688
1.01267
1.01358
1.01408
1.01394
1.01331
0.992951
0.981211
1.25936
1.72432
0.957701
0.967169
0.968224
0.965217
0.951534
0.935192
0.924365
0.918824
0.916232
0.915583
0.918567
0.926269
0.931294
0.9332
0.935852
0.945265
0.960542
0.970831
0.97408
0.972446
0.968395
0.963192
0.956803
0.951993
0.951783
0.952478
0.952212
0.951058
0.94735
0.945231
0.948862
0.971417
0.997605
1.0048
1.00495
1.00436
0.999468
0.979275
0.959859
0.953542
0.953382
0.955133
0.95658
0.957386
0.958263
0.966497
0.984987
0.998664
1.0031
1.0049
1.00308
0.999591
0.997034
0.992647
0.985002
0.978013
0.972109
0.966226
0.962515
0.96111
0.961797
0.975002
0.998374
1.01277
1.01958
1.02039
1.02126
1.02011
1.00756
0.992455
0.983166
0.977855
0.975613
0.975221
0.978229
0.99344
1.01151
1.02184
1.02525
1.02599
1.02676
1.02483
1.01717
1.00147
0.986264
0.978358
0.976552
0.978689
0.983516
0.994791
1.00771
1.01155
1.01152
1.01067
1.01038
0.997975
0.990403
1.2597
1.72405
0.925488
0.955977
0.968126
0.971632
0.969726
0.957012
0.940547
0.930304
0.925723
0.925227
0.927908
0.931729
0.932496
0.931281
0.927209
0.925769
0.931849
0.949959
0.966336
0.971267
0.969736
0.966976
0.96575
0.96743
0.969456
0.967382
0.96201
0.953906
0.94557
0.940473
0.938698
0.941556
0.965878
0.994141
1.00179
1.00247
1.00268
0.99881
0.980739
0.966444
0.961051
0.959317
0.958721
0.958448
0.95806
0.961127
0.970546
0.984086
0.995301
1.00039
1.00223
1.00167
1.00144
1.00081
0.996803
0.98786
0.978933
0.971135
0.964691
0.962206
0.962004
0.963284
0.976455
0.999996
1.01331
1.01912
1.02192
1.02373
1.02232
1.00936
0.99324
0.983576
0.978541
0.975353
0.973825
0.97624
0.993605
1.01422
1.02418
1.0283
1.0291
1.02799
1.02312
1.01245
0.996559
0.984646
0.979149
0.978863
0.981697
0.984869
0.993943
1.00061
1.0022
1.00279
1.00426
0.999597
1.00932
1.26642
1.72564
0.897955
0.921729
0.953869
0.968176
0.972133
0.972578
0.965557
0.952003
0.941569
0.935755
0.933948
0.933013
0.931215
0.928565
0.923016
0.919523
0.919983
0.926051
0.944178
0.961424
0.967017
0.968443
0.974475
0.979719
0.981489
0.979625
0.972772
0.959428
0.945892
0.937853
0.934621
0.934233
0.938178
0.965675
0.991908
0.999578
1.00389
1.00703
1.0023
0.983825
0.969089
0.96251
0.960238
0.959393
0.959133
0.961301
0.965484
0.969202
0.979653
0.99298
1.00051
1.0048
1.00597
1.00571
1.00479
1.00003
0.98927
0.978694
0.970839
0.966137
0.963544
0.962495
0.964149
0.979699
1.00598
1.01836
1.02294
1.02527
1.02664
1.02361
1.00875
0.993712
0.984878
0.978802
0.974728
0.973261
0.97624
0.995652
1.01669
1.02613
1.02907
1.02927
1.02558
1.01905
1.00714
0.996029
0.988609
0.984612
0.983457
0.98289
0.980485
0.982036
0.984669
0.989377
0.999144
1.00489
1.02872
1.28019
1.72934
0.894545
0.897373
0.916172
0.948177
0.97046
0.97759
0.978784
0.976448
0.965074
0.951191
0.93964
0.93227
0.92935
0.927427
0.922968
0.918645
0.917283
0.917759
0.921847
0.937594
0.957781
0.970778
0.980776
0.987572
0.98982
0.989022
0.982351
0.967071
0.948487
0.937698
0.934287
0.933725
0.934331
0.940846
0.97058
0.996698
1.00538
1.00902
1.00861
0.999573
0.981845
0.96933
0.96466
0.963374
0.963153
0.964065
0.965245
0.965039
0.965138
0.977141
0.994936
1.00468
1.00927
1.00939
1.00813
1.00747
1.00267
0.990281
0.978435
0.970252
0.966387
0.965501
0.965759
0.968864
0.990786
1.01329
1.02149
1.02478
1.02612
1.02503
1.01959
1.00803
0.996316
0.985785
0.97645
0.971699
0.971111
0.976666
0.998716
1.01878
1.02503
1.02637
1.02496
1.02036
1.01433
1.00754
1.00072
0.993665
0.986359
0.979945
0.974402
0.967807
0.964914
0.970646
0.991903
1.00949
1.04441
1.2933
1.73407
0.89612
0.895014
0.897752
0.909007
0.943876
0.974163
0.985042
0.986423
0.984489
0.974309
0.955215
0.939189
0.93177
0.928201
0.924119
0.919607
0.917365
0.917142
0.9177
0.920492
0.93584
0.964183
0.982141
0.988942
0.991615
0.992635
0.98955
0.976736
0.956673
0.942759
0.93775
0.93624
0.935942
0.937219
0.948374
0.980173
1.00037
1.00695
1.00918
1.00538
0.99326
0.981397
0.974291
0.970948
0.969258
0.967943
0.966042
0.964015
0.963109
0.964773
0.979217
0.997631
1.0073
1.00962
1.00849
1.00798
1.00755
1.00202
0.98833
0.977477
0.972744
0.970691
0.969538
0.969951
0.979014
1.0023
1.01592
1.02083
1.02224
1.02246
1.0213
1.01833
1.01076
0.9966
0.980191
0.971387
0.970221
0.972485
0.981986
1.00298
1.01706
1.02157
1.02275
1.02133
1.02003
1.01609
1.00935
1.00102
0.99279
0.981815
0.972144
0.963837
0.956155
0.955618
0.975441
1.00318
1.04944
1.30381
1.73739
0.899894
0.895937
0.897946
0.903228
0.912081
0.943118
0.977974
0.988337
0.988118
0.984123
0.974567
0.957265
0.941343
0.932035
0.925727
0.920252
0.917664
0.917704
0.919078
0.921693
0.925973
0.946876
0.977387
0.987624
0.988585
0.988032
0.986
0.98093
0.968261
0.953034
0.944645
0.941892
0.941122
0.941716
0.947873
0.961041
0.981404
0.995788
1.00161
1.00206
0.998262
0.993591
0.987508
0.980895
0.976091
0.972824
0.969894
0.966982
0.965623
0.966993
0.969032
0.978984
0.996043
1.00547
1.00699
1.00557
1.00438
1.00255
0.996171
0.98786
0.981914
0.977795
0.976531
0.977202
0.979456
0.989606
1.00395
1.01118
1.014
1.0172
1.01985
1.02071
1.01928
1.01
0.992444
0.978271
0.974567
0.976029
0.980438
0.986405
0.999087
1.00905
1.01529
1.01936
1.01958
1.01806
1.01295
1.00511
1.00001
0.993373
0.980853
0.968816
0.958899
0.954241
0.959962
0.981825
1.03696
1.30872
1.73823
0.908488
0.902648
0.906219
0.91101
0.912612
0.915059
0.938307
0.97296
0.982945
0.984211
0.984344
0.981191
0.963619
0.941751
0.928005
0.921569
0.920295
0.921752
0.924985
0.927432
0.929276
0.934074
0.955705
0.975578
0.980919
0.983758
0.985818
0.984069
0.976039
0.964289
0.95459
0.949924
0.948824
0.949582
0.954852
0.959875
0.961701
0.968026
0.981158
0.990791
0.995164
0.995788
0.994812
0.993647
0.989712
0.983989
0.978963
0.974764
0.971947
0.970202
0.968298
0.968312
0.975475
0.992549
1.00209
1.00259
1.00223
1.00256
0.999677
0.99364
0.988905
0.985972
0.986206
0.986707
0.98559
0.985895
0.988956
0.995776
1.00326
1.01136
1.01806
1.02013
1.01956
1.01516
1.00609
0.992473
0.982321
0.980629
0.982682
0.98588
0.987386
0.989724
0.996954
1.00736
1.01259
1.01233
1.00931
1.00428
1.00178
1.00235
1.00039
0.987498
0.971936
0.959539
0.958675
0.964602
1.01323
1.30473
1.73606
0.922938
0.914648
0.915455
0.914822
0.913519
0.911692
0.911735
0.930918
0.968738
0.983774
0.985843
0.986223
0.983725
0.963988
0.93958
0.92918
0.928528
0.930899
0.932904
0.932893
0.932226
0.931822
0.93468
0.951987
0.971901
0.980838
0.984074
0.983698
0.979041
0.97343
0.96811
0.963592
0.961057
0.960628
0.962053
0.962371
0.955633
0.950252
0.952125
0.965529
0.982051
0.991873
0.998808
1.00439
1.0048
1.00067
0.993355
0.985342
0.977987
0.971706
0.966158
0.963427
0.964306
0.972721
0.990582
0.999345
1.00066
1.00051
0.998673
0.994788
0.993792
0.996844
0.998954
0.998572
0.995455
0.987673
0.980512
0.97981
0.986416
0.998513
1.01092
1.01689
1.01778
1.01556
1.01067
1.00626
0.999477
0.992769
0.989999
0.988192
0.984803
0.980374
0.97874
0.985955
0.998124
1.00337
1.00374
1.00361
1.00399
1.00555
1.01011
1.00909
0.994333
0.973805
0.961482
0.959341
0.990276
1.29058
1.73094
0.943364
0.926887
0.921985
0.917736
0.914748
0.911778
0.908095
0.907521
0.926707
0.965975
0.980716
0.984963
0.989538
0.987503
0.965371
0.945035
0.938987
0.938195
0.937431
0.935711
0.932549
0.929703
0.929051
0.932995
0.950961
0.969899
0.977832
0.980445
0.979654
0.979575
0.9814
0.982823
0.980915
0.975849
0.970723
0.963669
0.952413
0.94129
0.936626
0.938327
0.955343
0.982643
1.0007
1.01058
1.01506
1.01613
1.01342
1.00054
0.984475
0.972346
0.965244
0.961998
0.960212
0.960156
0.969936
0.986966
0.994137
0.995337
0.995864
0.998456
1.00192
1.0081
1.0115
1.01045
1.00538
0.992499
0.979816
0.974386
0.974111
0.979945
0.995031
1.0097
1.01444
1.01442
1.01249
1.01145
1.01193
1.00965
1.00152
0.99319
0.985962
0.978626
0.970879
0.968003
0.974869
0.991189
1.00198
1.00559
1.00839
1.00977
1.01434
1.01876
1.01513
0.995567
0.973812
0.963459
0.974044
1.27419
1.72505
0.966013
0.945289
0.931703
0.923058
0.916556
0.911159
0.907376
0.905368
0.905706
0.927018
0.966955
0.9832
0.989358
0.994255
0.991188
0.970319
0.95236
0.943539
0.937864
0.933558
0.930951
0.929315
0.928591
0.930058
0.934783
0.947914
0.964566
0.974194
0.979288
0.983902
0.991621
0.996933
0.997175
0.990937
0.978517
0.965382
0.952645
0.938973
0.929155
0.92753
0.931791
0.953735
0.988986
1.01137
1.02461
1.0307
1.03071
1.02031
0.99585
0.976375
0.966117
0.95989
0.956311
0.95593
0.958315
0.969242
0.982553
0.989799
0.993926
1.00004
1.01093
1.0196
1.02127
1.01953
1.01336
0.999096
0.982651
0.972772
0.969597
0.970809
0.977734
0.994212
1.00957
1.0144
1.01432
1.01441
1.01687
1.01932
1.01521
1.00402
0.99211
0.979946
0.967494
0.957882
0.956379
0.969755
0.995161
1.00787
1.01189
1.01391
1.0146
1.02027
1.02148
1.01043
0.98835
0.97508
0.978993
1.26177
1.72231
0.978489
0.970891
0.9472
0.928401
0.917323
0.913011
0.910097
0.907168
0.904961
0.906377
0.929546
0.966507
0.985899
0.996916
1.00111
0.99554
0.973251
0.951748
0.939801
0.93487
0.932801
0.931131
0.93014
0.931041
0.932667
0.933316
0.940434
0.958358
0.974384
0.9879
0.999542
1.00674
1.00782
1.00448
0.992042
0.972722
0.953411
0.936424
0.926922
0.925004
0.926308
0.931312
0.955726
1.00118
1.03073
1.04029
1.0401
1.03643
1.01681
0.987886
0.967686
0.957535
0.955241
0.955675
0.957177
0.959638
0.964154
0.972414
0.982986
0.997815
1.0166
1.02835
1.03073
1.02867
1.02217
1.00806
0.987462
0.972042
0.967434
0.967632
0.969938
0.975029
0.991771
1.01047
1.01659
1.01691
1.01897
1.02423
1.02537
1.02047
1.00627
0.986118
0.965652
0.952325
0.948644
0.95199
0.97652
1.00506
1.01457
1.01602
1.01515
1.01975
1.02255
1.01641
0.995178
0.979334
0.982175
1.26867
1.72333
0.979073
0.982706
0.968515
0.945293
0.929274
0.922651
0.918706
0.91425
0.909434
0.907534
0.910527
0.934515
0.97012
0.98877
0.998936
1.0005
0.99114
0.969287
0.952579
0.944855
0.940557
0.937144
0.934353
0.933861
0.933333
0.932525
0.931833
0.935906
0.955305
0.980694
0.998829
1.00935
1.01269
1.01283
1.009
0.98961
0.962224
0.941175
0.930087
0.926985
0.927474
0.930093
0.935641
0.970284
1.0216
1.0384
1.03903
1.0372
1.03225
1.00926
0.982051
0.966396
0.960909
0.959528
0.959142
0.959294
0.958046
0.957493
0.961207
0.980941
1.01142
1.0276
1.03218
1.03266
1.03136
1.02117
0.999084
0.979384
0.970688
0.969288
0.969569
0.970156
0.972742
0.993721
1.0108
1.01452
1.01807
1.02399
1.02836
1.02934
1.02364
1.00235
0.97452
0.955928
0.950171
0.950576
0.961281
0.99118
1.0083
1.01393
1.01523
1.02131
1.02555
1.02242
1.00166
0.978564
0.977966
1.27888
1.72631
)
;

boundaryField
{
    back
    {
        type            empty;
    }
    outlet
    {
        type            zeroGradient;
    }
    top
    {
        type            zeroGradient;
    }
    inlet
    {
        type            fixedValue;
        value           uniform 1;
    }
    bottom
    {
        type            zeroGradient;
    }
    front
    {
        type            empty;
    }
}


// ************************************************************************* //
