/*--------------------------------*- C++ -*----------------------------------*\
  =========                 |
  \\      /  F ield         | OpenFOAM: The Open Source CFD Toolbox
   \\    /   O peration     | Website:  https://openfoam.org
    \\  /    A nd           | Version:  12
     \\/     M anipulation  |
\*---------------------------------------------------------------------------*/
FoamFile
{
    format      ascii;
    class       volScalarField;
    location    "28.3";
    object      p;
}
// * * * * * * * * * * * * * * * * * * * * * * * * * * * * * * * * * * * * * //

dimensions      [1 -1 -2 0 0 0 0];

internalField   nonuniform List<scalar> 
9801
(
0.645873
0.63536
0.636132
0.638803
0.652497
0.687814
0.716703
0.724187
0.726228
0.725594
0.716385
0.696566
0.688055
0.689681
0.693271
0.698141
0.70915
0.734177
0.752796
0.75674
0.755896
0.750018
0.737851
0.731088
0.732673
0.736979
0.743532
0.751492
0.761457
0.775428
0.788321
0.794229
0.796855
0.796413
0.798009
0.80312
0.810847
0.815915
0.817155
0.819855
0.823228
0.82931
0.847459
0.873968
0.891813
0.900158
0.90476
0.908206
0.90282
0.886727
0.880002
0.881192
0.884585
0.889928
0.897634
0.918588
0.955745
0.979879
0.991269
0.99869
1.00495
1.00635
0.990031
0.974603
0.972464
0.976746
0.983568
0.997919
1.03642
1.07092
1.08862
1.10001
1.10992
1.11761
1.10215
1.07846
1.07558
1.08459
1.09887
1.14016
1.20026
1.23631
1.25677
1.27308
1.28893
1.28967
1.25563
1.22728
1.22964
1.25362
1.30115
1.4166
1.52934
1.60655
1.68196
1.75948
1.7401
3.21073
25.8006
0.654528
0.652441
0.65352
0.66654
0.677764
0.683786
0.699106
0.715026
0.721677
0.72145
0.715366
0.709243
0.704862
0.704474
0.706196
0.710345
0.722167
0.736003
0.747451
0.755366
0.759626
0.761075
0.755178
0.744303
0.741441
0.744113
0.747925
0.751849
0.756727
0.766788
0.787592
0.803175
0.809996
0.8139
0.81572
0.811779
0.80636
0.80909
0.814458
0.819243
0.823186
0.828304
0.843654
0.87473
0.895312
0.905224
0.911114
0.915623
0.913791
0.896828
0.885053
0.884814
0.888953
0.89463
0.901754
0.922505
0.959293
0.983418
0.995708
1.00345
1.00998
1.01154
0.994842
0.97795
0.975654
0.980115
0.987487
1.00051
1.03687
1.07374
1.09372
1.10618
1.11624
1.12404
1.10784
1.08338
1.08032
1.08906
1.1019
1.13048
1.18556
1.22754
1.25327
1.2735
1.29221
1.29873
1.26377
1.23527
1.23803
1.26289
1.29922
1.37592
1.47047
1.54548
1.61626
1.67608
1.63803
3.00645
26.1177
0.644916
0.650528
0.663141
0.687278
0.701965
0.70615
0.708059
0.711667
0.711371
0.705971
0.70303
0.704687
0.707475
0.710476
0.714623
0.720267
0.729218
0.736516
0.741483
0.747789
0.754306
0.758906
0.761166
0.758365
0.755349
0.753775
0.753095
0.753595
0.755759
0.761807
0.782074
0.804877
0.818025
0.825981
0.831696
0.833371
0.821573
0.813423
0.814435
0.819252
0.824981
0.830416
0.8415
0.873347
0.898414
0.909852
0.916376
0.921257
0.922141
0.908268
0.894781
0.893196
0.897148
0.90303
0.910106
0.929345
0.963696
0.986001
0.997164
1.0048
1.01104
1.0117
0.995228
0.977399
0.974031
0.979114
0.987341
0.999748
1.03571
1.07783
1.10006
1.11219
1.12171
1.12732
1.11201
1.08599
1.07864
1.08595
1.09859
1.11914
1.1739
1.22995
1.25926
1.27785
1.29521
1.30325
1.27769
1.24768
1.24161
1.25866
1.29033
1.34037
1.43416
1.52195
1.59326
1.65443
1.63123
3.01948
26.1182
0.630915
0.657277
0.683075
0.70326
0.71407
0.71921
0.713939
0.697196
0.690001
0.692318
0.698233
0.706589
0.714843
0.720308
0.724704
0.727744
0.729615
0.733093
0.737542
0.745812
0.75503
0.762272
0.767974
0.771067
0.766355
0.760291
0.756977
0.757203
0.7597
0.764211
0.784325
0.816404
0.833492
0.841024
0.846731
0.850553
0.840328
0.82038
0.81521
0.818466
0.824793
0.832192
0.843521
0.872533
0.902187
0.916685
0.924334
0.92984
0.933371
0.921784
0.904144
0.901312
0.906109
0.912709
0.919833
0.935098
0.965999
0.988373
0.999506
1.00708
1.01309
1.01384
0.998806
0.981784
0.978947
0.984832
0.993592
1.00498
1.03648
1.0784
1.10106
1.11321
1.12263
1.13054
1.12228
1.0931
1.07968
1.08589
1.09961
1.11629
1.15429
1.21326
1.2507
1.27176
1.29026
1.30687
1.3014
1.27323
1.25368
1.25381
1.2768
1.31378
1.37501
1.45599
1.52555
1.58626
1.60178
3.2342
26.2402
0.631607
0.660343
0.694475
0.711787
0.718073
0.715347
0.699472
0.689125
0.689114
0.693763
0.702172
0.71174
0.720168
0.726016
0.727064
0.724193
0.724697
0.73098
0.742069
0.752037
0.761159
0.76854
0.774533
0.778528
0.771082
0.76389
0.76307
0.765593
0.769426
0.775212
0.798043
0.830537
0.847445
0.854768
0.859644
0.860673
0.846929
0.827243
0.822684
0.826566
0.832549
0.84007
0.850476
0.873077
0.901603
0.917093
0.924662
0.929893
0.934202
0.928246
0.91174
0.907739
0.91182
0.917575
0.923817
0.933895
0.96017
0.984221
0.996453
1.00433
1.01044
1.01384
1.00384
0.985712
0.980627
0.985614
0.994207
1.00467
1.02992
1.07276
1.10002
1.11444
1.1255
1.13581
1.137
1.10941
1.08432
1.08321
1.09552
1.11165
1.13514
1.1881
1.24298
1.27466
1.29607
1.31607
1.32606
1.30663
1.27859
1.26286
1.26633
1.2946
1.33638
1.40407
1.47126
1.52676
1.55323
3.37569
26.4148
0.650706
0.670847
0.688989
0.699041
0.699444
0.693601
0.690811
0.693594
0.699442
0.705247
0.710829
0.716948
0.72301
0.723207
0.717439
0.716839
0.720317
0.733308
0.751338
0.764485
0.772919
0.779186
0.784431
0.783962
0.773977
0.769703
0.771387
0.775382
0.780141
0.789838
0.815685
0.841181
0.853302
0.859351
0.862705
0.86218
0.852107
0.838136
0.833771
0.836988
0.842405
0.847481
0.852402
0.86537
0.89246
0.911768
0.921936
0.929171
0.935398
0.93637
0.922046
0.913006
0.91324
0.916874
0.922056
0.929231
0.949947
0.978379
0.99467
1.00417
1.01135
1.01722
1.01451
0.993193
0.979639
0.982752
0.991926
1.00281
1.02347
1.06705
1.10217
1.11908
1.12999
1.14005
1.14717
1.13097
1.09841
1.08299
1.08709
1.10179
1.11998
1.15518
1.21758
1.26814
1.29957
1.3228
1.34185
1.33742
1.30498
1.27855
1.27058
1.28039
1.30858
1.35541
1.41904
1.46961
1.49813
3.46913
26.5474
0.673377
0.679952
0.676351
0.672018
0.673192
0.678638
0.689603
0.703678
0.713284
0.719485
0.723365
0.726489
0.722092
0.709881
0.705032
0.706671
0.71247
0.734491
0.763429
0.779452
0.787766
0.793437
0.79638
0.786051
0.770981
0.76892
0.772805
0.77929
0.788313
0.804287
0.828999
0.846301
0.853801
0.858016
0.86067
0.862607
0.860507
0.851981
0.845673
0.844868
0.846575
0.847689
0.850112
0.856477
0.88052
0.90825
0.922846
0.931038
0.937608
0.941976
0.930384
0.912332
0.906043
0.908442
0.914032
0.921137
0.938057
0.969978
0.992612
1.00469
1.01303
1.01981
1.02373
1.00805
0.986032
0.980722
0.988172
0.998845
1.01512
1.05458
1.1012
1.12606
1.13849
1.14816
1.15568
1.14958
1.11809
1.09279
1.08482
1.09209
1.10755
1.12916
1.17819
1.24672
1.29507
1.32326
1.34484
1.35592
1.33666
1.30597
1.28523
1.28057
1.29193
1.3198
1.37211
1.42522
1.45472
3.51637
26.5992
0.689836
0.673729
0.65765
0.65458
0.657726
0.670132
0.693745
0.715875
0.72753
0.73331
0.736689
0.731036
0.709401
0.696339
0.69553
0.698788
0.706743
0.737949
0.779269
0.79684
0.803513
0.807796
0.805483
0.786037
0.769611
0.767926
0.771275
0.778169
0.79212
0.812166
0.833146
0.84731
0.854006
0.857329
0.860532
0.865165
0.869568
0.865631
0.85588
0.848402
0.84323
0.841762
0.844313
0.849489
0.869883
0.904874
0.924969
0.934208
0.940674
0.944999
0.93619
0.912848
0.901401
0.902443
0.908569
0.916277
0.93036
0.96111
0.989821
1.00491
1.01419
1.02179
1.02902
1.02552
1.0008
0.986858
0.988869
0.998424
1.01077
1.03804
1.08966
1.12746
1.14458
1.15469
1.16211
1.16343
1.14195
1.11102
1.09627
1.09467
1.10393
1.1193
1.1433
1.20115
1.26597
1.30713
1.33347
1.3557
1.35992
1.34023
1.31202
1.29202
1.28843
1.29872
1.32743
1.37997
1.41498
3.54976
26.6566
0.685935
0.657244
0.648528
0.649323
0.654767
0.67762
0.710287
0.72871
0.736364
0.741505
0.741703
0.718211
0.693815
0.689207
0.691764
0.696853
0.710557
0.752285
0.791548
0.806273
0.812555
0.814445
0.80296
0.785661
0.775982
0.77473
0.777936
0.78439
0.79456
0.805865
0.819431
0.835797
0.850122
0.859392
0.866273
0.872214
0.877443
0.87962
0.866498
0.847667
0.837142
0.836888
0.840914
0.847158
0.866181
0.901061
0.923592
0.933983
0.940427
0.942833
0.937123
0.919827
0.905985
0.904057
0.908004
0.914954
0.925496
0.949727
0.983679
1.00479
1.01585
1.02423
1.0324
1.03807
1.02248
1.0008
0.996005
1.001
1.01035
1.02324
1.05997
1.11139
1.14041
1.1538
1.16306
1.17119
1.16927
1.14424
1.11951
1.10914
1.10788
1.11514
1.13002
1.15958
1.22126
1.27896
1.31601
1.34263
1.36364
1.35862
1.3429
1.31901
1.2972
1.28884
1.29404
1.32712
1.37063
3.57436
26.7347
0.66635
0.649068
0.649761
0.652973
0.665136
0.698383
0.725508
0.736066
0.74202
0.745235
0.728284
0.696888
0.686154
0.687435
0.690904
0.698826
0.729504
0.769864
0.794039
0.805764
0.809754
0.80349
0.79473
0.791055
0.787216
0.786708
0.791055
0.798108
0.801651
0.799453
0.800367
0.810694
0.836514
0.859118
0.871475
0.878336
0.883519
0.887475
0.877214
0.847903
0.835338
0.836257
0.840539
0.847263
0.866536
0.897792
0.918586
0.928734
0.934433
0.935757
0.935687
0.930316
0.915936
0.909501
0.912129
0.918221
0.925295
0.938216
0.970899
1.00241
1.01918
1.02986
1.03926
1.04735
1.04467
1.02075
1.00575
1.00412
1.00752
1.01522
1.02976
1.07273
1.12191
1.14927
1.16487
1.17758
1.18852
1.1834
1.1532
1.12804
1.11755
1.11832
1.12684
1.14212
1.17561
1.23459
1.28375
1.31729
1.34368
1.36061
1.35479
1.34513
1.32436
1.29773
1.27899
1.28375
1.31691
3.58035
26.7992
0.650908
0.645572
0.648525
0.657599
0.688359
0.723316
0.737086
0.743012
0.746264
0.733403
0.703354
0.6884
0.687254
0.690033
0.697743
0.722259
0.751882
0.772522
0.786713
0.792753
0.792126
0.790549
0.795037
0.80055
0.807579
0.811455
0.811665
0.808942
0.800655
0.791646
0.790048
0.794054
0.815656
0.853853
0.874516
0.882235
0.887231
0.890554
0.880242
0.853278
0.840401
0.841096
0.845347
0.852312
0.869132
0.895196
0.913322
0.922587
0.927769
0.931463
0.936799
0.941815
0.933937
0.921613
0.919223
0.921755
0.926539
0.933633
0.953481
0.993685
1.02227
1.03703
1.04674
1.05486
1.0596
1.04241
1.01569
1.00422
1.00359
1.00885
1.01859
1.03711
1.08514
1.13632
1.16608
1.18238
1.1942
1.20259
1.19515
1.16727
1.14221
1.12991
1.12869
1.13656
1.15196
1.18699
1.24039
1.28372
1.3143
1.33864
1.35248
1.3512
1.34782
1.3286
1.29315
1.2624
1.25686
3.56069
26.8669
0.648769
0.649047
0.652348
0.672253
0.712799
0.7356
0.743603
0.745952
0.733908
0.709013
0.695122
0.691899
0.694022
0.704944
0.730483
0.749784
0.757622
0.764788
0.768772
0.770316
0.772569
0.780598
0.799159
0.818512
0.829664
0.835431
0.832452
0.813851
0.792423
0.783495
0.783756
0.787446
0.803602
0.845001
0.872418
0.882591
0.888247
0.891007
0.880494
0.860118
0.849378
0.849571
0.854038
0.860083
0.869881
0.887551
0.905449
0.916854
0.924865
0.933925
0.942878
0.950304
0.954387
0.941079
0.92691
0.922666
0.925202
0.931449
0.941699
0.976056
1.02058
1.04347
1.05457
1.06272
1.06851
1.06267
1.03286
1.01105
1.0063
1.00941
1.01582
1.02705
1.04715
1.09673
1.14726
1.17594
1.19289
1.20765
1.21946
1.21403
1.18389
1.15416
1.13868
1.13708
1.1446
1.15856
1.1916
1.24078
1.28133
1.31014
1.33219
1.34718
1.35253
1.34909
1.32645
1.28011
1.22314
3.5068
26.9596
0.651774
0.655527
0.670699
0.702123
0.726876
0.738471
0.740732
0.731467
0.713038
0.703594
0.702079
0.705533
0.719916
0.742773
0.756387
0.759887
0.753344
0.743762
0.742606
0.750527
0.766855
0.789912
0.816686
0.834316
0.842669
0.847748
0.840057
0.806943
0.782397
0.77792
0.780566
0.786365
0.806625
0.844598
0.870556
0.881872
0.888165
0.889192
0.880264
0.86828
0.860573
0.8591
0.861013
0.863772
0.867497
0.874359
0.893613
0.915204
0.929981
0.941631
0.953845
0.963804
0.970972
0.966498
0.940625
0.925359
0.923758
0.929354
0.936951
0.956713
1.00639
1.04468
1.05973
1.06759
1.07152
1.07344
1.06
1.03147
1.01727
1.01616
1.01972
1.02532
1.03544
1.05239
1.10014
1.15468
1.18881
1.20875
1.22291
1.23283
1.22535
1.19543
1.163
1.14524
1.14304
1.1505
1.16299
1.19571
1.24376
1.28298
1.31052
1.33103
1.34539
1.3491
1.34257
1.30507
1.23016
3.43335
27.0779
0.658712
0.677852
0.700995
0.716365
0.726676
0.729779
0.723958
0.712004
0.709581
0.712834
0.721174
0.740484
0.756594
0.7648
0.76703
0.753328
0.731177
0.723614
0.725461
0.736059
0.77054
0.813003
0.834788
0.842604
0.847752
0.850386
0.831934
0.793153
0.776538
0.776396
0.779653
0.788049
0.81481
0.851502
0.871879
0.881691
0.886958
0.885578
0.881082
0.8763
0.869689
0.865138
0.861915
0.861197
0.863927
0.869014
0.881913
0.911702
0.938261
0.956624
0.968731
0.977176
0.983725
0.984349
0.959043
0.932049
0.925567
0.928355
0.934639
0.946438
0.983685
1.03581
1.06237
1.07204
1.07646
1.08053
1.08382
1.06954
1.04555
1.03364
1.03097
1.03038
1.02917
1.03356
1.04955
1.10102
1.162
1.1974
1.21776
1.23261
1.23854
1.2256
1.19649
1.16666
1.15015
1.14805
1.15522
1.16885
1.20139
1.24809
1.28627
1.31163
1.32989
1.34015
1.34001
1.31896
1.26092
3.37875
27.1934
0.683579
0.704941
0.71072
0.713466
0.711427
0.708982
0.709173
0.711587
0.718181
0.738386
0.763328
0.776197
0.781553
0.780602
0.760216
0.727856
0.715584
0.715913
0.719738
0.731879
0.779349
0.829229
0.845319
0.851928
0.854175
0.839804
0.806795
0.783835
0.777681
0.779206
0.783409
0.796118
0.825227
0.854265
0.871328
0.879011
0.881081
0.879829
0.879854
0.880444
0.877576
0.870053
0.864577
0.861764
0.86316
0.868606
0.876912
0.903258
0.944101
0.968691
0.982294
0.989777
0.995113
0.995353
0.977294
0.946143
0.933104
0.93458
0.942687
0.953589
0.966573
1.004
1.04836
1.06994
1.07854
1.08472
1.09406
1.1036
1.0924
1.06425
1.04528
1.03318
1.02473
1.02571
1.03405
1.05384
1.11235
1.17448
1.20618
1.22232
1.23285
1.23024
1.2172
1.1969
1.17393
1.15826
1.1541
1.1575
1.16843
1.20044
1.24989
1.28711
1.30986
1.3248
1.32896
1.31989
1.29193
3.35837
27.2884
0.706626
0.71526
0.710788
0.693217
0.686436
0.689928
0.700977
0.719241
0.750958
0.778494
0.789982
0.794574
0.796803
0.782119
0.737143
0.713604
0.711729
0.714828
0.721479
0.745158
0.798154
0.834526
0.84942
0.854949
0.845184
0.816592
0.795851
0.78638
0.783486
0.787487
0.799332
0.816535
0.829962
0.844835
0.859137
0.867268
0.871332
0.874197
0.879444
0.885878
0.890008
0.884545
0.873781
0.867678
0.867805
0.872277
0.878235
0.89321
0.93656
0.973953
0.989234
0.997753
1.00344
1.00527
0.9981
0.973077
0.951895
0.947792
0.951341
0.957186
0.962979
0.971862
1.00691
1.05218
1.07712
1.09283
1.10925
1.11876
1.12399
1.10476
1.06663
1.03868
1.02795
1.02865
1.03576
1.04529
1.06845
1.12406
1.17201
1.19721
1.21317
1.22265
1.22148
1.21883
1.20779
1.185
1.16238
1.15032
1.14881
1.15908
1.1975
1.25017
1.28531
1.3042
1.3143
1.31221
1.31124
3.37817
27.3813
0.718622
0.714525
0.690047
0.677617
0.677454
0.681739
0.696388
0.742756
0.788135
0.80294
0.807307
0.807358
0.796234
0.758453
0.728133
0.717161
0.716572
0.720618
0.738075
0.773502
0.806456
0.83006
0.83824
0.833018
0.815883
0.805869
0.802098
0.799433
0.803315
0.812539
0.82355
0.830134
0.829776
0.827283
0.830882
0.84713
0.864226
0.87581
0.885101
0.894244
0.902616
0.907736
0.897918
0.88133
0.874572
0.874653
0.878595
0.885181
0.912219
0.962426
0.991221
1.00283
1.00842
1.0112
1.01426
1.00517
0.977962
0.960671
0.957024
0.957991
0.958063
0.961871
0.973031
1.01103
1.06427
1.09765
1.11305
1.12105
1.12637
1.12938
1.10906
1.06977
1.04652
1.04148
1.04511
1.05228
1.06109
1.08028
1.12065
1.16064
1.18936
1.20793
1.22033
1.22552
1.22771
1.21854
1.18754
1.15271
1.13609
1.13768
1.1528
1.19616
1.25024
1.28128
1.29621
1.29878
1.31775
3.43739
27.4868
0.727427
0.697809
0.676278
0.673572
0.675966
0.680481
0.705068
0.764579
0.797848
0.808783
0.813445
0.806771
0.772571
0.745351
0.733338
0.728747
0.732777
0.75072
0.77607
0.789233
0.797851
0.803594
0.80369
0.801588
0.801393
0.806923
0.817164
0.82966
0.838585
0.841752
0.840057
0.831535
0.816075
0.806232
0.806866
0.820374
0.852995
0.880151
0.899577
0.912743
0.921039
0.926588
0.921202
0.895778
0.8779
0.874327
0.876911
0.882244
0.894197
0.935125
0.982382
1.00385
1.01217
1.0174
1.02162
1.02427
1.01085
0.982434
0.966656
0.962163
0.962461
0.963579
0.965269
0.97459
1.00922
1.06554
1.09875
1.1139
1.12388
1.13221
1.13689
1.11653
1.082
1.06145
1.0551
1.05551
1.05906
1.06558
1.07895
1.11206
1.15491
1.1878
1.20775
1.22088
1.22947
1.23258
1.2188
1.17701
1.14066
1.12957
1.13559
1.15135
1.19846
1.2479
1.27266
1.27811
1.30878
3.52766
27.6221
0.723361
0.694605
0.681229
0.679655
0.683541
0.699408
0.732082
0.769679
0.797028
0.804741
0.79845
0.774836
0.759392
0.751611
0.74899
0.75624
0.773783
0.790803
0.797529
0.79432
0.775315
0.76463
0.768571
0.784302
0.802952
0.822453
0.845418
0.86107
0.86886
0.869573
0.850845
0.817695
0.79615
0.791904
0.794996
0.80435
0.840509
0.890484
0.91742
0.928803
0.934535
0.935583
0.931667
0.909549
0.882731
0.875647
0.87819
0.886179
0.899235
0.912345
0.947982
0.989665
1.00949
1.01744
1.0182
1.02176
1.02666
1.01822
0.992298
0.974777
0.967818
0.962332
0.958857
0.961143
0.969427
1.00165
1.06142
1.10119
1.11951
1.13074
1.13942
1.14314
1.12623
1.09666
1.07381
1.06245
1.06047
1.06368
1.06919
1.07967
1.11204
1.15802
1.19133
1.21109
1.22464
1.23195
1.23116
1.21074
1.1686
1.13947
1.13346
1.13709
1.15127
1.19732
1.23634
1.24897
1.28609
3.64413
27.7929
0.714227
0.696565
0.694014
0.698736
0.711204
0.728219
0.74201
0.757615
0.767942
0.767973
0.759386
0.753532
0.757484
0.766215
0.784157
0.801507
0.809681
0.811344
0.801427
0.76917
0.746611
0.742082
0.745875
0.767483
0.813256
0.853807
0.873485
0.881476
0.885653
0.882623
0.849708
0.803601
0.78715
0.786884
0.790632
0.801614
0.835636
0.8923
0.921967
0.932264
0.936252
0.932336
0.924864
0.917098
0.898852
0.88595
0.886705
0.896213
0.903859
0.907682
0.913523
0.941054
0.981238
1.00227
1.01352
1.02407
1.03322
1.03979
1.03046
0.997517
0.971905
0.960575
0.956804
0.955362
0.95696
0.964529
0.994152
1.05595
1.10108
1.12231
1.13483
1.14264
1.14282
1.1319
1.11065
1.08762
1.07348
1.06962
1.07056
1.07505
1.08635
1.12293
1.17127
1.20113
1.21857
1.22956
1.23377
1.22889
1.2053
1.16934
1.14404
1.13441
1.13387
1.14388
1.18479
1.21158
1.25731
3.77665
27.9858
0.717194
0.711011
0.715674
0.72729
0.736761
0.740671
0.7403
0.73019
0.725743
0.734742
0.748026
0.758789
0.773934
0.80065
0.821324
0.830498
0.83373
0.819929
0.774506
0.740698
0.732258
0.733807
0.739195
0.76331
0.828619
0.874223
0.887601
0.89403
0.893186
0.870387
0.829561
0.800885
0.790236
0.789917
0.796258
0.819392
0.848984
0.87906
0.9088
0.922202
0.924012
0.918027
0.92023
0.925726
0.92806
0.916746
0.906562
0.90521
0.904904
0.899331
0.895218
0.900684
0.932293
0.981456
1.01076
1.0251
1.03475
1.04171
1.04744
1.03634
0.998341
0.96962
0.957129
0.952828
0.953805
0.958525
0.966452
0.992146
1.05125
1.09686
1.11857
1.13145
1.14144
1.1483
1.1465
1.12961
1.10267
1.0833
1.07589
1.07546
1.07879
1.09562
1.14125
1.18662
1.2116
1.2254
1.23166
1.23407
1.22748
1.20565
1.17419
1.14345
1.12466
1.11761
1.12763
1.16279
1.22037
3.90226
28.1516
0.735087
0.735153
0.737957
0.741108
0.742657
0.735093
0.712709
0.698715
0.697803
0.705384
0.734924
0.777979
0.815202
0.83328
0.839067
0.841799
0.837299
0.797083
0.748686
0.729979
0.728675
0.731358
0.740746
0.782812
0.848635
0.879151
0.89009
0.894341
0.878304
0.844883
0.821816
0.807197
0.800521
0.803627
0.823728
0.847134
0.854835
0.859052
0.869006
0.891944
0.907791
0.916292
0.924827
0.939123
0.953098
0.956204
0.935875
0.911595
0.895885
0.88534
0.882832
0.886938
0.897209
0.936343
0.991822
1.02327
1.03678
1.04441
1.04976
1.05248
1.03765
1.00241
0.97414
0.96071
0.958759
0.961937
0.965184
0.970244
0.988083
1.03914
1.09123
1.12463
1.14362
1.15558
1.16252
1.15998
1.14313
1.11202
1.08611
1.07566
1.07643
1.08446
1.10734
1.15541
1.19654
1.21792
1.22738
1.23369
1.23574
1.22665
1.20846
1.17604
1.13714
1.10827
1.09534
1.10285
1.1722
3.99425
28.2437
0.758357
0.758574
0.751118
0.744518
0.725915
0.703209
0.691358
0.690311
0.693219
0.697972
0.723392
0.795463
0.837118
0.847693
0.852095
0.846078
0.809824
0.764178
0.739097
0.731947
0.732084
0.736505
0.761783
0.811664
0.852531
0.87543
0.882273
0.871323
0.842961
0.827922
0.825318
0.823613
0.826096
0.83754
0.851506
0.857179
0.852856
0.839912
0.838721
0.854768
0.892981
0.922193
0.943932
0.963304
0.973824
0.978292
0.964958
0.92344
0.891449
0.881062
0.881911
0.88803
0.896613
0.910176
0.949183
1.00198
1.02985
1.04001
1.04337
1.04649
1.05229
1.04989
1.02132
0.989485
0.973249
0.965728
0.962615
0.965012
0.97093
0.986494
1.03835
1.10086
1.13592
1.15085
1.1596
1.16205
1.16178
1.15174
1.11965
1.09032
1.0793
1.08203
1.09005
1.1138
1.16214
1.20269
1.22216
1.22887
1.23314
1.23313
1.22575
1.20932
1.17396
1.12378
1.09041
1.06744
1.10493
4.01927
28.2751
0.771748
0.774659
0.75805
0.728847
0.700827
0.685746
0.683414
0.685983
0.690303
0.703123
0.749131
0.806589
0.83747
0.848119
0.849113
0.82196
0.780154
0.754881
0.742597
0.739754
0.745294
0.770781
0.804526
0.824457
0.838854
0.848284
0.845342
0.835162
0.827456
0.82919
0.834383
0.850911
0.869898
0.877973
0.875093
0.859195
0.836964
0.82695
0.828233
0.835121
0.866111
0.924067
0.963689
0.98056
0.987355
0.988768
0.979522
0.946063
0.904415
0.888694
0.889172
0.899756
0.91311
0.921701
0.926713
0.946459
0.990236
1.02065
1.03584
1.04994
1.06156
1.06838
1.06519
1.03395
0.993766
0.970131
0.964276
0.967422
0.973103
0.980649
0.999298
1.04367
1.0985
1.13243
1.14819
1.15709
1.16232
1.16936
1.16372
1.1281
1.09524
1.08322
1.08648
1.0936
1.11554
1.16471
1.20394
1.22003
1.22537
1.2292
1.23044
1.22072
1.20838
1.16523
1.11008
1.06651
1.042
3.95649
28.2835
0.771658
0.765628
0.738655
0.715768
0.697576
0.687711
0.686215
0.688888
0.701152
0.733376
0.767965
0.799602
0.819877
0.823476
0.809861
0.785444
0.767836
0.759317
0.758826
0.76719
0.79087
0.816268
0.827372
0.828194
0.816395
0.803654
0.804994
0.817835
0.829654
0.843346
0.869163
0.895577
0.908612
0.911745
0.894013
0.854054
0.828563
0.823555
0.825766
0.831531
0.85357
0.914236
0.966905
0.984971
0.988005
0.975366
0.962965
0.955255
0.939029
0.922254
0.918833
0.922846
0.925928
0.922258
0.917345
0.9178
0.93274
0.977903
1.02494
1.05088
1.06162
1.06755
1.07352
1.07148
1.04299
1.00577
0.985252
0.981075
0.983517
0.988118
0.995061
1.00417
1.03711
1.09705
1.1357
1.15389
1.16606
1.17336
1.17872
1.16963
1.13021
1.09588
1.08686
1.09172
1.09727
1.11545
1.16192
1.1982
1.21269
1.21918
1.22673
1.22082
1.2169
1.19934
1.14781
1.08302
1.02515
3.81687
28.2934
0.751196
0.739006
0.728723
0.718388
0.703303
0.697243
0.700316
0.712626
0.738608
0.757442
0.76572
0.772796
0.776344
0.778701
0.779986
0.778661
0.776347
0.78009
0.795956
0.817238
0.829821
0.834514
0.834044
0.813118
0.782313
0.771249
0.774435
0.794419
0.833931
0.878213
0.915832
0.931168
0.936466
0.931548
0.900198
0.857391
0.835277
0.830053
0.834155
0.853182
0.872704
0.89347
0.932118
0.958955
0.965139
0.962804
0.96412
0.967183
0.97436
0.976587
0.962805
0.946038
0.932384
0.919152
0.908502
0.905064
0.909078
0.923878
0.972762
1.02608
1.05274
1.06719
1.07625
1.08138
1.07508
1.05253
1.0228
1.00203
0.993682
0.991683
0.991448
0.993932
1.00377
1.04636
1.1116
1.14942
1.16518
1.17169
1.17731
1.18138
1.16684
1.12817
1.10249
1.0935
1.09255
1.09517
1.10981
1.15543
1.18971
1.20554
1.21576
1.21673
1.21171
1.20712
1.17952
1.11943
1.04269
3.64778
28.3518
0.727085
0.72845
0.730028
0.730245
0.729041
0.729149
0.733873
0.744042
0.754414
0.759114
0.753735
0.73708
0.732605
0.742697
0.764111
0.78079
0.798569
0.823469
0.843419
0.853093
0.856864
0.850174
0.821054
0.780344
0.760835
0.7591
0.763041
0.774293
0.825738
0.909518
0.944326
0.955231
0.957219
0.94509
0.910149
0.870747
0.850135
0.846494
0.857309
0.872739
0.878063
0.879366
0.879165
0.900769
0.934485
0.955876
0.96947
0.989083
1.00714
1.01389
1.0062
0.978911
0.944637
0.914946
0.899484
0.898258
0.904032
0.911598
0.927267
0.985824
1.04762
1.07149
1.07949
1.08291
1.08052
1.07603
1.06632
1.04309
1.01731
1.00159
0.996132
0.998017
1.0049
1.01652
1.05965
1.12093
1.15288
1.16559
1.16948
1.17467
1.17828
1.16477
1.13763
1.11109
1.09371
1.08556
1.08521
1.10214
1.14598
1.18033
1.19892
1.20856
1.20381
1.20151
1.19342
1.15542
1.09581
3.50147
28.4653
0.717486
0.735245
0.743025
0.750225
0.757942
0.76353
0.765138
0.763056
0.759403
0.743768
0.723776
0.71558
0.716671
0.722929
0.746224
0.789816
0.83307
0.857802
0.866502
0.869382
0.870168
0.85368
0.798751
0.76298
0.754601
0.756071
0.761316
0.785973
0.850968
0.914459
0.947508
0.958731
0.953272
0.929247
0.912094
0.896592
0.880506
0.873817
0.876361
0.880078
0.874737
0.859247
0.854044
0.861034
0.890829
0.938059
0.9806
1.01018
1.02584
1.03222
1.03306
1.0166
0.967008
0.920122
0.903583
0.903356
0.909123
0.918575
0.934816
0.961054
1.00584
1.04642
1.06472
1.07228
1.07688
1.07966
1.08527
1.08885
1.07478
1.04525
1.02305
1.0122
1.00785
1.00852
1.0182
1.06298
1.12082
1.15117
1.16259
1.17023
1.17805
1.18441
1.17174
1.14754
1.11428
1.08645
1.07356
1.07168
1.09043
1.13439
1.17237
1.19398
1.19796
1.19319
1.19273
1.17524
1.15338
3.4245
28.6137
0.704775
0.745295
0.762256
0.77145
0.776599
0.780206
0.78212
0.777524
0.754693
0.727391
0.713421
0.711122
0.713512
0.718218
0.735403
0.791654
0.846118
0.86819
0.87668
0.880769
0.869481
0.826154
0.785549
0.764282
0.758297
0.76069
0.785002
0.827194
0.85739
0.890023
0.919307
0.929598
0.924067
0.916828
0.917643
0.919658
0.916574
0.904258
0.88775
0.869843
0.854938
0.846001
0.845174
0.849019
0.858684
0.897808
0.967671
1.01141
1.02545
1.02847
1.01888
1.00041
0.978124
0.950382
0.930687
0.929379
0.937473
0.950209
0.961973
0.965317
0.969333
0.985079
1.01804
1.04978
1.0711
1.0885
1.10448
1.11722
1.12305
1.1049
1.06347
1.02775
1.00932
1.00381
1.00594
1.01717
1.06351
1.12478
1.15888
1.172
1.1787
1.18671
1.18968
1.17776
1.15277
1.10613
1.07196
1.05938
1.06033
1.079
1.12624
1.16821
1.18733
1.18558
1.18574
1.17759
1.18599
3.4212
28.7724
0.69466
0.744721
0.771711
0.782285
0.787686
0.788277
0.782966
0.773614
0.755364
0.732525
0.719196
0.7171
0.722445
0.736006
0.754565
0.787199
0.839187
0.867332
0.875531
0.871617
0.847257
0.816799
0.791824
0.775994
0.774929
0.793078
0.831966
0.850879
0.854838
0.854613
0.855411
0.873623
0.896546
0.912529
0.926512
0.937117
0.942046
0.932814
0.901445
0.871853
0.855655
0.849251
0.850123
0.858211
0.870935
0.885778
0.91615
0.964524
0.989311
0.993963
0.993439
0.991285
0.990977
0.994255
0.991344
0.982081
0.97626
0.973609
0.968151
0.958153
0.949006
0.94949
0.961107
1.00793
1.06968
1.10704
1.12596
1.13798
1.14052
1.13528
1.11032
1.05965
1.02097
1.00541
1.00441
1.0082
1.02001
1.06393
1.12598
1.16267
1.1783
1.1878
1.19507
1.18716
1.17858
1.14961
1.09438
1.06147
1.05155
1.05447
1.0725
1.12338
1.16319
1.17442
1.17482
1.16828
1.19869
3.46634
28.9085
0.701849
0.730037
0.766092
0.783735
0.789383
0.788966
0.787473
0.780116
0.765427
0.749021
0.741326
0.74239
0.74812
0.753861
0.759925
0.77325
0.80506
0.837353
0.848082
0.846028
0.83246
0.822997
0.813123
0.809591
0.81852
0.84093
0.854522
0.856452
0.843964
0.816608
0.806244
0.814329
0.852898
0.899305
0.927075
0.938922
0.942818
0.942047
0.929271
0.898903
0.873679
0.864388
0.865876
0.87226
0.877918
0.879964
0.878709
0.887607
0.919752
0.953139
0.974446
0.99176
1.0144
1.03441
1.04326
1.03869
1.01976
0.990766
0.961571
0.943534
0.935492
0.935787
0.94012
0.964612
1.03931
1.1037
1.12788
1.13709
1.13688
1.13364
1.12829
1.09943
1.05099
1.02159
1.01357
1.01368
1.01291
1.02096
1.05818
1.12478
1.16635
1.18264
1.18836
1.18889
1.18449
1.18082
1.14127
1.0845
1.05588
1.04899
1.05088
1.0715
1.12238
1.15154
1.15792
1.15241
1.19575
3.53765
29.0198
0.70652
0.710245
0.731489
0.764196
0.779036
0.789454
0.796052
0.800662
0.798277
0.787557
0.777806
0.769008
0.762354
0.760251
0.758849
0.759482
0.766233
0.794574
0.824691
0.836277
0.83841
0.839159
0.844029
0.859001
0.875774
0.879587
0.871387
0.84746
0.811037
0.789447
0.784999
0.788624
0.805828
0.858239
0.911118
0.932729
0.94097
0.94683
0.952947
0.947521
0.920209
0.895566
0.883892
0.880258
0.875858
0.863408
0.853134
0.852342
0.862459
0.893406
0.942056
0.995493
1.03771
1.06018
1.06901
1.07236
1.06076
1.01847
0.970062
0.943402
0.935721
0.936463
0.944783
0.972079
1.00631
1.05983
1.10541
1.12344
1.12532
1.11744
1.11554
1.11353
1.09017
1.0579
1.03603
1.02221
1.01427
1.01066
1.01415
1.05081
1.11964
1.16217
1.18091
1.19116
1.19048
1.18768
1.17303
1.12769
1.0801
1.05248
1.04488
1.04689
1.07308
1.11287
1.132
1.13287
1.18614
3.62061
29.1282
0.697516
0.691879
0.696138
0.735544
0.778305
0.803436
0.820445
0.831968
0.838203
0.829237
0.801866
0.780294
0.764644
0.753543
0.748776
0.747455
0.748844
0.756687
0.788038
0.824537
0.845858
0.862912
0.890278
0.911466
0.916899
0.908594
0.874654
0.819921
0.783456
0.77255
0.773054
0.777192
0.786117
0.810194
0.86998
0.922161
0.945249
0.958461
0.967809
0.971634
0.965424
0.938459
0.906875
0.883861
0.866855
0.853878
0.844137
0.842067
0.845678
0.853533
0.888231
0.975464
1.04043
1.06187
1.07002
1.07353
1.06486
1.04194
1.00373
0.965749
0.949778
0.949585
0.964012
0.983066
0.990459
1.00176
1.0438
1.08176
1.09706
1.10153
1.10502
1.10988
1.11044
1.09904
1.07291
1.04253
1.02109
1.00766
1.00221
1.00633
1.04622
1.11863
1.16414
1.18247
1.18714
1.1833
1.17814
1.15871
1.12516
1.08293
1.05305
1.04353
1.04435
1.06602
1.09704
1.10932
1.17422
3.70933
29.2315
0.681616
0.677963
0.6803
0.707443
0.779744
0.831022
0.850985
0.859282
0.86331
0.850687
0.810518
0.773492
0.75666
0.749369
0.745634
0.743403
0.741917
0.7428
0.749062
0.781846
0.839494
0.896831
0.937286
0.951216
0.953985
0.935792
0.873908
0.805717
0.775387
0.76837
0.769611
0.777159
0.78669
0.799553
0.826875
0.892467
0.94763
0.965423
0.969614
0.972015
0.971815
0.96675
0.946846
0.912051
0.880577
0.859083
0.847905
0.847831
0.853881
0.862369
0.881763
0.929546
0.998349
1.03745
1.04943
1.05091
1.04204
1.037
1.03257
1.01608
0.993161
0.982767
0.983791
0.98544
0.977686
0.974302
0.982092
1.02433
1.07125
1.09286
1.10123
1.10892
1.11874
1.12188
1.10686
1.07627
1.03837
1.00952
0.99734
0.996733
1.0054
1.04716
1.11761
1.15943
1.17548
1.1774
1.17564
1.17132
1.15778
1.13131
1.09103
1.05464
1.03938
1.0371
1.05668
1.08343
1.16233
3.7913
29.2874
0.671689
0.670756
0.677899
0.700649
0.774749
0.841401
0.86065
0.86806
0.870984
0.857086
0.818376
0.779786
0.760844
0.753891
0.749904
0.745403
0.740674
0.739661
0.741923
0.752892
0.815148
0.915482
0.95164
0.961419
0.956358
0.912136
0.853525
0.810623
0.784796
0.775742
0.776802
0.786361
0.804228
0.826727
0.849833
0.875203
0.910231
0.942319
0.954621
0.95684
0.956121
0.95384
0.954109
0.951392
0.928711
0.896549
0.877386
0.87383
0.877742
0.884285
0.894878
0.904833
0.925
0.969024
1.00989
1.02925
1.0375
1.04353
1.04986
1.05787
1.05469
1.03063
1.00137
0.977555
0.961321
0.952795
0.953778
0.971036
1.0256
1.07573
1.10076
1.11382
1.12284
1.12979
1.12467
1.1056
1.07043
1.031
1.00771
1.00018
1.00199
1.00891
1.04391
1.10581
1.1487
1.16916
1.17514
1.17722
1.17362
1.16222
1.14313
1.10176
1.05702
1.03246
1.02826
1.04073
1.13899
3.87811
29.31
0.671277
0.672045
0.690657
0.727615
0.779202
0.830491
0.857309
0.866198
0.863693
0.842785
0.821177
0.798936
0.778184
0.765937
0.757794
0.747943
0.739597
0.738027
0.744416
0.777675
0.83957
0.898943
0.937088
0.944685
0.91188
0.870502
0.844602
0.825052
0.807324
0.798191
0.800076
0.81586
0.841175
0.862263
0.873758
0.872112
0.864843
0.872385
0.900177
0.927537
0.944017
0.956486
0.966886
0.97482
0.976654
0.956796
0.924846
0.905018
0.897397
0.896442
0.896699
0.893599
0.893555
0.902196
0.94349
1.0044
1.0421
1.0582
1.07136
1.08249
1.08833
1.07437
1.02822
0.980926
0.953678
0.944639
0.948382
0.957144
0.978393
1.03977
1.09173
1.11226
1.11909
1.12207
1.11256
1.10236
1.09568
1.07361
1.04252
1.01939
1.00674
1.00329
1.00524
1.02808
1.08714
1.14159
1.16866
1.17726
1.17931
1.1793
1.16953
1.15472
1.11083
1.05685
1.02157
1.00472
1.08731
3.9472
29.3329
0.675998
0.685283
0.725796
0.754013
0.769898
0.794128
0.825437
0.842142
0.846157
0.840054
0.832493
0.822555
0.802834
0.778908
0.758368
0.743351
0.7381
0.741989
0.780162
0.830846
0.851827
0.862021
0.869043
0.861203
0.850802
0.84976
0.852086
0.850625
0.842092
0.836608
0.844493
0.864754
0.880705
0.888206
0.883903
0.856229
0.830854
0.825888
0.837522
0.874155
0.923077
0.959333
0.980904
0.994959
1.00231
1.00207
0.982475
0.949904
0.922954
0.905506
0.895212
0.889303
0.884351
0.884042
0.891865
0.939061
1.01698
1.06323
1.08274
1.09357
1.09449
1.08891
1.06203
1.0016
0.961769
0.950509
0.95476
0.966157
0.980281
1.00497
1.05588
1.09188
1.10113
1.10152
1.0993
1.09691
1.10242
1.10578
1.09278
1.06112
1.02598
1.00372
0.996829
0.997714
1.01344
1.07412
1.13794
1.17009
1.17993
1.18666
1.18218
1.1736
1.16118
1.11419
1.05103
0.99675
1.02586
3.94599
29.3597
0.698308
0.71709
0.749793
0.764209
0.767737
0.771094
0.787873
0.816754
0.837237
0.845323
0.844035
0.83923
0.82451
0.789362
0.755892
0.746077
0.747818
0.784663
0.838604
0.857883
0.859042
0.830155
0.784008
0.771584
0.787602
0.819477
0.842207
0.855792
0.876062
0.900767
0.918062
0.921136
0.917207
0.904313
0.867941
0.827543
0.808398
0.806188
0.810321
0.822091
0.868685
0.94343
0.986818
1.00267
1.01133
1.01811
1.01903
1.00318
0.972893
0.938167
0.909942
0.894873
0.888647
0.88714
0.89079
0.904216
0.959472
1.04057
1.07867
1.08958
1.08272
1.06598
1.05169
1.02879
0.997123
0.982574
0.983435
0.988904
0.99657
1.00158
1.0065
1.03205
1.05821
1.07185
1.08464
1.10131
1.11056
1.12
1.123
1.10776
1.06882
1.02468
0.998587
0.990613
0.989691
1.00638
1.06895
1.13805
1.17221
1.18259
1.18472
1.17731
1.17199
1.15752
1.10607
1.02856
0.995548
3.86938
29.4077
0.727074
0.740689
0.757006
0.763363
0.765421
0.768523
0.772575
0.783746
0.806309
0.825729
0.83317
0.825122
0.801795
0.780949
0.769742
0.766046
0.79826
0.851265
0.870959
0.870373
0.843865
0.772357
0.72756
0.719273
0.729804
0.762595
0.808401
0.85683
0.920256
0.973435
0.989872
0.981132
0.954351
0.906791
0.850581
0.814938
0.803106
0.804141
0.808855
0.815081
0.833211
0.893774
0.966005
1.00037
1.01363
1.02106
1.02823
1.03276
1.02738
0.994465
0.948213
0.916693
0.903269
0.898731
0.901502
0.91198
0.927169
0.972163
1.03245
1.0582
1.0582
1.05277
1.05277
1.05194
1.04568
1.0376
1.02383
1.01198
1.00516
0.991391
0.975662
0.977617
0.999602
1.03263
1.06964
1.10376
1.12551
1.13301
1.13639
1.13094
1.10747
1.06597
1.01847
0.990962
0.982142
0.984866
1.00402
1.06448
1.13624
1.16806
1.17933
1.17454
1.16927
1.16497
1.14363
1.07852
1.01387
3.74769
29.4812
0.754558
0.756393
0.758011
0.764033
0.773175
0.782127
0.785357
0.773361
0.759793
0.759969
0.774153
0.784484
0.786301
0.787554
0.791731
0.833938
0.882773
0.895673
0.890194
0.862507
0.790879
0.730173
0.706307
0.702972
0.707384
0.71937
0.753859
0.84436
0.957368
1.01623
1.03175
1.02967
1.00334
0.935555
0.857649
0.818998
0.808397
0.810909
0.818196
0.829976
0.847006
0.867209
0.902686
0.959567
1.00122
1.02352
1.0387
1.04907
1.04769
1.02868
0.99636
0.953327
0.924889
0.912118
0.909575
0.917682
0.925005
0.930687
0.956421
1.00254
1.03507
1.0484
1.05478
1.06851
1.08902
1.08915
1.07031
1.044
1.01433
0.979811
0.956286
0.949949
0.958217
0.982406
1.03881
1.10002
1.12928
1.13615
1.13756
1.13548
1.12128
1.10234
1.0658
1.01491
0.986726
0.977093
0.982697
0.998889
1.06422
1.13445
1.16251
1.16887
1.16377
1.16143
1.15571
1.11696
1.07129
3.65046
29.5765
0.776867
0.773317
0.772593
0.781371
0.796599
0.803318
0.793852
0.750694
0.70729
0.69127
0.697906
0.728417
0.761434
0.790343
0.852528
0.923043
0.943173
0.93671
0.901882
0.829438
0.750662
0.709167
0.696593
0.695776
0.698952
0.70441
0.719977
0.807287
0.962307
1.02161
1.03401
1.02694
0.985914
0.93252
0.888821
0.854148
0.839808
0.838501
0.84155
0.845793
0.85431
0.862963
0.871685
0.902243
0.97466
1.02673
1.04397
1.05117
1.04434
1.02932
1.01436
0.993096
0.954937
0.929192
0.920612
0.923395
0.925907
0.923122
0.917061
0.930746
0.982604
1.03087
1.0614
1.0924
1.11735
1.12369
1.11112
1.08177
1.03425
0.98274
0.954545
0.94701
0.951979
0.962188
0.99535
1.07309
1.12021
1.1322
1.13345
1.13183
1.12187
1.11297
1.10428
1.06816
1.01656
0.986204
0.975563
0.978626
0.995411
1.06852
1.13116
1.15557
1.15809
1.15563
1.15646
1.13599
1.12276
3.61898
29.6977
0.792707
0.807548
0.817325
0.820686
0.819764
0.813334
0.770605
0.705869
0.667097
0.655179
0.657271
0.673465
0.716278
0.808905
0.930747
0.987549
0.997751
0.988701
0.932153
0.818655
0.742672
0.710311
0.700446
0.701362
0.70772
0.724333
0.767226
0.840794
0.920408
0.980666
0.997247
0.990172
0.969849
0.947545
0.928499
0.910284
0.887594
0.867587
0.857073
0.854278
0.855427
0.858553
0.871213
0.896185
0.937762
0.99338
1.02617
1.03647
1.02408
1.00128
0.990173
0.990511
0.987852
0.967702
0.95218
0.945239
0.938395
0.921783
0.903152
0.902438
0.919716
0.976512
1.04678
1.09608
1.12077
1.13003
1.12911
1.11373
1.07644
1.01876
0.981799
0.974584
0.981103
0.989134
0.998613
1.02938
1.07864
1.1089
1.1187
1.12204
1.12213
1.11958
1.11984
1.1144
1.07435
1.02101
0.986892
0.973153
0.971792
0.996797
1.07354
1.12807
1.14868
1.14865
1.15135
1.13921
1.15766
3.63868
29.8331
0.81453
0.860462
0.868826
0.86326
0.839806
0.791788
0.718412
0.665566
0.644952
0.640595
0.642247
0.647988
0.675697
0.812087
0.958346
0.997065
1.00521
0.982001
0.895093
0.813602
0.761377
0.731464
0.72301
0.727425
0.741604
0.775652
0.821665
0.849787
0.869107
0.892837
0.922866
0.946383
0.9572
0.960645
0.961547
0.958635
0.938852
0.905227
0.877369
0.862914
0.859567
0.861713
0.882295
0.92048
0.93825
0.944193
0.960313
0.971914
0.974141
0.975988
0.980568
0.98701
0.993988
1.00445
1.00167
0.983358
0.960304
0.930887
0.909236
0.901934
0.903395
0.916369
0.973169
1.05802
1.10066
1.11063
1.11134
1.11067
1.10963
1.08633
1.04912
1.02418
1.00758
0.997599
0.996286
0.998078
1.01341
1.05679
1.0977
1.11762
1.12746
1.13745
1.13692
1.13319
1.11941
1.07395
1.01909
0.981057
0.965044
0.967362
1.00229
1.07771
1.12742
1.14082
1.14214
1.13514
1.17729
3.70251
29.9572
0.841982
0.911255
0.918838
0.914443
0.871299
0.772051
0.684853
0.64832
0.6387
0.638547
0.641887
0.654667
0.72328
0.844217
0.934716
0.976468
0.97781
0.930488
0.872508
0.829233
0.796111
0.775148
0.767182
0.771788
0.789866
0.820776
0.843334
0.851048
0.846429
0.834685
0.840937
0.876396
0.929761
0.960555
0.968751
0.968445
0.959628
0.939504
0.908935
0.884972
0.879014
0.888023
0.918309
0.938572
0.939761
0.916691
0.888872
0.88666
0.912578
0.950378
0.973384
0.986125
1.00477
1.02878
1.03956
1.03165
1.00153
0.956476
0.920105
0.903807
0.89804
0.898614
0.909345
0.966654
1.047
1.08509
1.10424
1.12145
1.13461
1.13914
1.12109
1.07922
1.03362
1.00241
0.986016
0.978536
0.97697
0.997092
1.06401
1.11759
1.1402
1.15148
1.15086
1.13632
1.12701
1.11092
1.06363
1.00804
0.974021
0.965791
0.970014
1.00867
1.08086
1.12333
1.12796
1.12245
1.17811
3.79753
30.0406
0.849734
0.925235
0.931768
0.926253
0.857354
0.752971
0.685463
0.653137
0.643541
0.643615
0.656502
0.721038
0.801889
0.846115
0.879374
0.901475
0.894633
0.874884
0.866469
0.857316
0.844284
0.831219
0.824896
0.826612
0.83477
0.843842
0.849343
0.846386
0.828209
0.81574
0.814041
0.820868
0.862871
0.924251
0.952024
0.957805
0.945265
0.924182
0.922125
0.926062
0.93538
0.953586
0.962443
0.956547
0.925639
0.873885
0.842056
0.837698
0.851538
0.897706
0.950576
0.989224
1.02664
1.05268
1.06491
1.06617
1.04487
0.996001
0.941854
0.910042
0.898463
0.894831
0.893803
0.90181
0.951648
1.03556
1.09929
1.13855
1.15715
1.16347
1.15789
1.12227
1.06246
1.01
0.977808
0.966812
0.964268
0.980433
1.03274
1.09903
1.13666
1.14885
1.14642
1.12686
1.11447
1.1048
1.08545
1.05042
1.01826
0.991655
0.978492
0.978076
1.0064
1.06751
1.09975
1.09615
1.16255
3.93154
30.1123
0.843668
0.916573
0.925044
0.88939
0.813073
0.74993
0.706188
0.677997
0.66817
0.673474
0.721089
0.792883
0.825516
0.836958
0.838661
0.813104
0.801297
0.814715
0.842663
0.861235
0.871201
0.885436
0.888802
0.880225
0.869397
0.858712
0.84721
0.840234
0.832565
0.821039
0.817089
0.819036
0.823184
0.840492
0.876891
0.904132
0.914339
0.919962
0.940934
0.982014
1.01142
1.0184
1.00642
0.963733
0.895932
0.839334
0.816453
0.813636
0.818013
0.839502
0.906763
0.98944
1.04307
1.06696
1.07573
1.07777
1.06702
1.03749
0.984596
0.937147
0.908792
0.893232
0.887482
0.889824
0.899968
0.956967
1.07171
1.14182
1.16105
1.16414
1.15832
1.12584
1.08064
1.03414
0.992346
0.973066
0.970987
0.995707
1.03873
1.06517
1.09784
1.12267
1.12788
1.10727
1.08991
1.08791
1.08734
1.08456
1.07777
1.04514
1.00414
0.983554
0.972608
0.97712
1.02916
1.05505
1.13381
4.09945
30.2079
0.815113
0.865354
0.863826
0.823516
0.789903
0.765729
0.738493
0.716487
0.708838
0.732713
0.792722
0.825448
0.831598
0.828146
0.792402
0.755638
0.750174
0.761673
0.793403
0.844144
0.884662
0.907511
0.921065
0.924418
0.912182
0.887374
0.867223
0.856142
0.852327
0.851386
0.847309
0.831576
0.806401
0.785579
0.783919
0.809015
0.863415
0.926009
0.993007
1.04907
1.06917
1.0729
1.05456
0.983216
0.884075
0.828928
0.812684
0.812011
0.817024
0.82645
0.860719
0.960927
1.04388
1.06853
1.07574
1.07528
1.0589
1.03971
1.01808
0.977733
0.931719
0.899953
0.888316
0.889369
0.896709
0.931082
1.02136
1.10584
1.13492
1.1395
1.12682
1.08986
1.068
1.05908
1.04172
1.01804
1.01276
1.02766
1.03939
1.03808
1.03822
1.05419
1.07407
1.08059
1.07828
1.08106
1.08867
1.10987
1.11568
1.09689
1.05471
1.00624
0.969088
0.944177
0.942853
0.99153
1.09362
4.25288
30.2911
0.783928
0.793046
0.775717
0.768081
0.772661
0.774851
0.771633
0.767193
0.780329
0.81658
0.834525
0.83717
0.835145
0.807409
0.766072
0.742177
0.735556
0.739907
0.753256
0.797063
0.86287
0.903716
0.9197
0.922282
0.923781
0.928888
0.926286
0.915392
0.904608
0.89119
0.866505
0.824864
0.77861
0.753323
0.747182
0.74996
0.780302
0.894294
1.02287
1.08097
1.09778
1.10034
1.07347
0.990262
0.896019
0.843279
0.824352
0.822868
0.831784
0.847418
0.876846
0.936986
1.01347
1.05211
1.06141
1.0629
1.05499
1.04469
1.03387
1.00866
0.965776
0.926576
0.910277
0.912631
0.930555
0.972005
1.00175
1.02113
1.04959
1.07282
1.08071
1.0796
1.07419
1.07954
1.09061
1.09515
1.08275
1.05926
1.03257
1.01177
0.994645
0.991491
1.01137
1.05544
1.07847
1.08661
1.10342
1.12456
1.12862
1.11617
1.09488
1.04591
0.987573
0.943799
0.92129
0.929253
1.04879
4.32989
30.3056
0.76497
0.718744
0.699722
0.707445
0.736191
0.76399
0.784765
0.826794
0.874428
0.886232
0.872451
0.845308
0.818567
0.787045
0.760129
0.747278
0.749113
0.758532
0.768072
0.7712
0.785746
0.828136
0.872438
0.910238
0.953019
0.982944
0.994244
0.991667
0.965447
0.914109
0.851499
0.793384
0.756496
0.74233
0.740154
0.744489
0.765694
0.853366
1.00939
1.081
1.09735
1.08637
1.03251
0.968877
0.917934
0.877352
0.856704
0.853802
0.862269
0.876897
0.896147
0.921527
0.961341
1.0076
1.03334
1.0447
1.04989
1.04398
1.02416
1.00317
0.988411
0.975136
0.967415
0.968899
0.980238
0.98992
0.985922
0.963327
0.959912
0.979968
1.03037
1.07279
1.09388
1.11593
1.13748
1.14648
1.13974
1.09523
1.03671
0.993871
0.96893
0.9619
0.966165
1.00684
1.06494
1.09624
1.11628
1.12846
1.13029
1.10997
1.09481
1.07552
1.02135
0.970142
0.936783
0.908865
1.01238
4.32079
30.2971
0.736446
0.687445
0.675579
0.678247
0.691788
0.725609
0.784536
0.861682
0.916521
0.9332
0.931146
0.892512
0.828982
0.792445
0.773099
0.770057
0.776632
0.781918
0.770875
0.751924
0.742468
0.746808
0.787969
0.897367
0.991831
1.03142
1.04265
1.04321
1.01555
0.944412
0.846006
0.783128
0.754631
0.744338
0.743779
0.762889
0.820246
0.879825
0.946466
1.01841
1.04206
1.02333
0.991219
0.966996
0.942379
0.91781
0.900814
0.894842
0.897682
0.906966
0.917121
0.927123
0.940266
0.955398
0.979851
1.00832
1.02427
1.02582
1.0179
1.00684
1.00701
1.02495
1.04304
1.04841
1.03766
1.00762
0.964637
0.926777
0.911935
0.912898
0.949437
1.03657
1.1044
1.14021
1.16175
1.16934
1.16681
1.1277
1.05342
0.997039
0.969819
0.962
0.961657
0.970887
1.02714
1.08506
1.10794
1.118
1.11834
1.10025
1.08789
1.08126
1.05282
1.00991
0.971854
0.923344
0.972174
4.28172
30.3447
0.713391
0.672585
0.666297
0.669576
0.67848
0.693366
0.748804
0.855222
0.916027
0.929413
0.923383
0.903179
0.871255
0.833207
0.815321
0.809449
0.802732
0.78319
0.751956
0.729711
0.72323
0.723821
0.73823
0.84396
0.994366
1.03607
1.04528
1.04019
0.989893
0.914053
0.855612
0.805034
0.775379
0.766153
0.776362
0.827806
0.872209
0.886032
0.894873
0.912594
0.936665
0.954715
0.964947
0.971366
0.969758
0.963457
0.954746
0.947066
0.941853
0.940923
0.941431
0.939806
0.932143
0.927865
0.932216
0.945088
0.971286
0.995099
1.00636
1.01735
1.04328
1.07096
1.08373
1.08926
1.07789
1.02492
0.958541
0.918595
0.903191
0.900711
0.907966
0.966788
1.07597
1.13646
1.15713
1.16337
1.16138
1.13838
1.08088
1.0261
0.994606
0.980601
0.976302
0.976326
0.987528
1.04391
1.08459
1.09534
1.09574
1.09404
1.08764
1.08566
1.07506
1.04362
1.0031
0.947338
0.948926
4.20973
30.4303
0.707873
0.673509
0.674476
0.680905
0.689702
0.704564
0.729659
0.781278
0.854021
0.894007
0.910514
0.922891
0.925863
0.90809
0.874816
0.842307
0.802793
0.754548
0.724681
0.716652
0.717968
0.724898
0.764171
0.854884
0.945635
1.00123
1.01235
0.983875
0.923602
0.884309
0.866056
0.844165
0.821216
0.814672
0.840812
0.879428
0.890634
0.887835
0.868405
0.839452
0.841324
0.87724
0.929204
0.965776
0.983128
0.994869
1.00632
1.00674
0.99695
0.984224
0.971631
0.956982
0.940957
0.924529
0.906428
0.900976
0.909998
0.940065
0.983632
1.0329
1.07849
1.10194
1.10991
1.11452
1.10069
1.04595
0.979347
0.934266
0.913528
0.909106
0.918985
0.93523
0.994765
1.08833
1.13095
1.13976
1.13391
1.12955
1.11136
1.07904
1.04463
1.01114
0.987526
0.971303
0.961219
0.981591
1.0355
1.06725
1.0839
1.1002
1.0929
1.08991
1.08788
1.07225
1.03499
0.974069
0.942891
4.10641
30.5332
0.719938
0.690281
0.69212
0.696985
0.702143
0.711753
0.724087
0.735377
0.762742
0.830387
0.901512
0.934537
0.946448
0.951057
0.941621
0.88997
0.804621
0.743971
0.722308
0.719503
0.723189
0.762398
0.832349
0.861938
0.875885
0.898273
0.911532
0.905924
0.895292
0.887181
0.881647
0.877365
0.876442
0.892081
0.91595
0.919666
0.908631
0.882793
0.837135
0.807816
0.801241
0.811355
0.851708
0.919457
0.975265
1.009
1.03704
1.0552
1.05475
1.0393
1.01629
0.987226
0.954863
0.920096
0.891913
0.881185
0.882008
0.889566
0.933529
1.02385
1.0829
1.10509
1.11353
1.11693
1.09853
1.06454
1.02198
0.978062
0.947455
0.933088
0.930726
0.928622
0.932515
0.993869
1.07955
1.11358
1.12311
1.13296
1.13553
1.12156
1.09265
1.04861
0.999317
0.962608
0.94615
0.943088
0.970841
1.02775
1.07286
1.09793
1.10669
1.09576
1.09366
1.08795
1.0617
1.00411
0.957652
3.95102
30.6309
0.754
0.714144
0.706851
0.707674
0.710675
0.715026
0.72261
0.729806
0.735001
0.750056
0.827636
0.91616
0.944568
0.951045
0.947491
0.904584
0.819795
0.761544
0.741449
0.742497
0.770147
0.835601
0.868688
0.869893
0.848521
0.807505
0.795277
0.818361
0.86513
0.889582
0.894304
0.904762
0.941576
0.970279
0.970497
0.954073
0.92157
0.871346
0.831061
0.810959
0.803445
0.806734
0.816809
0.847011
0.919195
0.997144
1.04382
1.07107
1.08411
1.08607
1.07297
1.03292
0.97217
0.920594
0.89265
0.881882
0.881421
0.883461
0.897948
0.973003
1.05819
1.09368
1.1038
1.10433
1.094
1.08119
1.06055
1.02557
0.98582
0.95212
0.928226
0.917988
0.91669
0.929931
1.00108
1.09273
1.13361
1.14494
1.15039
1.14293
1.1245
1.09394
1.03957
0.97694
0.94217
0.933174
0.937301
0.971029
1.03826
1.08603
1.10368
1.09978
1.09134
1.08399
1.07008
1.02477
0.998587
3.79019
30.7048
0.798084
0.73943
0.723482
0.720673
0.721253
0.723285
0.726387
0.730106
0.733421
0.73983
0.761193
0.832533
0.896854
0.915085
0.911695
0.889443
0.850568
0.812497
0.799761
0.809644
0.847181
0.876967
0.881516
0.87074
0.812267
0.762651
0.750037
0.756763
0.792402
0.851945
0.899338
0.958666
1.00837
1.02405
1.02232
0.993158
0.937104
0.881225
0.847797
0.830483
0.827332
0.832765
0.836864
0.836295
0.846427
0.911124
1.0063
1.06233
1.09273
1.10741
1.1116
1.09182
1.01845
0.941929
0.901447
0.886648
0.8846
0.886199
0.899055
0.933275
0.991319
1.05259
1.08441
1.09498
1.09977
1.0924
1.07654
1.05415
1.01984
0.979452
0.942789
0.922497
0.919941
0.925741
0.94333
1.02151
1.11234
1.14595
1.15133
1.14661
1.13504
1.11609
1.08183
1.01346
0.956652
0.94063
0.944582
0.956317
0.996632
1.06461
1.09036
1.08747
1.07597
1.06644
1.0553
1.02913
1.04328
3.70087
30.807
0.840018
0.78972
0.761636
0.74868
0.740713
0.736232
0.735363
0.737068
0.740784
0.747533
0.751388
0.757219
0.791594
0.839972
0.869079
0.87882
0.881858
0.885662
0.886929
0.893744
0.89878
0.896493
0.876486
0.826145
0.775204
0.745852
0.737751
0.739542
0.745971
0.780757
0.888134
0.987162
1.02347
1.03184
1.03101
0.995613
0.944959
0.911471
0.887902
0.875085
0.866572
0.855277
0.840708
0.831151
0.829332
0.837998
0.91026
1.02986
1.09243
1.11246
1.11842
1.11245
1.06228
0.978074
0.920422
0.894338
0.887654
0.888306
0.902409
0.926583
0.946759
0.985412
1.04808
1.08398
1.09211
1.08379
1.06874
1.05248
1.03411
1.00771
0.976072
0.953517
0.946817
0.9494
0.955663
0.970638
1.03759
1.11275
1.13517
1.13386
1.12411
1.11084
1.09671
1.0602
1.0025
0.976922
0.977113
0.986183
1.00348
1.03884
1.0614
1.05922
1.04679
1.0384
1.03359
1.02359
1.07464
3.72699
30.9596
0.85253
0.849587
0.820557
0.788966
0.765658
0.752964
0.748445
0.748183
0.749634
0.749806
0.745508
0.7352
0.728904
0.739169
0.784593
0.849253
0.903035
0.943576
0.970764
0.975843
0.959165
0.92022
0.866422
0.807038
0.767164
0.748703
0.742849
0.745559
0.75803
0.78733
0.853329
0.954506
1.00837
1.02039
1.00849
0.985193
0.962397
0.946838
0.938477
0.927238
0.905698
0.86967
0.834675
0.819212
0.818414
0.822556
0.843316
0.95476
1.07454
1.10967
1.11705
1.10182
1.05853
1.01045
0.957203
0.919201
0.904318
0.904106
0.919006
0.940243
0.949699
0.951217
0.973104
1.02502
1.05302
1.05769
1.04798
1.03719
1.03252
1.02696
1.02026
1.01368
0.993905
0.974193
0.968045
0.968274
0.972184
1.02491
1.08539
1.10135
1.10092
1.0964
1.09141
1.08663
1.06817
1.04264
1.02719
1.01926
1.01287
1.01114
1.01717
1.01639
1.01131
1.01365
1.02205
1.02011
1.09533
3.82315
31.1232
0.853347
0.863894
0.85814
0.836482
0.804419
0.782272
0.771457
0.766791
0.765288
0.764385
0.754393
0.728852
0.710594
0.70805
0.713788
0.758572
0.871623
0.955017
0.983581
0.993066
0.992885
0.957379
0.877804
0.818653
0.783147
0.766505
0.764438
0.772014
0.789006
0.811266
0.83544
0.878031
0.935532
0.966571
0.974755
0.979858
0.985047
0.987659
0.98121
0.967601
0.937763
0.882499
0.835172
0.819472
0.819851
0.826107
0.853836
0.914197
0.998366
1.05725
1.07341
1.06278
1.03509
1.01208
0.997277
0.974894
0.954776
0.94942
0.955307
0.959329
0.953021
0.938502
0.93172
0.941791
0.989425
1.02482
1.03409
1.0322
1.03532
1.04097
1.05535
1.06287
1.04879
1.01217
0.983362
0.96525
0.952435
0.954498
1.00279
1.05419
1.07299
1.08253
1.09911
1.11779
1.12452
1.11214
1.084
1.05101
1.01819
0.988009
0.970262
0.969779
0.980653
1.00839
1.03678
1.04736
1.13177
3.89589
31.0786
0.821192
0.851387
0.84945
0.843838
0.839474
0.833697
0.822888
0.810557
0.799764
0.78526
0.757277
0.725357
0.711823
0.709648
0.715481
0.73896
0.792206
0.892833
0.955346
0.970623
0.963763
0.940968
0.90914
0.861128
0.824052
0.804335
0.798276
0.801167
0.812382
0.82648
0.835576
0.845046
0.857442
0.89054
0.939715
0.979976
0.998794
1.00526
1.00662
1.00094
0.971272
0.908664
0.85986
0.843233
0.84553
0.868002
0.905328
0.924615
0.929405
0.943669
0.971287
0.999594
1.01378
1.01863
1.02544
1.03104
1.02913
1.01509
0.993958
0.969799
0.943618
0.917523
0.90219
0.900556
0.925014
0.985766
1.02459
1.03839
1.04598
1.06181
1.07604
1.07873
1.07349
1.05216
1.01018
0.967597
0.940602
0.929364
0.936434
0.981979
1.03507
1.08036
1.12721
1.15486
1.15592
1.14424
1.12292
1.0797
1.01942
0.968316
0.942781
0.934015
0.946376
1.00736
1.07006
1.08555
1.16824
3.90851
31.0116
0.744296
0.798071
0.822545
0.844693
0.870702
0.883812
0.885088
0.872573
0.841172
0.794071
0.75396
0.732845
0.723718
0.724913
0.740608
0.754742
0.762787
0.785414
0.850404
0.90954
0.93201
0.937129
0.939826
0.925977
0.884026
0.848861
0.831679
0.827158
0.830856
0.835702
0.837245
0.831244
0.827558
0.837123
0.874028
0.945311
0.992269
1.00371
1.00208
0.980952
0.950927
0.928574
0.90905
0.901086
0.909244
0.926582
0.937734
0.935586
0.899333
0.863873
0.861958
0.904806
0.979504
1.02505
1.05088
1.07551
1.08766
1.0805
1.04074
0.987706
0.938991
0.90376
0.890776
0.890149
0.897346
0.933258
0.993712
1.03378
1.05459
1.07289
1.08489
1.0856
1.07652
1.06884
1.04515
0.987492
0.937107
0.917739
0.915847
0.924982
0.970125
1.05772
1.13342
1.15987
1.16256
1.15734
1.13682
1.09769
1.03981
0.97756
0.939307
0.926734
0.930811
0.985377
1.06117
1.08334
1.16728
3.93994
30.9719
0.693846
0.708364
0.766467
0.841423
0.886066
0.906076
0.914288
0.915813
0.895559
0.835209
0.779249
0.75585
0.750006
0.752806
0.760206
0.761571
0.756212
0.75092
0.756703
0.806671
0.887935
0.935202
0.949008
0.950008
0.939424
0.909713
0.880056
0.861297
0.851027
0.845522
0.837783
0.827406
0.826217
0.835113
0.84852
0.875443
0.932457
0.964862
0.96702
0.958699
0.951706
0.949948
0.965885
0.986568
0.992046
0.985187
0.967815
0.929939
0.867289
0.825479
0.815237
0.819986
0.880732
0.992619
1.06722
1.10541
1.1215
1.12487
1.09378
1.01858
0.948081
0.90951
0.895216
0.896082
0.902821
0.911809
0.943597
1.00078
1.0462
1.07134
1.08399
1.0887
1.08255
1.07439
1.06567
1.0212
0.950381
0.91785
0.913443
0.919619
0.932842
0.999857
1.10245
1.14524
1.14827
1.13831
1.11937
1.10186
1.08016
1.03212
0.980565
0.954233
0.949122
0.961703
1.00589
1.03273
1.12277
4.02928
31.0128
0.67496
0.674326
0.697438
0.790441
0.87922
0.907244
0.915683
0.914307
0.895744
0.871366
0.835958
0.803432
0.78643
0.778906
0.772393
0.761098
0.74996
0.744693
0.746382
0.752376
0.789435
0.871093
0.928621
0.949528
0.957019
0.961366
0.946615
0.911868
0.880393
0.86084
0.849821
0.843802
0.84737
0.854972
0.851645
0.843183
0.843681
0.872093
0.910866
0.935066
0.957047
0.99583
1.03014
1.04366
1.04209
1.02399
0.981341
0.912631
0.851649
0.819292
0.810039
0.810371
0.823335
0.915866
1.05261
1.10755
1.12259
1.12576
1.11033
1.05726
0.983286
0.935951
0.916973
0.91669
0.921236
0.924409
0.930326
0.949289
1.00258
1.05351
1.078
1.08984
1.09189
1.08232
1.07536
1.04996
0.985108
0.94303
0.93301
0.9383
0.948011
0.968574
1.02422
1.08296
1.10702
1.11117
1.1085
1.10467
1.10461
1.0895
1.03856
0.989328
0.963602
0.95501
0.955945
0.968909
1.07507
4.1182
31.1456
0.671166
0.674393
0.70074
0.74038
0.814021
0.874648
0.896267
0.8994
0.895571
0.895215
0.889523
0.866204
0.832504
0.802837
0.779998
0.766467
0.759109
0.755209
0.753845
0.754694
0.757472
0.773897
0.838324
0.916346
0.958448
0.975122
0.979467
0.97033
0.941021
0.905244
0.882235
0.872967
0.869403
0.863332
0.844572
0.815567
0.800747
0.803979
0.830851
0.888239
0.966563
1.03717
1.07211
1.0811
1.07871
1.05203
0.983613
0.911288
0.860955
0.830677
0.819246
0.81992
0.834386
0.867872
0.966361
1.06818
1.10209
1.10629
1.09144
1.07145
1.03776
0.992149
0.960205
0.943665
0.934117
0.928599
0.925265
0.926567
0.947357
1.01513
1.0716
1.09054
1.09529
1.09291
1.08336
1.06049
1.01922
0.982608
0.963204
0.958207
0.959741
0.962202
0.969054
1.0039
1.05926
1.08913
1.09992
1.10602
1.11074
1.10744
1.076
1.02783
0.981572
0.946959
0.931029
0.930444
1.04213
4.16184
31.2895
0.675027
0.69095
0.725886
0.740129
0.754198
0.794143
0.851395
0.888348
0.904636
0.908065
0.907444
0.904917
0.887116
0.842812
0.803334
0.784217
0.777479
0.77596
0.773859
0.765279
0.753625
0.750639
0.758862
0.810498
0.905651
0.96273
0.985323
0.999921
1.00331
0.980576
0.935643
0.903677
0.882538
0.856591
0.820453
0.794322
0.785574
0.786336
0.790403
0.820063
0.936434
1.04026
1.07327
1.08288
1.07858
1.03883
0.984597
0.935452
0.89163
0.86277
0.848797
0.847626
0.856377
0.866984
0.888363
0.966236
1.04787
1.07723
1.08098
1.08065
1.07872
1.06122
1.02237
0.979707
0.94967
0.934368
0.927954
0.928481
0.934326
0.965247
1.04027
1.08253
1.08917
1.08535
1.07606
1.05624
1.03339
1.01684
1.00133
0.987412
0.975028
0.964447
0.960147
0.962273
0.99315
1.04783
1.08126
1.0947
1.09992
1.10049
1.08177
1.05456
1.01502
0.971126
0.940648
0.923983
1.01779
4.10124
31.3921
0.696604
0.712898
0.737051
0.744548
0.748727
0.753467
0.774432
0.831513
0.884008
0.904859
0.909648
0.904321
0.892172
0.878834
0.85121
0.823156
0.807866
0.800076
0.790585
0.771915
0.756274
0.754109
0.759792
0.765755
0.795887
0.890811
0.970206
1.006
1.02431
1.03013
1.01579
0.966273
0.906554
0.849032
0.809269
0.790906
0.786151
0.787526
0.794987
0.826774
0.890198
0.984571
1.03859
1.05001
1.0426
1.01698
0.992169
0.967471
0.939152
0.910273
0.889418
0.878231
0.874498
0.872748
0.871912
0.884502
0.950355
1.03486
1.07892
1.09421
1.10117
1.10185
1.08748
1.0367
0.98313
0.950658
0.937002
0.934192
0.937063
0.945964
0.993123
1.05564
1.07397
1.07352
1.0676
1.05164
1.03833
1.03572
1.03675
1.03152
1.01395
0.986634
0.962773
0.950065
0.944601
0.97351
1.02633
1.05727
1.07095
1.07957
1.07642
1.06235
1.04684
1.0184
0.984803
0.951246
1.01469
3.96666
31.4194
0.727016
0.729861
0.742998
0.753571
0.759592
0.759738
0.760928
0.770711
0.804092
0.85067
0.877577
0.885117
0.889247
0.895301
0.89607
0.881969
0.853157
0.828188
0.808338
0.790493
0.778778
0.774357
0.768698
0.762075
0.761011
0.779771
0.875143
0.977125
1.02295
1.04467
1.05122
1.03606
0.958735
0.865568
0.817073
0.801021
0.802514
0.809588
0.826378
0.847076
0.86308
0.891345
0.94956
0.995689
1.01235
1.01461
1.00783
0.997723
0.982002
0.958409
0.932734
0.911003
0.893369
0.878992
0.871882
0.875025
0.889119
0.949467
1.04099
1.08859
1.10027
1.1024
1.10264
1.08904
1.03627
0.984316
0.958148
0.950158
0.950441
0.953838
0.9668
1.01129
1.04451
1.05083
1.05145
1.04592
1.04177
1.04936
1.06178
1.06452
1.05741
1.0273
0.980398
0.942496
0.92319
0.917378
0.945029
1.00421
1.04747
1.06587
1.07126
1.06968
1.066
1.05769
1.03997
1.00282
1.02822
3.82714
31.4623
0.772457
0.760508
0.760885
0.764806
0.770441
0.768601
0.762023
0.753646
0.747067
0.755298
0.797046
0.850504
0.882691
0.901238
0.914745
0.918979
0.911465
0.883918
0.852018
0.82733
0.80811
0.789236
0.770305
0.756202
0.753727
0.757117
0.778412
0.891664
1.00769
1.04111
1.04624
1.02696
0.983395
0.924143
0.869543
0.844755
0.839263
0.840544
0.84471
0.851974
0.849524
0.847768
0.862238
0.92158
0.988005
1.0171
1.0245
1.02197
1.01221
0.995001
0.969025
0.939833
0.91383
0.895021
0.886662
0.889611
0.898021
0.908791
0.952346
1.03424
1.07947
1.0896
1.09054
1.08679
1.07935
1.04495
1.0036
0.979884
0.968803
0.961378
0.959209
0.967053
0.99279
1.0106
1.02018
1.03231
1.04497
1.06738
1.08103
1.0827
1.07892
1.06185
1.01251
0.947564
0.910476
0.895421
0.894515
0.922171
0.989086
1.04737
1.07122
1.08007
1.08217
1.08409
1.08125
1.05341
1.04563
3.7601
31.5537
0.836909
0.813205
0.789869
0.780066
0.778578
0.777917
0.769739
0.746533
0.722658
0.714742
0.72152
0.763533
0.837234
0.8887
0.914866
0.934831
0.94858
0.949364
0.923094
0.877296
0.830892
0.790068
0.763466
0.754425
0.754311
0.756921
0.76437
0.804995
0.916635
0.993592
1.01208
1.01368
1.0097
0.992835
0.950925
0.904326
0.873463
0.857716
0.847756
0.838206
0.833881
0.832373
0.837383
0.856991
0.920787
0.990972
1.01897
1.024
1.0198
1.01309
0.997055
0.971382
0.946027
0.927402
0.918351
0.914014
0.909687
0.904936
0.904141
0.93197
1.00988
1.05766
1.07446
1.09021
1.10204
1.09764
1.06652
1.02291
0.989205
0.966324
0.952205
0.946168
0.948373
0.959977
0.978519
1.00823
1.04673
1.07732
1.0935
1.09624
1.09084
1.07933
1.04328
0.970151
0.917586
0.898275
0.894181
0.897263
0.925137
1.00722
1.06697
1.08614
1.09465
1.09829
1.09834
1.07212
1.04569
3.77117
31.6787
0.889638
0.892964
0.853233
0.819001
0.802292
0.790711
0.767171
0.732034
0.708773
0.700517
0.700294
0.705917
0.741826
0.827424
0.901723
0.943726
0.970574
0.983423
0.981859
0.944283
0.866355
0.800384
0.770203
0.763016
0.763982
0.768401
0.777868
0.794133
0.82048
0.887212
0.966712
1.01071
1.02231
1.02603
1.02229
0.982789
0.921483
0.87432
0.847663
0.837199
0.834239
0.836084
0.843381
0.851259
0.862694
0.916149
0.983371
1.01143
1.01741
1.01329
1.01099
1.00423
0.987345
0.970082
0.956746
0.94009
0.917632
0.900221
0.889488
0.887092
0.91303
0.991948
1.05838
1.09405
1.1141
1.12307
1.11629
1.08222
1.02709
0.978225
0.947198
0.934757
0.931202
0.93138
0.939205
0.964589
1.02088
1.07191
1.09105
1.09621
1.09296
1.08369
1.06127
1.00629
0.948603
0.91779
0.908006
0.907264
0.910512
0.961198
1.04652
1.08151
1.08665
1.08774
1.08715
1.06402
1.05452
3.81419
31.8224
0.912586
0.943262
0.937037
0.894315
0.840842
0.796258
0.75492
0.719664
0.700784
0.695152
0.695441
0.699562
0.707779
0.738626
0.844251
0.943488
0.979089
0.99019
0.99019
0.97059
0.907474
0.83129
0.794904
0.786161
0.786827
0.792192
0.799279
0.803469
0.806986
0.812358
0.854795
0.954938
1.01707
1.03245
1.03551
1.02508
0.979408
0.910259
0.867257
0.850901
0.847129
0.850184
0.856998
0.858211
0.85574
0.860171
0.909451
0.978181
1.00821
1.01803
1.02257
1.0226
1.01748
1.00433
0.988921
0.967263
0.934528
0.903637
0.883936
0.877519
0.880113
0.906408
0.995872
1.0811
1.1196
1.13062
1.12862
1.11825
1.07228
1.00123
0.954488
0.935016
0.929117
0.928323
0.931858
0.940079
0.968588
1.03384
1.07116
1.07922
1.07699
1.07169
1.06014
1.03184
0.989883
0.953013
0.932565
0.925826
0.924144
0.93446
0.993781
1.05002
1.06436
1.06416
1.06307
1.05295
1.08452
3.87666
31.9877
0.915995
0.954863
0.959428
0.955142
0.911933
0.828478
0.75653
0.716429
0.699332
0.695149
0.695712
0.699437
0.705729
0.718529
0.777374
0.905669
0.968717
0.982602
0.977673
0.942414
0.899677
0.868275
0.840671
0.824883
0.819216
0.818534
0.819179
0.815909
0.808522
0.808285
0.813148
0.860155
0.961743
1.01484
1.02573
1.015
0.983786
0.955527
0.919732
0.89137
0.878206
0.873429
0.868886
0.857002
0.851127
0.853482
0.863355
0.921015
0.990624
1.01633
1.01949
1.02106
1.02366
1.02163
1.01212
0.995943
0.965821
0.920304
0.886247
0.87724
0.879564
0.88912
0.927495
1.03556
1.10669
1.12173
1.1169
1.09866
1.07671
1.04253
0.993691
0.960145
0.946056
0.940949
0.937217
0.935181
0.936987
0.971005
1.0332
1.06072
1.06689
1.06736
1.0601
1.04351
1.02275
0.997204
0.972869
0.955708
0.942775
0.932676
0.941487
0.983317
1.01662
1.0303
1.0434
1.04657
1.12475
3.97706
32.1717
0.87935
0.95374
0.961088
0.958354
0.931833
0.86636
0.781953
0.729672
0.709138
0.704518
0.705944
0.710016
0.720043
0.748796
0.793642
0.844038
0.902635
0.930064
0.92933
0.919484
0.910795
0.901764
0.89063
0.870946
0.852438
0.841993
0.837105
0.83246
0.824892
0.820549
0.826777
0.834487
0.855685
0.92046
0.969377
0.982921
0.985149
0.991868
0.985135
0.954722
0.919269
0.892239
0.873297
0.862577
0.858568
0.862819
0.870745
0.882593
0.928302
0.982888
1.00692
1.01545
1.02136
1.02252
1.02056
1.01527
0.998445
0.951944
0.907807
0.894447
0.898738
0.911564
0.930107
0.964257
1.03546
1.0765
1.08217
1.07728
1.07115
1.06848
1.05214
1.01141
0.97668
0.954166
0.938236
0.927641
0.922288
0.926069
0.977214
1.03762
1.05863
1.06338
1.05807
1.05
1.04344
1.03475
1.02247
1.00143
0.970664
0.940885
0.923602
0.921858
0.956582
1.00913
1.04945
1.06267
1.15546
4.05443
32.1445
0.794499
0.894652
0.919812
0.919695
0.905494
0.882243
0.835948
0.776275
0.738236
0.724302
0.723138
0.728438
0.751883
0.792345
0.815617
0.824191
0.825952
0.830233
0.853782
0.889308
0.907426
0.9116
0.912609
0.910903
0.899456
0.881118
0.868435
0.861322
0.855918
0.849683
0.843089
0.830437
0.814943
0.817295
0.865608
0.945936
0.990262
1.00338
1.00971
1.00833
0.980304
0.933674
0.897863
0.880506
0.876695
0.879194
0.880368
0.879404
0.878938
0.909686
0.968294
1.00325
1.01672
1.02328
1.02721
1.02223
1.00829
0.993668
0.96131
0.934733
0.928025
0.930038
0.931499
0.93042
0.943779
1.0034
1.05242
1.06919
1.07445
1.07711
1.07893
1.06624
1.02484
0.979994
0.944415
0.923063
0.916319
0.915423
0.929066
0.988
1.03612
1.05164
1.0577
1.06092
1.0593
1.05695
1.05128
1.0352
1.00322
0.954713
0.916671
0.907415
0.91831
0.974858
1.0452
1.06964
1.16732
4.13416
32.134
0.74818
0.770886
0.815398
0.85824
0.875483
0.878732
0.876744
0.851158
0.794866
0.758056
0.749942
0.759993
0.794062
0.821785
0.831329
0.819731
0.779165
0.760353
0.765683
0.809321
0.870203
0.901639
0.920347
0.934643
0.9392
0.930979
0.915385
0.903847
0.89534
0.88339
0.859879
0.82352
0.791466
0.77888
0.782727
0.834465
0.936831
0.994106
1.01578
1.02669
1.02926
1.00502
0.956504
0.919032
0.89988
0.89041
0.882626
0.869699
0.864719
0.86835
0.900097
0.965465
1.00559
1.01745
1.01583
1.0112
1.01584
1.02563
1.02532
0.996334
0.965397
0.945303
0.925674
0.910997
0.908291
0.92672
0.998676
1.05604
1.07514
1.07964
1.08165
1.08224
1.06768
1.02468
0.971747
0.935661
0.920867
0.917853
0.920741
0.942122
0.995073
1.04015
1.05935
1.06434
1.06778
1.06707
1.0614
1.0515
1.03315
0.990525
0.935496
0.909682
0.908076
0.9229
0.983405
1.0271
1.13612
4.24679
32.1463
0.734015
0.706993
0.707712
0.747749
0.817724
0.863213
0.876132
0.877608
0.858703
0.821258
0.806541
0.817283
0.836582
0.844411
0.840093
0.79842
0.754084
0.737035
0.736509
0.743983
0.790262
0.871677
0.922157
0.942436
0.955202
0.964881
0.96791
0.959764
0.942328
0.916371
0.875778
0.824542
0.786731
0.771973
0.770965
0.776213
0.822276
0.931825
1.00354
1.0295
1.04433
1.05346
1.04178
0.988987
0.935507
0.900708
0.877819
0.867263
0.866557
0.869434
0.875939
0.894913
0.943103
0.982698
0.998087
1.01175
1.03312
1.05027
1.05498
1.04289
1.00364
0.959321
0.923902
0.905831
0.90182
0.903174
0.929687
1.00802
1.05885
1.0728
1.07732
1.07998
1.078
1.06238
1.02319
0.975587
0.945959
0.935248
0.933816
0.935996
0.946379
0.985646
1.03103
1.05601
1.06656
1.0703
1.06805
1.06435
1.05863
1.03223
0.978008
0.934845
0.916574
0.910786
0.918776
0.953306
1.08354
4.30509
32.15
0.720756
0.680444
0.672746
0.675152
0.704298
0.782961
0.842997
0.865889
0.883299
0.904187
0.905264
0.893267
0.879914
0.861652
0.819747
0.767169
0.737003
0.72773
0.727613
0.730565
0.740716
0.786901
0.870059
0.930576
0.965916
0.992107
1.00335
1.00503
0.992669
0.95898
0.902371
0.839333
0.795493
0.776605
0.77308
0.775416
0.778346
0.811326
0.923878
1.01691
1.06039
1.08325
1.09053
1.06977
0.995003
0.924423
0.887344
0.874984
0.87465
0.877671
0.870701
0.862381
0.871935
0.918281
0.977161
1.02176
1.05226
1.06685
1.06936
1.06448
1.03533
0.98266
0.935642
0.910329
0.902742
0.903154
0.906258
0.935805
1.00959
1.05546
1.06916
1.07306
1.07496
1.07683
1.07059
1.03762
0.993581
0.963372
0.947306
0.938209
0.932585
0.933737
0.969283
1.02691
1.05744
1.06849
1.0716
1.07292
1.07382
1.06021
1.02288
0.976243
0.936201
0.910241
0.902268
0.902468
1.02133
4.29823
32.2167
0.710819
0.673943
0.669874
0.668347
0.670558
0.685235
0.745298
0.828855
0.903794
0.964989
0.993787
0.989663
0.952174
0.88491
0.809057
0.756531
0.73279
0.726546
0.726752
0.734238
0.748444
0.759073
0.784125
0.870349
0.961143
0.998483
1.00936
1.01331
1.01317
1.0006
0.949931
0.877462
0.82192
0.792718
0.780041
0.773501
0.772605
0.776252
0.820552
0.967048
1.0635
1.08589
1.09197
1.08577
1.04956
0.976669
0.922768
0.899928
0.891434
0.879475
0.858645
0.850412
0.852038
0.861553
0.921627
1.01042
1.05271
1.06592
1.06929
1.06468
1.05538
1.0229
0.970955
0.933466
0.915265
0.90681
0.902133
0.903127
0.930413
1.00072
1.04993
1.06938
1.08122
1.08828
1.09034
1.08621
1.05379
1.00265
0.961116
0.936202
0.924481
0.917428
0.921455
0.976811
1.04141
1.06636
1.07674
1.08319
1.08283
1.06654
1.04348
1.00881
0.965983
0.928641
0.90798
0.896695
0.992244
4.16146
32.2928
0.713967
0.678226
0.675714
0.672723
0.670898
0.672305
0.678684
0.724832
0.863344
0.98121
1.02024
1.03005
1.02532
0.953731
0.827812
0.760634
0.738552
0.733952
0.737074
0.747789
0.758152
0.764946
0.770887
0.794053
0.890612
0.976249
1.00156
1.00554
1.00053
0.994452
0.983035
0.9363
0.866996
0.813736
0.784415
0.775224
0.775488
0.77971
0.802638
0.888721
1.01805
1.06844
1.0764
1.06862
1.05296
1.02939
0.98626
0.94144
0.904638
0.873744
0.856761
0.851297
0.85244
0.860475
0.88385
0.952535
1.02359
1.05014
1.0566
1.05633
1.05583
1.05172
1.02266
0.969329
0.927604
0.904904
0.89392
0.892591
0.897979
0.928792
1.00563
1.06272
1.08351
1.09157
1.09803
1.10008
1.09301
1.04809
0.984767
0.941373
0.922114
0.915232
0.911091
0.93418
1.0086
1.05813
1.07469
1.08302
1.08493
1.06774
1.04612
1.02193
0.991078
0.956156
0.931542
0.914147
0.987302
4.0174
32.2813
0.739877
0.703489
0.699916
0.690085
0.680089
0.677038
0.679445
0.687538
0.765393
0.945931
1.02155
1.0334
1.0227
0.957903
0.86839
0.797209
0.765685
0.756693
0.75592
0.75949
0.766042
0.775328
0.786055
0.795641
0.815825
0.89199
0.962093
0.984915
0.988952
0.991221
0.990783
0.973525
0.91577
0.844003
0.802807
0.790698
0.793023
0.812878
0.839238
0.864356
0.915858
0.99293
1.03069
1.04227
1.05102
1.0559
1.04336
0.99699
0.934622
0.887077
0.86503
0.860643
0.864029
0.875373
0.8868
0.897063
0.942737
1.00891
1.04332
1.05646
1.06081
1.06049
1.05313
1.01152
0.947295
0.908157
0.89513
0.89471
0.902863
0.911709
0.940047
1.01825
1.07179
1.09168
1.09874
1.09971
1.09882
1.07705
1.0198
0.963889
0.931201
0.917953
0.912455
0.918223
0.963535
1.02939
1.0649
1.0766
1.07992
1.06374
1.03876
1.02187
1.00304
0.979465
0.96159
0.951492
1.02043
3.86192
32.2188
0.786467
0.744873
0.725615
0.703323
0.688597
0.685091
0.690012
0.714428
0.759259
0.833152
0.93772
0.97856
0.975026
0.954273
0.922331
0.866816
0.814737
0.786883
0.776897
0.776749
0.784951
0.797323
0.804927
0.806405
0.805547
0.811032
0.869054
0.943678
0.97565
0.985265
0.987463
0.975411
0.939673
0.881608
0.8402
0.827196
0.834679
0.857109
0.867117
0.864231
0.857197
0.877705
0.95857
1.02374
1.04777
1.05583
1.05329
1.03883
0.993358
0.932095
0.893988
0.880563
0.879622
0.882839
0.878815
0.87224
0.880275
0.929605
1.01139
1.05255
1.06239
1.06175
1.05474
1.03953
0.989018
0.936067
0.915532
0.912566
0.915588
0.917891
0.922072
0.954201
1.03735
1.08473
1.09672
1.09565
1.09305
1.07747
1.04495
1.00513
0.96279
0.935004
0.923662
0.92056
0.930674
0.972827
1.02895
1.05827
1.06432
1.05576
1.03434
1.01909
1.01054
0.997634
0.983965
0.973369
1.04507
3.80239
32.2182
0.839988
0.800079
0.757433
0.726054
0.712537
0.711083
0.725052
0.755875
0.772477
0.778184
0.798794
0.858424
0.912389
0.934571
0.938084
0.935564
0.897564
0.845654
0.818782
0.810651
0.8119
0.816118
0.817812
0.814078
0.801764
0.796029
0.800965
0.851247
0.923532
0.956037
0.964248
0.960156
0.942793
0.918839
0.895692
0.884786
0.887557
0.891325
0.885682
0.857952
0.832884
0.831231
0.859588
0.954148
1.02287
1.04324
1.05038
1.05203
1.04018
1.00133
0.951423
0.917394
0.899844
0.886864
0.86873
0.855893
0.85725
0.870525
0.939611
1.02419
1.05013
1.05038
1.04481
1.0428
1.03413
0.991089
0.950461
0.93107
0.921571
0.917469
0.918778
0.926119
0.980628
1.05433
1.07811
1.07747
1.07399
1.06621
1.05399
1.04266
1.01769
0.974368
0.941416
0.92748
0.922993
0.927256
0.958348
1.01066
1.03898
1.04698
1.04103
1.02858
1.02214
1.01441
1.00225
0.982775
1.05046
3.78881
32.2603
0.856165
0.851885
0.816554
0.777349
0.757432
0.754332
0.765717
0.779763
0.781137
0.766108
0.739669
0.738479
0.791297
0.888137
0.93847
0.950223
0.953685
0.93291
0.88688
0.853709
0.837984
0.831527
0.827044
0.817037
0.80256
0.793781
0.790316
0.792339
0.825918
0.889889
0.927209
0.940303
0.946364
0.952973
0.959492
0.958295
0.946538
0.925189
0.887399
0.84377
0.822641
0.819094
0.822297
0.858015
0.961539
1.03045
1.04926
1.0528
1.05164
1.04913
1.02798
0.980974
0.929618
0.890309
0.866977
0.855378
0.852785
0.857747
0.877939
0.960339
1.02487
1.04041
1.04456
1.05087
1.05657
1.04338
0.993952
0.953289
0.930714
0.921484
0.920814
0.923703
0.944458
0.998149
1.03656
1.05037
1.05798
1.06333
1.06477
1.06416
1.0572
1.03002
0.975974
0.937374
0.91875
0.911303
0.911713
0.9386
0.995957
1.03414
1.04764
1.04807
1.04121
1.03515
1.02591
0.996493
1.0351
3.83
32.3429
0.8551
0.864138
0.863889
0.846057
0.822556
0.81096
0.806211
0.800849
0.787623
0.754536
0.715854
0.699883
0.702989
0.756937
0.873473
0.941596
0.968557
0.982448
0.976455
0.935467
0.889957
0.858591
0.834769
0.815964
0.80349
0.794192
0.785132
0.777405
0.776331
0.79625
0.854463
0.91084
0.95405
0.992548
1.01473
1.01649
1.00054
0.95501
0.887049
0.839671
0.821227
0.817508
0.819616
0.830937
0.877464
0.975582
1.03597
1.05456
1.06285
1.06657
1.06631
1.04901
0.986048
0.915118
0.876322
0.861139
0.856604
0.85719
0.860402
0.891458
0.977605
1.0296
1.05059
1.0635
1.06887
1.06288
1.03002
0.987
0.956393
0.94059
0.933741
0.92994
0.930369
0.945004
0.97864
1.01891
1.05354
1.07067
1.076
1.07762
1.07119
1.05857
1.02504
0.964591
0.924004
0.905335
0.900937
0.903866
0.930565
0.998121
1.0432
1.05419
1.04852
1.04693
1.04099
1.01673
1.03168
3.85176
32.4258
0.845323
0.868851
0.873901
0.887706
0.892884
0.876847
0.849124
0.821515
0.790142
0.750318
0.71451
0.696873
0.694205
0.697496
0.738625
0.863527
0.960637
1.00238
1.02494
1.02605
0.980959
0.905935
0.847918
0.814502
0.797118
0.789251
0.783584
0.772374
0.759007
0.757654
0.771679
0.83535
0.942574
1.01907
1.04819
1.05522
1.04753
0.993094
0.902801
0.846118
0.826952
0.822929
0.826043
0.835729
0.851229
0.901843
0.998267
1.05236
1.06636
1.0698
1.06917
1.06592
1.03654
0.961128
0.903117
0.87647
0.863912
0.856131
0.854113
0.86186
0.920489
1.01192
1.05437
1.06688
1.07176
1.06556
1.04252
1.01879
0.995222
0.972112
0.949704
0.932091
0.923918
0.924534
0.934293
0.972737
1.02981
1.06611
1.07691
1.07839
1.06972
1.05719
1.04756
1.0141
0.955005
0.916922
0.902958
0.902931
0.903474
0.92832
0.998413
1.04113
1.0462
1.04317
1.04068
1.02582
1.06091
3.87828
32.5165
0.789619
0.857607
0.887315
0.923714
0.936785
0.935131
0.907877
0.859134
0.807036
0.759383
0.722624
0.702326
0.696344
0.697324
0.700893
0.737856
0.886276
1.00516
1.04073
1.05189
1.04455
0.976281
0.876816
0.82041
0.800947
0.793579
0.786569
0.770282
0.754625
0.751924
0.754839
0.772986
0.891911
1.01973
1.05192
1.05852
1.05032
0.999514
0.919124
0.865525
0.843686
0.837715
0.840124
0.84938
0.860237
0.875162
0.932924
1.02184
1.05853
1.06589
1.06545
1.06193
1.04926
1.00744
0.945346
0.896421
0.867184
0.856389
0.854932
0.858192
0.892942
0.984013
1.04467
1.05979
1.06374
1.05506
1.04133
1.03385
1.02604
1.01178
0.981201
0.942816
0.925884
0.92384
0.929707
0.950816
0.990101
1.0339
1.06075
1.06852
1.06451
1.05028
1.04591
1.04536
1.01354
0.960405
0.926229
0.910122
0.90189
0.899729
0.922128
0.990283
1.03049
1.03544
1.03773
1.03028
1.09373
3.95352
32.6914
0.712799
0.812563
0.893222
0.930207
0.943771
0.947649
0.944798
0.912919
0.850583
0.788425
0.74223
0.71404
0.701361
0.699477
0.701716
0.709279
0.783981
0.963024
1.03693
1.04969
1.04538
1.00606
0.919663
0.847808
0.81567
0.802144
0.788558
0.770438
0.758843
0.756113
0.759443
0.780389
0.863367
0.980275
1.03225
1.04285
1.02983
0.979368
0.926414
0.889805
0.868044
0.858915
0.858217
0.866387
0.87778
0.885704
0.900428
0.956786
1.02135
1.04555
1.05045
1.05243
1.05096
1.03351
0.983445
0.918897
0.881279
0.869562
0.868929
0.87722
0.905392
0.95759
1.01049
1.03511
1.04365
1.04739
1.04725
1.04312
1.04029
1.03548
1.01331
0.965693
0.939347
0.934389
0.937819
0.95717
0.972784
0.985066
1.01764
1.04289
1.04978
1.04484
1.04413
1.04745
1.03977
1.01055
0.968214
0.93043
0.906587
0.896872
0.895111
0.927344
0.990831
1.02019
1.03262
1.03428
1.11781
4.04969
32.9174
0.693058
0.727811
0.830027
0.909955
0.933797
0.936474
0.93517
0.934191
0.910792
0.841212
0.769399
0.727098
0.711859
0.710254
0.714195
0.728687
0.772528
0.871237
0.974931
1.0088
1.00825
0.988739
0.95375
0.898658
0.84896
0.817473
0.797502
0.783986
0.777011
0.776717
0.784455
0.812701
0.854163
0.911275
0.971464
0.996986
0.99541
0.970234
0.938545
0.912281
0.893373
0.882943
0.882481
0.893569
0.902371
0.903726
0.904223
0.910134
0.950499
1.00611
1.033
1.04203
1.04282
1.03156
0.996359
0.945154
0.9085
0.895031
0.89759
0.913322
0.930741
0.945524
0.96252
0.987089
1.0151
1.03893
1.04985
1.04868
1.04445
1.04066
1.02632
0.993811
0.967549
0.957245
0.956301
0.962989
0.966027
0.962265
0.975336
1.01503
1.03615
1.04339
1.04531
1.04619
1.04043
1.02259
0.99907
0.964531
0.928341
0.906757
0.896742
0.906799
0.957572
1.00897
1.03496
1.04248
1.1339
4.10706
33.0436
0.706856
0.714445
0.7378
0.817202
0.892312
0.919725
0.927909
0.932036
0.932103
0.894524
0.814324
0.761682
0.743681
0.742513
0.751025
0.77139
0.792631
0.81488
0.860965
0.922888
0.955052
0.963208
0.96161
0.946494
0.905206
0.857098
0.824012
0.807641
0.801363
0.801086
0.812716
0.837786
0.853715
0.86701
0.894153
0.930242
0.950642
0.954144
0.946783
0.936041
0.923976
0.915713
0.919578
0.928355
0.928678
0.920056
0.905409
0.895575
0.900377
0.93566
0.989307
1.01536
1.02024
1.01479
0.996228
0.968223
0.943388
0.935309
0.943266
0.951479
0.952975
0.940416
0.932983
0.938169
0.962446
1.0106
1.03965
1.04609
1.04384
1.03939
1.02861
1.0168
1.00385
0.988418
0.976561
0.967353
0.958924
0.951967
0.958129
0.991951
1.02044
1.03347
1.03854
1.03493
1.03021
1.01874
1.00203
0.985158
0.95587
0.925878
0.913657
0.912943
0.949704
1.00456
1.03706
1.04731
1.14267
4.12006
33.0295
0.71394
0.715108
0.715265
0.726521
0.795035
0.879815
0.915465
0.92445
0.926911
0.915574
0.868661
0.815276
0.791371
0.787472
0.793587
0.805424
0.809662
0.807136
0.802258
0.809391
0.861878
0.920589
0.946315
0.952836
0.949314
0.920358
0.871089
0.839768
0.829304
0.830657
0.844962
0.85821
0.858701
0.853797
0.847054
0.851019
0.880213
0.919607
0.941279
0.946379
0.950604
0.958406
0.966117
0.965106
0.956236
0.935297
0.90557
0.887145
0.883052
0.88934
0.917948
0.964635
0.988027
0.990656
0.984576
0.976765
0.976155
0.991191
1.00139
0.997307
0.972424
0.93801
0.917796
0.913267
0.917401
0.957936
1.01338
1.0306
1.0319
1.03228
1.03335
1.03958
1.03675
1.0183
0.995325
0.97454
0.958241
0.949001
0.950437
0.969884
0.99967
1.01727
1.02323
1.01864
1.01796
1.01461
1.00553
0.994111
0.977804
0.94486
0.927608
0.923376
0.938905
0.993528
1.03091
1.03879
1.13983
4.14502
32.9508
0.71403
0.70835
0.70774
0.712283
0.727514
0.787338
0.865815
0.902327
0.913867
0.917998
0.905689
0.876021
0.84929
0.83514
0.830195
0.829063
0.826299
0.810189
0.77917
0.767704
0.773419
0.830754
0.910432
0.947764
0.957904
0.952406
0.930647
0.900864
0.88215
0.875008
0.873866
0.870803
0.86209
0.842938
0.821157
0.810675
0.817723
0.852168
0.90628
0.94332
0.970546
0.99877
1.01101
1.0076
0.989796
0.951146
0.908466
0.888142
0.881449
0.879034
0.880301
0.896229
0.931715
0.954798
0.963563
0.976787
1.01135
1.03731
1.04293
1.03311
0.990515
0.939307
0.911918
0.901742
0.899029
0.909725
0.963448
1.0055
1.02203
1.03438
1.04729
1.05801
1.0558
1.04061
1.01521
0.987066
0.96495
0.95068
0.942507
0.944648
0.969375
0.99618
1.01068
1.01651
1.01758
1.01753
1.01158
1.00021
0.992332
0.970831
0.943263
0.930363
0.931364
0.952044
0.997363
1.00508
1.11047
4.26211
32.8943
0.710607
0.707637
0.709352
0.714882
0.722617
0.734088
0.768223
0.833314
0.884432
0.909079
0.919224
0.924409
0.91426
0.888323
0.865948
0.849312
0.831734
0.807578
0.780991
0.764281
0.760936
0.766846
0.814738
0.89633
0.942353
0.95681
0.966525
0.969891
0.955303
0.927017
0.896284
0.872482
0.857842
0.841
0.815231
0.796193
0.791543
0.798247
0.831209
0.904981
0.975289
1.01831
1.03854
1.04338
1.0306
0.982049
0.924191
0.894919
0.884051
0.876921
0.86901
0.864457
0.873088
0.903585
0.940505
0.989713
1.04233
1.06793
1.07364
1.06303
1.01355
0.946257
0.9084
0.894621
0.889695
0.889699
0.916249
0.970555
1.01463
1.03991
1.05293
1.06379
1.06766
1.05798
1.0409
1.01226
0.979365
0.94983
0.929696
0.919516
0.928859
0.966208
1.00563
1.02858
1.03549
1.03192
1.02447
1.01208
1.00948
1.00325
0.983106
0.951304
0.925972
0.910389
0.917935
0.942684
1.06496
4.45741
32.941
0.719871
0.714986
0.717713
0.722292
0.72489
0.727648
0.733589
0.750306
0.809455
0.883178
0.922941
0.933273
0.935212
0.932206
0.909403
0.874746
0.844291
0.818555
0.793659
0.772634
0.761817
0.76053
0.766895
0.800649
0.882268
0.952129
0.985069
1.00093
1.00558
0.992676
0.950695
0.901796
0.866409
0.840157
0.815356
0.798391
0.792343
0.793385
0.799276
0.83882
0.946668
1.01923
1.04006
1.04476
1.04432
1.01205
0.951173
0.910433
0.8901
0.876133
0.862964
0.854766
0.853963
0.861764
0.902571
0.986564
1.04881
1.07294
1.0804
1.079
1.04251
0.96831
0.916522
0.895166
0.888401
0.886504
0.903736
0.935022
0.975458
1.01571
1.04508
1.06462
1.07453
1.07164
1.06546
1.04593
1.0053
0.955096
0.913746
0.89467
0.896191
0.917632
0.972333
1.02577
1.05125
1.04945
1.03938
1.02876
1.03093
1.03054
1.02267
0.993815
0.943404
0.904262
0.869059
0.838452
0.985348
4.64456
33.0514
0.73797
0.724442
0.722112
0.721664
0.725247
0.73197
0.738983
0.746428
0.755135
0.79918
0.876403
0.920076
0.932047
0.933086
0.923807
0.905779
0.878805
0.846956
0.816015
0.788886
0.770487
0.763738
0.765519
0.771633
0.796957
0.888278
0.97457
1.00282
1.00837
1.00636
0.994976
0.952177
0.895351
0.852832
0.82413
0.806791
0.800489
0.802119
0.80721
0.818986
0.891508
0.996724
1.03121
1.03619
1.03513
1.02129
0.984717
0.937946
0.90271
0.876997
0.860043
0.853015
0.852506
0.855544
0.877233
0.956444
1.0358
1.06729
1.07644
1.07325
1.04044
0.994013
0.947424
0.913179
0.898313
0.894511
0.908285
0.933182
0.942078
0.954563
0.991398
1.03624
1.06691
1.08404
1.08408
1.07223
1.04152
0.974756
0.916047
0.893798
0.895701
0.903655
0.925639
0.99319
1.04323
1.04763
1.04008
1.03713
1.04743
1.05145
1.04239
1.02866
0.978464
0.921618
0.878773
0.823369
0.902474
4.64298
33.0408
0.763083
0.731878
0.731419
0.733721
0.739984
0.750437
0.759308
0.761344
0.758739
0.759417
0.778907
0.844543
0.898338
0.915668
0.922401
0.925502
0.918023
0.88908
0.846215
0.808195
0.78426
0.774544
0.775802
0.78472
0.794944
0.814961
0.896839
0.971922
0.992196
0.992765
0.990469
0.988198
0.958209
0.896595
0.847093
0.821731
0.813252
0.815128
0.820871
0.83257
0.868414
0.939713
0.994041
1.01069
1.01533
1.01707
1.00367
0.966126
0.92536
0.891225
0.86999
0.863128
0.864714
0.870827
0.894713
0.935254
0.984498
1.02967
1.05093
1.05508
1.04066
1.0098
0.984132
0.954794
0.928428
0.917387
0.926599
0.941418
0.935984
0.923166
0.928269
0.960107
1.03332
1.07985
1.08733
1.08022
1.06594
1.0186
0.948588
0.914894
0.916062
0.928235
0.935811
0.948639
0.992747
1.02309
1.02753
1.03386
1.05255
1.05936
1.04361
1.03117
1.0064
0.958686
0.911955
0.845785
0.881657
4.46293
32.9665
0.810713
0.763613
0.756272
0.756976
0.762957
0.771011
0.775981
0.774439
0.759776
0.748313
0.745807
0.756616
0.821095
0.893698
0.919645
0.92507
0.924373
0.919187
0.893152
0.846647
0.81187
0.79729
0.795477
0.799228
0.802775
0.806011
0.817912
0.885796
0.955946
0.979477
0.983892
0.985815
0.987224
0.954599
0.888715
0.846978
0.834789
0.837869
0.846307
0.854288
0.865204
0.884506
0.922033
0.962052
0.986143
0.99689
0.999606
0.9908
0.963627
0.931198
0.90338
0.888004
0.884555
0.886969
0.901617
0.922317
0.93749
0.961096
1.00072
1.02533
1.02955
1.01664
1.00518
1.0013
0.989048
0.970033
0.965227
0.961826
0.943886
0.918315
0.902648
0.903122
0.944149
1.03407
1.07063
1.06721
1.06013
1.04886
1.00346
0.960174
0.95026
0.954578
0.953678
0.943214
0.93652
0.968352
1.00383
1.02651
1.0453
1.05333
1.04244
1.03272
1.02381
0.997417
0.955234
0.888453
0.880305
4.24154
32.8184
0.858486
0.8322
0.801514
0.789586
0.787048
0.787688
0.787408
0.781699
0.764332
0.743531
0.736006
0.736635
0.746663
0.814192
0.890517
0.914471
0.919548
0.923859
0.924214
0.900498
0.854097
0.824648
0.814264
0.811467
0.809263
0.805501
0.80513
0.814099
0.866287
0.929898
0.960089
0.972147
0.980452
0.985193
0.960833
0.909284
0.8802
0.872308
0.871472
0.868673
0.865204
0.866863
0.872493
0.889714
0.928845
0.966244
0.985485
0.990927
0.986386
0.972504
0.950813
0.929704
0.915427
0.910029
0.912523
0.920766
0.921564
0.916432
0.924956
0.961998
0.998975
1.01492
1.01496
1.02052
1.0278
1.03698
1.02541
0.996577
0.963158
0.926159
0.900851
0.891241
0.891135
0.937024
1.01845
1.04455
1.04501
1.04403
1.04697
1.02484
1.00376
0.994349
0.978254
0.943289
0.920396
0.917019
0.948119
0.995927
1.02947
1.04648
1.04815
1.04081
1.03821
1.02699
0.992738
0.930224
0.917202
4.06313
32.7781
0.868589
0.879034
0.870199
0.84762
0.824225
0.80692
0.793535
0.779083
0.760637
0.744069
0.734361
0.733801
0.737135
0.750042
0.819395
0.894333
0.919178
0.924473
0.928548
0.932499
0.910719
0.863394
0.836273
0.824566
0.817083
0.810427
0.805271
0.803617
0.807538
0.840083
0.902811
0.950516
0.97542
0.990163
1.00065
0.990397
0.945951
0.908515
0.888024
0.874544
0.866448
0.863045
0.860446
0.857651
0.864977
0.900458
0.950046
0.978798
0.98791
0.991054
0.991728
0.983781
0.965359
0.944725
0.92999
0.919248
0.904795
0.889564
0.885909
0.897662
0.947791
0.999485
1.02065
1.03223
1.05939
1.07622
1.07395
1.04021
0.99425
0.950273
0.913834
0.891895
0.877006
0.872586
0.922138
0.992223
1.02236
1.04
1.0679
1.08917
1.07418
1.04843
1.01076
0.957075
0.919426
0.904702
0.904906
0.933817
0.991065
1.03293
1.05205
1.04972
1.05116
1.04902
1.02372
0.9644
0.958165
3.94687
32.8215
0.850636
0.907878
0.920397
0.917398
0.887618
0.842902
0.805322
0.775499
0.754499
0.742618
0.7375
0.736956
0.739377
0.743089
0.755843
0.820511
0.890232
0.921825
0.937425
0.944553
0.944343
0.913053
0.869186
0.842263
0.827048
0.817781
0.809677
0.801417
0.798021
0.799414
0.816939
0.876354
0.943129
0.991685
1.018
1.02463
1.01224
0.967697
0.922765
0.892285
0.873813
0.863094
0.854561
0.844688
0.838451
0.844287
0.878291
0.93641
0.980011
1.00608
1.02124
1.02385
1.0125
0.984563
0.947492
0.916574
0.897623
0.883895
0.873152
0.871045
0.88196
0.936374
1.00109
1.04487
1.07826
1.09445
1.0991
1.08281
1.03565
0.986387
0.934359
0.891109
0.867708
0.858983
0.863168
0.899971
0.962791
1.02563
1.08422
1.11579
1.11967
1.10619
1.07018
1.00321
0.936975
0.90051
0.892624
0.901035
0.938025
1.0024
1.04313
1.0534
1.05476
1.05136
1.02928
0.98157
1.00434
3.83484
32.9093
0.784108
0.894436
0.921154
0.928249
0.930308
0.911983
0.862366
0.807652
0.771414
0.754057
0.748262
0.747416
0.747982
0.748942
0.751484
0.763879
0.820734
0.894187
0.927805
0.937476
0.942575
0.937875
0.912929
0.882744
0.860847
0.845925
0.832487
0.817818
0.804993
0.798599
0.798247
0.805159
0.854134
0.944388
0.998294
1.01536
1.02038
1.01303
0.982146
0.941524
0.910445
0.888676
0.871114
0.853359
0.837947
0.830909
0.833849
0.857917
0.925289
0.98791
1.01983
1.0338
1.03734
1.03463
1.00539
0.956303
0.919523
0.896175
0.879091
0.86877
0.865941
0.874959
0.935061
1.02146
1.07021
1.09016
1.09908
1.09967
1.07275
1.03179
0.977899
0.923668
0.888932
0.869953
0.862685
0.863983
0.87758
0.944396
1.04608
1.09999
1.11513
1.11266
1.10473
1.06361
0.989137
0.932077
0.909727
0.909906
0.926678
0.974453
1.01464
1.03261
1.03899
1.03929
1.01718
0.97833
1.03254
3.81768
33.0964
)
;

boundaryField
{
    back
    {
        type            empty;
    }
    outlet
    {
        type            zeroGradient;
    }
    top
    {
        type            zeroGradient;
    }
    inlet
    {
        type            fixedValue;
        value           uniform 1;
    }
    bottom
    {
        type            zeroGradient;
    }
    front
    {
        type            empty;
    }
}


// ************************************************************************* //
