/*--------------------------------*- C++ -*----------------------------------*\
  =========                 |
  \\      /  F ield         | OpenFOAM: The Open Source CFD Toolbox
   \\    /   O peration     | Website:  https://openfoam.org
    \\  /    A nd           | Version:  12
     \\/     M anipulation  |
\*---------------------------------------------------------------------------*/
FoamFile
{
    format      ascii;
    class       volScalarField;
    location    "28.3";
    object      rho;
}
// * * * * * * * * * * * * * * * * * * * * * * * * * * * * * * * * * * * * * //

dimensions      [1 -3 0 0 0 0 0];

internalField   nonuniform List<scalar> 
9801
(
1.26924
1.27929
1.28187
1.29226
1.30787
1.32477
1.33597
1.34131
1.33403
1.29542
1.24973
1.22904
1.227
1.2297
1.2451
1.28423
1.34761
1.40984
1.44564
1.46155
1.46773
1.45952
1.42453
1.37127
1.3361
1.32529
1.32906
1.34203
1.36662
1.39776
1.42858
1.46532
1.51137
1.54388
1.55424
1.55266
1.54117
1.51408
1.48447
1.46391
1.45756
1.46268
1.47314
1.48305
1.49296
1.50463
1.5211
1.56425
1.63202
1.66951
1.68308
1.68879
1.68446
1.65137
1.60434
1.57492
1.56684
1.56966
1.57665
1.5856
1.60588
1.65705
1.71087
1.7404
1.75644
1.769
1.77962
1.78341
1.76008
1.72739
1.71727
1.72083
1.72977
1.7518
1.80074
1.84949
1.88839
1.92016
1.94684
1.97054
1.96582
1.94839
1.96167
1.98783
2.0299
2.11009
2.1815
2.22865
2.26592
2.29914
2.31581
2.30648
2.28508
2.27506
2.28729
2.36202
2.58632
6.19432
33.1991
1.25942
1.28856
1.30526
1.31818
1.32753
1.33504
1.33998
1.32539
1.29096
1.2684
1.25648
1.24612
1.24566
1.26217
1.29607
1.32247
1.34559
1.38345
1.41678
1.42911
1.42626
1.41516
1.40593
1.39596
1.37366
1.36189
1.36423
1.3717
1.38015
1.38748
1.39997
1.42333
1.46379
1.50184
1.52302
1.53467
1.54238
1.54403
1.52725
1.50745
1.49103
1.47787
1.47422
1.47761
1.48263
1.48952
1.49987
1.53521
1.60101
1.64283
1.66159
1.67299
1.68007
1.67235
1.63586
1.59766
1.57907
1.57623
1.5805
1.58757
1.60442
1.65607
1.71255
1.74408
1.76204
1.77496
1.78569
1.79048
1.76751
1.73344
1.72297
1.72795
1.73848
1.76081
1.81367
1.86985
1.90756
1.93522
1.95824
1.97852
1.97071
1.94325
1.94128
1.9602
1.98789
2.0457
2.1185
2.17452
2.21842
2.25854
2.29299
2.29861
2.28391
2.27745
2.2869
2.33227
2.37234
5.62452
33.0248
1.24902
1.30465
1.32279
1.33058
1.33642
1.33345
1.29958
1.26183
1.24796
1.24966
1.25409
1.25921
1.27711
1.30999
1.32797
1.335
1.3402
1.34249
1.34429
1.35876
1.37797
1.39039
1.40176
1.41375
1.41932
1.40348
1.38392
1.37714
1.37423
1.36823
1.36148
1.36405
1.38697
1.44483
1.49554
1.52408
1.54255
1.55537
1.56071
1.55027
1.51274
1.47922
1.46428
1.45715
1.4548
1.45675
1.4617
1.4798
1.54372
1.60923
1.64275
1.66103
1.67367
1.68113
1.65659
1.60394
1.57285
1.56764
1.57254
1.58
1.59321
1.64156
1.70394
1.73858
1.75657
1.76792
1.77739
1.78259
1.75801
1.72135
1.71057
1.71878
1.73201
1.75272
1.8035
1.86395
1.9035
1.93045
1.95199
1.96982
1.95871
1.9089
1.88193
1.88946
1.91238
1.95259
2.03298
2.1078
2.15779
2.19839
2.23916
2.25881
2.24684
2.24034
2.24505
2.27647
2.25578
5.19889
32.3309
1.23649
1.30724
1.32233
1.32934
1.32093
1.28657
1.25042
1.23455
1.23428
1.23846
1.24618
1.27259
1.31555
1.336
1.34116
1.34165
1.32378
1.28982
1.2784
1.28707
1.32348
1.36882
1.4037
1.42872
1.44135
1.44303
1.41824
1.38433
1.3536
1.32962
1.3228
1.32569
1.33651
1.37907
1.45735
1.51645
1.54467
1.55679
1.56381
1.56172
1.53653
1.48588
1.44078
1.41908
1.41567
1.42012
1.42749
1.44128
1.49214
1.57568
1.6256
1.64761
1.6601
1.66855
1.64883
1.58645
1.54783
1.54055
1.54544
1.55426
1.5716
1.62095
1.68505
1.72194
1.74126
1.75423
1.76486
1.77011
1.74266
1.70326
1.68803
1.69191
1.70329
1.71783
1.76105
1.83277
1.88107
1.90773
1.92539
1.93755
1.91646
1.85328
1.81339
1.81126
1.83077
1.85776
1.91359
1.99591
2.06193
2.1125
2.15844
2.197
2.19497
2.17184
2.15551
2.17701
2.13613
4.90393
31.5532
1.21466
1.26882
1.28572
1.28271
1.26469
1.24286
1.23273
1.23204
1.23263
1.23641
1.2526
1.29482
1.32405
1.33237
1.33656
1.31904
1.27229
1.24591
1.24408
1.2508
1.28091
1.34988
1.40807
1.43374
1.44308
1.44626
1.4308
1.36912
1.31684
1.30247
1.30338
1.30955
1.32094
1.34312
1.40933
1.48827
1.52509
1.53879
1.54226
1.5346
1.51047
1.4615
1.41418
1.39534
1.3949
1.40176
1.41313
1.4291
1.46858
1.53955
1.58998
1.61269
1.62231
1.61972
1.59137
1.54496
1.5185
1.51547
1.52338
1.53861
1.56467
1.61255
1.66791
1.70191
1.71959
1.731
1.73941
1.73822
1.7062
1.66486
1.64828
1.65214
1.66343
1.67763
1.72345
1.80693
1.85907
1.88016
1.89252
1.89405
1.86094
1.80469
1.76588
1.75142
1.75916
1.78051
1.81369
1.88662
1.97689
2.04787
2.10161
2.14784
2.16519
2.14174
2.11477
2.10877
2.03975
4.72488
30.9169
1.19915
1.19475
1.18964
1.20398
1.22332
1.23121
1.23635
1.23668
1.2392
1.25072
1.2782
1.30423
1.31431
1.31844
1.30411
1.2607
1.22711
1.21975
1.22286
1.22939
1.25849
1.34158
1.40461
1.42564
1.43385
1.43208
1.39474
1.33785
1.30738
1.29919
1.30136
1.31194
1.33119
1.35024
1.37382
1.42634
1.46919
1.48549
1.48602
1.4778
1.46536
1.44259
1.41231
1.39485
1.39473
1.40298
1.41525
1.43175
1.46301
1.50815
1.54184
1.55871
1.5636
1.55432
1.53271
1.51118
1.50252
1.50761
1.52051
1.54117
1.57181
1.61007
1.64712
1.67126
1.68419
1.69142
1.6964
1.69416
1.66786
1.63039
1.61542
1.62118
1.6335
1.65259
1.71441
1.8012
1.84059
1.85501
1.86154
1.85145
1.82174
1.78579
1.75588
1.73786
1.73338
1.74368
1.76415
1.80701
1.89178
1.97914
2.04242
2.0913
2.12535
2.12122
2.10063
2.07811
1.97737
4.5919
30.6041
1.17284
1.11826
1.10953
1.12005
1.16639
1.21133
1.23345
1.24982
1.26849
1.28602
1.29593
1.30034
1.30016
1.28271
1.24675
1.21973
1.21157
1.21258
1.21648
1.2233
1.25192
1.32869
1.38671
1.40378
1.40486
1.38422
1.35018
1.32478
1.3112
1.30722
1.31436
1.3369
1.35136
1.35651
1.35869
1.36192
1.38795
1.41189
1.4212
1.42452
1.42904
1.43569
1.43009
1.41332
1.4112
1.41924
1.42953
1.43812
1.45261
1.47185
1.48804
1.49878
1.50221
1.49901
1.49399
1.49378
1.49964
1.50996
1.53239
1.56154
1.58211
1.60007
1.61679
1.62869
1.63653
1.64251
1.64781
1.65026
1.63564
1.60922
1.59389
1.59609
1.60957
1.64528
1.71145
1.77637
1.81174
1.82541
1.82704
1.81779
1.80412
1.78648
1.76386
1.74463
1.73629
1.74006
1.7542
1.77828
1.83216
1.91552
1.98378
2.03039
2.07074
2.08427
2.07476
2.05931
1.96892
4.4932
30.4843
1.13269
1.07518
1.07525
1.0811
1.10183
1.15759
1.22382
1.27938
1.31623
1.3259
1.31964
1.30076
1.27693
1.23522
1.20066
1.19204
1.19618
1.20502
1.21816
1.23748
1.26783
1.31732
1.3546
1.3647
1.3566
1.3419
1.33504
1.32742
1.32385
1.33159
1.35034
1.36179
1.36284
1.34937
1.32726
1.31525
1.31932
1.34351
1.36645
1.38416
1.40796
1.43008
1.44842
1.45388
1.44557
1.43999
1.43968
1.43774
1.43248
1.43253
1.44101
1.45083
1.45793
1.46584
1.47669
1.49086
1.5133
1.54068
1.56237
1.57495
1.57879
1.5776
1.57501
1.57955
1.58902
1.59636
1.6035
1.61139
1.61045
1.59679
1.59359
1.6038
1.6268
1.65534
1.68412
1.72201
1.75465
1.77483
1.7865
1.79487
1.80014
1.79933
1.78808
1.77052
1.75917
1.75753
1.76384
1.77748
1.80085
1.85566
1.92058
1.966
2.00133
2.02224
2.02897
2.02745
1.98287
4.45277
30.4861
1.10062
1.05555
1.05676
1.0632
1.07261
1.09995
1.19506
1.29794
1.33668
1.34788
1.35008
1.32998
1.2694
1.21699
1.19152
1.18535
1.1885
1.19848
1.22055
1.24185
1.26251
1.28978
1.31027
1.31831
1.31784
1.32399
1.33757
1.35083
1.36155
1.36702
1.37053
1.36822
1.34679
1.31153
1.28708
1.27912
1.2828
1.30545
1.33922
1.37202
1.40997
1.45012
1.47278
1.48361
1.47465
1.45167
1.4312
1.41588
1.40758
1.40575
1.4116
1.42314
1.43205
1.44284
1.46672
1.51118
1.54732
1.56425
1.57073
1.56814
1.55416
1.533
1.52593
1.53266
1.55048
1.5652
1.57588
1.5865
1.59777
1.60311
1.60406
1.61589
1.63218
1.64428
1.65578
1.66249
1.67903
1.7105
1.74343
1.77143
1.79341
1.81049
1.81621
1.81249
1.80254
1.79108
1.78162
1.77902
1.78864
1.81465
1.86503
1.91139
1.9419
1.96047
1.97037
1.97963
1.98151
4.50082
30.5117
1.09062
1.05477
1.05589
1.06437
1.08151
1.11567
1.17083
1.27166
1.33248
1.34371
1.33671
1.31143
1.27301
1.22735
1.19948
1.19522
1.20367
1.21961
1.22717
1.23094
1.23115
1.23132
1.25206
1.28593
1.31156
1.3357
1.36498
1.38893
1.39736
1.39054
1.37244
1.34125
1.30206
1.27086
1.25769
1.25676
1.26149
1.28004
1.32943
1.39044
1.44216
1.46994
1.48302
1.4895
1.4747
1.43823
1.40722
1.39208
1.38854
1.39182
1.39987
1.41219
1.4249
1.44357
1.48974
1.53811
1.56046
1.56785
1.5642
1.54219
1.50484
1.48446
1.48341
1.49313
1.51881
1.54783
1.56699
1.5841
1.60223
1.61977
1.62895
1.63055
1.63376
1.6336
1.62313
1.61836
1.62732
1.64953
1.6894
1.73536
1.77576
1.80736
1.83327
1.8529
1.85808
1.84307
1.81628
1.79507
1.7897
1.79888
1.8234
1.85871
1.89092
1.90882
1.91859
1.92465
1.95044
4.6123
30.5123
1.09635
1.06334
1.0673
1.08876
1.12076
1.14287
1.15491
1.18718
1.26052
1.29757
1.30266
1.3023
1.29599
1.27029
1.24027
1.22628
1.2247
1.22623
1.22328
1.2049
1.18593
1.18349
1.19785
1.25027
1.3202
1.37936
1.41243
1.42356
1.42371
1.4034
1.35595
1.29917
1.25789
1.24227
1.24163
1.24691
1.25428
1.2717
1.33724
1.43126
1.47252
1.48506
1.48946
1.48131
1.45029
1.40739
1.38448
1.37857
1.38011
1.38584
1.39548
1.40916
1.43058
1.47586
1.52499
1.54875
1.55745
1.5619
1.55154
1.50349
1.4633
1.4508
1.45429
1.46635
1.49244
1.53453
1.56938
1.59822
1.62271
1.64005
1.64837
1.64348
1.62989
1.613
1.60036
1.59385
1.59591
1.60891
1.63329
1.67951
1.74215
1.79843
1.83463
1.8598
1.88053
1.88574
1.86446
1.83111
1.80651
1.7996
1.80414
1.82045
1.83952
1.8618
1.87616
1.88197
1.9037
4.72655
30.4641
1.11936
1.09902
1.11129
1.13271
1.14798
1.15181
1.14686
1.13917
1.15883
1.23417
1.28441
1.3024
1.31362
1.31879
1.30111
1.26576
1.24092
1.22145
1.19434
1.17153
1.16387
1.16594
1.17206
1.20425
1.31968
1.41251
1.43807
1.44633
1.44448
1.4222
1.35186
1.27631
1.23971
1.22997
1.2323
1.23861
1.24899
1.27902
1.38308
1.46743
1.48899
1.49605
1.49148
1.46156
1.41406
1.38123
1.3679
1.36719
1.37251
1.38056
1.3921
1.41031
1.4552
1.51928
1.55023
1.55729
1.55734
1.5532
1.52873
1.48248
1.44507
1.43193
1.4365
1.44674
1.46484
1.51027
1.57088
1.61618
1.64485
1.65787
1.66297
1.65536
1.63389
1.61496
1.60145
1.59173
1.58716
1.59071
1.60269
1.62275
1.67322
1.7525
1.81428
1.85057
1.87621
1.89193
1.88878
1.86846
1.83785
1.81246
1.79944
1.79359
1.79716
1.80967
1.83555
1.85322
1.87665
4.83712
30.4088
1.16649
1.15431
1.16037
1.16469
1.16538
1.15093
1.1225
1.11058
1.11196
1.14552
1.24396
1.30966
1.33621
1.34889
1.35187
1.32406
1.26471
1.20791
1.17027
1.15821
1.15884
1.16453
1.17942
1.22881
1.32817
1.41184
1.4409
1.44495
1.4282
1.38913
1.33675
1.28233
1.2447
1.23342
1.23561
1.24192
1.25713
1.32221
1.42363
1.47402
1.49156
1.49695
1.48034
1.43498
1.39803
1.37711
1.36388
1.35902
1.36217
1.36949
1.38037
1.40661
1.47611
1.537
1.55794
1.56348
1.56254
1.54733
1.52353
1.48767
1.45156
1.43521
1.43306
1.43738
1.44651
1.47426
1.55038
1.6221
1.65432
1.66953
1.68054
1.68033
1.66277
1.63601
1.61361
1.59806
1.58849
1.58516
1.58716
1.59517
1.61441
1.68303
1.77144
1.82414
1.85425
1.87857
1.88429
1.87396
1.85713
1.8305
1.79838
1.77213
1.75842
1.76383
1.78874
1.82845
1.86461
4.9265
30.3968
1.22221
1.22188
1.20223
1.18571
1.16043
1.12725
1.10786
1.10307
1.10481
1.11549
1.18868
1.30658
1.3483
1.36026
1.36399
1.34923
1.29392
1.21022
1.1696
1.16201
1.16388
1.18459
1.23584
1.27846
1.31337
1.36084
1.39059
1.39189
1.37931
1.36336
1.34212
1.30347
1.26619
1.25263
1.25548
1.26712
1.30554
1.37087
1.42592
1.46078
1.47519
1.47058
1.44246
1.41665
1.39824
1.38314
1.37284
1.37061
1.37556
1.38522
1.40068
1.42787
1.47986
1.53346
1.55718
1.56185
1.5576
1.55166
1.53681
1.5071
1.47133
1.44739
1.43724
1.43705
1.44356
1.45617
1.51426
1.61
1.65555
1.67225
1.68409
1.69553
1.69689
1.67688
1.64838
1.62183
1.59842
1.58081
1.57357
1.57794
1.59224
1.6351
1.714
1.78038
1.81679
1.84242
1.85673
1.8553
1.84913
1.83436
1.80219
1.75912
1.7369
1.73587
1.75134
1.80294
1.8593
4.97326
30.4678
1.27041
1.27877
1.23771
1.18322
1.13403
1.10643
1.10023
1.10143
1.10765
1.12581
1.19946
1.29592
1.34124
1.35582
1.35737
1.32761
1.26957
1.21993
1.19076
1.18464
1.20245
1.25278
1.28536
1.29477
1.29735
1.28962
1.29751
1.32795
1.34902
1.35617
1.35724
1.33897
1.30051
1.28122
1.28379
1.30872
1.35239
1.38762
1.41342
1.43222
1.43781
1.42537
1.41466
1.4117
1.40726
1.39638
1.38516
1.38093
1.38541
1.39919
1.41919
1.43945
1.46645
1.50814
1.53903
1.55051
1.55493
1.55944
1.56032
1.53437
1.48931
1.45118
1.43364
1.43517
1.4437
1.4601
1.50406
1.58013
1.64758
1.6784
1.69283
1.70214
1.70616
1.70361
1.68804
1.65162
1.6075
1.57968
1.57229
1.5758
1.59101
1.62867
1.67672
1.72937
1.76848
1.7918
1.80343
1.80914
1.8105
1.8059
1.79128
1.76611
1.73766
1.73245
1.74538
1.77705
1.84294
4.97149
30.5637
1.29032
1.30716
1.27395
1.19652
1.12498
1.10375
1.10195
1.1059
1.12148
1.16721
1.2289
1.27816
1.30981
1.3212
1.3055
1.27174
1.25114
1.23879
1.23183
1.24018
1.27437
1.2979
1.30411
1.29967
1.26208
1.2361
1.23593
1.26182
1.31196
1.34375
1.35541
1.35555
1.33811
1.32497
1.33092
1.35406
1.37403
1.38682
1.39832
1.40288
1.39493
1.39057
1.39379
1.40007
1.40552
1.40492
1.39836
1.3958
1.40442
1.42163
1.43748
1.44903
1.45563
1.46971
1.50836
1.54092
1.55496
1.56054
1.56193
1.55251
1.50532
1.45569
1.44241
1.44642
1.46061
1.4971
1.53778
1.56896
1.60164
1.64097
1.6719
1.69153
1.70159
1.70625
1.69871
1.67462
1.63727
1.60114
1.58593
1.5875
1.60736
1.64169
1.66413
1.68377
1.71749
1.74263
1.75203
1.75702
1.76549
1.77362
1.779
1.77946
1.75583
1.73642
1.7361
1.74997
1.8085
4.95894
30.6915
1.28928
1.30114
1.25063
1.18134
1.13508
1.11586
1.11481
1.1311
1.17358
1.21171
1.23922
1.25997
1.26899
1.2632
1.24571
1.23925
1.2432
1.24939
1.26955
1.3066
1.32249
1.32367
1.3149
1.27678
1.23252
1.21878
1.22045
1.23133
1.26703
1.31085
1.33805
1.354
1.36589
1.37982
1.38778
1.3891
1.39042
1.39109
1.38306
1.36773
1.36131
1.36462
1.37173
1.37875
1.38503
1.3919
1.4109
1.43024
1.44368
1.45102
1.45568
1.4517
1.44371
1.44399
1.46246
1.50764
1.53699
1.54604
1.54816
1.54283
1.51605
1.48221
1.47134
1.48155
1.50992
1.54204
1.56046
1.5673
1.56338
1.57168
1.60386
1.65032
1.67869
1.6895
1.69046
1.67875
1.66507
1.64994
1.63709
1.63417
1.64113
1.64981
1.65439
1.65887
1.67237
1.69437
1.71216
1.72387
1.73452
1.74766
1.77121
1.78369
1.77458
1.7483
1.73025
1.72049
1.74424
4.94453
30.8363
1.26095
1.25006
1.21269
1.18075
1.15522
1.14825
1.16045
1.196
1.21736
1.22283
1.22713
1.22799
1.22419
1.21927
1.21742
1.22267
1.23373
1.26254
1.311
1.33775
1.34458
1.34091
1.31481
1.25611
1.22389
1.21912
1.22273
1.23147
1.25368
1.28616
1.31736
1.34985
1.38694
1.40961
1.41848
1.41747
1.41093
1.40007
1.36954
1.34427
1.33733
1.3407
1.34919
1.35752
1.36485
1.39074
1.43637
1.47117
1.48449
1.48512
1.47092
1.44306
1.4213
1.41691
1.42387
1.45312
1.50115
1.52768
1.53687
1.53942
1.5325
1.52459
1.52741
1.54414
1.56238
1.57392
1.57711
1.56031
1.53432
1.52426
1.52863
1.55816
1.61476
1.65895
1.681
1.69364
1.70124
1.70987
1.70921
1.69626
1.6791
1.66224
1.65157
1.65116
1.64856
1.6509
1.67292
1.69712
1.71445
1.73844
1.76799
1.78232
1.78097
1.76198
1.73416
1.70599
1.68516
4.88432
30.9553
1.20763
1.20018
1.20192
1.19622
1.19408
1.20461
1.22611
1.2389
1.23813
1.2203
1.19261
1.18167
1.18932
1.20722
1.21805
1.22377
1.24197
1.29025
1.33165
1.34645
1.35001
1.34309
1.2998
1.25059
1.22875
1.22402
1.22658
1.2326
1.25005
1.28393
1.32347
1.36548
1.3996
1.41834
1.42666
1.4275
1.41888
1.38736
1.34835
1.32579
1.3194
1.32212
1.33161
1.3439
1.36416
1.41499
1.4763
1.50354
1.51114
1.50957
1.47779
1.42148
1.39779
1.39697
1.40471
1.42028
1.4571
1.50252
1.5268
1.5369
1.55089
1.57109
1.58999
1.59948
1.60097
1.59696
1.57995
1.54295
1.50718
1.48807
1.48497
1.48953
1.52686
1.60482
1.66816
1.70838
1.73353
1.74853
1.74831
1.7382
1.71409
1.68467
1.66113
1.64836
1.63407
1.62701
1.63824
1.67007
1.70368
1.73923
1.76697
1.78127
1.77775
1.76756
1.74624
1.70719
1.65168
4.77615
31.0364
1.17298
1.18963
1.2111
1.23875
1.26274
1.27162
1.26894
1.25658
1.22819
1.18569
1.15796
1.15114
1.15824
1.18605
1.21356
1.23507
1.27102
1.31814
1.34262
1.35152
1.35527
1.33969
1.28644
1.24776
1.23355
1.23043
1.23095
1.23431
1.24883
1.2906
1.345
1.39073
1.41483
1.42509
1.42901
1.42472
1.39862
1.35552
1.32283
1.30959
1.30814
1.31334
1.32476
1.34361
1.39621
1.47199
1.50729
1.51823
1.52235
1.50741
1.44791
1.40261
1.38984
1.39253
1.40051
1.41076
1.42602
1.46497
1.50822
1.53964
1.57005
1.60439
1.63025
1.63961
1.63664
1.61936
1.57879
1.5264
1.48312
1.46229
1.45911
1.46391
1.4915
1.54975
1.63724
1.70034
1.73032
1.74201
1.74248
1.74306
1.73792
1.71085
1.68364
1.65875
1.6347
1.62326
1.63035
1.64819
1.68821
1.73612
1.76703
1.77963
1.77464
1.76621
1.75682
1.73051
1.67923
4.61066
31.1266
1.15111
1.21161
1.26049
1.29911
1.31571
1.31682
1.29057
1.24192
1.19052
1.15417
1.13869
1.13575
1.13863
1.15302
1.19015
1.24807
1.31568
1.35763
1.37189
1.37584
1.36937
1.3287
1.26961
1.23682
1.22617
1.22467
1.22741
1.23363
1.25132
1.3071
1.38628
1.42557
1.4364
1.43837
1.42831
1.39889
1.35576
1.32222
1.30599
1.30207
1.30439
1.3111
1.32598
1.37556
1.46016
1.51238
1.52678
1.52953
1.51579
1.46832
1.42107
1.3989
1.39378
1.39702
1.40431
1.41733
1.43256
1.44429
1.46641
1.51343
1.56726
1.6115
1.63713
1.64907
1.65577
1.6486
1.59929
1.52243
1.47107
1.4524
1.45114
1.46568
1.51444
1.56783
1.60074
1.64614
1.69131
1.71376
1.7209
1.72271
1.72594
1.72545
1.715
1.69654
1.66767
1.6488
1.64283
1.64449
1.65869
1.70816
1.75761
1.77709
1.77659
1.76701
1.76036
1.74836
1.72191
4.48658
31.2321
1.13796
1.27265
1.32789
1.34469
1.3469
1.32958
1.27776
1.20426
1.15334
1.13188
1.12636
1.1271
1.13016
1.13664
1.16421
1.25913
1.36676
1.40303
1.41254
1.412
1.38321
1.31693
1.25165
1.21912
1.21108
1.21226
1.21759
1.22805
1.25447
1.34463
1.43033
1.45568
1.46261
1.45692
1.41703
1.36072
1.32326
1.30402
1.29598
1.29647
1.30578
1.33315
1.37767
1.42924
1.48021
1.51626
1.52685
1.51936
1.48208
1.44144
1.42016
1.40893
1.40885
1.41901
1.43417
1.4473
1.45468
1.45015
1.44979
1.46206
1.51145
1.58877
1.63124
1.64364
1.64569
1.61991
1.57203
1.52814
1.48861
1.46721
1.46561
1.49618
1.54954
1.57207
1.58063
1.58759
1.60395
1.6437
1.67533
1.69164
1.70254
1.72277
1.73832
1.73669
1.70991
1.66842
1.64135
1.63231
1.63604
1.66182
1.72833
1.76977
1.77754
1.76581
1.75748
1.74947
1.73871
4.44585
31.3347
1.15553
1.32352
1.36208
1.3732
1.36947
1.32715
1.24029
1.16544
1.1279
1.11549
1.11442
1.11653
1.1211
1.13004
1.16379
1.29189
1.39241
1.41895
1.42777
1.42523
1.38921
1.3052
1.23607
1.20868
1.20428
1.20666
1.21424
1.23179
1.28996
1.38491
1.44146
1.46199
1.46625
1.43519
1.38223
1.34364
1.32035
1.30669
1.30279
1.31468
1.34817
1.3828
1.40462
1.42463
1.46033
1.48608
1.48889
1.47643
1.45843
1.44181
1.43492
1.43957
1.45027
1.458
1.46245
1.46056
1.45262
1.44555
1.43968
1.43974
1.45394
1.52284
1.59231
1.61706
1.61757
1.59428
1.56622
1.54466
1.52539
1.51033
1.51442
1.54808
1.57219
1.57469
1.55535
1.53669
1.53607
1.57085
1.63039
1.66828
1.69569
1.72572
1.74458
1.74762
1.73203
1.68651
1.64367
1.63292
1.63719
1.64977
1.6968
1.75235
1.76798
1.75673
1.74542
1.73578
1.74696
4.47466
31.4216
1.20106
1.33542
1.36412
1.37378
1.36278
1.28972
1.20211
1.14734
1.12082
1.11095
1.1101
1.11308
1.12067
1.14377
1.22305
1.32538
1.38652
1.41406
1.42383
1.41135
1.35072
1.27917
1.23256
1.21211
1.20775
1.21109
1.23247
1.28635
1.33779
1.38304
1.4263
1.44215
1.42406
1.38541
1.35928
1.34586
1.33645
1.33483
1.34955
1.37396
1.39364
1.40104
1.39752
1.39497
1.39614
1.40896
1.42775
1.44222
1.45009
1.46088
1.47604
1.48646
1.48949
1.48782
1.47954
1.46376
1.44822
1.4398
1.43725
1.44088
1.454
1.47547
1.51123
1.54839
1.56428
1.56439
1.55661
1.55398
1.56002
1.56817
1.58551
1.59508
1.58654
1.56117
1.52986
1.50749
1.50542
1.5243
1.58093
1.64819
1.69826
1.72698
1.74071
1.73702
1.71421
1.68195
1.65725
1.64861
1.65126
1.65974
1.68191
1.71137
1.72966
1.72949
1.72554
1.71636
1.753
4.56573
31.5165
1.23394
1.32198
1.34445
1.34225
1.29319
1.22855
1.18152
1.14729
1.12504
1.11543
1.11426
1.11855
1.14776
1.21888
1.28529
1.32827
1.36203
1.3802
1.37603
1.33936
1.29619
1.26155
1.23888
1.22527
1.2232
1.24383
1.3005
1.3385
1.35284
1.36216
1.3702
1.36361
1.35562
1.35599
1.35986
1.36406
1.37928
1.4031
1.41392
1.41274
1.40596
1.39075
1.36976
1.3487
1.33945
1.34406
1.36466
1.40022
1.44134
1.48155
1.5097
1.52197
1.52339
1.51762
1.50148
1.47379
1.45033
1.44157
1.44286
1.45033
1.46245
1.46629
1.45997
1.45639
1.48045
1.51991
1.54746
1.56409
1.58528
1.62365
1.64225
1.63388
1.60498
1.56353
1.52002
1.49668
1.49581
1.50453
1.53993
1.61957
1.68717
1.71305
1.71842
1.69598
1.67296
1.66804
1.67569
1.68306
1.68227
1.67019
1.6542
1.64889
1.65918
1.67795
1.7023
1.70753
1.7583
4.68675
31.4868
1.24223
1.28319
1.28609
1.25207
1.21424
1.19356
1.18157
1.16518
1.14388
1.13308
1.13524
1.16813
1.23259
1.27232
1.29289
1.31395
1.32618
1.32109
1.29845
1.28247
1.27346
1.2623
1.25092
1.24861
1.26562
1.31255
1.34033
1.34856
1.35227
1.33895
1.2973
1.2825
1.29624
1.3272
1.36032
1.40458
1.44939
1.46653
1.46014
1.4346
1.39755
1.35574
1.32716
1.31422
1.31188
1.31545
1.323
1.34376
1.40468
1.48065
1.51585
1.52714
1.53197
1.53404
1.52586
1.50424
1.48132
1.47045
1.47029
1.47328
1.47242
1.45215
1.42165
1.41147
1.42093
1.4611
1.52087
1.57179
1.6227
1.66261
1.67647
1.67364
1.63514
1.5817
1.53334
1.50458
1.49839
1.50441
1.51856
1.57186
1.64129
1.66803
1.67276
1.66051
1.65123
1.66506
1.6944
1.70792
1.70867
1.68382
1.62677
1.59371
1.59235
1.61205
1.66762
1.70108
1.75296
4.82019
31.4357
1.23307
1.23437
1.19658
1.16981
1.16585
1.16982
1.17506
1.1762
1.17031
1.17157
1.20213
1.25466
1.28447
1.29377
1.29478
1.29169
1.27293
1.24908
1.24113
1.24444
1.2552
1.26588
1.2717
1.291
1.33112
1.35319
1.35746
1.35545
1.33657
1.28341
1.24528
1.23832
1.24581
1.27745
1.35797
1.45307
1.50132
1.51189
1.50219
1.44991
1.37725
1.32692
1.30437
1.29991
1.30319
1.30932
1.31786
1.33478
1.37168
1.43674
1.48904
1.50866
1.51425
1.51645
1.52766
1.53976
1.54607
1.5381
1.52188
1.4988
1.4671
1.431
1.4038
1.39543
1.3986
1.4138
1.46686
1.56062
1.64409
1.6816
1.69458
1.68773
1.66085
1.61433
1.56334
1.52706
1.51365
1.51574
1.52389
1.53997
1.57824
1.60862
1.62116
1.629
1.64303
1.67495
1.70118
1.71332
1.71778
1.70005
1.62816
1.57469
1.56039
1.56334
1.61049
1.66073
1.71372
4.95214
31.4162
1.20954
1.1583
1.12827
1.12633
1.13757
1.15426
1.16823
1.17926
1.20567
1.25409
1.28743
1.29841
1.30114
1.3026
1.29674
1.26194
1.23003
1.22149
1.22529
1.23261
1.24259
1.26326
1.3048
1.34081
1.35608
1.36168
1.36201
1.3432
1.29643
1.25336
1.23431
1.2306
1.235
1.25026
1.33905
1.46889
1.50896
1.51746
1.51218
1.46559
1.3783
1.32242
1.30478
1.30379
1.30955
1.32497
1.35034
1.37227
1.38092
1.38366
1.40235
1.4442
1.48156
1.51461
1.55352
1.58409
1.60007
1.60416
1.57719
1.52505
1.46981
1.42622
1.40128
1.39351
1.39945
1.41254
1.43966
1.53077
1.64282
1.6864
1.69472
1.68734
1.66898
1.63741
1.59336
1.55124
1.5282
1.52394
1.52807
1.53285
1.53959
1.55636
1.57415
1.5952
1.63452
1.67507
1.69726
1.70509
1.70887
1.69238
1.64019
1.58132
1.5511
1.5482
1.57991
1.61607
1.66328
5.02467
31.5867
1.17081
1.11055
1.09906
1.10091
1.11381
1.14079
1.17502
1.22333
1.27649
1.30901
1.31922
1.32086
1.3127
1.28754
1.25505
1.22611
1.21072
1.20969
1.21672
1.23839
1.27056
1.31043
1.34237
1.35665
1.36119
1.35339
1.32983
1.30092
1.27418
1.25173
1.24037
1.2442
1.26034
1.30267
1.37404
1.44642
1.48548
1.4896
1.46562
1.42143
1.38074
1.34973
1.33433
1.33653
1.34945
1.3683
1.38369
1.38994
1.37512
1.35034
1.34654
1.36246
1.42569
1.52474
1.59243
1.62188
1.63551
1.63221
1.60612
1.55942
1.49277
1.43835
1.41159
1.40425
1.4169
1.45118
1.48764
1.53034
1.60013
1.65182
1.66602
1.66386
1.65978
1.63667
1.60004
1.5664
1.54791
1.54388
1.5457
1.54653
1.54657
1.54653
1.5477
1.55818
1.6043
1.6532
1.67293
1.67919
1.68445
1.67769
1.65198
1.61127
1.56831
1.54861
1.55551
1.58389
1.63653
5.01296
31.7864
1.1454
1.10554
1.10219
1.10521
1.11896
1.15155
1.20282
1.25542
1.29158
1.3093
1.31614
1.3122
1.29099
1.26605
1.24495
1.22722
1.2158
1.21739
1.23031
1.25534
1.2933
1.32761
1.35181
1.36092
1.3568
1.33038
1.29875
1.28162
1.27115
1.26332
1.2678
1.28665
1.32159
1.35516
1.37764
1.39862
1.41242
1.41472
1.41256
1.41316
1.4067
1.39539
1.39111
1.39495
1.40218
1.40842
1.41082
1.39197
1.35181
1.32808
1.32488
1.32943
1.36388
1.49392
1.6003
1.62905
1.63868
1.62219
1.57148
1.52669
1.49685
1.46416
1.43897
1.43851
1.46952
1.50284
1.52187
1.53253
1.54968
1.58065
1.60502
1.61509
1.61748
1.60535
1.57949
1.56984
1.57749
1.59072
1.59503
1.59278
1.57692
1.55043
1.53368
1.5314
1.55013
1.60942
1.65037
1.66652
1.67511
1.67625
1.66184
1.63827
1.60617
1.57429
1.56184
1.56436
1.62938
4.93647
31.9627
1.14376
1.11989
1.12482
1.146
1.16999
1.1864
1.21144
1.25801
1.28949
1.2966
1.29203
1.27535
1.26109
1.25123
1.24188
1.23676
1.24099
1.25579
1.2711
1.28007
1.28841
1.31359
1.3333
1.33471
1.32043
1.30398
1.29591
1.29012
1.28708
1.29718
1.31827
1.34147
1.35687
1.36333
1.36656
1.35078
1.33606
1.34096
1.36459
1.39719
1.41984
1.43928
1.45591
1.46138
1.45935
1.45352
1.43123
1.37893
1.33681
1.32391
1.32497
1.33479
1.38984
1.47694
1.55591
1.5996
1.60652
1.56447
1.51448
1.49282
1.48616
1.48245
1.48375
1.51213
1.53688
1.53915
1.53652
1.52902
1.50727
1.50389
1.52866
1.55338
1.56419
1.56951
1.56876
1.58487
1.61839
1.63549
1.64105
1.63804
1.60406
1.5532
1.51997
1.50646
1.50588
1.54765
1.62632
1.67104
1.68727
1.69067
1.67246
1.64823
1.62906
1.6006
1.57438
1.56266
1.64589
4.84869
32.0192
1.15428
1.14966
1.17054
1.19004
1.19386
1.19358
1.2026
1.23977
1.26776
1.27149
1.26461
1.26104
1.25762
1.25281
1.2508
1.25889
1.27529
1.28341
1.28559
1.28345
1.27611
1.26798
1.27275
1.28962
1.30105
1.30591
1.312
1.32456
1.34158
1.35411
1.36269
1.36844
1.36902
1.35583
1.32689
1.30552
1.29938
1.3048
1.31922
1.35825
1.42046
1.47172
1.50037
1.50963
1.50998
1.49821
1.45304
1.38301
1.34295
1.33375
1.33836
1.37993
1.44074
1.46721
1.4859
1.50908
1.50917
1.48943
1.47678
1.47666
1.4829
1.49857
1.55309
1.58994
1.58862
1.56858
1.54038
1.49653
1.46014
1.45303
1.46854
1.49839
1.52244
1.54083
1.57543
1.6209
1.64248
1.65181
1.65864
1.66009
1.62338
1.55458
1.51439
1.49938
1.49339
1.50887
1.57561
1.65102
1.68765
1.69397
1.67445
1.64665
1.62641
1.61246
1.60134
1.58654
1.63502
4.82175
32.0258
1.18306
1.19289
1.20475
1.2008
1.18864
1.17763
1.17196
1.18647
1.22876
1.24981
1.26169
1.27276
1.28071
1.28584
1.29029
1.29615
1.29708
1.29302
1.28448
1.26298
1.23582
1.22209
1.22449
1.24573
1.28191
1.31619
1.35796
1.38706
1.39499
1.39084
1.38535
1.37842
1.35259
1.32267
1.3022
1.28953
1.28661
1.29072
1.29875
1.32509
1.39898
1.47375
1.50516
1.51546
1.5173
1.50339
1.46434
1.41675
1.38234
1.37442
1.39008
1.43572
1.46239
1.46684
1.45098
1.40885
1.39257
1.41005
1.43992
1.46246
1.48621
1.56077
1.61888
1.62732
1.61155
1.58715
1.5365
1.47059
1.43867
1.43106
1.43604
1.45311
1.48341
1.52764
1.59234
1.63471
1.65422
1.66128
1.66398
1.65574
1.62415
1.57509
1.52888
1.50914
1.51038
1.54356
1.57094
1.5969
1.64564
1.66601
1.65536
1.63358
1.6261
1.62413
1.62883
1.62241
1.61904
4.82259
32.043
1.23109
1.23304
1.21862
1.18901
1.15446
1.13633
1.13399
1.14359
1.18834
1.24533
1.28551
1.31848
1.33745
1.33745
1.32146
1.3062
1.29295
1.27807
1.25285
1.22452
1.20806
1.20543
1.2097
1.21995
1.255
1.33789
1.40563
1.43036
1.43535
1.43011
1.40532
1.35888
1.32835
1.31279
1.30255
1.29364
1.29272
1.30169
1.32401
1.34386
1.36094
1.41162
1.46391
1.48743
1.49539
1.49709
1.48324
1.46361
1.4525
1.45024
1.45989
1.47106
1.46963
1.44928
1.39249
1.34134
1.32928
1.3422
1.38107
1.43726
1.53488
1.62713
1.65208
1.65072
1.62546
1.56523
1.50479
1.46601
1.44313
1.43363
1.43557
1.44572
1.46385
1.5126
1.58199
1.62709
1.64283
1.64388
1.64201
1.63566
1.6251
1.60401
1.5745
1.55402
1.55471
1.56709
1.56662
1.55902
1.55871
1.5891
1.6153
1.62652
1.64015
1.65312
1.65543
1.64165
1.6303
4.84255
32.0313
1.27229
1.24296
1.19671
1.15046
1.12111
1.11253
1.11382
1.12015
1.14766
1.2393
1.33662
1.37789
1.38954
1.38442
1.34766
1.30154
1.26943
1.23887
1.21329
1.19827
1.19413
1.19667
1.20346
1.22092
1.26722
1.34818
1.41228
1.43411
1.43742
1.4194
1.38557
1.35726
1.33619
1.32286
1.3181
1.32161
1.33222
1.34723
1.35035
1.34084
1.33607
1.33865
1.37291
1.43562
1.47609
1.49256
1.5037
1.5139
1.51978
1.52154
1.51351
1.4962
1.47031
1.41756
1.35192
1.31475
1.30466
1.30761
1.32455
1.41306
1.56689
1.6347
1.64994
1.64265
1.59405
1.54233
1.50713
1.48253
1.46507
1.45951
1.46744
1.48275
1.50316
1.52002
1.54222
1.57672
1.60086
1.61281
1.61879
1.6245
1.62503
1.62871
1.6255
1.61098
1.59645
1.58024
1.55229
1.51561
1.49649
1.50941
1.57818
1.64836
1.68423
1.69265
1.68526
1.66284
1.66781
4.85283
32.0727
1.29272
1.21846
1.15028
1.12025
1.11055
1.10948
1.11105
1.11723
1.14668
1.24891
1.35853
1.39341
1.40262
1.40348
1.38054
1.32156
1.25732
1.22033
1.2025
1.1956
1.19664
1.20458
1.23527
1.2747
1.29931
1.32084
1.36217
1.38762
1.3904
1.38486
1.37879
1.3711
1.36736
1.36819
1.37407
1.38206
1.38681
1.37443
1.34831
1.322
1.30721
1.30437
1.30885
1.34752
1.42898
1.4951
1.53119
1.54999
1.55929
1.55832
1.55298
1.52721
1.46561
1.39734
1.34823
1.32096
1.31347
1.32527
1.37478
1.45992
1.54556
1.60235
1.61465
1.58669
1.55156
1.53101
1.52354
1.52165
1.51824
1.51406
1.51587
1.52011
1.51664
1.50686
1.503
1.51088
1.54673
1.58865
1.6135
1.62801
1.63766
1.64556
1.64839
1.64295
1.62242
1.58509
1.53856
1.49499
1.46904
1.46587
1.52579
1.63768
1.69068
1.7024
1.69273
1.66781
1.71501
4.8832
32.1646
1.30039
1.184
1.12022
1.10696
1.10538
1.10829
1.11982
1.15841
1.2207
1.27676
1.33874
1.38157
1.39171
1.37273
1.33331
1.29649
1.26487
1.23248
1.21197
1.20872
1.22138
1.2579
1.29204
1.30335
1.30321
1.29344
1.28187
1.2903
1.32073
1.3515
1.37592
1.40239
1.42795
1.44505
1.44911
1.44045
1.41325
1.36922
1.32291
1.29666
1.28753
1.28694
1.29388
1.31362
1.36002
1.45141
1.52363
1.55052
1.55468
1.54843
1.53326
1.50694
1.46308
1.40968
1.36571
1.34619
1.35201
1.39102
1.43937
1.4739
1.50485
1.52719
1.52932
1.52826
1.53187
1.53778
1.54996
1.56294
1.57353
1.577
1.57095
1.55129
1.51641
1.48307
1.46945
1.4712
1.49145
1.55427
1.60872
1.63232
1.6446
1.65359
1.65461
1.64781
1.63174
1.60262
1.55677
1.49536
1.45453
1.44627
1.47026
1.57239
1.66023
1.68271
1.68135
1.67334
1.74344
4.92266
32.3153
1.27648
1.16409
1.11923
1.10884
1.10765
1.1178
1.17285
1.24346
1.27473
1.28671
1.29769
1.30909
1.30982
1.30499
1.3036
1.30302
1.29152
1.27285
1.26056
1.26657
1.28801
1.30858
1.31525
1.30747
1.283
1.24725
1.22428
1.22072
1.23277
1.27836
1.35425
1.43228
1.48962
1.51145
1.51786
1.50114
1.43452
1.35632
1.31056
1.2904
1.28439
1.28553
1.30553
1.34842
1.38339
1.40904
1.45145
1.49063
1.50413
1.50325
1.50051
1.49234
1.47057
1.43523
1.40665
1.39825
1.4174
1.44979
1.46743
1.47555
1.47296
1.45039
1.45065
1.4744
1.50749
1.54088
1.57416
1.60153
1.61601
1.61887
1.61426
1.58374
1.5208
1.47144
1.44995
1.44335
1.4487
1.48863
1.5689
1.62286
1.64113
1.64857
1.64764
1.64308
1.63966
1.62726
1.59753
1.52537
1.45558
1.43281
1.43667
1.48884
1.59521
1.6502
1.66442
1.66684
1.74423
4.95796
32.5012
1.23689
1.16442
1.13429
1.12579
1.13324
1.18629
1.24868
1.27188
1.27822
1.28297
1.26016
1.22523
1.22383
1.25062
1.28677
1.3085
1.32272
1.33607
1.3465
1.34385
1.33467
1.32408
1.30183
1.27168
1.24057
1.21906
1.20852
1.20491
1.20605
1.21531
1.28681
1.43972
1.50863
1.52511
1.52986
1.51529
1.4545
1.36724
1.31311
1.29557
1.29279
1.30884
1.35553
1.3901
1.40049
1.40216
1.39194
1.38857
1.41516
1.45432
1.47561
1.482
1.48047
1.46796
1.45501
1.45841
1.476
1.48637
1.48773
1.47759
1.43636
1.40506
1.40281
1.4203
1.45774
1.51995
1.58668
1.63437
1.6517
1.65203
1.64831
1.62138
1.54182
1.47481
1.44686
1.43597
1.43399
1.4445
1.49622
1.58201
1.62825
1.64006
1.64024
1.64286
1.6476
1.64895
1.6277
1.54641
1.44879
1.41275
1.41418
1.43972
1.53455
1.61504
1.64539
1.64929
1.7314
4.96856
32.7139
1.21156
1.18778
1.16953
1.1698
1.20733
1.25909
1.28032
1.28381
1.28132
1.24696
1.1952
1.16784
1.16488
1.17978
1.22857
1.29223
1.35485
1.41357
1.4348
1.42916
1.38903
1.32531
1.26858
1.22596
1.2041
1.19713
1.19732
1.19988
1.20451
1.23021
1.30444
1.39977
1.48168
1.51129
1.51286
1.47089
1.40789
1.3689
1.34232
1.32728
1.33043
1.36536
1.40161
1.41376
1.41233
1.39085
1.35175
1.33439
1.34257
1.38314
1.43644
1.46655
1.48012
1.49268
1.50752
1.51529
1.51611
1.51388
1.50982
1.4814
1.426
1.39001
1.37792
1.38314
1.40088
1.46342
1.57468
1.64055
1.66285
1.66808
1.66869
1.65023
1.57578
1.49544
1.45405
1.43838
1.4368
1.4455
1.46361
1.52269
1.59972
1.63378
1.64287
1.64639
1.64801
1.65085
1.62767
1.54234
1.46101
1.42062
1.41406
1.42628
1.49031
1.57272
1.60922
1.61254
1.69952
4.95189
32.8826
1.19047
1.20142
1.21306
1.25017
1.27867
1.28496
1.28699
1.28252
1.25126
1.20546
1.17306
1.15831
1.15485
1.15733
1.16732
1.23684
1.38332
1.44744
1.46164
1.46402
1.44037
1.35671
1.25813
1.21136
1.19599
1.19395
1.19616
1.20112
1.23117
1.30051
1.3439
1.35865
1.38412
1.41716
1.42351
1.40823
1.39597
1.38871
1.3834
1.37948
1.39408
1.4251
1.43938
1.43901
1.4262
1.37899
1.32935
1.30807
1.30645
1.32018
1.36283
1.4214
1.46941
1.51442
1.55152
1.56323
1.55452
1.54271
1.53132
1.49052
1.43065
1.39239
1.37523
1.37151
1.3766
1.39748
1.50532
1.62126
1.65736
1.66449
1.66465
1.63709
1.57872
1.51979
1.47306
1.45149
1.45276
1.4771
1.498
1.51136
1.55284
1.6088
1.63075
1.63161
1.62872
1.6127
1.57857
1.53617
1.49261
1.45851
1.43916
1.43289
1.46319
1.51776
1.55417
1.56231
1.66019
4.9466
32.9908
1.15695
1.20757
1.28201
1.32687
1.33504
1.3164
1.2811
1.24497
1.20503
1.17752
1.16267
1.15689
1.15649
1.15947
1.17347
1.251
1.37235
1.44025
1.45859
1.45452
1.40214
1.32383
1.26802
1.22788
1.20846
1.20468
1.20878
1.23846
1.30692
1.35078
1.36058
1.35671
1.32737
1.29849
1.30267
1.33918
1.37741
1.3942
1.40615
1.43536
1.47101
1.48895
1.48946
1.47879
1.4446
1.37378
1.31755
1.2939
1.28769
1.29085
1.30365
1.34355
1.42762
1.52077
1.57701
1.60022
1.60115
1.58354
1.55632
1.5075
1.44992
1.4076
1.38438
1.37525
1.37538
1.38018
1.43341
1.5684
1.63313
1.64365
1.63775
1.60014
1.55658
1.52882
1.50795
1.50261
1.52345
1.54058
1.53794
1.52768
1.51801
1.53922
1.57771
1.58802
1.57969
1.56267
1.54889
1.53694
1.53218
1.52323
1.49628
1.47366
1.4669
1.48012
1.49164
1.49523
1.60277
4.95936
33.0355
1.12926
1.2083
1.31129
1.34252
1.35105
1.3474
1.29598
1.22311
1.18859
1.17296
1.16431
1.16109
1.16387
1.1795
1.23872
1.29622
1.32976
1.36469
1.38233
1.36916
1.34673
1.32813
1.3002
1.27054
1.24953
1.2452
1.26311
1.31679
1.35999
1.37119
1.36761
1.33469
1.27008
1.2292
1.22207
1.24366
1.30619
1.36866
1.42412
1.49773
1.54395
1.55776
1.55241
1.52139
1.45271
1.3727
1.31714
1.29049
1.28235
1.28471
1.29308
1.30617
1.362
1.50232
1.58912
1.61218
1.61461
1.60282
1.57254
1.5213
1.46928
1.42434
1.39431
1.38178
1.38185
1.38937
1.42584
1.5026
1.57074
1.59168
1.58566
1.5535
1.53346
1.53627
1.55673
1.60051
1.61502
1.60056
1.56709
1.5241
1.4863
1.4712
1.48797
1.51879
1.53143
1.53743
1.54675
1.57299
1.59501
1.58754
1.55999
1.52426
1.49115
1.46852
1.46471
1.45263
1.54468
4.97848
32.9487
1.16151
1.23661
1.29741
1.3309
1.33463
1.30706
1.26112
1.22737
1.20007
1.18283
1.17719
1.17949
1.19225
1.24327
1.29636
1.31295
1.31403
1.2913
1.26391
1.26667
1.29678
1.32096
1.32488
1.3203
1.3125
1.32215
1.35618
1.3817
1.38791
1.38414
1.35168
1.2925
1.23832
1.20712
1.19813
1.201
1.21928
1.29612
1.43538
1.54359
1.58839
1.60074
1.59742
1.56331
1.48031
1.38257
1.32166
1.29456
1.287
1.28875
1.29536
1.30881
1.34972
1.47655
1.58367
1.6076
1.61253
1.59774
1.56208
1.51783
1.47954
1.44728
1.42478
1.41467
1.41424
1.42079
1.43363
1.45162
1.47703
1.50418
1.5173
1.52019
1.52493
1.56497
1.63985
1.67061
1.67018
1.64406
1.58026
1.49945
1.44641
1.42568
1.4246
1.44588
1.47901
1.51711
1.5813
1.62996
1.63819
1.62383
1.59887
1.56632
1.52273
1.48267
1.46249
1.44051
1.47305
5.05958
32.8228
1.20603
1.23604
1.24863
1.26447
1.26771
1.26459
1.26419
1.25599
1.23428
1.21326
1.20571
1.21056
1.24593
1.29667
1.31802
1.32045
1.29342
1.22236
1.18289
1.17977
1.2092
1.27603
1.31925
1.34949
1.39766
1.43301
1.44152
1.43493
1.40897
1.36284
1.30817
1.25795
1.22359
1.20589
1.20112
1.20308
1.20883
1.24226
1.39812
1.5539
1.5957
1.60559
1.59358
1.53715
1.45935
1.39399
1.34359
1.3148
1.30726
1.31243
1.32719
1.35205
1.39468
1.46513
1.53943
1.5716
1.577
1.56795
1.54202
1.51699
1.49535
1.48219
1.47435
1.46568
1.45343
1.44311
1.43489
1.41759
1.41029
1.42204
1.45589
1.49893
1.56434
1.64399
1.68114
1.69277
1.69565
1.67993
1.59977
1.48867
1.43184
1.41532
1.41359
1.41771
1.43745
1.52029
1.61138
1.63943
1.64214
1.62998
1.6084
1.57743
1.53726
1.50291
1.4844
1.45119
1.43811
5.1343
32.7063
1.22712
1.2411
1.21722
1.19046
1.19422
1.22881
1.26499
1.27506
1.27129
1.25321
1.24724
1.26841
1.30707
1.3263
1.32963
1.31418
1.24848
1.18709
1.161
1.15752
1.16226
1.19031
1.27712
1.38509
1.46819
1.50215
1.50834
1.49671
1.45487
1.36443
1.28948
1.24939
1.2267
1.21385
1.21109
1.2176
1.2461
1.3003
1.38173
1.49308
1.55439
1.56332
1.54197
1.49949
1.45059
1.40935
1.37675
1.35727
1.35365
1.36198
1.37582
1.39491
1.41821
1.44102
1.46816
1.49973
1.52179
1.53167
1.53393
1.5302
1.52512
1.52309
1.51842
1.50183
1.47917
1.45301
1.41854
1.39453
1.38769
1.38977
1.40648
1.47723
1.60473
1.66455
1.67928
1.68588
1.68449
1.64044
1.55435
1.48316
1.44233
1.42518
1.42258
1.42767
1.47636
1.55702
1.60239
1.62422
1.62977
1.61993
1.58987
1.55659
1.53201
1.5162
1.50716
1.47807
1.44095
5.15291
32.7013
1.23185
1.23377
1.18186
1.14567
1.1433
1.16341
1.22495
1.26574
1.28387
1.30563
1.33074
1.3475
1.35063
1.3478
1.32752
1.26943
1.20611
1.16767
1.15464
1.15467
1.15812
1.16479
1.21482
1.37297
1.48001
1.50901
1.51704
1.49802
1.42565
1.35442
1.30492
1.2698
1.25017
1.24376
1.24921
1.27537
1.31721
1.34594
1.36152
1.39112
1.44212
1.47656
1.48582
1.4825
1.46304
1.43604
1.42008
1.41307
1.40925
1.40639
1.40665
1.41078
1.41561
1.41795
1.41441
1.4236
1.45565
1.50024
1.53499
1.55219
1.55744
1.55664
1.54239
1.51692
1.48773
1.45197
1.4187
1.39828
1.39251
1.39568
1.42152
1.51385
1.60662
1.65224
1.66679
1.66145
1.63086
1.58625
1.53774
1.49057
1.45639
1.44043
1.4387
1.46246
1.51886
1.57023
1.60541
1.61916
1.61671
1.59669
1.57422
1.55626
1.54119
1.53496
1.53642
1.52067
1.48636
5.09961
32.7961
1.22739
1.20873
1.1602
1.13575
1.13012
1.13286
1.15281
1.21563
1.28711
1.35892
1.40703
1.41774
1.40673
1.37545
1.31962
1.24514
1.19108
1.16635
1.15847
1.15935
1.16531
1.19711
1.25678
1.33064
1.42391
1.47092
1.47628
1.45134
1.40789
1.36697
1.33502
1.31235
1.29969
1.30024
1.31741
1.34397
1.35893
1.36089
1.3518
1.33005
1.33084
1.37105
1.42674
1.45712
1.4666
1.47331
1.4762
1.4702
1.45493
1.43712
1.42523
1.41788
1.40533
1.38913
1.38539
1.39018
1.40223
1.45541
1.52515
1.55326
1.56054
1.56246
1.5454
1.50351
1.46992
1.44919
1.42918
1.4136
1.41092
1.43063
1.48509
1.54149
1.58919
1.61743
1.62117
1.60639
1.58101
1.54909
1.51979
1.4931
1.47093
1.46231
1.46851
1.49847
1.5324
1.56075
1.58329
1.59467
1.59269
1.58456
1.57893
1.56889
1.56352
1.55705
1.55199
1.52952
1.51523
5.04451
32.9774
1.21987
1.17628
1.14626
1.13246
1.12548
1.12241
1.12346
1.14067
1.24274
1.37616
1.43643
1.45254
1.45702
1.43257
1.34106
1.24906
1.20105
1.17974
1.17584
1.1805
1.20479
1.25259
1.28299
1.29728
1.321
1.3607
1.38913
1.39747
1.39713
1.39319
1.38439
1.37424
1.37379
1.38506
1.39553
1.39562
1.38623
1.35692
1.31163
1.28712
1.28329
1.29328
1.33834
1.41643
1.47557
1.504
1.51424
1.51008
1.4926
1.46508
1.43737
1.41512
1.39641
1.38459
1.38303
1.38809
1.3983
1.42957
1.4971
1.53952
1.55141
1.54857
1.51518
1.47906
1.46193
1.45349
1.44537
1.44451
1.46173
1.49946
1.52819
1.54298
1.55443
1.56558
1.57117
1.57007
1.56403
1.54571
1.52074
1.49982
1.48797
1.48447
1.49205
1.50609
1.51463
1.52747
1.54767
1.56752
1.57809
1.58291
1.59134
1.59249
1.58147
1.56811
1.55361
1.52207
1.53965
4.98457
33.1578
1.21918
1.14974
1.1236
1.11207
1.10867
1.10868
1.11053
1.11754
1.18462
1.35978
1.44139
1.45811
1.46192
1.43427
1.35618
1.27755
1.23278
1.21564
1.21365
1.22407
1.25399
1.28385
1.29082
1.28777
1.26922
1.25362
1.26682
1.3168
1.36968
1.39648
1.41061
1.43779
1.46263
1.4668
1.45218
1.42474
1.38768
1.33505
1.29576
1.27788
1.27746
1.28317
1.29391
1.34521
1.45587
1.50705
1.51606
1.51061
1.49271
1.4726
1.45071
1.42988
1.41367
1.4052
1.40616
1.41435
1.42738
1.44209
1.45937
1.48651
1.50102
1.49771
1.48672
1.47524
1.46644
1.46414
1.47059
1.49371
1.52227
1.53819
1.54063
1.53653
1.5252
1.52022
1.52799
1.54272
1.55105
1.55138
1.53359
1.51913
1.51256
1.50991
1.5068
1.50031
1.49288
1.48849
1.49562
1.52133
1.55596
1.5859
1.59846
1.59871
1.59087
1.57173
1.54884
1.5164
1.54784
4.94118
33.2597
1.2296
1.13064
1.0969
1.08686
1.08677
1.09204
1.10064
1.12926
1.20755
1.30643
1.39211
1.42701
1.43211
1.40921
1.36289
1.31998
1.2876
1.27167
1.27008
1.28002
1.29378
1.29864
1.29697
1.27392
1.23566
1.21602
1.21614
1.23181
1.2846
1.36353
1.43562
1.49425
1.51761
1.51947
1.49653
1.43905
1.36665
1.32518
1.30228
1.28917
1.28748
1.29663
1.32544
1.3678
1.41363
1.45979
1.47563
1.46858
1.45673
1.45086
1.45523
1.46382
1.46315
1.45832
1.45406
1.45117
1.44811
1.44028
1.42779
1.42082
1.42752
1.4451
1.46419
1.47527
1.4789
1.48599
1.51286
1.53997
1.55223
1.55259
1.54535
1.52946
1.50909
1.49048
1.48576
1.49597
1.51711
1.53308
1.53774
1.54209
1.54935
1.54659
1.53348
1.51352
1.4851
1.46157
1.45335
1.45835
1.48589
1.53686
1.57894
1.59369
1.59185
1.58142
1.55586
1.52249
1.56104
4.87301
33.2948
1.25477
1.1209
1.08452
1.07996
1.0814
1.08823
1.10934
1.18072
1.24639
1.27232
1.30012
1.34147
1.36528
1.36439
1.35579
1.35527
1.35565
1.35106
1.34642
1.3384
1.32487
1.30349
1.27263
1.24289
1.21887
1.20816
1.20822
1.21232
1.22338
1.28567
1.4299
1.50446
1.52126
1.52021
1.48339
1.4158
1.36285
1.33361
1.32035
1.31919
1.33222
1.35851
1.3802
1.38833
1.37938
1.36509
1.37432
1.39911
1.42355
1.4514
1.48037
1.50202
1.51708
1.52196
1.51554
1.4939
1.46263
1.42805
1.39536
1.37533
1.37413
1.38676
1.41681
1.45239
1.48078
1.51521
1.55579
1.57837
1.58384
1.57772
1.56254
1.53693
1.50625
1.47774
1.45849
1.4523
1.46053
1.49003
1.52656
1.55301
1.57424
1.57553
1.56547
1.54451
1.50313
1.46274
1.44568
1.44351
1.44702
1.4637
1.52311
1.57223
1.58198
1.57402
1.55685
1.52861
1.57117
4.85044
33.3514
1.27199
1.12869
1.09119
1.08797
1.0895
1.09973
1.15173
1.23266
1.26509
1.27123
1.26907
1.24993
1.24749
1.27959
1.33287
1.371
1.39772
1.41946
1.42471
1.40833
1.36266
1.30951
1.26648
1.2369
1.21909
1.21191
1.21263
1.22053
1.25404
1.31132
1.37566
1.44679
1.473
1.46347
1.43562
1.40109
1.37284
1.35821
1.35757
1.37441
1.39934
1.41357
1.41533
1.39226
1.33392
1.29582
1.29232
1.31427
1.36936
1.44127
1.50218
1.54798
1.57204
1.57817
1.57285
1.54094
1.47819
1.4198
1.37896
1.35218
1.34202
1.34556
1.35724
1.39475
1.46021
1.52554
1.5719
1.59916
1.61007
1.61066
1.59481
1.5596
1.52006
1.48556
1.45228
1.42548
1.41776
1.43017
1.47767
1.53801
1.57279
1.58178
1.57768
1.56983
1.54681
1.5014
1.46945
1.45673
1.45069
1.44784
1.46763
1.51423
1.54063
1.53667
1.512
1.47571
1.56345
5.02155
33.5568
1.27448
1.16729
1.12601
1.11737
1.11973
1.13874
1.20538
1.25816
1.27212
1.27336
1.24935
1.20079
1.18412
1.19053
1.23773
1.33505
1.40549
1.43178
1.43912
1.43984
1.41072
1.33578
1.27646
1.24585
1.23011
1.2255
1.23137
1.26221
1.30973
1.33377
1.34079
1.345
1.3534
1.37432
1.39425
1.40068
1.40531
1.4094
1.42123
1.43956
1.45112
1.45255
1.43569
1.37
1.29622
1.26273
1.2569
1.26344
1.28714
1.37275
1.50088
1.58847
1.62345
1.62886
1.62492
1.59258
1.50739
1.42489
1.37625
1.35027
1.33846
1.33667
1.34006
1.35085
1.40711
1.50487
1.56664
1.59567
1.61046
1.61833
1.61696
1.59068
1.54533
1.49738
1.45164
1.41794
1.40343
1.40432
1.41973
1.47769
1.54509
1.57192
1.57216
1.57028
1.56977
1.56144
1.53623
1.50917
1.48325
1.46377
1.4519
1.44547
1.44955
1.44231
1.42457
1.40368
1.5216
5.32377
33.8287
1.27881
1.2357
1.1923
1.16732
1.1657
1.19748
1.25032
1.27164
1.27508
1.26763
1.22698
1.19124
1.17745
1.17653
1.18383
1.23709
1.35677
1.42058
1.43621
1.42843
1.39566
1.35673
1.31096
1.27377
1.25686
1.2559
1.27691
1.31702
1.33997
1.34227
1.31426
1.26869
1.25657
1.27532
1.33097
1.38887
1.43074
1.47031
1.49348
1.49732
1.49161
1.47869
1.43083
1.33924
1.2791
1.25529
1.25087
1.25361
1.26066
1.29989
1.46606
1.60132
1.63473
1.64129
1.64045
1.61891
1.54252
1.44582
1.38717
1.35921
1.34988
1.35214
1.36016
1.372
1.39026
1.43823
1.51604
1.57029
1.59948
1.61486
1.61964
1.61012
1.57625
1.52871
1.47644
1.43087
1.40388
1.3968
1.39902
1.41022
1.46208
1.53058
1.56514
1.58216
1.60294
1.61477
1.60633
1.57734
1.53571
1.48542
1.43325
1.39192
1.36436
1.35311
1.36324
1.38826
1.51564
5.5354
33.9114
1.2483
1.26112
1.25113
1.24235
1.24672
1.27131
1.28381
1.28418
1.27277
1.23707
1.20568
1.19082
1.18504
1.1879
1.20848
1.23089
1.25831
1.32176
1.37039
1.38242
1.37952
1.37541
1.35568
1.32527
1.31047
1.31892
1.34364
1.35923
1.35941
1.32742
1.26419
1.22391
1.21392
1.21844
1.24379
1.32962
1.44566
1.52424
1.5528
1.55605
1.53965
1.49128
1.40425
1.32709
1.28261
1.26173
1.25775
1.26648
1.28981
1.32647
1.41486
1.56032
1.61977
1.62445
1.60991
1.58582
1.53995
1.47958
1.42721
1.39841
1.38781
1.38699
1.38896
1.38879
1.38751
1.3926
1.4292
1.51218
1.57638
1.60302
1.61264
1.61474
1.60466
1.57379
1.52046
1.45812
1.41199
1.38921
1.38165
1.3823
1.39104
1.43454
1.51957
1.5922
1.62943
1.6386
1.63399
1.61407
1.57554
1.51394
1.43218
1.36752
1.33794
1.33209
1.3487
1.42891
1.58727
5.54768
33.8129
1.18521
1.24606
1.26966
1.30836
1.34099
1.34659
1.33523
1.3076
1.26522
1.2245
1.20552
1.19789
1.19831
1.21657
1.23671
1.24303
1.23568
1.21928
1.23135
1.29171
1.34801
1.37052
1.38368
1.39675
1.40834
1.4129
1.40764
1.39095
1.34625
1.28229
1.23456
1.21171
1.20624
1.20901
1.21534
1.25966
1.42809
1.53787
1.56325
1.5704
1.56385
1.50291
1.40751
1.34164
1.30439
1.29127
1.29584
1.31559
1.33842
1.35389
1.37337
1.44698
1.53817
1.56831
1.56921
1.56449
1.54888
1.52192
1.49231
1.46357
1.44091
1.42339
1.40754
1.39175
1.37553
1.36856
1.37384
1.41518
1.51469
1.58696
1.61543
1.62312
1.6218
1.60502
1.56006
1.49137
1.42797
1.38874
1.37474
1.37441
1.37961
1.38822
1.44667
1.56904
1.62479
1.63302
1.62803
1.6142
1.57856
1.50188
1.43434
1.38444
1.35663
1.36008
1.42015
1.51034
1.65276
5.38939
33.6729
1.1145
1.16355
1.2527
1.3305
1.37858
1.3947
1.39631
1.36017
1.2803
1.23502
1.21937
1.21856
1.23399
1.25459
1.26181
1.25759
1.2202
1.16733
1.14951
1.16501
1.24799
1.34327
1.41186
1.47641
1.50651
1.50415
1.47054
1.39746
1.31172
1.24754
1.21691
1.20877
1.2099
1.21372
1.22791
1.27582
1.38765
1.51336
1.5519
1.55214
1.52275
1.47509
1.42543
1.37976
1.35498
1.34809
1.35217
1.35917
1.36449
1.3643
1.35844
1.35495
1.40707
1.49416
1.53463
1.54873
1.56344
1.57347
1.56319
1.5366
1.49777
1.45496
1.4128
1.37524
1.35487
1.34862
1.35063
1.36141
1.43341
1.56679
1.62298
1.63043
1.62617
1.61037
1.57802
1.5186
1.45408
1.40975
1.38686
1.38019
1.38327
1.39526
1.44965
1.53574
1.59224
1.61098
1.61008
1.58848
1.55156
1.51126
1.46122
1.42799
1.42073
1.4382
1.48353
1.51059
1.61856
5.25229
33.6444
1.0959
1.10029
1.16347
1.31071
1.38394
1.40176
1.40218
1.36883
1.31513
1.2732
1.25753
1.26024
1.27425
1.28243
1.28173
1.26501
1.20367
1.1447
1.12378
1.12225
1.13782
1.24186
1.42222
1.52992
1.56541
1.57069
1.53948
1.43447
1.30586
1.2399
1.21736
1.21322
1.21704
1.23939
1.28001
1.31046
1.34121
1.41578
1.48158
1.49732
1.49403
1.47926
1.4539
1.43551
1.42297
1.41326
1.40155
1.38936
1.37815
1.35673
1.32788
1.31707
1.32387
1.38208
1.48263
1.55714
1.5988
1.61334
1.6104
1.58673
1.54032
1.47993
1.41673
1.37336
1.35292
1.3471
1.35102
1.36166
1.40139
1.51782
1.60763
1.62493
1.61946
1.5975
1.5597
1.51245
1.47287
1.44215
1.42044
1.40912
1.41017
1.42575
1.45904
1.50461
1.54349
1.56202
1.56162
1.54628
1.53615
1.53086
1.52021
1.5067
1.49727
1.48383
1.47512
1.46867
1.5613
5.20738
33.7044
1.10007
1.10726
1.15352
1.23032
1.32627
1.36813
1.36915
1.35467
1.34787
1.33235
1.31819
1.31423
1.31291
1.30762
1.29778
1.2629
1.18961
1.1382
1.12015
1.11906
1.12384
1.16336
1.37463
1.54155
1.57315
1.57856
1.53325
1.41917
1.32177
1.26423
1.24219
1.24078
1.25637
1.29027
1.31639
1.32295
1.32281
1.32097
1.36902
1.44562
1.47824
1.488
1.50029
1.49982
1.4821
1.45591
1.42987
1.40412
1.36684
1.32804
1.30711
1.3026
1.30521
1.32051
1.4102
1.55408
1.60996
1.62292
1.61936
1.59433
1.54366
1.47854
1.42947
1.3943
1.37101
1.36197
1.36903
1.39754
1.43576
1.48976
1.55937
1.59136
1.58717
1.56934
1.54443
1.50785
1.48039
1.46724
1.45899
1.45456
1.45553
1.45765
1.4585
1.46819
1.48947
1.51147
1.52286
1.52797
1.53778
1.55978
1.57184
1.56219
1.53314
1.49769
1.46022
1.41787
1.4992
5.22469
33.8178
1.11588
1.14367
1.17987
1.19636
1.22318
1.26606
1.30115
1.32485
1.34684
1.37705
1.39193
1.38589
1.36653
1.34424
1.31218
1.24687
1.17419
1.13704
1.12753
1.12727
1.13555
1.20146
1.34617
1.48543
1.53917
1.54014
1.49379
1.41963
1.35619
1.31364
1.29354
1.29147
1.30381
1.32268
1.32942
1.32302
1.29339
1.27985
1.28762
1.35334
1.4559
1.51335
1.53552
1.54282
1.52774
1.48788
1.44677
1.40014
1.35511
1.32297
1.30677
1.30416
1.30864
1.32805
1.40783
1.53153
1.59462
1.60974
1.60648
1.56309
1.50054
1.46424
1.44479
1.42659
1.41001
1.40761
1.43007
1.45036
1.45581
1.46124
1.49199
1.53099
1.54527
1.54362
1.5361
1.51333
1.49679
1.49188
1.49411
1.49722
1.49268
1.47915
1.45796
1.44452
1.44635
1.46595
1.48899
1.51373
1.54781
1.57568
1.591
1.5903
1.5552
1.50648
1.46428
1.42062
1.48941
5.19747
33.9104
1.14878
1.18178
1.1997
1.199
1.18247
1.16795
1.18445
1.24482
1.32808
1.3922
1.42845
1.44157
1.43848
1.40933
1.33971
1.24244
1.17196
1.14461
1.14032
1.14763
1.20397
1.2784
1.31723
1.36522
1.4261
1.45357
1.45161
1.44069
1.41468
1.38231
1.35938
1.34915
1.3472
1.3463
1.33873
1.30526
1.27568
1.26864
1.27082
1.28553
1.39238
1.51075
1.54126
1.54733
1.53068
1.48198
1.42202
1.38548
1.36344
1.34151
1.3266
1.32641
1.34788
1.39588
1.44884
1.50062
1.54383
1.5573
1.54118
1.50143
1.46548
1.4495
1.44472
1.44326
1.44963
1.47983
1.49612
1.48892
1.46848
1.44864
1.44134
1.46081
1.49948
1.51908
1.52521
1.52478
1.51449
1.51464
1.51985
1.51868
1.51021
1.49078
1.4631
1.44113
1.43482
1.43503
1.44381
1.47246
1.52148
1.56672
1.58813
1.58839
1.5668
1.52851
1.48945
1.4526
1.52074
5.0635
33.9561
1.1866
1.20784
1.21425
1.20302
1.16115
1.13943
1.13931
1.15399
1.22871
1.36124
1.4298
1.44674
1.45317
1.4504
1.38485
1.25908
1.18918
1.1696
1.1709
1.20763
1.2833
1.31522
1.31855
1.30745
1.29086
1.31642
1.38529
1.42986
1.44067
1.44946
1.44415
1.42184
1.39381
1.36285
1.32255
1.28799
1.27326
1.27152
1.27536
1.29895
1.37002
1.46586
1.51401
1.52088
1.492
1.4351
1.39162
1.37398
1.36785
1.36485
1.36919
1.39495
1.42957
1.45283
1.46375
1.47368
1.47845
1.4797
1.47652
1.46628
1.45218
1.44462
1.447
1.45524
1.49654
1.53721
1.54236
1.52683
1.49056
1.44696
1.42323
1.41753
1.43783
1.47522
1.5005
1.51802
1.52743
1.53591
1.54159
1.53835
1.52355
1.50416
1.48577
1.46465
1.44564
1.43092
1.42063
1.42277
1.44845
1.50325
1.54885
1.56512
1.56224
1.54354
1.52208
1.49294
1.55815
4.96367
34.0094
1.22696
1.23199
1.22697
1.1859
1.15199
1.14063
1.14014
1.14371
1.15734
1.26085
1.39809
1.43907
1.44492
1.43364
1.37703
1.29068
1.23372
1.2176
1.22734
1.28008
1.32166
1.32837
1.31757
1.26051
1.21973
1.21872
1.26163
1.36903
1.44659
1.48413
1.50207
1.50138
1.46206
1.3888
1.32658
1.29476
1.28318
1.28464
1.30679
1.34265
1.36975
1.40142
1.43228
1.43735
1.42466
1.41033
1.39135
1.37671
1.3754
1.39673
1.44525
1.47681
1.48615
1.48251
1.46954
1.4396
1.42048
1.42065
1.43284
1.44305
1.4468
1.44524
1.44837
1.47153
1.53032
1.55459
1.55578
1.54826
1.51726
1.45588
1.4144
1.40404
1.4048
1.41967
1.45108
1.48811
1.52347
1.54026
1.54542
1.54692
1.53607
1.52521
1.52043
1.51411
1.49284
1.45751
1.41902
1.392
1.38635
1.40959
1.47867
1.53517
1.54954
1.54896
1.5386
1.51327
1.59155
4.92971
34.1411
1.27852
1.25066
1.20669
1.16395
1.14571
1.14305
1.14476
1.15067
1.1675
1.19645
1.28487
1.37917
1.40773
1.40565
1.37536
1.32728
1.29448
1.28624
1.30589
1.33628
1.3438
1.337
1.29629
1.23278
1.20369
1.20037
1.20443
1.25292
1.39589
1.48455
1.50689
1.51309
1.50593
1.43814
1.355
1.31766
1.31026
1.31927
1.34595
1.36459
1.36935
1.36375
1.34337
1.34235
1.36342
1.38624
1.39521
1.39708
1.42164
1.47388
1.50378
1.51228
1.51063
1.49337
1.44457
1.40685
1.39343
1.39456
1.40588
1.42286
1.43458
1.44122
1.44961
1.49954
1.54841
1.56206
1.56148
1.55721
1.53353
1.46913
1.42103
1.40577
1.40387
1.40927
1.42052
1.44893
1.49406
1.52628
1.53817
1.53891
1.53763
1.54266
1.55146
1.55444
1.54345
1.49237
1.42807
1.3883
1.36839
1.36245
1.39023
1.4745
1.52461
1.53551
1.53206
1.50936
1.5973
4.96542
34.3196
1.3472
1.25832
1.19295
1.15843
1.14708
1.1455
1.15116
1.16984
1.18566
1.19375
1.20612
1.25789
1.32852
1.36076
1.36564
1.36546
1.36409
1.36701
1.37054
1.36622
1.35623
1.32373
1.26932
1.22755
1.20788
1.20402
1.20686
1.21866
1.29388
1.43792
1.4978
1.50866
1.50659
1.47484
1.41118
1.36664
1.35369
1.35769
1.36906
1.37116
1.36205
1.32191
1.29278
1.29229
1.31091
1.34794
1.38852
1.44113
1.50186
1.52795
1.53131
1.52611
1.50829
1.46075
1.41656
1.39193
1.38079
1.37948
1.3854
1.39953
1.4181
1.43417
1.46451
1.51631
1.55063
1.56341
1.56498
1.55993
1.52611
1.47718
1.44303
1.42292
1.41502
1.41695
1.42941
1.44511
1.46343
1.49117
1.51272
1.52534
1.54009
1.55617
1.56609
1.56996
1.56503
1.52618
1.46097
1.4049
1.3723
1.35804
1.35932
1.40616
1.473
1.50501
1.50945
1.48848
1.59141
5.03477
34.5145
1.40122
1.30585
1.20115
1.16666
1.15703
1.15871
1.17142
1.18821
1.197
1.19943
1.19702
1.19077
1.20565
1.27276
1.3436
1.38766
1.42157
1.43844
1.43194
1.39916
1.35524
1.3062
1.26285
1.23702
1.22425
1.22312
1.22845
1.23711
1.25343
1.32674
1.4387
1.48419
1.49328
1.48953
1.46617
1.42963
1.4036
1.39183
1.38652
1.38008
1.34786
1.29603
1.27037
1.26866
1.27803
1.30246
1.37056
1.48034
1.54585
1.56181
1.56201
1.5426
1.48628
1.43291
1.40499
1.39033
1.38127
1.37588
1.37702
1.38335
1.3966
1.42248
1.46336
1.50587
1.53547
1.54403
1.54396
1.54
1.51922
1.48644
1.46276
1.44787
1.44057
1.44186
1.45086
1.45518
1.45565
1.46193
1.48026
1.51076
1.53861
1.5554
1.56466
1.56888
1.56404
1.5333
1.48984
1.44141
1.39743
1.37067
1.35881
1.38542
1.42522
1.45329
1.46895
1.46123
1.58766
5.13152
34.7365
1.39749
1.3276
1.24429
1.20277
1.18811
1.18809
1.19315
1.20117
1.20801
1.20921
1.19397
1.16938
1.16602
1.17832
1.25173
1.36925
1.43546
1.45793
1.46401
1.45086
1.38622
1.31054
1.27144
1.25409
1.24936
1.24955
1.25177
1.25485
1.25874
1.27174
1.32622
1.41733
1.46953
1.48574
1.48686
1.48191
1.46415
1.4389
1.41527
1.38781
1.34489
1.29953
1.27368
1.26741
1.2717
1.28344
1.34183
1.47627
1.54724
1.5632
1.56079
1.52076
1.46579
1.42932
1.40766
1.39592
1.39196
1.3945
1.39978
1.40651
1.41344
1.42121
1.43959
1.47292
1.50021
1.5151
1.52036
1.52206
1.51199
1.49195
1.48166
1.47838
1.47547
1.47185
1.46881
1.46156
1.44841
1.44132
1.45294
1.49056
1.52903
1.55081
1.5598
1.56364
1.55461
1.52896
1.50282
1.47417
1.43989
1.40835
1.38824
1.39176
1.40784
1.41862
1.42667
1.42276
1.56888
5.21774
34.9112
1.35768
1.34983
1.31695
1.27296
1.2369
1.21888
1.21318
1.21505
1.21811
1.21378
1.18684
1.16858
1.16634
1.1698
1.1844
1.29183
1.42082
1.45742
1.46373
1.44838
1.3993
1.34319
1.30246
1.28418
1.27614
1.2717
1.26973
1.27007
1.27101
1.27361
1.28217
1.31429
1.39188
1.45827
1.48592
1.49257
1.49464
1.48522
1.46091
1.41758
1.35843
1.31157
1.2901
1.28769
1.29678
1.31708
1.36014
1.43329
1.50265
1.52692
1.51987
1.48851
1.46084
1.43854
1.42366
1.41907
1.41985
1.41964
1.41954
1.42176
1.42034
1.41548
1.41709
1.43155
1.45815
1.4818
1.49616
1.50437
1.50982
1.50784
1.50915
1.50796
1.49996
1.49016
1.47847
1.46073
1.44139
1.43327
1.43733
1.46515
1.50813
1.53382
1.5436
1.54649
1.53545
1.51685
1.50323
1.49258
1.47949
1.46125
1.44142
1.42468
1.41031
1.40571
1.40331
1.39002
1.54286
5.34545
34.9037
1.30062
1.34325
1.34877
1.34583
1.31681
1.27576
1.24928
1.23455
1.22077
1.20141
1.18336
1.17432
1.17405
1.17956
1.19689
1.23635
1.33094
1.4093
1.43083
1.43039
1.41962
1.39181
1.35081
1.31703
1.29911
1.29211
1.29048
1.29037
1.28731
1.28174
1.28291
1.28833
1.30617
1.37704
1.45545
1.48377
1.48984
1.49224
1.49033
1.46572
1.40275
1.34608
1.32095
1.31555
1.32048
1.33862
1.3666
1.39405
1.4303
1.46097
1.4658
1.45781
1.4567
1.45823
1.45873
1.45769
1.45243
1.44556
1.44086
1.43564
1.42141
1.40699
1.40062
1.40367
1.41884
1.44585
1.47301
1.49343
1.51119
1.52386
1.52462
1.5147
1.50505
1.49508
1.48089
1.45824
1.43665
1.42883
1.42868
1.444
1.4816
1.51709
1.53173
1.53439
1.52527
1.51296
1.50701
1.50406
1.5071
1.50422
1.49053
1.46942
1.44097
1.41593
1.39415
1.35726
1.44828
5.4971
34.6552
1.19016
1.28813
1.3477
1.36563
1.37325
1.36219
1.31935
1.27132
1.2322
1.20386
1.18899
1.18524
1.18834
1.20071
1.22221
1.23703
1.25345
1.30607
1.37379
1.40927
1.41836
1.41614
1.39701
1.36475
1.33782
1.32243
1.31488
1.30948
1.30156
1.29138
1.28698
1.28942
1.29392
1.3055
1.3699
1.44914
1.47871
1.48608
1.48898
1.4863
1.45338
1.3923
1.35433
1.34174
1.34356
1.35887
1.37185
1.37778
1.38382
1.38487
1.39347
1.41746
1.44394
1.46751
1.49153
1.50377
1.49929
1.4836
1.46547
1.44132
1.41188
1.39395
1.3894
1.39107
1.39695
1.41607
1.45212
1.49602
1.52458
1.53388
1.53421
1.51843
1.50182
1.49193
1.48357
1.46553
1.44107
1.42665
1.42412
1.43093
1.44567
1.48281
1.51416
1.52256
1.52115
1.51426
1.50978
1.51384
1.5202
1.51971
1.51176
1.48869
1.45366
1.42728
1.39776
1.34669
1.40924
5.60296
34.3637
1.13476
1.16838
1.29012
1.36266
1.38103
1.38631
1.38256
1.33839
1.27002
1.22344
1.20617
1.20463
1.2101
1.22507
1.24067
1.24584
1.24238
1.23904
1.26189
1.33751
1.39265
1.40683
1.41135
1.41308
1.39364
1.36264
1.34134
1.32946
1.32128
1.31229
1.30175
1.29436
1.29206
1.29376
1.30365
1.36573
1.44552
1.4778
1.48655
1.48915
1.4748
1.43682
1.39787
1.37908
1.37638
1.3811
1.38141
1.37638
1.35369
1.33057
1.33102
1.35377
1.40216
1.4635
1.51522
1.5446
1.55132
1.53709
1.49698
1.44068
1.40192
1.38529
1.38232
1.38401
1.38912
1.39994
1.42821
1.48654
1.525
1.53439
1.53348
1.52294
1.50693
1.49938
1.49733
1.48813
1.46341
1.44189
1.42849
1.42237
1.42137
1.42814
1.46638
1.50198
1.51643
1.52104
1.51988
1.5222
1.52624
1.52639
1.52008
1.48894
1.45293
1.43057
1.4034
1.35284
1.40981
5.57962
34.2254
1.13355
1.13433
1.16864
1.28625
1.36069
1.37867
1.38334
1.38439
1.34575
1.27802
1.242
1.23338
1.23649
1.24751
1.2562
1.25584
1.23542
1.21577
1.21554
1.24001
1.32598
1.39492
1.41569
1.42053
1.42084
1.40674
1.38192
1.36289
1.35028
1.33738
1.31673
1.29687
1.2911
1.29278
1.29679
1.31125
1.3677
1.43747
1.4681
1.47691
1.47696
1.46367
1.44488
1.42637
1.41364
1.40424
1.39478
1.37475
1.33519
1.30997
1.30476
1.30987
1.33429
1.42048
1.52059
1.56004
1.56902
1.56861
1.54066
1.46767
1.40425
1.38274
1.38026
1.38374
1.39433
1.41957
1.44714
1.47034
1.49846
1.51254
1.50912
1.50088
1.50216
1.51388
1.52357
1.52611
1.5034
1.46736
1.43931
1.41977
1.40917
1.40303
1.41279
1.46453
1.50516
1.52034
1.52719
1.53115
1.53493
1.53668
1.52601
1.49943
1.46163
1.42929
1.39962
1.33651
1.34299
5.59298
34.2785
1.14258
1.13702
1.13893
1.16475
1.27239
1.35695
1.38143
1.38729
1.39009
1.3599
1.30586
1.27805
1.27041
1.27114
1.27124
1.25488
1.22204
1.20756
1.20716
1.2111
1.23366
1.32155
1.39643
1.41896
1.42546
1.42817
1.42148
1.40433
1.38486
1.36181
1.33223
1.30724
1.29756
1.29749
1.30033
1.30786
1.32497
1.36598
1.41779
1.45044
1.46554
1.47156
1.47217
1.47083
1.45829
1.43906
1.41468
1.37549
1.3339
1.31162
1.30625
1.30949
1.31694
1.36646
1.49327
1.55699
1.56904
1.56368
1.52161
1.46314
1.42115
1.39765
1.39182
1.39977
1.42729
1.45207
1.45859
1.45547
1.44818
1.45572
1.47596
1.49225
1.51013
1.53183
1.54804
1.55738
1.54447
1.49746
1.45424
1.42524
1.40758
1.39787
1.39358
1.4175
1.47035
1.5047
1.51986
1.52865
1.53641
1.54301
1.53633
1.51113
1.4751
1.43921
1.40541
1.3377
1.31696
5.52516
34.4496
1.1501
1.13553
1.13674
1.14263
1.16551
1.26396
1.35507
1.38781
1.39858
1.40459
1.39166
1.35156
1.31885
1.29682
1.27147
1.23612
1.21079
1.20368
1.20554
1.20956
1.2165
1.24199
1.32572
1.40057
1.42592
1.432
1.4322
1.42722
1.41536
1.39219
1.35815
1.32884
1.31489
1.31165
1.31415
1.32092
1.32788
1.33455
1.34897
1.38584
1.43349
1.46387
1.4731
1.47639
1.47751
1.47155
1.44265
1.39214
1.35233
1.32965
1.32255
1.32615
1.34528
1.38452
1.43902
1.50218
1.52741
1.51946
1.49486
1.47246
1.44844
1.43073
1.42769
1.44525
1.46788
1.47517
1.46767
1.43519
1.40493
1.40212
1.43576
1.48126
1.51338
1.53794
1.55997
1.57258
1.56874
1.52638
1.47803
1.44315
1.41728
1.3999
1.39101
1.38787
1.4094
1.46125
1.50253
1.52392
1.53932
1.55042
1.54825
1.52294
1.48866
1.44707
1.40486
1.35154
1.38837
5.31295
34.602
1.15778
1.14162
1.1422
1.1463
1.15066
1.16913
1.25175
1.35237
1.40132
1.42407
1.43501
1.43214
1.39555
1.33754
1.27728
1.23189
1.2094
1.20466
1.20699
1.21296
1.22212
1.23226
1.25495
1.33049
1.4026
1.42581
1.43111
1.42869
1.41611
1.39355
1.37095
1.35514
1.34398
1.33847
1.33793
1.3382
1.3346
1.33165
1.33421
1.34091
1.37193
1.42934
1.46211
1.47125
1.47223
1.46072
1.43878
1.41713
1.39034
1.36704
1.35634
1.36174
1.38344
1.39972
1.40615
1.41924
1.44291
1.45887
1.46646
1.46981
1.47149
1.47676
1.49181
1.50283
1.50187
1.49339
1.46359
1.40622
1.3759
1.37254
1.38651
1.43832
1.49884
1.5445
1.57206
1.58008
1.57333
1.54116
1.50347
1.4715
1.44139
1.41254
1.38753
1.37129
1.36442
1.38398
1.44958
1.5129
1.54467
1.55543
1.55809
1.53483
1.50016
1.46135
1.41989
1.37761
1.45925
5.1147
34.7074
1.17305
1.15673
1.15626
1.15429
1.15391
1.15747
1.16981
1.24608
1.36876
1.42541
1.43878
1.44335
1.44052
1.39692
1.30927
1.24459
1.2191
1.21473
1.2182
1.22608
1.23352
1.23939
1.24741
1.27255
1.34235
1.39864
1.41624
1.41964
1.40881
1.38769
1.37589
1.37226
1.37068
1.36982
1.36787
1.36149
1.34802
1.33617
1.33504
1.33921
1.34592
1.3754
1.42697
1.45156
1.45605
1.44512
1.43051
1.42385
1.41883
1.41189
1.41112
1.41824
1.42125
1.41726
1.39944
1.37034
1.35629
1.37032
1.41031
1.45117
1.4885
1.53544
1.5598
1.55636
1.53573
1.50441
1.44801
1.38809
1.36486
1.36349
1.366
1.38467
1.46636
1.54872
1.57378
1.57693
1.56616
1.54174
1.51608
1.49592
1.47756
1.44591
1.40158
1.36895
1.35587
1.35537
1.37288
1.43497
1.51299
1.5487
1.55236
1.5429
1.51308
1.47764
1.4411
1.40721
1.50425
5.0075
34.8018
1.19268
1.16724
1.16232
1.15547
1.1539
1.15619
1.1633
1.18609
1.27543
1.38871
1.42906
1.43711
1.43465
1.41309
1.35808
1.28966
1.25034
1.23764
1.23641
1.23916
1.24313
1.24887
1.25706
1.2696
1.29285
1.33892
1.37792
1.39322
1.39455
1.38379
1.37884
1.3806
1.38484
1.38937
1.39054
1.38682
1.37354
1.35342
1.34305
1.34369
1.34911
1.35815
1.37651
1.40652
1.42475
1.42901
1.42781
1.42843
1.43169
1.44758
1.46669
1.47226
1.46582
1.44734
1.40485
1.34668
1.31088
1.30501
1.32249
1.38573
1.48676
1.56717
1.60065
1.60417
1.58625
1.52899
1.44867
1.391
1.36875
1.36608
1.37376
1.40396
1.44545
1.49268
1.52868
1.53795
1.53299
1.52241
1.51159
1.5044
1.49993
1.49264
1.45523
1.40428
1.37391
1.36005
1.35676
1.36332
1.42188
1.50798
1.5404
1.53951
1.52294
1.49064
1.45743
1.4236
1.4892
5.03303
34.9687
1.21374
1.17261
1.16912
1.16715
1.16859
1.17367
1.18679
1.2024
1.22197
1.28158
1.36537
1.40293
1.41166
1.40807
1.39132
1.35473
1.30337
1.26746
1.25275
1.25011
1.25296
1.25911
1.26669
1.27393
1.28368
1.29874
1.32438
1.3521
1.36892
1.37684
1.38043
1.38404
1.39162
1.39711
1.3999
1.40152
1.39888
1.38165
1.3616
1.35542
1.35721
1.35828
1.3529
1.35609
1.37888
1.40759
1.42334
1.43221
1.44954
1.47584
1.49344
1.49983
1.49892
1.48329
1.4241
1.34451
1.30392
1.29395
1.29456
1.31334
1.43024
1.56238
1.60025
1.60588
1.60009
1.55316
1.47324
1.42182
1.40147
1.40033
1.41532
1.43556
1.44122
1.43961
1.44041
1.45795
1.48589
1.50261
1.50852
1.50981
1.51281
1.51932
1.51675
1.4688
1.41179
1.38184
1.36805
1.36045
1.36356
1.43118
1.50979
1.52877
1.51833
1.49
1.46267
1.43114
1.47298
5.13374
35.1983
1.258
1.19981
1.18789
1.18646
1.19104
1.20094
1.21398
1.22019
1.22126
1.22681
1.25612
1.32206
1.37109
1.39071
1.3953
1.38592
1.35974
1.3179
1.28578
1.2719
1.26946
1.27149
1.27702
1.28366
1.28752
1.2934
1.30015
1.3086
1.3287
1.35601
1.37361
1.38377
1.39283
1.40018
1.40518
1.40958
1.41311
1.40983
1.38996
1.3742
1.366
1.35407
1.33995
1.33502
1.34005
1.36683
1.40465
1.43627
1.47039
1.49605
1.50758
1.51064
1.50979
1.49622
1.43857
1.36138
1.31695
1.30286
1.30329
1.31305
1.36621
1.50273
1.57406
1.58351
1.57368
1.54251
1.50513
1.47546
1.46043
1.45689
1.45847
1.45682
1.44468
1.41081
1.38655
1.38369
1.42042
1.47428
1.50001
1.51449
1.531
1.54152
1.544
1.51455
1.46143
1.414
1.38147
1.36528
1.35821
1.38753
1.45315
1.49756
1.50203
1.4838
1.45365
1.41791
1.45616
5.33274
35.4414
1.30315
1.25839
1.22343
1.21231
1.21346
1.22058
1.22703
1.22782
1.22303
1.22239
1.22863
1.24226
1.28169
1.33616
1.37037
1.3798
1.3786
1.36951
1.34331
1.31386
1.2971
1.29133
1.29176
1.2943
1.29629
1.29664
1.29535
1.29475
1.29932
1.31575
1.34698
1.37377
1.39027
1.4026
1.41186
1.41961
1.42546
1.42753
1.41345
1.38927
1.37083
1.35198
1.33403
1.32339
1.32269
1.3311
1.36837
1.43023
1.48248
1.51393
1.5245
1.52537
1.51678
1.48793
1.43509
1.38255
1.34444
1.32644
1.32292
1.32888
1.34649
1.41105
1.50708
1.54586
1.55024
1.54194
1.52725
1.52081
1.52015
1.51812
1.50688
1.48366
1.44365
1.3942
1.36546
1.35842
1.36772
1.42483
1.49234
1.52809
1.54325
1.55041
1.54858
1.52461
1.49298
1.45618
1.42073
1.39672
1.38156
1.38032
1.40455
1.4333
1.44781
1.44378
1.42206
1.37797
1.45578
5.56121
35.5833
1.3132
1.32003
1.2885
1.26023
1.24455
1.23612
1.23235
1.23374
1.23591
1.23548
1.23433
1.2319
1.23045
1.24364
1.29472
1.35086
1.37489
1.38011
1.38353
1.37203
1.343
1.31872
1.30665
1.30337
1.30443
1.30566
1.30057
1.29275
1.28846
1.29191
1.30591
1.34231
1.37996
1.40505
1.42394
1.43499
1.4395
1.44037
1.42855
1.401
1.37747
1.35516
1.32934
1.31351
1.31125
1.315
1.33118
1.3997
1.48458
1.52223
1.53385
1.5378
1.52847
1.48648
1.43872
1.40096
1.37303
1.35509
1.34708
1.34737
1.35119
1.36184
1.41362
1.48902
1.52653
1.53798
1.54443
1.55145
1.55299
1.54791
1.53736
1.51359
1.45886
1.39231
1.36034
1.3546
1.3586
1.38882
1.46211
1.52223
1.542
1.54778
1.53471
1.50893
1.48964
1.47714
1.46542
1.4485
1.42449
1.39729
1.38487
1.38097
1.37436
1.37008
1.37308
1.36594
1.52674
5.66762
35.4797
1.30453
1.33241
1.33597
1.32728
1.30049
1.26861
1.25077
1.24689
1.2483
1.25059
1.2497
1.23822
1.21891
1.21103
1.21843
1.26424
1.33712
1.37745
1.39037
1.39568
1.39175
1.36833
1.33974
1.32322
1.31719
1.31431
1.30664
1.29425
1.28628
1.28454
1.28819
1.29911
1.34064
1.39641
1.43059
1.44611
1.45157
1.45391
1.44842
1.42165
1.38671
1.35313
1.32312
1.30793
1.30369
1.30548
1.31073
1.3534
1.4622
1.52296
1.53661
1.54006
1.52789
1.49059
1.44995
1.42162
1.40121
1.38563
1.37477
1.36736
1.36054
1.35664
1.35891
1.39723
1.47112
1.52185
1.54944
1.564
1.56865
1.56403
1.55477
1.53357
1.47571
1.40921
1.37731
1.36956
1.37083
1.38856
1.4379
1.49042
1.51236
1.51587
1.50252
1.48878
1.4808
1.48442
1.49531
1.48814
1.47148
1.43396
1.38468
1.35412
1.34437
1.35139
1.37657
1.4331
1.58686
5.6269
35.3839
1.26036
1.33478
1.34686
1.35323
1.35046
1.32133
1.28525
1.26605
1.25982
1.25949
1.25973
1.24877
1.22087
1.20808
1.20847
1.21497
1.25053
1.32861
1.38124
1.39928
1.40611
1.40511
1.38916
1.36122
1.33783
1.32291
1.31252
1.30349
1.29394
1.28621
1.28406
1.28681
1.29731
1.35191
1.4185
1.44782
1.45949
1.46413
1.46542
1.44786
1.39789
1.35085
1.32366
1.31049
1.30795
1.31098
1.32041
1.3428
1.40352
1.48781
1.52207
1.52668
1.51334
1.49354
1.47526
1.45247
1.4307
1.41293
1.39888
1.38552
1.36932
1.35664
1.35495
1.35882
1.39085
1.4714
1.53612
1.5607
1.56766
1.56922
1.56642
1.54548
1.49299
1.43741
1.4058
1.39455
1.3934
1.40407
1.43421
1.46216
1.47478
1.47635
1.47007
1.46553
1.46965
1.49546
1.50593
1.49997
1.49038
1.45372
1.39129
1.35641
1.35314
1.3684
1.42796
1.48274
1.61644
5.54955
35.3097
1.1917
1.30765
1.34679
1.35665
1.35567
1.34784
1.32846
1.2984
1.27957
1.27256
1.27112
1.2673
1.24579
1.22634
1.21998
1.22024
1.22394
1.24406
1.31358
1.3766
1.40065
1.41204
1.41658
1.40895
1.38199
1.34934
1.32769
1.31362
1.29929
1.2884
1.28749
1.29146
1.29503
1.30596
1.36552
1.43097
1.45512
1.4622
1.4653
1.46372
1.43474
1.37679
1.33686
1.32052
1.31662
1.31913
1.33062
1.3476
1.36341
1.40722
1.46839
1.49644
1.50103
1.50085
1.50007
1.48867
1.46412
1.44148
1.4245
1.40707
1.38389
1.36505
1.35875
1.35887
1.3616
1.39596
1.48883
1.54379
1.55676
1.55954
1.55558
1.53589
1.49818
1.45765
1.4302
1.41718
1.41343
1.41878
1.43446
1.45131
1.45979
1.4607
1.45702
1.45606
1.47687
1.49821
1.50354
1.50147
1.48496
1.43949
1.39357
1.36564
1.3594
1.37353
1.42478
1.46024
1.58541
5.52512
35.405
1.18142
1.2272
1.29105
1.32529
1.33334
1.33377
1.33488
1.32995
1.31705
1.30402
1.29604
1.28787
1.26845
1.24588
1.23448
1.23186
1.23094
1.22654
1.23227
1.28717
1.36307
1.39987
1.41534
1.42276
1.42103
1.39836
1.35651
1.32386
1.3066
1.30144
1.30282
1.30045
1.29689
1.29802
1.3086
1.3694
1.4337
1.45608
1.46307
1.4677
1.46622
1.42516
1.3649
1.33554
1.32855
1.33215
1.34489
1.35572
1.35975
1.36069
1.37759
1.43618
1.4841
1.49997
1.50256
1.50152
1.4967
1.48324
1.46323
1.43761
1.40572
1.37857
1.36448
1.35934
1.35971
1.3666
1.42151
1.50669
1.54082
1.54843
1.54899
1.53689
1.50279
1.4661
1.44191
1.42935
1.4246
1.42935
1.4377
1.44505
1.45139
1.45466
1.455
1.46535
1.48766
1.50154
1.50224
1.49804
1.47931
1.44426
1.40552
1.37704
1.36656
1.37566
1.40365
1.41023
1.52923
5.50289
35.5656
1.20151
1.20364
1.1993
1.23052
1.28221
1.3157
1.33532
1.35185
1.35682
1.35128
1.3349
1.31442
1.29242
1.2732
1.26207
1.25443
1.23863
1.22025
1.2093
1.21064
1.25904
1.34689
1.3952
1.41594
1.43039
1.43643
1.41813
1.37141
1.33756
1.3218
1.31008
1.29926
1.2951
1.29592
1.29809
1.31045
1.3684
1.4329
1.4598
1.46734
1.46727
1.45492
1.42003
1.38112
1.36219
1.35833
1.36093
1.36282
1.35687
1.34125
1.33603
1.35219
1.42035
1.47545
1.49363
1.50341
1.51776
1.52168
1.50843
1.47687
1.43469
1.394
1.37016
1.3639
1.3646
1.3677
1.38735
1.44953
1.51047
1.53358
1.53845
1.53053
1.49854
1.46652
1.44774
1.43836
1.43701
1.44566
1.44908
1.44719
1.44521
1.4459
1.45188
1.47045
1.49235
1.49913
1.50097
1.5009
1.488
1.45561
1.41924
1.38955
1.37145
1.36684
1.36897
1.36344
1.49916
5.47561
35.7854
1.21631
1.1889
1.15791
1.15439
1.1818
1.25413
1.31669
1.34949
1.36788
1.37581
1.38121
1.37506
1.35146
1.32216
1.29491
1.26608
1.23561
1.21113
1.19689
1.19228
1.19678
1.24413
1.34134
1.40524
1.43536
1.45293
1.45868
1.44088
1.38988
1.34172
1.31175
1.30076
1.29938
1.29758
1.29602
1.29632
1.30315
1.35087
1.4165
1.44836
1.45862
1.46693
1.46833
1.4456
1.41121
1.38751
1.37492
1.36674
1.35452
1.33441
1.32325
1.32341
1.33838
1.40272
1.47259
1.5079
1.52234
1.52986
1.53328
1.5233
1.48499
1.4329
1.39651
1.38239
1.37955
1.38082
1.38512
1.40299
1.44899
1.49208
1.50872
1.50828
1.49409
1.47247
1.45924
1.45402
1.4582
1.46281
1.45867
1.44597
1.43195
1.42857
1.4355
1.46081
1.48837
1.50117
1.50634
1.50912
1.50261
1.47834
1.44521
1.41109
1.38446
1.36597
1.35749
1.34404
1.50462
5.41659
35.9461
1.22033
1.16933
1.14052
1.1314
1.13429
1.15959
1.23954
1.31795
1.3617
1.39823
1.4229
1.43231
1.42216
1.38264
1.32561
1.2682
1.22528
1.19899
1.18652
1.18411
1.18592
1.19137
1.23742
1.35224
1.42992
1.45761
1.47053
1.47624
1.46267
1.40794
1.34941
1.31806
1.30339
1.29295
1.2869
1.28405
1.2841
1.29124
1.32991
1.40372
1.45649
1.47632
1.48389
1.48667
1.47374
1.44027
1.40785
1.38385
1.36155
1.3389
1.32387
1.31773
1.31819
1.328
1.38542
1.47101
1.51461
1.53129
1.53848
1.53858
1.5245
1.48501
1.44015
1.41122
1.39766
1.39205
1.39136
1.39447
1.40236
1.42576
1.45963
1.48125
1.48591
1.48286
1.47962
1.48165
1.48464
1.48083
1.47011
1.44278
1.41254
1.40226
1.40476
1.42592
1.47009
1.50272
1.51801
1.52549
1.52477
1.5054
1.46931
1.43029
1.39703
1.37635
1.36252
1.34563
1.52437
5.33633
35.9517
1.21199
1.1464
1.12703
1.12035
1.12169
1.1266
1.14729
1.23041
1.34373
1.41366
1.452
1.47004
1.47335
1.45333
1.38394
1.28973
1.22317
1.19161
1.18032
1.17947
1.18225
1.18568
1.1962
1.25319
1.37985
1.45479
1.47848
1.48761
1.49005
1.47244
1.41328
1.34179
1.29816
1.28354
1.28012
1.28018
1.28214
1.28532
1.29007
1.31448
1.39173
1.46242
1.489
1.49709
1.50059
1.49245
1.46335
1.42539
1.3875
1.35536
1.33262
1.3202
1.31715
1.31956
1.32875
1.39186
1.49037
1.53093
1.53884
1.53953
1.53
1.5116
1.48314
1.45394
1.43112
1.41626
1.40607
1.39818
1.39191
1.38616
1.39372
1.42866
1.46421
1.48428
1.5013
1.5145
1.52012
1.51516
1.49634
1.45573
1.40615
1.37699
1.37172
1.37657
1.41296
1.48553
1.53024
1.54023
1.53712
1.51706
1.48596
1.45375
1.42386
1.40049
1.38565
1.36264
1.49892
5.31586
35.8241
1.21057
1.13577
1.11946
1.11627
1.11805
1.12338
1.12972
1.14896
1.25564
1.4021
1.46418
1.48403
1.48842
1.48241
1.43889
1.32966
1.23442
1.19367
1.181
1.17912
1.18137
1.18509
1.19231
1.2135
1.30435
1.43233
1.47906
1.48874
1.491
1.48113
1.45432
1.39619
1.32599
1.29172
1.28268
1.2826
1.28434
1.28526
1.28727
1.29308
1.31816
1.41016
1.4802
1.4969
1.50044
1.49669
1.4885
1.46776
1.43058
1.38734
1.35042
1.32749
1.32005
1.3216
1.32621
1.35078
1.43713
1.5084
1.52729
1.53038
1.52475
1.50879
1.49357
1.48061
1.46822
1.45087
1.42899
1.40667
1.38723
1.37614
1.37171
1.37682
1.41777
1.47542
1.51059
1.53113
1.54058
1.54224
1.52673
1.47562
1.41173
1.37714
1.36603
1.36239
1.36716
1.43182
1.51011
1.52861
1.52327
1.50909
1.4944
1.48238
1.46929
1.45248
1.42758
1.3833
1.39532
5.37631
35.6743
1.22813
1.13841
1.12074
1.1186
1.11845
1.12306
1.12864
1.13836
1.19033
1.35229
1.45848
1.48161
1.4877
1.48137
1.44004
1.3541
1.26453
1.21234
1.19203
1.18612
1.18617
1.18831
1.19634
1.22316
1.281
1.37198
1.45197
1.47915
1.48483
1.47302
1.44008
1.40823
1.37381
1.32922
1.30079
1.28982
1.28568
1.28438
1.28796
1.2969
1.31468
1.35344
1.43203
1.47662
1.48828
1.48579
1.4814
1.47929
1.46544
1.42792
1.38245
1.34875
1.33542
1.33544
1.34059
1.36479
1.41171
1.46263
1.49382
1.50335
1.50245
1.4948
1.48652
1.48511
1.48648
1.48137
1.45902
1.42601
1.3933
1.37281
1.36633
1.36538
1.3743
1.43682
1.50685
1.53339
1.54295
1.54831
1.54184
1.50496
1.43903
1.39132
1.37194
1.36474
1.37559
1.40429
1.44185
1.47877
1.49055
1.49016
1.49135
1.49561
1.49626
1.48966
1.46595
1.41199
1.39331
5.32306
35.6442
1.26373
1.15718
1.13051
1.12405
1.12071
1.12296
1.12877
1.14708
1.2061
1.3054
1.40771
1.45337
1.46384
1.45687
1.41403
1.35447
1.29779
1.24656
1.21349
1.19934
1.19629
1.19811
1.21497
1.259
1.29904
1.33305
1.38858
1.44152
1.45991
1.44856
1.42468
1.41368
1.40501
1.37981
1.33406
1.30301
1.29438
1.29657
1.30587
1.32163
1.33785
1.35162
1.37584
1.42114
1.45077
1.4627
1.46902
1.47469
1.47061
1.44527
1.40837
1.38119
1.36778
1.36606
1.37655
1.39789
1.41713
1.43241
1.4465
1.45672
1.46205
1.46857
1.47661
1.48339
1.48665
1.4879
1.48117
1.45646
1.41956
1.38595
1.37052
1.36779
1.36968
1.39317
1.46679
1.51825
1.53557
1.54265
1.53885
1.5111
1.47194
1.43137
1.40194
1.38761
1.39217
1.38991
1.38211
1.39902
1.43781
1.47118
1.49855
1.51684
1.52354
1.51154
1.48413
1.4348
1.44251
5.24669
35.6744
1.30669
1.20232
1.14916
1.12862
1.12632
1.1297
1.14132
1.18649
1.25226
1.29767
1.33745
1.38691
1.41296
1.41182
1.38366
1.3532
1.32477
1.28355
1.24165
1.21935
1.21361
1.21593
1.2433
1.29516
1.32732
1.34108
1.35153
1.3751
1.40078
1.40742
1.4078
1.40866
1.39929
1.37741
1.35947
1.34272
1.33343
1.33397
1.34094
1.35245
1.36282
1.36381
1.36318
1.36386
1.38438
1.41806
1.44321
1.45492
1.45772
1.44082
1.41854
1.40693
1.40394
1.41124
1.42734
1.43553
1.43679
1.43394
1.4214
1.41039
1.41301
1.42513
1.44863
1.46928
1.47878
1.48233
1.48313
1.47793
1.45671
1.41926
1.39063
1.38039
1.37956
1.38684
1.40856
1.46423
1.50887
1.52603
1.52972
1.51266
1.48901
1.46934
1.44703
1.42673
1.40872
1.38232
1.36031
1.3546
1.37085
1.41633
1.47576
1.51994
1.53067
1.509
1.47937
1.43633
1.53346
5.23865
35.7561
1.32083
1.27445
1.20055
1.15681
1.14789
1.15127
1.17295
1.23678
1.29057
1.30959
1.31461
1.3181
1.32889
1.33432
1.33718
1.339
1.33346
1.31283
1.27475
1.24547
1.23612
1.23809
1.27521
1.33023
1.35711
1.36409
1.36166
1.34651
1.32667
1.3306
1.35604
1.37512
1.37666
1.37602
1.37694
1.38182
1.3858
1.3854
1.38668
1.38995
1.38973
1.38137
1.36077
1.34629
1.34301
1.35608
1.38641
1.41288
1.42635
1.43
1.42448
1.42276
1.43348
1.45629
1.4705
1.47373
1.47142
1.45071
1.41493
1.3884
1.37993
1.38277
1.40076
1.43905
1.46567
1.47749
1.48277
1.48455
1.48251
1.46522
1.42995
1.4035
1.38996
1.38412
1.38492
1.39885
1.44612
1.48973
1.50629
1.50413
1.49289
1.48427
1.48449
1.47931
1.45973
1.42184
1.37797
1.34348
1.33106
1.34773
1.38678
1.45874
1.50811
1.50437
1.47475
1.43875
1.56055
5.32992
35.89
1.29884
1.30278
1.2638
1.21221
1.18746
1.1879
1.22085
1.27913
1.30937
1.31412
1.3086
1.29026
1.26245
1.25726
1.27664
1.30847
1.3231
1.3191
1.30016
1.27679
1.26595
1.27207
1.32115
1.36735
1.38493
1.38871
1.38016
1.34058
1.29364
1.2703
1.27464
1.31162
1.34961
1.36917
1.38
1.39373
1.41638
1.44172
1.45033
1.44068
1.42175
1.39567
1.36692
1.34718
1.33483
1.32577
1.32832
1.34666
1.37525
1.40142
1.41894
1.43406
1.46207
1.48655
1.49893
1.50371
1.50388
1.47692
1.4222
1.38422
1.36471
1.35926
1.36205
1.39492
1.44425
1.47055
1.48303
1.4918
1.49737
1.49877
1.47525
1.43287
1.40356
1.38808
1.38467
1.38522
1.39148
1.42366
1.45923
1.47761
1.48406
1.49456
1.51405
1.51961
1.51259
1.48618
1.42736
1.36753
1.33503
1.32354
1.32917
1.35466
1.43854
1.48285
1.46643
1.42718
1.55239
5.46703
36.0293
1.23993
1.28191
1.27911
1.2673
1.25539
1.25841
1.28788
1.31027
1.31689
1.3176
1.31274
1.27896
1.23544
1.21255
1.21258
1.23669
1.28075
1.30236
1.30265
1.29848
1.30079
1.32581
1.37212
1.39637
1.40394
1.40563
1.39801
1.34946
1.28616
1.24415
1.22579
1.2303
1.27058
1.32199
1.35768
1.39146
1.44613
1.49233
1.50465
1.48915
1.45147
1.41009
1.37699
1.35276
1.33115
1.31157
1.30183
1.3049
1.31787
1.34717
1.39168
1.44177
1.48672
1.51014
1.51607
1.5191
1.51914
1.49583
1.43764
1.38638
1.35758
1.34529
1.34473
1.35795
1.41101
1.46148
1.4871
1.50239
1.50862
1.50991
1.49989
1.46386
1.42727
1.40443
1.39345
1.38737
1.38074
1.37316
1.3929
1.43903
1.47555
1.50455
1.53462
1.54447
1.54112
1.52983
1.48627
1.41761
1.36466
1.33287
1.31789
1.31525
1.34215
1.42501
1.43912
1.39928
1.52746
5.61281
36.1409
1.14866
1.2136
1.25582
1.27868
1.3139
1.35115
1.36127
1.35397
1.34036
1.3281
1.30781
1.27524
1.23783
1.20441
1.18299
1.18103
1.20259
1.25435
1.28699
1.3012
1.32582
1.3823
1.42089
1.43196
1.4297
1.42501
1.4126
1.35912
1.28728
1.23586
1.20543
1.19468
1.19855
1.23121
1.29821
1.38083
1.4639
1.5202
1.53776
1.53429
1.49731
1.44028
1.38965
1.35156
1.32644
1.30941
1.29487
1.28483
1.28551
1.29569
1.33286
1.42256
1.50123
1.5308
1.53567
1.53346
1.52707
1.50303
1.44649
1.38952
1.35275
1.33599
1.33232
1.33609
1.36627
1.44011
1.49362
1.51201
1.51672
1.51574
1.51163
1.49199
1.45791
1.42984
1.41041
1.39144
1.36775
1.35428
1.35631
1.38358
1.44469
1.50619
1.54498
1.5541
1.55036
1.54581
1.52587
1.4731
1.41425
1.36009
1.31904
1.30132
1.29933
1.33909
1.39433
1.37597
1.51028
5.74659
36.2168
1.10971
1.11221
1.15665
1.23081
1.31708
1.38894
1.42094
1.42708
1.416
1.37968
1.33634
1.29493
1.25356
1.21379
1.18342
1.16616
1.16302
1.17541
1.21296
1.2578
1.31798
1.39677
1.45192
1.47435
1.47953
1.47268
1.44891
1.38816
1.31008
1.24821
1.21069
1.19146
1.18496
1.18697
1.20468
1.29035
1.42874
1.50843
1.53404
1.53857
1.5301
1.48609
1.42381
1.37383
1.34101
1.31862
1.29989
1.28413
1.27349
1.27208
1.2819
1.35806
1.47747
1.52784
1.54405
1.54948
1.54679
1.52021
1.46143
1.40178
1.36021
1.33752
1.32919
1.32871
1.33652
1.39293
1.47185
1.50522
1.51502
1.51655
1.51642
1.50896
1.48879
1.46676
1.44768
1.42174
1.38502
1.36099
1.35737
1.36401
1.39294
1.46795
1.53246
1.54835
1.54589
1.54255
1.53318
1.50221
1.4615
1.4112
1.36299
1.33095
1.31357
1.30735
1.33377
1.35122
1.49666
5.83287
36.215
)
;

boundaryField
{
    back
    {
        type            empty;
    }
    outlet
    {
        type            calculated;
        value           nonuniform List<scalar> 
99
(
1.26861
1.26024
1.25295
1.24391
1.21987
1.19923
1.16782
1.12627
1.09462
1.08556
1.09208
1.11642
1.16479
1.22216
1.27025
1.29028
1.28937
1.25966
1.20587
1.17323
1.15483
1.147
1.17137
1.21539
1.24185
1.24444
1.23266
1.20582
1.16441
1.14087
1.14112
1.15276
1.18385
1.23156
1.27075
1.28815
1.29285
1.26703
1.23017
1.20938
1.19147
1.16015
1.13181
1.16627
1.20877
1.22802
1.23191
1.22693
1.21761
1.21436
1.22104
1.24211
1.2586
1.26608
1.2762
1.25087
1.19216
1.11717
1.0958
1.10021
1.1168
1.15072
1.18784
1.22665
1.27502
1.33934
1.39652
1.39318
1.35677
1.30671
1.19739
1.13561
1.13294
1.14137
1.14782
1.15582
1.17129
1.18999
1.20901
1.25182
1.30091
1.31301
1.30795
1.27037
1.20157
1.18395
1.20195
1.21516
1.21805
1.20743
1.2046
1.21954
1.25415
1.29978
1.31982
1.301
1.24788
1.15493
1.11014
)
;
    }
    top
    {
        type            calculated;
        value           nonuniform List<scalar> 
99
(
1.10971
1.11221
1.15665
1.23081
1.31708
1.38894
1.42094
1.42708
1.416
1.37968
1.33634
1.29493
1.25356
1.21379
1.18342
1.16616
1.16302
1.17541
1.21296
1.2578
1.31798
1.39677
1.45192
1.47435
1.47953
1.47268
1.44891
1.38816
1.31008
1.24821
1.21069
1.19146
1.18496
1.18697
1.20468
1.29035
1.42874
1.50843
1.53404
1.53857
1.5301
1.48609
1.42381
1.37383
1.34101
1.31862
1.29989
1.28413
1.27349
1.27208
1.2819
1.35806
1.47747
1.52784
1.54405
1.54948
1.54679
1.52021
1.46143
1.40178
1.36021
1.33752
1.32919
1.32871
1.33652
1.39293
1.47185
1.50522
1.51502
1.51655
1.51642
1.50896
1.48879
1.46676
1.44768
1.42174
1.38502
1.36099
1.35737
1.36401
1.39294
1.46795
1.53246
1.54835
1.54589
1.54255
1.53318
1.50221
1.4615
1.4112
1.36299
1.33095
1.31357
1.30735
1.33377
1.35122
1.49666
5.83287
36.215
)
;
    }
    inlet
    {
        type            calculated;
        value           uniform 1.40001;
    }
    bottom
    {
        type            calculated;
        value           nonuniform List<scalar> 
99
(
1.26924
1.27929
1.28187
1.29226
1.30787
1.32477
1.33597
1.34131
1.33403
1.29542
1.24973
1.22904
1.227
1.2297
1.2451
1.28423
1.34761
1.40984
1.44564
1.46155
1.46773
1.45952
1.42453
1.37127
1.3361
1.32529
1.32906
1.34203
1.36662
1.39776
1.42858
1.46532
1.51137
1.54388
1.55424
1.55266
1.54117
1.51408
1.48447
1.46391
1.45756
1.46268
1.47314
1.48305
1.49296
1.50463
1.5211
1.56425
1.63202
1.66951
1.68308
1.68879
1.68446
1.65137
1.60434
1.57492
1.56684
1.56966
1.57665
1.5856
1.60588
1.65705
1.71087
1.7404
1.75644
1.769
1.77962
1.78341
1.76008
1.72739
1.71727
1.72083
1.72977
1.7518
1.80074
1.84949
1.88839
1.92016
1.94684
1.97054
1.96582
1.94839
1.96167
1.98783
2.0299
2.11009
2.1815
2.22865
2.26592
2.29914
2.31581
2.30648
2.28508
2.27506
2.28729
2.36202
2.58632
6.19432
33.1991
)
;
    }
    front
    {
        type            empty;
    }
}


// ************************************************************************* //
