/*--------------------------------*- C++ -*----------------------------------*\
  =========                 |
  \\      /  F ield         | OpenFOAM: The Open Source CFD Toolbox
   \\    /   O peration     | Website:  https://openfoam.org
    \\  /    A nd           | Version:  12
     \\/     M anipulation  |
\*---------------------------------------------------------------------------*/
FoamFile
{
    format      ascii;
    class       volScalarField;
    location    "4.7";
    object      p;
}
// * * * * * * * * * * * * * * * * * * * * * * * * * * * * * * * * * * * * * //

dimensions      [1 -1 -2 0 0 0 0];

internalField   nonuniform List<scalar> 
9801
(
0.673946
0.682065
0.688419
0.69257
0.695606
0.698516
0.701004
0.701571
0.702242
0.704356
0.707638
0.713765
0.722821
0.729219
0.733494
0.736866
0.740018
0.74159
0.740017
0.741065
0.743823
0.748088
0.756813
0.76587
0.771547
0.775667
0.779291
0.781754
0.780406
0.780209
0.782674
0.786601
0.794317
0.804511
0.811391
0.816134
0.820266
0.82349
0.822524
0.822458
0.824997
0.82896
0.83666
0.847583
0.854901
0.859977
0.864171
0.866587
0.864526
0.864751
0.867945
0.872654
0.881323
0.893757
0.902252
0.907442
0.912141
0.913089
0.90848
0.909034
0.913322
0.918406
0.929528
0.944769
0.954594
0.960737
0.965816
0.965719
0.958143
0.957135
0.96144
0.968714
0.983662
1.00343
1.01594
1.02339
1.02965
1.02919
1.01709
1.01524
1.02201
1.03339
1.05875
1.08432
1.09983
1.11135
1.12125
1.11953
1.10263
1.10296
1.1183
1.14808
1.20013
1.24643
1.28929
1.34031
1.36306
1.93192
5.76081
0.678325
0.687579
0.695091
0.699649
0.702949
0.705837
0.70838
0.708408
0.707936
0.709474
0.712278
0.718406
0.728446
0.735448
0.739914
0.74335
0.746377
0.747634
0.746125
0.74684
0.749226
0.752961
0.761839
0.771478
0.777331
0.781411
0.784797
0.787026
0.786006
0.785997
0.788356
0.791866
0.799538
0.810293
0.817277
0.821896
0.82569
0.828297
0.827257
0.827171
0.829577
0.833244
0.8409
0.852644
0.860502
0.86565
0.869684
0.871913
0.869802
0.869596
0.872301
0.876367
0.884542
0.89783
0.906947
0.912468
0.917085
0.918506
0.914397
0.914204
0.917644
0.922006
0.931965
0.947643
0.958086
0.964566
0.96979
0.97103
0.964443
0.962478
0.966049
0.97222
0.985706
1.00581
1.01874
1.02636
1.03269
1.03379
1.02312
1.02014
1.02619
1.03518
1.05638
1.0829
1.09994
1.11228
1.12358
1.12694
1.11174
1.10891
1.1233
1.1469
1.18899
1.22828
1.26517
1.30491
1.30808
1.86313
5.79405
0.679753
0.689898
0.698573
0.703262
0.706658
0.709513
0.711465
0.709849
0.708925
0.710845
0.713819
0.720041
0.730802
0.738607
0.743221
0.746612
0.749409
0.749887
0.747836
0.74844
0.750852
0.754489
0.763474
0.773754
0.779823
0.783949
0.787356
0.789649
0.788657
0.788522
0.790778
0.794147
0.801632
0.812673
0.819683
0.824252
0.827993
0.830506
0.829434
0.829283
0.831638
0.835242
0.842709
0.854947
0.863152
0.868323
0.872343
0.874811
0.872506
0.871621
0.874176
0.878115
0.8857
0.899459
0.909281
0.915059
0.919744
0.922226
0.918696
0.916848
0.919666
0.923806
0.932008
0.947763
0.959586
0.966562
0.972036
0.975016
0.969636
0.965941
0.968818
0.974459
0.983916
1.00371
1.01908
1.02764
1.03444
1.03803
1.02912
1.02387
1.02842
1.03646
1.051
1.07952
1.10159
1.11525
1.12669
1.13337
1.11995
1.11255
1.12478
1.1451
1.18015
1.22112
1.25638
1.29456
1.29984
1.85066
5.79218
0.682753
0.692682
0.702706
0.707975
0.711381
0.71363
0.7131
0.712064
0.712789
0.714777
0.717391
0.722582
0.733752
0.742303
0.746874
0.750034
0.75195
0.75107
0.750063
0.751507
0.754195
0.757924
0.766909
0.777459
0.783588
0.787621
0.790889
0.792635
0.791007
0.790952
0.793338
0.796775
0.804189
0.815712
0.823107
0.82774
0.831476
0.834071
0.832835
0.832167
0.834307
0.837827
0.844619
0.857139
0.866002
0.871241
0.875235
0.878028
0.876062
0.874515
0.876906
0.880818
0.887339
0.901091
0.912132
0.918266
0.922887
0.925934
0.922875
0.919641
0.921758
0.925931
0.932785
0.948179
0.962279
0.969955
0.97548
0.979434
0.975486
0.969168
0.970603
0.976056
0.983506
1.00194
1.02109
1.03103
1.03792
1.04324
1.03766
1.0279
1.02967
1.0376
1.04825
1.07208
1.09867
1.11493
1.12682
1.13719
1.13204
1.11858
1.12301
1.14094
1.16585
1.20305
1.23761
1.27054
1.28548
1.85816
5.77715
0.687269
0.695299
0.705099
0.710261
0.712935
0.713972
0.71446
0.715474
0.71737
0.719882
0.722593
0.726941
0.736799
0.744844
0.749073
0.751611
0.752636
0.752495
0.753197
0.75545
0.758377
0.762225
0.771128
0.781246
0.787014
0.790716
0.793525
0.794282
0.792711
0.793423
0.796121
0.799709
0.807126
0.818964
0.826729
0.831408
0.835076
0.837696
0.836056
0.834417
0.836268
0.839758
0.845666
0.858205
0.868424
0.874224
0.878489
0.882004
0.881103
0.87816
0.879459
0.882967
0.888148
0.900698
0.913462
0.920543
0.925444
0.929388
0.928591
0.923799
0.924395
0.928246
0.933937
0.946931
0.96299
0.971991
0.977729
0.982501
0.981823
0.973997
0.97282
0.977577
0.983936
0.997727
1.01956
1.03294
1.04054
1.04699
1.04657
1.03506
1.03145
1.03768
1.04695
1.06368
1.09191
1.11349
1.12768
1.13994
1.1453
1.13158
1.12507
1.13628
1.15636
1.18781
1.22094
1.2488
1.26512
1.86802
5.76208
0.691966
0.697522
0.705211
0.710343
0.713268
0.715701
0.718167
0.720298
0.722184
0.724647
0.727507
0.731559
0.739134
0.745614
0.749518
0.752324
0.754632
0.756396
0.757771
0.759964
0.762954
0.766746
0.774914
0.783899
0.789144
0.792622
0.795281
0.796479
0.795771
0.79684
0.799673
0.803267
0.810485
0.822224
0.830024
0.834611
0.838142
0.840596
0.838858
0.836702
0.838529
0.8421
0.84779
0.860259
0.87169
0.877962
0.882293
0.886004
0.886179
0.881438
0.881031
0.884121
0.888913
0.900214
0.915016
0.923519
0.928742
0.933115
0.934943
0.929369
0.926894
0.929707
0.934611
0.944277
0.96213
0.974129
0.980647
0.98586
0.98845
0.981114
0.976031
0.978856
0.984462
0.993647
1.01472
1.03395
1.0441
1.05107
1.05488
1.04554
1.03644
1.03856
1.04675
1.05786
1.08129
1.10744
1.125
1.13855
1.15079
1.14939
1.13443
1.13396
1.14702
1.16926
1.20089
1.22824
1.2445
1.88247
5.75214
0.695816
0.69902
0.704398
0.710754
0.715301
0.719177
0.722423
0.725323
0.727259
0.729204
0.73168
0.734564
0.740271
0.746252
0.750582
0.754459
0.757971
0.760979
0.762656
0.76428
0.767004
0.77041
0.777266
0.785436
0.790525
0.794268
0.797538
0.800235
0.800414
0.800738
0.80326
0.806735
0.813115
0.824404
0.832325
0.836936
0.840456
0.843277
0.84277
0.840273
0.841488
0.844986
0.850028
0.861779
0.874363
0.881145
0.885449
0.889042
0.889966
0.884884
0.882746
0.885426
0.889905
0.899336
0.915967
0.926954
0.932733
0.93709
0.939929
0.935135
0.929988
0.930886
0.935258
0.941952
0.958882
0.975887
0.984492
0.989959
0.994163
0.989356
0.980939
0.980571
0.985183
0.991659
1.00657
1.0304
1.04543
1.05379
1.06034
1.05919
1.04612
1.04147
1.04622
1.055
1.07063
1.09767
1.12009
1.13589
1.14914
1.15861
1.15114
1.13908
1.14245
1.15596
1.17999
1.20778
1.22586
1.89583
5.74369
0.697726
0.699933
0.70426
0.712888
0.719126
0.7232
0.726565
0.729589
0.732103
0.733233
0.734139
0.736067
0.74063
0.748313
0.754153
0.758418
0.761995
0.765214
0.767221
0.768117
0.769965
0.772649
0.777864
0.786864
0.793339
0.797675
0.801312
0.804513
0.80526
0.804856
0.806662
0.809655
0.81426
0.824698
0.834147
0.83936
0.843191
0.846663
0.847631
0.844821
0.845244
0.84822
0.852204
0.8613
0.875248
0.88345
0.888049
0.891797
0.893834
0.889856
0.886649
0.888533
0.892617
0.899288
0.91507
0.929182
0.936024
0.940504
0.943902
0.940785
0.933542
0.932895
0.936624
0.941867
0.954194
0.975209
0.987941
0.99432
0.999151
0.997991
0.987597
0.983246
0.98574
0.991437
1.00003
1.02147
1.04364
1.05552
1.06321
1.06894
1.06149
1.04788
1.04725
1.05411
1.06416
1.08482
1.11074
1.12968
1.14424
1.15748
1.16412
1.15387
1.14331
1.14772
1.16047
1.18475
1.20649
1.90776
5.73327
0.699014
0.701483
0.706461
0.71651
0.723241
0.727327
0.730637
0.733683
0.736159
0.735606
0.73517
0.737205
0.741633
0.751103
0.758527
0.762813
0.766179
0.76926
0.771267
0.770979
0.771706
0.774141
0.778283
0.788004
0.797013
0.801902
0.805495
0.808606
0.809807
0.808523
0.809113
0.811459
0.814941
0.823399
0.835573
0.842625
0.846874
0.850529
0.852547
0.849954
0.849139
0.851163
0.854347
0.859906
0.873586
0.885084
0.890845
0.894896
0.898052
0.895719
0.891478
0.892541
0.896059
0.900434
0.911206
0.928295
0.937753
0.942708
0.946598
0.946492
0.938909
0.936021
0.939027
0.943808
0.950969
0.969922
0.988363
0.997135
1.00245
1.00546
0.997888
0.98792
0.987317
0.991858
0.998268
1.01146
1.03687
1.05513
1.06478
1.07191
1.07452
1.06249
1.05245
1.0546
1.06209
1.07413
1.09825
1.12201
1.13885
1.15238
1.16456
1.16715
1.15476
1.14479
1.14822
1.1604
1.18468
1.91404
5.71963
0.701194
0.704124
0.709693
0.720671
0.727641
0.731578
0.734683
0.73749
0.738712
0.736542
0.736752
0.739126
0.743469
0.753859
0.762726
0.767089
0.770198
0.772907
0.774305
0.773185
0.773679
0.776168
0.779836
0.788782
0.799822
0.80577
0.809244
0.812034
0.813663
0.811874
0.81136
0.813548
0.816872
0.823001
0.836032
0.845679
0.850748
0.854269
0.856916
0.855273
0.852268
0.853012
0.855934
0.860055
0.870605
0.885584
0.893855
0.898575
0.902398
0.902825
0.897693
0.89637
0.898316
0.901622
0.907493
0.923661
0.938344
0.945379
0.950015
0.953158
0.948025
0.942058
0.942987
0.946223
0.950737
0.961359
0.983364
0.997694
1.00469
1.00978
1.0104
0.998518
0.991774
0.994013
0.999393
1.00632
1.02429
1.04911
1.06353
1.07193
1.07902
1.07997
1.06555
1.05774
1.06163
1.07005
1.08509
1.10996
1.1306
1.14588
1.15873
1.16891
1.16875
1.15451
1.14296
1.14329
1.16009
1.90671
5.70434
0.703834
0.707194
0.713107
0.724869
0.731928
0.735564
0.738325
0.74043
0.740078
0.738459
0.739325
0.741789
0.745572
0.755485
0.765631
0.770496
0.773441
0.775935
0.777399
0.776572
0.776909
0.779273
0.782449
0.788857
0.800605
0.808041
0.811884
0.814813
0.81701
0.81597
0.814748
0.816742
0.819978
0.824277
0.835056
0.847302
0.853445
0.857047
0.859723
0.859617
0.855737
0.855713
0.858606
0.86237
0.869211
0.884651
0.896344
0.901976
0.905978
0.908225
0.903815
0.898955
0.899484
0.902572
0.907113
0.918375
0.937379
0.948371
0.95427
0.958535
0.958266
0.949618
0.945734
0.946943
0.950486
0.956243
0.973234
0.995214
1.00642
1.01254
1.01752
1.01468
1.00199
0.997776
1.0003
1.00542
1.01418
1.03678
1.05956
1.07204
1.08009
1.08628
1.08344
1.06913
1.06411
1.06893
1.0778
1.09553
1.11997
1.1385
1.15211
1.16364
1.17109
1.1683
1.15289
1.13685
1.13779
1.8849
5.69009
0.706781
0.710284
0.716036
0.728043
0.73606
0.739737
0.742109
0.743604
0.742838
0.741441
0.742357
0.744703
0.747686
0.755335
0.766364
0.772678
0.776546
0.779652
0.781904
0.781284
0.780979
0.782642
0.785048
0.788447
0.798483
0.808729
0.814144
0.817958
0.821113
0.82169
0.819801
0.820802
0.823447
0.826506
0.832478
0.845522
0.854232
0.8588
0.862551
0.86482
0.86158
0.859768
0.862184
0.865829
0.869913
0.880832
0.896095
0.903988
0.908168
0.911286
0.910373
0.903658
0.90213
0.905108
0.909391
0.915831
0.933141
0.950059
0.957901
0.962648
0.965754
0.959235
0.949616
0.948315
0.951272
0.955926
0.964938
0.987188
1.00628
1.01507
1.02084
1.0252
1.0172
1.0039
1.0018
1.00598
1.01207
1.02372
1.04845
1.06823
1.07894
1.0867
1.09293
1.08849
1.07364
1.06987
1.07535
1.08482
1.10479
1.12802
1.14445
1.15674
1.16681
1.17114
1.1662
1.14602
1.12768
1.84999
5.67648
0.710209
0.713683
0.718468
0.729202
0.737448
0.741766
0.744798
0.747329
0.747785
0.74573
0.74575
0.747377
0.749647
0.754451
0.766356
0.775568
0.780357
0.783801
0.786874
0.787818
0.785617
0.785004
0.786147
0.788768
0.796042
0.809419
0.817523
0.821896
0.825418
0.828077
0.826422
0.82471
0.825317
0.827112
0.830574
0.841365
0.85493
0.86212
0.866362
0.869996
0.870024
0.866205
0.866325
0.868372
0.871082
0.87634
0.891296
0.903836
0.909929
0.914421
0.917416
0.912681
0.907993
0.909627
0.913019
0.916816
0.925549
0.945169
0.957927
0.963762
0.96777
0.96936
0.960002
0.952846
0.954204
0.958725
0.96396
0.976182
0.999974
1.01526
1.02271
1.02752
1.02946
1.01885
1.00798
1.008
1.01263
1.0194
1.0343
1.05948
1.07693
1.08678
1.09423
1.09862
1.09151
1.0779
1.07541
1.08094
1.0911
1.11241
1.13433
1.14896
1.15944
1.16693
1.16919
1.15878
1.1351
1.81552
5.66337
0.714056
0.717043
0.720281
0.729077
0.738863
0.744254
0.747801
0.750734
0.75275
0.750577
0.748206
0.748997
0.751535
0.755578
0.766664
0.778501
0.784487
0.788122
0.79127
0.793169
0.789087
0.78555
0.787082
0.790248
0.796086
0.809902
0.820941
0.826206
0.82983
0.832996
0.832623
0.82726
0.825465
0.82743
0.830897
0.83877
0.854885
0.865659
0.871009
0.874755
0.877334
0.873613
0.869103
0.86858
0.870696
0.87453
0.884907
0.902878
0.91325
0.918868
0.922883
0.923603
0.916506
0.913349
0.91423
0.916598
0.920764
0.933925
0.954543
0.965583
0.971535
0.976125
0.975536
0.964284
0.959554
0.96144
0.965044
0.970092
0.984789
1.00811
1.02097
1.02759
1.03329
1.0351
1.02299
1.01395
1.01525
1.0203
1.02722
1.04389
1.06783
1.08296
1.09201
1.09941
1.1041
1.09636
1.08273
1.08048
1.08561
1.09577
1.11737
1.13786
1.15094
1.15959
1.16489
1.16311
1.15159
1.79728
5.65097
0.717626
0.720108
0.722621
0.729486
0.740484
0.747168
0.751006
0.754
0.756168
0.754364
0.750808
0.75182
0.754441
0.758342
0.76839
0.781156
0.787996
0.791737
0.794714
0.795941
0.791295
0.788182
0.78974
0.792774
0.797665
0.810186
0.823363
0.829753
0.833403
0.836219
0.836539
0.830386
0.827694
0.829708
0.833062
0.838459
0.853206
0.867928
0.87463
0.878635
0.881709
0.880159
0.872309
0.870012
0.87209
0.875596
0.881815
0.899239
0.915927
0.923149
0.927612
0.930881
0.926394
0.916947
0.914285
0.915909
0.919635
0.926206
0.945717
0.966078
0.975062
0.980369
0.984637
0.980402
0.968257
0.963795
0.964856
0.968241
0.974427
0.993515
1.0171
1.02926
1.03573
1.04109
1.04106
1.02854
1.02051
1.02131
1.02559
1.03261
1.05167
1.07527
1.08965
1.09867
1.106
1.10967
1.10098
1.08719
1.0844
1.08894
1.0985
1.1198
1.1393
1.15069
1.15771
1.15905
1.16264
1.7962
5.63779
0.720995
0.723462
0.725883
0.731101
0.741846
0.74942
0.753359
0.755975
0.757414
0.755687
0.754267
0.755774
0.758492
0.762115
0.77073
0.783207
0.790478
0.794507
0.7969
0.797225
0.79446
0.792273
0.793886
0.796846
0.800374
0.809189
0.823465
0.831812
0.83603
0.839063
0.840181
0.835458
0.831796
0.833428
0.836648
0.84039
0.849751
0.866607
0.876491
0.881344
0.884609
0.88563
0.87879
0.873512
0.875108
0.878858
0.882949
0.892644
0.912629
0.924909
0.93086
0.934533
0.935665
0.926142
0.917752
0.917997
0.921575
0.926231
0.936062
0.959008
0.975657
0.983039
0.987761
0.990894
0.982591
0.969336
0.966573
0.969609
0.974266
0.982269
1.00495
1.02663
1.03704
1.04339
1.04881
1.0469
1.03197
1.02359
1.02534
1.03066
1.03905
1.06007
1.08286
1.09615
1.10474
1.11176
1.11522
1.10545
1.09058
1.08698
1.09087
1.0997
1.1204
1.13852
1.14894
1.15164
1.16479
1.81061
5.625
0.724709
0.727541
0.729869
0.733678
0.742789
0.751216
0.755361
0.757858
0.759188
0.758458
0.758313
0.760535
0.763472
0.766406
0.771787
0.782905
0.79117
0.795281
0.798265
0.800493
0.799079
0.797265
0.798273
0.800582
0.80331
0.807591
0.820397
0.832366
0.838006
0.841698
0.844706
0.843186
0.837922
0.837573
0.839786
0.842649
0.84692
0.860793
0.876103
0.883054
0.887366
0.890807
0.889153
0.88125
0.879734
0.881889
0.884816
0.888897
0.902804
0.922125
0.931299
0.936544
0.940617
0.939926
0.928667
0.923859
0.925963
0.929539
0.933704
0.945366
0.9683
0.981508
0.987448
0.991937
0.994319
0.984989
0.974078
0.973492
0.977566
0.982669
0.992014
1.01554
1.03434
1.04337
1.04903
1.05276
1.04969
1.03566
1.02884
1.03114
1.03648
1.04629
1.06878
1.09028
1.10243
1.11024
1.1165
1.11887
1.10879
1.09356
1.08894
1.09179
1.09963
1.11923
1.13614
1.14277
1.16061
1.83497
5.61221
0.728572
0.731572
0.733768
0.736498
0.742191
0.75116
0.756502
0.759748
0.76254
0.763881
0.763694
0.765038
0.767283
0.769804
0.7725
0.779756
0.791224
0.79767
0.801255
0.80423
0.805498
0.802699
0.801505
0.8026
0.805064
0.808456
0.816591
0.831559
0.840521
0.844941
0.848134
0.849702
0.844638
0.840512
0.841251
0.844016
0.847617
0.855361
0.872875
0.885338
0.89095
0.894859
0.897087
0.890893
0.883823
0.883131
0.885221
0.888861
0.895262
0.913914
0.931682
0.939551
0.944629
0.948294
0.943828
0.932462
0.929131
0.930338
0.933171
0.937897
0.95296
0.975674
0.987674
0.994054
0.999501
1.00139
0.990412
0.98076
0.980827
0.983819
0.98814
0.998368
1.02174
1.03882
1.04702
1.05298
1.05824
1.05556
1.0418
1.03558
1.03781
1.04294
1.05277
1.07487
1.09494
1.10632
1.11374
1.11977
1.1225
1.11307
1.0968
1.09026
1.09174
1.09792
1.11645
1.12881
1.15052
1.8615
5.5971
0.732844
0.735024
0.736559
0.738501
0.741178
0.749335
0.758384
0.763167
0.766291
0.769088
0.770032
0.769237
0.769775
0.771347
0.773727
0.777736
0.788976
0.799951
0.805173
0.808121
0.810434
0.809
0.805081
0.805433
0.808044
0.811178
0.815366
0.827052
0.840648
0.847088
0.850483
0.853245
0.852458
0.846031
0.844534
0.846996
0.85051
0.854652
0.866022
0.883874
0.893368
0.89814
0.901195
0.900656
0.891132
0.886153
0.887735
0.891223
0.895364
0.90477
0.926104
0.941049
0.947586
0.951745
0.954399
0.946147
0.933983
0.931772
0.934494
0.938392
0.944394
0.963664
0.986376
0.997017
1.0022
1.00659
1.00685
0.994172
0.984458
0.983974
0.987393
0.99226
1.00487
1.03
1.04714
1.05525
1.06093
1.0655
1.06213
1.04809
1.04104
1.04256
1.04715
1.05609
1.07819
1.09872
1.1103
1.11762
1.12319
1.12586
1.11767
1.09982
1.09013
1.0895
1.0948
1.10892
1.13496
1.88156
5.57921
0.737672
0.738
0.737611
0.738924
0.74127
0.747
0.759133
0.767058
0.770759
0.773583
0.775989
0.774881
0.77294
0.773708
0.775862
0.778563
0.784925
0.79847
0.806861
0.810922
0.813979
0.816052
0.812681
0.81027
0.811691
0.814097
0.81667
0.821733
0.836075
0.84778
0.853299
0.856801
0.859602
0.855997
0.850736
0.851398
0.853995
0.856966
0.86125
0.875582
0.891806
0.898972
0.903271
0.906694
0.904224
0.894668
0.892634
0.895395
0.898953
0.902695
0.913476
0.934408
0.946201
0.951522
0.955304
0.957219
0.948321
0.938441
0.938331
0.942125
0.946872
0.953862
0.973644
0.993198
1.00206
1.00742
1.0113
1.01021
0.997098
0.98846
0.989408
0.99399
0.999881
1.01414
1.03825
1.05359
1.0614
1.06701
1.07097
1.06722
1.05269
1.04486
1.04629
1.0511
1.06046
1.08183
1.10224
1.1139
1.12082
1.12569
1.12782
1.1211
1.1024
1.08836
1.08572
1.08749
1.1159
1.88786
5.55746
0.742585
0.74211
0.739367
0.740257
0.74234
0.745885
0.757028
0.769194
0.774798
0.777859
0.780598
0.781598
0.778078
0.77673
0.778039
0.780204
0.783236
0.793162
0.806989
0.814021
0.817826
0.820958
0.82187
0.81713
0.814809
0.815408
0.817318
0.820452
0.828994
0.845887
0.855991
0.860888
0.864271
0.86559
0.859449
0.855375
0.855901
0.857756
0.860794
0.866905
0.884437
0.899654
0.90654
0.911057
0.914052
0.908726
0.899899
0.898643
0.90022
0.902513
0.906582
0.919503
0.940373
0.951725
0.957495
0.962326
0.964306
0.954886
0.946456
0.946607
0.949103
0.952436
0.959035
0.979025
0.997562
1.00612
1.01117
1.01593
1.01585
1.00408
0.997131
0.998332
1.00203
1.00689
1.0202
1.04324
1.05796
1.06527
1.07064
1.0749
1.0724
1.05949
1.05153
1.05207
1.05591
1.06388
1.08387
1.10413
1.11578
1.12224
1.12653
1.12839
1.1234
1.10516
1.08771
1.07686
1.09483
1.87301
5.53314
0.747129
0.747796
0.742621
0.742315
0.744147
0.746812
0.754227
0.769051
0.777835
0.781876
0.78479
0.787247
0.785435
0.780706
0.779945
0.781342
0.783751
0.78885
0.803754
0.816177
0.821707
0.825022
0.827828
0.82575
0.818994
0.817391
0.819155
0.821925
0.826058
0.839213
0.856127
0.863988
0.867969
0.871076
0.870063
0.861801
0.858348
0.859663
0.862401
0.865847
0.874381
0.894574
0.908397
0.914462
0.918386
0.920352
0.912663
0.903148
0.901386
0.903423
0.906587
0.91126
0.927055
0.948937
0.960109
0.965331
0.970004
0.971184
0.960332
0.95109
0.949825
0.951952
0.955547
0.963324
0.984912
1.00403
1.01343
1.01938
1.02441
1.02361
1.01156
1.00302
1.00255
1.00548
1.01008
1.02326
1.04668
1.062
1.06977
1.07575
1.08123
1.08087
1.06754
1.05729
1.05626
1.05953
1.06549
1.08345
1.10416
1.11612
1.1225
1.12654
1.1281
1.12457
1.10822
1.0838
1.08127
1.83414
5.50973
0.750999
0.753301
0.747458
0.745097
0.746466
0.748892
0.753501
0.76674
0.779652
0.785454
0.788632
0.791362
0.79215
0.786064
0.78196
0.782781
0.78527
0.788815
0.798935
0.815705
0.82444
0.828584
0.8316
0.832959
0.826479
0.820965
0.821475
0.823929
0.826943
0.833009
0.850225
0.864811
0.871249
0.87512
0.877953
0.873455
0.864322
0.862539
0.86444
0.867309
0.870938
0.882536
0.903622
0.915186
0.920821
0.924868
0.926061
0.91628
0.906806
0.905837
0.908278
0.911881
0.917777
0.936363
0.957198
0.966647
0.971831
0.975978
0.976161
0.964182
0.954309
0.953629
0.956956
0.961414
0.970694
0.993975
1.01256
1.02086
1.02575
1.02991
1.02959
1.01665
1.00628
1.00562
1.00937
1.01437
1.02769
1.05222
1.06914
1.0771
1.08241
1.08688
1.08669
1.07392
1.0616
1.05885
1.0616
1.06662
1.08251
1.10362
1.11662
1.1228
1.12599
1.12642
1.1239
1.10573
1.08604
1.78747
5.48865
0.753831
0.757131
0.752548
0.748626
0.749615
0.752014
0.755035
0.763944
0.779412
0.787953
0.791959
0.79457
0.796242
0.792138
0.785566
0.785372
0.787721
0.790651
0.796145
0.811125
0.825254
0.831397
0.834864
0.837513
0.835518
0.826857
0.824224
0.825699
0.828351
0.83194
0.841536
0.861426
0.873648
0.879049
0.882945
0.884049
0.875068
0.866731
0.866083
0.868068
0.87123
0.876083
0.891469
0.912284
0.922326
0.927384
0.931697
0.931593
0.919529
0.910936
0.911263
0.914431
0.91812
0.924973
0.945025
0.963596
0.971821
0.97664
0.981023
0.980356
0.967866
0.959678
0.960616
0.964546
0.969424
0.979334
1.00106
1.01756
1.02513
1.03019
1.03408
1.03329
1.02123
1.01158
1.01153
1.01566
1.0211
1.03407
1.05733
1.07346
1.08137
1.08673
1.09074
1.09036
1.07902
1.06615
1.06216
1.06386
1.06804
1.08202
1.10255
1.11549
1.12129
1.1234
1.12392
1.11855
1.10993
1.7624
5.47051
0.756358
0.759911
0.757391
0.753544
0.753975
0.756246
0.758783
0.762918
0.775633
0.78845
0.793982
0.797021
0.799307
0.79846
0.791617
0.789328
0.791073
0.793713
0.796818
0.804815
0.82201
0.833177
0.838168
0.84141
0.8427
0.835162
0.827736
0.827914
0.830713
0.833899
0.83871
0.852862
0.872169
0.881625
0.886236
0.889574
0.888254
0.875687
0.869058
0.870275
0.873489
0.877083
0.883395
0.902048
0.920941
0.929414
0.933784
0.937194
0.935476
0.922413
0.915392
0.916403
0.919873
0.923938
0.931934
0.952674
0.970096
0.977973
0.982373
0.986288
0.985776
0.974031
0.966691
0.967393
0.970426
0.974242
0.983203
1.00476
1.02132
1.02913
1.03403
1.03896
1.03992
1.02932
1.01997
1.01923
1.02218
1.02636
1.03627
1.05837
1.07533
1.08369
1.0888
1.09312
1.09483
1.08642
1.07304
1.06681
1.06708
1.06958
1.07927
1.09865
1.11201
1.11757
1.11992
1.11739
1.12776
1.76451
5.45304
0.758078
0.762734
0.763373
0.759903
0.758613
0.760039
0.762169
0.764581
0.770631
0.785467
0.795547
0.799923
0.802709
0.803954
0.799416
0.794133
0.79423
0.796399
0.799177
0.803073
0.814653
0.831211
0.839279
0.842957
0.845346
0.84487
0.836428
0.83268
0.834735
0.838037
0.841343
0.846172
0.861848
0.878787
0.886056
0.889874
0.892555
0.89037
0.879471
0.875431
0.877466
0.880813
0.884494
0.890993
0.909323
0.925954
0.933066
0.93714
0.940294
0.938926
0.92761
0.921658
0.922974
0.926524
0.93074
0.938641
0.958278
0.97487
0.982959
0.988047
0.99203
0.991431
0.980239
0.97178
0.971413
0.974822
0.97918
0.987753
1.00842
1.02647
1.03571
1.041
1.04538
1.0472
1.03811
1.02649
1.02314
1.02565
1.03001
1.03824
1.05833
1.07725
1.08739
1.09305
1.09737
1.09989
1.09494
1.08032
1.06981
1.06759
1.06926
1.07537
1.0926
1.10691
1.11414
1.1137
1.13193
1.7853
5.4364
0.760412
0.765848
0.767785
0.766728
0.763012
0.762931
0.764808
0.767378
0.770434
0.779602
0.794098
0.801674
0.805134
0.807215
0.807171
0.801215
0.798457
0.800113
0.802919
0.805647
0.80959
0.822187
0.837678
0.845045
0.849037
0.851889
0.849407
0.841275
0.839485
0.841255
0.843347
0.846134
0.851789
0.868579
0.884476
0.891619
0.895983
0.899483
0.895901
0.885332
0.882151
0.883662
0.885706
0.888931
0.895812
0.914674
0.930892
0.938271
0.943033
0.947266
0.945544
0.934147
0.928595
0.929704
0.932087
0.935503
0.943167
0.963009
0.980055
0.988181
0.992933
0.99738
0.997532
0.986303
0.977596
0.977165
0.980057
0.98423
0.992773
1.01336
1.03161
1.04089
1.04646
1.05054
1.05234
1.0452
1.0331
1.02844
1.03001
1.03384
1.04095
1.05922
1.07932
1.0908
1.09655
1.10034
1.10245
1.0998
1.0866
1.07298
1.06782
1.06797
1.0717
1.08635
1.1019
1.10701
1.12997
1.81772
5.41964
0.761954
0.769056
0.770983
0.772938
0.770053
0.767441
0.7685
0.770743
0.773068
0.776026
0.785889
0.799637
0.80634
0.809892
0.812659
0.812066
0.806422
0.805019
0.806279
0.807858
0.810155
0.814955
0.829611
0.845001
0.852114
0.85572
0.857997
0.853899
0.845504
0.8435
0.845477
0.848413
0.851644
0.85803
0.875857
0.891374
0.898543
0.902576
0.905166
0.900887
0.889967
0.885945
0.88755
0.890675
0.894452
0.90217
0.921696
0.937913
0.945322
0.949477
0.95281
0.950903
0.939187
0.932627
0.933549
0.937007
0.941227
0.949331
0.968795
0.985636
0.99397
0.998817
1.00241
1.00313
0.993834
0.984401
0.983106
0.986355
0.990844
0.998037
1.01626
1.03451
1.04412
1.04932
1.05373
1.05727
1.0533
1.0417
1.0353
1.03573
1.03882
1.04394
1.05878
1.07895
1.09135
1.09735
1.10114
1.10426
1.10431
1.09328
1.07732
1.06874
1.06669
1.06775
1.07998
1.09201
1.11954
1.84842
5.39931
0.760583
0.772421
0.775385
0.778094
0.779199
0.775178
0.773105
0.77358
0.774392
0.775823
0.779254
0.791802
0.806521
0.813501
0.817266
0.819913
0.817538
0.810692
0.808702
0.81018
0.812571
0.815112
0.819911
0.835847
0.850925
0.857774
0.861878
0.864415
0.859554
0.85115
0.849627
0.851422
0.853818
0.856501
0.862548
0.880722
0.895944
0.902762
0.90738
0.910616
0.906879
0.896103
0.892373
0.894068
0.89702
0.900359
0.907102
0.925893
0.941674
0.948804
0.953215
0.957202
0.956952
0.946681
0.940313
0.94109
0.94393
0.947304
0.953439
0.971066
0.98852
0.997585
1.00295
1.00766
1.0103
1.00341
0.993425
0.990519
0.991864
0.994806
0.99998
1.01573
1.03571
1.04755
1.05402
1.05905
1.06377
1.06317
1.05205
1.04248
1.04015
1.04187
1.04516
1.05533
1.07595
1.09165
1.09919
1.10318
1.10602
1.10768
1.10081
1.08337
1.0696
1.06416
1.06406
1.06967
1.10151
1.86594
5.37404
0.755797
0.774157
0.7802
0.783323
0.785874
0.785266
0.77892
0.775191
0.775085
0.776617
0.779053
0.784416
0.800984
0.815388
0.821447
0.824612
0.82667
0.821721
0.814571
0.813443
0.814537
0.815844
0.818208
0.824409
0.843092
0.858692
0.865688
0.870173
0.872301
0.865784
0.856535
0.853938
0.854147
0.855681
0.858812
0.866273
0.886449
0.902658
0.909944
0.914794
0.918167
0.914044
0.902752
0.89816
0.898428
0.899697
0.902916
0.910053
0.92956
0.946708
0.955185
0.960963
0.965388
0.965267
0.954832
0.946671
0.94521
0.94623
0.949462
0.955888
0.973907
0.993358
1.00406
1.01006
1.01515
1.01835
1.0125
1.00009
0.993737
0.994375
0.997947
1.00273
1.01656
1.03871
1.05349
1.06071
1.06541
1.06943
1.07027
1.06019
1.04719
1.04214
1.04336
1.04659
1.05468
1.07409
1.09205
1.1013
1.10542
1.10776
1.10886
1.10515
1.08957
1.07106
1.06124
1.0552
1.08085
1.85818
5.34419
0.751351
0.770599
0.783028
0.787903
0.790588
0.792668
0.788404
0.779535
0.776946
0.778132
0.780382
0.783276
0.79157
0.811204
0.82349
0.828734
0.831818
0.832914
0.825297
0.816956
0.81509
0.816477
0.819222
0.822742
0.832443
0.853932
0.867935
0.873677
0.877345
0.878877
0.869857
0.858452
0.85577
0.857545
0.86038
0.864026
0.873521
0.895379
0.910659
0.91712
0.921129
0.924388
0.919746
0.906118
0.900098
0.901183
0.90416
0.907995
0.916178
0.937733
0.955442
0.963059
0.967393
0.970987
0.971325
0.959743
0.9492
0.948058
0.951042
0.955066
0.961818
0.980049
1.00039
1.01087
1.01622
1.02002
1.02268
1.01825
1.0051
0.998034
0.999038
1.00299
1.00839
1.02124
1.04263
1.05763
1.06499
1.0696
1.07253
1.07319
1.06616
1.05379
1.04747
1.04743
1.04983
1.0552
1.07196
1.09101
1.10136
1.10564
1.10773
1.10858
1.1067
1.09488
1.07457
1.05653
1.06617
1.82336
5.312
0.751146
0.762744
0.781654
0.790737
0.794523
0.79692
0.797374
0.788617
0.780696
0.780074
0.78184
0.78446
0.788327
0.801023
0.821214
0.831317
0.835902
0.838925
0.838058
0.826065
0.818312
0.818891
0.821827
0.825254
0.829423
0.84155
0.862793
0.873855
0.878608
0.881865
0.882909
0.872974
0.86235
0.86105
0.863258
0.866333
0.870561
0.881445
0.902609
0.91588
0.921712
0.92563
0.927945
0.922965
0.910298
0.905545
0.90724
0.910747
0.915721
0.924458
0.944079
0.959636
0.966612
0.970902
0.973536
0.973763
0.965179
0.956577
0.955875
0.958875
0.962914
0.968729
0.984053
1.00255
1.01266
1.01809
1.02216
1.02539
1.02424
1.01447
1.00734
1.00749
1.01065
1.01447
1.0223
1.04117
1.05751
1.06574
1.07023
1.07428
1.07784
1.07519
1.06325
1.05391
1.05154
1.05292
1.05585
1.06704
1.08631
1.09876
1.10395
1.1061
1.10751
1.10723
1.10051
1.07665
1.06601
1.7706
5.28343
0.753101
0.758222
0.77349
0.790247
0.797328
0.800984
0.803387
0.800222
0.787789
0.782816
0.784041
0.786492
0.789302
0.794703
0.811541
0.829898
0.837532
0.841428
0.844005
0.840547
0.828611
0.824196
0.825587
0.827807
0.830308
0.834574
0.849019
0.869183
0.878721
0.883226
0.887222
0.888214
0.876737
0.867073
0.866619
0.868887
0.871595
0.875701
0.887501
0.908474
0.920636
0.925796
0.929503
0.933029
0.928741
0.916798
0.912785
0.914757
0.917626
0.920922
0.928338
0.947101
0.962737
0.970142
0.974642
0.979248
0.981368
0.97398
0.964668
0.962606
0.964468
0.967237
0.971443
0.98348
1.00264
1.01539
1.02223
1.02724
1.0321
1.03363
1.02548
1.01564
1.01238
1.01393
1.0175
1.02291
1.03816
1.05726
1.06921
1.07513
1.07914
1.08244
1.08285
1.07336
1.06049
1.05411
1.0537
1.05577
1.06244
1.08012
1.09589
1.10355
1.10646
1.10711
1.10714
1.09983
1.08864
1.73401
5.25979
0.755824
0.759165
0.765691
0.783355
0.797094
0.802366
0.805209
0.806539
0.800161
0.789687
0.787929
0.789901
0.792502
0.795515
0.802457
0.820486
0.836021
0.842505
0.846145
0.849155
0.844364
0.831742
0.827531
0.829135
0.831986
0.835134
0.840951
0.857461
0.876019
0.884696
0.888797
0.891148
0.890774
0.880364
0.871788
0.871521
0.874297
0.87755
0.882454
0.894575
0.913613
0.925312
0.931103
0.934757
0.937458
0.934156
0.923268
0.918098
0.919224
0.922493
0.926542
0.933715
0.950788
0.967473
0.976264
0.980971
0.984527
0.987331
0.98255
0.971948
0.967024
0.967957
0.9714
0.975699
0.985424
1.00467
1.02051
1.02868
1.03328
1.03709
1.03988
1.03484
1.02317
1.01709
1.01737
1.02043
1.0249
1.03727
1.05728
1.07154
1.07866
1.08296
1.08616
1.08746
1.08095
1.06668
1.05688
1.05453
1.05572
1.05997
1.07535
1.09308
1.10258
1.10559
1.10654
1.10293
1.11225
1.7308
5.23771
0.7599
0.76279
0.765218
0.772802
0.790184
0.80187
0.806646
0.809587
0.810596
0.802585
0.79469
0.794297
0.796239
0.798524
0.801406
0.80874
0.826784
0.84104
0.847072
0.850241
0.851808
0.846924
0.836704
0.834136
0.83624
0.839331
0.842732
0.847633
0.861836
0.878416
0.88634
0.89035
0.893892
0.895143
0.887482
0.879924
0.87944
0.88181
0.884658
0.888193
0.897299
0.915052
0.927638
0.933777
0.937921
0.941571
0.940902
0.932008
0.926169
0.926664
0.929316
0.932595
0.937511
0.951712
0.969115
0.978864
0.984399
0.988892
0.992558
0.990496
0.980498
0.974203
0.97436
0.977189
0.980941
0.988569
1.00594
1.02259
1.03144
1.03668
1.04097
1.04433
1.04236
1.03213
1.02417
1.02299
1.02516
1.02863
1.03748
1.05625
1.07233
1.08061
1.08488
1.08807
1.09004
1.0867
1.07401
1.06179
1.05717
1.05694
1.05877
1.07008
1.08869
1.09941
1.10359
1.10112
1.11979
1.74869
5.21771
0.76441
0.765648
0.767238
0.770068
0.778307
0.795373
0.806591
0.811516
0.814359
0.814843
0.806901
0.799963
0.799706
0.801866
0.804409
0.807167
0.813168
0.830077
0.844413
0.850891
0.855325
0.858371
0.854664
0.84554
0.842679
0.843631
0.844737
0.846397
0.850241
0.86333
0.881242
0.891496
0.896837
0.901174
0.902825
0.895513
0.886862
0.884753
0.885538
0.887256
0.890705
0.899097
0.917235
0.931948
0.939611
0.944894
0.949245
0.949725
0.940942
0.932958
0.931441
0.932662
0.935055
0.939478
0.952156
0.971299
0.983391
0.989639
0.994543
0.998984
0.999371
0.989718
0.981218
0.980153
0.982268
0.984795
0.989708
1.00422
1.02318
1.0345
1.04038
1.04532
1.05006
1.05144
1.04282
1.0322
1.02836
1.02926
1.03181
1.03645
1.05142
1.07016
1.08116
1.08634
1.08964
1.0926
1.09302
1.08348
1.06796
1.05897
1.05715
1.05797
1.0651
1.08229
1.09507
1.09727
1.11959
1.78065
5.19825
0.76968
0.768668
0.770363
0.772076
0.774428
0.781783
0.799368
0.811591
0.817118
0.820619
0.821254
0.813423
0.806937
0.80631
0.807033
0.807987
0.810741
0.817066
0.834758
0.850895
0.858459
0.862546
0.865417
0.862467
0.852121
0.846012
0.845607
0.847544
0.85034
0.854637
0.868038
0.887394
0.898244
0.903437
0.906918
0.908883
0.902886
0.892413
0.888277
0.889384
0.892398
0.896121
0.903359
0.922008
0.938651
0.94648
0.950908
0.954478
0.956217
0.948328
0.937352
0.934405
0.936631
0.940113
0.944493
0.955343
0.975193
0.989193
0.995818
1.00012
1.00371
1.00542
0.998456
0.987654
0.983439
0.98518
0.988724
0.993315
1.00542
1.02543
1.03981
1.04672
1.05114
1.05479
1.05686
1.05149
1.03927
1.03167
1.03105
1.0337
1.03751
1.04943
1.06887
1.083
1.08962
1.09281
1.09485
1.09573
1.09007
1.07475
1.06184
1.05711
1.05683
1.06084
1.07663
1.0867
1.11315
1.81057
5.17422
0.77918
0.773561
0.773237
0.773508
0.774902
0.777796
0.786203
0.805542
0.818652
0.824262
0.827506
0.828058
0.819383
0.810502
0.808664
0.810394
0.812781
0.815695
0.8218
0.840214
0.856878
0.864404
0.868629
0.871443
0.868677
0.856742
0.849753
0.849804
0.852124
0.855121
0.859135
0.872267
0.89184
0.902259
0.907639
0.911894
0.914693
0.909465
0.898224
0.894064
0.895301
0.897926
0.901364
0.908662
0.927142
0.942775
0.95033
0.954857
0.958796
0.960736
0.954035
0.943928
0.941215
0.94322
0.946299
0.950153
0.959529
0.97758
0.991579
0.998905
1.00364
1.00791
1.01084
1.00515
0.994485
0.989982
0.991276
0.994772
0.998844
1.00839
1.02689
1.04172
1.04955
1.0543
1.05802
1.05975
1.05675
1.04685
1.03833
1.03633
1.03803
1.04079
1.04868
1.06665
1.08228
1.08993
1.09334
1.09543
1.09712
1.09536
1.08271
1.06652
1.05804
1.05564
1.0577
1.06814
1.09905
1.82877
5.14488
0.790588
0.780988
0.775102
0.775171
0.776978
0.779046
0.781961
0.791811
0.812826
0.825235
0.830484
0.833546
0.833987
0.824595
0.815542
0.814092
0.815126
0.816761
0.819673
0.826859
0.846819
0.862941
0.869535
0.873454
0.876646
0.874062
0.861528
0.854498
0.854161
0.85549
0.858229
0.862975
0.877708
0.898209
0.909025
0.913841
0.917255
0.92022
0.915258
0.90241
0.897544
0.899138
0.902246
0.906256
0.913292
0.931017
0.94778
0.955797
0.959863
0.963182
0.966155
0.961568
0.950723
0.946492
0.94805
0.951443
0.955256
0.961645
0.97806
0.994615
1.00349
1.00845
1.01166
1.01472
1.01355
1.00479
0.998366
0.997977
1.00069
1.00424
1.0094
1.02348
1.04044
1.05061
1.05575
1.05913
1.06276
1.06432
1.05795
1.0476
1.04211
1.04178
1.04384
1.04758
1.06046
1.07815
1.08892
1.09381
1.09645
1.09857
1.09937
1.09165
1.07408
1.06002
1.05464
1.05052
1.08019
1.82625
5.11114
0.798123
0.795612
0.783019
0.778635
0.778958
0.780423
0.782788
0.786541
0.799309
0.820551
0.831408
0.836205
0.839801
0.840373
0.828973
0.817953
0.816277
0.818461
0.821069
0.824572
0.83348
0.854079
0.86905
0.875177
0.878519
0.881244
0.878718
0.864699
0.857122
0.857891
0.860683
0.864242
0.870036
0.885333
0.904334
0.913807
0.918351
0.921073
0.922597
0.91867
0.908152
0.903767
0.905217
0.908477
0.91293
0.920064
0.935394
0.951113
0.959551
0.9642
0.967148
0.96925
0.96703
0.958296
0.953021
0.953639
0.956873
0.961103
0.967154
0.979185
0.994471
1.00495
1.01145
1.01615
1.01988
1.02143
1.01629
1.00799
1.00386
1.00443
1.00753
1.01184
1.02155
1.03787
1.05142
1.05935
1.0639
1.06755
1.07075
1.06867
1.05738
1.04708
1.04349
1.04437
1.04704
1.05527
1.07345
1.08838
1.09568
1.09901
1.10092
1.10186
1.09802
1.08187
1.06318
1.04925
1.06209
1.80003
5.07507
0.801438
0.806319
0.798334
0.784659
0.781022
0.782671
0.785186
0.787756
0.792381
0.807951
0.828402
0.837704
0.841704
0.844403
0.843667
0.831724
0.822271
0.821685
0.823954
0.826719
0.830822
0.84139
0.86122
0.873771
0.878819
0.881575
0.882641
0.879908
0.869626
0.864679
0.865841
0.868638
0.871788
0.876801
0.889429
0.905846
0.915253
0.919871
0.923501
0.927352
0.926088
0.917337
0.912813
0.91394
0.916791
0.919625
0.923819
0.935059
0.950232
0.959734
0.965142
0.969346
0.973745
0.97521
0.969338
0.96336
0.96263
0.964213
0.965369
0.968232
0.975972
0.991971
1.00653
1.01516
1.02047
1.02507
1.02869
1.0271
1.01862
1.01164
1.00999
1.01062
1.01289
1.01834
1.03357
1.0516
1.06253
1.06809
1.07167
1.0747
1.07498
1.06515
1.05159
1.0457
1.04581
1.04801
1.05366
1.07061
1.0884
1.09731
1.1005
1.1018
1.10196
1.09953
1.08808
1.06312
1.05839
1.75203
5.04189
0.802218
0.80886
0.809758
0.800154
0.7889
0.787093
0.78891
0.791232
0.793849
0.799187
0.815282
0.832989
0.840728
0.844341
0.847483
0.84788
0.836991
0.828608
0.828411
0.830891
0.833818
0.837572
0.84625
0.863038
0.874773
0.880036
0.883655
0.887443
0.886736
0.877669
0.871818
0.871702
0.873831
0.876569
0.880709
0.890631
0.907442
0.91924
0.925435
0.929318
0.932828
0.933527
0.926794
0.920088
0.918523
0.920301
0.923235
0.926711
0.933784
0.948898
0.962805
0.971249
0.97636
0.980795
0.984089
0.980878
0.972177
0.966191
0.965599
0.968036
0.971832
0.977861
0.992171
1.00963
1.02074
1.02655
1.03039
1.03412
1.03563
1.02842
1.01671
1.01133
1.01228
1.01553
1.02039
1.03385
1.05303
1.06519
1.07088
1.07435
1.07716
1.07806
1.07105
1.05814
1.05067
1.04953
1.05099
1.05407
1.06799
1.08653
1.09629
1.09963
1.10067
1.1005
1.09982
1.08907
1.07534
1.70996
5.01436
0.799321
0.809371
0.812275
0.813982
0.804613
0.794386
0.792934
0.794656
0.796808
0.799244
0.804451
0.819644
0.836611
0.844909
0.849016
0.851661
0.851429
0.843369
0.836238
0.835074
0.836265
0.838114
0.840998
0.848228
0.864937
0.878733
0.885545
0.889345
0.892256
0.892498
0.885692
0.878929
0.87745
0.879239
0.882219
0.886122
0.892743
0.90702
0.920642
0.928643
0.933954
0.938124
0.94046
0.936945
0.929393
0.925283
0.925198
0.927007
0.930199
0.935658
0.949024
0.965818
0.97649
0.982079
0.985847
0.988748
0.988721
0.98138
0.973558
0.971787
0.973661
0.976658
0.980885
0.992478
1.01119
1.02425
1.03079
1.03479
1.03774
1.03933
1.03453
1.02352
1.01788
1.01837
1.02116
1.02434
1.03213
1.04959
1.06427
1.07162
1.07556
1.07876
1.08172
1.07932
1.06774
1.057
1.05294
1.05332
1.05509
1.0633
1.0812
1.09365
1.09865
1.09987
1.10043
1.09751
1.10302
1.69933
4.98819
0.7911
0.809269
0.813942
0.816663
0.816646
0.808724
0.800062
0.798533
0.800237
0.802726
0.80516
0.809438
0.821926
0.838549
0.847801
0.852606
0.856578
0.858245
0.851561
0.842817
0.839814
0.840787
0.843088
0.846288
0.851363
0.864633
0.879336
0.88784
0.893415
0.897918
0.900145
0.895712
0.887875
0.884972
0.885409
0.88614
0.888663
0.89391
0.907669
0.924142
0.934165
0.939812
0.944566
0.947941
0.946538
0.937186
0.929762
0.928957
0.931306
0.934375
0.93866
0.950189
0.9682
0.97946
0.985185
0.989584
0.993803
0.996148
0.990632
0.980306
0.97604
0.977646
0.981247
0.985316
0.993755
1.01133
1.02561
1.03251
1.03632
1.0398
1.04352
1.04286
1.03338
1.02488
1.02242
1.0238
1.02669
1.03218
1.04695
1.06361
1.07383
1.07912
1.08247
1.08479
1.0846
1.0772
1.06428
1.05574
1.0537
1.05485
1.05989
1.07565
1.091
1.09822
1.10092
1.09852
1.11477
1.70908
4.96136
0.779515
0.799395
0.810942
0.816228
0.820017
0.822189
0.816653
0.808431
0.806249
0.806889
0.8074
0.808959
0.81283
0.824357
0.842101
0.853159
0.858485
0.861634
0.863543
0.859507
0.850673
0.846672
0.846531
0.84663
0.84821
0.852066
0.864292
0.882789
0.894664
0.900448
0.904537
0.907656
0.904662
0.893703
0.88724
0.887662
0.890259
0.893746
0.898835
0.911521
0.929795
0.940794
0.945872
0.949245
0.951843
0.951895
0.942954
0.93362
0.932262
0.935024
0.938594
0.943302
0.95307
0.970548
0.984044
0.990757
0.994628
0.997332
0.999656
0.99718
0.98798
0.982681
0.98326
0.986396
0.990115
0.995791
1.00888
1.02473
1.0351
1.04066
1.04443
1.04766
1.04867
1.04271
1.03306
1.02792
1.02789
1.02986
1.03314
1.04288
1.06032
1.07362
1.08034
1.08409
1.08701
1.08879
1.08516
1.07244
1.06041
1.05565
1.05518
1.0575
1.07086
1.08821
1.09785
1.09816
1.11721
1.73383
4.93522
0.776322
0.783759
0.801292
0.81616
0.823043
0.826555
0.828605
0.82453
0.814324
0.809114
0.809519
0.811565
0.813949
0.816944
0.826024
0.844261
0.856666
0.863215
0.868027
0.871012
0.86822
0.856516
0.848374
0.847476
0.849383
0.852311
0.856972
0.869565
0.889265
0.900729
0.905819
0.909128
0.91161
0.909803
0.8998
0.893655
0.894035
0.89668
0.900067
0.905036
0.916284
0.93231
0.942594
0.947884
0.951318
0.954123
0.955033
0.94872
0.940977
0.939145
0.941338
0.944895
0.949979
0.957562
0.970921
0.983739
0.991183
0.995863
0.99977
1.00388
1.00509
0.999003
0.99264
0.990628
0.99171
0.994486
0.998524
1.00756
1.02238
1.03475
1.04194
1.04647
1.05027
1.05309
1.05116
1.04289
1.03446
1.03124
1.03242
1.03538
1.04202
1.05694
1.07269
1.08199
1.08662
1.08935
1.09168
1.09178
1.08224
1.06669
1.05777
1.0555
1.05607
1.06521
1.0844
1.09265
1.11501
1.76408
4.90803
0.777724
0.78123
0.78649
0.804746
0.821053
0.828241
0.832049
0.834432
0.831647
0.820963
0.815333
0.814516
0.814503
0.816394
0.820127
0.830485
0.850878
0.864302
0.869677
0.872765
0.875078
0.87261
0.859617
0.852
0.852345
0.854932
0.858726
0.864402
0.875676
0.892711
0.903544
0.908664
0.912248
0.915781
0.916001
0.906713
0.899487
0.899309
0.902047
0.905606
0.909815
0.917541
0.93229
0.944386
0.95071
0.954176
0.956884
0.960513
0.958698
0.951639
0.948391
0.949833
0.952628
0.95455
0.958075
0.967562
0.9827
0.994283
1.0012
1.0059
1.0102
1.01365
1.01143
1.0036
0.997879
0.997053
0.998048
0.999465
1.0039
1.01651
1.03277
1.04353
1.04959
1.0543
1.05835
1.06006
1.0538
1.04275
1.03677
1.03588
1.03671
1.0401
1.05143
1.07053
1.08377
1.08982
1.09293
1.09524
1.09643
1.0902
1.07289
1.0592
1.05454
1.05405
1.06149
1.07824
1.10736
1.78789
4.87869
0.780295
0.781469
0.783481
0.79002
0.810192
0.826903
0.833846
0.838043
0.840997
0.83837
0.824454
0.816434
0.816793
0.819094
0.822212
0.826822
0.837137
0.855529
0.866995
0.871954
0.875123
0.878104
0.876524
0.864831
0.858657
0.859413
0.862133
0.865267
0.869325
0.878698
0.895769
0.907768
0.913367
0.916565
0.918477
0.919076
0.913938
0.907452
0.905757
0.907689
0.911101
0.915438
0.920885
0.931199
0.943492
0.952465
0.95852
0.962747
0.966266
0.96721
0.962204
0.955892
0.953658
0.955154
0.958136
0.962195
0.968663
0.981512
0.995797
1.0056
1.01137
1.0153
1.0186
1.01952
1.01383
1.00435
0.998726
0.998698
1.00135
1.00516
1.01481
1.03233
1.04725
1.05488
1.05899
1.0621
1.06462
1.06199
1.04889
1.03833
1.03662
1.03909
1.0429
1.0524
1.07117
1.0859
1.09233
1.09501
1.09664
1.09747
1.09388
1.0789
1.06232
1.0546
1.05369
1.05738
1.09297
1.79589
4.84592
0.782184
0.78189
0.783843
0.787669
0.797297
0.819258
0.834147
0.839509
0.84237
0.843849
0.840063
0.828429
0.823135
0.824001
0.826293
0.82858
0.831851
0.840582
0.858359
0.870741
0.876336
0.87952
0.881745
0.880805
0.87172
0.86514
0.864954
0.867551
0.871272
0.876161
0.883266
0.89624
0.907668
0.913991
0.918237
0.922652
0.926124
0.924178
0.917677
0.914651
0.915601
0.91708
0.918
0.920692
0.927925
0.941954
0.954494
0.961759
0.966699
0.970946
0.973886
0.972371
0.966088
0.961957
0.961858
0.962689
0.964317
0.968304
0.979069
0.996016
1.00811
1.01438
1.01864
1.02237
1.02503
1.02137
1.01052
1.00398
1.00361
1.00585
1.00886
1.01555
1.03193
1.04802
1.05674
1.06138
1.06475
1.06685
1.06573
1.0557
1.0457
1.04316
1.04462
1.04696
1.05169
1.06775
1.08402
1.09141
1.09445
1.09637
1.09801
1.09711
1.08693
1.06956
1.05841
1.05258
1.07277
1.7785
4.81084
0.788262
0.784754
0.787103
0.791105
0.796129
0.806111
0.824364
0.836254
0.84101
0.843785
0.846852
0.845478
0.835139
0.828573
0.828229
0.830383
0.833196
0.837513
0.845951
0.860748
0.872085
0.877819
0.881315
0.884223
0.885309
0.880061
0.874283
0.873584
0.875738
0.877924
0.880052
0.884063
0.894711
0.90895
0.918984
0.924794
0.928851
0.932275
0.93333
0.927876
0.920669
0.917581
0.918502
0.920847
0.923959
0.92903
0.941296
0.956309
0.96608
0.971926
0.977028
0.980887
0.982254
0.976172
0.966862
0.963159
0.964667
0.967848
0.971837
0.980157
0.996268
1.01082
1.01873
1.02306
1.02595
1.02808
1.02779
1.01892
1.00978
1.00738
1.00938
1.01275
1.01692
1.0287
1.04629
1.05765
1.06288
1.06619
1.06989
1.07177
1.06497
1.05296
1.04693
1.04673
1.04892
1.05292
1.06559
1.08181
1.09131
1.09586
1.09817
1.09969
1.10027
1.09463
1.07882
1.05992
1.06484
1.73523
4.77524
0.801118
0.793388
0.794169
0.796549
0.798876
0.801932
0.809413
0.825962
0.838752
0.84474
0.847979
0.849825
0.848981
0.842035
0.836032
0.835426
0.837418
0.839953
0.842738
0.847247
0.858299
0.871086
0.879687
0.885327
0.890102
0.893148
0.89081
0.883345
0.878532
0.878675
0.881122
0.884208
0.887912
0.895093
0.909087
0.921565
0.928895
0.933461
0.936854
0.93893
0.936158
0.928098
0.92334
0.9232
0.924816
0.927466
0.931606
0.942252
0.9595
0.971895
0.977986
0.981837
0.984653
0.986169
0.982459
0.974058
0.969898
0.970595
0.973522
0.976923
0.983022
0.996541
1.01091
1.01984
1.02494
1.02856
1.03137
1.03209
1.02583
1.01658
1.01248
1.01328
1.01644
1.02053
1.02921
1.04528
1.05906
1.06634
1.07007
1.07272
1.07487
1.07285
1.06345
1.05508
1.05188
1.05138
1.05284
1.06028
1.07705
1.09046
1.09718
1.10022
1.1018
1.10251
1.10025
1.08396
1.07059
1.68841
4.742
0.814991
0.809947
0.802302
0.800228
0.801427
0.803611
0.806845
0.8123
0.825225
0.838252
0.845488
0.850355
0.854673
0.856755
0.85262
0.845396
0.841704
0.841159
0.842115
0.844024
0.847249
0.856483
0.872542
0.885193
0.891715
0.895541
0.89832
0.898591
0.892304
0.885864
0.884886
0.886088
0.887713
0.890565
0.89607
0.909654
0.924368
0.932495
0.936869
0.940662
0.943991
0.944215
0.935474
0.927012
0.925896
0.928535
0.932312
0.937392
0.946698
0.961876
0.973404
0.979636
0.983602
0.986966
0.990674
0.991014
0.983799
0.97731
0.976469
0.978967
0.982388
0.985664
0.992962
1.00721
1.01934
1.02603
1.02967
1.03271
1.036
1.03497
1.02755
1.02159
1.02063
1.0216
1.02296
1.02697
1.04011
1.05637
1.06565
1.07131
1.07711
1.08109
1.08195
1.07382
1.0605
1.05271
1.05129
1.05267
1.05751
1.07363
1.09073
1.09901
1.10204
1.1031
1.10435
1.10027
1.09362
1.66481
4.71137
0.820387
0.825109
0.82023
0.811226
0.807491
0.807145
0.807102
0.808689
0.812538
0.823792
0.840147
0.851559
0.857526
0.861533
0.864293
0.862511
0.853862
0.846149
0.843803
0.844925
0.847343
0.850879
0.858688
0.874905
0.888303
0.895239
0.899852
0.903571
0.905714
0.900655
0.890616
0.886961
0.88869
0.891604
0.895296
0.900503
0.912297
0.927457
0.936838
0.941545
0.944577
0.946382
0.94674
0.941355
0.93472
0.933488
0.935836
0.939223
0.943096
0.948579
0.959904
0.973245
0.982446
0.987906
0.991643
0.994606
0.996479
0.993631
0.987232
0.983172
0.982884
0.985296
0.988584
0.993378
1.00334
1.01663
1.02649
1.033
1.03813
1.04252
1.04471
1.03967
1.02969
1.02313
1.02198
1.02393
1.02743
1.03714
1.05558
1.07035
1.07756
1.08134
1.08417
1.08571
1.0809
1.06704
1.05623
1.05299
1.05355
1.05696
1.07234
1.09121
1.10034
1.10321
1.10474
1.10337
1.11148
1.66313
4.68108
0.822833
0.830375
0.832597
0.828216
0.815937
0.808356
0.808114
0.809998
0.812739
0.817035
0.82718
0.845025
0.857504
0.863329
0.866791
0.869567
0.869723
0.860119
0.849673
0.847101
0.848635
0.85117
0.85507
0.862354
0.878347
0.893479
0.900887
0.904607
0.907093
0.908545
0.90508
0.896915
0.893647
0.895106
0.897949
0.901437
0.906125
0.914912
0.927102
0.936355
0.941719
0.945488
0.949398
0.953081
0.951727
0.945207
0.941187
0.941401
0.944032
0.94784
0.952616
0.959842
0.971218
0.982177
0.989219
0.994413
0.99993
1.00398
1.00452
0.998486
0.991545
0.989196
0.988968
0.988433
0.990914
0.998049
1.01387
1.02936
1.03851
1.0432
1.04664
1.04949
1.04783
1.03732
1.02777
1.02534
1.0269
1.03001
1.03777
1.05589
1.07161
1.07915
1.08325
1.08668
1.08938
1.08698
1.07327
1.05982
1.05504
1.05533
1.05765
1.07094
1.09063
1.10104
1.10519
1.10413
1.11895
1.67501
4.652
0.822292
0.831982
0.834039
0.835149
0.830809
0.818486
0.812469
0.813012
0.815321
0.818596
0.823442
0.833406
0.850191
0.862063
0.867468
0.870607
0.872955
0.873652
0.86441
0.853531
0.851573
0.85373
0.856863
0.861727
0.868951
0.881807
0.894794
0.901906
0.905776
0.908825
0.91238
0.912694
0.906202
0.901344
0.901289
0.90367
0.906845
0.910038
0.914226
0.923504
0.935942
0.945121
0.95077
0.954743
0.957992
0.959295
0.955881
0.950955
0.949562
0.950972
0.95223
0.953591
0.957453
0.967432
0.982689
0.994729
1.00149
1.00558
1.00879
1.01122
1.00809
0.997719
0.98964
0.9882
0.99042
0.993863
0.999931
1.01467
1.03141
1.04097
1.04589
1.04955
1.0531
1.05394
1.04437
1.03309
1.02971
1.03134
1.03419
1.03901
1.05423
1.07257
1.08264
1.08701
1.0897
1.09074
1.08927
1.07957
1.06513
1.05769
1.05708
1.0588
1.07017
1.08936
1.10147
1.10366
1.12033
1.69735
4.62338
0.813819
0.829214
0.832134
0.834089
0.836204
0.83509
0.824718
0.819076
0.81964
0.822307
0.825659
0.829743
0.837353
0.852269
0.863588
0.868582
0.871064
0.872466
0.873155
0.869079
0.862395
0.860608
0.862347
0.86511
0.868176
0.872168
0.88106
0.894392
0.904249
0.909903
0.913572
0.91647
0.917999
0.915071
0.910171
0.907543
0.907976
0.910522
0.913722
0.91711
0.922505
0.933636
0.945128
0.952902
0.958911
0.964183
0.967515
0.96719
0.96124
0.954768
0.952315
0.953696
0.956786
0.960773
0.968734
0.984145
0.997684
1.00498
1.00904
1.01201
1.01417
1.01258
1.00256
0.994607
0.993573
0.995887
0.998702
1.00223
1.01285
1.03092
1.04326
1.04927
1.05317
1.05639
1.05743
1.05174
1.04123
1.03534
1.03517
1.03772
1.04175
1.05402
1.07121
1.08185
1.08687
1.08958
1.09136
1.09271
1.08791
1.07356
1.06265
1.0599
1.06072
1.06785
1.0872
1.09861
1.11782
1.72356
4.59334
0.800971
0.817671
0.827358
0.832829
0.83599
0.838134
0.839348
0.833442
0.828003
0.827521
0.829504
0.832122
0.835263
0.839695
0.849679
0.860463
0.867332
0.872041
0.876669
0.880403
0.880045
0.873939
0.868531
0.867334
0.86914
0.872353
0.876662
0.882595
0.892808
0.903581
0.910931
0.916222
0.92114
0.924841
0.925363
0.921177
0.916313
0.91488
0.915357
0.91573
0.917802
0.922065
0.932464
0.947922
0.959538
0.965566
0.969214
0.972055
0.973635
0.969746
0.961779
0.958306
0.959462
0.962305
0.965248
0.969751
0.981964
0.997056
1.00599
1.01033
1.01338
1.01665
1.01794
1.01066
1.00114
0.997514
0.998819
1.00181
1.00588
1.01463
1.03008
1.04303
1.05041
1.05495
1.05873
1.06131
1.05939
1.05177
1.0437
1.04074
1.04165
1.04374
1.05021
1.06608
1.08045
1.08818
1.09206
1.09462
1.09684
1.09572
1.08299
1.06806
1.06181
1.0613
1.06565
1.08215
1.11075
1.74711
4.5611
0.796048
0.799922
0.811456
0.8253
0.834245
0.840966
0.84637
0.849163
0.846292
0.839872
0.836747
0.835903
0.834675
0.834925
0.837274
0.84467
0.858785
0.871472
0.878732
0.882977
0.886555
0.887931
0.88326
0.876401
0.874093
0.875321
0.877012
0.879065
0.882744
0.891033
0.904233
0.915928
0.923136
0.927404
0.930728
0.933204
0.931243
0.923064
0.916705
0.916322
0.918888
0.922426
0.926987
0.935061
0.949522
0.961552
0.968052
0.972026
0.975505
0.978679
0.978248
0.970446
0.963967
0.962988
0.965314
0.968333
0.971856
0.980911
0.996041
1.00726
1.01332
1.01697
1.02007
1.02136
1.01697
1.00916
1.00492
1.00527
1.00708
1.00912
1.01327
1.02578
1.04222
1.0529
1.0589
1.06295
1.06672
1.06833
1.06206
1.04994
1.04298
1.04237
1.04483
1.04973
1.0628
1.08001
1.09055
1.09522
1.0977
1.09978
1.10087
1.09157
1.07418
1.0638
1.06136
1.06114
1.09459
1.75785
4.52608
0.793446
0.79428
0.798138
0.810625
0.82997
0.843996
0.851572
0.856342
0.859264
0.856692
0.846534
0.8368
0.833524
0.834322
0.836505
0.840342
0.847529
0.862558
0.876702
0.884119
0.888204
0.89101
0.893169
0.891628
0.883714
0.877725
0.877626
0.879997
0.883211
0.887507
0.894072
0.906216
0.919389
0.927531
0.931835
0.934547
0.93618
0.935728
0.929253
0.923364
0.922912
0.925428
0.928314
0.931323
0.936261
0.948706
0.963172
0.971656
0.976163
0.979407
0.982225
0.983074
0.977753
0.970919
0.968799
0.970254
0.972839
0.975497
0.980314
0.992004
1.00495
1.01296
1.01756
1.0211
1.02468
1.02556
1.02062
1.01328
1.00885
1.00908
1.0121
1.0164
1.02532
1.04114
1.05489
1.06292
1.06713
1.06985
1.07228
1.07018
1.0575
1.04797
1.0459
1.04702
1.05017
1.06103
1.07996
1.0919
1.09714
1.10021
1.10259
1.10435
1.09809
1.08053
1.0666
1.05938
1.07418
1.73989
4.49228
0.794847
0.794785
0.79814
0.804785
0.819147
0.841262
0.853289
0.858096
0.86086
0.861456
0.858115
0.846506
0.837328
0.83677
0.83877
0.842905
0.849162
0.856242
0.867073
0.879315
0.88695
0.891219
0.893922
0.895245
0.895432
0.890214
0.884479
0.883967
0.886393
0.889621
0.893269
0.897616
0.907043
0.92049
0.928863
0.932848
0.935777
0.939125
0.941803
0.938416
0.930882
0.92786
0.929411
0.932428
0.936137
0.940864
0.949533
0.962055
0.971486
0.977062
0.981001
0.984683
0.988149
0.986851
0.981041
0.97658
0.975089
0.975463
0.976906
0.980027
0.987995
1.00131
1.01295
1.02082
1.02622
1.03044
1.03345
1.03171
1.02296
1.01623
1.01482
1.01502
1.01717
1.0228
1.03818
1.05483
1.064
1.06983
1.075
1.07824
1.07733
1.06331
1.05056
1.04755
1.04928
1.05177
1.06028
1.07996
1.09381
1.09961
1.10278
1.10555
1.1068
1.10258
1.08762
1.0676
1.06938
1.69908
4.46004
0.801219
0.800253
0.804415
0.8117
0.821138
0.832904
0.846539
0.853992
0.856633
0.856059
0.854412
0.853341
0.850309
0.846748
0.846899
0.849327
0.852561
0.855975
0.859722
0.86568
0.876087
0.885704
0.891314
0.89529
0.899156
0.901791
0.900061
0.893818
0.891086
0.892094
0.894865
0.89802
0.901538
0.907712
0.919007
0.929508
0.936018
0.939962
0.943042
0.945505
0.945029
0.940624
0.937264
0.937437
0.939314
0.940799
0.942471
0.946663
0.957596
0.970851
0.980192
0.986025
0.99019
0.993739
0.995537
0.991744
0.9839
0.978459
0.97716
0.977946
0.98011
0.98506
0.997481
1.01394
1.0255
1.03167
1.03577
1.03921
1.04026
1.03127
1.01906
1.01484
1.01645
1.01969
1.02429
1.03867
1.0587
1.07035
1.07543
1.07879
1.08183
1.08013
1.06571
1.05319
1.05014
1.05157
1.05408
1.06303
1.08196
1.0955
1.10163
1.10497
1.10701
1.10718
1.10587
1.09197
1.07737
1.65434
4.42947
0.81564
0.813534
0.816489
0.819909
0.823093
0.826724
0.832046
0.839646
0.84629
0.850678
0.854064
0.858503
0.862481
0.863696
0.86056
0.857108
0.856159
0.856838
0.857864
0.859747
0.863431
0.872512
0.885397
0.894773
0.900195
0.903897
0.906985
0.908543
0.904883
0.900684
0.899576
0.900642
0.902418
0.904776
0.908484
0.91681
0.928124
0.936346
0.941628
0.946496
0.951266
0.954123
0.951916
0.945834
0.941282
0.940573
0.942207
0.945019
0.948934
0.957057
0.970407
0.982579
0.990203
0.99438
0.997089
0.999054
0.998618
0.991322
0.982533
0.978836
0.980102
0.983466
0.987958
0.998331
1.01587
1.02908
1.03564
1.03946
1.04252
1.04371
1.03598
1.02436
1.0203
1.02179
1.02511
1.02914
1.04098
1.06
1.07155
1.07692
1.08031
1.08223
1.08004
1.07041
1.06004
1.05585
1.05655
1.05852
1.06452
1.08119
1.09524
1.1022
1.10566
1.10705
1.10866
1.10698
1.10239
1.63112
4.40033
0.829825
0.833713
0.831107
0.827701
0.825658
0.823835
0.822392
0.824001
0.830283
0.841159
0.852497
0.861993
0.869455
0.873915
0.876075
0.872808
0.865
0.859844
0.858747
0.860003
0.86212
0.865154
0.87193
0.885019
0.896366
0.903513
0.909843
0.914768
0.917941
0.9157
0.908567
0.903573
0.902842
0.904118
0.906326
0.909601
0.915744
0.927765
0.940138
0.947818
0.952534
0.95572
0.957849
0.958381
0.95462
0.948893
0.946618
0.947401
0.949219
0.951935
0.956704
0.968108
0.982178
0.991021
0.99577
0.999895
1.00332
1.00525
0.99909
0.987622
0.98353
0.985295
0.988274
0.991483
0.998275
1.0154
1.03038
1.03729
1.04108
1.04471
1.04765
1.04344
1.03353
1.02798
1.02774
1.0296
1.03181
1.03869
1.0564
1.07037
1.07707
1.08066
1.08316
1.08436
1.07977
1.06911
1.06135
1.05939
1.06092
1.06506
1.07866
1.09428
1.10315
1.10717
1.10992
1.11039
1.11819
1.63085
4.36986
0.839716
0.848598
0.849079
0.84289
0.832026
0.822684
0.818621
0.819158
0.822053
0.828178
0.842622
0.860661
0.871432
0.876386
0.879622
0.882161
0.879535
0.869348
0.862452
0.861141
0.862175
0.864164
0.867728
0.874363
0.887948
0.903507
0.912018
0.916563
0.919794
0.921399
0.919815
0.913104
0.906519
0.905707
0.907585
0.910744
0.915142
0.920603
0.929162
0.940097
0.948374
0.953775
0.95832
0.963027
0.965814
0.964892
0.957601
0.951224
0.949789
0.95161
0.954504
0.957839
0.965709
0.981006
0.9939
1.00035
1.00389
1.00684
1.00876
1.00379
0.993461
0.988265
0.988723
0.991514
0.994873
1.00131
1.01641
1.03151
1.04032
1.04543
1.0492
1.05182
1.05113
1.04393
1.03453
1.02987
1.03063
1.03335
1.03921
1.05358
1.06907
1.07857
1.08351
1.08619
1.08839
1.08814
1.07878
1.06705
1.06176
1.06152
1.06437
1.07617
1.0949
1.1062
1.11148
1.1122
1.12451
1.63855
4.33896
0.84213
0.851623
0.853847
0.854766
0.845224
0.826134
0.819511
0.820176
0.822635
0.827683
0.836884
0.853952
0.869211
0.876746
0.880685
0.883509
0.884786
0.881848
0.872068
0.864447
0.864109
0.866092
0.869576
0.876438
0.885954
0.897334
0.908095
0.91424
0.917185
0.917528
0.917328
0.918341
0.918626
0.916287
0.91495
0.915959
0.918119
0.919748
0.92207
0.927044
0.93717
0.949327
0.958247
0.963694
0.967186
0.96963
0.970781
0.965667
0.957245
0.953811
0.955047
0.958185
0.961652
0.967214
0.980228
0.993613
1.001
1.00525
1.00871
1.01249
1.0112
1.00237
0.995574
0.994836
0.996937
0.999636
1.00299
1.01364
1.0302
1.04169
1.04801
1.05221
1.05522
1.05661
1.0527
1.04189
1.03525
1.03422
1.03536
1.03897
1.04973
1.0672
1.07959
1.0861
1.09051
1.09373
1.09513
1.08623
1.07019
1.06274
1.06253
1.06538
1.07787
1.09789
1.10981
1.11318
1.12776
1.65332
4.31024
0.839192
0.851164
0.852759
0.85072
0.843844
0.835249
0.827734
0.826484
0.828918
0.834035
0.840754
0.847468
0.858504
0.870355
0.877295
0.880773
0.88143
0.879208
0.876806
0.874245
0.872827
0.874618
0.878745
0.883418
0.887394
0.891422
0.896572
0.902206
0.907464
0.912357
0.916959
0.922607
0.927593
0.929866
0.929071
0.924538
0.920866
0.920467
0.922584
0.925412
0.928445
0.934611
0.94692
0.957999
0.964584
0.969451
0.973859
0.977105
0.975043
0.966333
0.961276
0.961455
0.96288
0.964275
0.966984
0.975977
0.991063
1.0026
1.00921
1.01346
1.01618
1.01615
1.01145
1.00395
0.999351
0.999371
1.00196
1.00583
1.01446
1.0292
1.04254
1.05049
1.05513
1.05918
1.06198
1.06082
1.04947
1.03888
1.03586
1.03764
1.04108
1.04923
1.06709
1.08268
1.09016
1.09383
1.09681
1.09901
1.09185
1.07518
1.06631
1.06568
1.06797
1.0802
1.09985
1.10928
1.12763
1.67361
4.28343
0.828213
0.841776
0.844001
0.843479
0.843407
0.844538
0.842831
0.840322
0.840637
0.843158
0.846035
0.84879
0.852647
0.858714
0.865508
0.870389
0.873485
0.876152
0.879035
0.883294
0.887674
0.890095
0.890664
0.89016
0.889644
0.888879
0.887559
0.888982
0.893739
0.902901
0.914564
0.924019
0.930487
0.935239
0.938343
0.939374
0.933971
0.927449
0.925443
0.92523
0.925875
0.928135
0.9324
0.944321
0.959954
0.970159
0.975672
0.979646
0.983365
0.982791
0.974453
0.965735
0.962345
0.963402
0.965616
0.968459
0.975119
0.989613
1.00342
1.01128
1.01585
1.01963
1.02256
1.02134
1.01264
1.00558
1.00452
1.00591
1.00799
1.01293
1.02601
1.04308
1.05402
1.05956
1.06316
1.06613
1.06705
1.05604
1.04364
1.03984
1.04038
1.04263
1.04824
1.06634
1.0839
1.09197
1.09678
1.10112
1.10376
1.09712
1.07997
1.06922
1.06832
1.07103
1.08389
1.09907
1.1213
1.68941
4.25622
0.818467
0.824851
0.830252
0.835955
0.841813
0.847044
0.852908
0.857368
0.858674
0.857271
0.854878
0.853493
0.852641
0.850599
0.850741
0.854665
0.862162
0.871515
0.880473
0.88969
0.899028
0.903433
0.905086
0.902633
0.89532
0.887994
0.884864
0.885877
0.888928
0.893444
0.90341
0.919682
0.93116
0.937098
0.940649
0.943731
0.945733
0.940499
0.929537
0.925083
0.926005
0.928345
0.931103
0.935274
0.946492
0.963761
0.974775
0.979942
0.983436
0.985219
0.98437
0.979342
0.9713
0.966817
0.966912
0.969051
0.9721
0.9773
0.988718
1.0038
1.01446
1.02022
1.02344
1.0259
1.02712
1.02156
1.01188
1.00694
1.00758
1.01131
1.01585
1.02585
1.04365
1.05631
1.06266
1.06665
1.06986
1.07118
1.06004
1.04586
1.04113
1.04247
1.04506
1.05074
1.06963
1.08861
1.09711
1.10132
1.1044
1.10479
1.10006
1.0858
1.07427
1.07286
1.07687
1.08729
1.11067
1.69013
4.22641
0.812723
0.810672
0.81339
0.821225
0.833853
0.847561
0.859954
0.868678
0.872468
0.8735
0.869318
0.859795
0.850487
0.845857
0.845667
0.848181
0.852706
0.860194
0.874167
0.891886
0.901922
0.906364
0.909203
0.911216
0.906647
0.892449
0.88601
0.886725
0.88966
0.894059
0.900047
0.910231
0.926079
0.936353
0.941147
0.944156
0.945671
0.944183
0.939868
0.932931
0.930205
0.931477
0.934095
0.937392
0.941367
0.949487
0.963652
0.973906
0.979183
0.982403
0.984833
0.986972
0.986724
0.980878
0.974635
0.972805
0.973865
0.975868
0.979213
0.986686
1.00114
1.01394
1.02128
1.02697
1.03177
1.03447
1.03083
1.01919
1.01298
1.01271
1.01403
1.01699
1.02478
1.04374
1.05882
1.06549
1.06916
1.07267
1.07235
1.06262
1.05125
1.04655
1.04733
1.04964
1.05502
1.07274
1.09022
1.09851
1.10274
1.10435
1.10519
1.1037
1.09431
1.08376
1.08126
1.08214
1.09833
1.67716
4.19339
0.812187
0.808286
0.810496
0.814855
0.823186
0.841974
0.86219
0.870875
0.874408
0.876441
0.876952
0.87106
0.855685
0.846909
0.846743
0.849117
0.853907
0.862673
0.874863
0.888249
0.899711
0.905566
0.90811
0.907811
0.9051
0.901582
0.89577
0.893561
0.895488
0.899198
0.903301
0.907616
0.914509
0.925806
0.934442
0.938954
0.941426
0.943542
0.945917
0.946232
0.942531
0.939214
0.939112
0.940749
0.943187
0.946046
0.950048
0.958516
0.969831
0.978645
0.984427
0.98852
0.991857
0.994225
0.991694
0.982837
0.976969
0.97601
0.977573
0.980275
0.985281
0.998759
1.01654
1.02746
1.03277
1.03625
1.0392
1.03806
1.02535
1.01541
1.01408
1.01689
1.02027
1.02757
1.04505
1.05972
1.06678
1.07086
1.0743
1.07444
1.06892
1.05873
1.0522
1.05187
1.05429
1.05832
1.07217
1.0895
1.09879
1.10328
1.1058
1.10788
1.10913
1.10448
1.09527
1.08756
1.09018
1.64609
4.15947
0.816983
0.810853
0.812731
0.818732
0.82928
0.842261
0.856088
0.866926
0.871587
0.872564
0.870338
0.866668
0.862986
0.857422
0.855031
0.857011
0.861961
0.86823
0.873901
0.880319
0.888757
0.896259
0.90041
0.902474
0.90446
0.907403
0.909771
0.907828
0.905318
0.90529
0.906916
0.90915
0.91162
0.91402
0.919865
0.928883
0.936631
0.942475
0.946755
0.949995
0.952706
0.954181
0.952375
0.949134
0.947005
0.94631
0.946406
0.94809
0.953038
0.964072
0.977208
0.986796
0.992871
0.996955
0.999895
1.00008
0.991353
0.981914
0.97872
0.98051
0.983879
0.988095
0.999592
1.01811
1.02976
1.03556
1.03957
1.04307
1.04184
1.03056
1.02149
1.01993
1.02159
1.02369
1.02801
1.04337
1.05992
1.06874
1.07361
1.07593
1.07643
1.07484
1.06718
1.05846
1.05538
1.05692
1.06024
1.07207
1.08991
1.1009
1.10631
1.10939
1.11199
1.11387
1.11144
1.10172
1.09353
1.61256
4.12874
0.827643
0.82324
0.825214
0.830145
0.835659
0.840601
0.845953
0.852757
0.858945
0.862623
0.864803
0.866857
0.869167
0.87147
0.871271
0.870375
0.871125
0.87312
0.875457
0.877974
0.879479
0.881878
0.887368
0.894968
0.902748
0.909724
0.915649
0.919869
0.921063
0.918534
0.914969
0.912323
0.911576
0.91227
0.912907
0.915465
0.922567
0.933037
0.942164
0.950124
0.959322
0.964884
0.967173
0.964757
0.956438
0.948703
0.944996
0.94466
0.947011
0.951303
0.962159
0.979603
0.991897
0.997858
1.00181
1.00522
1.00664
0.997637
0.985686
0.982831
0.98505
0.987616
0.990568
0.999569
1.0192
1.03279
1.03867
1.04234
1.04617
1.04654
1.03764
1.02659
1.02234
1.0235
1.0261
1.0312
1.04412
1.05942
1.06898
1.07421
1.07726
1.08032
1.08147
1.07506
1.06363
1.05871
1.05933
1.06231
1.07278
1.09105
1.10319
1.10895
1.11251
1.11487
1.11701
1.11355
1.10752
1.59491
4.10245
0.837596
0.84205
0.84305
0.841855
0.841168
0.841366
0.841176
0.84035
0.842217
0.848106
0.857113
0.865764
0.872222
0.878541
0.884421
0.887216
0.886099
0.882993
0.880286
0.877388
0.873878
0.872923
0.874946
0.880688
0.892804
0.907076
0.917737
0.924419
0.928514
0.930818
0.929302
0.923248
0.916528
0.912268
0.910233
0.911219
0.914198
0.920156
0.93281
0.950435
0.961641
0.9668
0.969758
0.971996
0.970624
0.957955
0.946929
0.945233
0.947676
0.951558
0.956486
0.965867
0.983469
0.996479
1.00214
1.00534
1.008
1.00851
1.00031
0.989472
0.986046
0.987763
0.990578
0.994479
1.0039
1.02147
1.03506
1.04218
1.04646
1.04879
1.04855
1.0436
1.03391
1.02828
1.02832
1.0304
1.03329
1.04216
1.05737
1.06958
1.07691
1.08107
1.0842
1.0863
1.08215
1.06933
1.06224
1.06199
1.06506
1.07433
1.09227
1.10478
1.11101
1.11473
1.11792
1.11904
1.12066
1.58955
4.07894
0.844458
0.85587
0.858891
0.858198
0.852835
0.845861
0.839587
0.835989
0.836
0.838255
0.843787
0.855773
0.870098
0.881788
0.889905
0.894652
0.897533
0.897127
0.891291
0.880288
0.872599
0.871995
0.873912
0.877408
0.883854
0.898392
0.916304
0.925892
0.930166
0.932621
0.934127
0.93422
0.927332
0.914861
0.910489
0.911817
0.915047
0.921086
0.929812
0.942244
0.956751
0.964875
0.968234
0.969397
0.968695
0.96716
0.960506
0.953973
0.953189
0.955703
0.958713
0.961646
0.967851
0.983264
0.995741
1.00176
1.00545
1.00886
1.01084
1.00604
0.997017
0.993133
0.994176
0.996589
0.999421
1.00516
1.02003
1.03491
1.04286
1.04702
1.04998
1.05251
1.05118
1.04045
1.0317
1.03002
1.03229
1.03585
1.04185
1.05506
1.06995
1.07895
1.08439
1.08952
1.09278
1.08926
1.07485
1.06642
1.06583
1.06816
1.07516
1.09205
1.10587
1.11312
1.11779
1.12052
1.13119
1.59329
4.05711
0.845062
0.858395
0.862086
0.864841
0.865443
0.857532
0.843525
0.836767
0.836758
0.838651
0.842251
0.848588
0.862827
0.880202
0.89084
0.895861
0.898896
0.899791
0.896702
0.887087
0.87697
0.87449
0.876024
0.880214
0.887479
0.895536
0.906824
0.920448
0.92791
0.931041
0.931968
0.930382
0.92789
0.924743
0.91982
0.919075
0.922222
0.927108
0.931077
0.934395
0.94091
0.951685
0.959841
0.964272
0.967372
0.97101
0.974188
0.971412
0.96408
0.960147
0.960078
0.961941
0.964494
0.968024
0.979533
0.994113
1.00296
1.00808
1.01175
1.01374
1.01288
1.00721
1.00092
0.998499
0.99984
1.00289
1.00759
1.01828
1.03374
1.04455
1.04982
1.0526
1.05475
1.05582
1.04771
1.0377
1.03467
1.03579
1.03869
1.04296
1.05407
1.07155
1.08351
1.08983
1.09417
1.09782
1.09434
1.07878
1.0692
1.06864
1.07143
1.07857
1.09502
1.10841
1.11671
1.1211
1.13564
1.60452
4.03367
0.839144
0.855683
0.860359
0.862803
0.863306
0.861907
0.856069
0.846202
0.842543
0.843703
0.846751
0.851732
0.858155
0.869678
0.883425
0.891237
0.894268
0.893797
0.891822
0.89121
0.889504
0.886448
0.886409
0.889223
0.893546
0.897906
0.901912
0.907393
0.915289
0.921724
0.92521
0.927273
0.929411
0.932581
0.935271
0.934593
0.932346
0.93172
0.932148
0.932033
0.931637
0.934088
0.942693
0.955525
0.965885
0.972542
0.977464
0.981489
0.981797
0.975494
0.968326
0.964731
0.964508
0.965994
0.968435
0.975984
0.990237
1.00206
1.00948
1.01502
1.01964
1.02204
1.01875
1.00987
1.00463
1.00337
1.00359
1.00679
1.01544
1.0324
1.04516
1.05121
1.05589
1.05939
1.06145
1.05442
1.04287
1.03837
1.03916
1.04116
1.044
1.05342
1.07344
1.08713
1.09372
1.09808
1.10161
1.09665
1.08302
1.0747
1.07436
1.0772
1.08367
1.09847
1.11151
1.1191
1.13559
1.61781
4.00578
0.829093
0.843289
0.852383
0.8576
0.860143
0.861541
0.863111
0.861923
0.856255
0.853218
0.854031
0.856669
0.860652
0.865279
0.871
0.877673
0.882922
0.886448
0.889353
0.892364
0.897703
0.902572
0.904388
0.902867
0.901312
0.901494
0.901386
0.899609
0.900376
0.905223
0.914281
0.923488
0.930847
0.937553
0.944508
0.948263
0.947765
0.942173
0.935997
0.930846
0.927647
0.927427
0.929624
0.937171
0.954113
0.9696
0.978837
0.984754
0.9888
0.990413
0.985182
0.974588
0.967541
0.965208
0.965098
0.967519
0.97371
0.988405
1.00507
1.01648
1.02282
1.02656
1.02894
1.02654
1.01383
1.00401
1.00304
1.006
1.00978
1.01697
1.03459
1.04999
1.05648
1.0597
1.06243
1.06435
1.05745
1.0469
1.04178
1.0414
1.04352
1.04638
1.05617
1.07613
1.08986
1.09632
1.10099
1.10416
1.10069
1.09081
1.08192
1.07996
1.08253
1.08803
1.1008
1.11289
1.13088
1.63266
3.97384
0.826933
0.831706
0.837924
0.846353
0.853948
0.859807
0.864236
0.868334
0.871386
0.871286
0.868184
0.866086
0.865889
0.865654
0.863239
0.862918
0.866392
0.873936
0.88359
0.893131
0.903209
0.912865
0.917817
0.919385
0.91516
0.907288
0.900583
0.896446
0.895175
0.896595
0.900287
0.910364
0.925722
0.938801
0.94683
0.951346
0.954584
0.955465
0.948731
0.935551
0.927534
0.926939
0.928791
0.932064
0.939928
0.959155
0.977029
0.985425
0.989484
0.991971
0.993359
0.990075
0.976519
0.966046
0.965083
0.967596
0.9715
0.977772
0.992651
1.01231
1.0228
1.02688
1.02906
1.02994
1.02737
1.0158
1.00788
1.00765
1.01089
1.01457
1.02099
1.03753
1.05136
1.05743
1.0608
1.06385
1.06476
1.06124
1.05506
1.0491
1.04677
1.04785
1.05004
1.0576
1.07714
1.09228
1.09978
1.10452
1.10639
1.10557
1.10021
1.09107
1.08566
1.08567
1.08982
1.0993
1.12118
1.64541
3.94059
0.827772
0.82751
0.828769
0.832416
0.840428
0.852324
0.863365
0.872174
0.878843
0.882634
0.884043
0.880418
0.872442
0.864485
0.860101
0.859706
0.861713
0.864991
0.871347
0.885813
0.904083
0.9146
0.919627
0.922869
0.92468
0.919897
0.906665
0.897235
0.895084
0.896506
0.89901
0.903576
0.91516
0.933126
0.945866
0.951993
0.955335
0.95699
0.955907
0.947592
0.934833
0.930245
0.931435
0.934883
0.94019
0.947445
0.963199
0.978885
0.986609
0.990026
0.991676
0.992377
0.989261
0.977789
0.970784
0.971407
0.975231
0.980906
0.987396
0.997988
1.0127
1.02124
1.02506
1.02777
1.03081
1.03181
1.02263
1.01443
1.01353
1.01608
1.01896
1.02295
1.03607
1.05032
1.05773
1.06181
1.06525
1.06778
1.06825
1.06419
1.05624
1.05034
1.0498
1.05218
1.05907
1.07794
1.09407
1.10188
1.10601
1.10868
1.11033
1.1086
1.09914
1.09028
1.08784
1.08841
1.10596
1.64832
3.91068
0.831962
0.827543
0.828749
0.831491
0.834826
0.841181
0.855551
0.871505
0.880144
0.884062
0.886526
0.887867
0.883778
0.87079
0.862065
0.860872
0.862871
0.866903
0.874475
0.883932
0.896259
0.909564
0.917065
0.920495
0.921866
0.921576
0.918571
0.908163
0.900952
0.900618
0.903052
0.907026
0.911764
0.919792
0.934498
0.945844
0.950879
0.952347
0.952369
0.952852
0.950282
0.942816
0.939168
0.940066
0.943179
0.947193
0.952052
0.962949
0.976588
0.984554
0.988286
0.990322
0.992495
0.993383
0.986685
0.981038
0.981042
0.984069
0.987203
0.989488
0.994664
1.00742
1.01943
1.02683
1.03156
1.03537
1.03732
1.03101
1.02221
1.0184
1.01882
1.02101
1.02463
1.03488
1.04893
1.05869
1.06431
1.0678
1.0703
1.07261
1.07207
1.06318
1.05384
1.05202
1.05437
1.06074
1.07914
1.09657
1.10478
1.1086
1.11151
1.11449
1.11441
1.10408
1.0936
1.08818
1.09399
1.63413
3.8874
0.843538
0.832861
0.831749
0.833943
0.837797
0.843243
0.849466
0.860634
0.873347
0.879903
0.882572
0.883257
0.882558
0.880994
0.8752
0.871158
0.871725
0.874876
0.878324
0.881772
0.886281
0.894939
0.906186
0.913579
0.917424
0.919697
0.921422
0.921654
0.916402
0.910831
0.909842
0.911451
0.914183
0.917711
0.92216
0.929594
0.938199
0.944853
0.949766
0.954387
0.958535
0.96033
0.956452
0.95086
0.948771
0.949635
0.951816
0.953495
0.957947
0.969118
0.980458
0.987923
0.993686
0.999155
1.00253
0.999404
0.99235
0.988374
0.986748
0.986396
0.987397
0.990832
1.00304
1.01916
1.02956
1.03584
1.04107
1.04422
1.0404
1.02997
1.0232
1.02194
1.02269
1.02484
1.03218
1.04649
1.05837
1.0654
1.0705
1.07509
1.07817
1.07862
1.06791
1.05651
1.0546
1.05752
1.06366
1.08126
1.09846
1.10667
1.11095
1.11466
1.11838
1.1181
1.10819
1.09434
1.09084
1.60903
3.86983
0.85035
0.847906
0.843421
0.842216
0.84376
0.846543
0.849153
0.852102
0.858041
0.867337
0.874455
0.878759
0.881745
0.884495
0.888025
0.888738
0.885917
0.883061
0.881674
0.882494
0.884473
0.886377
0.890012
0.898368
0.908414
0.915963
0.921105
0.925649
0.929636
0.929973
0.925215
0.920615
0.918923
0.918194
0.915735
0.915441
0.919714
0.930178
0.943448
0.95465
0.963124
0.969435
0.972376
0.970222
0.961716
0.954728
0.950574
0.948191
0.949177
0.952955
0.964358
0.981202
0.99432
1.00247
1.00784
1.01145
1.00926
0.999743
0.990338
0.985804
0.98601
0.988
0.99133
1.00229
1.02161
1.03555
1.0421
1.04609
1.04822
1.04654
1.0355
1.02472
1.02153
1.02292
1.02567
1.03159
1.04562
1.06088
1.07054
1.07573
1.07935
1.08227
1.08315
1.07127
1.05962
1.05823
1.06149
1.06647
1.08226
1.0997
1.10853
1.11367
1.11818
1.12251
1.123
1.1113
1.09631
1.58172
3.85487
0.852843
0.859779
0.861295
0.858104
0.853525
0.850962
0.850142
0.850283
0.850613
0.852573
0.858797
0.86875
0.878408
0.886575
0.893664
0.899325
0.901677
0.899155
0.89248
0.887066
0.884369
0.882661
0.882072
0.88417
0.8913
0.904792
0.918012
0.928394
0.93596
0.940372
0.941973
0.93736
0.927202
0.91771
0.912092
0.910733
0.912652
0.916747
0.928339
0.948257
0.964344
0.972494
0.976704
0.979787
0.978735
0.96638
0.952702
0.9481
0.94922
0.951759
0.955335
0.966631
0.988316
1.00243
1.00828
1.01225
1.014
1.01124
1.00123
0.990442
0.986908
0.988124
0.990694
0.995034
1.00641
1.02634
1.03977
1.04557
1.04864
1.05016
1.04905
1.03757
1.02605
1.02294
1.02473
1.02828
1.03385
1.0478
1.06481
1.07452
1.0795
1.08287
1.08598
1.08639
1.07313
1.0623
1.06165
1.06525
1.07044
1.08565
1.10211
1.11114
1.1168
1.12182
1.1272
1.12728
1.1152
1.56121
3.83922
0.853549
0.863614
0.867525
0.870301
0.869296
0.862821
0.855423
0.850289
0.848816
0.84984
0.852032
0.856157
0.866161
0.882234
0.894559
0.901214
0.905121
0.907523
0.906586
0.899064
0.888778
0.88232
0.881358
0.883064
0.885623
0.89063
0.905492
0.925469
0.937109
0.94174
0.944222
0.946064
0.942642
0.925614
0.912919
0.910823
0.912941
0.916618
0.922344
0.935766
0.958244
0.971856
0.977026
0.979705
0.980078
0.975524
0.963555
0.953596
0.951837
0.954089
0.957623
0.963281
0.975547
0.993621
1.00406
1.00873
1.01068
1.00981
1.00878
1.00425
0.996497
0.993289
0.994651
0.997739
1.00197
1.01079
1.02736
1.0399
1.04548
1.04785
1.04924
1.04937
1.04097
1.03049
1.02761
1.02992
1.03409
1.03886
1.05029
1.06725
1.07712
1.08194
1.08503
1.08826
1.08843
1.07657
1.06821
1.06817
1.07105
1.07496
1.08835
1.10416
1.11377
1.12033
1.12635
1.13117
1.13452
1.55732
3.82071
0.848628
0.864219
0.868956
0.871977
0.874418
0.874453
0.867427
0.856453
0.850895
0.851078
0.85313
0.85739
0.863488
0.871774
0.885459
0.897412
0.903692
0.906846
0.909033
0.910217
0.904061
0.890367
0.88396
0.884415
0.887042
0.891555
0.897999
0.91204
0.930289
0.939341
0.942447
0.943471
0.941712
0.936001
0.924316
0.917878
0.918374
0.922131
0.926818
0.931975
0.942578
0.959602
0.969758
0.973666
0.975357
0.977005
0.976204
0.968885
0.961697
0.960539
0.96282
0.966035
0.969881
0.978116
0.990891
0.999837
1.00471
1.00776
1.01057
1.01277
1.01232
1.00688
1.00215
1.00143
1.00309
1.00598
1.01111
1.024
1.0373
1.04449
1.04821
1.05094
1.05301
1.04875
1.03895
1.03464
1.03491
1.03684
1.04006
1.04999
1.06742
1.07766
1.08292
1.0878
1.0924
1.0928
1.08271
1.07442
1.07268
1.07498
1.07905
1.0914
1.10702
1.11781
1.12563
1.13114
1.14342
1.56233
3.79789
0.839404
0.855644
0.864032
0.868566
0.87091
0.87207
0.873275
0.871569
0.864602
0.859522
0.859423
0.861377
0.863633
0.866215
0.871263
0.883713
0.896899
0.903878
0.907044
0.908291
0.908925
0.906552
0.897292
0.892081
0.892516
0.89533
0.898889
0.902926
0.91248
0.926666
0.934793
0.937956
0.93935
0.941032
0.940811
0.934337
0.928996
0.928171
0.9302
0.93298
0.936089
0.942201
0.954125
0.964467
0.970965
0.975348
0.978667
0.980828
0.978472
0.973622
0.97058
0.969952
0.970908
0.972389
0.974925
0.982906
0.994362
1.0037
1.01028
1.01579
1.0204
1.02264
1.01903
1.01093
1.00597
1.00463
1.00535
1.00878
1.01931
1.03518
1.04582
1.05205
1.05708
1.06043
1.05889
1.04759
1.03892
1.03613
1.0371
1.03988
1.04962
1.06884
1.08163
1.08805
1.09277
1.09751
1.09741
1.08897
1.08036
1.077
1.0788
1.08285
1.09441
1.11054
1.12289
1.13067
1.14508
1.57252
3.77282
0.837367
0.842204
0.849626
0.858539
0.865606
0.870982
0.87595
0.87986
0.881323
0.876898
0.868908
0.864547
0.864808
0.866879
0.869377
0.871966
0.878765
0.891596
0.901349
0.906796
0.911338
0.915015
0.915889
0.909686
0.902404
0.899995
0.900677
0.902186
0.903055
0.9068
0.917782
0.929334
0.937102
0.94261
0.946891
0.949822
0.947132
0.940336
0.936277
0.935086
0.935542
0.936829
0.939048
0.946329
0.958546
0.969748
0.977997
0.985055
0.990459
0.991455
0.986405
0.979013
0.973229
0.969431
0.968153
0.970266
0.977083
0.99143
1.00612
1.01691
1.02483
1.02979
1.03234
1.0291
1.01655
1.0064
1.00291
1.00358
1.00705
1.01726
1.03665
1.05151
1.05917
1.06344
1.06641
1.06522
1.05145
1.03928
1.03613
1.03819
1.04128
1.05182
1.07274
1.08588
1.0925
1.09759
1.10164
1.1002
1.09371
1.08495
1.08064
1.08216
1.08605
1.09724
1.11401
1.12627
1.14232
1.58722
3.74972
0.837884
0.836879
0.83773
0.84185
0.851993
0.865154
0.875955
0.882652
0.887091
0.889671
0.888101
0.879233
0.872083
0.86967
0.867675
0.86628
0.86802
0.873395
0.887662
0.90318
0.912996
0.91853
0.922363
0.924525
0.920795
0.911113
0.90399
0.900165
0.898843
0.899909
0.903144
0.913127
0.929083
0.941713
0.948774
0.953106
0.956631
0.95693
0.950301
0.942415
0.937205
0.934853
0.935171
0.93728
0.942592
0.956223
0.973909
0.986952
0.99399
0.998165
1.0001
0.995291
0.98183
0.970096
0.966855
0.968177
0.971024
0.97698
0.993211
1.01374
1.02605
1.03141
1.03427
1.03646
1.03263
1.01464
1.00352
1.00304
1.00601
1.01024
1.02191
1.04463
1.05839
1.06359
1.06652
1.06864
1.06481
1.05016
1.03987
1.03829
1.04081
1.04486
1.05829
1.07917
1.09077
1.09625
1.10076
1.1019
1.101
1.0972
1.08959
1.08501
1.08622
1.0895
1.09947
1.11577
1.13409
1.60343
3.73074
0.841406
0.83649
0.837179
0.839335
0.842333
0.850507
0.866909
0.881297
0.888912
0.892658
0.895226
0.895743
0.887209
0.873459
0.866722
0.866152
0.867884
0.870301
0.874608
0.888552
0.90773
0.919031
0.923692
0.926157
0.928327
0.927073
0.915269
0.903074
0.89933
0.900404
0.90267
0.90636
0.915173
0.931701
0.946066
0.953704
0.957582
0.960612
0.961694
0.955977
0.944535
0.936728
0.935752
0.9377
0.940782
0.945959
0.960844
0.982183
0.9941
0.998636
1.00098
1.00149
0.995386
0.978764
0.968947
0.968694
0.971481
0.975967
0.983224
1.00205
1.02234
1.03073
1.03392
1.03532
1.03466
1.02705
1.01232
1.00671
1.00847
1.01271
1.019
1.03102
1.04849
1.05837
1.06256
1.06493
1.06578
1.06267
1.05304
1.04515
1.04429
1.04731
1.05136
1.06391
1.08222
1.09217
1.09723
1.10008
1.1013
1.10233
1.10136
1.096
1.09061
1.08999
1.0929
1.10056
1.12327
1.61415
3.71455
0.851563
0.840234
0.838706
0.84048
0.843135
0.846656
0.853305
0.870792
0.886854
0.893207
0.895678
0.896669
0.895353
0.886896
0.874225
0.869197
0.869629
0.871993
0.875482
0.880259
0.892744
0.911157
0.921343
0.925217
0.927118
0.926559
0.923969
0.916494
0.907909
0.905073
0.906278
0.908778
0.911786
0.917689
0.93298
0.947938
0.955051
0.958301
0.959988
0.96077
0.958518
0.949361
0.942077
0.941643
0.944129
0.947839
0.952796
0.966223
0.984462
0.993369
0.996444
0.997679
0.998662
0.994774
0.981996
0.975495
0.976422
0.980021
0.984819
0.991555
1.00663
1.02132
1.02771
1.03027
1.03219
1.03342
1.02778
1.01862
1.01565
1.01767
1.0212
1.02443
1.03189
1.04534
1.05476
1.05981
1.0631
1.06588
1.06581
1.06029
1.05349
1.05125
1.05301
1.05613
1.06626
1.08204
1.09156
1.09678
1.10033
1.1034
1.10595
1.10784
1.10381
1.09671
1.09471
1.09524
1.10933
1.61152
3.7001
0.86309
0.85568
0.847051
0.845291
0.846802
0.849521
0.853052
0.858415
0.871414
0.884466
0.890185
0.892457
0.894107
0.895636
0.891806
0.881747
0.876751
0.876939
0.879323
0.882435
0.885987
0.893644
0.907194
0.91714
0.921913
0.924506
0.927038
0.928993
0.925144
0.91643
0.911881
0.912069
0.914286
0.917823
0.922
0.930979
0.944085
0.953192
0.958269
0.961574
0.964169
0.9645
0.95759
0.950321
0.949021
0.951068
0.954365
0.957699
0.964969
0.979366
0.99001
0.995362
0.998463
1.00117
1.00046
0.990761
0.984405
0.984059
0.986588
0.989498
0.992546
1.00261
1.01692
1.0257
1.03031
1.03351
1.03652
1.03552
1.02972
1.0252
1.02346
1.02389
1.02539
1.02916
1.03984
1.05159
1.05976
1.06511
1.06913
1.07253
1.07066
1.06205
1.05601
1.05556
1.05766
1.06456
1.07955
1.09137
1.0982
1.10312
1.10857
1.11285
1.11534
1.11092
1.10238
1.09655
1.10032
1.59664
3.68758
0.865587
0.868991
0.865253
0.857272
0.853271
0.853308
0.855081
0.856395
0.858103
0.865229
0.878312
0.888108
0.893481
0.896411
0.898704
0.898346
0.892853
0.887485
0.88531
0.885333
0.886018
0.886576
0.889263
0.899063
0.912701
0.922506
0.927757
0.93073
0.93312
0.933612
0.928236
0.921846
0.919454
0.918785
0.917623
0.919289
0.92542
0.939757
0.953083
0.960609
0.965081
0.969354
0.972298
0.969631
0.961446
0.957037
0.955429
0.953603
0.954643
0.959787
0.974285
0.98912
0.997923
1.00317
1.00723
1.00873
1.00161
0.992975
0.988824
0.987675
0.988383
0.99054
0.998495
1.0138
1.02575
1.03355
1.03958
1.044
1.04504
1.03921
1.03032
1.02441
1.02226
1.0227
1.02589
1.03622
1.05093
1.06242
1.07099
1.07756
1.08118
1.07973
1.06714
1.05675
1.0544
1.05614
1.06258
1.07955
1.09457
1.10345
1.1101
1.11565
1.12008
1.12183
1.11549
1.10232
1.09691
1.57722
3.67662
0.865192
0.873669
0.876791
0.876117
0.868406
0.860414
0.856281
0.85532
0.855708
0.856925
0.860804
0.872704
0.886099
0.894515
0.900136
0.905103
0.90764
0.905437
0.897741
0.890157
0.885731
0.884959
0.885888
0.887994
0.894397
0.908778
0.922034
0.930318
0.937348
0.941988
0.943955
0.939039
0.927393
0.919106
0.916746
0.917469
0.919754
0.923992
0.936531
0.952873
0.964765
0.973058
0.978693
0.98166
0.979511
0.967737
0.956776
0.952696
0.953097
0.955243
0.958995
0.972293
0.991315
1.00344
1.0094
1.01343
1.01538
1.00918
0.996929
0.988876
0.987155
0.98825
0.990413
0.996716
1.01356
1.03061
1.04084
1.04614
1.04931
1.05026
1.04383
1.03055
1.02221
1.02105
1.02297
1.02622
1.03576
1.0544
1.07057
1.07902
1.08335
1.0864
1.08368
1.06631
1.0548
1.05457
1.05821
1.06576
1.08525
1.10214
1.1107
1.11636
1.12126
1.12569
1.12525
1.11329
1.09875
1.55878
3.66712
0.861042
0.87513
0.878436
0.880929
0.881957
0.87634
0.865441
0.857821
0.85553
0.856228
0.857962
0.860929
0.870291
0.887042
0.900182
0.906268
0.90933
0.91144
0.911464
0.904069
0.892865
0.886466
0.885687
0.887428
0.890173
0.894985
0.908838
0.927833
0.938537
0.943012
0.945565
0.947405
0.943264
0.929021
0.919439
0.917451
0.919279
0.922125
0.925849
0.937325
0.95922
0.973399
0.979063
0.982273
0.984715
0.982291
0.9681
0.956247
0.953536
0.955181
0.957857
0.962266
0.976676
0.997468
1.00865
1.01322
1.01622
1.01639
1.01071
0.998306
0.989397
0.988103
0.989953
0.992836
1.00055
1.02151
1.03881
1.04551
1.04872
1.05022
1.05024
1.0432
1.02946
1.02227
1.02242
1.0255
1.02979
1.04142
1.06384
1.07764
1.08285
1.08569
1.0875
1.08015
1.06259
1.05595
1.05833
1.06312
1.07408
1.09506
1.10883
1.11533
1.12021
1.12483
1.12817
1.12349
1.10887
1.5435
3.65882
0.850198
0.87077
0.877577
0.880667
0.882671
0.883346
0.879991
0.869246
0.859877
0.85765
0.858872
0.861304
0.865779
0.87419
0.889258
0.901756
0.907575
0.91018
0.911529
0.912739
0.908639
0.896786
0.889588
0.88932
0.891765
0.89609
0.902335
0.913941
0.930192
0.939605
0.943576
0.945654
0.947369
0.945141
0.931075
0.92148
0.920749
0.923516
0.927993
0.93408
0.944832
0.963251
0.974694
0.979298
0.981773
0.983421
0.981555
0.970259
0.960286
0.958797
0.961127
0.964446
0.9687
0.980787
0.998412
1.00822
1.01232
1.01484
1.0164
1.0137
1.00145
0.992758
0.992597
0.995411
1.00048
1.01007
1.02736
1.0398
1.04484
1.04716
1.04877
1.04996
1.04417
1.0314
1.02629
1.02814
1.03272
1.03835
1.04928
1.06761
1.07768
1.08159
1.08402
1.08565
1.07805
1.06655
1.06377
1.06757
1.07247
1.08204
1.09874
1.10989
1.11606
1.12086
1.12576
1.12819
1.12258
1.53563
3.65043
0.842237
0.855194
0.86878
0.876269
0.879635
0.881311
0.882573
0.882527
0.875813
0.867361
0.864816
0.865974
0.868103
0.870548
0.874712
0.885582
0.898478
0.906183
0.910008
0.912123
0.913839
0.913
0.90448
0.89784
0.897169
0.899486
0.90227
0.905083
0.912366
0.927349
0.938356
0.943491
0.946108
0.947869
0.946928
0.936834
0.929514
0.929093
0.931741
0.934474
0.937149
0.944997
0.961444
0.972954
0.978285
0.981292
0.983966
0.984295
0.977371
0.969028
0.966268
0.967282
0.969424
0.972247
0.980446
0.995638
1.00668
1.01228
1.01538
1.01657
1.0156
1.00776
1.00095
1.00038
1.00265
1.00582
1.01226
1.02645
1.0383
1.04401
1.04697
1.04879
1.05064
1.04837
1.03911
1.0345
1.03496
1.03743
1.04042
1.05008
1.06669
1.0762
1.08073
1.0839
1.0871
1.08428
1.07645
1.07268
1.07368
1.07674
1.08297
1.09744
1.10891
1.11585
1.12164
1.12665
1.13428
1.53722
3.6404
0.842358
0.845706
0.851848
0.863129
0.873032
0.879131
0.882792
0.885428
0.887763
0.886093
0.877863
0.871451
0.869612
0.870472
0.872032
0.87363
0.879745
0.893185
0.904742
0.911112
0.915186
0.918821
0.920832
0.916177
0.90709
0.902589
0.902548
0.904609
0.906454
0.910153
0.922387
0.936014
0.943573
0.947561
0.951011
0.953698
0.948334
0.938871
0.934625
0.934826
0.936822
0.938868
0.943584
0.957256
0.970644
0.978441
0.98339
0.987958
0.991435
0.987835
0.977865
0.97156
0.970409
0.971526
0.973229
0.977891
0.991376
1.00459
1.01188
1.01659
1.02156
1.02424
1.01885
1.00922
1.00486
1.0049
1.00693
1.01112
1.02363
1.03669
1.04361
1.04789
1.05286
1.05663
1.05664
1.04711
1.03884
1.03674
1.03859
1.04107
1.04884
1.06428
1.07523
1.08249
1.08942
1.09455
1.09355
1.08403
1.07662
1.07589
1.07863
1.08327
1.09462
1.1075
1.1175
1.12503
1.13835
1.54721
3.62834
0.844653
0.843773
0.845386
0.848828
0.85778
0.870586
0.880442
0.887209
0.891941
0.89459
0.894876
0.887305
0.877731
0.872704
0.8704
0.87038
0.872512
0.876928
0.889356
0.904522
0.915091
0.922114
0.926327
0.928639
0.92571
0.914969
0.907486
0.904598
0.903749
0.905276
0.90856
0.91921
0.935554
0.946991
0.954004
0.95829
0.960886
0.957121
0.946342
0.939465
0.936884
0.936501
0.938204
0.942039
0.954322
0.970724
0.982851
0.990614
0.9949
0.997315
0.994927
0.984475
0.975612
0.971311
0.970317
0.972131
0.97638
0.988814
1.00529
1.01755
1.02522
1.02939
1.03154
1.02654
1.01402
1.00612
1.00379
1.00569
1.01009
1.02233
1.03778
1.04856
1.05509
1.05871
1.06121
1.06159
1.05202
1.04183
1.03732
1.03685
1.03922
1.04674
1.06488
1.08083
1.09005
1.09517
1.09886
1.0967
1.08834
1.08068
1.07793
1.07839
1.08185
1.09228
1.10985
1.12358
1.13982
1.56445
3.61818
0.855416
0.847746
0.847155
0.848727
0.851218
0.856167
0.866774
0.880031
0.889559
0.894429
0.896899
0.898491
0.89539
0.885134
0.875974
0.872796
0.873603
0.875793
0.878852
0.887582
0.903998
0.91796
0.925149
0.928777
0.931425
0.931561
0.923387
0.912428
0.90692
0.906807
0.908611
0.91129
0.91869
0.934724
0.949093
0.956536
0.96059
0.963652
0.962708
0.95457
0.944672
0.939684
0.939831
0.94167
0.944859
0.954074
0.971705
0.986117
0.992964
0.996705
0.998752
0.998686
0.990823
0.979161
0.973288
0.973217
0.975663
0.97926
0.988496
1.00648
1.02131
1.02817
1.03143
1.0336
1.03053
1.01669
1.00762
1.00674
1.00954
1.0133
1.02313
1.03933
1.05052
1.0563
1.06005
1.06334
1.0643
1.05465
1.04241
1.03821
1.03939
1.04183
1.04987
1.06974
1.08398
1.09093
1.09651
1.09896
1.09745
1.09299
1.08473
1.07944
1.0805
1.08436
1.0964
1.1135
1.13214
1.58241
3.60863
)
;

boundaryField
{
    back
    {
        type            empty;
    }
    outlet
    {
        type            zeroGradient;
    }
    top
    {
        type            zeroGradient;
    }
    inlet
    {
        type            fixedValue;
        value           uniform 1;
    }
    bottom
    {
        type            zeroGradient;
    }
    front
    {
        type            empty;
    }
}


// ************************************************************************* //
