/*--------------------------------*- C++ -*----------------------------------*\
  =========                 |
  \\      /  F ield         | OpenFOAM: The Open Source CFD Toolbox
   \\    /   O peration     | Website:  https://openfoam.org
    \\  /    A nd           | Version:  12
     \\/     M anipulation  |
\*---------------------------------------------------------------------------*/
FoamFile
{
    format      ascii;
    class       volScalarField;
    location    "29.5";
    object      rho;
}
// * * * * * * * * * * * * * * * * * * * * * * * * * * * * * * * * * * * * * //

dimensions      [1 -3 0 0 0 0 0];

internalField   nonuniform List<scalar> 
9801
(
1.16769
1.19742
1.19614
1.18885
1.17486
1.16811
1.17176
1.17707
1.18376
1.19153
1.20034
1.21669
1.26801
1.31197
1.3199
1.31786
1.30393
1.25246
1.19092
1.17671
1.18434
1.20264
1.23515
1.28334
1.33939
1.38354
1.40757
1.41328
1.41258
1.39834
1.3585
1.32108
1.31606
1.32274
1.3313
1.33805
1.34481
1.3526
1.36301
1.38492
1.4306
1.47299
1.49224
1.50171
1.50795
1.49808
1.44641
1.40896
1.40541
1.4106
1.41868
1.43524
1.47919
1.53418
1.56048
1.57087
1.57715
1.58054
1.57365
1.55668
1.55161
1.55546
1.5623
1.57018
1.58355
1.61589
1.64435
1.65739
1.66642
1.67515
1.68111
1.68661
1.69058
1.69477
1.70522
1.72088
1.76632
1.82755
1.85766
1.87216
1.88067
1.87902
1.86454
1.84637
1.84502
1.86531
1.89585
1.94385
2.05958
2.18168
2.24679
2.28588
2.32193
2.33783
2.31607
2.29239
2.22878
4.95853
26.9246
1.1559
1.16554
1.18611
1.20072
1.20511
1.20379
1.19608
1.19097
1.19327
1.19786
1.20357
1.21564
1.25025
1.2896
1.31051
1.31714
1.30805
1.27757
1.24711
1.2233
1.21517
1.22053
1.23555
1.25926
1.30198
1.36002
1.39297
1.40681
1.41227
1.41063
1.40094
1.37458
1.34014
1.32394
1.3243
1.33053
1.3383
1.34599
1.35429
1.37559
1.43022
1.47292
1.49131
1.50192
1.50941
1.50092
1.46082
1.4337
1.42696
1.42805
1.43244
1.44101
1.4712
1.52214
1.55396
1.56738
1.5762
1.58148
1.57989
1.56976
1.56136
1.5602
1.56566
1.57357
1.58485
1.61188
1.64075
1.66224
1.67891
1.69001
1.69634
1.68683
1.67996
1.68893
1.70139
1.7165
1.74894
1.80147
1.83543
1.8555
1.87233
1.89025
1.88161
1.84781
1.84008
1.85938
1.88885
1.92954
2.00773
2.10216
2.16708
2.21315
2.25866
2.2815
2.26441
2.23585
2.12759
4.56476
26.8376
1.15173
1.15409
1.16857
1.18867
1.1995
1.20444
1.20152
1.19782
1.19896
1.20271
1.20806
1.22305
1.24505
1.2633
1.27489
1.27578
1.26568
1.25841
1.25663
1.25954
1.26192
1.26427
1.26595
1.26912
1.27883
1.31209
1.35015
1.36902
1.37863
1.38655
1.39266
1.39448
1.37616
1.34365
1.32826
1.32916
1.33359
1.33958
1.34676
1.36517
1.41922
1.46403
1.48177
1.49127
1.49653
1.48543
1.45293
1.43405
1.43132
1.43409
1.43901
1.44705
1.47043
1.50892
1.53784
1.5546
1.56597
1.57463
1.58028
1.57479
1.56153
1.55663
1.55649
1.56044
1.56806
1.59187
1.62852
1.65614
1.67519
1.68889
1.69804
1.68671
1.66539
1.6612
1.66788
1.68002
1.70456
1.75848
1.80448
1.83254
1.85198
1.86805
1.86553
1.83605
1.81925
1.82568
1.84597
1.87352
1.91437
1.99593
2.07843
2.13639
2.18469
2.22172
2.2155
2.19413
2.09196
4.24064
26.2823
1.15195
1.15234
1.15782
1.17066
1.18711
1.19702
1.2016
1.20081
1.20216
1.20584
1.21025
1.2162
1.22219
1.22565
1.22956
1.236
1.24594
1.26128
1.28031
1.29215
1.29809
1.29745
1.28858
1.27237
1.26181
1.26323
1.28436
1.32219
1.35476
1.37755
1.39013
1.3966
1.38894
1.36057
1.33487
1.32463
1.32615
1.33058
1.33701
1.35648
1.40472
1.44347
1.46125
1.47073
1.47616
1.46721
1.44393
1.431
1.42862
1.43103
1.43536
1.44083
1.4554
1.48912
1.51913
1.53993
1.55599
1.56854
1.57846
1.5711
1.54607
1.53086
1.52991
1.53549
1.54372
1.56627
1.61012
1.64323
1.66116
1.67306
1.68253
1.67264
1.63818
1.61944
1.62194
1.63443
1.65852
1.70995
1.75892
1.78624
1.80385
1.81983
1.83326
1.82231
1.79706
1.77903
1.77824
1.79467
1.82179
1.87224
1.94681
2.00955
2.06181
2.11113
2.12609
2.12834
2.05349
4.07352
25.7049
1.16674
1.16551
1.16039
1.15928
1.16429
1.17296
1.18318
1.18972
1.19302
1.19514
1.19639
1.19598
1.19465
1.19574
1.20051
1.21697
1.24717
1.27649
1.28917
1.29632
1.29805
1.29154
1.27218
1.25041
1.24286
1.24312
1.25137
1.28861
1.33393
1.36035
1.37363
1.38089
1.38093
1.35353
1.32366
1.31566
1.3176
1.32204
1.32974
1.35383
1.3926
1.41926
1.43396
1.44256
1.44567
1.43442
1.41745
1.41034
1.41013
1.41319
1.41804
1.42439
1.44174
1.47764
1.50687
1.52513
1.5384
1.54877
1.55571
1.54435
1.51211
1.49602
1.49701
1.50408
1.51329
1.53601
1.58366
1.62053
1.63971
1.65246
1.66338
1.65995
1.61841
1.58581
1.58336
1.59425
1.61228
1.65211
1.70408
1.73873
1.76154
1.78239
1.8018
1.81024
1.78757
1.75538
1.73133
1.7297
1.74971
1.78046
1.8409
1.9121
1.9728
2.02607
2.05932
2.07915
2.02272
4.0009
25.2742
1.18403
1.19057
1.17802
1.1579
1.14383
1.13947
1.14483
1.15927
1.17237
1.1785
1.17986
1.17695
1.17612
1.17906
1.18901
1.21901
1.25716
1.27544
1.28505
1.2917
1.28995
1.26284
1.23463
1.22518
1.22605
1.22953
1.23859
1.27171
1.30979
1.33268
1.34545
1.35345
1.35585
1.33562
1.31245
1.3067
1.30907
1.31426
1.32629
1.35282
1.37835
1.39327
1.40268
1.40806
1.40832
1.39863
1.3886
1.38741
1.39052
1.39509
1.40148
1.41283
1.43849
1.47336
1.49514
1.50674
1.51489
1.51926
1.51923
1.50537
1.47917
1.46699
1.4699
1.47768
1.48785
1.51389
1.56633
1.60548
1.62496
1.6372
1.64687
1.64328
1.60049
1.55939
1.55031
1.55938
1.57409
1.60049
1.64986
1.70179
1.73817
1.76395
1.78334
1.7969
1.78584
1.7486
1.71917
1.70595
1.70953
1.73164
1.77184
1.83686
1.89955
1.94779
1.98398
2.01787
2.01601
4.01011
25.0521
1.18679
1.19935
1.19859
1.17223
1.13528
1.12383
1.12352
1.12718
1.13823
1.15026
1.15701
1.16086
1.16491
1.17394
1.20055
1.23523
1.25573
1.26682
1.27362
1.27647
1.25328
1.22038
1.20996
1.21167
1.21574
1.22158
1.23646
1.26699
1.2935
1.30799
1.31692
1.32272
1.3203
1.30915
1.30223
1.30227
1.30596
1.31343
1.32925
1.34924
1.36269
1.36973
1.37348
1.37615
1.3772
1.37282
1.36784
1.37088
1.37744
1.38525
1.39458
1.41027
1.43726
1.46421
1.47835
1.48593
1.48728
1.48601
1.48618
1.47803
1.45433
1.44193
1.44602
1.45508
1.46676
1.49628
1.55562
1.59986
1.61998
1.63121
1.63759
1.62609
1.5863
1.54897
1.53191
1.53235
1.5446
1.56225
1.59517
1.6588
1.72201
1.75731
1.77519
1.78897
1.79178
1.76417
1.72525
1.7007
1.69469
1.70848
1.73564
1.78453
1.84688
1.89395
1.92367
1.95616
1.9841
4.06507
24.9943
1.18527
1.19867
1.19063
1.17127
1.14167
1.12422
1.12091
1.12002
1.11769
1.11977
1.12821
1.14023
1.1534
1.17858
1.22293
1.2505
1.25932
1.26352
1.26519
1.24555
1.21207
1.19695
1.19638
1.20035
1.20609
1.21631
1.2363
1.26227
1.2798
1.28821
1.29282
1.29367
1.29106
1.28996
1.29129
1.29666
1.30637
1.32002
1.33011
1.33934
1.34533
1.34786
1.34985
1.3535
1.3582
1.36143
1.36089
1.36418
1.3719
1.38548
1.40437
1.41743
1.43162
1.44644
1.4555
1.45985
1.46081
1.46369
1.46895
1.46854
1.44544
1.42547
1.42594
1.43566
1.4493
1.48138
1.54918
1.60055
1.61951
1.62945
1.62993
1.61209
1.58047
1.54802
1.52857
1.52266
1.52631
1.53932
1.56083
1.60536
1.68081
1.73905
1.76579
1.78138
1.79381
1.78858
1.75097
1.71234
1.69667
1.69803
1.7168
1.74838
1.80294
1.85484
1.88476
1.90986
1.93848
4.10378
24.9829
1.15983
1.17764
1.17553
1.17189
1.16329
1.14534
1.13043
1.11936
1.10985
1.10743
1.11066
1.11799
1.13456
1.17942
1.23237
1.25428
1.26141
1.26462
1.25004
1.2186
1.19963
1.19357
1.19462
1.1987
1.20468
1.21309
1.22623
1.24525
1.26021
1.26865
1.27283
1.27554
1.28216
1.28861
1.29518
1.3035
1.3131
1.31843
1.3203
1.31788
1.31871
1.32507
1.3321
1.33934
1.34919
1.35773
1.36523
1.37221
1.38328
1.39718
1.405
1.41192
1.41583
1.41938
1.42786
1.43526
1.44165
1.449
1.457
1.46173
1.44388
1.42118
1.4165
1.42242
1.43477
1.46441
1.52794
1.58658
1.60999
1.61704
1.61182
1.60172
1.58482
1.55807
1.53717
1.52976
1.53278
1.54296
1.55664
1.57213
1.61442
1.69213
1.74471
1.76914
1.78557
1.79548
1.77858
1.7397
1.71083
1.70243
1.7098
1.72786
1.76545
1.82044
1.85314
1.87031
1.89511
4.11494
24.9801
1.10713
1.14683
1.16315
1.1718
1.17733
1.17721
1.15785
1.12765
1.11122
1.10914
1.11206
1.11608
1.12603
1.1725
1.22808
1.24837
1.25292
1.24704
1.22974
1.21468
1.20285
1.19754
1.20009
1.20611
1.21242
1.21541
1.21578
1.218
1.23142
1.2489
1.25987
1.27096
1.28543
1.30051
1.31016
1.31489
1.31386
1.30516
1.29206
1.28626
1.28947
1.30319
1.31956
1.33301
1.34715
1.36529
1.37967
1.38759
1.38959
1.39159
1.39344
1.38787
1.38346
1.38627
1.40147
1.42256
1.43487
1.4425
1.4499
1.45405
1.44494
1.42726
1.42289
1.4299
1.44416
1.46071
1.48773
1.53637
1.57308
1.5885
1.59351
1.59496
1.59344
1.57886
1.5572
1.54576
1.54451
1.54695
1.54992
1.55829
1.573
1.62136
1.6963
1.74085
1.76424
1.78277
1.7878
1.76717
1.73851
1.71942
1.71592
1.72658
1.74392
1.78286
1.81785
1.83094
1.85534
4.11988
24.9818
1.06852
1.10134
1.14947
1.17171
1.17982
1.18507
1.18393
1.15341
1.12125
1.11499
1.11793
1.12275
1.13529
1.1659
1.20132
1.22004
1.22594
1.22616
1.22601
1.22236
1.21668
1.2128
1.21323
1.21559
1.21503
1.20693
1.19941
1.19895
1.20468
1.22393
1.25143
1.27845
1.30154
1.31474
1.32265
1.32576
1.31086
1.27874
1.26062
1.25887
1.26383
1.27984
1.30851
1.33785
1.36255
1.37711
1.38599
1.39163
1.38944
1.37797
1.36241
1.3546
1.35529
1.36057
1.37774
1.40987
1.42911
1.43792
1.44434
1.44952
1.45138
1.44211
1.43523
1.4377
1.44549
1.45445
1.46089
1.47372
1.5126
1.55104
1.5732
1.58594
1.5954
1.59871
1.58819
1.57351
1.5627
1.55475
1.54973
1.55046
1.5583
1.57578
1.63126
1.69768
1.73561
1.75948
1.77925
1.77728
1.76363
1.74962
1.73826
1.7361
1.74226
1.74882
1.77053
1.78728
1.81626
4.13703
24.9662
1.0602
1.08767
1.13582
1.16677
1.17991
1.18685
1.18993
1.17038
1.13796
1.12676
1.1282
1.13304
1.14232
1.15625
1.17234
1.18901
1.20244
1.21563
1.2261
1.2324
1.23489
1.23112
1.22495
1.21835
1.20506
1.19307
1.18934
1.19145
1.19562
1.20948
1.25045
1.29473
1.31436
1.32295
1.32916
1.32764
1.29426
1.25407
1.24313
1.24542
1.25125
1.26739
1.3053
1.34846
1.36829
1.37693
1.38306
1.38828
1.38413
1.36222
1.34121
1.33271
1.33499
1.34145
1.3541
1.3847
1.41602
1.43211
1.44163
1.45115
1.46016
1.46335
1.45271
1.44403
1.44141
1.43886
1.43689
1.44149
1.45734
1.49826
1.54246
1.5713
1.5903
1.6045
1.61684
1.61426
1.59687
1.57678
1.55879
1.54938
1.55212
1.56366
1.58335
1.63514
1.6893
1.72348
1.74885
1.76843
1.77097
1.77297
1.77322
1.76638
1.75168
1.7361
1.72633
1.73008
1.76819
4.18705
24.9164
1.05837
1.10095
1.14399
1.16313
1.17428
1.1827
1.18603
1.16876
1.14814
1.14065
1.14004
1.14186
1.14429
1.14748
1.15705
1.17222
1.19237
1.21315
1.22732
1.23427
1.23905
1.24181
1.23409
1.2125
1.19429
1.18789
1.18894
1.19255
1.1968
1.21204
1.26572
1.30644
1.31932
1.32603
1.32936
1.31434
1.26884
1.24199
1.23878
1.24222
1.24735
1.26718
1.31943
1.35535
1.36985
1.37711
1.38108
1.37601
1.37015
1.3594
1.341
1.32969
1.3274
1.33101
1.33676
1.35068
1.38802
1.42335
1.44457
1.45999
1.47215
1.48024
1.47462
1.45208
1.4365
1.42926
1.42453
1.42458
1.43172
1.44748
1.48834
1.53909
1.57742
1.6052
1.62571
1.63854
1.64179
1.62515
1.59277
1.56536
1.55602
1.55923
1.56988
1.58765
1.62786
1.67286
1.70835
1.7377
1.76142
1.77883
1.79305
1.79644
1.77994
1.74446
1.71015
1.68632
1.69066
4.24998
24.8802
1.06531
1.12384
1.15702
1.16682
1.17253
1.17696
1.16983
1.15426
1.14717
1.14576
1.14601
1.14686
1.14854
1.15104
1.15629
1.17017
1.19579
1.21741
1.22842
1.23477
1.23925
1.24229
1.23646
1.21013
1.19142
1.18813
1.19111
1.1953
1.20037
1.22698
1.28409
1.31184
1.32072
1.32605
1.32072
1.28487
1.25363
1.24166
1.2403
1.24438
1.25483
1.28488
1.32459
1.35587
1.37032
1.37497
1.37162
1.37014
1.37126
1.36715
1.353
1.33786
1.32868
1.32273
1.32306
1.32929
1.3496
1.40238
1.4494
1.47499
1.4884
1.49672
1.49826
1.47477
1.44411
1.42984
1.4249
1.42251
1.42165
1.42763
1.44108
1.47932
1.5406
1.59073
1.62186
1.64521
1.66134
1.66692
1.64527
1.6021
1.57136
1.56245
1.56639
1.57464
1.58769
1.61483
1.65509
1.69787
1.73768
1.76829
1.78767
1.7967
1.79297
1.76844
1.72315
1.67959
1.62668
4.26515
24.9259
1.07813
1.14221
1.16354
1.1711
1.17494
1.16945
1.15373
1.1466
1.14616
1.14642
1.14684
1.14721
1.14969
1.1543
1.1586
1.17105
1.19976
1.22068
1.22855
1.23307
1.2374
1.24181
1.23838
1.21287
1.1939
1.19108
1.1946
1.19977
1.21121
1.25238
1.29688
1.31547
1.32132
1.31963
1.29438
1.2668
1.25309
1.24789
1.25154
1.26164
1.28212
1.30055
1.31571
1.33667
1.35351
1.36299
1.37078
1.3782
1.38336
1.38686
1.37901
1.35396
1.32959
1.31522
1.31392
1.31931
1.32888
1.37003
1.44397
1.48644
1.50415
1.51396
1.51579
1.50483
1.4725
1.44455
1.43184
1.42544
1.42207
1.42302
1.42929
1.44122
1.47864
1.55484
1.61404
1.64216
1.65859
1.66998
1.66872
1.641
1.60214
1.57622
1.5682
1.57064
1.57632
1.58499
1.60548
1.65326
1.70575
1.7424
1.76582
1.77962
1.78035
1.77106
1.74389
1.69231
1.61132
4.21818
25.034
1.09346
1.1451
1.16333
1.1678
1.16405
1.15239
1.14713
1.14836
1.14931
1.15174
1.15356
1.15524
1.15915
1.16068
1.16201
1.16648
1.1892
1.21713
1.22903
1.23444
1.23961
1.24417
1.2422
1.21973
1.20299
1.2017
1.20622
1.21245
1.22977
1.26719
1.29896
1.31011
1.31087
1.29567
1.27689
1.2691
1.26517
1.26876
1.27764
1.29125
1.3025
1.30627
1.30548
1.30907
1.32981
1.36003
1.38008
1.39161
1.39909
1.40522
1.40417
1.37419
1.33309
1.31707
1.31648
1.32124
1.33002
1.35128
1.41716
1.48556
1.51106
1.51929
1.5209
1.52079
1.51127
1.47906
1.45222
1.43853
1.43057
1.42636
1.42728
1.43422
1.44639
1.49592
1.58077
1.6297
1.6506
1.66414
1.66675
1.65162
1.62551
1.59872
1.57847
1.56911
1.56876
1.57214
1.57934
1.61151
1.67217
1.7155
1.73954
1.75604
1.75952
1.75509
1.7454
1.71117
1.64306
4.13416
25.1743
1.10359
1.13129
1.14183
1.1442
1.14313
1.1438
1.14983
1.15779
1.16592
1.1719
1.17334
1.17182
1.16561
1.1598
1.15755
1.15814
1.16693
1.20125
1.22972
1.24218
1.24815
1.25288
1.25411
1.23445
1.21408
1.21166
1.21683
1.225
1.24142
1.26546
1.28504
1.2906
1.28476
1.27429
1.27511
1.28099
1.29215
1.30309
1.30898
1.31116
1.30954
1.30164
1.29591
1.29826
1.31064
1.35243
1.38724
1.40149
1.41053
1.41653
1.41854
1.39966
1.35328
1.32848
1.32713
1.33399
1.34706
1.36226
1.38827
1.45118
1.50081
1.51874
1.52242
1.52076
1.52307
1.51982
1.49483
1.46633
1.44508
1.43383
1.43407
1.44231
1.45316
1.47099
1.5308
1.59807
1.62769
1.64249
1.65098
1.64471
1.63027
1.61464
1.59623
1.57671
1.56492
1.56208
1.56456
1.58047
1.63502
1.68748
1.71528
1.7312
1.73653
1.73159
1.72801
1.71379
1.69251
4.06073
25.3111
1.10005
1.10553
1.10637
1.11534
1.12931
1.1456
1.16334
1.18126
1.19358
1.20151
1.20285
1.18479
1.16296
1.1492
1.1454
1.14695
1.15075
1.17488
1.22383
1.2479
1.25621
1.2615
1.26462
1.25138
1.22881
1.2233
1.22789
1.23654
1.24231
1.24827
1.25366
1.25954
1.26514
1.2715
1.28458
1.30551
1.32373
1.33403
1.33916
1.32988
1.31004
1.29501
1.29101
1.29429
1.30113
1.3325
1.38218
1.40582
1.41591
1.42075
1.42187
1.41763
1.39026
1.35677
1.34674
1.34908
1.35702
1.36899
1.38161
1.40556
1.45974
1.49962
1.51521
1.52148
1.52935
1.53806
1.53838
1.51112
1.47651
1.45481
1.44919
1.45445
1.46419
1.47593
1.49947
1.54895
1.58745
1.60669
1.61947
1.62566
1.62041
1.6166
1.61219
1.59891
1.57591
1.56157
1.55827
1.56496
1.59426
1.65043
1.69056
1.70779
1.71439
1.7085
1.7039
1.69937
1.69442
4.06681
25.4041
1.08898
1.07547
1.07721
1.08838
1.1162
1.15453
1.19038
1.20893
1.21736
1.22271
1.21964
1.19085
1.15073
1.13608
1.13615
1.13975
1.14484
1.16109
1.20959
1.24762
1.25881
1.26379
1.26611
1.2662
1.25611
1.24547
1.24361
1.24382
1.23438
1.21967
1.21691
1.22581
1.24912
1.28086
1.31261
1.33172
1.34045
1.34686
1.35035
1.34478
1.31848
1.29383
1.28835
1.2906
1.29581
1.30968
1.35122
1.39281
1.41025
1.41893
1.42528
1.43144
1.42511
1.3919
1.36584
1.35962
1.36242
1.37436
1.38765
1.39638
1.41005
1.44272
1.48465
1.51626
1.53371
1.5416
1.54687
1.55083
1.53135
1.49589
1.47498
1.47108
1.47658
1.48433
1.49339
1.5092
1.53682
1.55969
1.57704
1.59162
1.60128
1.60816
1.6169
1.62348
1.61003
1.58201
1.56387
1.55798
1.56567
1.59955
1.65045
1.68196
1.69091
1.68462
1.68158
1.67986
1.69093
4.09249
25.4835
1.07882
1.06543
1.06806
1.07475
1.11192
1.17961
1.21405
1.22419
1.22951
1.2282
1.21283
1.17482
1.14274
1.13391
1.13541
1.13918
1.14644
1.16045
1.19304
1.23204
1.2511
1.2595
1.26665
1.27368
1.27944
1.27502
1.25752
1.23149
1.20494
1.19559
1.19715
1.20389
1.23542
1.29806
1.33718
1.35062
1.35687
1.35408
1.34444
1.33342
1.31858
1.29831
1.28769
1.28704
1.28994
1.29551
1.3116
1.35812
1.40014
1.41945
1.43129
1.44018
1.44271
1.4265
1.39287
1.37537
1.37378
1.38347
1.39361
1.39577
1.38535
1.38648
1.41259
1.46798
1.51111
1.53396
1.55244
1.56688
1.57223
1.55275
1.5168
1.49546
1.48878
1.4879
1.4894
1.4924
1.49926
1.51159
1.52947
1.55411
1.58138
1.60555
1.62481
1.63877
1.64549
1.62275
1.58195
1.56089
1.55886
1.56993
1.59739
1.64072
1.66334
1.66263
1.65788
1.6506
1.68159
4.15408
25.5262
1.07253
1.06719
1.07056
1.0805
1.13733
1.20249
1.22185
1.22873
1.23037
1.21657
1.18428
1.15711
1.14157
1.13618
1.13778
1.14183
1.15029
1.16358
1.17995
1.20784
1.23875
1.25927
1.27225
1.27949
1.28521
1.28837
1.26636
1.21143
1.18719
1.18687
1.19086
1.20232
1.24057
1.30623
1.3423
1.3547
1.36093
1.35399
1.33579
1.32659
1.31941
1.30603
1.29239
1.28709
1.28784
1.29142
1.29771
1.31921
1.37463
1.41797
1.43399
1.43946
1.43772
1.43846
1.43039
1.40884
1.39795
1.39782
1.40019
1.39172
1.36726
1.35856
1.36457
1.39217
1.46089
1.52524
1.55773
1.57316
1.58061
1.57932
1.55769
1.52712
1.50695
1.49705
1.49202
1.48753
1.48271
1.48436
1.49275
1.51744
1.56597
1.60834
1.63375
1.65018
1.66238
1.65455
1.61409
1.57443
1.56026
1.56565
1.57211
1.5913
1.62582
1.63818
1.63436
1.62569
1.65587
4.26467
25.538
1.07428
1.0738
1.07753
1.10898
1.17959
1.21439
1.22501
1.22917
1.21754
1.18116
1.15844
1.15006
1.14549
1.14267
1.14491
1.15061
1.15983
1.16817
1.17515
1.1905
1.22806
1.26066
1.27451
1.28034
1.28466
1.28022
1.24079
1.19942
1.18729
1.18903
1.19609
1.22462
1.27051
1.30484
1.33118
1.34273
1.34056
1.32745
1.32457
1.32852
1.32975
1.3206
1.3047
1.29454
1.29183
1.29392
1.29869
1.3053
1.32631
1.37887
1.41564
1.42857
1.43396
1.44146
1.45155
1.45595
1.43846
1.41826
1.40141
1.37798
1.35639
1.34953
1.35235
1.35989
1.39034
1.47734
1.54288
1.56476
1.57361
1.57506
1.56763
1.55684
1.54228
1.52481
1.50635
1.48871
1.47598
1.47065
1.47313
1.48758
1.54401
1.60459
1.63607
1.65379
1.66524
1.66194
1.64303
1.6061
1.57693
1.56691
1.5669
1.56519
1.57426
1.59635
1.60772
1.60156
1.63362
4.40346
25.5751
1.07338
1.07729
1.10167
1.16505
1.2046
1.21884
1.22336
1.21191
1.17582
1.15293
1.14853
1.15083
1.15294
1.15331
1.15578
1.16197
1.16949
1.17695
1.18301
1.18981
1.21947
1.25748
1.27172
1.27588
1.27083
1.24556
1.21661
1.1983
1.19379
1.19963
1.22747
1.26899
1.2846
1.2898
1.29372
1.30053
1.31168
1.32126
1.32804
1.33349
1.34014
1.34346
1.32991
1.31212
1.30307
1.30039
1.30087
1.30254
1.30515
1.32136
1.37092
1.41386
1.43662
1.45148
1.46675
1.47501
1.47689
1.45146
1.40956
1.37705
1.35728
1.35125
1.35564
1.36517
1.38391
1.42446
1.48803
1.52625
1.5414
1.55216
1.56224
1.56827
1.56981
1.55912
1.53136
1.49645
1.47264
1.4653
1.46726
1.47532
1.51426
1.58137
1.62855
1.64979
1.66063
1.65927
1.65221
1.63498
1.60883
1.58924
1.57478
1.55609
1.53795
1.53731
1.56396
1.5849
1.62413
4.5385
25.637
1.07789
1.09938
1.15955
1.19681
1.2083
1.21253
1.19842
1.16659
1.14671
1.14201
1.14441
1.15437
1.16476
1.17357
1.17931
1.18242
1.18818
1.1936
1.1926
1.19465
1.2108
1.2426
1.25342
1.25158
1.23801
1.22276
1.21336
1.21298
1.22189
1.24611
1.27821
1.29248
1.29093
1.26957
1.25316
1.25459
1.28138
1.31747
1.33469
1.34656
1.35711
1.3656
1.36242
1.33324
1.31075
1.30064
1.2957
1.29478
1.29968
1.30631
1.32162
1.375
1.42903
1.45465
1.46642
1.47382
1.47475
1.46502
1.43768
1.40008
1.37456
1.36758
1.37296
1.38121
1.38921
1.39972
1.42218
1.46014
1.49794
1.53297
1.55806
1.56931
1.57617
1.57674
1.5605
1.52622
1.48799
1.46891
1.46568
1.47251
1.4938
1.53524
1.59388
1.63169
1.64776
1.64833
1.64585
1.64525
1.63318
1.61968
1.59556
1.55558
1.52022
1.50165
1.5139
1.56184
1.61875
4.63704
25.691
1.10384
1.15405
1.18835
1.19901
1.2026
1.17985
1.1468
1.13457
1.13483
1.13868
1.14649
1.16456
1.18867
1.20839
1.22018
1.22139
1.21104
1.19899
1.19453
1.19234
1.19174
1.20605
1.22298
1.22554
1.22378
1.22709
1.23506
1.2544
1.276
1.28976
1.29614
1.29459
1.27315
1.2415
1.22952
1.23087
1.24623
1.297
1.34287
1.36512
1.37698
1.38449
1.3826
1.35209
1.31221
1.29666
1.29374
1.2968
1.30675
1.32202
1.3354
1.34487
1.37246
1.4176
1.44499
1.45516
1.45848
1.46116
1.46463
1.45417
1.42271
1.39915
1.39127
1.38917
1.38688
1.38634
1.3922
1.40438
1.43425
1.48678
1.5327
1.55349
1.56024
1.5612
1.56406
1.56041
1.52954
1.49043
1.47303
1.47233
1.48529
1.50426
1.53967
1.59466
1.62672
1.63464
1.63421
1.6392
1.64316
1.63619
1.61571
1.57837
1.52801
1.49689
1.49292
1.51897
1.59735
4.67914
25.7229
1.15054
1.19007
1.20114
1.19972
1.16367
1.12039
1.10398
1.10384
1.11418
1.13201
1.15742
1.19338
1.22929
1.25027
1.26145
1.25831
1.22245
1.19253
1.17528
1.16575
1.1608
1.16278
1.18644
1.21351
1.23278
1.25654
1.28406
1.30143
1.31026
1.31422
1.30521
1.27173
1.23805
1.22266
1.21991
1.22225
1.22946
1.26874
1.3395
1.37315
1.3841
1.38945
1.38634
1.36656
1.332
1.3069
1.30204
1.31319
1.33453
1.34569
1.34712
1.33283
1.32466
1.33638
1.38078
1.42281
1.44609
1.46539
1.48248
1.49082
1.48218
1.4499
1.41617
1.39331
1.38356
1.38432
1.38786
1.39125
1.39935
1.42104
1.47064
1.51801
1.54225
1.55536
1.56435
1.56982
1.56385
1.52969
1.49435
1.47941
1.48206
1.49926
1.51168
1.5386
1.58537
1.61045
1.61744
1.62006
1.6242
1.63073
1.62085
1.60442
1.55872
1.51456
1.49676
1.48852
1.55006
4.65917
25.7949
1.19029
1.20225
1.20347
1.16817
1.10863
1.08019
1.07508
1.07763
1.08707
1.11956
1.1842
1.24532
1.27271
1.28239
1.28673
1.27027
1.21249
1.16101
1.14128
1.13677
1.13755
1.13985
1.15605
1.20499
1.2638
1.30538
1.32408
1.33058
1.33033
1.32357
1.29442
1.24876
1.22285
1.21565
1.21646
1.22016
1.23323
1.25576
1.30255
1.35697
1.37875
1.38466
1.36861
1.35441
1.35312
1.34813
1.3475
1.35587
1.36016
1.35727
1.33996
1.31299
1.29377
1.29232
1.30854
1.36091
1.42635
1.47176
1.49425
1.50391
1.50698
1.49701
1.45977
1.42066
1.39974
1.39264
1.3917
1.39181
1.39127
1.39354
1.40739
1.46627
1.52591
1.55226
1.56571
1.57444
1.57136
1.55526
1.5256
1.50037
1.49308
1.50274
1.50974
1.51449
1.53134
1.56537
1.58799
1.59615
1.60364
1.61469
1.61289
1.60306
1.58438
1.54216
1.51095
1.48169
1.48273
4.57355
25.8827
1.22572
1.21879
1.17571
1.10643
1.06539
1.05464
1.05518
1.05886
1.06721
1.1164
1.22927
1.28771
1.3012
1.30544
1.29685
1.24768
1.17516
1.13485
1.12402
1.12375
1.12576
1.13416
1.15536
1.20567
1.27976
1.31884
1.33337
1.34128
1.34101
1.31819
1.28426
1.2506
1.2258
1.21802
1.21979
1.23148
1.24707
1.25448
1.26252
1.29697
1.33849
1.35487
1.35502
1.35782
1.37002
1.39701
1.40848
1.40166
1.38431
1.35773
1.31943
1.28686
1.27409
1.27521
1.28265
1.30384
1.38361
1.46711
1.49631
1.50465
1.50683
1.49815
1.48056
1.46102
1.44058
1.42372
1.41061
1.39762
1.38573
1.3824
1.38548
1.41729
1.49563
1.54586
1.56437
1.57278
1.56811
1.55902
1.54799
1.53168
1.52229
1.52052
1.51353
1.5059
1.49605
1.50611
1.54306
1.56968
1.58636
1.60134
1.60749
1.59887
1.59001
1.56499
1.5321
1.49087
1.4744
4.43302
25.9827
1.24584
1.2248
1.13403
1.06801
1.04455
1.04126
1.04344
1.04688
1.06178
1.14814
1.26534
1.29912
1.30762
1.31008
1.2762
1.1981
1.14323
1.12343
1.11981
1.12165
1.12655
1.14765
1.19772
1.23875
1.26764
1.3045
1.32346
1.32543
1.31035
1.30061
1.29474
1.27181
1.24562
1.23404
1.23407
1.24044
1.24802
1.24956
1.25007
1.25537
1.27913
1.32111
1.35364
1.37687
1.40624
1.43477
1.44474
1.44089
1.41556
1.36664
1.31198
1.28119
1.2744
1.27742
1.28594
1.30727
1.35652
1.43327
1.47789
1.49007
1.49268
1.49065
1.48966
1.49095
1.48835
1.47353
1.44294
1.40855
1.38727
1.38311
1.38479
1.39661
1.44993
1.51751
1.55152
1.5643
1.56313
1.56223
1.56364
1.56127
1.55669
1.54537
1.52317
1.49488
1.47311
1.46543
1.48513
1.52955
1.56673
1.59177
1.60676
1.60004
1.59034
1.5767
1.55675
1.52692
1.50526
4.26101
26.0859
1.24467
1.17261
1.09421
1.05567
1.04154
1.04037
1.04294
1.04922
1.09102
1.20197
1.2733
1.29814
1.30455
1.28386
1.21583
1.16121
1.13646
1.12503
1.12269
1.12574
1.14295
1.20358
1.24974
1.26142
1.25972
1.25728
1.26545
1.28531
1.29816
1.30493
1.3085
1.30312
1.27948
1.25635
1.24585
1.24176
1.23842
1.23925
1.24433
1.24834
1.2537
1.27347
1.32562
1.37802
1.4143
1.44166
1.4545
1.45788
1.44795
1.39705
1.32736
1.29368
1.28959
1.29877
1.31931
1.34897
1.37771
1.40084
1.42666
1.45062
1.47049
1.48921
1.50353
1.51386
1.51979
1.51681
1.48896
1.43951
1.4021
1.38938
1.38849
1.39703
1.42214
1.46602
1.51962
1.55301
1.56838
1.57095
1.57675
1.5822
1.58245
1.56722
1.54397
1.50183
1.45871
1.44209
1.44582
1.47388
1.53167
1.57976
1.60503
1.60618
1.59086
1.58124
1.57241
1.55555
1.5426
4.14631
26.1907
1.20476
1.12204
1.08251
1.05944
1.04635
1.04582
1.0498
1.08352
1.17161
1.23066
1.25825
1.26823
1.25545
1.21238
1.174
1.15328
1.1439
1.13974
1.14141
1.15729
1.21187
1.25664
1.26963
1.26734
1.24147
1.21657
1.2142
1.244
1.29214
1.31131
1.31914
1.32526
1.32035
1.29004
1.25896
1.24391
1.24052
1.24359
1.25205
1.26272
1.27253
1.28134
1.29007
1.3258
1.38582
1.42288
1.4326
1.43033
1.42003
1.40252
1.37177
1.3432
1.33744
1.34574
1.35941
1.37097
1.37945
1.37973
1.3791
1.39184
1.42453
1.47353
1.50997
1.52491
1.53353
1.53732
1.52377
1.48168
1.42945
1.40119
1.39407
1.39929
1.41674
1.43482
1.46561
1.51748
1.55385
1.57086
1.5801
1.58983
1.59153
1.58183
1.56401
1.52877
1.46997
1.44085
1.43677
1.447
1.48109
1.54747
1.59126
1.60457
1.59386
1.58328
1.57661
1.56505
1.56096
4.1054
26.3068
1.14705
1.09189
1.07509
1.06427
1.05951
1.06339
1.09437
1.17461
1.22287
1.23436
1.23546
1.21546
1.18261
1.16487
1.15839
1.15587
1.15569
1.15908
1.1789
1.23801
1.27953
1.29154
1.28701
1.25055
1.20759
1.18976
1.18908
1.20359
1.26116
1.31
1.32743
1.33802
1.34461
1.33193
1.29251
1.26551
1.25833
1.26522
1.28059
1.28869
1.28904
1.28068
1.27465
1.27676
1.3056
1.36714
1.40157
1.41127
1.41659
1.4212
1.41818
1.40838
1.39881
1.39398
1.39172
1.38619
1.37347
1.35926
1.354
1.35767
1.37003
1.42064
1.4908
1.52306
1.53158
1.53539
1.52634
1.50281
1.46033
1.42035
1.40373
1.40685
1.43285
1.44865
1.45424
1.4623
1.49229
1.54282
1.57404
1.58718
1.59062
1.59085
1.58098
1.56299
1.51223
1.46727
1.45193
1.44882
1.45333
1.49412
1.55735
1.5865
1.58978
1.58004
1.57261
1.56287
1.57317
4.09796
26.4267
1.11638
1.09212
1.07743
1.07446
1.08022
1.11172
1.18157
1.22419
1.23461
1.23367
1.1992
1.15157
1.13337
1.13487
1.1463
1.15823
1.16923
1.19783
1.26491
1.30963
1.32204
1.32122
1.29217
1.22575
1.18575
1.1753
1.17534
1.18038
1.21538
1.28932
1.33152
1.34482
1.3479
1.34464
1.3361
1.31868
1.30685
1.30663
1.30877
1.30457
1.2895
1.27091
1.25779
1.25193
1.25605
1.28608
1.35032
1.39547
1.42076
1.44156
1.45632
1.45869
1.4508
1.43887
1.42087
1.39413
1.36927
1.3548
1.34819
1.34806
1.35237
1.37032
1.43238
1.4944
1.51698
1.52351
1.51506
1.49623
1.47955
1.45421
1.43581
1.43936
1.45461
1.45638
1.44493
1.42881
1.42948
1.47458
1.5412
1.57212
1.58795
1.59923
1.60103
1.59061
1.56063
1.50917
1.47306
1.45522
1.45082
1.46165
1.50894
1.55472
1.5688
1.56404
1.55757
1.54803
1.58479
4.13204
26.5458
1.09429
1.09894
1.09567
1.0996
1.13492
1.19706
1.23407
1.2452
1.2434
1.20429
1.14161
1.10839
1.1022
1.10754
1.12575
1.15298
1.19723
1.27936
1.33058
1.34422
1.34708
1.32933
1.26661
1.2031
1.1759
1.17001
1.17036
1.18024
1.19644
1.23737
1.30236
1.33691
1.34711
1.34998
1.36051
1.37137
1.36946
1.35258
1.333
1.30838
1.28012
1.25765
1.24178
1.23615
1.23819
1.2453
1.27213
1.34103
1.41245
1.45439
1.47194
1.4779
1.47838
1.47353
1.45237
1.41587
1.38154
1.35844
1.34813
1.34601
1.34764
1.35447
1.37823
1.43804
1.48522
1.50041
1.4988
1.48769
1.48677
1.48752
1.48367
1.48252
1.47748
1.46332
1.43975
1.41478
1.40261
1.41299
1.48321
1.55464
1.58688
1.60272
1.61145
1.60569
1.58561
1.54621
1.50371
1.4733
1.45651
1.45379
1.47198
1.51025
1.5326
1.53671
1.53489
1.52731
1.58985
4.2178
26.6532
1.07065
1.09606
1.11976
1.16528
1.21786
1.24395
1.25271
1.25421
1.22285
1.15717
1.11135
1.0929
1.08974
1.09216
1.10071
1.13165
1.23855
1.33204
1.36069
1.3705
1.36991
1.3287
1.24467
1.19394
1.17471
1.17022
1.17592
1.19486
1.21088
1.21822
1.24049
1.2944
1.33544
1.35797
1.37452
1.39496
1.40492
1.40325
1.3774
1.3343
1.28906
1.2559
1.23823
1.23382
1.23709
1.24334
1.25173
1.27978
1.36862
1.44633
1.47113
1.47746
1.47528
1.46472
1.45605
1.44534
1.41457
1.37637
1.35368
1.346
1.34474
1.34726
1.36119
1.38966
1.4378
1.47354
1.48739
1.49081
1.50072
1.51065
1.52037
1.5155
1.49951
1.47769
1.44196
1.40596
1.39206
1.3924
1.41871
1.50816
1.58019
1.61239
1.62421
1.61493
1.59318
1.56731
1.53993
1.51268
1.48529
1.46419
1.46064
1.46331
1.4826
1.5014
1.51547
1.51781
1.5912
4.31133
26.6207
1.03481
1.08335
1.17494
1.24698
1.2701
1.27391
1.26645
1.23216
1.16912
1.1217
1.09844
1.08919
1.08776
1.08964
1.10142
1.16549
1.26322
1.33212
1.36167
1.36919
1.34531
1.28541
1.23472
1.20228
1.18623
1.18371
1.19658
1.2157
1.22374
1.22605
1.22457
1.23071
1.26925
1.32835
1.36967
1.39251
1.40056
1.40307
1.40034
1.3779
1.32411
1.2701
1.2435
1.23827
1.24221
1.25099
1.26787
1.3004
1.34188
1.38996
1.42865
1.44584
1.45193
1.45552
1.45982
1.4618
1.45077
1.41384
1.3735
1.35355
1.34864
1.35123
1.36326
1.37455
1.38854
1.42701
1.46663
1.49158
1.50709
1.52399
1.53465
1.53284
1.51321
1.49149
1.45625
1.41169
1.39335
1.39725
1.41067
1.45257
1.54279
1.59499
1.608
1.60295
1.5844
1.57219
1.56503
1.5563
1.53851
1.49212
1.45499
1.44111
1.4392
1.45366
1.49806
1.52255
1.59634
4.40086
26.5343
1.02377
1.07774
1.2198
1.27837
1.29342
1.29902
1.28151
1.20192
1.13437
1.10642
1.09529
1.09072
1.09071
1.10396
1.15519
1.20478
1.24615
1.29493
1.32047
1.31714
1.28742
1.25815
1.24162
1.22558
1.21606
1.21836
1.22983
1.23779
1.23898
1.23201
1.21877
1.21224
1.21657
1.25081
1.32307
1.37163
1.39099
1.40241
1.40832
1.40504
1.37148
1.30747
1.26708
1.25649
1.25953
1.27279
1.29938
1.323
1.33284
1.3351
1.34565
1.37981
1.42184
1.44827
1.45895
1.46507
1.46733
1.45317
1.41829
1.38341
1.36766
1.36524
1.36874
1.36938
1.36737
1.37751
1.41971
1.47251
1.50601
1.52477
1.53565
1.53909
1.52591
1.50642
1.48455
1.44449
1.41819
1.41706
1.4261
1.43682
1.4703
1.52719
1.55553
1.5667
1.5708
1.57226
1.57862
1.58147
1.58013
1.547
1.48522
1.44023
1.4201
1.41603
1.45631
1.5061
1.58
4.47707
26.4267
1.03999
1.12965
1.22633
1.27765
1.29301
1.29101
1.24365
1.17843
1.13399
1.1086
1.09944
1.09995
1.11305
1.15956
1.20059
1.21346
1.22069
1.23012
1.23987
1.24942
1.25647
1.26045
1.26362
1.26436
1.26723
1.2699
1.26651
1.25962
1.24969
1.22612
1.20538
1.20055
1.2042
1.21336
1.24889
1.33397
1.39017
1.40568
1.40934
1.39578
1.36438
1.3321
1.30534
1.29424
1.29958
1.31585
1.33112
1.33805
1.32292
1.29916
1.29416
1.30323
1.35022
1.4212
1.45753
1.46958
1.47666
1.47489
1.46582
1.43743
1.40271
1.38266
1.37075
1.35982
1.35617
1.3615
1.3756
1.42507
1.48404
1.51394
1.52268
1.5248
1.5256
1.52428
1.5187
1.49498
1.46035
1.44353
1.43794
1.43422
1.43321
1.44459
1.4735
1.5088
1.54454
1.57183
1.58659
1.59574
1.60113
1.59271
1.54264
1.46967
1.41921
1.40456
1.4191
1.4563
1.52752
4.56084
26.4107
1.09224
1.16703
1.20587
1.24072
1.2518
1.23734
1.20316
1.17829
1.15472
1.1342
1.12884
1.13674
1.16693
1.20328
1.21472
1.21557
1.19951
1.16883
1.15884
1.17549
1.21896
1.2565
1.27902
1.30685
1.32675
1.32794
1.30864
1.27789
1.24328
1.21245
1.19845
1.19882
1.20495
1.21525
1.23387
1.27478
1.34396
1.37692
1.37822
1.36557
1.35452
1.34754
1.34976
1.36449
1.37693
1.38087
1.37418
1.34481
1.30104
1.27348
1.26704
1.26802
1.28377
1.35835
1.4409
1.47498
1.48688
1.49103
1.48597
1.47962
1.45195
1.40657
1.3743
1.35953
1.35823
1.3639
1.37167
1.38242
1.43011
1.48754
1.51077
1.51868
1.52915
1.53878
1.5355
1.5241
1.49925
1.47303
1.44834
1.42523
1.4102
1.40083
1.40455
1.43001
1.49716
1.55663
1.5882
1.60715
1.61835
1.61751
1.57924
1.51728
1.44062
1.39732
1.38965
1.40859
1.47678
4.61087
26.5139
1.14312
1.17302
1.17624
1.17941
1.1863
1.19523
1.19893
1.19967
1.19228
1.18225
1.18093
1.19267
1.21212
1.21991
1.21837
1.19488
1.15634
1.13547
1.13351
1.14182
1.16913
1.22913
1.29845
1.3454
1.3636
1.36732
1.35688
1.32155
1.25982
1.21635
1.20373
1.20599
1.22013
1.24569
1.26565
1.27502
1.2803
1.29304
1.30937
1.32436
1.34009
1.36845
1.40951
1.43284
1.4374
1.43241
1.40174
1.33765
1.2858
1.26427
1.26085
1.26349
1.27995
1.31507
1.38536
1.45598
1.48426
1.48917
1.48391
1.48261
1.48062
1.45138
1.40128
1.37527
1.37171
1.3767
1.381
1.38334
1.3893
1.43696
1.49095
1.51559
1.52801
1.53747
1.53763
1.52901
1.51605
1.49435
1.46619
1.43208
1.39941
1.38146
1.37599
1.37852
1.43467
1.53136
1.58709
1.61089
1.62359
1.61979
1.58067
1.53752
1.47674
1.40756
1.37545
1.37881
1.4553
4.59964
26.6837
1.1638
1.17199
1.14416
1.1172
1.11574
1.14728
1.18999
1.21039
1.2267
1.24952
1.2631
1.25856
1.24489
1.22421
1.18583
1.15008
1.12908
1.12323
1.12579
1.13266
1.14991
1.19979
1.29475
1.35315
1.36893
1.36683
1.34115
1.30786
1.28018
1.25311
1.24053
1.24691
1.26087
1.27171
1.27665
1.26487
1.23495
1.22331
1.23292
1.2626
1.32017
1.40026
1.45505
1.47091
1.47345
1.46483
1.42447
1.34878
1.2923
1.2702
1.2674
1.27572
1.30534
1.32775
1.34
1.38557
1.44509
1.46896
1.47329
1.46734
1.46607
1.46849
1.4528
1.4208
1.40393
1.39772
1.39269
1.38593
1.38371
1.39476
1.44474
1.49498
1.51795
1.52693
1.52787
1.51745
1.50818
1.49894
1.48299
1.4555
1.41403
1.3788
1.36689
1.36717
1.39114
1.47104
1.55546
1.59652
1.60927
1.60304
1.56222
1.52656
1.50104
1.45152
1.40466
1.3836
1.46063
4.53106
26.8428
1.17056
1.14856
1.10089
1.08199
1.08058
1.09462
1.14969
1.22308
1.28876
1.32504
1.33668
1.3258
1.27004
1.20312
1.15598
1.13133
1.12377
1.12481
1.13358
1.16162
1.19871
1.22515
1.2518
1.29623
1.32165
1.32107
1.31358
1.30981
1.30506
1.31096
1.31461
1.30591
1.29654
1.28808
1.267
1.22879
1.20392
1.19893
1.20245
1.21183
1.27073
1.40177
1.4607
1.47382
1.47601
1.45206
1.40403
1.36787
1.33072
1.30623
1.30132
1.31182
1.32811
1.33366
1.33163
1.33041
1.35554
1.41499
1.44752
1.45558
1.46246
1.4769
1.49468
1.48777
1.45183
1.42228
1.40199
1.38826
1.38288
1.38509
1.40208
1.44445
1.48323
1.50035
1.50882
1.50842
1.50556
1.50372
1.4939
1.47972
1.45801
1.41648
1.38579
1.37799
1.38218
1.41442
1.46922
1.52867
1.55717
1.55983
1.53504
1.51667
1.50971
1.49723
1.4692
1.43297
1.48214
4.42045
26.9507
1.15651
1.10757
1.0824
1.07456
1.07441
1.07892
1.10942
1.22401
1.31864
1.34643
1.35564
1.35069
1.302
1.21254
1.15494
1.13437
1.12958
1.14238
1.1804
1.21163
1.22379
1.22562
1.21481
1.20418
1.22166
1.26032
1.28943
1.31137
1.34286
1.37126
1.37869
1.36616
1.33736
1.2953
1.24278
1.20589
1.19376
1.19523
1.20087
1.21936
1.28222
1.36348
1.42621
1.44495
1.4428
1.41709
1.39799
1.39076
1.38685
1.37472
1.36026
1.35105
1.34469
1.33238
1.31091
1.29496
1.29472
1.32979
1.40366
1.45077
1.47885
1.50791
1.52669
1.53164
1.50629
1.45771
1.41887
1.39483
1.38441
1.38305
1.38793
1.39973
1.42769
1.45717
1.47903
1.49732
1.50745
1.51217
1.51155
1.5039
1.49485
1.47604
1.42748
1.39501
1.38565
1.38951
1.39778
1.42798
1.48239
1.51171
1.51784
1.5205
1.52868
1.53395
1.53411
1.50547
1.47915
4.34596
27.009
1.13182
1.08142
1.07096
1.07093
1.07612
1.10541
1.1609
1.22137
1.29246
1.33321
1.33964
1.30358
1.25057
1.21496
1.18509
1.1674
1.1734
1.20495
1.22976
1.23628
1.23356
1.20855
1.16876
1.15177
1.1564
1.18515
1.24014
1.30687
1.37211
1.40762
1.41553
1.41239
1.39083
1.32511
1.24825
1.20987
1.20087
1.20575
1.22416
1.26628
1.29638
1.31369
1.33974
1.37553
1.39788
1.40546
1.41281
1.42328
1.43519
1.43741
1.41558
1.38354
1.35376
1.31805
1.28879
1.27665
1.27633
1.28484
1.32733
1.42847
1.49824
1.52568
1.53591
1.5371
1.52717
1.49866
1.4495
1.41278
1.39622
1.39033
1.39014
1.39388
1.39862
1.41209
1.43757
1.47757
1.51068
1.52389
1.52852
1.52616
1.5177
1.50737
1.48096
1.42488
1.38802
1.37085
1.3691
1.37197
1.39838
1.46374
1.51442
1.54088
1.55636
1.5656
1.56452
1.54036
1.49989
4.31466
27.051
1.12834
1.07688
1.06961
1.07356
1.10663
1.16872
1.19646
1.20381
1.21715
1.23637
1.24282
1.23956
1.23857
1.23778
1.23329
1.23446
1.24902
1.25638
1.25391
1.24655
1.21582
1.17161
1.14444
1.13642
1.13842
1.14577
1.17164
1.27057
1.37697
1.41058
1.41676
1.4066
1.37735
1.34068
1.29175
1.25397
1.24584
1.25152
1.26728
1.28729
1.29433
1.28728
1.28257
1.29612
1.35175
1.41387
1.4448
1.46007
1.46722
1.4618
1.4486
1.41274
1.35428
1.30967
1.28505
1.27588
1.27968
1.2943
1.32404
1.38097
1.47498
1.51879
1.52743
1.52006
1.50062
1.48022
1.46772
1.45311
1.43405
1.42156
1.41311
1.40717
1.40165
1.39963
1.40494
1.43325
1.49261
1.52585
1.53333
1.53451
1.52851
1.51149
1.49504
1.45769
1.40685
1.37508
1.36444
1.36235
1.36192
1.40269
1.49326
1.54313
1.56445
1.56976
1.57196
1.55289
1.53609
4.29711
27.1152
1.13913
1.09286
1.08745
1.11147
1.16864
1.20032
1.20565
1.20168
1.1611
1.12838
1.13418
1.17722
1.22238
1.24721
1.27962
1.31493
1.32379
1.30735
1.27387
1.23349
1.18895
1.15337
1.1384
1.13614
1.14028
1.15067
1.18135
1.2361
1.31727
1.37073
1.38355
1.38279
1.37858
1.3665
1.3511
1.33065
1.30897
1.29512
1.29087
1.28729
1.27315
1.26287
1.26124
1.26912
1.30296
1.39122
1.4487
1.46466
1.46438
1.45495
1.43299
1.40126
1.36302
1.3215
1.29704
1.29402
1.31719
1.35135
1.37278
1.38556
1.40324
1.43636
1.45788
1.46264
1.46334
1.46979
1.48543
1.49722
1.49655
1.48076
1.45182
1.4202
1.39885
1.39109
1.39187
1.39733
1.44348
1.50429
1.52895
1.53186
1.52561
1.50497
1.48823
1.47257
1.44043
1.40615
1.38585
1.37078
1.35937
1.36707
1.43963
1.52115
1.55018
1.54975
1.54918
1.5345
1.57413
4.32245
27.224
1.16856
1.14059
1.14579
1.17816
1.20526
1.2104
1.20607
1.16082
1.10244
1.08064
1.08308
1.10527
1.16267
1.24363
1.32336
1.36865
1.37949
1.37117
1.33059
1.25366
1.18781
1.15657
1.14628
1.14894
1.16304
1.19048
1.21395
1.22234
1.23328
1.27064
1.32701
1.36551
1.38562
1.39771
1.4034
1.39743
1.37016
1.33243
1.29764
1.27257
1.26212
1.2596
1.26514
1.28697
1.32213
1.35761
1.40634
1.4329
1.43146
1.40916
1.38479
1.37143
1.36239
1.34853
1.34118
1.36185
1.38395
1.38949
1.39057
1.3753
1.34263
1.33007
1.35036
1.38805
1.42635
1.47148
1.51617
1.53974
1.54459
1.5385
1.50241
1.4406
1.3999
1.38484
1.38102
1.38151
1.39649
1.44608
1.49531
1.51233
1.51264
1.49567
1.48012
1.4761
1.4698
1.4525
1.43521
1.40414
1.37212
1.3652
1.38352
1.45951
1.51314
1.51989
1.51304
1.50622
1.57848
4.39725
27.3543
1.19536
1.21068
1.23223
1.23299
1.22598
1.21104
1.16698
1.10956
1.07621
1.06722
1.06878
1.07615
1.10136
1.20992
1.33711
1.37583
1.38438
1.36562
1.31142
1.26261
1.22142
1.19173
1.18451
1.19134
1.20541
1.21651
1.2201
1.21219
1.20335
1.20664
1.23424
1.3159
1.38636
1.40778
1.41318
1.4122
1.39908
1.36661
1.31879
1.28295
1.27118
1.27291
1.29712
1.32952
1.33823
1.33878
1.33236
1.33667
1.35577
1.36716
1.36922
1.3697
1.37012
1.37634
1.41544
1.44639
1.44644
1.43016
1.40282
1.34871
1.29184
1.26921
1.27318
1.29905
1.36365
1.46455
1.54199
1.57486
1.57958
1.57588
1.54825
1.47145
1.40544
1.37775
1.36998
1.36642
1.36994
1.3891
1.43483
1.47946
1.49391
1.49093
1.485
1.49102
1.49956
1.50184
1.49019
1.45006
1.39502
1.37361
1.36901
1.39319
1.45594
1.48981
1.4921
1.48954
1.56841
4.47119
27.5017
1.22525
1.29528
1.30991
1.3003
1.25933
1.20158
1.13702
1.09103
1.07257
1.06893
1.07215
1.09132
1.14089
1.20523
1.28307
1.33512
1.34249
1.32653
1.3106
1.29161
1.27388
1.25801
1.24568
1.24003
1.23784
1.22943
1.20862
1.19308
1.19243
1.19589
1.20367
1.24485
1.33504
1.39018
1.40421
1.40129
1.37254
1.34925
1.34026
1.32553
1.31738
1.32819
1.34753
1.35307
1.3453
1.30725
1.27096
1.25984
1.27735
1.3243
1.35748
1.36884
1.38139
1.43496
1.48052
1.48872
1.48211
1.46533
1.41611
1.32893
1.26909
1.24453
1.24118
1.24859
1.28454
1.41979
1.54361
1.5791
1.58634
1.58726
1.5673
1.50448
1.4337
1.3882
1.36823
1.36104
1.35971
1.36389
1.37821
1.42509
1.4726
1.49347
1.5043
1.51634
1.53121
1.53911
1.523
1.48633
1.43418
1.39295
1.3759
1.37042
1.3959
1.44871
1.47014
1.46046
1.5411
4.57394
27.6186
1.23205
1.31698
1.3268
1.32992
1.30671
1.21987
1.13576
1.09693
1.08316
1.08559
1.10735
1.1473
1.17877
1.19484
1.20906
1.2292
1.25583
1.2835
1.30572
1.31824
1.32798
1.32838
1.31531
1.2925
1.26404
1.22804
1.19948
1.1915
1.19369
1.19944
1.22054
1.24749
1.26637
1.30155
1.33482
1.34663
1.34759
1.35161
1.36019
1.37993
1.39815
1.39855
1.38396
1.35687
1.31258
1.26908
1.24276
1.23463
1.23896
1.26536
1.31593
1.36356
1.42957
1.49428
1.5169
1.51544
1.49678
1.47006
1.41315
1.33337
1.27407
1.24812
1.24486
1.25174
1.26461
1.359
1.51077
1.56527
1.57243
1.56753
1.54949
1.51865
1.47423
1.42425
1.38655
1.36671
1.35678
1.35343
1.35178
1.3675
1.43117
1.4902
1.52062
1.5391
1.55206
1.54985
1.52955
1.5036
1.4703
1.42314
1.38745
1.37349
1.37318
1.39786
1.42832
1.41833
1.49669
4.70161
27.68
1.19852
1.29115
1.30477
1.29809
1.26882
1.2246
1.17276
1.13588
1.12643
1.13467
1.15674
1.18078
1.19199
1.19378
1.17127
1.15291
1.16024
1.20087
1.27079
1.32689
1.35639
1.36853
1.36762
1.34806
1.29635
1.24256
1.2141
1.20814
1.21304
1.22654
1.24461
1.24957
1.23949
1.22157
1.22834
1.27471
1.33252
1.37103
1.40898
1.44289
1.45726
1.45378
1.41519
1.35026
1.28972
1.25052
1.23288
1.22728
1.22898
1.23767
1.26865
1.35018
1.44859
1.50014
1.51696
1.51707
1.49972
1.46492
1.42632
1.37134
1.31733
1.28749
1.28052
1.28469
1.29388
1.3353
1.4257
1.50489
1.53725
1.54645
1.5489
1.53306
1.50829
1.47437
1.42959
1.39004
1.36346
1.34606
1.33755
1.3371
1.37533
1.46845
1.52819
1.55122
1.56139
1.54862
1.52516
1.50502
1.48478
1.45478
1.4149
1.39325
1.38285
1.37504
1.3813
1.37492
1.45384
4.81734
27.6369
1.14692
1.1797
1.22659
1.25198
1.25647
1.25557
1.23825
1.20478
1.1846
1.18231
1.18871
1.19396
1.19612
1.17722
1.14612
1.13589
1.13815
1.14617
1.1909
1.29781
1.35776
1.36928
1.36879
1.35316
1.32815
1.29168
1.26422
1.25432
1.25347
1.25526
1.25662
1.23992
1.20361
1.18539
1.18348
1.19653
1.26199
1.36802
1.44216
1.47443
1.48653
1.48626
1.45423
1.36879
1.28946
1.25103
1.2367
1.23647
1.25156
1.27376
1.29673
1.33157
1.40393
1.46708
1.48392
1.47981
1.47236
1.4666
1.45051
1.41976
1.38188
1.34632
1.32258
1.31402
1.31459
1.32507
1.3507
1.41096
1.49197
1.53759
1.55082
1.55044
1.53343
1.51183
1.47974
1.42834
1.37813
1.34406
1.32629
1.32076
1.34282
1.42937
1.51942
1.55119
1.55959
1.54218
1.51782
1.49627
1.47744
1.46186
1.43971
1.42082
1.41144
1.39342
1.35915
1.34526
1.44117
4.89493
27.5161
1.11105
1.09402
1.11746
1.18621
1.2407
1.26421
1.27661
1.28085
1.26447
1.23882
1.22114
1.20739
1.18277
1.15213
1.1357
1.13349
1.13845
1.14489
1.15661
1.2099
1.29783
1.33595
1.34301
1.34744
1.3522
1.34855
1.33567
1.31864
1.29759
1.27566
1.24436
1.20721
1.18378
1.177
1.17779
1.18649
1.21532
1.31241
1.43441
1.47731
1.48444
1.4614
1.41571
1.37168
1.32263
1.28435
1.27137
1.27743
1.29064
1.3026
1.31042
1.31418
1.33142
1.38389
1.42997
1.45148
1.46673
1.47677
1.47279
1.45152
1.42524
1.39539
1.36501
1.34189
1.32941
1.32453
1.33002
1.34735
1.40473
1.49179
1.53555
1.54649
1.53932
1.5259
1.50936
1.47356
1.40675
1.34891
1.32167
1.31609
1.34011
1.40102
1.49047
1.5366
1.54655
1.5267
1.4999
1.47951
1.46193
1.45368
1.44751
1.43419
1.42833
1.41197
1.37423
1.33461
1.42859
4.92615
27.3936
1.07959
1.06733
1.07318
1.09761
1.16842
1.24658
1.29705
1.32891
1.33742
1.31865
1.27348
1.22549
1.18531
1.15815
1.14365
1.14367
1.14871
1.15314
1.15991
1.16763
1.19146
1.25661
1.32339
1.3633
1.38288
1.39212
1.39419
1.37812
1.34372
1.29296
1.23869
1.20365
1.18614
1.17988
1.18892
1.22487
1.25672
1.2831
1.34763
1.41351
1.42737
1.41323
1.40175
1.39122
1.37035
1.34518
1.32526
1.31536
1.31353
1.31533
1.31026
1.29868
1.2971
1.31535
1.37025
1.43451
1.47295
1.48522
1.48481
1.47002
1.44586
1.42197
1.39913
1.37461
1.35267
1.33847
1.33341
1.3426
1.36215
1.40827
1.48277
1.52322
1.53414
1.52521
1.51074
1.49017
1.4398
1.37046
1.33463
1.33289
1.37198
1.41665
1.45889
1.50212
1.51487
1.49422
1.47353
1.46241
1.44893
1.44651
1.4479
1.43559
1.42654
1.41379
1.38686
1.35161
1.40167
4.89509
27.3783
1.06369
1.06108
1.06652
1.07266
1.09204
1.1798
1.29394
1.33565
1.34548
1.34665
1.32897
1.2789
1.21902
1.17795
1.16057
1.15672
1.15618
1.15417
1.15196
1.1519
1.15411
1.17587
1.26507
1.36323
1.39554
1.40441
1.40361
1.38455
1.34844
1.30677
1.26316
1.22598
1.20807
1.20758
1.2338
1.26189
1.27112
1.27371
1.27322
1.29053
1.34001
1.37774
1.39476
1.40461
1.41871
1.41639
1.388
1.35551
1.33502
1.31953
1.29735
1.28555
1.28658
1.29373
1.31578
1.38865
1.45628
1.47893
1.48295
1.47188
1.44825
1.42854
1.41736
1.40679
1.39141
1.37477
1.36257
1.35889
1.35993
1.35927
1.39219
1.46644
1.50718
1.51648
1.50053
1.47417
1.44847
1.41037
1.38158
1.39265
1.42325
1.4306
1.43461
1.45509
1.46501
1.45713
1.45009
1.44678
1.44367
1.44544
1.44631
1.4404
1.42364
1.40764
1.38907
1.35279
1.35731
4.82464
27.4776
1.06195
1.06178
1.07
1.08222
1.1012
1.13017
1.21462
1.30422
1.33386
1.33895
1.34158
1.33808
1.29121
1.22359
1.18198
1.16028
1.14757
1.14413
1.14569
1.14795
1.15631
1.18092
1.23578
1.3162
1.37646
1.39506
1.39106
1.34974
1.30863
1.29566
1.28892
1.27182
1.25761
1.26346
1.27931
1.283
1.27845
1.26232
1.23068
1.21935
1.24297
1.31479
1.38077
1.42159
1.44917
1.46418
1.4543
1.41058
1.36338
1.3258
1.30177
1.29202
1.29467
1.3049
1.31974
1.34468
1.40034
1.43831
1.44844
1.44737
1.43399
1.42705
1.43021
1.43863
1.44442
1.43602
1.41135
1.37904
1.35114
1.3379
1.33717
1.3722
1.44374
1.48107
1.48274
1.46432
1.4595
1.46056
1.46325
1.47
1.46239
1.44508
1.43039
1.41195
1.40849
1.42055
1.42788
1.42919
1.43485
1.44942
1.45166
1.44671
1.43166
1.40837
1.39027
1.35473
1.34866
4.70871
27.6416
1.06793
1.07083
1.09053
1.10646
1.12204
1.1346
1.14799
1.20277
1.28945
1.33324
1.34307
1.34328
1.32937
1.2827
1.22119
1.17559
1.15238
1.14757
1.14966
1.15369
1.17588
1.23117
1.26501
1.2761
1.298
1.31935
1.31583
1.30314
1.2979
1.30065
1.30486
1.30802
1.31948
1.33095
1.32467
1.30787
1.287
1.25156
1.21469
1.19949
1.20022
1.22636
1.3181
1.41192
1.45612
1.47208
1.47761
1.4647
1.41959
1.36707
1.33321
1.32452
1.32862
1.33373
1.33313
1.33186
1.33463
1.35574
1.38955
1.41526
1.42981
1.44369
1.46106
1.47859
1.48873
1.48385
1.45272
1.39646
1.34388
1.3175
1.31117
1.31698
1.35758
1.42899
1.46875
1.48176
1.49469
1.52175
1.54049
1.52601
1.4913
1.45651
1.42125
1.38424
1.36739
1.37713
1.39789
1.40962
1.43129
1.45847
1.4661
1.4565
1.44483
1.42351
1.401
1.36471
1.37089
4.55048
27.7981
1.09271
1.09527
1.10904
1.12133
1.13388
1.14364
1.15013
1.15386
1.18076
1.25687
1.30676
1.31851
1.31972
1.31795
1.28786
1.22495
1.17983
1.16507
1.16558
1.17749
1.22758
1.27224
1.2817
1.27581
1.24384
1.21564
1.22037
1.25622
1.29063
1.30482
1.31471
1.34339
1.37178
1.37627
1.36226
1.33657
1.30102
1.25366
1.21739
1.20508
1.21007
1.22117
1.24292
1.32582
1.41982
1.45547
1.46582
1.47008
1.46988
1.44766
1.40286
1.37162
1.3554
1.34216
1.32582
1.30676
1.2971
1.29943
1.31759
1.37248
1.43714
1.47743
1.49629
1.50497
1.50498
1.49358
1.47232
1.41827
1.34664
1.30974
1.3015
1.30964
1.32256
1.3608
1.44113
1.49943
1.53292
1.56175
1.57452
1.56827
1.52678
1.47876
1.4257
1.37788
1.35399
1.34542
1.35536
1.38492
1.42959
1.46338
1.47422
1.46945
1.45816
1.44407
1.42649
1.40031
1.40179
4.41806
27.8978
1.12609
1.11926
1.12619
1.13839
1.15213
1.16085
1.16046
1.14893
1.143
1.15058
1.20816
1.28076
1.31236
1.31971
1.31476
1.28055
1.23026
1.20348
1.2011
1.22697
1.27239
1.28953
1.28828
1.2579
1.1938
1.16332
1.16263
1.18633
1.24212
1.29143
1.33334
1.38243
1.40694
1.41202
1.39905
1.36932
1.32924
1.2835
1.24727
1.23204
1.22647
1.22145
1.22018
1.23066
1.30231
1.39896
1.45069
1.48196
1.50246
1.50602
1.48338
1.42977
1.37571
1.33201
1.30273
1.28416
1.27687
1.27716
1.28303
1.32095
1.41791
1.48458
1.50275
1.50758
1.49917
1.47429
1.44065
1.40278
1.35936
1.32313
1.31046
1.31973
1.34234
1.36793
1.40535
1.47417
1.52371
1.5527
1.56589
1.56187
1.54557
1.50913
1.4505
1.39626
1.36955
1.36578
1.3715
1.37879
1.40386
1.45002
1.47175
1.47259
1.46437
1.45234
1.44231
1.42751
1.45069
4.34607
28.0249
1.18233
1.16239
1.16429
1.1693
1.17566
1.17701
1.16582
1.14002
1.12362
1.12072
1.12551
1.17554
1.25941
1.29852
1.30567
1.29619
1.28129
1.26863
1.27248
1.29501
1.30584
1.30147
1.27402
1.21514
1.16668
1.14928
1.14992
1.15727
1.18346
1.2523
1.3404
1.39221
1.41103
1.41721
1.41243
1.39782
1.37758
1.3418
1.29888
1.26526
1.24043
1.22221
1.21167
1.20981
1.21762
1.27736
1.40448
1.48881
1.51511
1.52127
1.51933
1.48708
1.40666
1.33757
1.29977
1.28276
1.27717
1.27766
1.29185
1.3374
1.39379
1.45692
1.48962
1.49576
1.47521
1.43635
1.40874
1.38898
1.37086
1.35195
1.34578
1.36647
1.38691
1.39702
1.40331
1.41799
1.44787
1.48907
1.51598
1.51964
1.51744
1.50922
1.49494
1.45627
1.42065
1.40284
1.38872
1.37739
1.37565
1.4065
1.44554
1.45567
1.45088
1.44541
1.43717
1.42854
1.49324
4.38418
28.192
1.24795
1.2348
1.21539
1.20279
1.19318
1.17684
1.15085
1.13175
1.12243
1.12006
1.12235
1.13079
1.15686
1.21249
1.25915
1.28243
1.30144
1.34606
1.3718
1.37189
1.35407
1.31513
1.24961
1.18505
1.15287
1.1439
1.14545
1.15146
1.16511
1.19854
1.29168
1.37699
1.40624
1.41173
1.41461
1.41836
1.41504
1.39373
1.35199
1.30315
1.25861
1.2256
1.21
1.20869
1.2127
1.22275
1.31081
1.45991
1.51039
1.51747
1.51267
1.48297
1.42878
1.36618
1.32011
1.29937
1.29661
1.30526
1.33586
1.36458
1.37783
1.39861
1.42852
1.43905
1.43101
1.41483
1.39925
1.3877
1.3814
1.38113
1.40316
1.42377
1.4214
1.41404
1.40477
1.38013
1.37522
1.403
1.45335
1.48614
1.504
1.51606
1.51783
1.50699
1.47465
1.43967
1.40784
1.38593
1.37582
1.37776
1.39906
1.41575
1.41725
1.41524
1.41349
1.41566
1.51618
4.49651
28.349
1.28507
1.30073
1.28889
1.26091
1.21734
1.17398
1.14825
1.13663
1.13047
1.12785
1.13053
1.13228
1.12054
1.11924
1.1488
1.22613
1.32263
1.40142
1.43815
1.44477
1.42873
1.35798
1.24679
1.18048
1.15503
1.14869
1.15563
1.17439
1.18743
1.19706
1.22308
1.30358
1.37464
1.40252
1.41527
1.42466
1.42792
1.42193
1.39322
1.33979
1.28431
1.24324
1.22189
1.21771
1.2217
1.23158
1.27571
1.37918
1.45895
1.47794
1.47288
1.45215
1.42782
1.4063
1.37888
1.35519
1.34668
1.35101
1.3633
1.37179
1.36742
1.35852
1.35561
1.37481
1.39737
1.40631
1.4022
1.39997
1.40344
1.42001
1.45287
1.4612
1.44826
1.42923
1.40144
1.36287
1.34253
1.34409
1.37489
1.43532
1.48623
1.51555
1.52417
1.51915
1.50774
1.47999
1.44451
1.40925
1.38292
1.36798
1.36225
1.3638
1.37134
1.38362
1.40106
1.41525
1.52854
4.61928
28.4125
1.29591
1.32583
1.32956
1.31925
1.26773
1.19226
1.15615
1.14653
1.14474
1.14596
1.1466
1.13573
1.1109
1.10109
1.10325
1.13312
1.27672
1.40705
1.44394
1.45135
1.43211
1.3601
1.27357
1.2081
1.18009
1.17542
1.18374
1.19173
1.19587
1.19987
1.20672
1.22978
1.30191
1.37735
1.41082
1.42285
1.42821
1.42812
1.41255
1.36877
1.31542
1.27463
1.25095
1.24332
1.24621
1.26358
1.29033
1.31334
1.35361
1.40063
1.42586
1.43333
1.43554
1.44157
1.44162
1.42809
1.40731
1.38908
1.37368
1.35681
1.34127
1.32725
1.32299
1.33114
1.36128
1.39552
1.41051
1.41947
1.43395
1.46208
1.47639
1.4735
1.46301
1.45136
1.41709
1.36489
1.33631
1.32854
1.33433
1.3617
1.4337
1.49107
1.51195
1.5125
1.50799
1.50044
1.47885
1.44914
1.4117
1.37218
1.34872
1.33909
1.33865
1.36152
1.41302
1.44301
1.55228
4.6796
28.2947
1.28384
1.3303
1.33277
1.31527
1.26502
1.21936
1.18566
1.17002
1.16633
1.166
1.16099
1.13804
1.11584
1.11187
1.12534
1.15676
1.20549
1.31809
1.39431
1.40783
1.39571
1.37135
1.323
1.26709
1.22761
1.20852
1.2012
1.19893
1.19955
1.20193
1.20608
1.21613
1.2408
1.31123
1.38524
1.41438
1.4204
1.41946
1.4041
1.36959
1.33431
1.30672
1.28983
1.2839
1.28782
1.30031
1.30545
1.29494
1.28185
1.29159
1.34188
1.406
1.44637
1.46503
1.47788
1.48191
1.46717
1.42768
1.38153
1.34775
1.32841
1.3186
1.31504
1.31623
1.33062
1.36718
1.40535
1.42849
1.45283
1.47995
1.48505
1.47192
1.45936
1.45576
1.44324
1.38997
1.34867
1.33583
1.33408
1.33757
1.36744
1.44033
1.48365
1.49315
1.48993
1.48843
1.48668
1.47789
1.45335
1.40411
1.35448
1.33356
1.33132
1.35079
1.41942
1.45812
1.55799
4.72916
28.1711
1.22045
1.29025
1.29523
1.27628
1.25838
1.24821
1.23391
1.2132
1.19607
1.18446
1.17225
1.15558
1.1433
1.14868
1.16926
1.18171
1.18408
1.19292
1.25647
1.33289
1.36316
1.3703
1.36888
1.34278
1.2885
1.24283
1.21866
1.20995
1.2099
1.21315
1.21774
1.22667
1.23728
1.25268
1.31206
1.37784
1.39852
1.40109
1.39036
1.36037
1.33981
1.33337
1.33434
1.34045
1.34438
1.34264
1.32584
1.28532
1.25366
1.24547
1.25208
1.318
1.41868
1.47033
1.48831
1.49826
1.50102
1.47538
1.4106
1.35974
1.33714
1.32886
1.32515
1.32312
1.32637
1.3364
1.36383
1.40665
1.44774
1.47342
1.47813
1.47724
1.4678
1.46234
1.45916
1.42225
1.37527
1.35193
1.34206
1.33974
1.3432
1.37996
1.44324
1.47361
1.47871
1.4785
1.48005
1.48106
1.47078
1.44891
1.38724
1.3409
1.32762
1.33405
1.3801
1.42341
1.52302
4.82089
28.103
1.16429
1.1862
1.20534
1.22775
1.24715
1.25719
1.26332
1.26287
1.24442
1.21952
1.20193
1.19219
1.18999
1.19295
1.19514
1.19254
1.1707
1.148
1.15015
1.20745
1.30772
1.36134
1.37578
1.37597
1.35629
1.30799
1.26507
1.24196
1.2335
1.23321
1.2359
1.23877
1.24075
1.24326
1.25223
1.29623
1.34445
1.36106
1.36276
1.35585
1.35073
1.36102
1.38329
1.39595
1.39875
1.38436
1.34011
1.28385
1.25134
1.2415
1.24274
1.26058
1.33527
1.43598
1.48052
1.49175
1.4803
1.46654
1.44881
1.4074
1.37622
1.36296
1.3543
1.34425
1.3357
1.32703
1.3253
1.34852
1.40435
1.44981
1.47224
1.48648
1.48628
1.47492
1.46799
1.4417
1.40204
1.37033
1.3493
1.34043
1.34006
1.34842
1.39566
1.44935
1.46839
1.47249
1.47509
1.47985
1.47681
1.46884
1.42868
1.36279
1.32997
1.32365
1.33467
1.36193
1.47251
4.91276
28.1533
1.14056
1.10385
1.10214
1.13924
1.20943
1.25164
1.26521
1.2723
1.27677
1.27153
1.26172
1.25598
1.24914
1.2343
1.21239
1.17693
1.14446
1.12987
1.1279
1.13449
1.18477
1.29257
1.35512
1.37056
1.37465
1.37409
1.34365
1.30108
1.27232
1.25735
1.24949
1.24342
1.2403
1.24033
1.23998
1.24045
1.25538
1.28936
1.32102
1.34758
1.37735
1.4084
1.4244
1.43049
1.42895
1.41103
1.36004
1.30325
1.26824
1.25352
1.25424
1.26495
1.27711
1.32919
1.41513
1.45413
1.46353
1.46881
1.47344
1.46761
1.44066
1.40928
1.38245
1.35991
1.33923
1.32067
1.31098
1.31435
1.34756
1.41789
1.4701
1.49316
1.49999
1.48895
1.47266
1.45103
1.42034
1.38973
1.36363
1.3479
1.34316
1.34358
1.35577
1.40738
1.44777
1.46208
1.46888
1.47758
1.48207
1.4751
1.45022
1.39327
1.33993
1.31452
1.30842
1.3087
1.42968
4.95582
28.2767
1.1123
1.07798
1.0756
1.08288
1.12232
1.20285
1.25272
1.27247
1.28942
1.31297
1.32886
1.32827
1.30835
1.26566
1.20872
1.16323
1.13956
1.13089
1.13033
1.13352
1.14186
1.17772
1.27454
1.34889
1.37703
1.38809
1.39557
1.38478
1.34486
1.29865
1.26356
1.24569
1.24144
1.24003
1.23149
1.2185
1.21586
1.22217
1.25336
1.32839
1.39889
1.43211
1.4442
1.44869
1.43432
1.39886
1.37173
1.33965
1.30503
1.2821
1.27203
1.26995
1.26782
1.26762
1.30683
1.40229
1.45847
1.47686
1.49129
1.50839
1.50494
1.46386
1.41639
1.3765
1.34127
1.3144
1.30188
1.30109
1.31188
1.36549
1.45026
1.49016
1.49925
1.49322
1.48084
1.46415
1.43983
1.41303
1.3846
1.36216
1.35026
1.34513
1.34453
1.35752
1.41028
1.45035
1.46818
1.47915
1.48606
1.47881
1.45857
1.41986
1.36351
1.32244
1.29711
1.2869
1.39396
4.93867
28.4774
1.08973
1.06799
1.06898
1.07269
1.08036
1.11307
1.18852
1.25643
1.30389
1.34647
1.36971
1.37738
1.36844
1.31534
1.22745
1.16979
1.14828
1.14181
1.14217
1.14525
1.14889
1.15192
1.16809
1.2477
1.34277
1.38939
1.40721
1.41419
1.40975
1.37019
1.30794
1.26708
1.2493
1.23571
1.22093
1.21205
1.21071
1.2128
1.22198
1.28079
1.38449
1.43343
1.4455
1.44086
1.41112
1.38998
1.38098
1.36956
1.34798
1.32375
1.30316
1.2834
1.26481
1.25849
1.2599
1.29889
1.40189
1.47484
1.51488
1.53817
1.54343
1.52153
1.46746
1.40632
1.34981
1.3119
1.29638
1.29565
1.30455
1.32534
1.39513
1.46749
1.49325
1.49976
1.4948
1.4826
1.46434
1.43936
1.40636
1.37627
1.35632
1.34472
1.33735
1.33487
1.36589
1.43193
1.46947
1.48132
1.48595
1.47856
1.4563
1.43036
1.38606
1.34116
1.31544
1.30858
1.38929
4.80032
28.6507
1.08907
1.06742
1.07177
1.07783
1.08452
1.08951
1.10501
1.1771
1.29122
1.35404
1.37396
1.38107
1.37491
1.32423
1.25313
1.20323
1.17933
1.17155
1.16903
1.1635
1.15473
1.15257
1.15627
1.16791
1.24513
1.36118
1.4064
1.41478
1.41438
1.40362
1.36413
1.30606
1.26098
1.23542
1.2226
1.21553
1.21469
1.2206
1.25322
1.29392
1.33054
1.37936
1.40382
1.40403
1.39672
1.39085
1.38788
1.38597
1.37778
1.36169
1.33943
1.3076
1.27506
1.26051
1.25962
1.26492
1.30973
1.4381
1.52243
1.54428
1.54941
1.54189
1.51739
1.45107
1.36905
1.3179
1.29963
1.29823
1.30606
1.31785
1.34191
1.42448
1.48649
1.50072
1.49902
1.49261
1.48281
1.45972
1.42757
1.39653
1.37096
1.35487
1.34601
1.34425
1.35001
1.39641
1.45064
1.47434
1.47969
1.47163
1.4458
1.42406
1.40193
1.37014
1.35166
1.34298
1.42304
4.62954
28.6795
1.10114
1.08081
1.08718
1.08867
1.08968
1.09203
1.09625
1.11826
1.22539
1.33408
1.36511
1.36987
1.34558
1.30783
1.27852
1.24977
1.22518
1.20831
1.19539
1.18038
1.16663
1.16332
1.16799
1.17755
1.19411
1.25524
1.3477
1.38533
1.39195
1.39257
1.3908
1.36359
1.30545
1.25822
1.23685
1.23168
1.23506
1.2569
1.28914
1.29958
1.29883
1.29796
1.31787
1.35871
1.38563
1.39439
1.39702
1.39849
1.39591
1.38551
1.36729
1.33897
1.3031
1.27987
1.27659
1.28689
1.30493
1.35539
1.46781
1.52471
1.53403
1.52692
1.50265
1.46622
1.40629
1.34749
1.32023
1.31547
1.32182
1.33282
1.34629
1.37634
1.44629
1.48177
1.48313
1.47476
1.46349
1.45223
1.4427
1.42552
1.40576
1.38788
1.37312
1.3644
1.36101
1.37137
1.41242
1.44933
1.46011
1.4535
1.43116
1.41764
1.41363
1.39865
1.38298
1.37541
1.48108
4.47537
28.6647
1.13929
1.10557
1.09967
1.09183
1.09149
1.09533
1.11235
1.14776
1.19075
1.25485
1.3067
1.31966
1.31245
1.30795
1.30137
1.29031
1.27074
1.24566
1.22406
1.20803
1.19681
1.19162
1.1915
1.19315
1.19496
1.19703
1.22803
1.30774
1.36189
1.38082
1.38596
1.38303
1.35355
1.30468
1.27509
1.26772
1.27724
1.2999
1.31107
1.3024
1.26885
1.24784
1.2484
1.28578
1.35499
1.39041
1.39996
1.40372
1.4045
1.39996
1.38839
1.36922
1.34146
1.31605
1.30857
1.31478
1.32312
1.32781
1.35695
1.44265
1.48503
1.48759
1.47782
1.46355
1.43932
1.40038
1.37069
1.35946
1.35736
1.35752
1.35945
1.36252
1.38418
1.4313
1.45072
1.45029
1.4466
1.44942
1.45309
1.45192
1.44409
1.422
1.39458
1.37561
1.36646
1.36261
1.37302
1.40673
1.43343
1.4395
1.43377
1.43449
1.43505
1.43413
1.4293
1.40635
1.45918
4.46997
28.5927
1.20033
1.13055
1.10451
1.09838
1.10153
1.11934
1.15351
1.17414
1.18147
1.18905
1.20433
1.23359
1.27232
1.29834
1.30446
1.30637
1.30277
1.2899
1.27174
1.25648
1.24525
1.23474
1.22202
1.20541
1.18915
1.18151
1.18145
1.19953
1.27013
1.33483
1.36164
1.36782
1.36544
1.3591
1.34868
1.34561
1.34878
1.34602
1.32433
1.28102
1.24193
1.22391
1.22168
1.22807
1.28007
1.35938
1.39416
1.4027
1.40442
1.40564
1.40402
1.39698
1.3856
1.3707
1.35843
1.3495
1.33893
1.32209
1.311
1.33151
1.40815
1.45017
1.45713
1.45628
1.45532
1.45081
1.43712
1.41994
1.40133
1.3824
1.36572
1.35231
1.34859
1.36594
1.40583
1.43035
1.44433
1.45846
1.47031
1.47455
1.46466
1.43879
1.40685
1.37935
1.36302
1.35537
1.3557
1.3665
1.40029
1.43525
1.45963
1.47244
1.47456
1.47187
1.46611
1.44022
1.43857
4.46966
28.5841
1.26568
1.20158
1.14596
1.13039
1.13489
1.15525
1.17826
1.18658
1.18519
1.16164
1.14512
1.15081
1.19381
1.26104
1.29519
1.30538
1.3135
1.32067
1.32384
1.32002
1.30642
1.2823
1.2481
1.21249
1.18727
1.17747
1.17643
1.18017
1.18906
1.22698
1.28809
1.33444
1.36493
1.40109
1.43176
1.44048
1.42759
1.3863
1.31989
1.26201
1.22902
1.21696
1.21599
1.21879
1.23065
1.2917
1.36452
1.39165
1.39658
1.39844
1.40685
1.42462
1.43534
1.43047
1.41287
1.38485
1.34572
1.30399
1.28413
1.28263
1.31968
1.3955
1.43491
1.45149
1.4736
1.48726
1.48306
1.46481
1.43883
1.40146
1.36274
1.34083
1.3336
1.33425
1.35855
1.41096
1.45442
1.47683
1.48275
1.482
1.46832
1.44353
1.41333
1.38586
1.36638
1.35468
1.35056
1.3499
1.36522
1.42254
1.46994
1.49056
1.4986
1.49235
1.48597
1.46101
1.45658
4.45945
28.6074
1.28193
1.28216
1.22644
1.18458
1.17554
1.18231
1.18915
1.19127
1.17385
1.14474
1.12995
1.1285
1.13406
1.1713
1.24521
1.29422
1.32022
1.34335
1.3601
1.36739
1.36332
1.32921
1.26965
1.22516
1.20274
1.19094
1.18472
1.18038
1.16956
1.16352
1.17802
1.24357
1.3459
1.43542
1.49107
1.50703
1.5051
1.45028
1.343
1.26493
1.23081
1.21961
1.2194
1.22326
1.22926
1.24506
1.29427
1.35157
1.37869
1.39402
1.42512
1.4596
1.47391
1.46604
1.44551
1.40555
1.34145
1.29118
1.2742
1.27261
1.28313
1.32494
1.40153
1.46101
1.49238
1.50291
1.49855
1.48851
1.46616
1.42444
1.37402
1.33904
1.32886
1.32925
1.33586
1.3854
1.45551
1.48066
1.48356
1.48083
1.46228
1.43244
1.41234
1.39681
1.38161
1.36804
1.35316
1.33988
1.33786
1.37361
1.44905
1.49133
1.50094
1.49529
1.49063
1.47237
1.51278
4.43963
28.6501
1.28011
1.30143
1.30463
1.2814
1.24646
1.22111
1.20126
1.17739
1.15279
1.13536
1.12698
1.12513
1.12639
1.12979
1.15346
1.23246
1.31529
1.35916
1.37901
1.3881
1.38753
1.36162
1.30856
1.25977
1.2327
1.21717
1.20439
1.18667
1.16129
1.14895
1.15011
1.16233
1.26152
1.43018
1.49887
1.51426
1.51811
1.49043
1.38713
1.29247
1.25086
1.23732
1.23596
1.23729
1.2364
1.23374
1.23992
1.28055
1.34465
1.40295
1.45515
1.48983
1.49879
1.48674
1.45888
1.40683
1.33278
1.28955
1.27765
1.27721
1.2818
1.29984
1.35246
1.4447
1.49183
1.50153
1.49847
1.48731
1.47266
1.4504
1.40384
1.35613
1.33616
1.33398
1.34
1.36696
1.42917
1.46863
1.47388
1.46828
1.44646
1.4257
1.41716
1.41166
1.40558
1.39455
1.36445
1.3277
1.31409
1.31905
1.37179
1.4526
1.48872
1.49517
1.49294
1.48243
1.55715
4.4485
28.7242
1.23917
1.31599
1.3445
1.3564
1.34339
1.28725
1.22164
1.17275
1.1459
1.13264
1.12647
1.12461
1.12532
1.12673
1.13041
1.15825
1.27369
1.35947
1.38156
1.38874
1.37657
1.34365
1.31872
1.29822
1.27299
1.24978
1.22672
1.19575
1.16388
1.15146
1.15241
1.16383
1.21336
1.35599
1.4725
1.5006
1.49738
1.47247
1.42417
1.35162
1.29584
1.26876
1.25623
1.24653
1.23401
1.22737
1.22995
1.23905
1.28177
1.38287
1.46912
1.50149
1.50814
1.50061
1.46479
1.39029
1.3323
1.30253
1.29322
1.29377
1.3043
1.32932
1.35883
1.3937
1.44658
1.47328
1.47543
1.46762
1.45886
1.45395
1.43988
1.39798
1.36488
1.3565
1.36044
1.37148
1.39052
1.4255
1.44603
1.44585
1.43557
1.4259
1.42435
1.43018
1.43281
1.42605
1.39013
1.33234
1.29847
1.28989
1.2981
1.36589
1.45691
1.48819
1.49177
1.48045
1.56785
4.48624
28.8331
1.15452
1.30491
1.35091
1.36359
1.3657
1.34208
1.2631
1.18868
1.154
1.14041
1.13397
1.12891
1.1261
1.12676
1.13589
1.17033
1.2259
1.30402
1.35062
1.36159
1.34925
1.33296
1.32621
1.31985
1.3062
1.28318
1.25427
1.21894
1.1862
1.17367
1.17976
1.20567
1.23479
1.27159
1.35795
1.43162
1.45448
1.45776
1.451
1.41707
1.35695
1.30585
1.2742
1.25299
1.23884
1.23316
1.23411
1.2396
1.25427
1.3319
1.45332
1.49565
1.50268
1.48746
1.43541
1.38209
1.34542
1.32485
1.31811
1.32217
1.33884
1.35442
1.35928
1.35843
1.36772
1.41065
1.44654
1.45788
1.45916
1.45767
1.45803
1.44391
1.40321
1.37716
1.36841
1.36896
1.37138
1.37682
1.40156
1.42331
1.42969
1.43018
1.43449
1.44577
1.4527
1.45356
1.43192
1.36209
1.30395
1.28204
1.27781
1.29037
1.37728
1.45151
1.46886
1.45738
1.55503
4.55972
29.0029
1.10858
1.21498
1.30641
1.33912
1.34337
1.32686
1.29664
1.24625
1.19512
1.16295
1.145
1.13642
1.13555
1.14203
1.17245
1.20208
1.2151
1.23003
1.26793
1.30242
1.31773
1.32332
1.32615
1.32403
1.31339
1.30067
1.28385
1.25684
1.23016
1.21985
1.22803
1.24244
1.24744
1.24551
1.24643
1.30231
1.39407
1.43906
1.44995
1.44476
1.41681
1.36416
1.3105
1.27321
1.25392
1.24823
1.25009
1.25891
1.27617
1.3109
1.38762
1.44911
1.46208
1.45086
1.41608
1.38423
1.36535
1.35476
1.35185
1.35918
1.36726
1.36711
1.35285
1.33305
1.32803
1.33937
1.39729
1.44327
1.45824
1.46437
1.46822
1.46926
1.44341
1.40193
1.37881
1.36845
1.3644
1.35999
1.35957
1.38725
1.41603
1.42946
1.44049
1.45211
1.45922
1.46245
1.45252
1.40261
1.3331
1.2895
1.27371
1.27238
1.31065
1.38016
1.42068
1.41821
1.52442
4.6594
29.2131
1.13189
1.15778
1.18625
1.24099
1.28116
1.29735
1.30192
1.30205
1.27067
1.20973
1.17058
1.15683
1.15668
1.17173
1.20126
1.21745
1.2196
1.20924
1.19488
1.20434
1.25143
1.29649
1.31285
1.31578
1.31365
1.30801
1.30018
1.2931
1.29078
1.29145
1.28758
1.2766
1.25251
1.2236
1.21094
1.21435
1.26586
1.36991
1.42366
1.43529
1.43502
1.41925
1.37236
1.31761
1.28413
1.27239
1.27207
1.27799
1.28881
1.30154
1.32517
1.37397
1.40866
1.41569
1.40518
1.3907
1.38405
1.38272
1.38926
1.39777
1.39678
1.37937
1.34885
1.32519
1.31347
1.3116
1.33837
1.41246
1.45344
1.46555
1.47058
1.47374
1.46123
1.42634
1.39574
1.37398
1.35916
1.35106
1.34672
1.35362
1.39189
1.42721
1.44856
1.46259
1.46843
1.4705
1.4557
1.41719
1.36885
1.31879
1.28655
1.2722
1.28488
1.32649
1.35877
1.36749
1.49073
4.75285
29.4015
1.15288
1.15558
1.13084
1.12759
1.16113
1.23959
1.29299
1.30794
1.30926
1.28705
1.23351
1.19956
1.19095
1.20154
1.22202
1.22844
1.22302
1.1888
1.15974
1.15597
1.17259
1.23344
1.28674
1.30424
1.30747
1.30656
1.31067
1.33054
1.35025
1.35362
1.34122
1.30796
1.26148
1.22401
1.20682
1.20222
1.20494
1.24704
1.3515
1.41114
1.4263
1.43056
1.42917
1.39446
1.34056
1.30883
1.29754
1.29634
1.29939
1.30253
1.30348
1.31118
1.34381
1.3755
1.38902
1.39247
1.39546
1.40332
1.41459
1.41858
1.41541
1.39656
1.35603
1.32208
1.30744
1.30499
1.31225
1.36874
1.43639
1.46142
1.46926
1.4728
1.46249
1.44151
1.41626
1.39008
1.36727
1.35165
1.3444
1.34332
1.36334
1.41551
1.45173
1.464
1.46748
1.45937
1.43951
1.41697
1.39177
1.35944
1.32618
1.30243
1.29311
1.31189
1.32842
1.32572
1.45219
4.81483
29.4547
1.1746
1.15955
1.10865
1.08268
1.0824
1.11466
1.21469
1.28689
1.30813
1.31271
1.30143
1.27161
1.25159
1.24685
1.24561
1.23975
1.20942
1.16674
1.1443
1.13889
1.14178
1.15787
1.21582
1.26872
1.29072
1.30794
1.34259
1.37064
1.38018
1.3795
1.36878
1.34008
1.29085
1.24497
1.21532
1.20182
1.1982
1.19939
1.236
1.34382
1.4125
1.43573
1.44838
1.45274
1.42212
1.36405
1.32831
1.31369
1.30696
1.30005
1.29268
1.28811
1.29109
1.32221
1.36375
1.38839
1.40366
1.42081
1.43041
1.43046
1.42408
1.41024
1.3735
1.32971
1.31085
1.30771
1.3113
1.33689
1.40001
1.44197
1.45488
1.45626
1.44792
1.43633
1.42981
1.42126
1.40439
1.37959
1.35937
1.35263
1.35371
1.37212
1.41764
1.4429
1.44868
1.44023
1.42634
1.41709
1.40568
1.39681
1.38282
1.36196
1.34264
1.33146
1.32182
1.29644
1.34354
4.93725
29.3656
1.19314
1.1581
1.1127
1.0825
1.07199
1.0714
1.0886
1.17555
1.26644
1.30814
1.33811
1.35583
1.35016
1.31873
1.27832
1.2349
1.18795
1.15203
1.13499
1.13001
1.13055
1.13324
1.14488
1.19105
1.25986
1.32506
1.37139
1.39093
1.39566
1.38897
1.36439
1.33786
1.31834
1.28687
1.24423
1.20971
1.19315
1.19056
1.19464
1.23941
1.36073
1.43699
1.46229
1.47376
1.4729
1.42989
1.36759
1.33149
1.31533
1.30569
1.29379
1.28083
1.27568
1.27983
1.31261
1.36368
1.40656
1.43212
1.44311
1.4444
1.43627
1.42145
1.38906
1.34674
1.325
1.32014
1.32353
1.3338
1.35657
1.39459
1.41939
1.4293
1.43305
1.43784
1.44433
1.44935
1.44736
1.43146
1.39257
1.35654
1.34113
1.33939
1.35296
1.38476
1.41139
1.42233
1.42233
1.42013
1.42814
1.43394
1.42749
1.4159
1.39754
1.36657
1.3332
1.27018
1.26853
5.03495
29.1074
1.21939
1.17094
1.12949
1.09629
1.07591
1.06108
1.05759
1.06693
1.13941
1.26978
1.36264
1.41146
1.42543
1.41533
1.34853
1.2546
1.18623
1.14959
1.1335
1.12931
1.12984
1.13184
1.13594
1.14545
1.19558
1.31039
1.37318
1.38987
1.39467
1.38169
1.35218
1.33402
1.3265
1.31702
1.28525
1.2314
1.19721
1.19144
1.19415
1.20674
1.27829
1.40622
1.4634
1.4759
1.47817
1.46255
1.4214
1.37377
1.34153
1.32064
1.29957
1.27892
1.27044
1.27146
1.27764
1.31825
1.39173
1.43591
1.44774
1.45001
1.44701
1.42876
1.39849
1.36838
1.34703
1.339
1.3396
1.34301
1.34457
1.34769
1.36323
1.38923
1.41603
1.44061
1.46181
1.47611
1.47892
1.47483
1.44219
1.37652
1.33546
1.31875
1.31429
1.31928
1.34275
1.38779
1.41841
1.43922
1.45921
1.46666
1.46241
1.45531
1.43906
1.38581
1.32896
1.24496
1.21365
5.06631
28.9554
1.26325
1.20458
1.15743
1.10922
1.0709
1.05534
1.05475
1.05888
1.07039
1.16277
1.34792
1.42033
1.434
1.43616
1.40687
1.29968
1.20568
1.16224
1.14346
1.13555
1.13291
1.13322
1.1365
1.14777
1.19285
1.27054
1.33833
1.36601
1.3731
1.36616
1.34701
1.33243
1.32614
1.32237
1.31252
1.27472
1.22464
1.20636
1.20724
1.21827
1.24797
1.3196
1.41344
1.45473
1.46393
1.46385
1.45462
1.42709
1.38663
1.34578
1.30937
1.28385
1.2735
1.27386
1.28418
1.29952
1.34484
1.41381
1.44149
1.44404
1.43465
1.42563
1.4146
1.3928
1.37489
1.36564
1.3621
1.35812
1.34548
1.33247
1.33067
1.33933
1.37906
1.4356
1.47497
1.49398
1.49821
1.49789
1.47769
1.40588
1.34274
1.31386
1.30159
1.29905
1.30183
1.34271
1.41659
1.46183
1.48267
1.49082
1.49015
1.47918
1.44662
1.39018
1.33821
1.26289
1.2369
5.00907
28.9765
1.30671
1.26303
1.19152
1.1252
1.08164
1.06607
1.06597
1.07476
1.0937
1.13496
1.25789
1.38664
1.42025
1.41683
1.39234
1.34638
1.2663
1.20157
1.16533
1.14602
1.13949
1.14074
1.14647
1.17138
1.21622
1.2486
1.27859
1.31179
1.33345
1.34173
1.34232
1.33635
1.32736
1.32197
1.31795
1.3073
1.27224
1.23966
1.2329
1.24201
1.25908
1.2739
1.31198
1.38895
1.43927
1.45471
1.45567
1.45192
1.43635
1.39509
1.34212
1.30618
1.2916
1.29183
1.30043
1.30721
1.31245
1.35157
1.40604
1.42138
1.41779
1.41335
1.41196
1.41198
1.40391
1.395
1.38984
1.37905
1.35753
1.33453
1.31965
1.31624
1.33369
1.41031
1.47168
1.49378
1.49996
1.50201
1.48504
1.42706
1.36449
1.32473
1.30811
1.30212
1.29932
1.32756
1.40778
1.45957
1.48032
1.4885
1.48887
1.47597
1.44404
1.39151
1.3462
1.28346
1.28232
4.85266
29.1143
1.30543
1.30012
1.24059
1.16805
1.11897
1.10163
1.10346
1.11877
1.13958
1.1588
1.19005
1.26787
1.34193
1.36569
1.36697
1.36206
1.33704
1.26503
1.19884
1.16351
1.15347
1.15541
1.16598
1.20052
1.23557
1.24903
1.25372
1.25307
1.26069
1.28825
1.31723
1.32717
1.33029
1.32643
1.32019
1.31883
1.31463
1.2932
1.27519
1.27125
1.27155
1.2695
1.26849
1.28685
1.35851
1.42153
1.44256
1.4456
1.44341
1.43508
1.40434
1.35715
1.32583
1.3148
1.31342
1.31074
1.30401
1.30581
1.34669
1.39073
1.40241
1.40373
1.4105
1.42125
1.42556
1.42316
1.4195
1.40636
1.37565
1.33871
1.31312
1.30288
1.30523
1.36673
1.45279
1.48461
1.49283
1.49571
1.48117
1.43977
1.38996
1.34887
1.32596
1.31552
1.31257
1.33673
1.39045
1.43953
1.46232
1.47078
1.47117
1.45575
1.43012
1.39644
1.36187
1.31556
1.35982
4.64808
29.259
1.30017
1.304
1.28402
1.22723
1.17546
1.15492
1.15519
1.16746
1.17754
1.18197
1.18277
1.18205
1.20423
1.26509
1.3221
1.34397
1.34348
1.33203
1.27178
1.2103
1.1863
1.18545
1.20005
1.23262
1.25236
1.25605
1.24296
1.21845
1.21239
1.22328
1.26989
1.31408
1.32842
1.32977
1.32669
1.33047
1.33725
1.34301
1.33309
1.3074
1.28379
1.26636
1.25781
1.25701
1.27034
1.34002
1.41154
1.43602
1.44227
1.44717
1.45046
1.42965
1.37516
1.33869
1.32159
1.30709
1.29427
1.29063
1.29912
1.34159
1.37644
1.39178
1.40689
1.42557
1.4421
1.44774
1.44574
1.43192
1.39073
1.33637
1.30154
1.29166
1.2913
1.32127
1.41347
1.46902
1.48366
1.48925
1.48347
1.45188
1.41333
1.37909
1.35324
1.33739
1.33167
1.33903
1.36379
1.4
1.42783
1.44268
1.45164
1.44103
1.41904
1.39755
1.37422
1.34588
1.43439
4.51286
29.3973
1.28183
1.29207
1.28138
1.26179
1.24047
1.22612
1.22004
1.21734
1.21372
1.20215
1.17577
1.14912
1.13745
1.14842
1.21454
1.29891
1.33332
1.33779
1.33455
1.29575
1.25193
1.23888
1.24452
1.25609
1.2619
1.25886
1.23383
1.20447
1.19295
1.19488
1.2116
1.26457
1.31186
1.3299
1.33897
1.34975
1.36351
1.37173
1.37113
1.34455
1.30279
1.27307
1.25548
1.24925
1.25133
1.26264
1.33101
1.40871
1.44077
1.45695
1.47196
1.47567
1.43796
1.37084
1.32803
1.30529
1.29418
1.28844
1.28588
1.29378
1.3262
1.36376
1.39915
1.43646
1.46308
1.46971
1.46642
1.45099
1.39969
1.33326
1.29696
1.2875
1.28738
1.29457
1.34981
1.43681
1.47852
1.48833
1.48392
1.45832
1.43323
1.41028
1.38732
1.36782
1.35415
1.34458
1.34163
1.35717
1.38648
1.41363
1.43079
1.43306
1.4212
1.40201
1.38277
1.35488
1.45564
4.49797
29.4454
1.22743
1.25931
1.26589
1.28302
1.30075
1.30064
1.2843
1.26393
1.24334
1.21455
1.1747
1.13914
1.12042
1.1163
1.12309
1.18086
1.27947
1.3295
1.34527
1.35296
1.34195
1.3127
1.2897
1.27356
1.25835
1.24342
1.22215
1.19898
1.18487
1.18088
1.1846
1.20136
1.25788
1.32051
1.35435
1.37588
1.38677
1.39046
1.38761
1.36717
1.32179
1.2823
1.26037
1.25165
1.24984
1.25029
1.26
1.33462
1.42527
1.46748
1.48492
1.49085
1.47819
1.41692
1.35145
1.31675
1.29992
1.28799
1.27978
1.27689
1.2817
1.31012
1.37548
1.44311
1.47588
1.48613
1.4865
1.47385
1.42115
1.35304
1.31009
1.29373
1.29087
1.29253
1.30256
1.35541
1.43285
1.46526
1.47107
1.46226
1.44737
1.43759
1.42721
1.41373
1.39271
1.36133
1.3402
1.33331
1.33907
1.36256
1.39796
1.4203
1.42249
1.40739
1.3872
1.35532
1.45878
4.54268
29.4682
1.14105
1.20444
1.25312
1.30114
1.32805
1.33865
1.33509
1.31175
1.27045
1.22725
1.18625
1.1493
1.12447
1.1161
1.11669
1.12082
1.16062
1.25877
1.33547
1.37617
1.39777
1.39678
1.36573
1.31785
1.27389
1.24214
1.21849
1.19796
1.18292
1.17566
1.1751
1.17866
1.19575
1.27085
1.3562
1.39119
1.40256
1.40259
1.3961
1.38221
1.34216
1.29843
1.27342
1.26031
1.25172
1.24834
1.25068
1.27223
1.37995
1.46466
1.48375
1.48937
1.48173
1.44511
1.38872
1.3443
1.31437
1.29221
1.27795
1.27209
1.27116
1.2745
1.31753
1.42146
1.47552
1.4864
1.48769
1.48012
1.44725
1.39483
1.34269
1.30979
1.29762
1.29544
1.29765
1.30938
1.35971
1.42423
1.45159
1.45575
1.44904
1.44872
1.45115
1.44908
1.43733
1.39542
1.35093
1.32956
1.32131
1.32321
1.34333
1.38525
1.40592
1.40451
1.38622
1.3483
1.45744
4.63518
29.5004
1.10025
1.11756
1.18933
1.28809
1.32877
1.33801
1.33596
1.32338
1.30382
1.26308
1.21396
1.17253
1.142
1.12507
1.11968
1.11997
1.12279
1.14847
1.25544
1.36979
1.41212
1.42061
1.41932
1.38616
1.31953
1.25916
1.22237
1.20023
1.18547
1.17749
1.17625
1.17982
1.18714
1.22219
1.32576
1.38914
1.40269
1.39875
1.38601
1.37208
1.35232
1.32294
1.2939
1.27076
1.25833
1.2578
1.26412
1.27993
1.33187
1.4225
1.46117
1.46758
1.46499
1.44986
1.42686
1.39018
1.34768
1.30898
1.28297
1.27192
1.27127
1.27385
1.29378
1.37252
1.44717
1.47307
1.47733
1.47526
1.46287
1.43366
1.38906
1.34342
1.31594
1.30502
1.3023
1.30778
1.3274
1.36221
1.40679
1.43341
1.44382
1.4482
1.45443
1.45683
1.45531
1.43491
1.37837
1.33912
1.32499
1.31923
1.31452
1.33105
1.3693
1.38073
1.36085
1.31778
1.43278
4.77744
29.515
1.10262
1.11419
1.14136
1.20308
1.27043
1.30429
1.31577
1.31975
1.31943
1.30442
1.26325
1.2101
1.16722
1.14038
1.12741
1.12429
1.12719
1.13757
1.16437
1.2748
1.3869
1.41699
1.4194
1.41587
1.38791
1.3136
1.24533
1.20886
1.19124
1.18337
1.18257
1.19044
1.20664
1.22877
1.27661
1.35136
1.38318
1.38073
1.36898
1.36536
1.36245
1.34959
1.32227
1.29386
1.28123
1.28417
1.29291
1.30291
1.31916
1.35394
1.40193
1.4282
1.43967
1.44376
1.44131
1.42796
1.38926
1.33945
1.30226
1.28557
1.28415
1.28934
1.31449
1.34568
1.38295
1.4299
1.4575
1.46606
1.46488
1.44394
1.41781
1.38497
1.35239
1.33325
1.32496
1.32662
1.3319
1.3354
1.35149
1.38918
1.42358
1.44517
1.45646
1.45759
1.45023
1.44015
1.41396
1.37289
1.34587
1.32943
1.31554
1.30481
1.31143
1.33302
1.32606
1.28619
1.39635
4.9557
29.5353
1.11794
1.13188
1.13296
1.13439
1.15592
1.22867
1.29357
1.31576
1.32139
1.32238
1.30564
1.25702
1.19999
1.16104
1.14259
1.13777
1.14292
1.1582
1.17064
1.18471
1.27159
1.37286
1.40145
1.40504
1.40275
1.37836
1.30354
1.23702
1.20688
1.19742
1.1985
1.21073
1.22883
1.24141
1.25409
1.28856
1.33213
1.34972
1.35229
1.35397
1.35519
1.35545
1.35517
1.34095
1.32264
1.31596
1.31935
1.32345
1.32268
1.31921
1.32708
1.35764
1.3957
1.42098
1.42875
1.42836
1.41641
1.3838
1.34832
1.32375
1.31465
1.31619
1.33096
1.33927
1.33766
1.35911
1.40891
1.43988
1.45057
1.44475
1.42816
1.41558
1.39926
1.38185
1.36968
1.36234
1.35177
1.33409
1.32538
1.33137
1.36399
1.40844
1.43967
1.44925
1.44827
1.44411
1.43642
1.41627
1.38679
1.36001
1.33262
1.30722
1.28518
1.27357
1.27795
1.27857
1.38862
5.10746
29.4997
1.13935
1.1434
1.12572
1.10607
1.10366
1.12492
1.2186
1.29439
1.31507
1.32027
1.31673
1.29159
1.24399
1.19905
1.17555
1.1698
1.17442
1.17922
1.17693
1.17313
1.17706
1.25347
1.35428
1.38745
1.39424
1.39653
1.37749
1.30331
1.24374
1.22266
1.22102
1.23367
1.2493
1.25386
1.25396
1.24889
1.25436
1.28714
1.31903
1.33706
1.35237
1.36838
1.37938
1.38532
1.3814
1.36551
1.35282
1.34069
1.32254
1.3049
1.29558
1.29879
1.32455
1.37177
1.40497
1.41816
1.42074
1.41488
1.39589
1.37607
1.36154
1.35249
1.34637
1.33568
1.3246
1.32121
1.3362
1.37559
1.41136
1.4289
1.43104
1.43394
1.43841
1.43703
1.43062
1.41675
1.38966
1.34674
1.31598
1.30687
1.31383
1.33633
1.38147
1.42609
1.44252
1.4431
1.44144
1.44093
1.42781
1.40652
1.37236
1.32606
1.28622
1.25613
1.23848
1.26212
1.38737
5.2128
29.4802
1.15137
1.13754
1.11459
1.09612
1.0913
1.09475
1.12493
1.22747
1.2938
1.30922
1.30951
1.29913
1.285
1.25896
1.22975
1.21281
1.2038
1.19288
1.17626
1.16391
1.16142
1.16767
1.24047
1.34325
1.3847
1.39609
1.39697
1.36807
1.30595
1.26881
1.25894
1.26356
1.26793
1.26597
1.25161
1.22377
1.21123
1.21965
1.25798
1.3077
1.34545
1.37226
1.39534
1.41677
1.42871
1.42232
1.39621
1.36068
1.32667
1.30263
1.2869
1.27708
1.27917
1.30217
1.35567
1.40104
1.42017
1.42309
1.42372
1.42336
1.41949
1.40592
1.38037
1.34905
1.32234
1.30555
1.29594
1.30014
1.32451
1.3743
1.41862
1.44573
1.47096
1.48346
1.48376
1.47396
1.43823
1.3758
1.32621
1.30686
1.30073
1.3003
1.30738
1.34914
1.40367
1.42705
1.4416
1.4529
1.45275
1.44154
1.4273
1.3845
1.32735
1.28846
1.24936
1.2047
1.33525
5.28046
29.4826
1.14721
1.11573
1.10078
1.09113
1.08945
1.09277
1.09871
1.13704
1.23517
1.28914
1.30179
1.30168
1.307
1.3069
1.28852
1.25577
1.22588
1.20355
1.18359
1.16584
1.15714
1.15629
1.1644
1.23105
1.3313
1.37496
1.38629
1.39035
1.3842
1.34746
1.3129
1.29366
1.28229
1.26991
1.24288
1.21274
1.19511
1.19064
1.20204
1.24622
1.31171
1.36413
1.40779
1.44492
1.45594
1.45035
1.42863
1.38891
1.34487
1.30808
1.28199
1.26542
1.26129
1.26593
1.2915
1.3466
1.39622
1.42506
1.44711
1.4594
1.45748
1.44622
1.42101
1.37945
1.33863
1.30756
1.28249
1.26239
1.26116
1.28317
1.36026
1.44042
1.48704
1.51459
1.51943
1.51445
1.4853
1.41884
1.35692
1.32107
1.30504
1.29591
1.28887
1.29232
1.34061
1.40092
1.43506
1.45682
1.46814
1.46558
1.45978
1.43701
1.38121
1.32926
1.27423
1.19232
1.24072
5.28716
29.5966
1.15078
1.10445
1.09584
1.09013
1.09113
1.09543
1.09947
1.10423
1.14297
1.2338
1.29104
1.31315
1.32049
1.32444
1.32667
1.31044
1.26866
1.2286
1.19518
1.16911
1.156
1.1545
1.15697
1.16671
1.2215
1.31515
1.37368
1.405
1.4179
1.41516
1.37937
1.33408
1.3025
1.27468
1.24192
1.21128
1.19156
1.18412
1.18562
1.19628
1.24228
1.33227
1.41791
1.46415
1.47553
1.47066
1.45096
1.41563
1.36691
1.31675
1.27977
1.26111
1.25506
1.25611
1.26277
1.28185
1.33227
1.40631
1.46164
1.4811
1.48203
1.47475
1.46421
1.43444
1.37952
1.32425
1.28072
1.25457
1.24517
1.24544
1.27264
1.38668
1.48712
1.52475
1.53276
1.531
1.51366
1.46277
1.40134
1.35034
1.31375
1.29211
1.28243
1.28002
1.29547
1.35808
1.42112
1.45439
1.468
1.46963
1.4672
1.45901
1.42351
1.36624
1.29831
1.19312
1.19247
5.18527
29.7062
1.2
1.12399
1.10673
1.09853
1.09864
1.10223
1.10486
1.10648
1.11198
1.14892
1.23219
1.289
1.31177
1.32076
1.32726
1.33331
1.32501
1.27986
1.22849
1.19452
1.17616
1.16884
1.16701
1.16902
1.17638
1.211
1.29507
1.37063
1.40458
1.41471
1.41443
1.39413
1.35728
1.31506
1.26952
1.22902
1.20164
1.18852
1.18676
1.19114
1.20036
1.25775
1.38316
1.45508
1.47372
1.47497
1.46724
1.44164
1.39853
1.34528
1.30093
1.27569
1.26326
1.25836
1.25961
1.26483
1.27392
1.33491
1.43326
1.47296
1.47987
1.47771
1.47739
1.47345
1.43622
1.36795
1.30723
1.26901
1.25186
1.24818
1.25074
1.31141
1.44361
1.50897
1.52585
1.52758
1.51522
1.48065
1.4391
1.39433
1.34812
1.31642
1.30063
1.29113
1.29244
1.32556
1.38852
1.43271
1.45374
1.46199
1.45949
1.45461
1.43764
1.3955
1.33664
1.24001
1.20944
5.06501
29.7821
)
;

boundaryField
{
    back
    {
        type            empty;
    }
    outlet
    {
        type            calculated;
        value           nonuniform List<scalar> 
99
(
1.16769
1.1559
1.15173
1.15195
1.16674
1.18403
1.18679
1.18527
1.15983
1.10713
1.06852
1.0602
1.05837
1.06531
1.07813
1.09346
1.10359
1.10005
1.08898
1.07882
1.07253
1.07428
1.07338
1.07789
1.10384
1.15054
1.19029
1.22572
1.24584
1.24467
1.20476
1.14705
1.11638
1.09429
1.07065
1.03481
1.02377
1.03999
1.09224
1.14312
1.1638
1.17056
1.15651
1.13182
1.12834
1.13913
1.16856
1.19536
1.22525
1.23205
1.19852
1.14692
1.11105
1.07959
1.06369
1.06195
1.06793
1.09271
1.12609
1.18233
1.24795
1.28507
1.29591
1.28384
1.22045
1.16429
1.14056
1.1123
1.08973
1.08907
1.10114
1.13929
1.20033
1.26568
1.28193
1.28011
1.23917
1.15452
1.10858
1.13189
1.15288
1.1746
1.19314
1.21939
1.26325
1.30671
1.30543
1.30017
1.28183
1.22743
1.14105
1.10025
1.10262
1.11794
1.13935
1.15137
1.14721
1.15078
1.2
)
;
    }
    top
    {
        type            calculated;
        value           nonuniform List<scalar> 
99
(
1.2
1.12399
1.10673
1.09853
1.09864
1.10223
1.10486
1.10648
1.11198
1.14892
1.23219
1.289
1.31177
1.32076
1.32726
1.33331
1.32501
1.27986
1.22849
1.19452
1.17616
1.16884
1.16701
1.16902
1.17638
1.211
1.29507
1.37063
1.40458
1.41471
1.41443
1.39413
1.35728
1.31506
1.26952
1.22902
1.20164
1.18852
1.18676
1.19114
1.20036
1.25775
1.38316
1.45508
1.47372
1.47497
1.46724
1.44164
1.39853
1.34528
1.30093
1.27569
1.26326
1.25836
1.25961
1.26483
1.27392
1.33491
1.43326
1.47296
1.47987
1.47771
1.47739
1.47345
1.43622
1.36795
1.30723
1.26901
1.25186
1.24818
1.25074
1.31141
1.44361
1.50897
1.52585
1.52758
1.51522
1.48065
1.4391
1.39433
1.34812
1.31642
1.30063
1.29113
1.29244
1.32556
1.38852
1.43271
1.45374
1.46199
1.45949
1.45461
1.43764
1.3955
1.33664
1.24001
1.20944
5.06501
29.7821
)
;
    }
    inlet
    {
        type            calculated;
        value           uniform 1.40001;
    }
    bottom
    {
        type            calculated;
        value           nonuniform List<scalar> 
99
(
1.16769
1.19742
1.19614
1.18885
1.17486
1.16811
1.17176
1.17707
1.18376
1.19153
1.20034
1.21669
1.26801
1.31197
1.3199
1.31786
1.30393
1.25246
1.19092
1.17671
1.18434
1.20264
1.23515
1.28334
1.33939
1.38354
1.40757
1.41328
1.41258
1.39834
1.3585
1.32108
1.31606
1.32274
1.3313
1.33805
1.34481
1.3526
1.36301
1.38492
1.4306
1.47299
1.49224
1.50171
1.50795
1.49808
1.44641
1.40896
1.40541
1.4106
1.41868
1.43524
1.47919
1.53418
1.56048
1.57087
1.57715
1.58054
1.57365
1.55668
1.55161
1.55546
1.5623
1.57018
1.58355
1.61589
1.64435
1.65739
1.66642
1.67515
1.68111
1.68661
1.69058
1.69477
1.70522
1.72088
1.76632
1.82755
1.85766
1.87216
1.88067
1.87902
1.86454
1.84637
1.84502
1.86531
1.89585
1.94385
2.05958
2.18168
2.24679
2.28588
2.32193
2.33783
2.31607
2.29239
2.22878
4.95853
26.9246
)
;
    }
    front
    {
        type            empty;
    }
}


// ************************************************************************* //
