/*--------------------------------*- C++ -*----------------------------------*\
  =========                 |
  \\      /  F ield         | OpenFOAM: The Open Source CFD Toolbox
   \\    /   O peration     | Website:  https://openfoam.org
    \\  /    A nd           | Version:  12
     \\/     M anipulation  |
\*---------------------------------------------------------------------------*/
FoamFile
{
    format      ascii;
    class       volScalarField;
    location    "15.4";
    object      p;
}
// * * * * * * * * * * * * * * * * * * * * * * * * * * * * * * * * * * * * * //

dimensions      [1 -1 -2 0 0 0 0];

internalField   nonuniform List<scalar> 
9801
(
0.623414
0.624722
0.623487
0.624582
0.626519
0.6293
0.63332
0.64367
0.659022
0.666755
0.669633
0.671165
0.671118
0.669659
0.670109
0.671961
0.674591
0.678241
0.684949
0.699437
0.71254
0.718257
0.721127
0.723025
0.721945
0.720309
0.721354
0.723757
0.726973
0.731064
0.740554
0.758524
0.770625
0.775884
0.779034
0.779688
0.774944
0.773376
0.775303
0.778753
0.782933
0.79075
0.810066
0.827533
0.834923
0.839026
0.840534
0.835343
0.831615
0.832836
0.836089
0.840648
0.847756
0.86757
0.8898
0.900376
0.905994
0.908577
0.903584
0.89819
0.898792
0.902067
0.907414
0.915431
0.936374
0.963534
0.97833
0.985785
0.991083
0.984014
0.972767
0.971602
0.977237
0.985609
0.998626
1.02999
1.06384
1.0823
1.09284
1.09862
1.08818
1.07049
1.06658
1.07522
1.09067
1.12654
1.18568
1.22319
1.24595
1.26505
1.27303
1.25283
1.22874
1.23535
1.27461
1.36888
1.50278
2.76793
10.7768
0.629335
0.630402
0.629343
0.631077
0.63362
0.636567
0.641801
0.652407
0.661863
0.668673
0.673414
0.676783
0.677933
0.675794
0.676243
0.678652
0.68172
0.685204
0.692641
0.705276
0.714799
0.720959
0.7253
0.728379
0.727106
0.72503
0.726615
0.729697
0.733298
0.73783
0.749117
0.763101
0.772042
0.777947
0.782275
0.783202
0.778526
0.777917
0.780707
0.784675
0.788899
0.797169
0.814633
0.828617
0.836318
0.841704
0.844158
0.837928
0.834327
0.836617
0.841052
0.84606
0.852595
0.870827
0.891372
0.902313
0.909058
0.913322
0.90765
0.898747
0.899533
0.904248
0.910465
0.918017
0.938632
0.965814
0.980842
0.989088
0.995084
0.989565
0.974855
0.973697
0.979609
0.988048
1.0009
1.03254
1.06488
1.08222
1.09317
1.10281
1.09683
1.07361
1.0689
1.0795
1.09377
1.12419
1.17359
1.2116
1.23732
1.26069
1.27635
1.26159
1.23864
1.23487
1.26296
1.32235
1.41849
2.60951
10.9218
0.631141
0.632776
0.631901
0.633742
0.636598
0.639892
0.645626
0.656087
0.664271
0.669858
0.674416
0.678011
0.679939
0.678762
0.679351
0.681928
0.685267
0.688875
0.696013
0.708077
0.716591
0.722105
0.726447
0.729802
0.729272
0.72755
0.729388
0.732804
0.736757
0.741708
0.753265
0.766219
0.773673
0.778785
0.782907
0.783775
0.780195
0.78083
0.784412
0.788896
0.793495
0.801717
0.817838
0.829901
0.836598
0.841623
0.844115
0.839345
0.837082
0.840215
0.845267
0.850942
0.857989
0.874596
0.893044
0.903106
0.909592
0.913972
0.909714
0.901067
0.901499
0.906624
0.913627
0.921719
0.940957
0.966649
0.981489
0.990012
0.99681
0.994295
0.979601
0.975345
0.981041
0.989893
1.00125
1.0284
1.06156
1.08185
1.09502
1.1061
1.10544
1.08141
1.07128
1.08011
1.09508
1.11654
1.16124
1.20957
1.24064
1.26397
1.28292
1.27331
1.25397
1.2515
1.26909
1.31849
1.37679
2.53535
10.9353
0.633809
0.636459
0.635814
0.637604
0.640442
0.64392
0.650242
0.66022
0.667617
0.672486
0.676462
0.680016
0.682983
0.683038
0.683456
0.685817
0.689051
0.692686
0.699548
0.711369
0.719645
0.724726
0.728782
0.732367
0.732683
0.731198
0.733063
0.736448
0.740473
0.745857
0.757267
0.769175
0.776072
0.780723
0.784751
0.786421
0.78405
0.785264
0.788706
0.792721
0.797025
0.804423
0.819068
0.830828
0.837867
0.843165
0.847262
0.844898
0.842074
0.844368
0.84854
0.853473
0.859945
0.874996
0.892955
0.903614
0.910509
0.915924
0.915462
0.906467
0.905198
0.909653
0.916341
0.924261
0.941382
0.966292
0.982214
0.991569
0.999216
1.00178
0.988191
0.97879
0.982493
0.991273
1.00161
1.02359
1.05875
1.08235
1.09598
1.10692
1.11298
1.09644
1.07761
1.07921
1.09367
1.11166
1.14451
1.19268
1.22906
1.25473
1.27872
1.28434
1.26543
1.25246
1.25568
1.29099
1.32433
2.50334
10.9709
0.63645
0.639303
0.638861
0.640602
0.643271
0.646581
0.653244
0.663784
0.671145
0.675822
0.679539
0.682923
0.685874
0.685884
0.686125
0.688356
0.691454
0.695081
0.702295
0.714702
0.723105
0.728049
0.731952
0.735497
0.735941
0.73422
0.735926
0.739081
0.742734
0.747642
0.759024
0.771867
0.779348
0.784216
0.78844
0.791096
0.788367
0.788027
0.790702
0.794239
0.798289
0.804855
0.820104
0.834155
0.842001
0.847465
0.852271
0.852274
0.846251
0.845624
0.848787
0.853334
0.859153
0.873056
0.893655
0.906654
0.914205
0.920061
0.92328
0.915089
0.908549
0.910778
0.916583
0.923566
0.936883
0.96243
0.981861
0.992796
1.0012
1.00804
1.00179
0.986612
0.983919
0.990935
1.00055
1.01552
1.04852
1.07937
1.09662
1.10897
1.12016
1.11643
1.09206
1.08118
1.0889
1.1054
1.12924
1.1722
1.21607
1.24803
1.27437
1.29507
1.28732
1.26925
1.25894
1.26961
1.28071
2.47528
11.0083
0.640207
0.64301
0.642296
0.643928
0.646447
0.649478
0.655816
0.667379
0.675318
0.679909
0.68354
0.686889
0.689614
0.688924
0.688842
0.69101
0.694075
0.697691
0.704919
0.718222
0.727281
0.732214
0.736015
0.739502
0.740041
0.737304
0.737976
0.740808
0.744403
0.74876
0.759491
0.775032
0.784075
0.789111
0.793318
0.796754
0.794293
0.790073
0.790691
0.793947
0.798278
0.804529
0.820605
0.838346
0.847702
0.853266
0.858011
0.859844
0.852104
0.846096
0.847457
0.852139
0.858216
0.870843
0.894193
0.91065
0.91923
0.925377
0.930735
0.926989
0.914559
0.91036
0.914412
0.921141
0.931602
0.956806
0.982594
0.996544
1.00561
1.01355
1.01593
0.999676
0.98775
0.989193
0.997757
1.0091
1.0346
1.07292
1.09844
1.11352
1.12563
1.13155
1.11298
1.09157
1.08864
1.10022
1.11767
1.14844
1.19256
1.22988
1.25878
1.28476
1.29828
1.28875
1.26959
1.25876
1.24415
2.43981
11.0561
0.643391
0.646007
0.644686
0.646114
0.648741
0.651924
0.657835
0.67032
0.6795
0.684085
0.687526
0.690743
0.693269
0.692064
0.690579
0.69225
0.695386
0.699242
0.706318
0.720549
0.731283
0.736617
0.740392
0.743805
0.745374
0.742155
0.739866
0.741439
0.74486
0.749253
0.75852
0.77613
0.788239
0.794299
0.798627
0.802313
0.801607
0.79452
0.791339
0.793597
0.798034
0.804492
0.819818
0.840203
0.851531
0.85759
0.862358
0.865769
0.860415
0.849895
0.847668
0.851636
0.857651
0.869002
0.892798
0.913069
0.922933
0.929218
0.934952
0.93606
0.922436
0.912435
0.91334
0.919606
0.928194
0.948865
0.980374
1.00007
1.01043
1.01834
1.02405
1.01358
0.994104
0.989209
0.994949
1.00501
1.02165
1.05807
1.09435
1.11482
1.12824
1.13957
1.13711
1.11169
1.09635
1.09808
1.11082
1.1305
1.16706
1.20832
1.24085
1.26743
1.29071
1.29601
1.28486
1.26288
1.21851
2.39618
11.1086
0.647324
0.649916
0.647579
0.648015
0.6503
0.653417
0.658705
0.671659
0.683592
0.689252
0.692637
0.695548
0.697998
0.697017
0.693779
0.693904
0.696467
0.699978
0.706246
0.720844
0.734231
0.741003
0.745195
0.748705
0.751479
0.748854
0.743618
0.743128
0.745828
0.749757
0.757396
0.775071
0.790352
0.797956
0.802747
0.806741
0.808816
0.801884
0.794939
0.795145
0.798972
0.804296
0.81736
0.839245
0.853183
0.860152
0.865122
0.869366
0.868443
0.856815
0.851593
0.853894
0.859219
0.867185
0.887867
0.912448
0.925195
0.932015
0.937573
0.940918
0.932016
0.918254
0.916495
0.921478
0.928634
0.941571
0.972068
0.999747
1.01326
1.02154
1.02822
1.0265
1.00633
0.993761
0.99529
1.00399
1.01463
1.03791
1.07867
1.10933
1.12687
1.14001
1.15005
1.14079
1.11421
1.10314
1.1082
1.12201
1.14488
1.18292
1.21902
1.24717
1.2709
1.28857
1.28828
1.27177
1.22395
2.34522
11.1632
0.65177
0.654932
0.651957
0.651125
0.652703
0.655393
0.65926
0.670476
0.685098
0.692769
0.696942
0.700149
0.702808
0.703089
0.69869
0.697132
0.698861
0.701876
0.70642
0.719182
0.734794
0.743336
0.74829
0.752169
0.75554
0.755702
0.748924
0.746564
0.74853
0.752027
0.757722
0.773129
0.790127
0.79912
0.804515
0.808869
0.812437
0.809531
0.800434
0.799254
0.80236
0.806862
0.815494
0.836003
0.853046
0.861282
0.866614
0.871299
0.873834
0.86564
0.857151
0.857989
0.862652
0.868347
0.880966
0.906851
0.924636
0.933026
0.939083
0.944578
0.943231
0.929266
0.922787
0.925216
0.931131
0.938447
0.95738
0.990759
1.01169
1.02195
1.0297
1.03602
1.02752
1.00715
1.00031
1.00352
1.01249
1.02445
1.05413
1.09432
1.12107
1.13762
1.15072
1.15767
1.14381
1.12057
1.11249
1.11865
1.13268
1.15797
1.19577
1.22742
1.25108
1.27015
1.27972
1.27477
1.2392
2.31154
11.2165
0.655555
0.659495
0.657039
0.654872
0.655952
0.658422
0.661619
0.66997
0.684867
0.694333
0.699448
0.703143
0.706226
0.708246
0.704721
0.701114
0.702205
0.704973
0.708653
0.718495
0.734525
0.744512
0.750176
0.754421
0.758089
0.760358
0.755345
0.750734
0.752079
0.755354
0.759788
0.771869
0.789633
0.799985
0.805895
0.810519
0.81461
0.815402
0.807414
0.803872
0.806254
0.810301
0.815707
0.830954
0.851558
0.86261
0.868724
0.873723
0.878197
0.875558
0.865374
0.862914
0.865462
0.869984
0.876293
0.895433
0.920975
0.934849
0.942821
0.949149
0.953791
0.945398
0.93178
0.92837
0.930758
0.936563
0.945721
0.972685
1.00559
1.02338
1.03371
1.04221
1.04645
1.0296
1.00979
1.00607
1.01099
1.01991
1.0331
1.06646
1.10537
1.12996
1.14608
1.15954
1.16583
1.15128
1.12792
1.12006
1.12647
1.14084
1.16868
1.20527
1.2334
1.25361
1.2668
1.27059
1.25336
2.29891
11.2623
0.658548
0.663219
0.662358
0.659147
0.659529
0.661815
0.66474
0.671165
0.685044
0.695513
0.701223
0.705282
0.708724
0.711679
0.710475
0.70573
0.705865
0.708369
0.71165
0.719036
0.734718
0.746142
0.752263
0.756694
0.760518
0.76368
0.761168
0.755511
0.755818
0.758753
0.762557
0.770894
0.788843
0.801728
0.808237
0.81294
0.817188
0.820248
0.81518
0.809043
0.809616
0.812812
0.81705
0.825783
0.847271
0.863854
0.871891
0.877328
0.882296
0.884787
0.875796
0.867431
0.866789
0.869868
0.87484
0.88528
0.912862
0.936172
0.947239
0.954271
0.960261
0.960393
0.944072
0.931159
0.930025
0.934375
0.941412
0.955494
0.990887
1.02206
1.03704
1.04587
1.0537
1.05405
1.03274
1.01457
1.01159
1.01604
1.02487
1.04157
1.07959
1.1175
1.14122
1.15697
1.16951
1.17178
1.1555
1.13296
1.12545
1.13203
1.14683
1.17754
1.21375
1.23832
1.25336
1.26068
1.26091
2.30816
11.3025
0.66116
0.666217
0.666815
0.663759
0.663258
0.665269
0.668045
0.672969
0.685827
0.697331
0.70343
0.707657
0.711229
0.714479
0.715134
0.710518
0.709514
0.711699
0.714846
0.72005
0.734407
0.748057
0.75489
0.759398
0.763241
0.766705
0.766506
0.760581
0.759248
0.761638
0.76522
0.770498
0.785949
0.802917
0.81127
0.816249
0.820551
0.824535
0.823421
0.815171
0.812508
0.814353
0.818026
0.82329
0.839779
0.863109
0.875244
0.881618
0.88669
0.891441
0.887914
0.874182
0.868616
0.870067
0.874852
0.881341
0.900578
0.932245
0.950092
0.958535
0.964682
0.969755
0.961621
0.940839
0.932766
0.934866
0.941151
0.948822
0.968716
1.00816
1.03478
1.04721
1.05624
1.0646
1.06057
1.03372
1.01663
1.01638
1.02334
1.03381
1.05369
1.09277
1.12715
1.14836
1.16326
1.17469
1.17562
1.15835
1.13618
1.12909
1.13507
1.15024
1.18331
1.21774
1.23849
1.24796
1.26048
2.33915
11.3421
0.663904
0.669133
0.670551
0.668073
0.66684
0.668521
0.671209
0.675025
0.686195
0.69943
0.706304
0.710585
0.714169
0.717429
0.719181
0.715258
0.713012
0.714727
0.717764
0.721609
0.73262
0.749237
0.758036
0.762663
0.766461
0.770013
0.771701
0.766347
0.762705
0.764022
0.767142
0.771117
0.781211
0.801607
0.814305
0.820284
0.824685
0.82883
0.831076
0.823349
0.81583
0.815415
0.818406
0.822968
0.832573
0.857778
0.877535
0.886044
0.891381
0.895966
0.897398
0.884691
0.872556
0.871848
0.875949
0.881636
0.891035
0.919068
0.947251
0.959447
0.966031
0.971691
0.975087
0.961527
0.942865
0.9383
0.941066
0.947575
0.956608
0.983105
1.02325
1.04651
1.05766
1.06548
1.07095
1.06316
1.03844
1.02523
1.02613
1.03273
1.0432
1.06512
1.10341
1.13423
1.15361
1.1679
1.1783
1.17853
1.1609
1.13821
1.13051
1.13539
1.15049
1.18519
1.21721
1.23336
1.25186
2.38688
11.3898
0.666992
0.672234
0.674021
0.672054
0.670051
0.671386
0.674021
0.677278
0.685649
0.700774
0.709606
0.713997
0.717484
0.720681
0.723123
0.720423
0.716708
0.71753
0.72017
0.723496
0.730066
0.747365
0.760678
0.766544
0.770343
0.773891
0.776813
0.77356
0.76705
0.766261
0.768436
0.772016
0.777711
0.795877
0.81568
0.824524
0.829238
0.833273
0.836808
0.832797
0.820928
0.817531
0.819776
0.823974
0.829761
0.847646
0.874746
0.888499
0.894853
0.899427
0.903439
0.899093
0.883052
0.876619
0.878344
0.882683
0.888215
0.90154
0.93408
0.958104
0.968901
0.975938
0.98222
0.982701
0.963241
0.946343
0.944242
0.94844
0.954747
0.963572
0.992316
1.03132
1.05224
1.0631
1.07244
1.08024
1.07203
1.0465
1.03306
1.03341
1.03989
1.05022
1.07421
1.11186
1.14035
1.15889
1.17298
1.18269
1.18209
1.16216
1.13777
1.1291
1.13253
1.14748
1.18334
1.21148
1.23742
2.44664
11.4453
0.670304
0.675491
0.677434
0.676175
0.673398
0.67422
0.676636
0.679602
0.684747
0.699427
0.712197
0.717807
0.721247
0.724391
0.727236
0.726441
0.721299
0.720301
0.722201
0.725188
0.72916
0.741987
0.760987
0.770255
0.774722
0.778254
0.781586
0.78147
0.77323
0.768784
0.769929
0.773059
0.777281
0.788326
0.81219
0.827134
0.833639
0.837728
0.841254
0.841615
0.83025
0.821787
0.822513
0.826194
0.830713
0.838482
0.863045
0.886851
0.896914
0.902701
0.907511
0.910909
0.901117
0.88523
0.880951
0.88287
0.887462
0.893653
0.912746
0.948061
0.96923
0.978333
0.984317
0.990619
0.989809
0.968484
0.952796
0.949985
0.952031
0.957729
0.968413
1.00175
1.04203
1.06399
1.07491
1.08363
1.0889
1.07832
1.05301
1.03876
1.03853
1.0453
1.05637
1.08439
1.12227
1.14855
1.16517
1.17781
1.18581
1.18382
1.16207
1.13536
1.12467
1.12652
1.14349
1.17882
1.21422
2.50613
11.4978
0.67377
0.678932
0.681118
0.68112
0.677602
0.677205
0.679084
0.681745
0.685087
0.695401
0.712452
0.721269
0.725408
0.728591
0.731575
0.732809
0.727492
0.723444
0.724276
0.726833
0.730181
0.737183
0.756831
0.77224
0.778769
0.782584
0.785859
0.788112
0.78212
0.773264
0.772495
0.775264
0.778943
0.784226
0.802439
0.825528
0.835625
0.840764
0.844774
0.848288
0.84401
0.831018
0.826655
0.828134
0.83139
0.836054
0.848159
0.877213
0.897459
0.906332
0.912222
0.917281
0.918228
0.902433
0.887787
0.885304
0.887846
0.892571
0.899537
0.923594
0.959322
0.978253
0.987974
0.99558
1.00193
0.99602
0.97005
0.954457
0.953428
0.958189
0.965208
0.976836
1.01156
1.05101
1.07137
1.08231
1.0911
1.09571
1.08345
1.05746
1.0436
1.0441
1.0515
1.06436
1.09505
1.13109
1.15476
1.17009
1.18171
1.18839
1.18433
1.16087
1.13159
1.11808
1.11915
1.13774
1.18182
2.54853
11.5384
0.677221
0.682797
0.685232
0.686751
0.683177
0.680447
0.681362
0.683686
0.686639
0.69236
0.709131
0.72318
0.729288
0.732797
0.735764
0.738258
0.735517
0.728231
0.726915
0.729078
0.732201
0.736211
0.749526
0.770602
0.781003
0.786022
0.789661
0.792937
0.792243
0.781913
0.776672
0.778017
0.781003
0.784725
0.79302
0.817018
0.836004
0.843809
0.848622
0.852781
0.855238
0.845448
0.832626
0.830131
0.832478
0.836524
0.841896
0.859666
0.890444
0.907244
0.914444
0.919704
0.924852
0.923933
0.905221
0.891632
0.889417
0.891609
0.896621
0.9058
0.936582
0.972723
0.989851
0.99765
1.00279
1.00733
1.00044
0.975825
0.96222
0.961414
0.965199
0.971788
0.985248
1.02204
1.05855
1.07726
1.08769
1.09592
1.09983
1.08881
1.06462
1.05071
1.05023
1.05639
1.06959
1.10294
1.13861
1.16063
1.17422
1.1843
1.18952
1.18416
1.15964
1.12716
1.1098
1.10834
1.14054
2.56127
11.5706
0.680124
0.68682
0.689356
0.691875
0.69018
0.684717
0.683935
0.685935
0.688776
0.692397
0.704002
0.722302
0.731505
0.736064
0.739389
0.742372
0.743311
0.7361
0.730872
0.731831
0.734619
0.737889
0.744298
0.764065
0.781291
0.788403
0.792744
0.796449
0.799458
0.794242
0.78345
0.780984
0.782981
0.786247
0.790586
0.804368
0.830652
0.845707
0.852499
0.857047
0.861137
0.860673
0.846036
0.835599
0.834946
0.837487
0.841675
0.848321
0.872111
0.902339
0.916559
0.923728
0.929479
0.934259
0.927953
0.905231
0.893492
0.894127
0.898939
0.904398
0.913565
0.945685
0.979707
0.994848
1.00346
1.01104
1.01673
1.00773
0.981606
0.967657
0.967396
0.9726
0.97961
0.992117
1.02742
1.06256
1.08117
1.09237
1.10168
1.10717
1.09657
1.06996
1.05398
1.05274
1.059
1.07338
1.10833
1.14332
1.16411
1.17693
1.18616
1.18999
1.18354
1.15724
1.12208
1.09794
1.09691
2.53391
11.5967
0.68209
0.690523
0.69315
0.695905
0.697003
0.691484
0.687559
0.688669
0.69126
0.694302
0.700537
0.717992
0.732224
0.73833
0.74222
0.74553
0.748433
0.745918
0.737279
0.735193
0.737134
0.740141
0.74385
0.755631
0.777892
0.790211
0.795735
0.799673
0.80332
0.804684
0.794486
0.785564
0.785426
0.788305
0.791888
0.797339
0.817205
0.842771
0.854346
0.860125
0.864609
0.868776
0.864884
0.847672
0.838925
0.839053
0.842097
0.846686
0.856202
0.885994
0.914109
0.925673
0.931289
0.935468
0.940109
0.932429
0.910592
0.901328
0.901163
0.903619
0.908625
0.919846
0.955183
0.989658
1.005
1.01236
1.01804
1.02328
1.01517
0.990374
0.976272
0.974366
0.977102
0.983026
0.997805
1.03634
1.07124
1.08914
1.09936
1.1077
1.11153
1.10111
1.07477
1.05749
1.05495
1.06014
1.07451
1.11119
1.14702
1.16744
1.17908
1.18654
1.18874
1.18106
1.15295
1.10958
1.07649
2.4667
11.622
0.682699
0.693226
0.696325
0.699328
0.701886
0.699858
0.69306
0.691971
0.693918
0.696672
0.700254
0.712015
0.73074
0.740265
0.744917
0.748433
0.751694
0.753582
0.746609
0.739705
0.739929
0.742568
0.745821
0.750958
0.769101
0.789523
0.798259
0.802789
0.806549
0.810197
0.807775
0.794869
0.789381
0.790355
0.792976
0.796852
0.805029
0.830737
0.853549
0.863094
0.86876
0.87346
0.876774
0.867025
0.848494
0.842555
0.844697
0.848919
0.853446
0.864087
0.896056
0.921486
0.932058
0.939055
0.94497
0.94887
0.937208
0.914087
0.904515
0.905695
0.910167
0.915607
0.925941
0.96047
0.994117
1.00934
1.01869
1.02669
1.03217
1.02275
0.995995
0.979913
0.978192
0.983302
0.990874
1.00688
1.04471
1.07671
1.0933
1.10371
1.11262
1.11807
1.1067
1.0773
1.05848
1.05547
1.06026
1.07513
1.11287
1.14897
1.16851
1.17901
1.1851
1.18565
1.17704
1.14024
1.08528
2.38265
11.6573
0.682169
0.695671
0.699332
0.702482
0.705306
0.706679
0.700583
0.695882
0.696725
0.699225
0.70222
0.708145
0.725642
0.741076
0.747581
0.751419
0.754806
0.758067
0.756715
0.747022
0.743517
0.745062
0.747867
0.751197
0.759691
0.782813
0.79948
0.806251
0.810312
0.813993
0.816796
0.808938
0.795651
0.792411
0.794465
0.797949
0.802337
0.814858
0.843984
0.862995
0.87051
0.875046
0.879269
0.882424
0.870372
0.853322
0.849092
0.85027
0.853262
0.85813
0.87237
0.907367
0.931846
0.941521
0.946513
0.951054
0.955519
0.94434
0.92166
0.912647
0.91199
0.914052
0.919048
0.931068
0.968873
1.00437
1.01974
1.02706
1.03259
1.03709
1.0296
1.00469
0.988853
0.986342
0.988916
0.994835
1.0125
1.05247
1.08454
1.10081
1.11034
1.11811
1.12175
1.1099
1.08078
1.06105
1.05708
1.06069
1.07458
1.1124
1.14854
1.16761
1.17728
1.1819
1.1823
1.16658
1.12186
2.32129
11.7042
0.680193
0.697525
0.702146
0.705397
0.708256
0.710911
0.708802
0.701462
0.700062
0.702022
0.704802
0.708011
0.718191
0.738446
0.749815
0.754838
0.75832
0.761624
0.764063
0.757519
0.748609
0.747542
0.749593
0.752696
0.756785
0.770759
0.795683
0.808755
0.814481
0.818042
0.821575
0.822029
0.808651
0.79781
0.797348
0.80027
0.803719
0.808206
0.824165
0.854183
0.870646
0.877881
0.883287
0.888142
0.889065
0.872623
0.855841
0.852605
0.855464
0.859582
0.864312
0.878995
0.914062
0.937006
0.947182
0.954763
0.960909
0.964353
0.950385
0.925587
0.91511
0.916107
0.921042
0.926965
0.938157
0.974096
1.00768
1.02245
1.03133
1.03923
1.04475
1.03741
1.01085
0.991876
0.988038
0.992093
0.99977
1.01946
1.05923
1.08922
1.10416
1.1135
1.1216
1.12726
1.1168
1.08576
1.06279
1.05686
1.0596
1.07171
1.10978
1.14675
1.16576
1.17439
1.1784
1.17436
1.15978
2.30486
11.7586
0.676558
0.697093
0.704391
0.708299
0.711408
0.714366
0.71583
0.709445
0.704187
0.704684
0.706918
0.709816
0.714364
0.730591
0.749913
0.758108
0.762099
0.765348
0.768498
0.76799
0.756998
0.750903
0.751834
0.754769
0.758108
0.763201
0.782582
0.806401
0.816627
0.821852
0.825521
0.829044
0.826566
0.810991
0.802532
0.802592
0.804769
0.808357
0.81388
0.834509
0.864643
0.879354
0.885627
0.889536
0.894104
0.895103
0.878031
0.862429
0.859302
0.860026
0.863088
0.86827
0.886126
0.923907
0.947633
0.956789
0.961626
0.966131
0.970366
0.958257
0.934394
0.924443
0.923823
0.92566
0.930348
0.94263
0.980773
1.01606
1.03142
1.03876
1.04432
1.049
1.0435
1.01853
0.999343
0.994848
0.99703
1.00325
1.02242
1.0624
1.09346
1.11007
1.12063
1.12864
1.13324
1.12206
1.0887
1.06265
1.05488
1.05714
1.06852
1.1065
1.14391
1.16241
1.17095
1.1704
1.18085
2.33132
11.8156
0.673217
0.692515
0.706123
0.711786
0.714971
0.717859
0.720508
0.718438
0.709937
0.707489
0.709246
0.712108
0.715224
0.722268
0.743229
0.759391
0.765806
0.769238
0.772363
0.775063
0.769638
0.757922
0.755129
0.756909
0.759598
0.762899
0.769976
0.793841
0.815613
0.824632
0.82988
0.833946
0.837259
0.830536
0.812851
0.805743
0.80715
0.810496
0.814113
0.819812
0.84285
0.872228
0.885616
0.892633
0.898376
0.903237
0.901657
0.881381
0.86475
0.862143
0.865317
0.869998
0.875068
0.891927
0.928459
0.951062
0.961139
0.968883
0.975132
0.978543
0.96563
0.940255
0.927457
0.926961
0.931353
0.937402
0.949312
0.985535
1.01872
1.03347
1.04231
1.05036
1.0565
1.05254
1.02701
1.0045
0.997007
0.998409
1.00411
1.02324
1.0658
1.09964
1.11641
1.12541
1.13204
1.13552
1.12514
1.09184
1.06341
1.05378
1.05463
1.06467
1.10228
1.13903
1.15823
1.16212
1.18659
2.39227
11.8771
0.673159
0.684858
0.704379
0.714292
0.718518
0.721366
0.724194
0.725993
0.719405
0.712132
0.712047
0.714328
0.717137
0.720362
0.731157
0.754723
0.76803
0.773533
0.776777
0.779821
0.780927
0.770553
0.76012
0.758832
0.761032
0.764157
0.767839
0.777814
0.804608
0.824058
0.831714
0.83632
0.840148
0.843534
0.835261
0.817963
0.812145
0.812594
0.814661
0.818512
0.825815
0.852448
0.881996
0.894839
0.900525
0.904074
0.908777
0.908114
0.888242
0.872685
0.869812
0.870631
0.873503
0.878742
0.897753
0.936855
0.961014
0.970274
0.975036
0.979361
0.983788
0.974493
0.949894
0.936619
0.934659
0.935982
0.940241
0.952603
0.991052
1.02696
1.04341
1.05133
1.05798
1.06353
1.05955
1.0324
1.00678
0.998664
1.00062
1.00713
1.02659
1.06845
1.10175
1.1178
1.12685
1.13391
1.13845
1.13002
1.09588
1.06364
1.05122
1.05088
1.05949
1.09656
1.13356
1.14871
1.18194
2.46746
11.9368
0.675036
0.680302
0.696216
0.714239
0.721663
0.725396
0.728322
0.731205
0.73046
0.720513
0.715548
0.71632
0.71864
0.721661
0.725865
0.741536
0.765299
0.776311
0.781242
0.784184
0.787265
0.785708
0.771623
0.763172
0.763435
0.766244
0.769379
0.77312
0.785257
0.813622
0.831387
0.838806
0.843945
0.848501
0.850904
0.838795
0.820392
0.814962
0.817036
0.820796
0.824625
0.831728
0.859084
0.887493
0.899649
0.906835
0.912702
0.917515
0.915061
0.893698
0.876141
0.872689
0.875688
0.880531
0.885678
0.902405
0.939416
0.962741
0.973118
0.981172
0.98759
0.991829
0.983288
0.957856
0.940536
0.936939
0.940416
0.946406
0.959326
0.996838
1.03182
1.04801
1.05649
1.06318
1.06772
1.06386
1.03849
1.01326
1.00441
1.0048
1.00911
1.02506
1.06706
1.10348
1.12166
1.13109
1.13736
1.14087
1.13324
1.09908
1.06301
1.04734
1.04581
1.05391
1.09186
1.12311
1.1659
2.54443
11.9888
0.67695
0.680758
0.687721
0.708172
0.723375
0.729304
0.732528
0.735375
0.737812
0.732665
0.721589
0.718908
0.720837
0.723828
0.7269
0.731917
0.751507
0.774102
0.783508
0.78842
0.791832
0.794811
0.790037
0.774866
0.768249
0.768742
0.770758
0.773953
0.778328
0.793744
0.822959
0.839392
0.846043
0.849988
0.853692
0.856443
0.844249
0.826855
0.822133
0.822634
0.824659
0.828596
0.837306
0.867238
0.896638
0.908916
0.91437
0.917888
0.922782
0.922569
0.902748
0.885241
0.88116
0.881273
0.883241
0.888209
0.906131
0.945912
0.972325
0.982486
0.987815
0.992419
0.997536
0.992521
0.967078
0.948368
0.94423
0.94558
0.949755
0.961982
1.00024
1.03597
1.05225
1.06009
1.06646
1.07303
1.07281
1.04811
1.01863
1.00573
1.00514
1.00979
1.0253
1.06662
1.10485
1.12374
1.13268
1.13818
1.14114
1.13482
1.10257
1.06312
1.04356
1.03968
1.0488
1.08289
1.13703
2.60997
12.0274
0.679414
0.683013
0.686279
0.697558
0.719651
0.73134
0.736209
0.739106
0.741923
0.743193
0.733922
0.724536
0.72392
0.725923
0.728389
0.731413
0.738202
0.761517
0.78256
0.791145
0.796011
0.799625
0.802352
0.794471
0.777588
0.771536
0.773154
0.77646
0.7797
0.783889
0.800927
0.830319
0.84548
0.852205
0.85751
0.862133
0.863543
0.848644
0.829944
0.824778
0.826965
0.830889
0.834922
0.842782
0.871723
0.900237
0.91259
0.920236
0.926435
0.931277
0.930223
0.910019
0.889451
0.883043
0.88493
0.889504
0.895171
0.911683
0.949254
0.974664
0.985691
0.99337
0.999788
1.00459
0.999723
0.974728
0.953394
0.946748
0.948569
0.953789
0.965793
1.00198
1.03899
1.05811
1.06802
1.07485
1.08072
1.08011
1.05502
1.02375
1.00987
1.00849
1.0118
1.0244
1.06403
1.10332
1.12288
1.1321
1.13814
1.14145
1.13626
1.10585
1.06368
1.03839
1.0328
1.03883
1.09786
2.64687
12.0539
0.682737
0.685506
0.688104
0.692331
0.708023
0.729198
0.738492
0.74282
0.745712
0.748578
0.747719
0.735388
0.727565
0.727629
0.730142
0.73317
0.736626
0.745847
0.771159
0.790123
0.797631
0.802163
0.805798
0.808311
0.799482
0.783252
0.778181
0.778827
0.780763
0.784091
0.789323
0.80922
0.83898
0.853701
0.859777
0.863216
0.867051
0.869397
0.855727
0.837652
0.832624
0.832831
0.834465
0.838326
0.847157
0.878262
0.909153
0.922114
0.927636
0.930954
0.935527
0.937126
0.919758
0.898557
0.891725
0.891921
0.894072
0.898653
0.914765
0.954051
0.982022
0.993096
0.998425
1.00328
1.00913
1.00827
0.984735
0.960764
0.952458
0.952467
0.956299
0.966667
1.00303
1.04359
1.06429
1.07349
1.07958
1.08459
1.08485
1.06314
1.0303
1.01241
1.00905
1.01192
1.02172
1.05992
1.10241
1.12411
1.13321
1.13799
1.14026
1.13586
1.10883
1.06464
1.03478
1.01818
1.04996
2.63346
12.0711
0.687035
0.688019
0.69034
0.693078
0.698731
0.718014
0.737683
0.745676
0.749481
0.752239
0.755131
0.751155
0.737025
0.731478
0.732766
0.735591
0.738574
0.741892
0.752612
0.779441
0.797129
0.804324
0.809017
0.813131
0.815403
0.803853
0.786257
0.781121
0.783167
0.78663
0.790084
0.79487
0.815245
0.844552
0.858445
0.865197
0.87076
0.875347
0.876749
0.861819
0.841792
0.834981
0.836622
0.840538
0.844944
0.85265
0.881605
0.911473
0.924558
0.932168
0.938519
0.943497
0.944824
0.92877
0.905546
0.895163
0.8952
0.89917
0.904255
0.917684
0.953715
0.981547
0.994638
1.00439
1.01143
1.01675
1.01546
0.992287
0.965999
0.955484
0.955979
0.96055
0.970086
1.00295
1.04352
1.06506
1.07534
1.08333
1.08981
1.09136
1.07006
1.03491
1.01451
1.00958
1.012
1.02148
1.05739
1.09951
1.12182
1.13137
1.13658
1.13856
1.13442
1.10981
1.06516
1.02357
1.01512
2.57192
12.0849
0.693034
0.690886
0.692915
0.695545
0.698413
0.705072
0.726705
0.745036
0.752373
0.756387
0.759487
0.761811
0.754049
0.740377
0.73663
0.737795
0.740001
0.743117
0.747098
0.760346
0.787756
0.804064
0.810575
0.814429
0.817645
0.820074
0.809401
0.792979
0.788419
0.789008
0.790791
0.794138
0.799909
0.822304
0.852557
0.866927
0.872752
0.876016
0.879895
0.882843
0.87045
0.850378
0.843398
0.843175
0.844386
0.847908
0.85599
0.886098
0.919087
0.933636
0.939633
0.943249
0.947914
0.951471
0.93956
0.915002
0.902678
0.900471
0.901428
0.905448
0.919242
0.959251
0.991918
1.00492
1.01084
1.01523
1.02096
1.02305
1.00276
0.974121
0.961445
0.959802
0.962239
0.968914
0.999693
1.04528
1.07153
1.08188
1.08766
1.0923
1.09463
1.07896
1.04376
1.0193
1.012
1.01259
1.01812
1.05116
1.09591
1.12024
1.12982
1.13429
1.13571
1.13127
1.10886
1.0559
1.01209
2.47157
12.1088
0.702471
0.695365
0.695814
0.69771
0.699855
0.702759
0.711413
0.735532
0.752801
0.759738
0.763642
0.766602
0.768152
0.757487
0.743388
0.740302
0.742541
0.745809
0.748742
0.752354
0.766761
0.794565
0.809818
0.816192
0.820933
0.825254
0.827114
0.814481
0.796537
0.791143
0.793059
0.796616
0.800213
0.805276
0.826681
0.856328
0.870368
0.877455
0.883312
0.887987
0.89039
0.878186
0.856186
0.846058
0.846178
0.849799
0.854418
0.86148
0.888225
0.920074
0.935274
0.943698
0.950566
0.955794
0.958939
0.94795
0.921574
0.905565
0.903518
0.907609
0.913694
0.925674
0.960895
0.991568
1.00574
1.01557
1.02352
1.02924
1.03045
1.01045
0.979647
0.963751
0.961714
0.965762
0.973189
1.00034
1.04425
1.0704
1.08199
1.091
1.09786
1.10065
1.08554
1.04814
1.01951
1.00948
1.0099
1.01586
1.04714
1.09197
1.11709
1.12678
1.13126
1.13191
1.1283
1.0986
1.04663
2.37868
12.1522
0.713977
0.702467
0.697852
0.698972
0.701483
0.704328
0.708084
0.719158
0.74378
0.759496
0.766052
0.770324
0.773684
0.774438
0.762278
0.749401
0.746933
0.7479
0.749821
0.752945
0.757514
0.774065
0.802004
0.816918
0.82303
0.826508
0.829855
0.832567
0.821641
0.804347
0.799023
0.799231
0.800521
0.803696
0.809332
0.831965
0.863535
0.87896
0.885028
0.888332
0.892114
0.896069
0.887827
0.865855
0.854931
0.853607
0.854312
0.857194
0.863723
0.89035
0.926232
0.944093
0.95106
0.954668
0.959422
0.964537
0.95882
0.933566
0.917129
0.913359
0.912753
0.915355
0.925042
0.961024
0.998768
1.0158
1.02292
1.02716
1.03242
1.03644
1.02155
0.990032
0.972244
0.968255
0.968829
0.972943
0.995162
1.04242
1.07589
1.08895
1.09464
1.09875
1.10096
1.09064
1.05516
1.02306
1.01068
1.00913
1.01305
1.04134
1.08715
1.1138
1.12396
1.12751
1.12862
1.11842
1.09734
2.33574
12.2071
0.722879
0.715045
0.702947
0.701682
0.703954
0.706922
0.709792
0.713213
0.725422
0.751238
0.766607
0.773051
0.77729
0.780839
0.781096
0.767
0.752619
0.749934
0.752286
0.75555
0.758569
0.762487
0.779239
0.807333
0.821711
0.828205
0.833456
0.837857
0.840022
0.828222
0.80896
0.801486
0.802577
0.80597
0.80974
0.814573
0.834935
0.865733
0.881252
0.888945
0.895307
0.900167
0.903665
0.896354
0.873737
0.858658
0.855911
0.858836
0.863276
0.869403
0.891777
0.925823
0.944134
0.954107
0.96315
0.969161
0.973488
0.967345
0.940484
0.918332
0.912279
0.914655
0.919518
0.929469
0.961955
0.997676
1.0152
1.02569
1.03491
1.0411
1.04442
1.0303
0.996304
0.973287
0.967162
0.969368
0.974638
0.994959
1.04016
1.07276
1.08613
1.09426
1.10113
1.10483
1.09635
1.06059
1.02458
1.00903
1.00659
1.00986
1.036
1.08176
1.10938
1.11941
1.12394
1.11975
1.13065
2.35256
12.2642
0.727933
0.728545
0.715506
0.707343
0.707082
0.708884
0.711292
0.714369
0.718596
0.732936
0.75877
0.772916
0.778706
0.782446
0.785489
0.785848
0.773017
0.759728
0.756945
0.757609
0.759278
0.762392
0.767247
0.785675
0.814579
0.829545
0.835576
0.838889
0.842295
0.84562
0.83673
0.817549
0.809699
0.809159
0.80989
0.812616
0.817645
0.838445
0.872067
0.890023
0.896922
0.900518
0.90416
0.908753
0.905884
0.884547
0.867981
0.863999
0.863945
0.865754
0.870724
0.892301
0.931388
0.954931
0.964316
0.969562
0.973335
0.977277
0.973503
0.948228
0.926767
0.92055
0.92038
0.922719
0.929189
0.958557
1.00116
1.02514
1.03463
1.03945
1.04355
1.04771
1.03787
1.00461
0.980012
0.972717
0.97294
0.97596
0.990513
1.03526
1.0753
1.09255
1.09883
1.10296
1.10517
1.09983
1.06711
1.02755
1.00842
1.00427
1.00597
1.02967
1.07569
1.10394
1.11602
1.11426
1.14532
2.40941
12.3256
0.730909
0.735466
0.732927
0.719074
0.71089
0.711187
0.714029
0.717223
0.720132
0.723769
0.73879
0.764743
0.778301
0.784106
0.788414
0.792268
0.792848
0.77879
0.763204
0.759532
0.761652
0.764962
0.768255
0.772357
0.789759
0.818484
0.833226
0.840095
0.845708
0.850186
0.853128
0.844388
0.823548
0.812303
0.81166
0.814664
0.818718
0.823465
0.841075
0.873114
0.8913
0.899927
0.906953
0.912191
0.916323
0.914224
0.893913
0.873152
0.865869
0.867262
0.87147
0.877158
0.895153
0.931941
0.955045
0.96476
0.970804
0.976429
0.98207
0.982393
0.960971
0.934555
0.923015
0.922637
0.926703
0.933433
0.956919
0.998206
1.02349
1.03477
1.04326
1.04999
1.05441
1.04689
1.01506
0.986078
0.974358
0.973746
0.977638
0.990958
1.0322
1.07236
1.09014
1.09796
1.10374
1.10736
1.10402
1.07254
1.02927
1.00608
1.00037
1.00151
1.02411
1.06898
1.09852
1.10518
1.14613
2.49078
12.3896
0.732367
0.739948
0.742708
0.739193
0.724538
0.717569
0.717888
0.719342
0.721442
0.724374
0.728732
0.744722
0.770592
0.784213
0.789904
0.793323
0.796306
0.797885
0.786014
0.770994
0.767124
0.767572
0.768903
0.771828
0.776479
0.794731
0.824979
0.84126
0.847576
0.850909
0.853961
0.857862
0.8531
0.833158
0.821129
0.819213
0.81963
0.821591
0.825839
0.842711
0.87755
0.899864
0.908487
0.912668
0.915913
0.920595
0.922167
0.905285
0.882893
0.874691
0.873869
0.874444
0.878184
0.893329
0.930613
0.958679
0.971622
0.979811
0.986738
0.991704
0.991891
0.970639
0.942351
0.929956
0.928004
0.928474
0.932435
0.951774
0.997183
1.03064
1.04427
1.05056
1.05567
1.05999
1.05546
1.0252
0.993106
0.979598
0.977302
0.978558
0.986695
1.02516
1.07085
1.09344
1.10151
1.1052
1.10736
1.10462
1.07672
1.03177
1.00456
0.996592
0.996742
1.01835
1.06293
1.08556
1.13658
2.57756
12.4468
0.730725
0.743563
0.747076
0.750001
0.745911
0.730281
0.721485
0.721403
0.724
0.726762
0.729078
0.73272
0.748821
0.775398
0.788934
0.794887
0.79962
0.803701
0.805115
0.79272
0.775402
0.769581
0.771021
0.77426
0.777754
0.781683
0.797663
0.827262
0.843567
0.85096
0.856861
0.86152
0.865197
0.861423
0.841523
0.825349
0.821276
0.823404
0.827274
0.831896
0.845488
0.877641
0.900165
0.910269
0.917896
0.923842
0.928322
0.92992
0.914904
0.889957
0.877012
0.875392
0.878443
0.883255
0.895762
0.931678
0.964986
0.980384
0.987142
0.991185
0.994814
0.997389
0.981291
0.950509
0.932694
0.929206
0.932197
0.937479
0.952853
0.994139
1.02977
1.04571
1.05377
1.05925
1.06263
1.06048
1.03363
0.998159
0.979799
0.975955
0.978323
0.986444
1.02205
1.06818
1.09149
1.09979
1.10395
1.10662
1.10558
1.0813
1.03488
1.00262
0.991909
0.990863
1.01364
1.05038
1.1129
2.65726
12.4878
0.722206
0.744448
0.749609
0.753422
0.756523
0.753157
0.737885
0.728764
0.727298
0.727461
0.729254
0.732473
0.737494
0.755196
0.782042
0.795936
0.801608
0.804769
0.807781
0.810472
0.80127
0.784114
0.777746
0.777541
0.778283
0.780741
0.784897
0.800893
0.832244
0.851289
0.858646
0.862342
0.865502
0.869773
0.869912
0.852632
0.834835
0.829666
0.829507
0.830496
0.834004
0.845832
0.879284
0.90748
0.919277
0.924449
0.927635
0.932121
0.936097
0.926264
0.900292
0.885175
0.882541
0.884257
0.887718
0.897407
0.929961
0.964511
0.980799
0.988867
0.995841
1.00168
1.00529
0.993025
0.962173
0.942374
0.936755
0.93584
0.937892
0.948388
0.988016
1.02937
1.04822
1.0556
1.06126
1.0663
1.0668
1.04362
1.00664
0.98534
0.979574
0.980096
0.984579
1.01592
1.06348
1.08982
1.09959
1.10368
1.10585
1.10518
1.08509
1.03879
1.00092
0.985702
0.985007
1.00298
1.07652
2.71183
12.5154
0.709069
0.740877
0.75124
0.755975
0.760229
0.763573
0.760298
0.742128
0.730107
0.729307
0.731715
0.735065
0.738344
0.742661
0.759172
0.785854
0.799642
0.805998
0.811226
0.815419
0.818005
0.809228
0.790053
0.78028
0.780026
0.782813
0.786467
0.790242
0.803143
0.832988
0.852571
0.861375
0.868208
0.87337
0.877443
0.87787
0.862278
0.841018
0.831851
0.832086
0.835479
0.839903
0.849208
0.878539
0.906798
0.919933
0.928373
0.935497
0.940392
0.943786
0.935111
0.908503
0.890298
0.885572
0.886458
0.889088
0.895556
0.925071
0.966163
0.988851
0.998308
1.00389
1.00882
1.01274
1.00307
0.971718
0.945902
0.936456
0.936925
0.940955
0.950086
0.984503
1.02888
1.05272
1.06212
1.06724
1.07147
1.07236
1.05163
1.01221
0.986442
0.978201
0.978598
0.982652
1.00981
1.05833
1.08741
1.09804
1.10233
1.10459
1.10403
1.08735
1.0429
1.00015
0.979749
0.970288
1.03076
2.7176
12.527
0.700838
0.725916
0.747902
0.757684
0.762081
0.764651
0.765849
0.761796
0.746958
0.737326
0.736407
0.737789
0.739445
0.742395
0.747011
0.76392
0.791814
0.807151
0.813222
0.816449
0.819066
0.822489
0.817881
0.799608
0.788823
0.787177
0.787499
0.789145
0.792767
0.804958
0.836623
0.86061
0.87008
0.874512
0.877252
0.881302
0.88432
0.87338
0.85112
0.840569
0.839065
0.83943
0.842013
0.849351
0.87772
0.912362
0.929579
0.936438
0.940045
0.943916
0.948558
0.945059
0.920331
0.897282
0.888392
0.888713
0.892786
0.899498
0.9242
0.965862
0.991634
1.00216
1.00764
1.01139
1.01566
1.01261
0.984876
0.955661
0.94411
0.941921
0.943497
0.948835
0.979007
1.02662
1.05391
1.06417
1.06871
1.07178
1.07382
1.05939
1.02071
0.99052
0.979299
0.978015
0.981144
1.00507
1.05358
1.08492
1.09654
1.10074
1.10271
1.10173
1.08765
1.04588
1.00047
0.967713
0.986107
2.66763
12.5295
0.704948
0.712039
0.729998
0.750794
0.759687
0.763473
0.766506
0.769946
0.769013
0.755011
0.742476
0.739667
0.741814
0.745275
0.748657
0.75232
0.766668
0.794117
0.809622
0.816545
0.822034
0.826468
0.829901
0.826328
0.807705
0.792656
0.789061
0.791084
0.794678
0.798877
0.808738
0.837291
0.861196
0.871736
0.878652
0.884417
0.888729
0.891539
0.882746
0.859363
0.843996
0.840956
0.843554
0.847859
0.854434
0.87726
0.910806
0.929175
0.938732
0.946893
0.952708
0.95704
0.954401
0.930116
0.904919
0.895831
0.895674
0.89713
0.90075
0.919035
0.961022
0.990731
1.00314
1.0114
1.01835
1.02263
1.02044
0.994775
0.962154
0.94573
0.942373
0.944744
0.949697
0.973492
1.0208
1.05104
1.06245
1.07001
1.07585
1.07836
1.06602
1.02732
0.993525
0.979873
0.977605
0.979314
0.99931
1.04793
1.08183
1.09424
1.0983
1.09989
1.0985
1.08594
1.04806
0.991494
0.970488
2.56734
12.5399
0.707845
0.710377
0.713148
0.728025
0.74949
0.76076
0.766309
0.770169
0.774176
0.77602
0.76556
0.752117
0.748426
0.748825
0.749619
0.751924
0.755611
0.769296
0.798008
0.81644
0.823784
0.827433
0.830238
0.834084
0.834293
0.818526
0.802012
0.797435
0.797625
0.798629
0.801672
0.809811
0.837959
0.86696
0.880081
0.885471
0.888265
0.891795
0.896026
0.892531
0.87083
0.85373
0.849335
0.849095
0.850336
0.854808
0.874252
0.91252
0.938006
0.948232
0.953084
0.956291
0.960883
0.962417
0.943651
0.914419
0.899037
0.896288
0.898936
0.903335
0.918457
0.959199
0.995544
1.01106
1.01705
1.02026
1.02434
1.02634
1.00745
0.972638
0.95159
0.945651
0.946139
0.949963
0.969849
1.01826
1.05483
1.06864
1.07357
1.07682
1.07873
1.07028
1.03481
0.997119
0.97932
0.975618
0.977062
0.994476
1.04214
1.07762
1.09074
1.0948
1.09643
1.09479
1.08445
1.0391
0.990491
2.45523
12.5746
0.70985
0.707363
0.707091
0.710064
0.724764
0.749279
0.764347
0.772856
0.779223
0.783562
0.785754
0.775893
0.758955
0.751319
0.751553
0.754072
0.756827
0.75977
0.770456
0.798363
0.817868
0.826448
0.832808
0.837622
0.841441
0.842154
0.828295
0.808683
0.800145
0.800402
0.803465
0.807417
0.813848
0.83724
0.866016
0.880121
0.887793
0.894553
0.899402
0.903274
0.901291
0.88124
0.859614
0.851201
0.851791
0.855563
0.860591
0.874703
0.909452
0.936365
0.948791
0.957591
0.964674
0.969485
0.971025
0.954253
0.923529
0.906186
0.902625
0.904368
0.907543
0.917394
0.953569
0.990961
1.00836
1.01814
1.02627
1.03138
1.03322
1.01683
0.980817
0.956317
0.948909
0.950105
0.953447
0.96814
1.01229
1.05005
1.06528
1.07236
1.07774
1.08082
1.07522
1.04217
1.00072
0.979608
0.974466
0.974952
0.988825
1.03518
1.07279
1.0872
1.09173
1.09274
1.0917
1.07283
1.04368
2.38415
12.627
0.709473
0.701384
0.702311
0.704757
0.709238
0.727047
0.757454
0.775204
0.782422
0.787339
0.791248
0.793985
0.786148
0.768103
0.758926
0.756913
0.756474
0.758191
0.761728
0.772695
0.802068
0.825429
0.83471
0.838991
0.841633
0.845415
0.848487
0.839706
0.819364
0.809158
0.807594
0.80765
0.809599
0.814615
0.83554
0.868925
0.888163
0.89576
0.899569
0.902851
0.907486
0.909431
0.893985
0.870504
0.86046
0.858546
0.858257
0.860978
0.871355
0.906183
0.941691
0.95813
0.964571
0.967677
0.971714
0.975793
0.967136
0.937162
0.914025
0.906134
0.90618
0.909114
0.915831
0.947155
0.992488
1.01677
1.02529
1.02915
1.03294
1.03694
1.0282
0.993318
0.963642
0.952361
0.950369
0.951697
0.962015
1.0053
1.05047
1.07041
1.07691
1.08033
1.08231
1.07857
1.04828
1.00416
0.979306
0.972236
0.97214
0.98403
1.02868
1.06765
1.08323
1.08761
1.08958
1.08195
1.08873
2.37876
12.6854
0.711008
0.700287
0.702166
0.704757
0.708788
0.716547
0.738476
0.77025
0.784978
0.790944
0.795352
0.798745
0.800778
0.793673
0.772303
0.75932
0.757957
0.760195
0.763597
0.767804
0.776964
0.80313
0.826118
0.836425
0.843152
0.848857
0.853004
0.855908
0.849113
0.827642
0.812424
0.80905
0.811183
0.814855
0.819775
0.835471
0.866716
0.887112
0.896891
0.905132
0.911407
0.915734
0.917774
0.904731
0.878402
0.862597
0.859485
0.862018
0.866298
0.873653
0.901441
0.937259
0.955856
0.965875
0.974727
0.980256
0.983803
0.977275
0.948247
0.921138
0.910282
0.90989
0.913434
0.919656
0.944696
0.987497
1.01284
1.02462
1.03412
1.04029
1.04367
1.03507
0.999445
0.96555
0.951657
0.950532
0.953933
0.963835
1.00245
1.0482
1.06972
1.07693
1.08007
1.0814
1.07951
1.05471
1.00894
0.979533
0.970385
0.969295
0.978373
1.02168
1.06208
1.07859
1.08466
1.07923
1.11294
2.42267
12.7448
0.718646
0.704019
0.704997
0.708536
0.715445
0.724376
0.734733
0.753372
0.779082
0.791705
0.796715
0.798879
0.799063
0.798969
0.794442
0.778826
0.767418
0.765398
0.766736
0.768517
0.771542
0.778581
0.803945
0.831761
0.844819
0.850257
0.85302
0.855428
0.859054
0.85732
0.838745
0.82189
0.817114
0.816889
0.817677
0.821041
0.833308
0.866314
0.894489
0.906708
0.912114
0.915146
0.918991
0.922906
0.915877
0.890299
0.87229
0.86707
0.865596
0.866631
0.871599
0.895885
0.939257
0.96581
0.975513
0.979771
0.982357
0.986335
0.985562
0.962055
0.931746
0.918028
0.915377
0.915782
0.919202
0.938531
0.985387
1.01976
1.03246
1.03726
1.03962
1.04328
1.04038
1.01047
0.975706
0.960108
0.956164
0.956248
0.960709
0.993864
1.04221
1.06641
1.07451
1.0792
1.08219
1.0817
1.05975
1.01243
0.978675
0.96699
0.965453
0.973754
1.01541
1.05502
1.07388
1.07348
1.11972
2.49985
12.8066
0.731709
0.722131
0.719598
0.722979
0.7294
0.73602
0.740525
0.743604
0.754583
0.776003
0.788365
0.793228
0.796173
0.798991
0.802596
0.802663
0.789403
0.774451
0.769143
0.770363
0.773902
0.778412
0.784056
0.803896
0.831021
0.844873
0.851654
0.857507
0.862293
0.866121
0.865886
0.849361
0.828371
0.819249
0.819288
0.822556
0.827082
0.836192
0.864161
0.892654
0.9064
0.914752
0.922277
0.927364
0.931056
0.926026
0.900593
0.876707
0.867761
0.868351
0.872504
0.877725
0.894529
0.934053
0.962006
0.974047
0.982058
0.988987
0.993701
0.99397
0.973028
0.939588
0.920576
0.916605
0.919223
0.923951
0.938192
0.978863
1.0131
1.02786
1.03777
1.04578
1.05006
1.04797
1.02062
0.9809
0.958762
0.95318
0.954524
0.959145
0.988576
1.03908
1.06802
1.07703
1.07968
1.08084
1.08054
1.06392
1.01775
0.97934
0.964695
0.961802
0.968711
1.00869
1.04859
1.06047
1.11687
2.58881
12.8653
0.741814
0.750779
0.751135
0.746547
0.743439
0.74237
0.740753
0.738978
0.739266
0.746098
0.76658
0.784156
0.79287
0.797806
0.802924
0.808687
0.811839
0.804016
0.787607
0.780163
0.779387
0.779347
0.780747
0.784768
0.801247
0.831074
0.850323
0.85851
0.862538
0.865519
0.86994
0.872945
0.862125
0.839853
0.828956
0.82717
0.827103
0.829132
0.835092
0.859911
0.895065
0.915008
0.923072
0.926991
0.930287
0.934961
0.935451
0.914985
0.888933
0.878291
0.875424
0.874162
0.876936
0.889064
0.928167
0.966155
0.982943
0.988944
0.992074
0.99546
0.998348
0.984791
0.951584
0.929934
0.923349
0.921359
0.922866
0.932819
0.973615
1.01801
1.03833
1.04534
1.04905
1.05139
1.05031
1.02745
0.987452
0.963288
0.956282
0.956308
0.959474
0.984286
1.0334
1.06329
1.07315
1.07749
1.08057
1.08119
1.06756
1.02208
0.979147
0.961044
0.95717
0.963804
1.00378
1.03361
1.10082
2.67651
12.911
0.756237
0.775514
0.779135
0.775803
0.761923
0.747366
0.737431
0.731478
0.728871
0.729715
0.736812
0.759353
0.782731
0.796554
0.80731
0.815705
0.82091
0.824348
0.818735
0.799214
0.784713
0.780851
0.782268
0.784976
0.787862
0.798415
0.826622
0.848643
0.859182
0.867521
0.8739
0.87822
0.881085
0.872845
0.84947
0.832944
0.828762
0.830704
0.834468
0.839541
0.857227
0.890859
0.912719
0.923401
0.932585
0.93947
0.943829
0.94449
0.925777
0.894601
0.877539
0.87442
0.876772
0.881545
0.891776
0.925354
0.96361
0.981272
0.989393
0.996754
1.00188
1.0046
0.99372
0.959761
0.932366
0.923099
0.924125
0.92881
0.936871
0.969753
1.01372
1.03505
1.04279
1.04753
1.05152
1.05388
1.03819
0.997226
0.967461
0.957175
0.955864
0.956891
0.976061
1.02703
1.06306
1.07539
1.07823
1.07917
1.07885
1.06862
1.02695
0.980276
0.957707
0.951834
0.959496
0.991393
1.07085
2.74547
12.9394
0.77083
0.79247
0.796226
0.796481
0.785769
0.758005
0.736031
0.725612
0.722519
0.723666
0.726905
0.735892
0.76217
0.794321
0.812218
0.82062
0.826109
0.830324
0.833083
0.828957
0.809103
0.791996
0.786172
0.784173
0.784433
0.787403
0.796917
0.826532
0.856212
0.869561
0.875267
0.878604
0.882036
0.886125
0.883406
0.862154
0.8431
0.837094
0.835799
0.835943
0.839265
0.852676
0.88865
0.919832
0.933511
0.93923
0.941827
0.945008
0.948127
0.93682
0.907102
0.888623
0.88394
0.884225
0.886244
0.891421
0.918072
0.961364
0.986799
0.995928
0.999594
1.00278
1.00708
1.00363
0.973563
0.94434
0.933353
0.929704
0.928421
0.932469
0.96032
1.00844
1.03605
1.04704
1.05391
1.05808
1.0594
1.04413
1.00186
0.968202
0.95541
0.954159
0.956523
0.974412
1.02285
1.05894
1.07112
1.07479
1.07694
1.07766
1.06972
1.03157
0.982504
0.953654
0.945788
0.946693
1.03035
2.77974
12.9542
0.776574
0.797655
0.799479
0.798202
0.789329
0.773278
0.745793
0.726743
0.722909
0.724477
0.728231
0.734864
0.746588
0.775444
0.809002
0.824215
0.830134
0.833328
0.835913
0.837984
0.834379
0.814266
0.792625
0.785364
0.786075
0.789071
0.79368
0.802384
0.827666
0.85617
0.870435
0.878119
0.885198
0.890207
0.893888
0.892402
0.872294
0.848326
0.837855
0.837362
0.840571
0.845148
0.854037
0.883489
0.915594
0.93124
0.93998
0.948218
0.953813
0.957453
0.949508
0.921073
0.895808
0.885513
0.884916
0.888231
0.892617
0.912501
0.953547
0.98133
0.993998
1.00425
1.01143
1.01536
1.01168
0.981924
0.94645
0.929399
0.926573
0.928764
0.933414
0.957267
1.00679
1.0397
1.05107
1.05497
1.05644
1.05754
1.04803
1.01051
0.974815
0.959871
0.956207
0.955767
0.967625
1.01484
1.05536
1.07063
1.07465
1.07559
1.07531
1.06849
1.03528
0.985449
0.952111
0.930318
0.981167
2.7565
12.9541
0.771035
0.791671
0.791617
0.781657
0.769925
0.762698
0.755683
0.742103
0.732865
0.733037
0.73857
0.747824
0.757501
0.767672
0.788246
0.815056
0.827845
0.832862
0.834179
0.831747
0.831084
0.830767
0.819704
0.801699
0.794329
0.794476
0.797029
0.80005
0.804844
0.824856
0.85806
0.87816
0.886361
0.890338
0.891913
0.894919
0.897133
0.884151
0.859968
0.847843
0.845146
0.843993
0.845432
0.851183
0.877295
0.917462
0.941067
0.950558
0.955905
0.960241
0.964067
0.960516
0.93359
0.903724
0.890373
0.887848
0.889442
0.892954
0.907051
0.950529
0.988762
1.00413
1.01003
1.01287
1.0151
1.01422
0.991058
0.955892
0.937837
0.93336
0.934045
0.936179
0.95308
0.999411
1.03306
1.0458
1.05285
1.05859
1.06123
1.05455
1.0186
0.977246
0.956948
0.952241
0.953057
0.964285
1.00941
1.05111
1.06701
1.07126
1.07272
1.07242
1.06609
1.03715
0.988696
0.941172
0.95092
2.6742
12.9514
0.748143
0.760145
0.760929
0.760671
0.761017
0.762169
0.762669
0.762402
0.759411
0.757518
0.759264
0.763111
0.76742
0.771455
0.774557
0.783623
0.802784
0.816548
0.822622
0.826582
0.830936
0.835199
0.838172
0.832116
0.814618
0.802913
0.800372
0.802816
0.807426
0.812033
0.824179
0.853428
0.875248
0.884969
0.89162
0.898144
0.902892
0.905753
0.896244
0.870473
0.851624
0.845874
0.84731
0.851726
0.85698
0.87459
0.913027
0.94038
0.952359
0.958227
0.962359
0.966192
0.967425
0.948064
0.914696
0.895854
0.891871
0.894347
0.898999
0.909543
0.946214
0.983824
1.00043
1.00839
1.01515
1.01996
1.02158
1.00442
0.96728
0.941798
0.932962
0.932079
0.933642
0.946297
0.9923
1.03534
1.05289
1.0579
1.06042
1.0617
1.05661
1.02463
0.981837
0.959331
0.953029
0.952441
0.960292
1.00284
1.04633
1.06379
1.0683
1.06947
1.06925
1.06329
1.03786
0.979617
0.951324
2.55829
12.9704
0.727499
0.717593
0.725125
0.741101
0.754677
0.762419
0.769938
0.780491
0.791105
0.795061
0.790397
0.781756
0.776079
0.772034
0.765927
0.762883
0.767412
0.786405
0.809561
0.82355
0.830633
0.835956
0.843328
0.849403
0.849234
0.83412
0.818209
0.812317
0.810091
0.808418
0.810382
0.818859
0.846411
0.875837
0.891419
0.898335
0.902172
0.906572
0.911416
0.909253
0.88634
0.864231
0.856514
0.854278
0.853019
0.855546
0.867668
0.905178
0.939875
0.955353
0.962527
0.969254
0.973834
0.975614
0.959798
0.926241
0.906045
0.900782
0.898752
0.899352
0.906227
0.93936
0.98429
1.00859
1.01766
1.02235
1.02595
1.02795
1.01342
0.974936
0.944732
0.93355
0.933251
0.936464
0.947506
0.988972
1.03255
1.05041
1.05611
1.05941
1.06182
1.05946
1.03204
0.987027
0.959375
0.950795
0.949974
0.956009
0.995765
1.04111
1.06019
1.06518
1.06631
1.06526
1.05972
1.0253
0.990573
2.45817
13.014
0.704603
0.690913
0.69522
0.710045
0.736234
0.759623
0.781984
0.804904
0.817722
0.822841
0.821364
0.806832
0.785267
0.767583
0.755095
0.749581
0.750209
0.755341
0.776134
0.806453
0.825978
0.839745
0.85295
0.860754
0.865234
0.866103
0.850784
0.825983
0.81191
0.809117
0.81066
0.812975
0.817181
0.837519
0.869613
0.889054
0.900568
0.911197
0.917715
0.92166
0.920306
0.897959
0.86914
0.854697
0.852233
0.854258
0.858017
0.866928
0.899474
0.940239
0.96127
0.969134
0.973485
0.976683
0.979409
0.969038
0.936495
0.909935
0.899975
0.900246
0.904285
0.910783
0.936145
0.981254
1.00884
1.01886
1.02297
1.02538
1.02867
1.02241
0.987098
0.954045
0.941371
0.938219
0.938074
0.943716
0.980577
1.02848
1.05064
1.05793
1.06127
1.06346
1.06179
1.03734
0.991038
0.959858
0.949075
0.947401
0.952562
0.989665
1.03527
1.05538
1.06076
1.06189
1.06199
1.04796
1.04234
2.41421
13.069
0.694186
0.682566
0.685302
0.690693
0.706761
0.74731
0.796257
0.822259
0.831758
0.836202
0.836025
0.82979
0.808417
0.771985
0.751485
0.746594
0.747648
0.751008
0.758028
0.777385
0.816753
0.845287
0.858234
0.865124
0.869944
0.873174
0.873334
0.858289
0.830693
0.815713
0.810869
0.809159
0.810788
0.815182
0.833152
0.87254
0.901379
0.913004
0.918419
0.921351
0.92404
0.925405
0.909767
0.879211
0.862328
0.858678
0.860129
0.862915
0.867676
0.892453
0.933944
0.958416
0.96842
0.974185
0.978857
0.98279
0.978619
0.951224
0.921612
0.910028
0.907484
0.906861
0.909447
0.927935
0.972743
1.00413
1.0165
1.02532
1.03179
1.03492
1.02872
0.995102
0.957336
0.93927
0.935617
0.937022
0.942618
0.975374
1.02507
1.0507
1.05823
1.06057
1.06147
1.06117
1.04407
0.997955
0.961559
0.948015
0.945339
0.947775
0.981974
1.02905
1.05102
1.05697
1.05906
1.05095
1.0791
2.4326
13.1255
0.695994
0.684161
0.686292
0.691526
0.706154
0.744462
0.796864
0.824839
0.834278
0.837288
0.832727
0.819368
0.802801
0.783654
0.760672
0.750532
0.750472
0.75423
0.763376
0.777872
0.799059
0.833678
0.85747
0.867599
0.872048
0.874192
0.873576
0.870709
0.859761
0.833365
0.815348
0.810947
0.812743
0.817488
0.824683
0.838754
0.872142
0.900477
0.913422
0.920299
0.92642
0.93087
0.933267
0.921008
0.890693
0.869246
0.861966
0.861327
0.863136
0.866764
0.885736
0.929724
0.962073
0.97534
0.981356
0.986623
0.99028
0.988214
0.961956
0.926847
0.908824
0.904958
0.906325
0.909347
0.923661
0.969178
1.00915
1.02465
1.02999
1.03263
1.03433
1.03112
1.00281
0.964297
0.944179
0.938711
0.938733
0.941968
0.969875
1.01926
1.04623
1.05507
1.06057
1.0635
1.06311
1.04736
1.00106
0.960896
0.944571
0.941377
0.943812
0.976391
1.02273
1.04544
1.05367
1.04766
1.0965
2.49163
13.1818
0.706875
0.694748
0.697183
0.708341
0.733001
0.757975
0.78208
0.807086
0.819543
0.819644
0.811641
0.80227
0.795681
0.791414
0.783501
0.771924
0.767959
0.772211
0.780659
0.788611
0.794715
0.805841
0.832273
0.853775
0.861836
0.863431
0.860901
0.860011
0.862987
0.863092
0.846634
0.829296
0.824174
0.824897
0.826449
0.82895
0.836402
0.866408
0.902484
0.920841
0.928063
0.931985
0.934755
0.937485
0.930984
0.903626
0.877346
0.865942
0.864905
0.868355
0.873813
0.8865
0.9246
0.962177
0.979248
0.985199
0.987625
0.990081
0.99108
0.971413
0.935898
0.915308
0.90982
0.910649
0.913427
0.923914
0.963446
1.00386
1.02084
1.02786
1.03303
1.03667
1.03657
1.0136
0.972311
0.94638
0.938468
0.93824
0.940556
0.962622
1.01491
1.04849
1.05825
1.06031
1.06046
1.06006
1.04892
1.00592
0.962178
0.943029
0.93861
0.939868
0.970827
1.01592
1.04048
1.04138
1.09979
2.57346
13.2382
0.723178
0.717208
0.723792
0.742471
0.759897
0.76861
0.772204
0.775229
0.77869
0.782944
0.78814
0.792506
0.795089
0.79711
0.799336
0.802139
0.803888
0.802536
0.799969
0.799056
0.799772
0.800385
0.801793
0.812426
0.831742
0.845745
0.853433
0.860668
0.869004
0.874838
0.877158
0.866031
0.845368
0.832456
0.82925
0.831667
0.836127
0.840717
0.859769
0.894773
0.916604
0.925715
0.930559
0.934769
0.939703
0.940786
0.921351
0.891435
0.877063
0.874493
0.874172
0.875682
0.882818
0.915421
0.956076
0.975103
0.983081
0.989919
0.994841
0.997121
0.982705
0.947799
0.922228
0.913207
0.911528
0.912256
0.919404
0.956052
1.00367
1.02699
1.03468
1.03824
1.04117
1.04106
1.02129
0.979122
0.949629
0.939434
0.938608
0.94089
0.960086
1.00947
1.04241
1.05255
1.05692
1.05968
1.06022
1.05143
1.01054
0.963143
0.940448
0.934714
0.936217
0.966624
1.0101
1.02523
1.09383
2.66241
13.2894
0.742145
0.759748
0.775505
0.782448
0.782883
0.779446
0.766961
0.74756
0.737831
0.740827
0.756002
0.776775
0.790927
0.801088
0.815775
0.832152
0.840881
0.840028
0.828231
0.814089
0.803552
0.791772
0.782179
0.780913
0.789666
0.81539
0.844209
0.862201
0.872376
0.881927
0.890862
0.895547
0.887887
0.863199
0.845305
0.839446
0.835543
0.832385
0.834359
0.847599
0.882789
0.912848
0.927475
0.937055
0.945249
0.949813
0.951262
0.934805
0.90153
0.879815
0.873167
0.873633
0.876441
0.881489
0.908893
0.955428
0.982077
0.991714
0.996517
1.0002
1.00256
0.992307
0.957717
0.926309
0.913728
0.913154
0.916722
0.923182
0.952726
1.00068
1.02675
1.03519
1.03839
1.04035
1.04219
1.02957
0.987704
0.953712
0.941326
0.938574
0.938379
0.952914
1.00374
1.04327
1.05629
1.05867
1.05908
1.05837
1.05172
1.01528
0.965446
0.938683
0.931177
0.931583
0.962519
0.994607
1.0742
2.74642
13.3224
0.771626
0.809325
0.816852
0.815382
0.804551
0.782521
0.752122
0.724774
0.713831
0.713738
0.72024
0.742077
0.774931
0.807195
0.838338
0.858559
0.866434
0.869071
0.861459
0.835764
0.804506
0.783161
0.771651
0.769179
0.771284
0.780209
0.810409
0.849539
0.874387
0.891738
0.902693
0.908054
0.910132
0.901368
0.873194
0.845743
0.832119
0.82839
0.829017
0.831655
0.840858
0.8758
0.917206
0.937778
0.945281
0.949321
0.952798
0.95618
0.947182
0.914426
0.887702
0.878367
0.877873
0.880389
0.884763
0.904958
0.949598
0.980391
0.992428
0.997713
1.00083
1.00412
1.00164
0.971794
0.93756
0.923449
0.919682
0.91822
0.920773
0.944576
0.993593
1.02264
1.03333
1.04029
1.04399
1.0449
1.0322
0.991038
0.954046
0.939274
0.937329
0.939459
0.953672
1.0005
1.0393
1.05247
1.05565
1.05673
1.05671
1.05198
1.01942
0.967756
0.935844
0.92552
0.926978
0.950147
1.04158
2.80611
13.3411
0.800351
0.843057
0.848274
0.846756
0.83353
0.798668
0.745541
0.715227
0.707266
0.707913
0.711449
0.719107
0.742386
0.800695
0.850909
0.868245
0.87455
0.876954
0.874339
0.860237
0.824787
0.785565
0.770237
0.768504
0.770676
0.776374
0.788652
0.821388
0.870249
0.895958
0.905448
0.909733
0.911769
0.911773
0.905221
0.877405
0.845292
0.831497
0.829498
0.831854
0.836059
0.844992
0.875252
0.915928
0.937646
0.947357
0.955163
0.960407
0.962981
0.955914
0.925478
0.895718
0.883842
0.881414
0.88082
0.883691
0.89902
0.942389
0.977692
0.992504
1.00151
1.00824
1.01163
1.00873
0.979959
0.941021
0.920608
0.916235
0.917634
0.921085
0.942423
0.992746
1.02707
1.03755
1.03992
1.04036
1.04248
1.03698
1.00064
0.961989
0.945428
0.940497
0.938966
0.946974
0.991246
1.03395
1.05003
1.05423
1.05474
1.05412
1.05029
1.02232
0.971769
0.934478
0.919879
0.911749
0.999286
2.82503
13.3457
0.808635
0.849281
0.853199
0.851368
0.829814
0.784968
0.746071
0.720657
0.710742
0.710147
0.712834
0.723032
0.752079
0.799375
0.844565
0.866648
0.873849
0.873375
0.859908
0.842305
0.825334
0.803658
0.78324
0.777187
0.779861
0.789341
0.803401
0.818397
0.842088
0.877344
0.896969
0.903775
0.904955
0.902634
0.899815
0.896082
0.879942
0.854459
0.840538
0.838103
0.840597
0.844138
0.848717
0.871637
0.917219
0.946264
0.956603
0.96068
0.963045
0.964908
0.961467
0.935343
0.90148
0.8845
0.881696
0.883978
0.888199
0.899807
0.941149
0.983225
1.00063
1.00652
1.00914
1.0104
1.00903
0.986303
0.948817
0.927408
0.921859
0.922472
0.924597
0.940095
0.985034
1.01831
1.03092
1.03917
1.04495
1.04702
1.04161
1.00703
0.963784
0.941355
0.935645
0.93572
0.943431
0.985037
1.02929
1.04655
1.05065
1.05186
1.05222
1.0491
1.02449
0.975293
0.934299
0.904781
0.952405
2.78606
13.3376
0.799909
0.839791
0.84408
0.830774
0.800681
0.775123
0.755672
0.737699
0.726164
0.724082
0.730492
0.751423
0.77633
0.794542
0.815886
0.838769
0.848918
0.845989
0.837739
0.832018
0.829269
0.824832
0.814587
0.805344
0.804532
0.809957
0.816933
0.822324
0.826727
0.837206
0.861077
0.881565
0.89123
0.89532
0.897761
0.900231
0.902584
0.895606
0.873082
0.854638
0.848197
0.849523
0.85457
0.859824
0.87239
0.908858
0.939425
0.951752
0.956646
0.959615
0.963203
0.965558
0.948606
0.914327
0.895574
0.891678
0.892874
0.895718
0.902927
0.936389
0.977315
0.99544
1.00237
1.00708
1.01118
1.01327
0.998265
0.960605
0.933067
0.923229
0.921417
0.922284
0.933523
0.979129
1.02255
1.03906
1.0432
1.04464
1.04597
1.04364
1.01402
0.968776
0.943666
0.935943
0.934459
0.939333
0.978561
1.02525
1.04512
1.0501
1.05036
1.04989
1.04569
1.02367
0.977431
0.922883
0.931005
2.69016
13.3359
0.774719
0.798326
0.800382
0.78953
0.778036
0.772711
0.769569
0.762657
0.754923
0.754278
0.766178
0.783966
0.79466
0.798946
0.800343
0.7983
0.800086
0.808879
0.81867
0.825258
0.829609
0.836135
0.844722
0.849752
0.846603
0.838573
0.832055
0.827679
0.822305
0.816491
0.817488
0.833362
0.861897
0.883111
0.89403
0.90148
0.910197
0.918101
0.918577
0.899094
0.87428
0.86302
0.859071
0.855054
0.855086
0.862579
0.894476
0.931876
0.950438
0.959032
0.966714
0.971634
0.973904
0.960614
0.92623
0.902663
0.895038
0.893469
0.893443
0.898284
0.928145
0.973797
0.999183
1.00942
1.01439
1.01804
1.01961
1.00739
0.968758
0.936196
0.923649
0.922785
0.925555
0.935149
0.975228
1.01758
1.03448
1.04135
1.04642
1.04864
1.04656
1.01966
0.971889
0.942307
0.93293
0.931763
0.935866
0.972899
1.02144
1.04187
1.04634
1.04668
1.04629
1.04096
1.02141
0.966211
0.941487
2.57231
13.3605
0.763925
0.74817
0.738258
0.743549
0.756053
0.76587
0.771126
0.779122
0.793023
0.808577
0.816101
0.815777
0.812343
0.804375
0.78512
0.763782
0.756553
0.763173
0.784696
0.809355
0.828447
0.849042
0.872474
0.886005
0.888606
0.878041
0.856239
0.834301
0.815376
0.800797
0.794652
0.796425
0.811936
0.849147
0.882577
0.904544
0.922584
0.933051
0.938043
0.938268
0.918584
0.884312
0.861239
0.852775
0.851104
0.852396
0.856927
0.883728
0.929675
0.956819
0.966311
0.970865
0.97457
0.978164
0.971185
0.938215
0.908175
0.895202
0.893945
0.896593
0.901356
0.923885
0.969826
1.00041
1.01147
1.01509
1.01757
1.02088
1.01535
0.979348
0.944344
0.930306
0.925691
0.924399
0.929902
0.967694
1.01791
1.04045
1.04596
1.04773
1.04843
1.0459
1.02284
0.975744
0.943166
0.932015
0.930117
0.933831
0.968926
1.01649
1.03728
1.04178
1.04235
1.04184
1.03789
1.00749
0.986411
2.48307
13.4056
0.745353
0.707411
0.699275
0.704264
0.722873
0.749113
0.772586
0.801106
0.836936
0.856104
0.859188
0.850396
0.832065
0.804229
0.769289
0.741523
0.732622
0.733422
0.741997
0.770654
0.816505
0.861267
0.893804
0.908005
0.913504
0.91239
0.892744
0.852511
0.815173
0.794184
0.787701
0.788454
0.79241
0.807502
0.854465
0.903892
0.926624
0.935706
0.940759
0.944182
0.943865
0.926951
0.887704
0.860227
0.850948
0.850628
0.853321
0.858487
0.881411
0.926249
0.955156
0.967462
0.975838
0.981717
0.984663
0.979532
0.950367
0.917891
0.903225
0.899227
0.89785
0.899852
0.916561
0.961768
0.994905
1.00852
1.01818
1.02422
1.0267
1.01978
0.983898
0.943951
0.925881
0.923041
0.925121
0.931428
0.964899
1.01376
1.0361
1.04182
1.04382
1.04514
1.04577
1.02952
0.98227
0.945294
0.931871
0.929131
0.930305
0.961795
1.01033
1.03283
1.0383
1.03903
1.03828
1.02532
1.03477
2.45351
13.4574
0.731472
0.686291
0.680379
0.682327
0.688705
0.710852
0.757206
0.818629
0.864677
0.88138
0.88636
0.883805
0.866657
0.821734
0.763968
0.735207
0.728969
0.730337
0.734838
0.745415
0.78429
0.859632
0.899959
0.912005
0.916866
0.916749
0.907277
0.87992
0.832086
0.799132
0.789756
0.790249
0.794962
0.807425
0.83066
0.876603
0.917199
0.934909
0.9416
0.944849
0.944426
0.939202
0.922286
0.88477
0.859303
0.852317
0.853411
0.85738
0.862005
0.879451
0.927766
0.965313
0.978903
0.983689
0.986595
0.989287
0.986968
0.959996
0.921193
0.900072
0.895221
0.896385
0.899099
0.9129
0.961414
1.00323
1.018
1.02231
1.02371
1.02498
1.02157
0.990993
0.951277
0.932736
0.927743
0.926237
0.928093
0.955994
1.00667
1.03283
1.04109
1.04622
1.04833
1.04755
1.03167
0.984781
0.944747
0.928713
0.925467
0.927051
0.957057
1.00456
1.02787
1.03406
1.03558
1.02661
1.06754
2.47981
13.5085
0.730265
0.683668
0.679842
0.681772
0.685783
0.696662
0.733241
0.816904
0.868635
0.883946
0.888647
0.883553
0.855417
0.811681
0.772385
0.745189
0.735639
0.735742
0.741853
0.759401
0.791018
0.837368
0.885021
0.905176
0.910298
0.903685
0.886007
0.868193
0.850768
0.82679
0.810188
0.807279
0.813257
0.824427
0.834696
0.84568
0.87839
0.914733
0.930352
0.933607
0.930479
0.926022
0.923585
0.918172
0.894641
0.871465
0.862999
0.863474
0.868478
0.87667
0.889149
0.92557
0.962261
0.978205
0.984117
0.986019
0.985732
0.985384
0.965485
0.927129
0.90517
0.899831
0.901005
0.90518
0.917179
0.958867
0.998388
1.0135
1.01995
1.02533
1.02824
1.02633
0.999114
0.955737
0.930776
0.924039
0.924307
0.927408
0.953264
1.00588
1.03633
1.04422
1.04544
1.04494
1.04434
1.03309
0.989823
0.946795
0.928167
0.923459
0.923398
0.950823
0.998072
1.02251
1.03089
1.02398
1.08218
2.54393
13.5585
0.739141
0.696809
0.690408
0.692538
0.699552
0.719696
0.753244
0.795025
0.842458
0.865691
0.869231
0.857089
0.833271
0.811653
0.791112
0.771297
0.758821
0.757082
0.765341
0.785143
0.804157
0.818056
0.840849
0.867214
0.87834
0.875914
0.869615
0.866701
0.865569
0.860236
0.849275
0.840616
0.83924
0.841808
0.845029
0.849282
0.853599
0.86553
0.888313
0.906331
0.915819
0.920846
0.925254
0.930679
0.933487
0.920068
0.895364
0.881961
0.878755
0.877264
0.877095
0.882763
0.912352
0.952472
0.972281
0.978536
0.982708
0.98673
0.989229
0.975697
0.940428
0.915489
0.90753
0.905664
0.906069
0.913578
0.952588
0.999722
1.02018
1.02576
1.02834
1.02987
1.02774
1.0045
0.962286
0.936307
0.928802
0.928241
0.929737
0.951226
1.00077
1.03011
1.03856
1.04246
1.04483
1.04498
1.03588
0.994506
0.947563
0.925137
0.919324
0.919344
0.946466
0.991726
1.01734
1.01783
1.0847
2.62603
13.6077
0.757722
0.728017
0.717284
0.716558
0.725738
0.749513
0.770185
0.781567
0.795679
0.814996
0.824367
0.821909
0.816178
0.813464
0.811763
0.804973
0.796668
0.794863
0.802071
0.812066
0.817675
0.819967
0.817909
0.813629
0.819545
0.835576
0.8513
0.861298
0.868668
0.879606
0.888529
0.890227
0.882395
0.870378
0.860624
0.852511
0.840026
0.831879
0.836043
0.860237
0.89337
0.914927
0.928377
0.942426
0.952429
0.956393
0.94526
0.914703
0.889706
0.878063
0.874352
0.873543
0.87621
0.898764
0.944311
0.972276
0.983056
0.989462
0.995006
0.997912
0.987775
0.950503
0.918016
0.906355
0.906292
0.909595
0.916574
0.949679
0.995546
1.01647
1.02252
1.02531
1.02786
1.02973
1.01429
0.971842
0.940329
0.928878
0.926403
0.926476
0.943494
0.994915
1.03161
1.04288
1.04457
1.04463
1.04364
1.03613
0.9987
0.949
0.923277
0.9159
0.915252
0.941993
0.985898
1.00073
1.07781
2.71467
13.6515
0.776978
0.769924
0.758795
0.756925
0.764546
0.775181
0.780143
0.781511
0.772691
0.75956
0.76035
0.776611
0.796396
0.80913
0.816846
0.828858
0.84223
0.850001
0.848257
0.840921
0.83175
0.818577
0.795682
0.776892
0.774048
0.785368
0.81553
0.847852
0.87312
0.897166
0.918336
0.927821
0.926746
0.910241
0.881478
0.850626
0.826291
0.813368
0.811718
0.816839
0.843869
0.89162
0.928887
0.949785
0.963069
0.970414
0.974112
0.964142
0.927898
0.893663
0.875929
0.868008
0.866712
0.869651
0.890244
0.938556
0.974011
0.989063
0.995037
0.998833
1.00124
0.994901
0.960806
0.927786
0.915346
0.912014
0.910245
0.912843
0.939549
0.986618
1.01234
1.02259
1.02963
1.03302
1.03351
1.01939
0.976852
0.940834
0.92654
0.924693
0.926715
0.942873
0.992056
1.0289
1.03986
1.04198
1.04242
1.04169
1.03613
1.00256
0.950514
0.920437
0.911293
0.910342
0.938413
0.969609
1.05789
2.79763
13.6792
0.782327
0.797279
0.807918
0.812289
0.80665
0.797196
0.786059
0.770447
0.745803
0.725934
0.722758
0.73054
0.757773
0.792073
0.821153
0.85231
0.882504
0.894822
0.89457
0.880101
0.854292
0.818942
0.781955
0.759933
0.755281
0.757594
0.76898
0.806059
0.861103
0.907316
0.934509
0.945482
0.949701
0.94637
0.919811
0.866014
0.824819
0.810193
0.808994
0.811716
0.818398
0.846217
0.907929
0.950921
0.968584
0.975761
0.980181
0.980235
0.967545
0.92249
0.880151
0.865681
0.864654
0.867247
0.872366
0.891262
0.941799
0.980203
0.993563
0.999528
1.0048
1.00715
1.00153
0.969779
0.930965
0.911019
0.906821
0.907981
0.911189
0.933511
0.98446
1.0174
1.02728
1.02981
1.03096
1.03276
1.0251
0.985309
0.946844
0.931611
0.927478
0.926191
0.936645
0.984019
1.02366
1.0369
1.03992
1.04009
1.03927
1.03563
1.00625
0.952484
0.917421
0.905397
0.905286
0.926074
1.02678
2.85421
13.6953
0.774118
0.82196
0.847399
0.856108
0.853274
0.833803
0.802945
0.766652
0.732953
0.715639
0.712509
0.714373
0.720639
0.745396
0.802348
0.862416
0.898232
0.911757
0.916985
0.914989
0.894356
0.837599
0.780668
0.758382
0.754981
0.756885
0.762992
0.777265
0.827142
0.902585
0.937801
0.947463
0.951488
0.947789
0.92815
0.887778
0.8407
0.817419
0.812833
0.815093
0.822565
0.837104
0.869679
0.931258
0.965497
0.975202
0.978071
0.974271
0.96288
0.945145
0.91058
0.881036
0.871624
0.871855
0.87611
0.884024
0.901803
0.947525
0.986456
1.00109
1.00524
1.00713
1.00745
1.00201
0.973483
0.933903
0.913884
0.909232
0.910341
0.913694
0.932591
0.979588
1.01148
1.02322
1.03114
1.03588
1.03749
1.02997
0.991172
0.947569
0.927227
0.922637
0.92268
0.931445
0.977334
1.0198
1.03447
1.03793
1.0389
1.0382
1.03458
1.0068
0.953223
0.914045
0.899358
0.890744
0.987579
2.86537
13.6953
0.75104
0.829713
0.854544
0.863037
0.867086
0.864938
0.83688
0.777082
0.734893
0.717931
0.714849
0.717026
0.723656
0.73634
0.768684
0.84746
0.898906
0.912998
0.916451
0.909066
0.880821
0.840988
0.800755
0.773718
0.76598
0.767814
0.775473
0.789871
0.814986
0.866049
0.918373
0.937007
0.939497
0.928974
0.912107
0.896843
0.874077
0.846353
0.832805
0.832009
0.838635
0.850594
0.865621
0.890759
0.931236
0.953939
0.958468
0.954661
0.948925
0.946101
0.942138
0.923513
0.899335
0.888095
0.887151
0.890395
0.894244
0.904921
0.944494
0.981825
0.995086
0.99825
0.997376
0.99908
1.00061
0.983241
0.94421
0.920208
0.913022
0.911737
0.912944
0.927257
0.977174
1.01778
1.03147
1.03497
1.03639
1.03716
1.03078
0.993615
0.948318
0.926617
0.920873
0.920552
0.929396
0.974769
1.01957
1.03531
1.03778
1.03671
1.03524
1.03045
1.00354
0.954275
0.914145
0.885133
0.944948
2.82148
13.6855
0.726474
0.800093
0.844776
0.857778
0.858749
0.847714
0.827469
0.800078
0.762355
0.737619
0.730223
0.731437
0.736764
0.748646
0.770622
0.80703
0.860437
0.887202
0.890627
0.881237
0.866407
0.85212
0.833267
0.809562
0.792826
0.788927
0.794229
0.808659
0.825881
0.842048
0.868127
0.895526
0.905964
0.904956
0.901388
0.900203
0.899039
0.889109
0.87139
0.861179
0.860808
0.865359
0.869908
0.873171
0.880621
0.901659
0.923707
0.936157
0.94249
0.948394
0.955501
0.958263
0.947934
0.923594
0.905854
0.899117
0.898818
0.900642
0.903232
0.925957
0.963058
0.98313
0.992695
1.00134
1.00633
1.00832
0.99333
0.953349
0.923896
0.913985
0.913954
0.917199
0.929062
0.974575
1.01441
1.02783
1.03176
1.03376
1.03484
1.03143
0.999065
0.951529
0.927522
0.921646
0.921009
0.929231
0.97397
1.01685
1.03091
1.03279
1.0319
1.0308
1.02558
1.00179
0.956784
0.904248
0.92514
2.72393
13.682
0.730228
0.751816
0.790792
0.820418
0.830173
0.830061
0.82884
0.824574
0.80564
0.774889
0.755238
0.750712
0.755415
0.770825
0.785275
0.791257
0.801411
0.825563
0.846674
0.855535
0.85792
0.859247
0.859407
0.852124
0.836831
0.827322
0.827522
0.833087
0.837558
0.839574
0.8345
0.833673
0.849561
0.873499
0.88969
0.898828
0.907859
0.916609
0.919082
0.911345
0.897936
0.886431
0.877221
0.866772
0.854492
0.852553
0.868882
0.904021
0.933146
0.949415
0.960464
0.972295
0.980195
0.975832
0.949508
0.922554
0.905751
0.892145
0.883409
0.884989
0.907187
0.955861
0.989218
1.00112
1.00625
1.01128
1.01515
1.00514
0.965421
0.933298
0.921236
0.916192
0.915001
0.923014
0.967494
1.01211
1.0283
1.03289
1.03584
1.03702
1.03333
1.00204
0.954551
0.929214
0.922432
0.92178
0.927674
0.968967
1.01165
1.02642
1.02875
1.02801
1.02728
1.02196
1.00157
0.945847
0.931916
2.60849
13.7035
0.735958
0.737921
0.737303
0.75392
0.785885
0.811878
0.82435
0.828127
0.830637
0.823428
0.80473
0.792095
0.789633
0.792202
0.794358
0.789023
0.773285
0.769132
0.783554
0.817246
0.845941
0.860117
0.866051
0.8731
0.882371
0.883294
0.872073
0.85817
0.845323
0.828392
0.807552
0.797469
0.800802
0.823692
0.863489
0.89332
0.912598
0.931854
0.949424
0.955666
0.946989
0.921741
0.8911
0.85987
0.837107
0.830399
0.832767
0.850394
0.89618
0.938377
0.965503
0.98696
0.998238
1.00295
0.99714
0.962173
0.915774
0.886795
0.87677
0.875466
0.878068
0.900142
0.954291
0.990833
1.00667
1.01763
1.02306
1.02534
1.01413
0.970763
0.930261
0.914889
0.912986
0.914339
0.922546
0.965312
1.01224
1.03022
1.03417
1.03499
1.0351
1.03219
1.00569
0.959266
0.930913
0.921674
0.920127
0.925593
0.963569
1.00528
1.02155
1.02474
1.02464
1.02319
1.01834
0.986339
0.973001
2.52198
13.745
0.736609
0.719403
0.712736
0.713693
0.726182
0.764939
0.806105
0.827872
0.838941
0.850228
0.856272
0.848818
0.829356
0.809837
0.793161
0.776468
0.757196
0.746836
0.747336
0.760083
0.799608
0.839633
0.866624
0.89403
0.917134
0.924746
0.920314
0.897226
0.863079
0.826526
0.798262
0.786115
0.785369
0.789387
0.80983
0.856525
0.905164
0.944094
0.968116
0.976548
0.978348
0.964573
0.917053
0.862738
0.835628
0.829458
0.830834
0.834723
0.850425
0.905429
0.964788
0.992717
1.00287
1.00757
1.00855
0.997217
0.95006
0.897935
0.877771
0.874619
0.876321
0.881313
0.906529
0.967394
1.00808
1.01997
1.02398
1.02635
1.02567
1.01224
0.968007
0.929608
0.916245
0.914551
0.915912
0.92255
0.962253
1.00828
1.02587
1.03063
1.03373
1.03539
1.03338
1.01058
0.964512
0.932402
0.921093
0.918522
0.920401
0.954631
0.9986
1.01663
1.02023
1.02028
1.01942
1.0049
1.0212
2.49104
13.7884
0.740816
0.714538
0.707698
0.706717
0.708083
0.716119
0.74951
0.801781
0.841637
0.866839
0.88052
0.884693
0.876768
0.847433
0.8093
0.776532
0.75529
0.745905
0.745507
0.748001
0.755407
0.790827
0.854113
0.90274
0.924934
0.932452
0.936132
0.933558
0.903378
0.842136
0.801144
0.787174
0.78602
0.788699
0.794236
0.812199
0.879214
0.946682
0.97091
0.977752
0.979799
0.970464
0.940876
0.888679
0.849926
0.836756
0.835863
0.839549
0.846794
0.867398
0.934217
0.986661
1.00172
1.00578
1.00219
0.988292
0.967022
0.930306
0.895468
0.882393
0.881725
0.885947
0.894846
0.922474
0.980435
1.01224
1.02069
1.0227
1.02062
1.01577
1.00281
0.965939
0.931248
0.91697
0.914483
0.916057
0.922425
0.959349
1.00752
1.02895
1.03409
1.03523
1.03528
1.03365
1.01526
0.968071
0.931258
0.916828
0.913734
0.915575
0.948055
0.993176
1.01301
1.0174
1.01767
1.0067
1.0549
2.51442
13.8306
0.759969
0.717518
0.708639
0.707563
0.708981
0.713102
0.721207
0.751497
0.821377
0.868021
0.882033
0.886394
0.883928
0.870253
0.837563
0.797916
0.767327
0.752392
0.749719
0.752341
0.758247
0.769295
0.808011
0.882076
0.921161
0.931133
0.932245
0.921919
0.901131
0.869935
0.827984
0.802414
0.795638
0.797104
0.802768
0.816376
0.846691
0.911842
0.954031
0.965137
0.963043
0.950715
0.936861
0.919341
0.887373
0.85938
0.849039
0.849284
0.855619
0.870874
0.899541
0.949216
0.979053
0.985616
0.98122
0.974919
0.971292
0.963048
0.935189
0.907184
0.896971
0.898214
0.904771
0.913682
0.934257
0.976684
1.00255
1.00985
1.0103
1.00958
1.00913
1.00375
0.975506
0.94128
0.924083
0.920127
0.92158
0.92695
0.957269
1.00314
1.0257
1.03157
1.03276
1.03252
1.03185
1.01837
0.973297
0.932263
0.914718
0.909811
0.910506
0.9423
0.987565
1.00845
1.01463
1.00599
1.07018
2.57386
13.874
0.792948
0.742602
0.72213
0.716698
0.718067
0.723971
0.734139
0.747797
0.771893
0.823774
0.857374
0.867041
0.867614
0.865948
0.86237
0.840938
0.802826
0.773382
0.762888
0.763886
0.771072
0.783013
0.797689
0.826977
0.876234
0.902551
0.908134
0.906719
0.903589
0.895657
0.870456
0.834726
0.815323
0.81267
0.819808
0.835661
0.849217
0.863496
0.897493
0.926808
0.937479
0.939187
0.939214
0.937166
0.925213
0.896658
0.875554
0.870721
0.876906
0.886793
0.891902
0.898864
0.922573
0.948203
0.961771
0.967503
0.970325
0.972543
0.970706
0.954245
0.933457
0.922297
0.917602
0.915375
0.914673
0.921884
0.953202
0.984087
0.99841
1.00399
1.008
1.01282
1.01339
0.99234
0.955753
0.933527
0.925078
0.921569
0.922292
0.946766
0.995683
1.0221
1.02929
1.03224
1.0342
1.03396
1.02299
0.97843
0.931676
0.910771
0.904991
0.90525
0.93798
0.983426
1.00531
1.00287
1.07473
2.64848
13.9183
0.812106
0.791873
0.758544
0.741243
0.737396
0.741231
0.749635
0.755155
0.757668
0.763651
0.795712
0.834232
0.8536
0.860364
0.862306
0.861645
0.847925
0.817811
0.796009
0.788976
0.790464
0.794663
0.797798
0.799704
0.811094
0.846073
0.87812
0.893747
0.8993
0.901085
0.899093
0.883434
0.860635
0.848684
0.847328
0.850278
0.852063
0.847305
0.84675
0.863794
0.898701
0.923805
0.93343
0.935884
0.935696
0.934643
0.928308
0.917623
0.909016
0.901523
0.888521
0.874068
0.873157
0.891711
0.92893
0.955661
0.967932
0.97571
0.985372
0.992437
0.987189
0.963519
0.937154
0.917353
0.90405
0.897152
0.901066
0.931264
0.972123
0.995644
1.00909
1.02056
1.02668
1.02807
1.01018
0.967333
0.933959
0.9201
0.91697
0.917594
0.938301
0.989628
1.02174
1.03168
1.03454
1.03574
1.03506
1.02472
0.979826
0.928668
0.906171
0.900271
0.903026
0.93889
0.980374
0.989714
1.07093
2.72668
13.9603
0.810551
0.818329
0.817095
0.797539
0.77642
0.765805
0.7622
0.757702
0.747337
0.741942
0.744438
0.767569
0.813435
0.844622
0.856511
0.860918
0.867563
0.870422
0.855234
0.829692
0.812152
0.802142
0.793158
0.785808
0.783671
0.789415
0.819003
0.861579
0.887908
0.899404
0.908037
0.918042
0.91787
0.899101
0.875677
0.858386
0.846392
0.83672
0.826793
0.825375
0.839715
0.881226
0.914237
0.929291
0.944665
0.964102
0.972553
0.966474
0.943609
0.912399
0.882881
0.863577
0.855229
0.856067
0.873014
0.915968
0.952742
0.976897
0.998897
1.01484
1.02005
1.01166
0.975636
0.930438
0.899657
0.886878
0.884495
0.888218
0.917952
0.9716
1.00702
1.02271
1.03281
1.03885
1.04022
1.02067
0.969486
0.930734
0.9159
0.910446
0.910048
0.930761
0.98767
1.02261
1.03224
1.03441
1.03427
1.032
1.02248
0.978298
0.926419
0.904102
0.897939
0.902504
0.939138
0.963816
1.05441
2.7992
13.9891
0.805629
0.837262
0.850141
0.852285
0.834815
0.801403
0.773652
0.75692
0.74595
0.735586
0.729846
0.730996
0.746378
0.793587
0.838869
0.866676
0.886042
0.897874
0.900954
0.885551
0.848063
0.814965
0.794676
0.783182
0.77584
0.774323
0.77782
0.800146
0.848802
0.891375
0.919785
0.93837
0.946411
0.945359
0.922221
0.886065
0.855674
0.833883
0.818738
0.813191
0.814804
0.826645
0.869207
0.920027
0.957602
0.981385
0.991329
0.993909
0.983936
0.945198
0.895733
0.864057
0.852337
0.850869
0.852754
0.863902
0.908758
0.968839
1.00806
1.02402
1.02935
1.02975
1.01536
0.963404
0.910327
0.888006
0.883655
0.884758
0.888806
0.918538
0.980994
1.0216
1.03747
1.04284
1.04395
1.0401
1.01472
0.957832
0.918871
0.907835
0.906869
0.909055
0.933794
0.992621
1.02509
1.03197
1.0326
1.03152
1.02898
1.01929
0.975711
0.924962
0.901125
0.894403
0.901886
0.926703
1.02684
2.85004
14.0022
0.777742
0.842946
0.858822
0.864957
0.868117
0.856442
0.816388
0.775238
0.748852
0.732745
0.726305
0.726949
0.730134
0.741193
0.788423
0.854953
0.890225
0.901296
0.905481
0.907337
0.896036
0.853897
0.811635
0.786819
0.775542
0.773638
0.77558
0.779444
0.795314
0.854747
0.91598
0.940526
0.947609
0.950802
0.949261
0.928236
0.883466
0.842603
0.820227
0.813398
0.814268
0.817516
0.828209
0.880186
0.950657
0.98253
0.991347
0.994388
0.992214
0.976557
0.928774
0.87999
0.855736
0.849678
0.850747
0.853988
0.870194
0.938015
1.00301
1.02197
1.02638
1.02363
1.01229
0.990616
0.947017
0.905037
0.88806
0.885586
0.887385
0.894701
0.938167
1.00774
1.03477
1.03994
1.03872
1.03283
1.02412
0.999148
0.949613
0.917941
0.9094
0.908936
0.913287
0.94385
0.998727
1.02572
1.03088
1.03017
1.02702
1.02368
1.01389
0.974675
0.926771
0.899577
0.891138
0.888424
0.990551
2.87148
13.9993
0.734694
0.819527
0.856954
0.866337
0.869261
0.867327
0.854125
0.810948
0.763855
0.737814
0.729875
0.730049
0.733803
0.74291
0.758814
0.805418
0.867903
0.895481
0.902838
0.904029
0.89917
0.886539
0.849464
0.80721
0.78375
0.777477
0.778832
0.784251
0.795859
0.815749
0.870109
0.920341
0.938007
0.942146
0.941707
0.938127
0.921884
0.878182
0.838486
0.822429
0.821069
0.825278
0.83461
0.852588
0.905028
0.959289
0.9784
0.981962
0.980177
0.975748
0.963369
0.918262
0.873741
0.857344
0.856889
0.864808
0.883291
0.911499
0.96035
0.997242
1.00768
1.0082
1.00611
1.00232
0.98489
0.939434
0.904251
0.894222
0.896441
0.908512
0.92686
0.961195
1.00415
1.02152
1.02446
1.02365
1.0211
1.01601
0.994393
0.953044
0.926558
0.919006
0.919935
0.92287
0.949022
0.995967
1.01891
1.02344
1.02188
1.0195
1.01721
1.01001
0.978743
0.933279
0.900986
0.87554
0.94398
2.85025
13.9849
0.723072
0.755051
0.813253
0.8458
0.854152
0.854283
0.851445
0.843843
0.810246
0.769305
0.750004
0.746695
0.750472
0.75823
0.766875
0.776255
0.805429
0.854356
0.881804
0.889581
0.890626
0.889832
0.884072
0.852722
0.814136
0.79616
0.793959
0.799775
0.809386
0.815447
0.822699
0.859566
0.907068
0.927821
0.933254
0.934155
0.932007
0.918502
0.880129
0.848355
0.838217
0.840142
0.847914
0.855244
0.863661
0.898923
0.943946
0.964346
0.969821
0.97028
0.966415
0.953223
0.917854
0.888774
0.881065
0.885326
0.891567
0.896157
0.908646
0.945332
0.979556
0.993871
0.997783
0.996203
0.988776
0.97643
0.950387
0.929765
0.923446
0.923527
0.924209
0.924938
0.946935
0.98786
1.00955
1.01557
1.01553
1.01325
1.01113
1.0007
0.970693
0.943184
0.929901
0.926214
0.925838
0.941751
0.983004
1.00835
1.01571
1.01635
1.01566
1.0147
1.01047
0.985785
0.939466
0.887745
0.917478
2.77104
13.9751
0.728574
0.732808
0.746507
0.790193
0.826192
0.839795
0.843552
0.843677
0.840911
0.823134
0.793819
0.775675
0.769588
0.769657
0.771777
0.774214
0.776138
0.789046
0.827755
0.861975
0.877605
0.882906
0.884607
0.885247
0.870843
0.842582
0.824167
0.817906
0.816656
0.813439
0.811497
0.815329
0.842199
0.888518
0.914894
0.924131
0.927158
0.929472
0.927086
0.904693
0.877694
0.864189
0.859773
0.856726
0.853117
0.855689
0.880918
0.925089
0.951131
0.960377
0.963381
0.965755
0.963213
0.943901
0.920203
0.905756
0.897226
0.892807
0.891446
0.895471
0.923961
0.961616
0.980465
0.985872
0.988522
0.993656
0.996925
0.985347
0.958771
0.934425
0.920746
0.916529
0.916281
0.930856
0.96909
0.99515
1.00484
1.00989
1.01761
1.02465
1.02182
0.993198
0.955
0.931404
0.921134
0.917628
0.927532
0.967177
0.999166
1.01107
1.01503
1.01659
1.01636
1.01208
0.988659
0.926257
0.919373
2.657
13.9865
0.733747
0.727513
0.725301
0.730092
0.759413
0.801963
0.827129
0.839066
0.849452
0.858264
0.854939
0.829793
0.801577
0.78466
0.776585
0.772431
0.769197
0.765844
0.769997
0.799718
0.843648
0.870678
0.885791
0.900363
0.90857
0.902955
0.873042
0.840658
0.821176
0.813012
0.810012
0.806511
0.806257
0.822705
0.868919
0.905144
0.923611
0.938511
0.950662
0.953162
0.933231
0.896629
0.869619
0.854931
0.848582
0.845276
0.846364
0.863104
0.907969
0.943912
0.961903
0.973856
0.985182
0.988972
0.973342
0.940301
0.911351
0.892919
0.882281
0.877915
0.880858
0.905371
0.948232
0.976816
0.992987
1.00859
1.02107
1.02334
1.00679
0.966591
0.931166
0.912542
0.902915
0.900745
0.912409
0.951445
0.987653
1.01045
1.02905
1.04086
1.0442
1.03808
1.00234
0.952411
0.921917
0.910316
0.905829
0.912605
0.954969
0.996206
1.01258
1.0173
1.0184
1.01754
1.01111
0.968791
0.95491
2.55714
14.0141
0.741632
0.726363
0.718366
0.713214
0.71538
0.735655
0.785411
0.830783
0.85729
0.871738
0.879647
0.880102
0.857494
0.818969
0.791708
0.776195
0.76349
0.753249
0.751851
0.755998
0.781022
0.835779
0.882969
0.908647
0.921803
0.927794
0.925009
0.893555
0.850552
0.824262
0.810202
0.797946
0.793765
0.795858
0.809893
0.859132
0.913687
0.945436
0.960019
0.966713
0.968051
0.948359
0.904281
0.86922
0.850757
0.84044
0.835685
0.83658
0.849525
0.895999
0.94724
0.979822
0.996978
1.00405
1.00502
0.986764
0.943765
0.904791
0.882681
0.872986
0.869351
0.871004
0.890675
0.940676
0.988419
1.01801
1.03143
1.03556
1.03443
1.01149
0.960837
0.918758
0.899326
0.892468
0.89118
0.899182
0.943437
1.00194
1.03451
1.04596
1.04911
1.0484
1.03899
0.998271
0.942114
0.909804
0.899815
0.896994
0.904631
0.955096
1.00217
1.01701
1.01923
1.0189
1.01469
0.989042
0.998724
2.51055
14.0433
0.767534
0.728816
0.714561
0.710619
0.712194
0.715787
0.730496
0.782494
0.843277
0.872633
0.88208
0.885969
0.887784
0.873077
0.83004
0.787805
0.762278
0.7528
0.752085
0.754225
0.759024
0.779548
0.843758
0.901704
0.923155
0.929223
0.932503
0.930678
0.90056
0.848377
0.810948
0.796306
0.793682
0.79534
0.799176
0.812908
0.86867
0.933115
0.959232
0.966249
0.969632
0.96855
0.949621
0.904233
0.862137
0.839603
0.833533
0.83467
0.837829
0.850844
0.906226
0.970168
0.995643
1.00256
1.00512
1.00343
0.986428
0.942049
0.897302
0.873119
0.866188
0.867039
0.870133
0.892771
0.963732
1.01487
1.0295
1.03312
1.03267
1.02851
1.00493
0.95157
0.907313
0.89064
0.888541
0.89006
0.903619
0.96846
1.02758
1.04392
1.04655
1.04542
1.04129
1.03014
0.985382
0.92791
0.900592
0.894639
0.894648
0.912544
0.972689
1.01068
1.01764
1.01725
1.01246
0.992917
1.02942
2.50728
14.0767
0.80318
0.7422
0.720886
0.715972
0.717666
0.72443
0.73299
0.744901
0.785919
0.847047
0.877035
0.884933
0.8877
0.887628
0.873763
0.824216
0.77859
0.760708
0.757966
0.760752
0.7673
0.776236
0.795583
0.854595
0.907354
0.924475
0.928765
0.929391
0.925352
0.895283
0.839817
0.808575
0.800803
0.802087
0.807744
0.817028
0.833249
0.881684
0.936181
0.957661
0.963171
0.965095
0.964381
0.946994
0.896589
0.855493
0.840949
0.840392
0.846469
0.85749
0.87372
0.919217
0.971293
0.991933
0.997443
0.999685
0.99974
0.983642
0.931313
0.88678
0.871834
0.871649
0.879351
0.89373
0.920284
0.976362
1.01251
1.02258
1.02529
1.02638
1.02312
0.994475
0.935617
0.901503
0.894355
0.89775
0.909716
0.934611
0.987841
1.02607
1.03601
1.03706
1.0354
1.02935
1.01487
0.971662
0.924291
0.90515
0.902556
0.906655
0.932322
0.982476
1.00732
1.01091
1.00667
0.988602
1.04672
2.54606
14.1218
0.822311
0.792223
0.757077
0.738228
0.733227
0.734039
0.73644
0.739744
0.747931
0.783994
0.842023
0.870314
0.876809
0.875508
0.870022
0.860635
0.828378
0.792101
0.775832
0.773201
0.775715
0.779969
0.78525
0.800808
0.85318
0.900153
0.915583
0.917971
0.913712
0.907537
0.89029
0.851073
0.824107
0.816368
0.817671
0.821866
0.826326
0.836626
0.880166
0.931378
0.951505
0.955899
0.951999
0.946085
0.937172
0.904242
0.871411
0.859022
0.85838
0.861125
0.864221
0.87346
0.917014
0.968057
0.987984
0.992173
0.988392
0.982379
0.971559
0.934643
0.902265
0.891869
0.892216
0.894673
0.897928
0.918965
0.973516
1.00889
1.01835
1.01889
1.01292
1.00319
0.980528
0.942783
0.921745
0.917296
0.91864
0.920413
0.934074
0.982614
1.01881
1.02809
1.02731
1.01961
1.01153
1.00305
0.97653
0.940405
0.920734
0.915369
0.915225
0.935802
0.97427
0.993594
0.995313
0.978877
1.04976
2.62337
14.1759
0.828467
0.83352
0.815025
0.777483
0.752594
0.743551
0.743138
0.747753
0.752404
0.755027
0.769464
0.814775
0.850134
0.863507
0.86913
0.8742
0.873657
0.848388
0.812017
0.792755
0.787165
0.787738
0.791046
0.794217
0.799332
0.83161
0.876334
0.897695
0.904799
0.910953
0.914702
0.906229
0.873488
0.845115
0.832703
0.829651
0.831098
0.834554
0.838707
0.863637
0.907877
0.931667
0.939663
0.946636
0.952454
0.951113
0.926409
0.892096
0.872008
0.86569
0.866805
0.870512
0.874859
0.903277
0.9487
0.970416
0.976432
0.981848
0.986787
0.984147
0.956661
0.921858
0.902215
0.895981
0.896831
0.900174
0.916737
0.961154
0.991901
1.00101
1.00328
1.00556
1.0071
0.998042
0.970063
0.941811
0.924609
0.918963
0.91959
0.931243
0.972674
1.00169
1.00884
1.00767
1.00695
1.0095
1.01366
1.00054
0.960636
0.929655
0.918025
0.915134
0.92548
0.956893
0.974828
0.965713
1.0424
2.71654
14.1899
0.827773
0.837191
0.840299
0.835018
0.804436
0.774284
0.7613
0.757558
0.752243
0.742693
0.740932
0.750141
0.794567
0.846145
0.869058
0.875259
0.878807
0.882639
0.870938
0.83685
0.811164
0.800752
0.796068
0.787938
0.780634
0.783175
0.810467
0.866167
0.901083
0.911857
0.916283
0.921762
0.92296
0.899459
0.86495
0.84549
0.837816
0.831022
0.822061
0.822667
0.84363
0.896325
0.934678
0.948616
0.954954
0.96287
0.966786
0.948354
0.908904
0.883236
0.87344
0.866191
0.858013
0.859635
0.886216
0.940114
0.972994
0.984727
0.991923
1.00039
1.00087
0.974343
0.93261
0.90858
0.90054
0.89567
0.892012
0.901606
0.943247
0.982409
1.00143
1.0116
1.0213
1.02673
1.01916
0.984281
0.944294
0.923912
0.918895
0.918164
0.921577
0.951701
0.983704
0.999422
1.00988
1.02373
1.02983
1.02865
1.01074
0.966878
0.929771
0.913243
0.90646
0.907819
0.934087
0.943718
1.02953
2.82208
14.2011
0.803706
0.841167
0.855045
0.860453
0.857516
0.827435
0.788002
0.761925
0.746242
0.738384
0.736393
0.738323
0.744715
0.781859
0.83636
0.867255
0.88673
0.89788
0.901207
0.891949
0.855666
0.820539
0.797261
0.782029
0.77509
0.774693
0.77792
0.799857
0.855373
0.896009
0.918982
0.934939
0.941156
0.941209
0.918013
0.877048
0.84609
0.825187
0.815148
0.813378
0.816135
0.833833
0.886886
0.931444
0.957324
0.974254
0.980696
0.981824
0.963187
0.919307
0.882522
0.859253
0.849587
0.848704
0.852152
0.876863
0.933284
0.974914
0.998711
1.01009
1.01342
1.01171
0.984669
0.939496
0.906402
0.887236
0.880944
0.881635
0.890942
0.931914
0.980557
1.01292
1.02953
1.03444
1.03544
1.02772
0.992866
0.951192
0.924076
0.908197
0.902836
0.90578
0.934548
0.979823
1.0142
1.03126
1.03523
1.03421
1.0315
1.01674
0.973136
0.928803
0.900044
0.885834
0.883974
0.902967
1.00848
2.93191
14.2057
0.754491
0.824919
0.850425
0.858588
0.862066
0.862498
0.844601
0.805835
0.771666
0.752426
0.74374
0.741958
0.743517
0.747461
0.771289
0.829187
0.876083
0.893795
0.899715
0.902708
0.899607
0.873843
0.83401
0.802347
0.78541
0.779554
0.779853
0.782557
0.795488
0.845003
0.902099
0.929522
0.938427
0.942577
0.944191
0.93035
0.890465
0.849674
0.826778
0.818684
0.818405
0.820909
0.831889
0.88008
0.93983
0.968606
0.97768
0.98184
0.983477
0.971046
0.928359
0.883294
0.860277
0.853494
0.853688
0.856474
0.87448
0.932324
0.98449
1.00412
1.01031
1.01334
1.01224
0.991501
0.945364
0.906201
0.88901
0.885226
0.886311
0.892205
0.927198
0.984626
1.01798
1.02869
1.03237
1.0336
1.0292
1.00153
0.954164
0.919484
0.906516
0.904065
0.905644
0.930924
0.986701
1.02026
1.03
1.03172
1.03087
1.02941
1.01915
0.977795
0.925327
0.891023
0.876741
0.867315
0.975763
2.98392
14.1693
)
;

boundaryField
{
    back
    {
        type            empty;
    }
    outlet
    {
        type            zeroGradient;
    }
    top
    {
        type            zeroGradient;
    }
    inlet
    {
        type            fixedValue;
        value           uniform 1;
    }
    bottom
    {
        type            zeroGradient;
    }
    front
    {
        type            empty;
    }
}


// ************************************************************************* //
