/*--------------------------------*- C++ -*----------------------------------*\
  =========                 |
  \\      /  F ield         | OpenFOAM: The Open Source CFD Toolbox
   \\    /   O peration     | Website:  https://openfoam.org
    \\  /    A nd           | Version:  12
     \\/     M anipulation  |
\*---------------------------------------------------------------------------*/
FoamFile
{
    format      ascii;
    class       volScalarField;
    location    "9.6";
    object      T;
}
// * * * * * * * * * * * * * * * * * * * * * * * * * * * * * * * * * * * * * //

dimensions      [0 0 0 1 0 0 0];

internalField   nonuniform List<scalar> 
9801
(
0.837163
0.838457
0.838747
0.83912
0.839558
0.840313
0.841261
0.84275
0.846034
0.850016
0.852317
0.853448
0.854175
0.854588
0.854881
0.855337
0.856071
0.857033
0.858388
0.861543
0.865768
0.868194
0.869379
0.870111
0.87043
0.870683
0.871188
0.871934
0.872909
0.874265
0.87758
0.881938
0.884375
0.885592
0.886236
0.886361
0.886524
0.887049
0.887868
0.888982
0.890515
0.894427
0.89897
0.901252
0.90224
0.902682
0.902624
0.902676
0.90324
0.904098
0.90523
0.907159
0.91213
0.917083
0.919192
0.920107
0.920059
0.919095
0.919081
0.919823
0.921001
0.922376
0.925556
0.931994
0.93651
0.938447
0.939529
0.93828
0.936365
0.936404
0.937387
0.939053
0.941374
0.947329
0.954575
0.958399
0.960304
0.961003
0.957817
0.955189
0.955535
0.957583
0.960507
0.967904
0.97827
0.98412
0.987312
0.989493
0.988402
0.982814
0.980429
0.983046
0.989154
1.00483
1.02206
1.03606
1.04372
1.13676
1.51591
0.84057
0.842169
0.8423
0.842263
0.842823
0.843782
0.844847
0.846617
0.850234
0.85334
0.855297
0.856638
0.857655
0.857948
0.857696
0.85818
0.859152
0.860273
0.861756
0.865141
0.868753
0.870931
0.872365
0.87344
0.873599
0.873085
0.873574
0.874598
0.875791
0.877226
0.88055
0.88457
0.886914
0.888363
0.889405
0.889193
0.888476
0.889037
0.890175
0.891506
0.89304
0.896703
0.901169
0.903633
0.904995
0.905957
0.905058
0.904137
0.904823
0.906071
0.907477
0.909401
0.914007
0.918814
0.921251
0.92265
0.923306
0.921306
0.920428
0.921361
0.922807
0.924312
0.927212
0.933527
0.93815
0.940388
0.941896
0.941563
0.938553
0.937864
0.939072
0.940944
0.943289
0.949253
0.956615
0.960517
0.962706
0.964166
0.961708
0.957553
0.957874
0.960119
0.96328
0.970197
0.979375
0.985172
0.98887
0.992275
0.993358
0.987877
0.984583
0.987557
0.993206
1.00401
1.01835
1.03147
1.03946
1.1361
1.53423
0.844078
0.845819
0.846091
0.845991
0.846465
0.847405
0.848532
0.850376
0.854108
0.857142
0.858893
0.860192
0.861285
0.86174
0.861431
0.861777
0.862682
0.863833
0.865363
0.868809
0.872391
0.87444
0.875863
0.877044
0.877422
0.87686
0.877174
0.878114
0.879319
0.880768
0.884041
0.888041
0.890345
0.891838
0.893048
0.893095
0.892315
0.892734
0.893777
0.895078
0.896552
0.900001
0.904484
0.907028
0.908585
0.909779
0.909135
0.908073
0.908625
0.909827
0.911298
0.913127
0.917393
0.922143
0.924693
0.926339
0.927402
0.925919
0.924639
0.925302
0.926751
0.928409
0.931133
0.936994
0.941716
0.944193
0.945992
0.946598
0.944119
0.942651
0.943567
0.945474
0.947768
0.953181
0.960385
0.964693
0.967324
0.969598
0.968917
0.964536
0.963666
0.965949
0.969017
0.974321
0.983718
0.991657
0.996485
1.00028
1.00268
0.998701
0.994806
0.997026
1.00282
1.01129
1.02538
1.03996
1.04916
1.14999
1.55136
0.848379
0.850196
0.850643
0.850568
0.85093
0.851797
0.852932
0.854917
0.858664
0.861654
0.86339
0.864656
0.865752
0.866385
0.866056
0.866267
0.867108
0.868263
0.869952
0.873498
0.877056
0.879112
0.880509
0.881693
0.882314
0.881713
0.881805
0.882624
0.883803
0.885383
0.888778
0.892871
0.895251
0.896755
0.898021
0.898406
0.897516
0.897636
0.898505
0.89974
0.90131
0.904836
0.909513
0.912211
0.91384
0.915185
0.915028
0.913793
0.914001
0.914978
0.916357
0.918209
0.922481
0.927551
0.930345
0.932103
0.933505
0.932709
0.930842
0.931072
0.932382
0.934088
0.936842
0.942654
0.947881
0.95073
0.952739
0.954123
0.952255
0.949629
0.950083
0.952068
0.954465
0.959177
0.966907
0.972273
0.975396
0.977927
0.978908
0.975062
0.972276
0.973777
0.976956
0.981164
0.989648
0.99909
1.00505
1.00916
1.01304
1.01229
1.00811
1.00729
1.01205
1.01912
1.03018
1.04366
1.05193
1.16515
1.566
0.853001
0.854835
0.85537
0.855357
0.855639
0.856477
0.857583
0.859625
0.863515
0.866525
0.868265
0.869545
0.870641
0.871339
0.871058
0.871179
0.872007
0.873132
0.874855
0.878568
0.882198
0.884288
0.885707
0.886897
0.887653
0.887144
0.887086
0.887895
0.889048
0.890569
0.893989
0.89827
0.900804
0.902369
0.903651
0.904313
0.903433
0.903276
0.904155
0.905397
0.906947
0.910366
0.915142
0.918078
0.919834
0.921252
0.921703
0.92033
0.920017
0.920987
0.922413
0.924258
0.928373
0.933653
0.936791
0.938738
0.940298
0.940417
0.938149
0.93755
0.938802
0.94059
0.943212
0.948727
0.954535
0.957828
0.95999
0.961791
0.961433
0.958136
0.957174
0.958877
0.961275
0.964965
0.972506
0.979424
0.983174
0.98582
0.988047
0.986386
0.981879
0.981045
0.9838
0.987585
0.994125
1.00402
1.01175
1.01694
1.02132
1.02383
1.02059
1.0177
1.01842
1.02373
1.03191
1.04333
1.05039
1.17365
1.57375
0.857984
0.859886
0.86051
0.860478
0.860595
0.861382
0.86246
0.864383
0.868405
0.871612
0.873404
0.874709
0.875829
0.876645
0.876449
0.876423
0.877179
0.878276
0.87985
0.883552
0.887418
0.889611
0.891077
0.892306
0.893216
0.892822
0.892529
0.893254
0.8944
0.895862
0.899136
0.903598
0.90634
0.908029
0.909386
0.910382
0.909686
0.908904
0.909564
0.910796
0.912365
0.915648
0.920551
0.923789
0.925776
0.927337
0.928449
0.927353
0.925852
0.926374
0.927804
0.929704
0.933649
0.939239
0.942777
0.944901
0.946592
0.947702
0.945958
0.943926
0.944399
0.94607
0.948343
0.953133
0.959842
0.964
0.966367
0.968321
0.969458
0.966588
0.963876
0.964372
0.966572
0.969453
0.975549
0.983859
0.98916
0.992283
0.994813
0.995394
0.990901
0.987897
0.988881
0.99208
0.996504
1.00481
1.01373
1.01986
1.02456
1.02896
1.02976
1.02602
1.02369
1.02516
1.02975
1.03918
1.04639
1.17915
1.57805
0.862609
0.864566
0.865309
0.865338
0.865296
0.865994
0.867037
0.868773
0.872719
0.876194
0.878102
0.879437
0.880576
0.881524
0.881467
0.881213
0.881851
0.882942
0.884458
0.888004
0.892083
0.894407
0.895904
0.897149
0.898207
0.898051
0.897331
0.897804
0.898944
0.900464
0.903673
0.908252
0.911169
0.912937
0.914339
0.915556
0.915448
0.914063
0.914103
0.915228
0.916815
0.920012
0.925113
0.928634
0.930662
0.932215
0.933571
0.933453
0.931348
0.930948
0.932161
0.933888
0.937331
0.943303
0.947554
0.949772
0.951412
0.952899
0.952454
0.94971
0.949015
0.950233
0.952162
0.95553
0.962476
0.968159
0.971164
0.973158
0.974809
0.973457
0.969655
0.968755
0.970294
0.972688
0.976531
0.984604
0.99194
0.995988
0.99878
1.00096
0.999339
0.994471
0.992961
0.994608
0.997871
1.00346
1.01255
1.02026
1.02581
1.03025
1.03378
1.03291
1.02896
1.02656
1.02779
1.03324
1.04129
1.18198
1.58071
0.866758
0.868757
0.869556
0.869691
0.869534
0.870159
0.871167
0.872671
0.87633
0.880029
0.882113
0.883541
0.884732
0.885804
0.885986
0.885429
0.885822
0.88682
0.888177
0.891455
0.895839
0.898423
0.900009
0.901289
0.902453
0.902736
0.901674
0.901664
0.902624
0.90396
0.906824
0.911696
0.915015
0.91689
0.918322
0.919613
0.920157
0.918636
0.917987
0.918797
0.920163
0.922696
0.927974
0.932225
0.934438
0.93598
0.937361
0.937957
0.936019
0.934941
0.935656
0.937122
0.939385
0.944933
0.950491
0.953419
0.955151
0.956685
0.957197
0.954549
0.952769
0.953251
0.954922
0.957111
0.962564
0.969984
0.974234
0.976591
0.978432
0.978797
0.97517
0.972551
0.972813
0.974755
0.977233
0.98275
0.991646
0.997637
1.00107
1.00384
1.00544
1.00172
0.997007
0.996633
0.998874
1.00238
1.00908
1.01785
1.02452
1.02947
1.03365
1.03609
1.03469
1.03021
1.02717
1.02862
1.03441
1.18331
1.58225
0.870285
0.872317
0.873151
0.87341
0.873149
0.873667
0.874621
0.875915
0.879189
0.88319
0.885479
0.886968
0.888204
0.88931
0.889715
0.88901
0.889147
0.890023
0.891211
0.893866
0.898542
0.901617
0.903323
0.904636
0.905816
0.906431
0.905361
0.904938
0.905643
0.906811
0.908897
0.913747
0.917863
0.919986
0.921447
0.92274
0.923637
0.922451
0.921249
0.921686
0.92286
0.924573
0.929121
0.934412
0.937262
0.938925
0.940343
0.941414
0.940053
0.938189
0.938318
0.939486
0.941086
0.94491
0.951606
0.955799
0.957929
0.9595
0.960629
0.958851
0.955942
0.955651
0.956937
0.958691
0.961744
0.96925
0.975613
0.978767
0.980824
0.982371
0.980964
0.976579
0.975032
0.975888
0.977938
0.980922
0.988468
0.997233
1.00225
1.00526
1.00774
1.00805
1.00324
0.999584
0.999953
1.00234
1.00625
1.01374
1.02175
1.02754
1.03198
1.03594
1.03734
1.03543
1.03023
1.02631
1.02645
1.18152
1.58312
0.873138
0.875173
0.876033
0.876416
0.876053
0.876411
0.877291
0.878442
0.881231
0.885617
0.888257
0.889779
0.890991
0.892073
0.892651
0.89194
0.891819
0.892575
0.893664
0.895588
0.900166
0.903959
0.9059
0.907246
0.90842
0.909276
0.908461
0.907549
0.908046
0.909106
0.910569
0.914574
0.919603
0.922312
0.923871
0.925159
0.926241
0.925642
0.923933
0.923965
0.924925
0.926267
0.929269
0.935224
0.939203
0.941192
0.942622
0.943882
0.943482
0.940997
0.940345
0.941153
0.942559
0.944751
0.950862
0.956922
0.959858
0.961606
0.963086
0.962994
0.959643
0.957941
0.958426
0.959843
0.961715
0.966662
0.975031
0.980066
0.982704
0.984682
0.985764
0.982041
0.977727
0.977301
0.978783
0.980983
0.984796
0.993488
1.00132
1.00552
1.0083
1.01077
1.01053
1.0052
1.00204
1.0028
1.00547
1.01003
1.01783
1.02482
1.02989
1.03416
1.03763
1.0381
1.03519
1.02851
1.02204
1.1764
1.58355
0.875459
0.877495
0.87837
0.878859
0.878381
0.878555
0.879359
0.880431
0.882627
0.887169
0.890353
0.892
0.893215
0.894287
0.895041
0.894436
0.893958
0.894543
0.895545
0.896942
0.900822
0.905431
0.907833
0.909275
0.910474
0.911502
0.911204
0.909826
0.90993
0.91085
0.912072
0.914751
0.920229
0.92393
0.925777
0.927106
0.92829
0.928464
0.926514
0.925782
0.926488
0.927696
0.929508
0.934734
0.940272
0.94297
0.944528
0.945861
0.94644
0.944076
0.942212
0.94257
0.943771
0.945305
0.949043
0.956453
0.961141
0.963435
0.965048
0.966205
0.96424
0.960503
0.959701
0.960606
0.962263
0.964772
0.971925
0.979912
0.983834
0.985999
0.987738
0.987951
0.983335
0.97991
0.979975
0.981419
0.983699
0.988652
0.997889
1.00492
1.00883
1.0116
1.01364
1.0123
1.00711
1.00458
1.00555
1.00841
1.01363
1.02157
1.02785
1.03232
1.03616
1.03838
1.03811
1.03276
1.02284
1.1699
1.58395
0.8774
0.879469
0.88034
0.880919
0.880387
0.880353
0.88108
0.882108
0.883744
0.887961
0.891895
0.893831
0.895084
0.89616
0.89705
0.896746
0.895873
0.896185
0.897084
0.898242
0.901023
0.906162
0.909364
0.911003
0.91223
0.913326
0.913631
0.912109
0.911606
0.912329
0.913453
0.915129
0.919931
0.924936
0.927389
0.928825
0.930045
0.93084
0.929298
0.927618
0.927905
0.928948
0.930305
0.933556
0.940119
0.944256
0.946259
0.947631
0.948778
0.947687
0.944698
0.944031
0.944833
0.946202
0.948156
0.954113
0.961319
0.964873
0.966903
0.968454
0.968703
0.964686
0.961674
0.96178
0.96308
0.964845
0.968325
0.97684
0.983743
0.986929
0.989185
0.99115
0.990205
0.984541
0.981682
0.982278
0.984147
0.986723
0.992602
1.00166
1.00787
1.01142
1.01412
1.0161
1.01448
1.00919
1.00683
1.00795
1.01096
1.01687
1.0247
1.03027
1.03431
1.03749
1.03874
1.03644
1.02774
1.16451
1.58447
0.879055
0.881228
0.88209
0.882792
0.882348
0.882064
0.882672
0.883637
0.884873
0.888204
0.892845
0.895359
0.896758
0.897875
0.898858
0.898997
0.897816
0.897711
0.898492
0.899579
0.901414
0.906241
0.910476
0.912519
0.913828
0.914964
0.915767
0.91463
0.913371
0.91375
0.914757
0.916022
0.919195
0.925109
0.928637
0.930392
0.93168
0.932801
0.932343
0.929923
0.929374
0.930165
0.931369
0.933116
0.938544
0.944715
0.947616
0.949251
0.950605
0.951181
0.948313
0.945839
0.945979
0.947093
0.948598
0.951701
0.959413
0.965375
0.968002
0.969668
0.971089
0.970389
0.965879
0.963682
0.963989
0.965278
0.967217
0.972152
0.981545
0.987615
0.990385
0.992259
0.993676
0.991754
0.986406
0.984274
0.984968
0.986783
0.989604
0.996448
1.00521
1.01082
1.01423
1.01693
1.01842
1.01621
1.01097
1.00873
1.00986
1.01291
1.01943
1.02705
1.03211
1.03569
1.03796
1.03798
1.03353
1.16224
1.58533
0.880476
0.882848
0.883734
0.884596
0.884481
0.883873
0.88422
0.885065
0.886113
0.888357
0.893248
0.896657
0.898323
0.89949
0.90051
0.901077
0.899978
0.899329
0.899937
0.900968
0.902267
0.905843
0.911067
0.913879
0.915371
0.916558
0.917608
0.917313
0.915473
0.91523
0.916048
0.917189
0.918955
0.924227
0.929453
0.9319
0.933306
0.934507
0.935117
0.932977
0.931158
0.931426
0.932425
0.933745
0.936723
0.943708
0.948634
0.950945
0.952443
0.953678
0.952678
0.948864
0.947547
0.948185
0.949462
0.951098
0.955763
0.964063
0.968842
0.971192
0.972952
0.974283
0.971803
0.966793
0.965383
0.966286
0.967882
0.96999
0.976024
0.985285
0.99026
0.99274
0.994991
0.996677
0.993925
0.988322
0.986526
0.987526
0.989579
0.99277
1.0001
1.00822
1.01329
1.01655
1.01916
1.02046
1.01781
1.01236
1.01018
1.01128
1.01428
1.02108
1.02842
1.03309
1.03628
1.03759
1.0377
1.16365
1.58665
0.881655
0.884392
0.885361
0.886349
0.886736
0.885878
0.885746
0.886434
0.88743
0.888932
0.893179
0.897591
0.899737
0.901006
0.902065
0.90295
0.902481
0.901265
0.901481
0.902357
0.903436
0.905521
0.910857
0.914945
0.916883
0.918161
0.919301
0.919867
0.918123
0.916911
0.917371
0.918387
0.919635
0.922906
0.929274
0.933037
0.934848
0.936131
0.937284
0.936613
0.933677
0.932873
0.93361
0.934786
0.936315
0.941183
0.948392
0.952028
0.953856
0.955235
0.956216
0.953796
0.950157
0.949505
0.950259
0.951612
0.95373
0.960295
0.968401
0.972249
0.974142
0.975563
0.976546
0.973344
0.968858
0.967907
0.968569
0.970018
0.972453
0.979834
0.989032
0.993743
0.996085
0.997971
0.998881
0.995672
0.990675
0.989182
0.990043
0.991943
0.995544
1.00356
1.01118
1.01577
1.01881
1.02122
1.02222
1.01916
1.01355
1.01129
1.01224
1.015
1.02187
1.029
1.03366
1.03588
1.03961
1.16867
1.58848
0.88268
0.885918
0.88697
0.888018
0.888787
0.888135
0.8874
0.887881
0.888815
0.889951
0.892856
0.897959
0.900963
0.902485
0.903647
0.904703
0.905065
0.903615
0.903061
0.903643
0.904632
0.905955
0.909986
0.915528
0.918325
0.919786
0.920941
0.921942
0.921193
0.919032
0.918778
0.919587
0.92071
0.922366
0.927674
0.933582
0.936325
0.93783
0.939066
0.939763
0.937343
0.934906
0.934914
0.935797
0.937026
0.939209
0.945925
0.952334
0.955222
0.957017
0.958426
0.958593
0.954485
0.951453
0.95153
0.952647
0.954048
0.956615
0.964418
0.971742
0.974943
0.977048
0.978868
0.979318
0.974619
0.970216
0.969743
0.970997
0.972717
0.975447
0.98338
0.991898
0.995924
0.998182
1.00037
1.00152
0.997863
0.99254
0.991062
0.992157
0.994362
0.998506
1.00671
1.01369
1.01793
1.02085
1.02306
1.02396
1.02042
1.01445
1.01201
1.01269
1.01511
1.02198
1.0292
1.03332
1.03956
1.17579
1.59067
0.883485
0.887387
0.888538
0.889626
0.89057
0.890561
0.889388
0.889434
0.890191
0.891166
0.892821
0.897621
0.901958
0.904019
0.905287
0.906397
0.907275
0.906312
0.90479
0.904978
0.905882
0.90701
0.909266
0.91504
0.919359
0.921312
0.92254
0.923664
0.924128
0.921952
0.920458
0.920837
0.921807
0.922987
0.925777
0.932606
0.937298
0.939393
0.940711
0.941914
0.94156
0.938075
0.936433
0.93687
0.937914
0.939263
0.942723
0.950587
0.955871
0.958122
0.959632
0.960965
0.960406
0.955963
0.953617
0.953715
0.95462
0.956152
0.959768
0.968695
0.975387
0.978195
0.979799
0.981161
0.981257
0.976561
0.972796
0.972466
0.973321
0.974865
0.978035
0.986708
0.994876
0.998766
1.00096
1.00272
1.00335
0.999804
0.994905
0.99342
0.994229
0.996252
1.00088
1.00945
1.0162
1.02018
1.02279
1.02471
1.02538
1.02165
1.01533
1.01235
1.01259
1.01463
1.02192
1.02863
1.03722
1.18357
1.59281
0.883948
0.888709
0.890087
0.891237
0.892244
0.892855
0.89173
0.890996
0.891458
0.892367
0.89354
0.896899
0.902432
0.905444
0.906927
0.908034
0.909041
0.909034
0.907059
0.906499
0.907196
0.908236
0.909506
0.913508
0.919559
0.922617
0.924157
0.925323
0.926367
0.925495
0.92277
0.922197
0.922909
0.924001
0.925414
0.930048
0.937081
0.940631
0.942436
0.94367
0.944627
0.942572
0.938944
0.938244
0.939029
0.940186
0.94165
0.946447
0.954589
0.958937
0.961065
0.96271
0.963995
0.961935
0.956765
0.955009
0.955784
0.95715
0.958698
0.962797
0.971942
0.977752
0.980317
0.98242
0.984176
0.983628
0.978099
0.974315
0.974205
0.975556
0.977401
0.980872
0.98953
0.997039
1.00055
1.00278
1.0049
1.00586
1.00202
0.99658
0.994875
0.995812
0.997981
1.00305
1.01177
1.01824
1.02197
1.02443
1.0262
1.02675
1.02285
1.01602
1.0122
1.01178
1.01393
1.02119
1.03222
1.19036
1.59429
0.88408
0.889797
0.891632
0.892844
0.893869
0.894765
0.894235
0.892738
0.892819
0.893652
0.894701
0.896605
0.901906
0.906367
0.90837
0.909577
0.910649
0.911417
0.910029
0.908358
0.908533
0.909381
0.91046
0.912408
0.918293
0.923444
0.925681
0.926948
0.928077
0.928609
0.926099
0.923932
0.924126
0.925129
0.926296
0.928226
0.934562
0.940856
0.943569
0.945168
0.9464
0.946857
0.943565
0.940487
0.940264
0.941034
0.94222
0.944145
0.95056
0.958376
0.96199
0.963743
0.964997
0.966018
0.963495
0.958854
0.957567
0.95797
0.959018
0.960721
0.966001
0.975547
0.981062
0.98333
0.984802
0.986114
0.985459
0.980291
0.976884
0.976712
0.977667
0.979325
0.983257
0.992663
0.999988
1.00331
1.00528
1.00695
1.00749
1.00376
0.9985
0.996656
0.997315
0.999294
1.00465
1.01367
1.0202
1.02373
1.02582
1.0273
1.0277
1.02399
1.01659
1.01144
1.01049
1.01251
1.02493
1.19459
1.59503
0.884061
0.890364
0.893043
0.8944
0.895436
0.896396
0.896617
0.894949
0.894351
0.894984
0.895961
0.897157
0.900693
0.906518
0.909613
0.911139
0.912255
0.913273
0.913149
0.910769
0.909924
0.910537
0.91157
0.912772
0.916184
0.922903
0.926743
0.928515
0.929651
0.930727
0.930087
0.926781
0.925659
0.926244
0.927256
0.928434
0.931388
0.938872
0.944164
0.946502
0.948053
0.949273
0.948712
0.944221
0.941805
0.942205
0.943375
0.9446
0.946761
0.954086
0.961295
0.964386
0.966312
0.967972
0.968773
0.964905
0.959992
0.959028
0.960082
0.961538
0.963264
0.968857
0.977989
0.982765
0.985038
0.98708
0.988754
0.987779
0.982213
0.978656
0.978587
0.979957
0.981879
0.986086
0.995175
1.00175
1.00479
1.00686
1.00888
1.00981
1.00583
1.00005
0.997973
0.9986
1.00053
1.00593
1.01502
1.02147
1.02477
1.02669
1.0281
1.02837
1.02494
1.01701
1.01049
1.00773
1.0156
1.1935
1.59483
0.884252
0.890006
0.89401
0.895833
0.896957
0.89796
0.898705
0.897634
0.896138
0.896339
0.897179
0.898209
0.90003
0.905424
0.910394
0.912583
0.913785
0.914826
0.915596
0.913981
0.911795
0.911832
0.912713
0.913792
0.915274
0.920407
0.92683
0.929717
0.93124
0.93236
0.933159
0.930971
0.927802
0.927383
0.928193
0.929325
0.930681
0.93501
0.942828
0.947121
0.94902
0.950394
0.951527
0.950247
0.945838
0.944136
0.944438
0.945274
0.94658
0.949551
0.957803
0.964533
0.967338
0.968835
0.969974
0.970572
0.966852
0.962566
0.961734
0.96221
0.963286
0.965205
0.971734
0.981025
0.985732
0.987788
0.989252
0.990627
0.989952
0.984855
0.981357
0.981005
0.98174
0.98333
0.988055
0.997579
1.00417
1.00727
1.00922
1.0109
1.01153
1.00777
1.00193
0.999454
0.999777
1.00138
1.00658
1.01588
1.02239
1.02547
1.02722
1.02856
1.02881
1.02564
1.01719
1.00853
1.00751
1.18708
1.59362
0.884954
0.888917
0.894394
0.897147
0.89849
0.899481
0.900383
0.900364
0.898423
0.897811
0.898455
0.899446
0.900568
0.903694
0.909911
0.913544
0.915217
0.916322
0.917357
0.917364
0.914662
0.913392
0.913855
0.914782
0.915883
0.918127
0.924745
0.930288
0.932623
0.933939
0.935036
0.935153
0.931629
0.929183
0.929367
0.930359
0.931474
0.932989
0.938494
0.946135
0.949789
0.951657
0.953145
0.954204
0.951666
0.94683
0.945531
0.946381
0.94764
0.948929
0.952139
0.960661
0.966709
0.969252
0.971176
0.972808
0.973144
0.968672
0.964
0.963148
0.964202
0.965691
0.967698
0.974181
0.98287
0.987189
0.989496
0.991555
0.993154
0.992251
0.986626
0.982504
0.982062
0.98333
0.985311
0.990403
0.999674
1.00587
1.00882
1.01086
1.01281
1.01374
1.00976
1.00331
1.00042
1.00063
1.00217
1.00719
1.01637
1.02279
1.02575
1.0275
1.02887
1.02899
1.02589
1.01521
1.00588
1.17635
1.59244
0.886109
0.888312
0.893601
0.897938
0.899807
0.900888
0.901869
0.90265
0.901483
0.899743
0.899845
0.900639
0.901608
0.902997
0.90779
0.913771
0.916471
0.917829
0.918886
0.919782
0.918411
0.915539
0.915093
0.915861
0.916926
0.918087
0.921353
0.928705
0.933289
0.935313
0.936615
0.937694
0.936747
0.932716
0.93104
0.931398
0.932266
0.933411
0.935437
0.942157
0.949312
0.952438
0.95403
0.955239
0.956102
0.953331
0.949083
0.948083
0.948449
0.949329
0.950776
0.954908
0.963891
0.969732
0.972079
0.973407
0.974621
0.975109
0.971068
0.96669
0.965799
0.966248
0.967349
0.969431
0.976614
0.985669
0.990027
0.991966
0.993278
0.994672
0.99429
0.989136
0.985013
0.984287
0.984998
0.986698
0.991917
1.00153
1.00805
1.01107
1.01287
1.01444
1.0152
1.01172
1.00521
1.00177
1.00156
1.00282
1.00735
1.01642
1.02284
1.02579
1.02765
1.02888
1.029
1.02388
1.01245
1.16665
1.59191
0.887369
0.888775
0.89186
0.897689
0.900853
0.902367
0.903423
0.904424
0.904652
0.902468
0.901334
0.901754
0.902648
0.903679
0.905868
0.912076
0.917084
0.919202
0.920361
0.921422
0.921865
0.919119
0.916906
0.917051
0.917865
0.918875
0.920223
0.924825
0.932351
0.936225
0.938055
0.939299
0.9402
0.938004
0.933682
0.932547
0.933325
0.934473
0.935607
0.937892
0.945327
0.951965
0.95476
0.956506
0.958038
0.958683
0.954801
0.950193
0.949382
0.950374
0.951676
0.953101
0.957323
0.966155
0.971398
0.973718
0.975655
0.977243
0.977514
0.972966
0.968139
0.96712
0.968121
0.969633
0.971879
0.978804
0.987104
0.991128
0.993457
0.995539
0.997139
0.996717
0.991258
0.986481
0.985457
0.986449
0.988357
0.99344
1.00274
1.0091
1.01211
1.01424
1.01619
1.01728
1.01392
1.00674
1.00261
1.00212
1.00323
1.00731
1.01607
1.0225
1.02561
1.02758
1.02885
1.02774
1.02257
1.16259
1.59238
0.88858
0.889668
0.890996
0.895887
0.901377
0.903784
0.905007
0.906017
0.906905
0.905914
0.903423
0.903062
0.903769
0.904735
0.905811
0.909031
0.915986
0.920099
0.921922
0.92303
0.924047
0.923384
0.91979
0.918326
0.918806
0.919825
0.920945
0.922655
0.928458
0.93555
0.938784
0.940471
0.941715
0.942351
0.939386
0.935564
0.934876
0.935392
0.936304
0.937548
0.940605
0.948698
0.954875
0.95743
0.958817
0.959899
0.960406
0.956807
0.952786
0.952027
0.952397
0.953285
0.954812
0.959856
0.969051
0.974236
0.976302
0.97756
0.978769
0.979269
0.975377
0.970856
0.969773
0.970158
0.971189
0.97329
0.980731
0.989682
0.994012
0.995989
0.997479
0.998903
0.998639
0.993442
0.988567
0.987324
0.987893
0.989358
0.993939
1.0037
1.01101
1.01436
1.01617
1.01769
1.01843
1.01553
1.00836
1.00351
1.00258
1.00347
1.00696
1.01535
1.02189
1.02525
1.02754
1.02794
1.02927
1.16457
1.59379
0.889731
0.890655
0.891597
0.894068
0.900356
0.904669
0.906497
0.907553
0.908529
0.909005
0.906705
0.904792
0.904919
0.905645
0.906599
0.907983
0.912687
0.919695
0.923047
0.924599
0.925613
0.926434
0.924386
0.920808
0.920173
0.920923
0.921964
0.923008
0.924961
0.931691
0.938418
0.941333
0.942979
0.944283
0.944597
0.94065
0.936757
0.936371
0.937394
0.938591
0.939772
0.942987
0.951256
0.9569
0.959269
0.961061
0.962609
0.962966
0.958687
0.954131
0.95327
0.954225
0.955541
0.957064
0.962063
0.97074
0.975413
0.977633
0.979576
0.9812
0.981631
0.977642
0.972609
0.971035
0.971783
0.973253
0.975545
0.982593
0.991053
0.995186
0.997332
0.999132
1.00087
1.00087
0.995643
0.990192
0.988508
0.989244
0.990908
0.995221
1.00441
1.01162
1.01505
1.01708
1.01875
1.01976
1.01725
1.00986
1.00428
1.00291
1.00355
1.00632
1.0142
1.02097
1.0251
1.02651
1.0323
1.17117
1.59585
0.891117
0.891701
0.89261
0.893882
0.897925
0.904389
0.9076
0.909081
0.910073
0.911007
0.910457
0.907305
0.906152
0.906682
0.907647
0.908664
0.91045
0.9164
0.922886
0.925725
0.927233
0.928318
0.928675
0.925371
0.922346
0.922107
0.922749
0.92372
0.924923
0.927576
0.934985
0.941108
0.943683
0.945185
0.946367
0.946415
0.942459
0.939197
0.93885
0.939308
0.940195
0.941556
0.945562
0.954123
0.959647
0.961921
0.963211
0.964323
0.964856
0.961183
0.95687
0.955881
0.956163
0.956969
0.958542
0.964131
0.97318
0.978128
0.980177
0.981437
0.982748
0.983702
0.980492
0.975324
0.973527
0.973651
0.974492
0.976485
0.983796
0.992845
0.997399
0.999526
1.0011
1.00258
1.00302
0.998561
0.992758
0.990571
0.990722
0.991803
0.995111
1.00423
1.0124
1.01645
1.0185
1.01985
1.02058
1.01882
1.01167
1.0052
1.00309
1.00322
1.00532
1.01286
1.02025
1.02387
1.03293
1.1802
1.59814
0.892883
0.892918
0.89374
0.894722
0.896422
0.901966
0.907834
0.910323
0.911559
0.912507
0.913232
0.911214
0.908251
0.90796
0.908666
0.909589
0.91062
0.912962
0.919975
0.925949
0.928463
0.92988
0.930891
0.930523
0.926313
0.923627
0.9238
0.924827
0.925929
0.927035
0.929961
0.937826
0.943524
0.945917
0.947511
0.948892
0.948718
0.943965
0.940333
0.940171
0.941216
0.942429
0.943704
0.947651
0.95612
0.961289
0.963564
0.96541
0.966907
0.967344
0.963247
0.958241
0.956925
0.957749
0.959086
0.960857
0.96609
0.974491
0.9792
0.981612
0.983671
0.985288
0.986072
0.982744
0.976935
0.974438
0.974791
0.976181
0.978413
0.985194
0.993928
0.998649
1.00115
1.00326
1.00489
1.00534
1.00081
0.994231
0.991319
0.991433
0.9928
0.995972
1.00442
1.01273
1.01709
1.01931
1.02072
1.02155
1.02026
1.0134
1.00603
1.00293
1.00254
1.00397
1.01168
1.01849
1.03064
1.18956
1.60019
0.895288
0.89435
0.894956
0.895859
0.896824
0.899181
0.905763
0.91084
0.912924
0.914061
0.915001
0.915056
0.911773
0.909514
0.909636
0.910484
0.911507
0.912697
0.915841
0.923329
0.928584
0.930823
0.932256
0.933263
0.932218
0.927839
0.925837
0.926024
0.926644
0.927628
0.928968
0.932741
0.940831
0.946061
0.948244
0.949528
0.950532
0.950344
0.946162
0.943016
0.942689
0.943087
0.943931
0.945355
0.949944
0.958786
0.964023
0.9661
0.967258
0.968275
0.969024
0.96577
0.960996
0.959638
0.959927
0.960728
0.962252
0.96752
0.976638
0.981956
0.984143
0.985367
0.98659
0.98781
0.985409
0.979578
0.976859
0.976728
0.977559
0.979336
0.985821
0.995426
1.00099
1.00332
1.00468
1.0059
1.00679
1.00348
0.996883
0.993439
0.993011
0.993807
0.995944
1.00385
1.01304
1.01808
1.02025
1.02127
1.02184
1.02106
1.01509
1.00696
1.00248
1.00126
1.00273
1.0098
1.02477
1.197
1.60138
0.898413
0.896283
0.896243
0.896912
0.89777
0.898884
0.902192
0.909316
0.913676
0.915503
0.916475
0.917356
0.916454
0.912624
0.911184
0.911671
0.912621
0.913621
0.914788
0.91836
0.926196
0.93115
0.933272
0.934652
0.93561
0.933968
0.929108
0.927085
0.927614
0.928754
0.929879
0.931081
0.935035
0.943194
0.947987
0.950024
0.951647
0.953004
0.952741
0.948
0.944234
0.943862
0.944869
0.946113
0.94748
0.951921
0.960444
0.965242
0.967384
0.969175
0.970623
0.971285
0.968064
0.962856
0.960912
0.96147
0.962742
0.96439
0.969092
0.977601
0.982705
0.985269
0.987401
0.989054
0.990124
0.987729
0.981601
0.978152
0.97793
0.979089
0.980905
0.986455
0.995554
1.00113
1.0039
1.00616
1.0079
1.00883
1.00582
0.998714
0.994337
0.993548
0.99446
0.996514
1.00363
1.0128
1.01804
1.02024
1.02134
1.02209
1.02178
1.01688
1.00817
1.00174
0.999763
1.00055
1.01625
1.20048
1.60176
0.901581
0.899298
0.897718
0.898106
0.898969
0.899868
0.901068
0.905001
0.912232
0.916183
0.917983
0.919087
0.919863
0.917723
0.913972
0.913116
0.913589
0.914375
0.915427
0.91687
0.921173
0.92897
0.93343
0.935347
0.936659
0.937518
0.935626
0.931194
0.929652
0.929925
0.930525
0.931519
0.932985
0.937683
0.945871
0.950502
0.952415
0.953543
0.954497
0.954503
0.950485
0.946943
0.946391
0.946732
0.947528
0.948975
0.953902
0.96279
0.967825
0.969809
0.970945
0.971994
0.97305
0.97073
0.965607
0.963492
0.963484
0.964053
0.965378
0.970027
0.979399
0.985421
0.987875
0.989228
0.990397
0.991717
0.990359
0.984428
0.980441
0.979691
0.980192
0.981485
0.986118
0.996089
1.00328
1.0063
1.00783
1.009
1.00999
1.00813
1.00154
0.996423
0.994941
0.995212
0.996355
1.00243
1.01234
1.01833
1.0206
1.02156
1.02236
1.0224
1.01856
1.00931
1.00134
0.996815
1.00561
1.19774
1.60068
0.903931
0.90357
0.900298
0.899627
0.90013
0.900824
0.901576
0.902869
0.907678
0.915219
0.918917
0.920586
0.92163
0.922072
0.918957
0.915304
0.91476
0.91558
0.916646
0.917625
0.91885
0.923409
0.931317
0.935515
0.93738
0.938789
0.939836
0.937766
0.932791
0.930914
0.931489
0.932626
0.933756
0.935054
0.939622
0.947617
0.951926
0.9539
0.955564
0.95697
0.957043
0.952708
0.948354
0.947496
0.948363
0.949593
0.951133
0.955754
0.963986
0.968729
0.970989
0.972829
0.974393
0.975417
0.973103
0.967472
0.964548
0.964649
0.96583
0.967462
0.971691
0.980219
0.985979
0.98878
0.990985
0.992761
0.994044
0.992709
0.986485
0.981642
0.980598
0.981555
0.983168
0.987217
0.996256
1.00336
1.00666
1.00883
1.01062
1.01182
1.01034
1.00342
0.997235
0.995074
0.995377
0.99665
1.0023
1.0121
1.01835
1.02068
1.02163
1.02247
1.02259
1.01965
1.01023
0.999114
0.998426
1.18836
1.59854
0.905758
0.907058
0.90437
0.901347
0.900856
0.901451
0.902378
0.903369
0.905063
0.91077
0.917935
0.921241
0.922919
0.924112
0.924285
0.920661
0.917497
0.917157
0.917533
0.918145
0.919164
0.920791
0.926127
0.93381
0.937711
0.939458
0.940657
0.9415
0.9397
0.935328
0.933661
0.933815
0.93427
0.935198
0.936701
0.941652
0.949794
0.954331
0.956248
0.957362
0.958453
0.959063
0.955546
0.951175
0.950111
0.950381
0.951077
0.952446
0.956991
0.965627
0.971096
0.973388
0.974629
0.975767
0.977114
0.975904
0.97051
0.967341
0.966955
0.967368
0.968488
0.972062
0.981033
0.988182
0.991319
0.992839
0.99388
0.995304
0.99522
0.989873
0.984628
0.983051
0.983172
0.984056
0.986888
0.995838
1.00464
1.00878
1.01046
1.01149
1.01241
1.01187
1.00611
0.99945
0.996552
0.996225
0.996949
1.00139
1.01121
1.01781
1.02017
1.02132
1.02242
1.0226
1.02014
1.00858
0.998671
1.1754
1.597
0.907276
0.908948
0.908599
0.904813
0.902341
0.902481
0.903341
0.904318
0.905299
0.907099
0.913458
0.92061
0.923791
0.925365
0.926549
0.926412
0.922178
0.918603
0.918271
0.919148
0.920186
0.921216
0.922781
0.928345
0.935937
0.939581
0.941317
0.942799
0.943891
0.942047
0.937001
0.93471
0.935062
0.936119
0.937283
0.938638
0.943186
0.951217
0.955659
0.95775
0.959508
0.960891
0.961401
0.9578
0.952777
0.951169
0.951785
0.952987
0.954501
0.958391
0.966391
0.971838
0.974523
0.976696
0.97833
0.979488
0.978293
0.972678
0.968531
0.967893
0.96887
0.970348
0.973388
0.981258
0.988249
0.991775
0.994369
0.99649
0.997885
0.997786
0.992502
0.986183
0.983788
0.984143
0.985481
0.988028
0.995641
1.00421
1.00848
1.01066
1.01261
1.014
1.01398
1.00866
1.00086
0.996772
0.99611
0.996901
1.00069
1.01005
1.01688
1.01956
1.02106
1.02228
1.02276
1.01831
1.00851
1.16544
1.59641
0.907908
0.910363
0.91109
0.909857
0.905685
0.904132
0.904428
0.905084
0.905988
0.907137
0.909501
0.916501
0.923167
0.925992
0.927485
0.928562
0.928055
0.923722
0.920726
0.920578
0.921128
0.921868
0.92297
0.924864
0.930998
0.938445
0.941936
0.943464
0.944382
0.94514
0.943939
0.939621
0.937423
0.937416
0.937861
0.938724
0.940161
0.94513
0.953615
0.958288
0.960122
0.961135
0.962045
0.962962
0.960534
0.955678
0.953855
0.953918
0.954485
0.955745
0.959337
0.968124
0.974625
0.97725
0.978594
0.979452
0.980679
0.98055
0.975751
0.971394
0.970293
0.970407
0.971265
0.973501
0.981372
0.990387
0.994795
0.996705
0.997831
0.998825
0.999257
0.99543
0.98929
0.986343
0.985836
0.986215
0.98774
0.994477
1.00468
1.0105
1.01265
1.01385
1.0148
1.01483
1.01071
1.00278
0.997705
0.996505
0.996978
0.999851
1.00852
1.01579
1.01915
1.02101
1.02237
1.02178
1.01954
1.16327
1.59701
0.907342
0.911611
0.912605
0.913361
0.911186
0.90688
0.905633
0.906278
0.907332
0.908358
0.909434
0.911804
0.91892
0.925193
0.927772
0.92918
0.930384
0.930182
0.92579
0.922319
0.922069
0.923037
0.924195
0.925281
0.926886
0.932835
0.939988
0.943187
0.944845
0.94636
0.947538
0.946531
0.941802
0.938783
0.938688
0.93971
0.940938
0.942227
0.946595
0.954598
0.959034
0.961125
0.962896
0.96439
0.965341
0.963029
0.957728
0.955141
0.955346
0.956522
0.957956
0.960923
0.96872
0.974907
0.977774
0.979789
0.981607
0.983002
0.983034
0.978384
0.973074
0.971286
0.971825
0.973206
0.975281
0.981714
0.990204
0.994707
0.997068
0.998972
1.00057
1.00142
0.998262
0.991335
0.987103
0.986427
0.987429
0.989176
0.994739
1.0043
1.01018
1.01264
1.01418
1.01549
1.01613
1.01284
1.0044
0.998259
0.996612
0.99688
0.999021
1.00689
1.01447
1.01844
1.02102
1.02139
1.02624
1.16748
1.59877
0.904247
0.911798
0.913751
0.915041
0.915704
0.912939
0.908964
0.908246
0.90879
0.909395
0.910167
0.911292
0.913937
0.921063
0.927066
0.929653
0.931008
0.932074
0.93192
0.928115
0.925073
0.924789
0.925179
0.925763
0.926801
0.928692
0.934828
0.942
0.945433
0.946996
0.947951
0.948972
0.948875
0.944871
0.941718
0.94125
0.941411
0.942087
0.94342
0.947844
0.956179
0.961326
0.963499
0.964733
0.965789
0.967033
0.965934
0.961022
0.95816
0.95768
0.957743
0.958702
0.961234
0.96901
0.976631
0.980209
0.98191
0.983006
0.984289
0.985129
0.981856
0.976451
0.97418
0.973727
0.973852
0.97521
0.980558
0.990171
0.996553
0.999162
1.0005
1.00155
1.00269
1.00114
0.99484
0.990097
0.988621
0.988429
0.989117
0.993092
1.00281
1.01038
1.01374
1.01525
1.0162
1.01661
1.01438
1.00651
0.999364
0.996859
0.996759
0.998008
1.00493
1.01284
1.01801
1.01983
1.02877
1.17638
1.60115
0.899985
0.909755
0.914267
0.916137
0.917538
0.918113
0.915036
0.910849
0.909838
0.910454
0.911387
0.912257
0.913246
0.915561
0.922638
0.928787
0.931386
0.932857
0.934158
0.9344
0.930529
0.926636
0.925985
0.926796
0.927884
0.92894
0.930477
0.93602
0.94308
0.946575
0.94851
0.950207
0.951544
0.951503
0.947132
0.942845
0.94204
0.942833
0.943991
0.94545
0.949245
0.956854
0.961972
0.964553
0.96669
0.968393
0.969617
0.968537
0.962881
0.958728
0.958155
0.959029
0.960408
0.962904
0.969678
0.976955
0.980672
0.983059
0.985307
0.986868
0.987706
0.984553
0.97793
0.974253
0.973914
0.974885
0.976478
0.981018
0.99003
0.99653
0.999517
1.00176
1.00365
1.00485
1.00365
0.996942
0.990439
0.988123
0.988368
0.989499
0.992982
1.00213
1.0102
1.01386
1.01554
1.01674
1.01742
1.01604
1.00866
1.00045
0.996854
0.996227
0.996827
1.00293
1.01168
1.01632
1.02882
1.18664
1.60354
0.898532
0.90512
0.91304
0.916896
0.918545
0.919718
0.920089
0.916837
0.912994
0.912125
0.912445
0.912864
0.913681
0.914901
0.917584
0.924729
0.930789
0.933374
0.934711
0.935667
0.936132
0.933211
0.929642
0.92883
0.929021
0.929362
0.930248
0.931866
0.937398
0.944973
0.948968
0.950732
0.951744
0.952801
0.953348
0.949952
0.945891
0.944853
0.945035
0.945504
0.94662
0.949837
0.957829
0.964278
0.96717
0.968613
0.969479
0.970609
0.970436
0.9658
0.961747
0.960861
0.961206
0.962033
0.963646
0.969421
0.978018
0.983195
0.985495
0.986682
0.987556
0.988681
0.987101
0.981137
0.977199
0.9764
0.976791
0.977768
0.980845
0.989562
0.99782
1.00168
1.00336
1.00429
1.00508
1.00483
0.999485
0.992915
0.990185
0.989885
0.990497
0.992693
1.00089
1.00998
1.01471
1.01649
1.01717
1.01749
1.01667
1.01058
1.0018
0.99693
0.995389
0.995471
1.00162
1.00938
1.0251
1.19626
1.60527
0.900334
0.902923
0.908114
0.91516
0.918729
0.920327
0.92145
0.922042
0.91902
0.914617
0.913318
0.91388
0.914858
0.91584
0.916866
0.919097
0.92611
0.932245
0.934921
0.936757
0.938166
0.938759
0.935895
0.931321
0.929618
0.930101
0.931083
0.932164
0.933543
0.938347
0.945824
0.949893
0.952117
0.954073
0.955452
0.955908
0.952796
0.947811
0.945752
0.94614
0.947155
0.948473
0.951051
0.958165
0.96462
0.967764
0.970019
0.971871
0.973215
0.973225
0.96913
0.964021
0.96209
0.962497
0.963593
0.965189
0.969584
0.977601
0.983015
0.985823
0.988176
0.990001
0.991252
0.990308
0.984609
0.97933
0.977602
0.97808
0.97922
0.981471
0.988653
0.996866
1.00109
1.00325
1.00521
1.00665
1.0071
1.00283
0.995628
0.991481
0.990537
0.991057
0.992551
0.999521
1.00895
1.01417
1.01615
1.01697
1.01745
1.01726
1.01265
1.00372
0.997096
0.99419
0.99416
0.9992
1.01767
1.20269
1.60619
0.902601
0.904051
0.904843
0.908819
0.915861
0.91968
0.92129
0.922268
0.923108
0.921182
0.917248
0.915961
0.916147
0.916475
0.917205
0.918367
0.921076
0.928593
0.934942
0.937506
0.938827
0.939803
0.940363
0.937901
0.933606
0.932059
0.932204
0.932578
0.933393
0.934784
0.939727
0.948058
0.952867
0.954916
0.956188
0.957292
0.958032
0.955137
0.950033
0.948077
0.94813
0.948496
0.949432
0.951527
0.958878
0.966965
0.970898
0.972693
0.973918
0.975065
0.975609
0.971971
0.966386
0.964177
0.964118
0.964475
0.965518
0.968942
0.977906
0.985531
0.988922
0.990588
0.991808
0.99295
0.992791
0.987559
0.98156
0.979197
0.979011
0.979509
0.980948
0.98713
0.99716
1.00331
1.00575
1.00706
1.00817
1.00882
1.00566
0.998141
0.992772
0.991075
0.991246
0.992048
0.997459
1.0077
1.0142
1.01646
1.01715
1.01766
1.01787
1.01472
1.00587
0.99706
0.992761
0.991119
1.0077
1.20336
1.60574
0.90442
0.904407
0.904186
0.904976
0.908729
0.916184
0.920891
0.923174
0.924766
0.925758
0.924
0.919335
0.917107
0.917375
0.918363
0.919511
0.920648
0.923087
0.930066
0.935829
0.938312
0.939826
0.941173
0.94221
0.940672
0.935938
0.93334
0.933363
0.93433
0.935664
0.937118
0.941142
0.948847
0.953586
0.955758
0.957157
0.958241
0.959221
0.957663
0.95253
0.949464
0.949282
0.950217
0.951675
0.953666
0.959635
0.967416
0.971582
0.973614
0.974955
0.975946
0.976737
0.974732
0.96908
0.965566
0.96514
0.96612
0.967674
0.970519
0.978129
0.985742
0.989523
0.991385
0.992619
0.993588
0.994039
0.99047
0.983861
0.980202
0.979861
0.980954
0.98271
0.987692
0.997079
1.0036
1.00652
1.00796
1.00889
1.00944
1.00735
1.00018
0.993829
0.991389
0.991359
0.992159
0.996942
1.007
1.01412
1.01665
1.01721
1.01764
1.01783
1.01601
1.00785
0.997347
0.990064
0.99712
1.19756
1.60364
0.905524
0.903065
0.903146
0.903861
0.905001
0.909532
0.918297
0.92344
0.92544
0.926742
0.92777
0.926581
0.922106
0.919986
0.920083
0.920416
0.920847
0.921791
0.924115
0.93089
0.937149
0.940086
0.941588
0.942758
0.943624
0.943111
0.939227
0.936387
0.936169
0.93653
0.937029
0.93813
0.941404
0.94893
0.954592
0.957244
0.958794
0.960278
0.961381
0.9607
0.956221
0.952785
0.95218
0.952369
0.952824
0.954094
0.958799
0.966918
0.972255
0.974716
0.976421
0.978009
0.979141
0.978187
0.973057
0.969111
0.968176
0.968118
0.968521
0.97014
0.976371
0.984852
0.989849
0.992101
0.993842
0.995329
0.99628
0.994019
0.987613
0.983585
0.982634
0.982598
0.98315
0.986221
0.995096
1.00287
1.00636
1.0079
1.00909
1.01015
1.00944
1.0033
0.996289
0.992955
0.992213
0.992418
0.995523
1.00538
1.01311
1.01573
1.01652
1.01742
1.01802
1.01695
1.00943
0.995651
0.992637
1.18503
1.6012
0.906237
0.902481
0.902882
0.903738
0.905009
0.907216
0.912917
0.921173
0.925504
0.927633
0.929296
0.930375
0.92916
0.924159
0.920808
0.920449
0.92124
0.922211
0.923405
0.925689
0.932219
0.938725
0.941848
0.943485
0.944886
0.946092
0.946011
0.941806
0.937731
0.936751
0.937344
0.938309
0.939555
0.942286
0.949535
0.956184
0.959511
0.961188
0.962511
0.963794
0.963683
0.959124
0.954162
0.952479
0.95278
0.953776
0.955073
0.958716
0.967036
0.973991
0.977277
0.978941
0.980288
0.981585
0.981274
0.976088
0.970361
0.968031
0.968111
0.969079
0.970504
0.975366
0.98468
0.991566
0.994558
0.996139
0.997481
0.998643
0.997056
0.990548
0.984501
0.982199
0.982346
0.983244
0.985453
0.993532
1.00281
1.00748
1.00943
1.01073
1.01182
1.01146
1.00606
0.997765
0.992837
0.991605
0.99202
0.994391
1.00348
1.01201
1.01523
1.01636
1.01752
1.01817
1.01754
1.00809
0.996991
1.17149
1.59982
0.908121
0.903023
0.903475
0.904572
0.906253
0.908316
0.910914
0.91666
0.924606
0.928485
0.930025
0.930925
0.931525
0.930582
0.925841
0.922569
0.922302
0.923143
0.924222
0.925511
0.927382
0.933086
0.939975
0.94361
0.945311
0.946245
0.94715
0.947746
0.944712
0.940383
0.939001
0.939392
0.940354
0.94146
0.943307
0.949582
0.957
0.960874
0.962748
0.963783
0.964668
0.965313
0.962302
0.957079
0.954748
0.954815
0.955817
0.957067
0.959504
0.966842
0.974552
0.978499
0.980385
0.98137
0.982107
0.98253
0.979186
0.973232
0.970313
0.970108
0.971031
0.972281
0.975728
0.984424
0.992053
0.995714
0.997412
0.998371
0.999062
0.998478
0.993177
0.986678
0.983851
0.983527
0.984293
0.986189
0.993169
1.00275
1.00821
1.01028
1.01124
1.01196
1.0119
1.00787
0.999526
0.99365
0.991825
0.991934
0.993934
1.00214
1.01077
1.01454
1.01625
1.01753
1.01846
1.01578
1.00977
1.16407
1.59972
0.910193
0.907063
0.906584
0.907713
0.909625
0.911677
0.913524
0.915395
0.919337
0.925457
0.92864
0.929985
0.930799
0.931688
0.932023
0.928767
0.925283
0.92461
0.925274
0.92603
0.926903
0.928332
0.933369
0.940443
0.944303
0.946418
0.948404
0.949843
0.950514
0.947901
0.943116
0.940998
0.94103
0.941411
0.942235
0.943802
0.949307
0.957095
0.961417
0.96362
0.965694
0.96719
0.968038
0.965788
0.960303
0.957094
0.956707
0.957112
0.957867
0.959536
0.965629
0.973855
0.97843
0.980574
0.982508
0.984032
0.984972
0.982834
0.976863
0.972884
0.972016
0.972249
0.972919
0.97503
0.982601
0.991045
0.995266
0.997109
0.998586
0.999988
1.00058
0.996788
0.990052
0.986082
0.985188
0.985452
0.986316
0.991352
1.00099
1.00711
1.0095
1.01088
1.01209
1.01276
1.01026
1.00208
0.994913
0.992429
0.992295
0.993346
1.00011
1.00894
1.0135
1.01578
1.01753
1.01732
1.01977
1.16544
1.60088
0.912552
0.914377
0.914276
0.913448
0.913672
0.914561
0.915339
0.915416
0.915758
0.917921
0.923518
0.92814
0.930904
0.932774
0.934042
0.934645
0.932011
0.927963
0.926376
0.926541
0.927303
0.928286
0.929629
0.934031
0.941825
0.94695
0.94928
0.950695
0.951873
0.952766
0.950888
0.945356
0.94204
0.941701
0.942465
0.943561
0.945022
0.949766
0.95844
0.964087
0.966518
0.967919
0.96904
0.970045
0.968827
0.962977
0.958368
0.957177
0.957727
0.958841
0.960273
0.965084
0.974194
0.980567
0.98328
0.984744
0.98589
0.986972
0.985911
0.97981
0.974246
0.972227
0.972456
0.973445
0.975089
0.981058
0.990614
0.996632
0.999326
1.00083
1.00213
1.00284
0.999902
0.99264
0.986886
0.985007
0.985273
0.986125
0.989631
0.999347
1.00722
1.01061
1.0122
1.01337
1.01396
1.01223
1.0044
0.995859
0.99229
0.991923
0.992651
0.997954
1.00685
1.01235
1.01584
1.01672
1.02478
1.17241
1.60303
0.915314
0.921358
0.922864
0.921983
0.919159
0.917069
0.915606
0.913959
0.91318
0.913581
0.915904
0.922578
0.929275
0.932875
0.934926
0.936464
0.937591
0.936138
0.931507
0.928833
0.928625
0.929297
0.930223
0.93132
0.934465
0.941979
0.947598
0.950193
0.951642
0.952758
0.953746
0.953064
0.948401
0.944644
0.94395
0.944703
0.9459
0.947317
0.950588
0.958455
0.964446
0.967228
0.968725
0.96979
0.970655
0.970632
0.96641
0.961332
0.959511
0.959865
0.960954
0.962344
0.965691
0.973875
0.980801
0.984102
0.985707
0.986688
0.987518
0.987667
0.983286
0.977151
0.974347
0.974109
0.974894
0.976368
0.981027
0.990307
0.997243
1.00039
1.00179
1.00255
1.00316
1.00174
0.995146
0.98859
0.986028
0.985902
0.986821
0.989815
0.998613
1.00717
1.0113
1.01289
1.01364
1.01388
1.01288
1.00633
0.997155
0.992621
0.991681
0.991928
0.996194
1.005
1.01191
1.01473
1.02662
1.18248
1.60547
0.918678
0.92724
0.929018
0.929608
0.926713
0.920037
0.914702
0.911963
0.911303
0.911844
0.91298
0.91603
0.923849
0.931703
0.935934
0.938553
0.940198
0.941159
0.93948
0.934272
0.930932
0.930367
0.930516
0.931014
0.932124
0.93485
0.941927
0.94837
0.951541
0.953428
0.955185
0.956419
0.95619
0.952078
0.947683
0.946438
0.946694
0.947
0.947943
0.950225
0.957251
0.964319
0.967948
0.969902
0.971847
0.973232
0.973733
0.970606
0.965076
0.962305
0.962056
0.962297
0.962985
0.965021
0.97198
0.979889
0.984072
0.986216
0.988264
0.989705
0.990389
0.98727
0.980779
0.976865
0.976167
0.976521
0.977234
0.979956
0.988258
0.996116
0.999706
1.00144
1.00295
1.00421
1.00403
0.998572
0.991449
0.988045
0.987407
0.987734
0.989145
0.996518
1.00578
1.0105
1.0124
1.01338
1.01381
1.01359
1.0085
0.999171
0.993384
0.991496
0.991126
0.994462
1.00376
1.00981
1.02534
1.19299
1.60762
0.920418
0.929462
0.930892
0.931289
0.93041
0.92538
0.916178
0.911348
0.910973
0.911705
0.913194
0.91552
0.919568
0.928167
0.936331
0.939585
0.94097
0.94183
0.942461
0.941468
0.936016
0.931613
0.930931
0.931613
0.932611
0.933898
0.936113
0.942581
0.950088
0.954108
0.955994
0.957238
0.958319
0.958815
0.955523
0.94997
0.947313
0.9472
0.947983
0.949106
0.950829
0.956703
0.965125
0.970277
0.972563
0.973967
0.975127
0.976078
0.97426
0.96807
0.963497
0.962208
0.962645
0.963657
0.965154
0.970775
0.980228
0.986343
0.988847
0.990249
0.991378
0.992351
0.990533
0.983829
0.978317
0.976349
0.976522
0.977368
0.979136
0.98666
0.996333
1.00147
1.00366
1.00499
1.0061
1.00613
1.00146
0.993441
0.988381
0.987099
0.98751
0.988413
0.994234
1.00437
1.01062
1.01305
1.01388
1.01421
1.01421
1.01068
1.00152
0.994022
0.990835
0.989897
0.993135
1.00124
1.0199
1.20168
1.60887
0.920679
0.928523
0.930211
0.929332
0.925825
0.921861
0.917808
0.913817
0.912649
0.913496
0.915924
0.919437
0.922675
0.926241
0.932295
0.937975
0.940433
0.941458
0.941738
0.941525
0.940992
0.937822
0.934336
0.933504
0.934112
0.935187
0.936608
0.938347
0.942878
0.950226
0.954685
0.95682
0.958154
0.959135
0.959988
0.958485
0.953392
0.949988
0.94934
0.949968
0.951023
0.952302
0.956295
0.964634
0.9706
0.97346
0.975036
0.976144
0.977
0.97662
0.971698
0.966251
0.96424
0.964426
0.965403
0.966745
0.97091
0.979906
0.986605
0.989696
0.991271
0.992289
0.993022
0.992459
0.986843
0.980389
0.97771
0.977652
0.978634
0.98044
0.986548
0.996096
1.00207
1.0046
1.00567
1.00616
1.00639
1.00339
0.995565
0.989685
0.987696
0.987696
0.988462
0.993296
1.00343
1.01074
1.01356
1.01408
1.01413
1.01417
1.01204
1.00396
0.994937
0.989745
0.988448
0.990741
1.01141
1.20629
1.60927
0.91739
0.921212
0.921599
0.920896
0.920508
0.920572
0.920577
0.920128
0.919533
0.920177
0.921811
0.9235
0.924855
0.925944
0.92713
0.930489
0.935478
0.938581
0.940166
0.941491
0.942972
0.943856
0.94196
0.938048
0.936278
0.936412
0.936987
0.937434
0.93849
0.94191
0.949441
0.955152
0.957931
0.959788
0.961582
0.962755
0.961984
0.957121
0.952562
0.95114
0.951242
0.951512
0.95256
0.955429
0.963329
0.970661
0.974263
0.976151
0.97798
0.979262
0.979523
0.97563
0.969509
0.966556
0.966201
0.966443
0.967253
0.969929
0.978101
0.986099
0.989962
0.991654
0.993123
0.994302
0.994669
0.990521
0.983807
0.980358
0.97972
0.979856
0.980592
0.984709
0.994115
1.00101
1.00378
1.00522
1.00641
1.00726
1.00576
0.998732
0.991942
0.989082
0.988507
0.988714
0.991803
1.00179
1.00993
1.01289
1.0135
1.0138
1.01418
1.01311
1.00652
0.996088
0.989001
0.985248
1.00041
1.20425
1.60795
0.915005
0.910171
0.909728
0.912564
0.916749
0.920002
0.923233
0.926711
0.929306
0.929907
0.928658
0.927133
0.926307
0.9256
0.924568
0.924525
0.926791
0.932523
0.938024
0.94165
0.944165
0.945892
0.947051
0.946495
0.942523
0.939041
0.937768
0.937916
0.938602
0.939601
0.941831
0.948795
0.956213
0.960161
0.962061
0.963338
0.964434
0.964674
0.960683
0.954704
0.951901
0.951817
0.952656
0.95387
0.955974
0.962747
0.971488
0.976408
0.978479
0.979719
0.9807
0.981404
0.978828
0.9721
0.967501
0.966407
0.966979
0.968096
0.970075
0.976925
0.986201
0.991576
0.993756
0.995009
0.996164
0.996779
0.993546
0.98619
0.980895
0.979408
0.979799
0.980763
0.983597
0.992631
1.00138
1.00536
1.00696
1.00798
1.0088
1.00782
1.00155
0.993445
0.989115
0.988084
0.988381
0.990413
0.999737
1.00914
1.0127
1.01336
1.01373
1.01443
1.01419
1.00881
0.997241
0.986701
0.99165
1.19516
1.60528
0.908688
0.901707
0.901976
0.904264
0.910123
0.918357
0.926637
0.933752
0.937337
0.938605
0.937504
0.933055
0.928173
0.924301
0.921712
0.921078
0.921705
0.924023
0.930808
0.938764
0.943754
0.94697
0.949297
0.950825
0.951128
0.947177
0.941981
0.939668
0.93934
0.939682
0.940422
0.94192
0.94781
0.955931
0.960516
0.962735
0.964145
0.965324
0.965883
0.963731
0.9582
0.954792
0.954233
0.95487
0.955909
0.957406
0.962118
0.970673
0.976315
0.978821
0.980211
0.981183
0.981946
0.981243
0.975802
0.970531
0.968803
0.969083
0.97003
0.971385
0.976261
0.985435
0.991789
0.99463
0.995864
0.996432
0.997057
0.995762
0.989234
0.983144
0.981012
0.981108
0.981923
0.98412
0.991896
1.0011
1.00586
1.00759
1.00826
1.00868
1.00838
1.00357
0.995176
0.98988
0.988181
0.988243
0.990059
0.998709
1.00831
1.01219
1.01312
1.01379
1.01459
1.0146
1.01026
0.995914
0.989667
1.18112
1.60316
0.903811
0.897942
0.898599
0.900215
0.903555
0.912897
0.928851
0.938071
0.941084
0.942593
0.942731
0.940316
0.932718
0.923863
0.920241
0.919819
0.920446
0.921862
0.924817
0.932594
0.94307
0.948784
0.951367
0.953045
0.953969
0.953675
0.949298
0.942428
0.939324
0.939028
0.939636
0.940608
0.94228
0.947487
0.956239
0.961918
0.964399
0.965922
0.967472
0.968502
0.967274
0.96188
0.95729
0.955913
0.956136
0.956442
0.957465
0.960669
0.96894
0.975973
0.979309
0.981196
0.983111
0.984359
0.984396
0.979935
0.973717
0.970837
0.970442
0.970613
0.97142
0.974598
0.983276
0.990755
0.994019
0.995863
0.997615
0.998708
0.998373
0.992869
0.986109
0.982974
0.982366
0.982409
0.983383
0.989549
0.999364
1.00481
1.0067
1.00783
1.00888
1.00943
1.00623
0.99798
0.991319
0.988902
0.988627
0.989529
0.996838
1.00672
1.01108
1.0124
1.01363
1.01481
1.01508
1.00837
0.998316
1.16894
1.60218
0.903422
0.898159
0.898717
0.900563
0.905238
0.916501
0.92983
0.938212
0.941579
0.942879
0.942301
0.938916
0.933331
0.926022
0.920949
0.920198
0.92098
0.92268
0.925972
0.930848
0.938665
0.947838
0.951841
0.953299
0.953677
0.953162
0.952157
0.949226
0.943205
0.940292
0.94035
0.94142
0.942947
0.944875
0.948742
0.956703
0.963166
0.966271
0.967825
0.968838
0.969669
0.969664
0.965485
0.959766
0.957006
0.956705
0.957441
0.958626
0.960865
0.967934
0.976575
0.981395
0.983501
0.984759
0.985812
0.986427
0.983267
0.976202
0.971639
0.970449
0.970901
0.971889
0.974102
0.981881
0.991311
0.996199
0.998089
0.999207
1.00019
1.00036
0.995668
0.98776
0.982917
0.981783
0.982197
0.983206
0.987938
0.998238
1.00535
1.00809
1.0093
1.01036
1.01083
1.00838
0.99998
0.991709
0.988378
0.988104
0.988994
0.994874
1.00488
1.01011
1.01221
1.01377
1.01514
1.01425
1.01113
1.16457
1.60246
0.905868
0.901479
0.902297
0.906314
0.914309
0.921573
0.927485
0.933717
0.937503
0.938123
0.936284
0.933944
0.93216
0.929914
0.926163
0.924278
0.925105
0.927904
0.931585
0.934868
0.937811
0.941693
0.946618
0.949168
0.949852
0.949875
0.949841
0.950281
0.950336
0.947625
0.945132
0.944815
0.945562
0.946603
0.947655
0.949414
0.954888
0.961919
0.965897
0.967873
0.969164
0.970323
0.971169
0.969248
0.963665
0.959903
0.959048
0.959462
0.960343
0.961743
0.966831
0.975704
0.981375
0.983932
0.985393
0.986487
0.987194
0.985936
0.979813
0.974266
0.9724
0.972612
0.973519
0.975103
0.981141
0.990626
0.996248
0.998613
0.999799
1.00032
1.00076
0.998138
0.990596
0.984862
0.983081
0.983274
0.984151
0.987899
0.997469
1.00534
1.00857
1.0097
1.01024
1.01049
1.00918
1.00181
0.992754
0.988664
0.988057
0.988722
0.993721
1.00324
1.00918
1.01214
1.01435
1.01449
1.01984
1.1678
1.60396
0.911192
0.909317
0.911471
0.917284
0.922567
0.925293
0.926485
0.92712
0.927106
0.92744
0.928681
0.93026
0.93143
0.932323
0.933164
0.933629
0.934336
0.935256
0.936116
0.936938
0.936922
0.936165
0.936656
0.93995
0.944426
0.947649
0.949993
0.952562
0.954906
0.956028
0.954224
0.950316
0.947987
0.947215
0.946716
0.946677
0.947837
0.952346
0.960699
0.96648
0.969307
0.971268
0.973069
0.974153
0.973071
0.967428
0.96221
0.960395
0.960407
0.960688
0.961693
0.965424
0.974349
0.981448
0.984655
0.986473
0.988191
0.98928
0.988833
0.983447
0.976934
0.974236
0.973979
0.974115
0.975
0.979318
0.988817
0.995593
0.998373
1
1.00145
1.0023
1.00084
0.993826
0.987194
0.984625
0.984276
0.984471
0.986507
0.99512
1.00374
1.00735
1.00892
1.01015
1.01081
1.01038
1.00429
0.99454
0.989437
0.988554
0.988693
0.992131
1.00123
1.0079
1.0122
1.01363
1.02361
1.17618
1.60615
0.915607
0.921932
0.92629
0.928142
0.92847
0.928187
0.925496
0.919745
0.916089
0.916241
0.919527
0.925011
0.929958
0.934478
0.940057
0.944187
0.945588
0.944487
0.941605
0.938254
0.934367
0.930934
0.929839
0.930845
0.935107
0.942744
0.949715
0.954729
0.95847
0.960556
0.961636
0.96016
0.954494
0.949196
0.946882
0.94672
0.947394
0.948461
0.951509
0.959821
0.967742
0.971624
0.97334
0.97446
0.9754
0.975427
0.970916
0.964447
0.961345
0.961085
0.961888
0.963179
0.965852
0.97366
0.982145
0.986429
0.98825
0.989361
0.990171
0.990373
0.986312
0.97914
0.974999
0.974121
0.974624
0.975701
0.978898
0.987873
0.996296
1.00011
1.00157
1.00256
1.00332
1.0026
0.996318
0.98838
0.984346
0.983676
0.984272
0.9859
0.993233
1.0032
1.00833
1.01024
1.01114
1.01157
1.01133
1.00626
0.996248
0.989918
0.988204
0.988121
0.990502
0.999196
1.00734
1.01097
1.02485
1.1865
1.60845
0.922783
0.935937
0.938532
0.938245
0.934986
0.928934
0.920566
0.912494
0.909295
0.909348
0.911018
0.916131
0.92603
0.937663
0.946942
0.951618
0.953422
0.953566
0.949567
0.94079
0.932764
0.928382
0.927354
0.927884
0.929464
0.934218
0.945185
0.955253
0.960029
0.962164
0.963586
0.96421
0.962809
0.956391
0.949935
0.947574
0.947553
0.94831
0.949549
0.952262
0.959691
0.967845
0.972022
0.973959
0.975254
0.97639
0.976777
0.973828
0.968004
0.964359
0.963656
0.964101
0.964919
0.966387
0.97229
0.980893
0.985884
0.988075
0.989376
0.990465
0.991173
0.989299
0.982951
0.977915
0.976363
0.976504
0.977205
0.979083
0.986371
0.995307
0.999774
1.00163
1.0027
1.00331
1.00347
0.999209
0.990944
0.986006
0.984814
0.985106
0.986292
0.992301
1.00218
1.00816
1.01055
1.01123
1.01123
1.01103
1.00762
0.998261
0.990747
0.987943
0.987288
0.989251
0.998349
1.00538
1.02291
1.19675
1.61031
0.928212
0.942532
0.944558
0.945132
0.942981
0.933693
0.918272
0.909724
0.907825
0.908216
0.909569
0.912171
0.920003
0.937306
0.949647
0.953493
0.954952
0.955224
0.953232
0.946088
0.934446
0.928286
0.927396
0.928025
0.929843
0.933961
0.94115
0.952246
0.959803
0.962804
0.96409
0.964501
0.96397
0.962573
0.957089
0.95051
0.94822
0.948474
0.949729
0.951208
0.953082
0.959124
0.968423
0.973719
0.975833
0.976836
0.97791
0.978828
0.977345
0.971382
0.966333
0.964613
0.964661
0.965081
0.966055
0.970375
0.979561
0.986188
0.989126
0.990874
0.992581
0.993564
0.992617
0.986505
0.980061
0.977364
0.976905
0.976933
0.978053
0.984095
0.993841
0.999453
1.00178
1.00357
1.00471
1.00515
1.00204
0.993729
0.987705
0.985786
0.985426
0.985632
0.989821
1.0001
1.00723
1.00984
1.01074
1.01109
1.01115
1.00914
1.00088
0.992215
0.987837
0.986274
0.988205
0.996204
1.01678
1.20457
1.61138
0.929436
0.942447
0.944817
0.944734
0.939212
0.92805
0.918407
0.911828
0.909392
0.909541
0.911235
0.917138
0.926972
0.937719
0.947105
0.952118
0.953661
0.951894
0.946858
0.941987
0.937729
0.933026
0.930973
0.931672
0.934743
0.939054
0.942569
0.946083
0.953047
0.958739
0.96102
0.961463
0.96111
0.960516
0.960133
0.958136
0.953679
0.951268
0.951249
0.95231
0.954476
0.956733
0.960303
0.967611
0.973502
0.976444
0.97786
0.978487
0.979084
0.979125
0.974946
0.969031
0.965986
0.965467
0.966226
0.967466
0.970476
0.978631
0.986762
0.990854
0.992509
0.993492
0.994228
0.994131
0.98918
0.981659
0.977612
0.976884
0.977465
0.978663
0.983402
0.99338
1.00067
1.0035
1.00468
1.00544
1.0059
1.00374
0.995525
0.988044
0.985085
0.9848
0.985306
0.988733
0.998882
1.00747
1.01078
1.01136
1.01132
1.01145
1.01045
1.00362
0.99359
0.986901
0.98487
0.985887
1.00774
1.20789
1.61142
0.926658
0.936896
0.938845
0.936088
0.930464
0.926181
0.92215
0.917725
0.915418
0.915926
0.920135
0.927125
0.932261
0.935392
0.939096
0.942869
0.944001
0.942795
0.941533
0.941426
0.941677
0.940932
0.939834
0.940136
0.941879
0.943665
0.944867
0.94581
0.946272
0.948291
0.952345
0.955974
0.958267
0.95975
0.961268
0.962902
0.963566
0.961221
0.958052
0.956916
0.956893
0.956617
0.956543
0.957953
0.963832
0.971171
0.975254
0.977392
0.979189
0.980725
0.981667
0.979237
0.972967
0.968843
0.967829
0.967858
0.968361
0.969985
0.976764
0.985647
0.990364
0.992354
0.993597
0.994682
0.995208
0.991929
0.984806
0.980094
0.97891
0.97911
0.979778
0.982877
0.992013
0.999849
1.00317
1.0045
1.00527
1.00564
1.00484
0.998313
0.990287
0.986611
0.985714
0.985765
0.988135
0.997782
1.0069
1.0105
1.01111
1.01105
1.01127
1.01094
1.00592
0.995119
0.986564
0.981759
0.996513
1.205
1.60977
0.922486
0.925361
0.925333
0.923951
0.923835
0.92449
0.925309
0.925492
0.925486
0.927931
0.931953
0.934463
0.935486
0.935811
0.933682
0.930379
0.930163
0.933193
0.937238
0.940384
0.942975
0.946973
0.950878
0.952447
0.95149
0.949449
0.947512
0.945101
0.941542
0.939997
0.941243
0.946338
0.953323
0.958583
0.962604
0.966839
0.969643
0.970657
0.968462
0.962965
0.958122
0.955432
0.954242
0.954331
0.95558
0.960817
0.970211
0.976828
0.980023
0.981997
0.983497
0.984371
0.982541
0.975836
0.969804
0.967664
0.967756
0.968581
0.969751
0.975203
0.98518
0.991408
0.993895
0.995267
0.996436
0.99708
0.994862
0.987466
0.981359
0.97934
0.979314
0.97976
0.981591
0.989937
0.999019
1.00309
1.00471
1.00608
1.00678
1.00647
1.00105
0.992356
0.987316
0.985833
0.985717
0.986868
0.995534
1.00566
1.00957
1.01015
1.01051
1.01149
1.01176
1.00786
0.996557
0.984494
0.989025
1.19449
1.60702
0.920438
0.913246
0.910461
0.912122
0.916639
0.921617
0.925792
0.931269
0.938333
0.942376
0.942865
0.941487
0.938647
0.933785
0.925721
0.920313
0.919787
0.922127
0.928435
0.93652
0.944846
0.953893
0.959907
0.962054
0.961925
0.957985
0.950788
0.943412
0.938103
0.936024
0.936262
0.937959
0.943772
0.954387
0.963678
0.969339
0.97236
0.973931
0.974479
0.972037
0.964143
0.956816
0.954188
0.954246
0.955072
0.95651
0.960748
0.970475
0.978503
0.981998
0.983437
0.984286
0.984737
0.983957
0.978357
0.971715
0.969008
0.968964
0.969905
0.971368
0.97553
0.984627
0.991864
0.995005
0.996212
0.99677
0.997226
0.996184
0.98998
0.983224
0.980161
0.979779
0.980466
0.982147
0.989111
0.998888
1.00422
1.00588
1.00652
1.00701
1.00707
1.00298
0.993991
0.987521
0.985158
0.985056
0.986364
0.994306
1.00481
1.00933
1.01025
1.01085
1.012
1.01247
1.00936
0.995254
0.988035
1.18012
1.60505
0.915729
0.904028
0.90188
0.902702
0.906184
0.913827
0.925103
0.938418
0.94853
0.952088
0.95285
0.950654
0.943967
0.931996
0.920759
0.916729
0.916764
0.917882
0.920434
0.927395
0.943352
0.957667
0.96289
0.964744
0.965541
0.964359
0.957983
0.945654
0.937488
0.935645
0.936033
0.937291
0.940138
0.947143
0.960796
0.969835
0.973034
0.97438
0.974623
0.973161
0.969859
0.962803
0.95699
0.955165
0.955526
0.956701
0.958458
0.962206
0.970948
0.978504
0.98195
0.983422
0.984479
0.985513
0.985558
0.981357
0.975036
0.971862
0.971354
0.971646
0.972164
0.974451
0.982454
0.990448
0.994085
0.995645
0.996864
0.99797
0.998141
0.993548
0.986418
0.982437
0.981369
0.981302
0.981933
0.987131
0.99709
1.00301
1.00508
1.0061
1.00691
1.00742
1.00512
0.996697
0.988861
0.98584
0.985357
0.986195
0.993115
1.00355
1.00837
1.00975
1.01107
1.01243
1.01303
1.00729
0.997952
1.16874
1.60425
0.914873
0.901308
0.900427
0.901379
0.902615
0.906477
0.919907
0.941095
0.950599
0.953304
0.954477
0.953936
0.947005
0.932276
0.921766
0.917724
0.917448
0.918443
0.921555
0.930231
0.943718
0.955947
0.962315
0.964554
0.964623
0.96053
0.954079
0.947821
0.941631
0.938387
0.938324
0.940236
0.944316
0.949435
0.955543
0.964485
0.970031
0.971807
0.971435
0.970303
0.969841
0.969427
0.965013
0.959678
0.957919
0.958388
0.95992
0.961562
0.963372
0.96984
0.978273
0.982906
0.984823
0.985744
0.986566
0.987104
0.984555
0.978016
0.973086
0.971409
0.971501
0.972239
0.973822
0.980411
0.98995
0.995338
0.997601
0.998884
0.999969
1.00023
0.99652
0.98841
0.98252
0.980633
0.980744
0.981312
0.985054
0.995445
1.00299
1.00573
1.00706
1.00825
1.00878
1.00706
0.998766
0.989607
0.985733
0.985293
0.985918
0.991301
1.00171
1.00727
1.00942
1.01116
1.01291
1.01253
1.01036
1.16536
1.60462
0.915745
0.903457
0.901942
0.90278
0.90531
0.912834
0.924793
0.937516
0.947479
0.951446
0.951864
0.947898
0.941007
0.93433
0.927383
0.923071
0.92225
0.924056
0.929426
0.936335
0.941932
0.948484
0.954748
0.957354
0.956214
0.953682
0.952253
0.951357
0.949179
0.94629
0.945353
0.94685
0.949751
0.952335
0.953953
0.955995
0.96018
0.964072
0.966266
0.967631
0.968632
0.969285
0.970164
0.969596
0.966567
0.964006
0.963013
0.963202
0.964187
0.965116
0.968049
0.975246
0.981141
0.984
0.985529
0.986635
0.987714
0.987435
0.982371
0.976104
0.973183
0.972713
0.973335
0.974557
0.979378
0.98896
0.995671
0.998472
0.99948
0.999922
1.00043
0.998372
0.990535
0.983635
0.981165
0.981099
0.981873
0.985136
0.994799
1.00337
1.00678
1.00783
1.00844
1.0087
1.00758
1.00036
0.990457
0.985662
0.984986
0.98568
0.990321
1.00011
1.00641
1.00956
1.01211
1.01258
1.01879
1.16899
1.60608
0.91963
0.911048
0.909078
0.910136
0.91417
0.921488
0.927131
0.931173
0.93633
0.940553
0.941267
0.939448
0.937799
0.937034
0.935353
0.932579
0.931734
0.933985
0.938077
0.941116
0.942547
0.943529
0.943764
0.944063
0.945802
0.948465
0.950753
0.952242
0.954349
0.956458
0.957502
0.957016
0.956078
0.955417
0.954365
0.951763
0.950227
0.951829
0.956972
0.962787
0.966793
0.969997
0.973861
0.976635
0.977247
0.974037
0.968936
0.96584
0.964193
0.962567
0.962328
0.964284
0.971397
0.979367
0.983876
0.986829
0.989251
0.990532
0.990711
0.986273
0.978881
0.9749
0.97394
0.973699
0.974253
0.977636
0.987094
0.994712
0.997676
0.999284
1.00057
1.00136
1.00022
0.99327
0.985866
0.982826
0.982305
0.982466
0.984279
0.993069
1.00213
1.00573
1.00712
1.00805
1.00855
1.00812
1.00241
0.99212
0.98655
0.985618
0.985785
0.989093
0.998385
1.00538
1.00998
1.01165
1.02251
1.17754
1.60822
0.924716
0.922427
0.920417
0.92097
0.92355
0.926605
0.928175
0.928953
0.927769
0.925705
0.926551
0.930398
0.934419
0.936917
0.938923
0.942477
0.946047
0.947266
0.946568
0.94545
0.943591
0.938846
0.933558
0.932125
0.934158
0.93984
0.946959
0.953017
0.959308
0.965427
0.968296
0.968316
0.965037
0.959663
0.953496
0.947449
0.944265
0.944242
0.946211
0.952908
0.962875
0.971366
0.977354
0.980861
0.982474
0.982722
0.978635
0.970373
0.963757
0.96092
0.960419
0.960984
0.962728
0.970053
0.981042
0.987379
0.989738
0.990977
0.991947
0.992372
0.988664
0.980289
0.974828
0.973438
0.973737
0.974581
0.977149
0.986301
0.995641
0.999642
1.00096
1.00182
1.00249
1.00173
0.995489
0.987089
0.982747
0.981897
0.982353
0.983846
0.991192
1.00113
1.00597
1.00778
1.00876
1.00921
1.00899
1.00424
0.993906
0.987306
0.985567
0.985441
0.9878
0.996631
1.00496
1.00877
1.02359
1.18794
1.61044
0.926228
0.931491
0.934594
0.935242
0.933572
0.931323
0.928752
0.92523
0.919466
0.915466
0.915494
0.918818
0.926396
0.934531
0.942687
0.95217
0.957529
0.958901
0.957067
0.951912
0.944194
0.935088
0.928471
0.926727
0.927345
0.929826
0.937401
0.950363
0.962604
0.970024
0.972979
0.974233
0.973461
0.96832
0.956232
0.946305
0.94335
0.943505
0.944659
0.947008
0.954002
0.968576
0.978234
0.981602
0.98303
0.983727
0.983138
0.978778
0.968787
0.962059
0.960541
0.961054
0.962446
0.964965
0.972039
0.982487
0.988471
0.990786
0.991915
0.992361
0.992097
0.98973
0.982728
0.976865
0.975036
0.975285
0.976157
0.978366
0.985865
0.995021
0.999494
1.00114
1.00183
1.00209
1.00217
0.998155
0.989633
0.98428
0.982838
0.982999
0.984096
0.99015
1.00017
1.00616
1.00844
1.00898
1.00895
1.00876
1.00567
0.996201
0.988349
0.985394
0.984703
0.986517
0.995834
1.00311
1.02159
1.19818
1.61224
0.92511
0.938284
0.943967
0.945926
0.945183
0.940198
0.932431
0.923379
0.915439
0.912172
0.912132
0.913232
0.915969
0.924739
0.942824
0.955663
0.960158
0.96173
0.962525
0.960472
0.950263
0.935115
0.927852
0.926545
0.927074
0.928812
0.932937
0.944168
0.961747
0.970594
0.973392
0.974367
0.9727
0.966418
0.957987
0.949889
0.945488
0.944911
0.946084
0.949466
0.955246
0.963557
0.973986
0.979752
0.981722
0.981872
0.980217
0.977711
0.974466
0.968854
0.964683
0.963827
0.964769
0.966186
0.967628
0.972282
0.981915
0.988242
0.990594
0.991417
0.992139
0.992898
0.991891
0.985633
0.979269
0.976889
0.97675
0.976874
0.977782
0.983446
0.992963
0.998374
1.00049
1.00215
1.00331
1.00373
1.00072
0.992221
0.985877
0.983833
0.983398
0.983557
0.987767
0.998178
1.00513
1.00771
1.00872
1.0091
1.00913
1.00721
0.998737
0.989612
0.985091
0.983617
0.985728
0.994094
1.01567
1.20614
1.6134
0.919906
0.939515
0.945065
0.94692
0.947829
0.946868
0.939095
0.925066
0.916079
0.91292
0.912893
0.914122
0.917643
0.925706
0.939557
0.95338
0.959527
0.961417
0.96098
0.956009
0.948114
0.939721
0.932286
0.929695
0.930236
0.933188
0.938917
0.945842
0.95441
0.964178
0.9686
0.969099
0.966622
0.963416
0.960881
0.957081
0.952717
0.950881
0.95189
0.954895
0.958096
0.960519
0.964685
0.971211
0.975437
0.976769
0.976804
0.976978
0.977383
0.976763
0.973561
0.969821
0.968073
0.967961
0.968892
0.970457
0.972953
0.979743
0.986671
0.990209
0.99165
0.992138
0.992607
0.992862
0.988898
0.981889
0.977718
0.976618
0.976907
0.97789
0.982082
0.991763
0.999132
1.00206
1.00321
1.00382
1.00425
1.00246
0.994364
0.986348
0.983062
0.982644
0.982972
0.986081
0.996674
1.00556
1.00889
1.00935
1.00923
1.00925
1.00835
1.0013
0.99097
0.984279
0.982307
0.983639
1.00689
1.20967
1.61336
0.915392
0.931563
0.941118
0.944081
0.944327
0.942469
0.938939
0.932069
0.922948
0.918336
0.917943
0.919839
0.923885
0.929005
0.934441
0.942993
0.950746
0.953799
0.953185
0.950923
0.949102
0.946486
0.941906
0.938397
0.938197
0.940859
0.944955
0.94792
0.94966
0.95259
0.956811
0.959473
0.960375
0.960912
0.961699
0.96251
0.962389
0.961737
0.961366
0.961246
0.961313
0.961293
0.960558
0.960311
0.962986
0.968216
0.972815
0.975743
0.977794
0.979889
0.981488
0.980982
0.977269
0.973482
0.97151
0.970329
0.96936
0.96992
0.974735
0.982842
0.988001
0.990634
0.992807
0.994531
0.99548
0.993016
0.985758
0.980194
0.978196
0.977789
0.978177
0.980785
0.989904
0.998153
1.0017
1.00324
1.0041
1.00468
1.00367
0.996502
0.987703
0.983686
0.982801
0.982946
0.985668
0.996116
1.00542
1.00865
1.00909
1.00909
1.00942
1.00902
1.0034
0.992149
0.983622
0.979119
0.995699
1.20681
1.61171
0.914902
0.919384
0.927642
0.934688
0.937659
0.938347
0.938292
0.9376
0.934034
0.9292
0.927078
0.927603
0.9297
0.931949
0.933412
0.934965
0.93765
0.941133
0.944172
0.946683
0.948423
0.949421
0.950602
0.95125
0.95118
0.950448
0.949987
0.949947
0.94871
0.945147
0.943652
0.945857
0.951376
0.957098
0.961299
0.965255
0.970233
0.973208
0.973127
0.970098
0.965893
0.961444
0.956435
0.953132
0.952993
0.956022
0.964006
0.972173
0.977927
0.982975
0.986774
0.98843
0.987868
0.982551
0.974988
0.9694
0.966571
0.965879
0.966685
0.970984
0.981154
0.989586
0.99374
0.996172
0.997804
0.99853
0.996567
0.988616
0.981003
0.977967
0.977338
0.977502
0.979325
0.988349
0.998504
1.00286
1.00414
1.00486
1.0054
1.00484
0.998614
0.989422
0.984593
0.98328
0.983215
0.984788
0.994661
1.00483
1.00827
1.00861
1.00876
1.0095
1.0095
1.00502
0.993229
0.981398
0.987683
1.1968
1.60904
0.915638
0.91532
0.915599
0.919273
0.926587
0.933026
0.936688
0.938443
0.940728
0.942261
0.941215
0.9384
0.936116
0.934747
0.933237
0.930339
0.927784
0.928022
0.93163
0.938666
0.945867
0.95156
0.957311
0.962063
0.963522
0.961688
0.95695
0.952174
0.946654
0.94015
0.936636
0.936689
0.939405
0.947231
0.957737
0.967801
0.975833
0.979741
0.981023
0.980031
0.973938
0.963776
0.955118
0.951122
0.950618
0.951348
0.954137
0.963362
0.976295
0.984899
0.988795
0.990497
0.99138
0.990276
0.983237
0.972229
0.966727
0.965757
0.966248
0.967381
0.971171
0.982282
0.992372
0.996652
0.998132
0.998956
0.999246
0.997349
0.989056
0.980742
0.977619
0.977469
0.978202
0.980361
0.988368
0.998553
1.00351
1.00492
1.0054
1.00573
1.0054
1.00039
0.990945
0.984804
0.982887
0.98292
0.984774
0.994072
1.00392
1.00734
1.0079
1.00855
1.00985
1.01025
1.00643
0.991637
0.986314
1.18246
1.60702
0.916399
0.913472
0.911488
0.911381
0.913402
0.921079
0.931532
0.939434
0.945051
0.949468
0.951394
0.950682
0.945847
0.939559
0.933596
0.927652
0.923595
0.922821
0.923802
0.927298
0.936454
0.949484
0.95995
0.965565
0.967941
0.968969
0.967609
0.960751
0.948263
0.938851
0.935898
0.93611
0.937165
0.939789
0.949011
0.966479
0.976955
0.980386
0.981743
0.982056
0.97966
0.970238
0.957463
0.951591
0.950758
0.951537
0.953602
0.958199
0.970031
0.983322
0.988849
0.990523
0.990765
0.988903
0.985293
0.979074
0.971363
0.967573
0.967168
0.968097
0.970137
0.974337
0.985206
0.994119
0.99727
0.998292
0.998204
0.997275
0.995757
0.990207
0.983019
0.979773
0.979309
0.979672
0.980491
0.986893
0.99753
1.00293
1.00442
1.00502
1.00544
1.00536
1.00228
0.993373
0.98616
0.983692
0.983467
0.984404
0.992305
1.00242
1.00647
1.00765
1.00898
1.01045
1.01106
1.00443
0.995123
1.17047
1.60612
0.921045
0.913202
0.910976
0.911064
0.911839
0.913514
0.919636
0.933576
0.945159
0.950438
0.952598
0.953706
0.953867
0.949548
0.938253
0.928156
0.923883
0.923287
0.924112
0.926137
0.930421
0.94194
0.957322
0.965577
0.968113
0.968965
0.96773
0.962103
0.952105
0.942468
0.938187
0.93787
0.939417
0.94325
0.949444
0.959648
0.972119
0.977999
0.979552
0.978591
0.975402
0.971316
0.964801
0.957666
0.95495
0.955555
0.958123
0.9619
0.966182
0.974269
0.982671
0.985979
0.986193
0.985479
0.985131
0.984559
0.980306
0.974055
0.97128
0.971477
0.973165
0.975203
0.977568
0.984331
0.991731
0.995037
0.996064
0.996654
0.997344
0.997309
0.993058
0.985581
0.981082
0.979774
0.980101
0.98118
0.986285
0.996161
1.00205
1.00397
1.00494
1.00607
1.00663
1.00442
0.995461
0.986758
0.983326
0.983031
0.98409
0.990878
1.00092
1.00561
1.00756
1.00942
1.01124
1.01071
1.00758
1.16613
1.6064
0.92912
0.91669
0.91276
0.91249
0.913703
0.916514
0.920127
0.925053
0.936105
0.946575
0.950838
0.952082
0.951956
0.950053
0.945049
0.935596
0.928727
0.927029
0.927923
0.930165
0.933082
0.936561
0.945679
0.957833
0.963341
0.964449
0.963479
0.961265
0.957647
0.95158
0.946256
0.944424
0.945317
0.948117
0.951576
0.954821
0.960559
0.967977
0.971815
0.972426
0.971844
0.97142
0.970977
0.968231
0.964452
0.962951
0.963624
0.965184
0.966531
0.967746
0.970818
0.975908
0.980002
0.982456
0.983739
0.984334
0.985007
0.984782
0.982018
0.978839
0.97691
0.975661
0.974851
0.975443
0.979814
0.987782
0.993218
0.99554
0.996414
0.99735
0.99856
0.997102
0.990157
0.984065
0.98153
0.980646
0.980697
0.983852
0.993433
1.0013
1.00455
1.00566
1.00641
1.00699
1.00588
0.997714
0.987705
0.983564
0.983062
0.983702
0.989272
0.999388
1.00505
1.00796
1.01058
1.01115
1.01685
1.16897
1.60776
0.934119
0.928389
0.921842
0.918916
0.918673
0.919617
0.920694
0.921875
0.924754
0.933909
0.943359
0.947458
0.948581
0.948665
0.94876
0.946864
0.940758
0.935481
0.933795
0.934246
0.935622
0.937415
0.939641
0.944514
0.952072
0.957016
0.958993
0.959666
0.960239
0.9602
0.958086
0.955027
0.953292
0.953114
0.953781
0.954556
0.954345
0.954696
0.958242
0.963774
0.967989
0.970441
0.972559
0.975528
0.976837
0.975061
0.971698
0.969254
0.9675
0.965026
0.962771
0.963484
0.96855
0.975872
0.980939
0.984431
0.98876
0.991772
0.992473
0.989361
0.982839
0.977032
0.9737
0.972091
0.971882
0.974836
0.983431
0.990949
0.995124
0.998854
1.00135
1.00232
1.00103
0.993319
0.984633
0.980446
0.979539
0.979629
0.981696
0.991249
1.00052
1.0042
1.00605
1.00746
1.00797
1.007
0.999266
0.988263
0.983438
0.982872
0.983402
0.988287
0.998213
1.00463
1.00893
1.01049
1.02119
1.17648
1.60967
0.935214
0.937608
0.936609
0.930745
0.925175
0.922258
0.921478
0.921984
0.922801
0.923751
0.928069
0.936479
0.943139
0.946903
0.949218
0.951559
0.952645
0.949729
0.944041
0.940391
0.939195
0.939184
0.938561
0.936958
0.937754
0.943259
0.951203
0.957196
0.961075
0.964145
0.966887
0.967493
0.964828
0.96034
0.956597
0.953486
0.949943
0.947061
0.947218
0.951069
0.959687
0.967933
0.974666
0.980662
0.984415
0.985487
0.982942
0.976569
0.969443
0.962867
0.958756
0.957852
0.958938
0.964233
0.974757
0.984601
0.991042
0.994813
0.996501
0.996922
0.993274
0.983709
0.974917
0.970411
0.969208
0.96961
0.972313
0.982612
0.994274
0.999818
1.00193
1.00302
1.00369
1.00256
0.994736
0.984581
0.979879
0.979203
0.979654
0.981556
0.990781
1.00147
1.00597
1.00733
1.0079
1.00799
1.00703
1.00008
0.989141
0.983928
0.983057
0.983215
0.987668
0.997229
1.00476
1.00801
1.02261
1.18603
1.61169
0.935893
0.941791
0.943626
0.943591
0.938362
0.930346
0.925276
0.92291
0.921083
0.919619
0.919912
0.922437
0.930957
0.941895
0.949602
0.953805
0.956478
0.95802
0.95702
0.951319
0.945127
0.940484
0.936494
0.9334
0.932573
0.933636
0.938533
0.949106
0.959174
0.96597
0.970595
0.973387
0.974248
0.9717
0.964445
0.9558
0.948587
0.945044
0.944726
0.945563
0.9485
0.958468
0.972715
0.982095
0.986056
0.987584
0.988381
0.986467
0.976935
0.964245
0.958517
0.957625
0.95822
0.959584
0.964779
0.979056
0.990884
0.995465
0.996953
0.997657
0.997006
0.992074
0.98005
0.971559
0.969425
0.969707
0.970999
0.974704
0.986317
0.997426
1.00184
1.00321
1.0039
1.00387
1.00206
0.993896
0.984273
0.980216
0.979845
0.980463
0.98222
0.991429
1.00165
1.0059
1.00726
1.00763
1.0076
1.00684
1.00123
0.990766
0.984882
0.983279
0.983073
0.986867
0.996679
1.00282
1.0211
1.19595
1.61347
0.931903
0.942578
0.944452
0.945457
0.946103
0.94322
0.9347
0.926107
0.92081
0.919211
0.919576
0.920586
0.922559
0.929377
0.942726
0.952786
0.957247
0.959028
0.960086
0.960328
0.956244
0.946708
0.937795
0.933485
0.93278
0.933423
0.934973
0.938834
0.950069
0.963366
0.971044
0.973877
0.975068
0.975588
0.973135
0.962388
0.950722
0.945718
0.945171
0.946166
0.948632
0.95334
0.965076
0.979309
0.985714
0.987537
0.987939
0.985504
0.979589
0.97057
0.962409
0.959535
0.959706
0.961259
0.96433
0.970779
0.984423
0.992837
0.995302
0.995487
0.993848
0.9914
0.987187
0.979147
0.973674
0.972636
0.973675
0.975661
0.978683
0.988211
0.997733
1.00135
1.00219
1.0019
1.00126
1.00031
0.994366
0.985858
0.981881
0.981286
0.982069
0.983185
0.990401
1.00038
1.00536
1.00696
1.00718
1.00693
1.00643
1.0028
0.993403
0.986224
0.983172
0.982285
0.986185
0.994553
1.01578
1.20445
1.6146
0.922418
0.938344
0.94385
0.945677
0.946674
0.94676
0.944253
0.93503
0.925296
0.921393
0.921114
0.922273
0.924614
0.927449
0.932064
0.943038
0.953714
0.958241
0.959639
0.959933
0.958676
0.95441
0.945693
0.938473
0.935975
0.936239
0.937578
0.939412
0.941943
0.951595
0.965101
0.97144
0.973082
0.973038
0.971659
0.968627
0.9604
0.952525
0.949915
0.950428
0.952124
0.954426
0.9581
0.968023
0.978522
0.982638
0.983087
0.982015
0.980714
0.978079
0.971736
0.965956
0.96426
0.965219
0.967883
0.971073
0.974828
0.982452
0.98837
0.990509
0.990899
0.991033
0.991022
0.988733
0.983006
0.978815
0.977694
0.978203
0.979363
0.980953
0.986423
0.993997
0.997927
0.999279
0.999729
0.999898
1.00007
0.997365
0.99032
0.985129
0.983116
0.98292
0.983482
0.988695
0.998364
1.00427
1.00628
1.00673
1.0069
1.00701
1.00518
0.996764
0.987575
0.982305
0.981049
0.983937
1.0076
1.20969
1.61502
0.91576
0.925677
0.936955
0.94219
0.943701
0.943493
0.942606
0.941616
0.937494
0.930886
0.927067
0.926277
0.926911
0.927942
0.929121
0.931945
0.941032
0.951045
0.955457
0.95663
0.956863
0.957391
0.956558
0.950983
0.94391
0.940411
0.939948
0.940812
0.942347
0.944896
0.95174
0.961748
0.967287
0.969194
0.969766
0.970328
0.969854
0.964981
0.958648
0.955744
0.955541
0.956657
0.958219
0.960033
0.964949
0.972168
0.976814
0.978985
0.980002
0.980725
0.980621
0.977615
0.97372
0.971909
0.971699
0.971857
0.970852
0.971113
0.975352
0.982388
0.987223
0.989651
0.990952
0.992527
0.993449
0.990876
0.985985
0.982461
0.980258
0.978246
0.977747
0.980918
0.988949
0.995111
0.998157
1.00043
1.00272
1.00369
1.00197
0.994565
0.987353
0.983764
0.982108
0.981727
0.985292
0.995669
1.00347
1.00643
1.00718
1.00764
1.00818
1.00738
0.999851
0.988376
0.981045
0.977401
0.996726
1.2094
1.61411
0.917571
0.919279
0.922008
0.929481
0.936527
0.940296
0.94255
0.944836
0.94615
0.944586
0.93822
0.932623
0.930258
0.929964
0.93074
0.931478
0.931581
0.935028
0.944055
0.951558
0.955705
0.958579
0.960763
0.961426
0.957492
0.949937
0.945412
0.944111
0.94441
0.945012
0.944649
0.946383
0.954038
0.96248
0.967574
0.970599
0.972972
0.974268
0.972011
0.966155
0.961921
0.960153
0.959213
0.957272
0.956063
0.958004
0.965243
0.973448
0.978663
0.98196
0.985051
0.986985
0.98602
0.981296
0.97601
0.971781
0.968671
0.96633
0.966079
0.969459
0.978119
0.985896
0.991174
0.995927
0.999219
1.00017
0.997328
0.98964
0.981698
0.97653
0.974174
0.973808
0.976187
0.9851
0.994863
1.00093
1.00429
1.00625
1.00707
1.00574
0.997536
0.98738
0.981923
0.98032
0.980072
0.982838
0.994247
1.00404
1.00731
1.00794
1.00851
1.00937
1.00883
1.00128
0.988057
0.977481
0.987091
1.20229
1.61184
0.919345
0.915601
0.914783
0.916199
0.922641
0.933374
0.941623
0.945593
0.947451
0.948963
0.949783
0.946695
0.940269
0.935608
0.932567
0.928883
0.926871
0.92729
0.930196
0.940136
0.951987
0.958722
0.961315
0.962787
0.964207
0.963468
0.957452
0.950845
0.946218
0.942426
0.940437
0.940577
0.942485
0.950086
0.961726
0.969852
0.973961
0.976507
0.978258
0.978031
0.972965
0.965982
0.959913
0.955211
0.952919
0.952885
0.954541
0.961592
0.972704
0.981532
0.987106
0.9907
0.992273
0.991772
0.985936
0.976672
0.968789
0.964326
0.963066
0.963576
0.966489
0.976583
0.989115
0.997224
1.00093
1.00242
1.00299
0.999943
0.989202
0.978276
0.973413
0.972488
0.972838
0.974738
0.984701
0.99787
1.00467
1.00706
1.00796
1.00826
1.00647
0.997244
0.985908
0.980464
0.97932
0.979469
0.982648
0.995389
1.00544
1.00779
1.00809
1.00886
1.00941
1.00859
1.0008
0.984387
0.983486
1.18913
1.60944
0.92063
0.915131
0.91467
0.915313
0.916267
0.91998
0.930446
0.94087
0.947156
0.951891
0.954682
0.955557
0.952944
0.943547
0.933575
0.928715
0.927364
0.927573
0.928482
0.930583
0.938781
0.951378
0.959455
0.964029
0.967079
0.968515
0.968098
0.961512
0.950228
0.943161
0.941014
0.941024
0.94193
0.943658
0.949342
0.961056
0.971479
0.977205
0.979705
0.980882
0.98115
0.976931
0.965793
0.956637
0.953209
0.953007
0.953851
0.955502
0.961763
0.975222
0.986515
0.991165
0.992643
0.993416
0.992609
0.985255
0.972506
0.965012
0.963224
0.963645
0.964886
0.96827
0.98099
0.995169
1.00085
1.00231
1.00267
1.00139
0.996572
0.985077
0.975701
0.972785
0.972797
0.973909
0.977537
0.989883
1.0023
1.00668
1.00761
1.00759
1.00656
1.00409
0.995125
0.984573
0.979996
0.979325
0.980042
0.9848
0.997398
1.00535
1.00687
1.00733
1.00824
1.00888
1.00813
0.99645
0.98839
1.1758
1.6079
0.927796
0.917591
0.915517
0.915558
0.916255
0.917352
0.91982
0.929897
0.944926
0.952555
0.954944
0.955868
0.955363
0.952026
0.942998
0.933961
0.929863
0.928956
0.929453
0.930411
0.931976
0.938323
0.953493
0.963954
0.967303
0.968364
0.967644
0.964903
0.959536
0.951106
0.945326
0.943364
0.943466
0.944322
0.945434
0.949289
0.96232
0.974889
0.979493
0.980728
0.980265
0.977857
0.973741
0.9652
0.957945
0.955542
0.955713
0.956766
0.9583
0.96406
0.97862
0.98818
0.990924
0.991283
0.990223
0.988223
0.982226
0.972269
0.967048
0.966363
0.967406
0.969438
0.97331
0.984888
0.995384
0.99889
0.999328
0.998729
0.997657
0.994126
0.984857
0.977994
0.97634
0.977299
0.979137
0.982095
0.991731
1.00094
1.00409
1.00444
1.00391
1.00295
1.00146
0.99537
0.986842
0.982536
0.981879
0.982626
0.986451
0.996809
1.00331
1.00505
1.006
1.00711
1.00812
1.00517
1.00024
1.16799
1.60768
0.937293
0.927705
0.920307
0.917694
0.917885
0.919138
0.921548
0.925216
0.933062
0.944316
0.950057
0.95189
0.952453
0.953015
0.952576
0.946552
0.937149
0.931958
0.931033
0.931842
0.934289
0.938044
0.942827
0.952833
0.960657
0.96356
0.96444
0.965167
0.965656
0.963186
0.955023
0.947879
0.945418
0.945666
0.947441
0.950453
0.953586
0.961934
0.971526
0.975756
0.976967
0.977719
0.978366
0.976579
0.968505
0.960948
0.958528
0.958901
0.960695
0.963228
0.967052
0.976596
0.984275
0.987234
0.988152
0.988671
0.988514
0.983927
0.975756
0.971424
0.970823
0.97195
0.973553
0.97563
0.982636
0.991023
0.995017
0.996309
0.996671
0.996583
0.994873
0.989245
0.983981
0.981678
0.981154
0.981559
0.982494
0.988652
0.996902
1.00071
1.00173
1.002
1.00249
1.00284
1.00001
0.991962
0.985706
0.983858
0.984015
0.986153
0.993991
1.00055
1.00345
1.00533
1.00719
1.00717
1.01197
1.16964
1.60879
0.940178
0.940058
0.932553
0.925182
0.922597
0.922762
0.923916
0.924891
0.925628
0.928949
0.938145
0.946645
0.951102
0.952914
0.953713
0.953581
0.9497
0.942552
0.938191
0.937275
0.937997
0.938805
0.938928
0.939966
0.946247
0.956117
0.962749
0.965389
0.96634
0.966478
0.965159
0.959955
0.954033
0.951388
0.951251
0.951547
0.950807
0.951161
0.956137
0.966748
0.97456
0.977848
0.979015
0.979738
0.97898
0.973352
0.966877
0.964094
0.963695
0.96336
0.962466
0.96361
0.970756
0.980399
0.985915
0.988132
0.989062
0.989922
0.988524
0.982874
0.977974
0.975682
0.97437
0.972673
0.972542
0.976869
0.98593
0.992147
0.99498
0.99686
0.999104
0.999879
0.99657
0.989979
0.98465
0.981464
0.979814
0.979655
0.983609
0.992211
0.998084
1.00099
1.00361
1.00633
1.00733
1.00483
0.995754
0.987365
0.983845
0.983078
0.983716
0.99004
0.998057
1.00289
1.00682
1.00827
1.01909
1.17677
1.61113
0.939802
0.942084
0.942874
0.940198
0.933548
0.928525
0.925745
0.923663
0.922389
0.922624
0.92462
0.932833
0.943775
0.950035
0.95251
0.954254
0.95649
0.956547
0.951601
0.944805
0.940131
0.937582
0.936345
0.93578
0.936549
0.941245
0.952383
0.960934
0.964384
0.966821
0.969861
0.971036
0.968076
0.960623
0.954139
0.950298
0.948461
0.947751
0.948354
0.952243
0.963664
0.97356
0.977882
0.980337
0.982882
0.98386
0.980268
0.972339
0.965821
0.961977
0.96022
0.959824
0.960721
0.966898
0.978078
0.985598
0.989527
0.99246
0.994623
0.994562
0.989255
0.981246
0.974686
0.970767
0.969216
0.96927
0.972664
0.982576
0.991673
0.997409
1.00137
1.00409
1.00493
1.00197
0.993054
0.983908
0.978379
0.976268
0.976076
0.979188
0.989148
0.998714
1.00465
1.00833
1.01001
1.01041
1.008
0.997676
0.986614
0.982017
0.9809
0.980931
0.98739
0.997655
1.00515
1.00852
1.02287
1.18587
1.61356
0.936451
0.944241
0.947442
0.948674
0.947221
0.939252
0.929903
0.924402
0.922579
0.92247
0.923005
0.923929
0.928826
0.940073
0.950104
0.956258
0.959871
0.96175
0.962135
0.957652
0.947779
0.939809
0.936256
0.935246
0.935397
0.936102
0.93871
0.948583
0.960766
0.968501
0.972489
0.974487
0.975372
0.97283
0.963243
0.953343
0.948638
0.94753
0.947919
0.948773
0.951187
0.960928
0.973513
0.981341
0.984966
0.986674
0.987377
0.983917
0.973658
0.964444
0.960357
0.959479
0.959922
0.960778
0.964965
0.976399
0.987394
0.993675
0.996472
0.997704
0.997623
0.991905
0.980458
0.972114
0.968981
0.968596
0.969144
0.97131
0.980921
0.993954
1.00189
1.00499
1.00609
1.00642
1.00345
0.991934
0.980443
0.975948
0.975379
0.975776
0.978304
0.990099
1.00291
1.00847
1.01019
1.01063
1.01037
1.00738
0.995783
0.984114
0.980086
0.979439
0.979952
0.988116
0.999926
1.0059
1.0238
1.19439
1.61516
0.929124
0.94444
0.947775
0.949177
0.949591
0.948203
0.941412
0.931813
0.925653
0.92317
0.922684
0.923229
0.924228
0.927707
0.939987
0.953842
0.959898
0.961872
0.962731
0.962426
0.9586
0.949113
0.940316
0.93615
0.9352
0.935693
0.936658
0.939079
0.949221
0.964588
0.97213
0.974444
0.975336
0.975074
0.972319
0.963533
0.953806
0.949038
0.947996
0.948412
0.949354
0.951841
0.962229
0.977329
0.984372
0.986397
0.986972
0.986159
0.982709
0.973752
0.964754
0.960548
0.959796
0.960378
0.961429
0.965692
0.979322
0.991664
0.996012
0.997166
0.997001
0.995416
0.990289
0.979764
0.971538
0.968863
0.968909
0.969702
0.972625
0.985056
0.999004
1.00411
1.00534
1.00515
1.00366
0.999771
0.989045
0.978968
0.975872
0.975884
0.97693
0.981616
0.995612
1.00591
1.00895
1.00955
1.00884
1.00702
1.0033
0.992923
0.983019
0.979465
0.978808
0.981102
0.991686
0.999621
1.02002
1.20025
1.61586
0.920586
0.933766
0.942753
0.946507
0.947765
0.948467
0.94892
0.945066
0.934536
0.926283
0.923806
0.924203
0.926081
0.929283
0.932872
0.941343
0.952829
0.9586
0.96044
0.961176
0.961807
0.960409
0.951432
0.941114
0.937071
0.93703
0.93867
0.941915
0.945307
0.952051
0.96364
0.970447
0.972609
0.973341
0.973948
0.973236
0.965425
0.954621
0.950004
0.949752
0.951513
0.95482
0.95779
0.964377
0.975796
0.982152
0.984033
0.98478
0.985376
0.984002
0.975146
0.965398
0.961844
0.962017
0.964175
0.966915
0.970185
0.979906
0.989928
0.993705
0.994706
0.995367
0.995426
0.990764
0.979459
0.972319
0.970997
0.972281
0.974841
0.978049
0.987172
0.99746
1.00148
1.00244
1.0028
1.00253
0.998426
0.987843
0.980511
0.97891
0.979864
0.981552
0.985454
0.996184
1.0039
1.00617
1.00632
1.00536
1.00378
1.00126
0.994027
0.985813
0.982018
0.981535
0.984435
0.991353
1.01224
1.20231
1.61525
0.918863
0.92111
0.929634
0.940307
0.946046
0.948055
0.94874
0.948618
0.946341
0.938796
0.931967
0.929726
0.930041
0.930853
0.931542
0.932724
0.938528
0.949725
0.957262
0.960167
0.961154
0.961137
0.96003
0.954176
0.946516
0.943127
0.942988
0.943843
0.944651
0.945573
0.949776
0.960221
0.96853
0.97196
0.97314
0.973215
0.972332
0.967647
0.960223
0.956439
0.955997
0.956582
0.956726
0.957417
0.961684
0.972437
0.980535
0.983621
0.984535
0.984303
0.983376
0.978267
0.971184
0.967756
0.967148
0.96708
0.967198
0.968759
0.977153
0.987863
0.992794
0.9942
0.994287
0.993739
0.991261
0.983984
0.978118
0.976136
0.975925
0.976067
0.977258
0.985054
0.995279
0.999816
1.00104
1.0008
1.00012
0.998532
0.992796
0.986637
0.983403
0.982404
0.982439
0.984552
0.993944
1.00111
1.00332
1.00332
1.00255
1.00254
1.00297
0.999798
0.991395
0.985016
0.982798
0.981882
1.00284
1.2031
1.61417
0.919061
0.919796
0.920591
0.925511
0.936415
0.944044
0.946962
0.948583
0.950863
0.951716
0.947423
0.938952
0.933113
0.931263
0.931643
0.932385
0.933004
0.935827
0.94544
0.954599
0.958598
0.960198
0.962202
0.963936
0.961939
0.954222
0.947367
0.944505
0.944533
0.945252
0.945822
0.947581
0.955699
0.965391
0.970128
0.97213
0.974571
0.976686
0.975279
0.967661
0.960202
0.956888
0.956484
0.956764
0.956907
0.959074
0.96845
0.977785
0.981769
0.983978
0.987002
0.988493
0.985457
0.976611
0.969543
0.966952
0.96681
0.967048
0.967704
0.973908
0.9847
0.990399
0.992634
0.995192
0.997418
0.996927
0.989686
0.980778
0.976413
0.97581
0.976222
0.97678
0.982268
0.991836
0.996874
0.99889
1.00128
1.00378
1.00393
0.998545
0.989443
0.983831
0.9824
0.982526
0.983354
0.989765
0.996934
1.00054
1.00243
1.00495
1.0068
1.00734
1.00438
0.995154
0.985905
0.978904
0.989995
1.20144
1.61311
0.921375
0.918282
0.918048
0.918932
0.922365
0.932945
0.943611
0.949935
0.953482
0.955339
0.956035
0.95335
0.944393
0.936891
0.933469
0.93159
0.930831
0.931397
0.933381
0.941651
0.952948
0.960275
0.964598
0.967092
0.968215
0.967249
0.95974
0.95123
0.946958
0.944796
0.943427
0.943506
0.944888
0.951887
0.96358
0.971944
0.977039
0.979855
0.980991
0.980139
0.972639
0.963644
0.958787
0.955969
0.954277
0.954478
0.956367
0.965233
0.977203
0.985148
0.989495
0.991354
0.992005
0.989409
0.980027
0.971803
0.967591
0.965157
0.964552
0.96544
0.971018
0.983076
0.992308
0.997412
0.999571
1.00036
0.99963
0.99272
0.983256
0.977878
0.974943
0.973748
0.974262
0.979093
0.989738
0.998253
1.00348
1.00579
1.0064
1.00622
1.00147
0.992242
0.985571
0.981442
0.979153
0.979495
0.985364
0.995918
1.00393
1.00741
1.00829
1.0091
1.00989
1.00794
0.997922
0.982138
0.981773
1.19225
1.61114
0.929375
0.920784
0.919385
0.919585
0.920389
0.922267
0.929686
0.941917
0.95053
0.954251
0.955727
0.956544
0.955941
0.950129
0.941479
0.935178
0.932524
0.932239
0.932864
0.934085
0.939
0.950068
0.960339
0.965605
0.967696
0.968703
0.968954
0.964694
0.956057
0.948788
0.945158
0.944262
0.944685
0.945652
0.949759
0.961151
0.972604
0.978289
0.980384
0.981365
0.981518
0.976862
0.967288
0.959283
0.955705
0.955098
0.955636
0.956895
0.963431
0.976908
0.986433
0.990102
0.991564
0.992237
0.990979
0.983323
0.973209
0.967216
0.965505
0.965661
0.966435
0.97034
0.982266
0.993185
0.997778
0.99949
1.00026
1.00007
0.995208
0.985505
0.97781
0.974848
0.974474
0.97502
0.978191
0.988755
0.999284
1.00399
1.00553
1.00626
1.00646
1.00365
0.994943
0.985245
0.980078
0.978973
0.979441
0.984751
0.99737
1.00494
1.00701
1.00836
1.01032
1.01124
1.00911
0.993727
0.983419
1.18001
1.60994
)
;

boundaryField
{
    back
    {
        type            empty;
    }
    outlet
    {
        type            zeroGradient;
    }
    top
    {
        type            zeroGradient;
    }
    inlet
    {
        type            fixedValue;
        value           uniform 1;
    }
    bottom
    {
        type            zeroGradient;
    }
    front
    {
        type            empty;
    }
}


// ************************************************************************* //
