/*--------------------------------*- C++ -*----------------------------------*\
  =========                 |
  \\      /  F ield         | OpenFOAM: The Open Source CFD Toolbox
   \\    /   O peration     | Website:  https://openfoam.org
    \\  /    A nd           | Version:  12
     \\/     M anipulation  |
\*---------------------------------------------------------------------------*/
FoamFile
{
    format      ascii;
    class       volScalarField;
    location    "0.19";
    object      p;
}
// * * * * * * * * * * * * * * * * * * * * * * * * * * * * * * * * * * * * * //

dimensions      [1 -1 -2 0 0 0 0];

internalField   nonuniform List<scalar> 
23795
(
1
1
1
1
1
1.96716
1.96853
1
1
1
1
1.50247
1
7.46715
1.6985
1
1
1
1
1.7127
1
1
1
1
5.28138
1
1
1.96675
1
1
1.95395
1
1
1
1.7425
1
1
1.96698
1
1
1
2.0049
1
1
1.95602
1
5.69428
1.95249
1
7.60344
7.03893
1.96441
1
1.67624
1
1
1
1
2.02609
1.97355
1
1
1
1
1
4.32561
1
1
1.91976
1.72266
1.90395
1
1
2.00355
1
1.81212
1.89939
1
1
1.75803
1.96229
1
1.8742
1
1
2.00969
1
1
1
1
1.96886
1
1.95228
1
1
1.88098
1
1
1
1.5533
1.95267
1
1.99734
1
1.8565
1.10068
1.96332
1
1
1.95827
1
2.12893
1
1.95163
1
1
1
1.96408
1
1
1
1.94918
1.97065
1
1.96291
1
1
1
1
1
1
1
1
1
1.96806
1.68733
2.04367
1
2.05394
1
1
1.82143
1.95404
1
1.96738
1
1
1
1
1
1
1.98689
1
1.9722
1
1
1.96335
1
1
1
1.96637
1.9665
1
8.63895
1
1
1.78825
1
1.96081
1.96069
1
1.55872
1
2.03966
1.96455
1
1
1
1
1
1.79
1
1
1
1
1
1.95929
1
1
1.97811
1
1
1
1
1.96124
1
1
1
1.95964
1
4.36632
1.95454
1
1
1
1
1.96388
1
1
1
1
1
1
1
1
1
1
1.96101
4.26872
4.26789
2.12014
1
1
1.97893
1
1
1.8183
1
1
1.81503
1.96449
1
1
1
2.00792
1
1.96479
1
1.9648
1
1
1.96788
1
1
1
1
1
1
1
1.82922
1
1.96886
1
1.95927
2.07022
1
1.29537
4.09448
1
1
1
1
1
1
1
1.97888
1.99893
13.8253
2.01224
1
1.95419
1
1
1
1.98795
1
1
1
1
1.95754
1
1
1
1
1
1.57948
1
1.98275
1
1
1
1.82876
1.99071
1
1
1.95565
3.50982
1
1.95657
1
1
1
1
1.96593
1
1
1
1
1
1
1.96468
1
1.85231
1
1.64603
1
1
1
1
1
1
1.96244
1
1
1.96372
1.98409
1
1.67166
1
1
1
1
1.83135
1.95513
1
1
1
1
2.06337
1
1
1
1
1
1
1.94921
1
1
1.96078
1
1
2.06428
1
2.00334
1
1
1
1.98471
1
1
1
2.06463
1
1
1
1.95319
1
1
1
1
1
1.73733
1
2.04783
1
2.11919
1
1.96513
2.01268
1
1
1
1
1
1
1
1
1
1.76126
1
1.95618
1
3.45347
1
1
1
1.8652
1
1
1.99012
1
1
1
1.99463
1
4.11631
1
1
2.00143
1
1.00811
1
1
1
1
1
1
1
1.99749
1.96777
1.60472
4.71228
1
2.12841
1
1.82493
1
1
1.96454
1
1
1.82878
8.47244
1
1
1.95133
1
1
1
1
1
1.95834
1.41374
1
1
1
1
1.9563
1.96255
1
1
1
1.95877
1
1
1
1
1.97002
1
3.70004
1
1
1.96141
1
1
1
1
2.01826
1
1
1.99767
1
1.95153
1
1
2.01269
1
1
1
1
1.96171
1
1.96638
1
1
1
1
4.69688
1.78889
1
1.95366
1
1
1
1
1
1.77578
2.05214
1.96819
1
1
1.95986
1
1.55193
1
1
1
1
1
1
1
1
1
1
1
1
1
1.99979
1
1.97857
1.7173
1.97012
1
1.99657
1
1
1
1.82626
1
1
1
1.77873
1
1
1
1
1
1
1
1
1
1
1.96427
1.97208
1
1
1
1
1
1
1
1
2.0042
1.96558
1
1.97008
2.04817
1
1
1
1
1
2.01501
1
1.99054
1
1
1
1.9595
1.79476
1
1
1
1.95938
2.01033
1
1
1
1.64135
0.999991
1
1
1
1
1
1
1
1
1.98729
1
1
1
1
1
1.88789
1.94887
1
1
1.98968
1
1
1
1
1
1
1
1
1.86828
1
1
1
1
1
1.98988
1
1
1
1
1
1
1
1
1
1.99712
1
1
1
1
1
1.96491
1
1
1
1
1
1.95676
1.44718
1
1
1
1
1
1
1
1
2.01849
1.94375
1
1
1
1
1
1
1
1
1
1
1
1.47633
1
1
2.10354
1
1
1
1
1
1
1
1
1
1
1
2.45726
1
1
1
1
1
1
1
1
1
1
1
1
1.92963
1
1
1
1
1.96072
1
1.78442
1
1.91754
1
1
1
1.94929
1
1
1
1
1
1
1
2.03212
1
1
1
1
1
1.97084
1
1.96207
1
1.88671
2.00642
1
1
1.97129
1
1
1.94748
1
1
1
1
1
1
1
1.96022
1.9538
1
1
1
1
1
1
1
1
1
1
1
1
1
1
1
1
1
1.91833
1
1
1
1
1
1.87057
1
2.01815
2.0371
1
1
1
1
1
1
1
1
1
1
1
1
1
2.07773
1
1
1
1
1
1
1.89316
1
2.02773
1
2.04536
1
1
1
1
1
1
1
1
1
1
1
1.7979
1
1
1
1
1
1
1
1
1.23018
1
1
1.97598
1
1
1
1
1
1.98588
1
1
1
1
1
1
1
2.10996
1
1
1
1
1
1
1
1
1
1
1
1
1
2.06661
1
1.89807
1
1
1
1
1.95012
1.82093
1
1
1.87245
1.96928
1
1
1.85929
1
0.99991
1
1
1
1
1.86725
1
1
4.22457
1.85113
1.98331
1
1
1
1.82932
1
1
1
3.92769
1
2.00523
1
1
2.05654
1
1
1
1
1
1.7649
1
1
1
1
1
1
1
1
1
1
1
1
1
1
1.66313
1
1.98124
1
2.03855
1
1.7227
1
1
1
1
1
1
1
1
1
1
1
1
0.999984
1
1
1
1
1.97132
1
1.9622
1
1
1
1.95461
1
1
1
1.9796
1
1
1
1
1
2.02196
1
1
1
1
1
1.94988
1
1
1
1
1
1
1
1
1
1
1.96107
1
1.97726
1
1
1.97477
1
1
1.75287
1
3.9928
1.65558
1
1
1
1
1
1
1
1
1
1
1
1.85271
1
1
1
1
2.04571
1
1
1
1
1
1
1
1.53758
1
1
1
1
1
1.98296
1
1
1
1
1
2.0284
1
1
1.98158
1
1.97927
2.01236
1
1
1
1
1
1
1
1
1
1
1
1.91488
1.94877
1
1.90364
1
1
1
1
1
1
2.00632
1.96677
1
1.96137
1
1
1
1
1
1.9583
1
1
1
1
1
1
1
1
1
1
1
1
1
1
1
1
1
1
1
1
1
0.999999
2.04765
1
1
1.96305
1
1
1
1
1.96142
1
1
1
1.94108
1
1
1
1
1
1
1
1
1
1
1
1
1
1
1
1.82385
1
1
1
1
0.999989
1
1
4.16485
1
1.96887
2.12778
1
1
1
1
1
1
1.90755
1
1
1.79367
1
1
1
1
3.73672
1
1
1
1
1
1
1
1
1
1
1
1
1
1
1
2.01085
8.5714
1
1
1
1
1
1
1
1.9963
1
1
1
1
1
1
1
1
1
1
1
1.22171
1
2.00343
1
1
1
1
1
1
1
1.96154
1.96572
1
1
1.72031
1
1
1.96237
1
1
1
1
1
1
1
1
1
1
1
1
1
1
1
1
1
1
1.73388
1
1
1.96379
1
1
1
1
1
1
1
1
1
1
1
1
1
1
1
1
1
1
1
1
1
1
1.95336
1
1
1
1
1
1
1
1
1
1
1
1.96281
1
1
1.9635
1
1
1
1
1
1
1.67281
1
1
1
1
1
1
1
1
1
1
1
1
1
1
1
1
1
1
1
1
1.96364
1
1
1
1
1
1
1.78191
1
1
1
1
1
1
1
1
1
1
1
1
1
1
1
1
1
1
1
1
1
1
1
1
1
1.98843
1
1
1
1
1
1
1.96813
1.96006
1
1.99314
1
1
1
1
1.97993
1.95914
1.76066
1
1
1.963
1.97961
1
1
1
1
1
1
1
1
1.96313
1
1
1.51645
1
1
1
1
1
1
1
1.9542
1.97781
1
1
1.90821
1
1
1
3.69155
1
1
1
1
1
1
1
1
1
1
1.96041
1
1.96249
1
1
1
1
1
2.00249
1
1.96502
1
1
1
1
1
1
1
1.66233
1
1.95263
1
0.999986
1
1
1
1
0.999564
1
1
1.78088
1
1
1
1
1
1
1
1.95602
1
1
1
1.9601
1
1.84638
1
1
1
1
1
1.96128
1
1
1
1
1
1.97256
1.70042
1
1
1
1
1
1
1
1
1
1
1.24936
1.46774
1
1
1.71698
1
1
1
1
1
1
1
1
1
1
1.95196
1
1
1
1
1.98517
1
1
1
1
1
1
1
1
1
1
1
1
1
1
1
1
1
1
1
1
1
1
1
1
1
1.95173
1
1
1
1
1
1
5.48091
1
1
1
1
1
1
1
1
1
1
1
1
1
1
1
1
1
1
1
1
1
1.93756
1
2.00875
1
1
1
1.94949
1
2.01434
1
2.01661
1
1.96095
1.85553
1.97201
1
1
1.72309
1
1
1
1
1
1
1
1
1
1.85144
1.97519
1
1
1
1
1
1
1
1
1
1
1
1
1
1
1
1
1
1
1.98473
1
1
1
2.01964
1
1.53619
0.999928
1
1
1.84686
1
1
1
1
1
1
1
1
1
1.95493
1.95816
1.96416
1
1
1
1.80327
1
1
1
1
1
1
1
1
1
1
1
1
1
1.70813
1
1
1
1
1
2.00371
1
1
1
1
1
1
1
1
1
1
1
1.95691
1.28891
1
1
1
1.98561
1
1
1
1
1
1
1
1
1
1
1
1
1.95734
1
0.999996
1.9648
1
1
1
1
1
1
1
1
1
1
1.96102
1
1.88486
1
1
2.02837
1
1.99829
1
1
1
1
2.0055
1
2.05425
1.96499
1
1.963
1.48516
1
1.9661
1
1
1.96203
1
1
1
1.99908
1
1
2.02307
1
1
1
1
1
2.02271
1
1
1
2.01513
1
1
1.95036
1
1.98826
1
1.57981
1
1
1
1
1
1
1
1
1
4.47879
4.39711
1
1
1
1
1
1
1
1
1
1.45829
1
1
1
1
1
2.01367
2.01114
1
1
2.00955
2.06509
2.0165
1
1
1
1
1
1
2.00936
1.97741
1
1
1
1
1
1.98053
1.0005
1
1
2.02944
1
1
1.96685
1
1
1
1
1
1
1
1
1
1
1
1.96366
1
1
1
1
1
1
1
1
1
1
1
1
1
1
1
1
1
1
0.999924
1
1
1
1
1
1
1.96474
1.38623
1.55175
1.28493
1
1.96336
1.95624
1
1
1.96258
1.95843
1
1
1
1.96176
1.96202
1
1
1
1.83247
1.96286
1
1
1
1
1
1
1
1
1.97679
1.99674
1
1
1
1
1
1
1
1
1
1
1
1.96272
1
1
1
1.95965
1
1
1
1
1
1
1
1
1
1
1
1
1
1
1
1
1.9606
1
1
1
1
1
1.96299
1
1
1
1
1
1
1.80442
1.7832
1
1
1
1
1
1
1
1
1
1.96322
1
1
1
1
1
1
1
1
1
1.98273
1
1
1
1.98579
1
1
1.98627
1
1.97767
1
1.98061
1
1
1
1.95945
1
1
1
1
1
2.03643
1
1
1
1
0.999986
1.98285
1
1
2.01011
1.95961
1.95851
1
1.96302
1.97859
1
1
1.98123
1
2.0082
1
1
1
1
1
1
1
1
1
1
1
1
1.943
1
1
1
1
1
1
1
1
1.9612
1
1
2.0159
1
1.99588
1.97823
1
1.96065
2.0083
2.007
1
1.95718
2.01482
1
1
1
1
1
1
1
1
1
1.96447
1.96074
1.98935
2.01013
1
1
1
1
1
1
1
1
1
1
1
1
1
1
1
1.99056
1
1.95759
1.86136
1
1
1
1
0.999994
1
1
1.60505
1
1.94677
1
1
1.99985
1
1
1
2.04702
1
1
1
1
1.98248
1.81618
5.31101
1
1
1
1
1
1
1
1
1
1
1
1
1
1
1
1.96497
1
1
1
0.999947
1
1
1.95738
1
1
1
1
1.96589
1.96177
1
1
1
1
1.99678
1
1
1
1
1
1
1
1
1
1
1
1
1
1
1.96609
1.95803
1.98102
1.96209
1
1.99756
1
2.04908
1
1
1
1
1
2.06547
1
1
1
1.96289
1
1
1.96314
1
1.97876
1
1
1
1.96503
1.96935
1.95939
1
1
1
1
1
1
1.96122
1
1
1
1.96883
1.9622
1.96939
2.01849
1.80718
1
1
1
2.00139
1
1
1.95953
1
1
1
1.94893
1
1.99707
1
1
1
1
1
1
1
2.00186
1
1
1
1
1
1
1
1
1
1
1
1.95312
1
1
1
1
1
1
1
1
1.98592
1
1
1
1
1
1
1
1.94462
1
1.98572
1
1
1
1
1
1
1
1
1
1
1
1
1
1
1
1
1
1
1
1
1
1
1
1
1
1
1
1
1
1.8974
1
1.96677
2.05508
1
2.01228
1
1
1.74748
1
1
1
1
1.96242
1
11.1735
0.999973
1
1
1
2.0278
1
1
1
1
1
1.99661
1
1.96227
1
1
1.96195
1
1
1
1
1
1
1
1.95853
1
1
1
1
1
1
1
1
1
1.9996
1
1
1
11.7458
1.96151
1
1.96032
2.11142
1.99784
1
1
1
1.9612
1.95868
1
1
1.96405
1.98376
1
1
1
1.96316
1
1
1
1
2.00614
1
1
1.96566
1
1.11688
1
2.01443
1.96034
1
1
1.79638
2.00758
1
1.99065
1
1
1.96149
1
1
1
1
2.05789
1
1.95746
1
1.95965
1.96936
1
1
1
1
1.96783
1
1
8.8295
1.96415
1
1.38616
1
1
1
1
1.99085
1
8.64687
1
1
1
1
1
1
1
1.98215
1
1
1
1
1
1
1.95775
1
1
1
1
1
1
1
1
1
1.98587
1
1
1
1.96054
1
1
2.08406
1
1
1.9567
1
1.94612
1
2.03079
1
1.97
1
1
1.9633
1
2.02658
1
2.00798
1
1
1
1
1
1.9651
1
1
1
1
1
1
1.92322
1
1
1
1.59326
1.9481
1
1
1
1
1
1
1
2.01306
1
2.01697
1
1
1
1
1
1
1
1
1
1.96039
1
1.96168
1
1
1.97413
1
1
2.00139
1
1
1
1
2.01441
1
5.03995
1.97016
1
1
1
1
1
1
1
1
1
1
1
2.02369
1
1
1
1
1.9692
1
1
2.01849
1
1
1
1
1
1
1
1.99261
1
1
1
1
1
1
1
1
1
1
1.9625
1
1
1
1.95397
1
1
1
1
1
1
1
1.99214
1.96324
1
1
1
1
1
1
1
1
1
1
1
1.93567
1
1.96246
1
1
1
1.99755
1
1
1
1
1.98205
1
1
1
1
1
1.95882
1.99268
1
1
1.95519
1
1
1
1
1
1
1
1
1
1
1.99288
1
1
1
1
1
1
1
1
1
1
1
1
1
1
1
1
1
1
1
1
1
0.999991
1.95699
1
1
1
1
1
1
1
1
1
1
5.20962
1
1
1.96873
1
1
1
1
1
1
1
1
1
1
1.99289
2.00667
1
1
1
1.95659
1
1
1
1
1.81329
1
1
1.96201
1
1
1
1.68387
1.95928
1
2.028
1.24431
1
1.94227
1.82127
1
1
1
1.9641
1
1.99334
1
1
1.96409
1
1
1
1
1
1
1
1
1
0.999988
1
1
1
1
1
1
1
1
1
1.95934
1
1
1
1.00003
1.95945
1
1
1
1
12.6086
1
1
1.03688
1
1
1
1.95842
1
1
2.02031
1
1
1.96029
1.99236
1
1
1
1
1
1.95431
1
1
1
1
1
1
1.98538
1.95926
1.99644
1
1
1.9957
1.99794
1
1.95948
1
1
2.01491
1
1
1
1.9691
1
2.00481
1
1
2.02544
1
1
1
2.00363
1
1
1
1
1
1.73807
1
1.95716
1
1
1
1
1
1.84323
1
1
1
1
1
1.96053
1
1
1
1
1
1
1.9647
1.34265
1
1
1.99369
1
1
1
1
1
1
1
1
1
1
1
1
1.9629
1
1
1
1
1
1
1
1
1
1
1
1
1
1
1.96101
1
1
1
1.87732
1
1
1.95876
1
1
1
1
1
1
1
1
1
1.86677
1.90135
1
1
1.38182
1
1
1
1
1.96069
1
1
1
1
1
1.95581
1
1
1
1
1
1
4.37392
1
1
1.96942
1
1
1.9182
1
1
1
1
1
1.96395
1
1.77422
1
1
1
1
1.96649
1
1
1
1
1
1
1
1
1
1
1
1
1
1
1
1
1
1
1.96265
1
2.01119
1
1
1
1
1
1
1
1
1
1
1.96131
1
1
1.96552
1
1
1
1
1.96572
1
1
1
1
4.62551
1
1
1.96553
1
1
1.96126
1
1
1
1.9715
1.96701
1
1
1
1
1
1
1
1
1
5.01494
1.76352
1.82229
1
1
1
1.96224
1
1
1.95919
1.96072
1.95276
1
1.96004
1
1.96274
1
1
1
1
1
1.95879
10.7454
1
1
1
2.00311
1
1
1
1
1
1
1.95636
1
1
1
4.30487
2.01943
1
1
4.54309
1
1
1
1.99273
1
1
1
1
1.96206
1
2.00382
1
1
1.98399
1
1
1
1
1.96123
1
1
1
1
1
1
1
1
1
1
1
1
1.95392
1
1
1
1
1.99657
1
1
1.96765
1
1
0.999901
2.01434
1
1
1
1
1
1.99088
1
1
1
1.96731
1
1
1
1
2.00096
1
1.77985
1
1
1
1
1.99142
1
1
1.96304
1.94777
1.97652
1
1
1
1
1
1.96098
1
1.43462
1
2.02676
1
1
1
1
1
1.98791
1
1
0.999986
1
1
1.96542
1
2.11893
2.03159
1
1
1
1
1
1
1
1
1.96479
1
1.96049
1
1
1
1
1
1
1
1
1
1
2.00654
1
1
1
1
1
1
2.00516
1.97328
1
1
1
1
1.99416
1
1
1
1
1
1.95998
1
1
1
1
1
1
1.97209
1.95834
1
1
1.97047
1
1
1
1
1
1
1
1
1
1
1
1
2.03362
1
1.92083
1
1
1.96055
1
1
1.96084
1
1
2.0472
1
1
1
1
1
1
1
1
1
2.01573
1
1
1
1
2.0143
1
1
1.9359
1
1
1
1
1
1.96297
1
1.96011
1
1
1
1
1
1
1
1
1
1
1
1
1.77844
1.9631
1
1
1
1
1
1.96307
1
1
1
1.96146
1
1
1
1
1
1
1
1
1.80431
1
1
1
2.0182
1
1.96157
1
1
1
1.96235
1
1
1
1
1
1
1
1
1.01476
1.96356
1
1
1
1
1
1
1
2.01215
1
1
1
1
2.02939
1
1
1.78108
1
1
1
1
1.9627
1
1
1
1
1.96365
1
1
1.9637
1
1.95796
1
1
1
1
1
1
1
1
1
1
2.00039
1
1
2.00159
1
1
1
1
1
1.97748
1.81437
1
1
1
1
1
1
1
1
1.99025
1
1
1.96419
1
1
1
1
1.96482
1
1.95704
1
1
1
1
1
1.96292
1.96174
1
1
1
1.96276
1.96473
1
1
1
1
1
1
1.95647
1
1
1
1
1
1
1
1.96032
1
1.96805
1
1.96473
1.96572
1
1.96363
1
1.96161
1
1
1.96373
1
1
1
1
1
1.9618
1
1
1
1
1
1
1.96033
1
1
1
1
1
1.95918
1
1
1
1
1
1.95957
1
1
1
1
1
1
1.96374
1
1
1
1
1
1.96767
1
1.95813
1.96576
1
1
1.96019
1
1.96601
1
1.90495
1
1
1.9394
1.66133
1
1
1
1
1.96031
1
1
1.95776
1
2.02406
1
1
1
1
1.9756
1
1
1.99791
1
1
1
1
1
1
1.9596
1
1
1
1
1
1
1
1
1
2.01795
1
1
1
1
4.96059
1
1.96054
1
1.96105
1
1.96429
1
1.96436
1
1
2.00686
1
0.99979
1
1
1
1
1
1.96241
1.95881
1
1
2.02621
1.96151
0.999985
1
1
1.96359
1
1
1.99527
1
1
1
1
1
1
1
1
1.95815
1
1.95967
1
1
1
1
1
1.90525
1
1
1
0.999937
1
1
1.96464
1
1
1
1.92842
1
1
1
1
1
1
1.98781
1
1
1
1.96085
1
1
1
1.96089
1
1
1.96365
1
1
1
1.9641
1
1.90901
1
1
1
1.96628
1
1
1
1
1
1.98709
1
1
1
1
1
1
1
1
2.01822
10.2615
1
1.96483
1
1.96517
1
1
2.01114
1
1
1
1
1
1.96154
1
1
1
1
1.96409
1.96143
1.95987
1
1
2.01648
1
1.9032
1
1.99361
1.95586
1
1
1.96965
1
1
1
1
1
1
1
1
1
1
1
1
1
1
1
1
1
1
1
1
1
1
1
1
1
1.96509
1
1
1.9588
1
1.94582
1
1
1.96366
1
1
1
1
1
1
1
1.96571
1
1
1
1
1
1
1
1
1
1
1.9628
1
1.45285
1
1.96202
1
1
1
1
1
1
1
1.91177
2.00407
1
1
1
1
1.99955
1
1
1.99671
1.68819
1
1.94358
1
1
1
1
1
1.95844
1
1
1
1
1
1
1.32885
2.03078
1
1
1
1
1
1
1
1
1
1
1
1
1
1.86611
1
1
1
1
1
1
1
1.96119
1
1.98661
1
1
1.99102
1
1
1
1
1.9456
1
2.01638
1.98219
1.08212
1
1
1
1
1
1
1
1.9568
1
1
2.04485
1
1
1
1.96429
1
1.96681
1
1
1.89936
1
5.00508
1.96486
1
1
1
1
1.88377
1
1
1
1
2.00927
1
2.03992
1
1.95743
1
1
1
1.96559
1
1
1
1
1.46538
4.64525
1
1.47247
1
1
2.00117
1
1
0.999986
1
1.96435
1.90773
1
1
1
1
1.96335
1.96606
1
1
1
1
1
1
1
1
1
1
1
1
1
1
1
1.96133
1
1.95821
1
1
2.01153
1
1
1
1
1
1
1
1
1
1
1.95341
1
1
1.96316
1
1
1
1
1
1
2.03159
1
1
1
1
1
1
1.83284
1
1
1
1
1
1.84584
1
1
1
1.96055
1
1
1
1
1
1.99301
1
1
0.999988
1
1
1
1
1
1
1
1
10.5182
1
1
2.0551
1
1.9616
1
1.8481
1
1
1
1
1
1
1
1
1.99305
1.95929
1
1
1
1
1
1
2.0166
1
1.96216
1
1
1
1
1
1
1
1
1.96358
1.96104
1
1
2.01118
1.96375
1.95937
1
1
1
1
1
1
1
1
0.999997
1
1.04529
1.86668
1
1
1
1
1
1.95884
1
1
1.96734
1
1.68083
1
1
1
1.8831
1
1
1
1
1.99494
1.96354
1
0.999863
1
1
0.999954
1
1
1
1
1
1
1
1
1
1
1.96452
1
1.9093
1
1
1.96383
1
1
1
1
1
0.999838
1
1
1
1
1
1.96411
1
1
1
1
1
1
1
1
0.999907
1
1
1
1
1.96035
1
1
1
1.95978
1
1
1
1
1
1.96018
1
1.96644
1
1.8526
1
1
1
1.96141
1
1
2.01842
1
1
1
1
1
1
1
1
1
0.999947
1
1
1.94274
1.96432
1.81807
1.96352
1.8167
1.80879
1
1
1
1.96012
1.95845
1
1
1
1
2.00532
1.8368
1
1
1
1
1
1
1
1
1.93291
1
1.95869
1
1.96424
1
1
1
1
1.97787
1
1.95766
1
1
1
1
1
2.0696
1
1
1.88767
1
1
1
1
1
1
2.0034
1
1.23899
1
1
1
1
1
1
1.83228
2.02324
1
1
1
1.96387
1
1
1
1.9606
2.00536
1
1
1
1
1.9029
1
1
1
1.85828
1
2.10776
2.0029
1
1
1
1
1
1
1
1.96109
1
1
1
1
1.00491
1
1
1
1.95595
1
1
1
1
1
1
1
1
1
1
1
1.07966
1
1
1
1
2.11326
1
1
1
1
1
0.999999
1
1
1
1
1
1
1
1
1
1
1.95676
1
1
1
1
1
1
1
1
1
1
1
1.82968
1
2.01096
1
1
1
1
1
1
1
1
1
1.76195
1.96417
1
1
1
1
1
1
1
1
1
1
1
1
1
1.36585
1
1
1
1
1
1.95701
1
1
2.01815
1
1
1.88733
1
1
1
0.999917
2.01362
1.83144
1
1
1
1
1
1
1.99607
1
1
1
1
1
1.92594
1.9759
1
1
1.91535
1
2.01105
1
1
1
1
1
1
1
1
1.96012
1
1
1
1.89781
1
1
1.51551
1
1.97416
1
2.02467
1
1.74951
1
1
1
1.92204
1
1
1
1.03224
1.98087
1.95942
1
1
1
1.81955
1
1
1
1
1
1.96113
1.75094
1
1
1
1.91134
1
1
1
2.0142
1
1
1
2.03057
1
1
1
1
1
1
1
1
1
1.83554
1
1
1
1
1
1
1
1
1
1
0.999998
1
1
1
1
1
1.53513
1
2.00351
1
1
1
1
1
1.81894
1.8562
1
1
1
1
1
1
1
1
1.96333
1
1.41339
1
1
1
1
1.99982
1.93187
1
1.83465
1
1
1.9318
1
1
1
1
1.91273
1.95372
1.96797
1
1
1
1
1
1
1
1
1
1
1
2.02777
1
1
1
1
0.999999
1.95784
0.999989
1
1.98689
1
1
1
1
1
1
1
1
1
1
1
1
1
1.96549
1
1
1
1.84225
1
1
1
1
1
1
1
1
1.8478
1
1
1
1
1
1
1
1
1
1
2.0033
1
1
1
1.96103
1
1
1.96312
1
1
1
1.96283
1
1.96115
1
1
1
1
1.00919
1
1.82804
1
2.01742
1
1
1
0.999933
1
2.00588
1
1
1
1
1
1
1
1
1
1
1
1
1
1
1
1
1
1
1
1
1
1
1
1
1
8.74022
1
1.96469
1
1
1
1
1
1
1
1
1
1
1
1
1
1
1.82806
1
1
1
1
1
1
1
1
1.96369
1
1
1.95905
1
2.00858
1.96194
1
1
1
1
1
1
1
1
1.96148
1
1.87697
1
1
1
1
1
1
1
1
1.97457
1.8603
1
1
1
1
1
1
1
1
1
1
2.00343
1.65559
1
1.89872
1
1
1
1.90538
1
1
1
1
1
1
1.96456
1.8799
1
1.96174
1
1
1
1
1
1.96163
1
1
1
1
1
1
1
1
1
1
1
1
1
1
1
1
1.88919
2.00438
1
1
1
1
1
1
1
1
1
1
1
1
1
1
1
1
1
1
1
1
1.99824
0.999997
1
1
1
1
1
1
1.85559
1
1
1
1
1.96255
2.00549
1
1
1
1
1
1
1.963
1
1
1
1.98328
1.99566
1
1
1
1
1
1
1
1
1
1
1
1
1
1
1
1
1
2.02003
1.96463
1
2.02258
1
1
1
1
1
1
1
1
1
1
1
1
1
1.00018
1
1
1
1
1
1.95978
1
1
1
1
1.9623
1
1.89597
1
1
1
1
1
1
1.99942
1
1
1
1
1
1
1
1
1
1
1
1
1
1
1
1
1
1.9599
1
1
1
1
1
1
1
2.02157
1
1
1
1
1
1
1
1
1.9568
1
1
1
1
1
1
1
1
1
1
1
1
1
1
0.999925
1
1
1
2.02798
1
1
1
1
1
1
1
1
1
1
1
1.00261
1.96069
1
1
1
1
1.96264
1
1
1
2.02948
1
1
1
1
1
1
1
1
1
1
1
1
1
1
1.98088
1
1
4.5789
1.96185
1
1
1
1
1
1
1
1
1
1
2.0315
1.80674
1
1
1
1
1
1.96528
1.79206
1
1
1.96149
1
1
1
1
1.81472
1
1
1
1
1.99954
1.72648
2.06856
1
1
1
1
8.97865
1
4.5551
1
1
1
1
1
1
1
1
1
1
1
1
1
0.999995
1.96012
1
1
1
1
1
1
1
1
1
1
2.00901
1
1
1
1
1
1
1
1
1
1
1
2.0013
1
1
1
1
1
1
1.99887
1
1
1.9626
1
1.95519
1
1
1
1
1
1
1
1.99328
1.8414
1
1
2.06193
1
1
1
2.07042
1
1
1.42804
1
1
1
1.96138
1
1.97321
1
1
1
1
1.90485
1
1
1
1
1
1
1
1
1
1
1
1
1.96011
1
1
1
1
2.0033
1
1
1
1.96562
1
2.00408
1.96073
1
1
1
1
1.99846
1
1
1
1.93062
1
1
1
2.11139
1
1
1
1.95934
1
1
1.90655
1.96189
1
1
1
1
1
1
1.99917
1
1
1
1
1
2.00581
1
1
1
1
1
1
1.95514
1
1
1
1.7171
1
1
1
1.95841
1
1
1
1
1
1
1
1
1
1
1.99178
2.01348
1
1
1.07551
1
1
1
1
1
1
1
1
1
1
1
1
1
1
1
1
1
1
1.76487
1
1
1.8494
1
1
1
1
1
1.80497
1.99506
1
1
1
1
1
1.95915
1
1
1
1
1
1.98826
1
1
1
1
1.96016
1
0.999935
1
1
1
1
1.96211
0.99997
1
1.95837
1
1.97415
1
1.91577
1.90439
1
1
1
1
1
1
1
1
1
1
1
1
1
1
1
1
1
1
1
2.00061
1
1.95615
1
1.25731
1
1
1
1
4.27132
1
2.05516
1.94453
1
1
1.96177
1
1
1
1
1.83868
1.3337
1
1.9585
1.93151
1
1
1
1
1
1
2.02708
1.95576
1
1
4.62555
1
1
1
1
1
1
1
1
1
1
2.05999
1
1
1.95887
1.96681
1
1
2.06078
1
1
1
1
1.90746
1
1
1.9641
2.00657
1
1.0005
1
1.94306
1.96449
1
1
1
1
1
1.96468
1
1
1
1.94061
1
1.99988
1
1
1
1
1
1
1
10.4605
1
1
1
1
1
1
2.04052
1
1
1
0.999942
1
1
1.48898
2.01085
1
1
1
1
1
1
1
1
1.93446
1
1
1
1
1
1
1
1
1
1
1
1
1
1
1
1
1
1
1
1
1
1
2.03221
1.96741
1
1
1
1
1
1
1.42707
1
1
1
2.04301
1
1
1.00718
1
1
1
1
1
1
1
1
1
1
1
1.90969
1
1
1.95973
1
1
1
1
1.94692
1.98157
1
1
1
1
1.96076
1
1
1
1
1
1
2.11046
1
1.96672
1
1
1
1
2.01223
1
1
1
1
1
1
1
1
2.08375
1
1.96984
1
1.11305
1
1
1
1
1
1
1
1
1
1
1
1
1
1
1
1.95747
1.99328
1
1
1.65204
1
4.55895
1
1
1.99865
1
1
1
0.999965
1
1.89002
1.96187
1
1
1
1
1.96791
2.00827
1.96007
1
1
1
1
1
1
2.01482
2.0691
1
1
1
1.96136
1
1
1.95853
1
1
1
1
1.95852
1
2.01637
1
1
1.76854
1.79853
1
1
1
1
1
1
1
1
1
1
4.65128
1
2.01524
1
1.96284
1
1
1.96105
1
1
1
1
1
1.02922
0.999884
1
1
1
1
1.97901
1
0.999803
1.87247
1.96124
1
1
1
1
1
1
1.96213
1
1
1
1
1
1
1
1
1
1
2.0018
1
1
1
1
1
1
1.99349
1
1
1.55195
1
1
1
1
1
1
1
1
1
1
1
1
1
1
1
2.05771
1
1
1
1.82242
1
1
1
1.07244
1
1
1
1
1
1.9571
2.051
1
1.96242
1
1
1
1.91116
1
1.96532
1
1
1
10.5709
1
1
1
1
1
1
1
1
1
1
1
1
0.999878
1
1
1
1
1
1
1
1
1
1
1
1
1
1
1
1
1
1.83705
1
1
1
1
1
1.80923
1.96771
1
1
1
2.03295
1
1
1
1
1.95543
1
1
1
1
1
1
1
1
1
1
1
1.90347
1
1
1
1
1
1
1
1
1
2.08023
1
1.98405
1
1
1
1.95759
1
4.58786
1
1
1
1.99658
1
4.62404
1
1.95959
1
1
1
1
1
1
0.999822
0.999863
1
1
1
0.99995
1.99171
1
1
1
1
1
2.05008
1
1.30002
2.05113
1
1
1.86695
1.95235
1
1.89541
1
1
1
1
1
1
1
1
2.00525
1
1.88596
1
1
1
1
2.00315
1
1
1
1.69244
1.96321
1
1
1
1
1
1
1
1
0.999899
1
1
1
1
1
1
1
1
1
1
1
1
1
1
1
1
1
1
1
1
1
2.05152
1
1
1
1
1
1
1
1
1
1
0.999996
1
1
1
1.8231
1
1
1
1
1.05636
1
1
1
1
1
1
1
1
1
1
1
1
2.09027
1.95708
1
1
1
1
1
1
2.01633
1
1
1
1
1
1
1
1
1
1
1
1
1
1.74252
1
1.95565
1
2.10579
1
1
1
1
1
1
1
1
2.00254
4.51537
1
1
1
1
1
1
1
1
1
1.00013
1.98239
1
1
1
1
1
1
1
1
1
1
2.05049
1
1
1
1
1
1
1
1
1
1
1
2.07006
1
2.04001
1
1
1
1
1
1
1
1.96918
1.90754
1
1
1
1.96307
1
1
1
1
1
1.95838
1
1
1
1
1
1
1
1
1
1
1
1
1.95686
1
1
1
1
1
1
1
1
1
1
1.96259
0.999869
1
1
1
1
4.6152
1
0.999999
1
1
1
1
1
1
1
1
1
1
1
1
1
1
1
1
1
1
1
1
1
1.72345
1
1
1
1.82157
1
1
1
1
1
1.95992
1.99252
1
1
1
1
1
1
1
1
1
1
1
1
1
1
1
1
1
1
1
1
1
1
1.14378
1
1.00914
1
1
1
1
1
1
1.96501
1.96314
1
1
1.96489
1
1
1.99176
1
1
1.81527
1
1
1
1.96839
1.99279
1
1
1.95608
1
1
1.9639
1
1
1
1
1
1
1
1
1
1
1
1
0.999811
1
1
2.00742
1.96222
1
1
1
1
1
1
1
1
1
1
1
1
1
1
1.73719
1
1
1
1
1
1
1
1
1
1.96811
1
1
1
1
2.00396
1
1
1
1
1
1.96108
1
1
1
1
1
1
1
1
1.96099
1
2.02036
1
1
10.3868
1
1
1
1
1
1
1
1
1
1
1
1
1
1.3399
1
1
1
1
1
1
1
1.96317
1.00665
1.89881
1
1
1.9607
1
1
1
1
1.96407
1
1
1
1
1
1
1.96576
1
1.04326
1
1
1
1
1
1
7.46939
1
1.96348
1
1
1.81443
1
1
1
1.96117
2.09534
1
1
1
1
1
1
1
2.05362
2.04451
1
2.0686
1
1
0.999943
1
1
1
1
1
1
1
1
1
1
1
1.82315
1
1.08939
1.95862
1
1
1
1
1.71901
1
1
1
1.58261
1
1
1
1
1
1
1
1.99997
1
1
1
0.999967
1
1
1
1.95346
1
1
1
1
1.8209
1
1
1
1.85834
1
1
1
1
1.79645
1
1.84066
1
1
1.00425
1
1
1
1
8.3009
1.96258
1
1
9.13549
1
1
1.96279
1
1
1
1
1
1
1
2.00819
1
1
1
1.96209
9.29895
1
1
1
1.99984
1
1
1
1
1.95924
1
1
1
1
1
1
1
1
1
1
1
1
1
1
1
1
1
1
1.96456
1
1
1
1
0.999949
1
1
1
1
1
1
1
1
1
1
1
1
1
1
1
1
1
1
1
1
1
1
9.21825
1
1.96542
1.9605
1
1
1
1.72993
1
1
1
4.58137
1
1.96317
1
1
1.95957
1
1
1.99296
1
1
1.84625
1
1
1
1
1
1
1.07088
2.00204
1
1
1
2.01303
1
1
1
1
1
1
1
1
1.99162
1
1
1
1
1
1
1
1
1
1.96083
1
1
1
1
1
0.999983
1
1
1
1
1
1.00043
1
1
1
1
1.96713
1
1
1
1
1
2.00938
1
1
1
1
8.95725
1
4.72833
1
1
1
1
1
1
1
1
1
1
1
2.00322
1
1
1
1.04127
1
1
1
1
2.01328
1
1
1
1
1
1.34791
1
1.90354
1.99757
1
1
1
1
1.96283
1
1
1
1
1
1
1
1
2.01868
1
1
1
1
1.69998
1
1
1
1
1
1
1
1
1
1
1
1
1
1
1
1
1
1.96683
1
1
1.96523
1
2.07793
1
1
1
1
1
1
1
1
1
1
1
1
1
1
1
1
1
1
0.999932
4.67916
1
1
1
1
1
2.00208
1
1.43082
1
9.14614
1
1.057
1
1
1.99876
1
1
1
1
1
1
1
1
1
1
1.82577
1
1
1
1
1
2.01059
1
1
1
1
1
1
1
1
9.06333
1
1
1
1
1
1
1
2.01564
1
1
1.31263
1
1
1
1
0.999988
1
1
1
1
1
1
1
1
1
1
1
1
1
1.95058
1
1
1
1
1
1
1
1
1
1
1
1
1
1
1
1
1
1
1
1
1
1
1
1
1.84244
1
1
1
1.96461
1.96415
1
1
1
1
1
1
1
1.95856
1
1
1
1
1.44012
1
1
2.00804
1
1.78131
1
2.0231
2.06021
1.96999
1
1
1
1.96187
1
1
1
1
1
1
1
1
1
0.999996
1
1
1
1
1
1.89583
1
1
1
1
1
1.9566
1
1
1
1
1
1
1
1
1
1
1
1
1
1
1
1.00238
1
1
1
1
1
1
1.95942
1
1
1.43085
0.999941
1
1
4.70814
1
1
1
1
1
1
1
1
1
1
1
1.96493
1
1.99298
1
1
1
1
1
1
1
1
1
1
1
1.99374
1
1
2.06367
1.9622
1
1
1
1
1
1.75693
1
1
1
1
1.27291
1.96009
2.01254
1
1
1
1
1
1
1
1
1
1
1
1
1
1
1
1
1
0.99996
1
1.97093
1
1
1.88286
1.96043
1
1
1
1
1
1.96552
1.96313
1
1.96493
1
1
1.99584
1
1
1
1
1
1
1
1.98138
1
1
1
1
1
1
1
1.96358
1
1
1
1
1
1
1.95836
1
1.96728
1.96349
1.96271
1
1
1
1
1
1
1
1
1
1
1
1
2.06987
1
1
1
1
2.01045
1
1
1.95973
1
1
1
1
1
1
1
1.74488
1
1
1
1.00182
1
1
1
1
2.06465
1
1
1
1
1
1
1
1
2.01642
1
1
1
1
1
1
1
1
1
1
1.71385
1
1
2.08363
1
1
1
1
1.95643
1
1
1
1
1
1
1
1
1
0.999999
1
1
1
1
2.06906
1
1
1
1
2.06765
1
1
1
1
1
1
1.99622
1
1
1
1
1
1
1.96333
1
1
4.61381
1
1
1
1
1
1
1
1
1.96247
1
1.82907
1
1
1.95751
1
1.95732
1.95376
1
1
1
1
1
1
1.218
1
1
1
1.9587
1
1.95923
1
1.96854
1
1
1.95965
1
1
1
1
1
1
1
1
1
1.84409
1
1
1
1
1
1
1
1
1
1
1
1
1
1
1
1
1
1.88677
1
1
1.9555
1
2.0738
1
1
1
1
1
1
1
1
1
1
1
2.00489
1
1
1
1
1
1
1
1
1
1
1
1
1
0.999977
1.83052
1
1.84995
1
1
1
1
1
1
1
1
1
1
1.98947
1
1
2.07356
1
1
1
1
1
1.96174
1
1
1
1
1
1
1
1
1
1.96444
1
1
1
1
1
1
1
1
1
1.96401
1
1
0.999991
1
1
1
1
1
1
1
1.73127
1
1
1
1
1.85435
1
1
1
1
1
1
1
1
1
1
1
1
1
1
1
1.22946
1
1.96232
1
1
4.63708
1.99846
1
1
1
1
1
1
1.97484
1
1
1
1
1
1
1
1.8485
1
1
2.07249
1
1
1
1.95664
1
1
1
1
1
1.95881
1
1
1
0.999988
1
1.98167
1
1
1
1.9833
1
1
1.95885
1
1
1
9.17578
1
1.884
1
1
1
1
1
2.00197
1.97278
1
1
1
1.80115
1
1
1
1
1
8.88933
2.01444
1
0.999969
1
1
1.95702
1
1
1
1
1
1
1
1
1
1
1.96353
1
1
1
1.82276
1.96209
1
1.95685
1
1
1.96227
1
1
1
1.82882
1
1
1
1
1
1
0.999968
1
1
1
1
1
1
1
1
1
1
1
1
1.96752
1.95759
1
1
1
1
1
1
1
1
1
1
1.96571
1
1
1
1
1
1
1
1.69114
1.96927
2.05579
1
2.04683
1
1
1
1.99366
1.96461
1.96339
2.06433
1
1.95672
1.72298
1
1
1
1
1
1
1.70915
1
1
1
1.20216
1.9701
1
1
1
1
1
1
1
1
1
4.68108
1
1
1
1
1
1
1
1
1
1
1.72042
1
1
1
1
1
1
1
1.98266
1
1
1
1
1
1
1
1.89291
1
9.04489
1.96063
1
1
1
1
1
1
1
1
1
1
1
1
1
1
1
1
1
2.01303
1.99544
1.95803
1
1
1
1
1
1
1
1
2.10325
1
1
1.82643
9.20538
1.96109
1
1
1
1
2.00438
1.96275
1
1
1.96795
1
1
1
1
1.97239
1
1
1
1.91269
1
1
1
1
1
1
1
1
1.84601
1
1
1
1
1
1
1
1.76703
1
1
1
1
1
1
1
1
1
1
2.00541
1
1
1.45197
1
2.07353
1
1
1
1
1
1
1
1
1
1
1.95629
1
1
2.0858
1.8172
0.999889
1
1
1
1
1.80252
1
1
1
1
1.96382
1
1
1.96119
1
1
1
1
1
1
1
2.0207
1
1.85291
1.96295
1
2.04557
1
1
1.96634
1
1
1
1
1
1
1
1
1.96153
1
1
1
1
1.96621
1
1
1
1
1
1
1.96143
8.60754
1
1
1
2.02331
1
1
1
1
1
2.01594
1
1
1
1
1
1
1.49389
1
1
1
1
1
1.95972
1.96383
1
1
1.96205
1
1
1
1
1
1
1
1
1
1
1.96394
1
1
1
1
1
0.999998
1
1
1
1
2.037
1
1
1
1
1
1
1
1
1
1.96274
1
1
1
1.98711
1.7994
1
1.95816
2.07265
1
1
1
1
1
1
2.07139
1
1
1
1
1
1
1
1
2.00164
2.04193
1
1
1
1
1
1
1
1
1
1
1
1.96486
1
1
1.73416
1
1
1.96168
2.16937
1
1
1
1
1.96643
1
2.00349
1
1
1
1
1.82138
1.96189
1
1
1
1
1
1
1
1
1
1
1.95251
1
1
1
1
1
1
1.8717
1
1
1
1
1
1
1.78608
1
1
1
1
1.0178
1.993
1
1
1.95507
1.85817
1
1
1
1
1
1.9912
1.96398
1
1
0.999985
1
1.89979
1.9668
1
1
1
1
1
1
1
1
1
1.81093
1
1.97816
1.8918
1.00025
1
1
1
1
1
1
1.96126
1
1
2.0507
1
1
1
1
1
2.00108
1
1.96297
1
1
1
1
1
1
1
1
1.99553
1
1
1.95813
1
1
1
1
1
1
1
1
1
1.96072
1
1
1
1
1
1
1.95531
1
1.98364
1
1
1
1
1.96096
1
1
0.999944
1.96362
1.79165
2.02341
2.02355
1
1
1
1
1
1
1.96533
1
1
1
1
1
1
1
9.08487
1
1
1.96239
1.96017
1
2.02796
1
1
1.96593
1
1.80203
1
1
1
1
1
1.96178
1
1
1
1
1
1
1
1.96212
1
1
1
1
1
9.12394
1
1
1
1.90029
1
1
1.70514
1
1
1
1
1
1.43395
1
2.02261
1
1
1
1
1
1
1
1.67625
1
1
1
1
1
1
1
1
1
1.69925
4.65314
1.95871
1
1
1
1.43499
1
1
1.96266
1
1
1
1
2.00062
1.968
1
1
1
0.999999
1
2.09599
1
1
1
1
1
1
1
1
1
1
1
1
1
1
1
1.96018
1
1
0.999987
1
1
2.00739
1
1
1
1
1.96455
2.01089
1
1
1
1
1
1
1.71541
1
1
1
1
4.16102
1
1
1
1
1
1.79493
1
1
1.97051
1
1
1
1
1
0.999935
1
1
1
1.86417
1
1
1.02101
1.43762
1
1
1.96101
1
1
1
1
1
1
1
1
1
1
1
1.99643
1
1
1.9558
1
1
1
1.9568
1
1
1
0.999992
1
1
1
1.89098
1
1.95962
1.94769
1
1
2.00756
1
1.83565
1.95656
1
1
1
1.88534
1.9892
1
1
1
1
1
1
1.96692
1
1
1
1.83493
1
1
0.999976
1
1
2.00683
1
1
1
1.89261
1
1.96025
1
1.83128
0.999895
1.96142
1
1
1
1
1
1
1
1.13959
1.96391
1.89572
1
2.01244
1
1
1
1.96195
1.28501
1.9938
1.98006
1
1
1
1
1
1
1.95926
1.89127
1.96166
1
1.83857
1.88849
1
1
1
1
1.841
1.95164
1.80777
1
1
1
1
1
1
1.96278
1
1
1
1
1
2.00005
1
1
1
1
1
1
1
1.96357
1
1.96618
1
1.96219
1.99629
4.65676
0.999999
1
1
1
1
1.96255
1.86164
1
1.77991
1
1
1.81547
1.99489
1.8502
1
1
1
1.8107
1
1
1.70366
1
1.95846
1
1
1
1
1
1
1.9598
9.18329
1.84717
1
1
1
1
1
1.48857
1
1.87787
1
1.99097
1
1
1
1
1.94281
1
1
1
1
1
1
1
1
1
9.1933
1
1
1
1
1
1
1.42814
1
1
2.02173
1
1
1.85596
1.86461
1
1
1
1
1
1
1.96408
1
1
1
1
1
1
1
1
1
1
1
1
1.8596
1.96273
1.74496
1
1.99949
1.99359
1
1
1
1
1
1.135
1
1.41118
1
1.99735
1.95273
1
1
1
1
2.01251
1
0.999983
1
1
1.95599
1.88596
1
2.01343
1
1
0.999996
1.96491
1
1
1
1
1.96219
1.96789
1
1
1
1
1
1
1.86143
1
1
1.86158
1
1
1
1
1.95996
1
1
2.09439
1
1.89227
1
1.98386
2.02039
1.96769
1
1
1
1
1.86548
1
1.98402
1.89275
1.83948
1
1
1.96347
1
1
1.90344
1
1
1
1
1
1
1
1
1
1
1
1.95879
1
1
1
1.01737
1
1
1
1
1
1
1
1.9881
1
1.95799
1
1
1.95955
1
1.65109
1
1
2.03389
1
1
1
1
1
1
1
1
1
1
1
1.96118
2.03617
1
1
1.96011
1
1.91312
1.77543
1
1
1
1
1.99503
1
1.96459
1
1
1
1
1
1
1
2.02747
1.964
1
1.96216
1
1.95477
1.76389
2.03868
1
1
1
1
1.9556
2.01567
1
1
1
1
1
1
1.96355
1.94471
2.01528
2.06447
1
1.87754
1
1
1.98423
1
1
1.95439
1
1
1
1
1
1.96146
1
1
1.85254
1
1
1
2.02306
1.96802
1.89272
1.95592
1
1
1
1.96539
1.5996
1
0.999999
1.00018
1.96099
1.78257
1
1
1.9622
1
1
1
1.88188
2.24534
1
1.43794
1.88076
1.9634
1.96233
1
1
1.96372
1
1.00121
1
1
1.96001
1
1
1
1.89018
1
1
1
1
1.84485
1.88657
1
1.91974
1
1
1.96403
1
1
1
1.96392
1.952
1
1.96017
1
1.96023
1
1
1
1
0.999999
1
1
1
1
1
1.97028
1
1
1
1
1.85532
0.99997
1
1
1
1
1.1478
1
1
1
1
1.76901
1.76264
1
1.95946
1
1
1
1
1
1
1.95879
1
1.95868
4.66402
1
1
2.07574
1.86336
1
1
1
1.82299
1
2.00341
1
1
1.95914
1.95879
1
2.01912
1
1
1
1
1
1.96163
1
1
1.95952
1.88313
1
1
1
1
1
1.88119
1
1
1.95112
1.96364
4.65632
1.96236
1.99385
1
1
1
1
1
1.82981
1
1
1
1
1
1
1
1
1.96173
1
1
1
1
1
1
1
9.10439
1.854
1
1
1
1
1
1.94276
2.02414
0.999935
1.84688
1
1.96859
1.0175
1
1
1.79673
1.96198
1
1
1
1.96136
1.96551
1
1
1
1.8546
1
1
1.9592
1
1
1
1
1
1
1.95483
1
1
1.94997
1.70187
1.96711
1
1
1
1
1.96311
1
1
1.94283
1.96316
1.96119
1
1
1
1.96436
1.96335
2.01244
1
1
1
1.96738
1.8916
1
1
1
1
1.96553
1
1
0.999967
1.96603
1.77766
0.999983
1.96597
2.03676
1
1.9644
1
1
1.96046
1
1
1.96309
1
1
1
1
1
1
1
1
1
1.81363
1
1
1.9641
1
1
1
1
1.83661
1
1.95906
1.99784
1
1
1
1.96079
1
2.00639
1.96525
1.81507
1.15119
1
1.71557
1.96246
1
1
1
1
1
1
1
1.96338
1.78531
0.999895
0.999992
1
1.84255
1.96547
1
1
1.96518
1.8238
1
1.96233
1
1.95727
1
1
1.79605
1.95769
1
1
1.76723
1
1.79097
1
1
1.95927
1
1
1
1.96149
1
1
1
1.99391
2.01504
1
1
1.96439
1
1
1
0.999991
1
2.07021
2.03958
1.90095
1
1
2.01651
1.99628
1
1
1.86482
1
1
1.95609
1
1
1
1.96681
1
1
1.96187
1
1
1
1
1
1
1.83067
1.98343
1
1.95894
1.96021
1
1
2.07769
1
1.71845
1.96383
1.96227
2.10914
1
1
1
1
1
1
1.95821
1.82945
1.99162
1.9614
1
0.999995
1
1.96821
1.83297
1.86736
1.992
1.96281
1.99043
1
1.97244
1
1
1.96432
1.95991
1
1.96049
1
1
1.96389
1
2.01701
1.829
1
1
1.83193
1
1.96326
1
1.85264
1.78002
1.9596
1
4.55203
1.96465
1
1
1
1.96604
0.999943
1
1.96399
1
1
1.78098
1
1
1
1.94811
1.81825
1.96069
1
1.99264
1
1
1
1
1
1
1
1
1.82654
1.73704
1
1
1
1
1.96641
1
2.00826
1
1
1
1
1
1
1
1
1
1
1.96913
1
1
1.95013
1.79112
1.96453
1
1.74926
1
1.96578
1.97172
1.96091
1
1
2.00039
1.99458
1
1
2.0027
4.63762
1.96387
1
1
1
1
1.95883
1
1
1.84412
1.96223
0.999971
1.98704
1
1.96466
1.96228
1.95879
1
1
1
1
1
1
1.83826
1.96034
1.96592
1.95747
1
1.93497
1.72986
1.96557
1
1
1
1
1
1
1.92099
1.95313
0.99995
1.95939
1.96265
1
1
1
1.96098
1.86138
1
1
1
1
1.98946
1
1.98168
1
1
1
1.8041
1
1
1
1
1
1
1
1
1
1
1
1
1
1
1
1
1
1.96199
1.95919
1.95674
1.96023
1
1
2.00862
1.95823
1.96093
1.81428
1
1
1
1
1.96448
1
1
1
1.96462
1
1
1.96515
1
1
1
1
2.09013
1.95906
1
1.96141
1.79427
1
1
1
1
0.999934
2.00913
1
1
1
1.94364
1.90689
1
1.96148
1
1.96164
1.96242
1
1.99022
1.96692
1.96492
1
1
1
1
1
1
1
1
1
1
1.78958
1
1
1.96305
1.82892
1
1
1
1
1
1
1.96377
1
1
1
1.95698
1
1
1.96027
1.927
1.95667
1
1
1
1.96117
1.95868
1
1
1.95357
1
1
1
1.78936
1.96073
1
1
1
1
1.95557
1
1
1
1
1
1.4351
1
1
1
1.96494
1.73017
1
1.96147
1.96405
1.96036
1
1
1
1
1
1
1
1.96927
1
1
1
1.43539
1.96162
7.47648
1
1.95906
1
1
1.96041
1
1.96812
1.96203
1.90029
1
1
1
1.00012
1.95869
1
1
1
1
1
1
1.95778
1.95182
1
1
1
1
1
1
1
1
1
1.99725
1
1
1.99055
1
1.96592
1
1
1.96494
1
1.96516
1
1
1
1
1
1.96236
1
1
1
1
1
1.93634
1.81796
1
1.96396
1
1
1
1.96405
1.8496
1
1
1
1
1.96719
1.96703
1
1
1.7421
1
1.98224
1.94722
1.95744
1
1
1.96471
1
1
1.96435
1
1
1.96267
1
1
1
1.96062
1.9542
1.95886
1.88838
1.96548
1
1.96055
1
1
1
1
1
1
2.03634
1
1
1
1.98741
1.88046
1
1
1.95981
1
1.95497
1
1.9617
1.96022
1
1
1
1
1
1
1
1.96326
1.97116
1
1
1
1
1
1.96054
1
1
1
1.95931
1
1.88141
1
1
1
1
2.09247
1
1.98638
1
1.91129
1
1
1.96911
1
1
1.96205
1
1.91219
1.96016
1.96339
1
1.95829
2.08021
1
1
1.45615
1.95515
1
1
1
1.96101
1.96418
1.96042
1
1
1.95919
1
1
1
1.9675
1
1.96879
1.96304
1
1
1
1.9605
1
1
1.96379
1
1
1.96514
1.95602
1.81498
1
1.96162
1
1
1.92746
1
1
1
1
1.96473
1.95873
1
1.95979
1
1.96044
1
1.95662
1
1
1.27888
1.96297
1
1
1
1
1
1
1.96467
1
1
1
1
1
1
1
1.9571
1.95726
1.89559
1.95703
1
1.95668
1
1
1
1.95957
1.99583
1
1
1.7153
1
1
1
1.95546
9.61934
1
1
1
1
1
1
1
1
1
0.999923
1.03183
1.96251
1.95553
1.8562
1.79448
1.93551
1
1.96123
1.81439
1.96313
1
1.95543
1
1.96632
9.17423
1
1
1.96756
1
9.16624
1
1
1
1
1.92191
1
1
1.95843
1.97641
1
1.96654
1.88398
1
1
1.95805
1
1.95983
1
1
2.02101
1.97218
1
1
1.8166
1
1.96168
1
1
1
1
1
1.96428
1
1
1
1.96341
1.94789
1
1
1
1
1.89579
1.95661
1
1.81878
1.96586
1.96247
1.94825
1
1.80483
1.57717
1.96526
1
1.96561
1
2.03506
1
1
1
1
1.96996
1.95128
1
1.86492
1.96586
1
1
1.77944
1.56699
1
1
1
1
1.965
1
1.97355
1
1.88626
1
1
1
1.85909
1.96407
1
1.96083
1.95722
1
1
1
2.01939
1
1
1.95634
1
1
1
1.96469
1
1
1
1.9666
1
1
1.95851
1.96028
1.85546
1
1
1
1
1.9639
1.00944
1
1.95977
1
1.96065
1
1
1
2.05597
1.80658
1
1
1.72048
1.9612
1
1
1.79981
1
1
1.96319
1.96315
1
1.85394
2.01407
1.85772
1
1
1.96093
1.90155
1
1
1
1
1.95837
1
1
0.999969
1
1.95812
1
1.84925
1
1
1
1
1
1
2.0581
1
1
1.96411
1
1.96285
1
1.86119
1
1
1.96093
1.96823
1.95327
1
1.96151
1.994
1.88722
1
1.88574
1.72187
1
1
1
1
1
1.88608
1
1.03887
1
0.999984
1
9.53762
1.9585
1
1.93363
1.95995
1.96526
1
1
1
1
1.80104
1
1
1
1
1
1
1
0.999984
1
1.71152
1.96115
1
1.96835
1
1
1.9626
1.95869
1.96206
0.999996
1.96225
1.89252
1
1
1.95553
1
1
1
1
1.9612
1
1
1
1
1
1.98621
2.30053
1
1
1
1
1
1
1
1
1.86215
2.00608
1.95708
1.85392
1
1.95195
1
1.96368
1
1
1
1.81095
1.10091
4.65026
1.95945
1.95436
1
1.98583
1.00067
1
1.95144
9.15126
1.96017
1.72469
1
1
1.95977
1
1.95773
1
1
1
1
1.96529
1
1.96184
1.96065
1.99858
1
1
1.96285
1
1
1
1
1
1
1.82366
1
1
1
1.96214
1
1
1.98692
1.90077
1.27853
1.96519
1
1.96736
1.96253
1
1
1.96216
1
1
1
1
1
1
1.96031
0.999888
1
1.96072
1
1
1.95317
1
1.95817
1
1.51315
1.9642
1
9.05589
1.85934
1
1
1
1
1
1
1
1.96327
1.96263
1.96128
1.95999
1
1
1
1.99161
1
1
1.96671
0.999899
1
1.95385
1
1
1.99733
1.95992
1
1.9596
1.90031
1
1
1
0.999996
1.89023
1.95872
1.84863
1
1
1.93218
1
1.96526
1.95618
1
1
1
1.96347
1
1
1
1
1
1.95867
1
1
1
1.96375
1.9659
1.96539
1.96244
1.96249
1
1.97417
1.96329
1
1.96118
1.96066
1
1
1
1.42922
1.96138
0.999935
1.82487
1.9624
1.80643
1
1
1
1
1
1.9648
1
1.9555
1
1.96347
2.0192
1
1.9616
1
1
1
1
1
1.96239
1.72108
1
1
1
1
1.95524
1.85554
1.83585
1
1
1
0.999999
1
1
1
1.79397
1.87401
1
1.96797
1
1
1
1.83347
1
1
1
1
1.96162
1.79566
1
10.455
1
1.96092
1
1.9652
1.96077
1.98782
1
1
1.96537
1
1
1
1.96089
1
1
1
1
1
1
1
1.96846
1
1.96352
1
1.96919
1
1.96437
1
1
0.999978
1
1
1.866
1
1
1.95289
1.96717
1
1
1.95277
1.96581
1
1.9569
1
1.96118
1.96147
1
1.95925
1
1
1
1
1.82114
1
1
1.95983
1.85558
1
1
1.96539
1
0.999995
1
1
1.96091
1
1.87764
2.06068
1.96318
1.96525
1
2.01296
1.94994
1.4272
1
1.95933
1
1.86141
1.8981
1.96333
1.96765
1.95942
1.96353
1
1.96137
1
1.75929
1
1
1
1.9574
1
1.30601
1
1.96837
1
1
1
1.96652
1
2.00467
1
1
0.999996
1.92448
1
1.96568
1.96352
1.86013
1.96106
1
1
1.96543
1
1
1
1.96037
1.96438
1
1.08619
1.96791
1
1.95653
1
9.55579
1.96191
1
1.9577
1
1.96155
1.71718
1.95997
1.95712
1.93584
1
1.84886
1
1
1
1
1
1.96187
1
1
1
1.90017
1
1
1
1
1.95591
1.96122
1
1.98381
1.96131
1
1.83509
1
2.01521
1.96569
1
1
1.96519
1.86654
1
1.17948
1.96235
1.95889
1
1
1
1.90071
1
1
1
1.96159
1
1.89875
1
1
1
1
1.9677
2.01348
2.0026
1
1
1
1
1.85554
1.99057
1
1
1.96322
1.96059
1
1
1
1
1.96327
1
1
1
1
1
1.82748
1
1.96248
1
1
1
1.9635
1.83497
1
1
1.96535
1
1
1
1.96229
1
1
1.84049
1
1
1.85846
1
2.00815
1.95764
1
1.79878
1.96961
0.999998
9.15031
1
1
1
1.89089
1
1
1
1
1.96452
1
1.9693
1
1
1.9664
1
1
0.999966
1
1.95677
1
1
1.95906
1.97213
1.96541
1.96214
1
1
1.86835
1
1.71343
1.84975
1
1
1
1
1
1.96544
2.01766
1
1.96339
1
1.8323
1
1
1.96152
1.95716
1
2.0175
1
1
1
1
1
1
1.96668
1.95679
1
1
1
1
1.96557
1.84906
1
1.83956
1.96458
1.95947
1
1
1.96267
1
1.95898
1
1.86248
1.96151
1.97683
1
1.96179
1.96359
1.96225
2.04062
1
0.999869
1
1.82665
1
1.96022
1.96402
1
1
1
1.95621
1
1.96145
1
1
1
1
1.96232
1.95929
1
1.96077
1.96402
1
1.79464
1
1
1.95907
1
1.95398
1.97332
1
1.97097
1.96741
1.96525
1
1
1.91105
1.96413
1
1
1.96916
1
1.84261
1
1
1
1
1
1
1
1.96182
1.9639
2.01122
1
1
1.30983
1
1
1.9552
1
1
1
1.8512
1
1
1
2.02768
1.96188
1.94997
1
1.96963
1
1.95882
1.00931
1.95766
1
1
1.85444
1
1.95896
1.84375
1
0.999999
1
1.96132
1
1.845
1.95877
0.999999
1
1
1
1
1.72111
1.96516
1
1.96387
1.8429
1
1
1.96115
1
1.95404
1
1
1.96149
1
1.71491
1
1
2.03806
1.96245
1.85851
1.87189
1.9614
1
1
1.96106
1
1
1
1.9617
1.95273
1
2.03851
1.00384
1.87609
1
1
2.02577
1.96085
1
0.999993
1.91183
1
1.00106
1.92754
1.9577
1.96516
1.95349
1
1
1.96459
1.87741
1
1
1.96152
1.95529
1.71448
1.9634
1
1
1
1
1
1.96702
1.96325
1.97265
1
1.84451
1
1.87566
1.6682
1.96505
1.96593
1
1
1.84585
1
1
1
2.04869
1
2.03044
1
1
1
1.93805
1
1
1
1
1.95693
1.96011
1.96308
1.96125
1.90497
1
1
1
1.96124
1
1.87723
1.96997
1.87104
1
1
1.8873
1.96023
1
1.97029
1
1
1.96773
1
1
1
1
1
1
1
2.02051
1.86001
1.96147
1
1
1.95951
2.10644
1
1.96242
1.95913
1.96948
1
1
1
1.95329
1.85496
1
1
1
1
1
1.9632
1
1.74763
1
1.96729
1
1
1
1
1
1
1.93533
1.96161
1.96341
4.64756
1
1
1
1.9615
1.95867
1
4.65439
1.96175
1
1
1.95622
2.07406
1
1
1
1
1
1.95438
1.83513
1.9598
1.95832
1
1.96745
1.9658
1.96369
1
1
1
1.95805
1.9609
1
1
1.96539
1
1.96085
1.95893
1.96599
1
1
1.96116
1.95771
1
2.06208
1.81279
1.8635
1
1
1
1.81065
1.90062
1
1
1.96456
1.95658
1.92755
2.06232
1
1.85809
1
1.96259
1
1.96016
1.9624
1
1.95482
1
1.9557
1.95894
1.96104
1
1.81063
1.96536
1.96194
1
1
0.999999
1
1
1
1.96321
1
1.96534
1.91224
1
1
1
1
1
1
1
1.95991
1
1
1
1.79307
1.96342
1
1
1.95648
1
1
1.94434
1.86129
1
1
1.96497
1
1.95907
1
1
2.07736
1
1
1.9605
1
2.03417
1.9047
1.97177
1
1.95943
1
1
1
1.96496
1.96134
1
1.96523
0.999931
1.96448
1.961
1
1
1
1.9052
1
1
1
1
1
1.96232
1.95438
1
1
1.75328
1.85303
1.96206
1
1
1
1
1
1
1
1.97156
1
1
1
1
1
2.01364
1.96597
1
1
1.91264
0.999889
1.00222
1
1
1
1.95628
2.0081
1
1
1
1
1
1
1.97004
1
1
1
1.95143
1
1
1.96104
1
1
1.96136
1.91919
1
1
1
1.96801
1.96105
1
1
1
1
1.96296
1.85911
1
1
1.96416
1
1.9632
1
1
1.96537
1.96539
1.87299
1
1.96442
1
1
1.871
1.9567
1
1
1.97548
1
1
1.96695
1
1.85869
1.96618
1.85873
1.41822
1.95727
1
1
1.96451
1.89483
0.999853
1
1.96114
1
1
1.95718
1
1
1
1
1.96419
1
0.999816
1.91764
1
1
9.13781
1
1.97053
1
1.96929
1.96803
1.9573
1.96095
1
1.44465
1
1
1
0.999963
1
2.0059
1
1
1
1
1
1
1
1.957
1
1.95723
1
0.999872
1
2.05674
0.999978
1.96445
1.9597
1
1.96212
1
1
1
1
1.85982
1
0.999975
1.97417
1
1
1.96413
1
1
1
1
1
1.96133
1.965
1
1.96243
1
1.96055
1.92557
1.95115
1.96057
1
1
1
2.02167
1
1.96021
1
1
1
1.97938
1.82583
1.89082
1
1.94821
1.95882
1.96702
1
1
1.87602
1
1.96368
1
1
1.96731
1.96185
1
1
1.96211
1
1.96407
1.95969
1
1
1
1
1
1
1
1.89717
1.96163
1
1
1
1
1
1
1
1.96551
1
1.96237
1
1.95828
1.9351
1
1
1.96507
1.89373
1.93231
1.96207
1
1.96336
1
1.85631
1.90826
1
1
1.96467
1
1.87559
0.999974
1
1
1.96539
1.95977
1
1.97174
1
1
1
1.96856
4.64608
1
0.999979
1
1.96462
0.999944
1
1.91272
1.96393
1
1
1.95857
1
0.999946
1
1.95882
1
1
1.96488
1.95218
1.9589
1.95302
1.95245
1.85721
1
2.00884
1
1.96311
1
1
1
1
0.999985
1
1.95947
1.95794
2.03995
1.96185
1
1.90866
1
1.96155
1.96388
1.96391
1
1
1
1
1.82401
1.96268
1
1.95865
1
1
1.96085
1.96364
1
1
1
1
1.96224
1.96394
1.95006
1
1
1.96332
1.925
1
1
1
1
1.9613
1
1
1.96314
1.00089
1.96635
1
1
1
1
1
1
1.99427
1
1.96539
1
1
1.96319
1
1
1.95493
1
1
1
1
1
1
1
1.96635
1
1
1
1
1.90816
1
1.9533
1
1
1.96319
1
2.12062
1
1
1
1.95536
1.96919
2.01566
1
1
1
1
1.95883
1.96145
1.9599
1.90542
1
1.90914
1.88344
1.8057
1
1.95806
1
1.97873
1.95478
1
1.9651
1
1
1
1
1.81135
1
1
1.93705
1
1.95599
1
1
1
1
1
1.96759
1
1
1.795
1
1.95665
1.96098
4.64628
1
1
1
1.99606
1.96145
1.93253
1.84051
1.96614
1
1
1
1.96128
1
1
1
1.96314
1.94528
1
1.91163
1.88644
1.9621
1.43568
1
2.01426
1.88029
1.96049
1
1
1.96232
1.96111
2.01077
1
1
1
1.9627
1
1
1
1.78875
1
1
1.87082
1.90855
1
1
1.95786
1.96399
1.9313
1.95961
1
1
1
1.96111
1
1
1
1
1
1
1
1.95754
2.04436
1.96012
1.95416
1
1
1
1.96096
1
1
1
1.96127
1
1
1
1
1
1
1
1.96128
1.95584
1.95828
1
1.8881
0.999999
1
1.80203
1
1
1
1.95516
1.98328
1.96238
1
1
1.96966
1.95733
1
1
1
1
1
1
1.96086
1
1
1.96034
1.96446
1
2.16342
1.95651
1
1
1
1
9.13037
1
1
1.95693
1
1.96166
1.96406
1
1.90404
1
1
1
1.96622
1
1.96001
1
1
1.95442
1.81786
1
1.9136
1.12751
1.9526
1
1.96066
1
1
1
1
1.90219
1.96337
1
1
1.97251
1
1
1
1.95228
1
1
1
1.71551
1
1.96402
2.00152
1.96179
1
1
1.96076
1
1.43449
1
1
1.83863
1.97999
1
1
1
1.95814
1
1
1
1.96019
1
2.00144
1
1
1
1
1.96251
1
1
1
1
1
1
2.02013
1
1
1
1
1
1
1
1
1
1
1.93065
1
1
1
1
1
1
1
1
1
1
1
1
1
1
1
1
1
1
1
1
1
1
1
1
1
1
1
1
1
1
1
1
1
1
1
1
1
1
1
1
1
1
1
1
1
1
1.96461
1.95526
1
1.95783
1
1
1.9643
1
1
2.02052
1
1.8779
1
1.95764
1.96275
1
2.02221
1.95797
1
1.93571
1
1
1
1
1
1.96105
1
1.99613
1.86151
1
1.88845
1.96121
1
1.93903
1.96185
1.96371
1.96082
1
1.96928
1
1
1.95108
1.96542
1
1.96574
2.0014
1.98874
1.96122
1.95917
1
1
1.95971
1.96544
1.9615
1
1
1.88419
1.9636
1.96208
1
2.01389
1
1.85035
1.96128
1
1.96489
1.95952
1
1
1
1.9533
1.95463
1
1
1.96121
1.96448
1
2.13574
1.93539
1.9735
1
1
1.97227
1.43841
1.95822
1.95128
1
1
1.95895
2.06416
1
1
1
1
1.92288
1
1
1.96043
1.95845
1
1
1.85083
1
1.9609
1.91855
1
1
1.95413
1.95418
1
1.98406
1.96371
1
1
1
1
1.96509
1.96254
1
1.9757
1.96233
1.96299
1
9.13028
1
1.96292
0.999927
1
1.96347
1
1.93794
1
1
1.96149
2.01631
1.96159
1.9574
1
1.96267
1
1.96287
1
1
1.96322
1
1
1
1
1
1
1
4.66108
1.96272
1.96153
1
1
1
1
1.54667
1
1.95809
1.02465
1
1.9642
1
1.94574
1.8498
1.02328
1.95972
1.96384
1
1
1
1
1.97386
1
2.00097
1.8404
1
1
1
1
1
1
1
1
1.82789
1
1.95525
1.11278
1.94057
1.95907
1
1
1
1
1
1.86081
1
1.95561
1
1
1.96053
1.83534
1.96967
1.95775
1
1
1
1
1
1.93776
1
1
1
4.68972
1
1
1
1.99821
1
1
2.00755
1.96441
1
2.00689
1
9.13059
1.80822
1.95865
2.01449
1
1.96203
10.7445
1.96411
1.9664
1
1.96567
1
1.96497
1
1.95996
1.96005
1
1
2.00922
1
1.67343
1
1
1.96146
1.90966
1
1
1
1.95435
1.9703
1
1.96794
1
1
1
1
1
1
1
1.96332
1
1
1
1
1
1
1.96116
1.91516
1
1
1.95826
4.68662
9.13923
1
2.02264
1
1
1.95626
1.96536
1
1
1.0107
1
1
1
9.65095
1.95926
1.91773
1
2.06653
1.96377
1
1
1
1
1
1
1.98235
1
1
1.95781
1
1
1.96124
1.98892
1.95868
1
1.96363
1.95966
1
0.999999
1
9.23366
1
1
2.03838
1
1
1
1
1
1
1.95649
1
9.01269
1
1
1
1.82772
1
0.999995
1
1
1
1.96742
1
1.95918
1.96234
1.99131
1
1
1
1.95685
1
1
1.97544
2.06029
1
1.96041
1
1.93244
1.97581
1.96256
1.96146
2.12658
1
1
1
1
9.61438
1
8.72529
1
1
1
0.99973
9.14827
1
1.96391
1.00037
1
1
1
1
1
1
1
1
1
1
1.96601
1
1
1
1
1.82036
1
1
9.43082
1
1
1
1
1
1.96572
1
7.93188
1.91997
1
1
1.43725
1
1
1.95674
1
1
1
1.96116
1
0.999999
1.9627
1
1
1
1
1
1.96415
1.99199
1
1.96475
1.95817
1
1
1
1
1
1
1
1
1
1
1
1
1
1.96081
1
1
1
1
1
1.00466
1
1
1
9.67511
1
1
1
1
1.97272
1.99501
1
1
1.96142
1
1.97289
0.999977
1.96024
1
1.96457
1
1.9644
1.82485
1
1
1
1
1.96513
1.84025
1
1.96882
1
1
1.95815
1
1
1.95767
1
1
1.96098
1.96987
1.95525
1
1
1.97858
1
1
1
1.98525
1
1
1.96291
1
1
1
1.95244
1
1
1
1.8236
1
1
1
1.96364
1
1
1
1.84106
1
1
1.81015
1
1
1
1
1.95697
1.00101
1.96202
1
1.95969
8.10399
0.999996
1.96369
1.95866
1
1
1.96052
1.95812
1
1
1
1
1
1
1
1
1.85026
1
1
1
1.96326
1.96263
1.96022
1
1
1.96598
1
1
1.96026
1
1.9605
1
1.81337
1.96026
1
1.96251
1.57513
1
1.96067
1
1
1.96404
1.93476
1
1
1.95318
1
1
1.95268
1.84159
1
1
1.95612
1
1
1
1
0.999996
1.967
1
2.03926
1
1
1
1
1
1
1
1
1
1
1
1.4169
1
1
1
1
1.9655
1.94512
1.96775
1
9.2902
1
1
1
1
1.0003
1
1.96437
8.89282
1.01138
1.90587
1
1.96129
1
1
1
1
1
1
1.95912
1
1.96395
1
1.96618
1
1.96299
1.96507
4.65539
1
1.9632
1.95716
1.96513
1
1.49836
1
1
1
1.95971
1
1
1
1.96005
1
1
1
1
1
4.50768
1
1.96242
0.999999
1.96217
1
1
1
1
1
1.95946
1
1
1.96512
1.81126
1
1
1
1
1
9.874
1
1
1
1
1.96388
1
1
1
1.96648
1
1.96972
1
1
1.93652
1
1
1
9.1629
1.96092
1.9553
1
1
1
1
1
1.95484
1.00858
1
1
1
1
1
1
1
4.70547
1
1
1
1
1.84519
1.96522
1
1
1
1
1
1
9.44494
4.6355
1
1.96562
1.958
1
1
1.90596
1
7.78023
1.95586
1
1
1.96442
1
1.96014
1
1
1.9576
1
1
1
1
1.83413
1
9.59466
1
1.85161
1
1
1.963
1
1.96282
1
1.84067
1.95645
1.9663
1
1.95355
1.8464
1.95763
1
0.999993
1
8.95632
1
1
1
2.09455
1
0.999925
1.91052
1
2.05019
1
1
1.96285
1.9622
1
4.36052
1
1.96352
1
1
1
1
1.96022
1
1
1.95534
1
1.90946
1
1
1.96036
1
1
1.95297
1.85035
1
1
1
1
1.96295
1
1
1.95979
1.95731
1
1.96275
1
1
1
1.96784
1.23813
1.95833
1
1.96176
1
1
1.96235
1
1.9666
1
1
1.95762
1.95849
1
1.96227
1.96125
1.85267
1.95625
1
1
1
1
1
1
1.96095
1
1
1
1
1
1.95993
1
1
1.99563
1
1.96078
1
1
1
1
4.21789
1.9651
1
1
1
1.93715
1.96735
0.999999
1
1.95971
1
1.96071
1
1
1.95829
1.89117
1.9598
8.74383
1
1.95619
1
1
1.95494
1
1.9621
1.94916
1.97718
1
1
1.80626
1.95955
1.95519
1
1
1
1
1.9591
1
1.91284
1
1
1
1.7999
1
1.78138
1
1.98247
1
1
1.961
1.96538
1
1
1
1
1.97414
1
1
1
1.95499
1
1
1.95849
1
1
1.96517
1
1.95808
1
1
1.96319
1.96032
1.95389
1
1.96693
1
1.95486
1
1.95964
1
1
1
1.9529
1
1.96237
1.96904
1
1.96172
1
1.95777
1
2.01533
1
1.96074
1
1.97107
1.9607
1
1
1
1
1.43899
1
1
1
1
1
1
1.96334
1.96276
1
1.91386
1
1.95701
1.97569
1.83206
1.95971
1
1.96305
1.97229
1
1
1
1
1.95732
1
1
1
1
1.96208
1
1
1.96262
1
1
1.96643
1
1
1
10.3874
2.01761
1
1
1.96325
1.9613
1
1
1.962
1
1
1
1
1
1
1
1.95271
1.95595
1
1
1.96633
1.96215
1.81757
1
1
1.98992
1
1
2.11252
1.96224
2.01935
1
1
1.86878
2.00832
1.95651
1.96273
1.96218
1
1
1.96063
1.96406
1
1.95529
2.01051
1.99228
1
1
1.9633
1
1
1.78
1
1.94719
1
1
1.95796
1
1
1.94716
1
1
1.95557
1
1
1
1.95626
1
1.96414
1.96248
1
1.95896
1.9598
1
1.96714
1.9603
1
1.95471
1.97254
1
1
1
1
1
1
1
1.91683
1
1
1
2.05413
1.99966
1
1
1.96354
1
1.96337
1
1.96309
1
1
1.98052
1.95899
1.96628
1
1
1.9614
1
1.95639
1.96224
1
1.95506
1.9616
1.89639
1.96529
1.00054
1.95838
1.97903
2.00385
1
1
1
1
1.96143
1
1
1.95434
1.96899
1.96287
1.95832
1
1
1.95633
1.96383
1
1.90831
1.955
1.94352
1
1
1.96393
1.95713
1.9607
1.95755
1.83917
1.9591
1.96179
1
1
1
1
1.85598
1.96015
1.81856
1.96219
1
1
1
1
1
1.85338
1
1.96095
1.97194
1
1.95521
1.99686
1
1.961
1.96212
1
1
1.96291
1
1
1.96354
1.96159
1
1.93564
1
1.85087
1
1.95789
1
1
1.9552
1
1
1.91685
1
1.81113
1
1.96193
2.10486
1
1
1.95705
1
1
1
1.96779
1.95623
1
1
1
1.95695
1
1
1
1.94465
1.96004
1.9119
1.81059
1
1.95792
1.96262
1
1
1
2.00094
1
1.9581
1.95971
1
1
1.00752
1
1.47967
1.84702
1
1
1
1
1.9612
1
2.00518
1
1
1
1
1.96597
1.95025
1
1
2.06712
1
1.99517
1
1
1.97161
2.10869
1.96116
1.89661
1
1
1.95731
1
1
1
1.90441
1
1
1.98346
1
1
1.94935
1
1
1
2.02043
1.96261
1
1.85888
1.87141
1.88801
1
1.91005
1.90802
1.96258
1
1.73936
1.97256
1.95785
1
1
1.95547
1
1
1
1.95663
1
1.90764
1
1.90207
1.95912
1
1.85055
1.96141
1
1.96368
1
1
1
1
1
1.95525
1
1
1.96308
1.8448
1
1.96228
1
1
1.78659
1.81217
1
1
1
8.54236
1
1
1
1.88633
1
1
1.96657
1
1
1.95688
1.96464
1.96688
1.96948
1.94803
1
1
1.96427
1
1.96775
1
1
1.97589
1.96626
1
1
1
1
1.96597
1.9629
1.9624
1.9635
1.96959
1
1.00018
1
1
1
1.96104
1.95749
1
1.90799
1
1
1.96304
1
1
1
1
1
1
1
1
1
1
1.95826
1
1
1
1.95574
1
1
1
1.96158
1.9564
1.97036
2.04491
1
1
1
1
1.95707
1.96057
4.62966
1
2.01027
1.94856
1.96167
1.96405
1
1.86063
1.95607
1
1
1
1
1
1
1.95469
1
1.94591
1.97085
1
1
1
1.94769
1.87643
1
1
1
1.95919
2.00626
1.94899
1.96504
1
1
1
1
1.9619
1.9699
1
1
1.83752
1
1.96287
1
1
1.9585
1
1
2.01078
1.8111
1.82541
1.96179
1
1
1.96427
1
1.96202
1
1.91591
1
1
1
1
1
4.72094
1
0.999997
1.95538
1
1
1.96506
1
1.95654
1
1
1.96709
1.95943
1
1
1
1.96332
1.96375
1.95514
1.96545
1.95237
1.96067
1.9629
1
1
1
1
1.95633
1
1
1.96009
1
1.97779
1
1.96503
1
1
1.85523
1.9652
1.96349
1
1.9642
1.95452
1.96123
1
1
1
1
1
1
1
1
1
1
1.96096
1
1.96389
1
1.00058
4.53413
1
1
1.9545
1.96113
1
1
1
1
1
1
1
1
1
1.96006
1
1
1.96088
1
1
1
1
2.01756
1.97938
1
1.95482
1
1
1.95893
1.99309
1.61958
1.97123
1
1
1.95953
1.96593
1.96639
1
1
1
1.96298
1
1
1
1
1.96501
1
1.94203
1
1
4.57921
1
1
1
1
1
1
1.94592
1
1
1
1
1.96533
2.01562
1.96464
1
1.77891
1
1
1
1
1.96345
1.98555
1.95699
1
1
1
1
1.96444
1
1
1
0.999972
1
1
1
1.96143
1
1.96513
1.81919
1
1.04847
1
1.85898
1
1
1
1
1.96377
1
1
1.95701
1
1.85465
1.85743
1
1
1.9575
1
1
1
1
1
1
1.96408
1.95891
1
1
1
1.94443
1
1.96283
1.45962
1.98852
1
1.96
1.96495
1
1.96578
1
1.9637
1
1.95457
1.9674
1
1
1.94019
1.96169
1
1
1
1.96603
1.83723
1.85029
1.96205
1.95897
1.9609
1.95852
1.00284
1.96175
1.95046
1.78992
1
1
1.00899
1.95815
1.96194
1.96127
1.96116
1.80699
1
1.96566
1
1
1.81753
1.96541
2.00915
1.98954
1.70616
1
1
1.93802
1
1
1.63914
1
1
1.79374
1.91057
1.9628
1.95537
1.96458
1
1.90026
1.96045
1.96016
0.999997
1
1.96384
1
1
1.96267
1
1
1
1.96394
1
1
1
1
1
1
1
1
1
1
1.96096
1
1
1
1.36821
1.96261
1
1
1
1.96359
1.96352
1.96363
1
1.96297
1
1.80031
1.95866
1
1
1
1.93488
1
1
1
1.12356
1.96232
1.96251
1.96324
1.96806
1
1.9581
1.96149
1
0.999936
1.95258
1.95908
1.96108
1
1.44512
1.48147
1.9601
1
1
1.93873
1.9501
1.96285
1
1
1
1
1.96008
1
1.01212
1
1
1.95896
1.96134
1
1.94051
1
1.76322
1
1
1
1.83422
1
1
1
1
1
1.95505
1
1.9611
1
1.82984
1.93393
1.96695
1
1.95418
1
1.85621
1
1
1
1
1.95983
1
1.95464
1
1
1
1
1
1
1.963
2.0049
1.95974
1.09555
1.00839
1
1
0.999913
1
1.97506
1.99655
1
1.95445
1.95839
1.75701
1.96785
1
1
1.96019
1
1.96103
1.95737
2.0138
1.95852
1
1
1
1
2.00957
1
1
1
1.95343
1
1
1
1
1.96362
1.95313
1.95478
1.96544
1
1
1
1
1
1
1
1.95617
1
1
1
1
1
1.95564
1.93838
1
1
1.95896
1.9658
1.96385
1.96432
1
1
1
1
1.82174
1
1
1
1.95999
1.95962
1.96326
1.95944
1.83427
1
1
1
1.96503
1.82701
1
1
1
1
1
1.96142
1.97988
1
1
1
1.95676
1.97671
1
1
1.9625
0.999991
1
1
1
1
1
1
1
1.94961
1
1
1
1
1.81441
1
1
1
1.96389
1
1.96337
1
2.09536
8.72851
1.97463
1
1
1
1
1
1.96111
1
1
1
1.96237
1.95661
1.95766
1
1
1.96079
1
1.9675
1
1.91582
1.96075
1.95297
1
1
1.99692
1
1
1
1.96449
1
1
1.95992
1.96112
1
1.96463
1.96049
1
1.95616
1
1
1
1
2.0152
1
1
1
2.01747
1.95651
1
1
1
1
1
1
1
1.96469
1
0.999909
1.95921
1.96147
1
1
1
1.96183
1
1
1.95836
1
1
1
2.01648
1
1
1
1
1
1
1
1
1.96503
1.9646
1
1
1.94442
1.84438
1.96208
1.96511
1.96358
1
1.9633
1.96587
1
1.9641
1
1.96967
1
1
1
1.95715
2.20305
1
1
1
1.96044
1
1.95917
1
1
1
1.94872
1.96285
1
1.96473
2.02849
1
1.95768
1.96236
1.82082
1.74362
1.95793
1
1.96169
1.95333
1
1
1
1.91779
1.9605
1.96222
1.9518
1.96228
1.96247
1.94011
1.96085
1.96256
1
1.95647
1.95065
1
1.96055
1
1
1
1
1
1.95804
1.95908
1.95696
1.95777
1
1.95538
1.96709
1.96908
1
1.96173
1
1
1
2.02684
1
1.96341
1.96414
1
1.96168
1
1
1
1
1.95964
1.96237
1.96377
1.95737
1
1
1
1.95812
1.974
1.96433
1
1
1.95017
1
1.98104
1
1.96484
1
1.96408
1
1
1
1
1
1
1.95848
1
1
1.95525
1.95719
1
1
1
1.96336
1.95803
1.97467
1.94858
1
0.99997
1.95835
1.00041
1.77692
1
1
1.96289
1
1.96503
2.04602
1
1
1
1
1.85488
1
1.98363
1
1.84772
1.96116
2.01913
1
1.95587
1.9523
1
1.95929
1.95808
1
1
1
1
1
1
1.9643
2.00954
1
1.95517
1.95895
1.96064
1.95558
1.96103
1.96547
1
1
1
1.95821
1.95726
1.97194
1
1
1
1
1
1
2.0188
1.81914
1
1
1
1
1
1
1
1
1
1.85342
1.95842
1.95762
2.00378
1
1
1
1.95457
1.96797
1
1
2.01645
1
1.93159
1
1.95746
2.03201
2.03744
1
1
1
1.95911
1
1
1.96206
1
1
1.95595
1.96243
1
1
2.0158
1
1
1
1
1.96674
1
1
1
1.95806
1
1
1.95726
1
1.96598
1.96323
1
2.02714
1.95355
1
1.83152
1
1.79601
1.87624
1
1
1
1
1.40544
1
1
1
1
1.95384
1.95345
1.97033
1.95815
1.9589
1.95975
1.95784
1
1.99181
1
1.95419
1.96309
1.9594
1
1
1.96278
0.999996
1
1.96166
1
1
1.96477
1
1.95671
1
1.96418
1
1.86942
1.97456
1.95407
1.9554
1.95557
1.97136
1.95998
1
1
1
1
1
1.9706
1.96719
1
1.95027
1.96202
1
1.95834
1
1.98731
1.9722
2.01917
1
1.96309
2.00698
1
1.94045
1.96318
1
1
1.95891
1.95677
1.99795
1.96595
1.95581
1
1.96192
1.96001
1.9555
1.95419
1
1
1.96116
1
1.98046
1
1
1.95768
1.96406
1
1
1
1.98906
1
1
1
1
1.9624
1
1
1.96341
1
2.08567
1.81432
1
1.96152
1
1
1
1
1
1
1
1.97911
1.95774
1
1.96725
1
1
1
1
1.96677
1
1
1.80977
1.95483
1.97018
1
1
1.95042
1.94705
1.85334
1.96279
1.95595
2.01756
1
1.96119
1
1
1.95785
1.97271
1
1
1.95394
1.96419
1
1
1.96379
1.95361
1
1
1.96648
1
1
1
1
1
1
2.08435
0.999971
1.84516
1
1
1
1.96048
1.05369
1
1
1
1
1
2.02642
2.01045
1.39888
2.09662
1
1
1.96554
1
1
1
1
1
1
1
1
1
1
1
1
1
1
1
1.90341
1
1
1.97459
1.9586
1
1.96631
1.95959
1.96374
1
1.96237
1
1
1
1
2.03504
1
1
2.09912
1
2.00009
1
1
1
1.95747
1
1
1
1.91187
1
1
2.09564
1.96221
1
1.96269
1
1
1
1.96329
1
1.95836
1
1
1
1
1
1
1
1
1
1.96402
1.9338
1.95605
2.02397
1
1.95188
1.91596
2.01475
1
1
1
1
0.999999
1
1
1
1
1.9615
1
1
1
1.6968
1.94158
1.96539
1
1
1
1.96539
1
1.95738
1
1.95512
1.9616
1
1
1
1.96156
1
1
1
1
1
1
1.97259
1
1
1.96068
1
2.02168
2.02654
1
1
1
1.96264
1
1.96274
1
1.93627
1
1
1
1
1
1
1.97103
1
1.96088
1.94787
1
2.0698
1.95761
1
1
1
1.95793
1
1.96031
1
1
1
1
1.95686
1
1.9607
1
1
1
1
1
1
1
1
1
1.96124
1.96413
1.08095
1.95955
2.02843
1
1.99418
1
1
1
1
1.9675
1.96174
1
1.95823
1.99264
1
1.00183
1
1
1
1
1
1
1.96315
1
1.95792
1.95464
1
1.96939
1
1.98398
1
2.02956
1
1
1
1.96103
1.96349
1
1.96032
1.95715
1.94202
1
1
1
1.96904
1
1.89478
1
1.96603
2.00733
1
1
1
1
1
1
1.96054
1.96739
1
2.04967
1.95972
1
1
1
1
1
1
1.95654
1
1
1.96206
1
1.89976
1.95823
1.85135
1.95993
1
1.9202
1.96534
1
1.91578
1
1.96173
1
1
1.95436
1.81465
1
1.13248
1
1
1.90752
1.82898
1.96395
1.95677
1
1.9002
1.87716
1.87033
1.85289
1
1
1.24181
1
2.00768
1
2.01682
1
1
1
1
1
1.96331
1
1.95482
1
1
1
1.96204
1
1.78324
1
1.85291
1
1
1
1.96354
1.94662
1
1
1
0.999952
1.91842
1
1
1
1
1
1
1
1
1.95936
1
1
1
1
1
1
1
1.96873
1.85874
1.96737
1
1
1
1
1
0.999939
1
1
1
1.96255
1
1.95862
1
1.95996
1.96701
1
1
1.96388
1
1.95779
1
1.99186
1
1
1.95654
1
1
1
1
1
1
1.96295
1.96086
1
1
2.0325
1
1
1
1.96423
1.95821
1.96106
1
1.94195
1
1
2.00138
1
1.85356
1
1
1
1.0646
2.13785
1.9631
1
1
1
1
2.03903
1
1.95493
1.95431
1
1.9599
1
1
1
1
1.9533
1
1
1
1.95898
1.89681
1.97933
1
1.95564
1
1
1.96358
1
1.96261
1
1.9535
1
1
1.95427
1
1
1
1.95242
2.09404
1
1.72013
1
1
2.05522
1.07325
1.96002
1
1.82207
1
1
1
1
1.95595
1
1
1
1
1
1.99034
1
1.8582
1
1
1
1
1
1
1
0.999997
1
0.999848
1
1.95679
1
1.80836
1
1.96038
1
1.96229
1
1
0.999903
1
1
1
0.999896
1.92741
1
1.96475
1
1
1
1
1
1
1.91764
1
1
1.85583
1.95779
1
1
1
1
1.84799
1.96257
1
1
1.96252
1.79976
1.96515
1
1
1.86908
1.03058
1
1
1.96379
1
1
1
1
1
1
1.75452
1.96174
1
1
1
1.04012
1
0.999947
1
1
1
1
1
1.78039
1.95572
1
1
1
1.96597
1
1.96106
1.35515
1.92806
1.85749
1.957
1.81078
1
1.66133
1
1.96213
1
2.00333
1
0.999947
1
1.96296
1.96467
1
1
1
0.999848
1
0.999869
1.96411
1.95919
1.96312
1.96393
1.96288
1.83832
1
1
1
1
1
1
1.96321
1
1.88681
2.0194
1
1.93624
1
1
1.93099
1.98455
1
1
1
1.95878
1
1
1
1
1
1
2.02214
1
1
1.96696
1
1
0.999992
1.85229
1
1
1
1.97024
1
1
1
1.9664
1.95709
1
1
1
1.96233
1
1.96573
2.00329
1.96456
1
1
1
0.999937
1.95853
1
1
1
1.95958
1
1.95707
1
1
1
1
1
1
1
1.92007
1
1
1.97202
1.96663
1
1.96273
1
1
1
2.021
1.95813
1.96593
1
1
1
1.10201
1
1.77253
1
1
1
1
1.81015
1
1.95485
1
1
1
1
1
1
1.96583
1.84029
1.82534
1
1
1
1
1.0137
1
1
1
1
1
1.8491
1
1.992
1
1
1
1
1
1.95882
1.08822
1
1
1
1
1.85415
1
1
1
1
0.999876
1
1.9428
1
1.95355
1.9583
1.96046
1
1.81935
1
1
1.43901
1.95688
0.999983
1
1
1.25618
1.96493
0.999938
1
1
1
1
1
1.95582
1
1
1
1
1
1
1
0.999997
0.999985
1
1
1
1.9572
1
1
1
1
1
2.08936
1
1.83521
1.95683
1
0.999991
1
1
1
1
1
1
1
1
1
1.84725
1
1
1.86171
1.86436
1.89946
1
1
1
1
1
1
1.80437
1
1
0.999944
1.96209
1
1.8459
1
1
1
1
1.84858
1
1.8261
1.85359
1
1
1
1
1.00004
1
1
1
1
1
2.03985
1
1
1
1.96317
1
1
1
1.82997
2.09482
1
1.8185
1
1.17629
1.94295
1
1.95866
1
1
1.95994
1
1
1
2.05067
1.96263
1
1
1
1.96139
1
1
1
1
1
1.96442
1.95819
1
1.92702
1
1.95904
1
1.96711
1.70044
1
1.84472
1
1.83714
1
1
1
1.95942
1.96121
1
1.95939
1
1
2.08531
1
1
1.95383
1
1
1
1
1
1
1
1
1
1
1
1.83435
1.95875
1
1
1
1.96126
1
1
0.999984
1
1
1
1
1.96403
1
1
1
2.05139
1
1
1
2.01049
1
1
1
1
1
1
1
1.667
1
1
1
1
1
1
1.7996
1
1
1.96662
1
1.96185
1
1.80394
1
1
1
1
0.999997
1
1
1
1
1.84507
1
1
1
1.95949
2.0252
1
1
1
1
1
1.98764
1.84814
1
1
1
1
1.92048
1.86012
1
1.99653
1
1.94057
1
1
1.96549
1
1
1
1.95974
1
1.96108
1
1.93231
1
1
1.96111
1
1
1
1
1
2.00235
1.95791
1
1
1.85349
1
1
1
1
1
1
1
2.00043
1
1
1
1.95799
1.94375
1.96388
1.95331
1
1
1.97413
1.95877
1
1.96279
0.999999
1.87772
1.95916
1
1.96384
1
1.95606
1.96726
1
1
1
1
1
1
1
1
1
1
1.95691
1
1
1
1
2.00085
1
1.9628
1.00116
1.96582
1
1
1
1
1
1
1
1.98886
1
1
1
1.83397
1.98105
1
1
1
1
1.79818
1
1
1
1
1
1
1
1
1
1
1
1
0.999999
1
1.85163
1
1
1
1
1
1
1
1
1.96036
1
1
1
1
1
1.96468
1
1
1.83249
1.96192
1
1
1.83718
1
1
1.96238
1.00108
1
1
1
1.95874
1.30773
1.91535
1
1.84044
1.96918
1.16202
1
1
1
1
1
1
1
1.66023
1
1.96456
1.84061
1
1
1
1
1
1
6.56526
1
1
1
0.999922
1
1
1
1.95177
1
1
0.99995
1.95775
1.9656
1
0.999955
1
0.999987
1.96468
1.96304
1
1
1
1.83728
1
1
1
1
1
1
1.84387
1.85992
1.96183
1
1
1
1.51686
1.03207
1
1
1.00003
1
1.9662
1.94249
1.31255
1
1
1
1
1
1
1
1
1.9571
1
1
1
1
1.95909
1
1
1
1
1
1
1
1
1
1
1
1
1
1.96398
1.82108
1
1.98127
1
1.95988
1
1
1
1
1.96563
1
1
1
1
1
1
1
2.05707
1
1
1
1
1
1
1.95976
1
1
1
1.97332
1
1
1
1
1
1
1.9621
1.95662
1
1
1
1.96336
1
1
1
1
1.96219
1
1.80863
1.96351
1.95768
1.00029
1
0.999969
1
1
1
1
1
1
1
1
1.7842
1
1
1
1
1.71119
1
1
1
1.96466
1
1.88148
1
1.9647
1.71734
1.96423
1.72279
1.95944
1.96165
1
1.80278
1
1.90549
1.81189
1
1
1
1
1
1
1
1
1
1
1
1
1.9632
1
1
1
1.96131
1
1.0287
1.96162
1
1
1
1
1.88428
1
1
1
1.95658
1.91838
1
1
1
1
1
1
1
1
2.03804
1
1
1
1.95827
1
1
1
1.95735
1.92905
1.96006
1
1.37308
1
1.96066
1
1
1
1
1.96127
1
1
1
1
1
1
1
1
1.955
1
1
1
1.9548
1.79974
1
1.95625
1
1
1
1
1
1
1
1
2.09788
1
1
1
1
1
1
1
2.00291
1
1
1
1
1
1
1
2.07289
1.96434
1.96294
1
1.95549
1
1
1
1.81184
1.97722
1
1.01101
1
1
1
1
1
1.95183
1
1.95711
1
1
1
1
1.96292
1
1
1
1
1
1
1
1
1.95578
1
1.96107
1.83398
1
1.98842
1.95752
1
1
1
1
1
1.98697
1.82317
1
1
1
1
1.95677
1
1.00201
1
1
1
1.05134
1
1.98351
1
1.95743
1
1.96288
1
1
1
2.03811
1.99979
1
1
1
1.96431
1
1
1
1.9562
1
1
2.01742
1
1
1
1
1.96248
1
1
1
1
1
1
1
1
1
2.00499
1
1.95343
1
1
1.96113
1
1.9652
1
1
1
1
1
1
1
1
1.11562
1
2.09959
1
1
1
1
1.96439
1.9562
1
1
1
1
1
1.96677
1
1.95387
1
1
1
1
2.01677
1
1
1
1
1
1
1
1.96153
1
1
1
1
1
1
1
1
1
1
1
1
1.96477
1
1
1
1
1.96481
1
1.83395
1
1
1
1
1.93675
1
1.78481
1
1
1
1
1.91466
1.02553
1
1
1
1
1.29606
1
1
1
1
1
1
1
1
1
1
1
1
1
1.96178
1
1
2.02501
2.0243
1
1
1
1
1
1
1
1
1.95276
1
1
1
1.95784
1
1
1
5.9355
1
1
1
1
1
2.03217
1.83938
1.74024
1.80606
1
1
1
1
1
1.95785
1
1
1
1
1
1
1
1
1
1
1
1
1.95567
1.9608
1
1
1
1
1
1
1
1
1
1.85328
1
1
1
1
1
1
1
1
1
1
1.98032
1
1
1
1
1
1.9643
1
1
1
1.94925
1
1
1
1
1
1
1
1
1.95843
1
2.07111
1
1
1
1.82838
1
1
1
1
1
1.97846
1
1.78956
1
1
1
1
1
0.999927
1
1.00144
2.07759
1
1
1
1
1
1
1
1
1
1
1
1
1
1
1
1.953
1
1
1
1
1
1.7979
1.96533
1.77829
1
1
1
1
1.95676
1
1
2.01263
1.96105
1
2.102
1
1
1
1.9757
1.16422
1
1.51119
1
1
1.96288
1
1
1
1
1
1
1
1
1
1
1
1
1
1
1
1
1
1
1
1
1
1
1
1
1.96832
1
1
1.66797
1
1
1
1
1
1
1
1.9635
1
2.01589
1
1
1
1.9549
1
1
1.95732
1
1
1
1.66
1
1
1.88803
1
1
1
1.95837
1
1
1
1
1
1
1.95751
1.87409
1
1.84235
1
0.999965
1
1
1
1.62371
1.96186
1
1
2.00317
1
1
1
1
1.95829
1
1
1
1
1
1
1
1.94779
1
1.96316
1
1
1.85543
1
1
1
1
1
1
1
1
2.00132
1
1
1
1
1
1
1
1
1
2.00683
1
1
1
1
1
1
2.07567
1.84437
1.29204
1.11312
1.78871
1
1
1.87521
1
1
1
1
1
1
1
1
2.0689
1
1
1
1
1
1
1
1
1
1
1.96456
1
1
1.78778
1
1
1
1
1
1
1
1.96772
2.00756
1
1
1
1
1
1
1
1
1
1
1
1
1
1
1.76872
1.86373
1
1
1
1
1
1
1
1
1
1
1
1
2.03882
1
1
1
0.999998
1
1
1
1
1
1.96076
1
1
1.9587
1
1
1
1
1
1
1
1
1.7909
1
1
1
1
1
1
1
1
1
2.04924
1
1
1
1.96395
1
1.96235
1.99773
1
1.96436
1
1
1
1
1
1
1
1
0.999999
1
2.03832
1
1
1
1
1
1
2.01139
1.96295
1
1.96276
1
1.96181
1
2.00058
1
1
2.00188
1.92022
1
1
1
1
1.80941
1
1.92666
1
1.95955
1
1
1
1
1
1
1.9659
1
1
1
1
2.02671
1
1
1
1
1
1
1
1
1
1
1
1
1.87867
1
1
1.96225
1
1
1
2.01157
1.75865
1.96086
1
1
1
1
1
1
1
1
1
1.95653
1
1.35447
1
1.97536
1
1
1
1
1
2.04437
1
1
1
1
1
1
1
1
1.01927
1
1
1
1
1
1.95238
1
1
1.99349
1
1
1
0.999872
2.03252
1
1
1
1
1
1.95573
1
1
1
1
1
1
1.96416
1
1
1
1
1
1
1
2.01079
1
1
1
1
1
1.83608
1
1
1
1.83375
1.8634
1
1
1
1
1
1
1
1
1
1
1
1
1
1
1
1
1
1
1
1
1
1
1
1
1
1
1.96073
1
1
1
1
1
1
1
1
1
1
1
1
1
1
1
1
1.95817
1
1
1
1
1
1
1
1
2.09066
1
1
1
1
1
1
1
1.96269
1
1
1
2.09035
1
1
1
1
1
1
1
1
1
1.95703
1
1.8239
1
1
1
1
1
1.95998
1.95548
1
1
1.96644
1
1
1.92739
1
1.95406
1
1.96209
1
1
1
1
1
1
1.90362
0.999944
1.96061
1
1
1.9767
1.86203
1
1
1.95273
1
1.96091
1
1
1
1
1
1
1
1
1
1
1
1
1
1
1
1
1
1
1
1.96904
1
1.82771
1
1
1
1
1
1
0.999959
1.96248
1
1
1
1
1
1
1
1
1
1
0.999987
1
1
1.96345
1
1
1
1
1
1.79524
1.82146
1.89977
1
1
1
1
1
1
1.95549
1
1
1
1
1
1
1
1
1
1
0.999986
1
1
1
1
1
1
1
1
1
1
1
0.999999
1
1
1
1
1
1
1
1
1
1
1
1
1
1
1
1
1.95729
1
1.83206
1
1
1
1.96081
1
0.999949
1
1
1
1
1
1
1
1
1
1
1
1
1
1
1
1.96545
1
1
1
1.96571
2.02932
1
1
1
1
1
1.958
1
1
1
1
1
1.95734
1
1
1
1
1
1.96192
1
1.91246
1
1
1
1
1.82762
1
1
1
1
1.89926
1
0.999957
2.00413
1
1
1
1
0.999897
1
1
1
1
1
1
1
1
1.96404
1
1
1.84014
1
1
1
1.27328
1
1.95904
1
1
1
1
1.96034
1
1
1
1
1
1
1
1.85836
1
1
1.87026
1
0.99996
1.99966
1
1
1
1.90052
1
1.99964
1
1
1
1
1
1
1.89327
1
1
1
1
1
1
1
1.95697
1
1.00442
1
1.86887
1
1
1
1
1
1.95978
1
1
1
1
1.82207
1
1
1
1
1
1.95765
0.999978
1.96262
1
1
2.07014
1
1
1
1
1
2.00258
1
1
1
1
1
1
1
1
1
1.00148
1
1
1
1.8451
1
2.03962
1.94863
1
1.85699
1.96615
1
1
1
1
1
1
1
1
1
1
1.96278
1
1
1
1
1
1
1
1
1
2.03355
1.80787
1
1
1
1
1
1.85241
1
0.999996
1
1
1
1
1
1.96587
1
1
1.8916
1
1
1
1
1
1
1.80623
1
1
1.96085
1
1
1
1
1
1.85223
1.90117
1.96335
1
1
1
1.20841
1
1
1.98043
1
1.87102
1
1
1
1
1
1
1
1.96398
1
1
1
1.96322
1
1
2.04656
1.96066
0.999998
1
1.95718
1
1
1
1
1
1
1
1
1
1.92056
1
1
1
1
1.9625
1
1
1
1
1
1
1
1
1
1
1
1.7738
1
1
1
2.03435
1
1.9614
1
1.9655
1
1
1
1
1
2.04295
1
1.96421
1
1
1
1.96646
1
1
1
1
1
1
1
1
1
1
1
1.96504
1
1.96342
1
1
1
1
1
1
1
1
1
1
1
1.79268
1.95677
1
1
1
1
1
1.95709
1
1.85653
1.95472
1
1
1
1
1.81678
1
1
1
1
1
1.96732
1
1
1
1
1
1
1
1
1
1
1.9614
1.9593
1.81364
1.96144
1
1
1
1
1
1
1
1.8386
1
1
1
1
1
1
1
1
1
1
1
1.95606
1
1
1
1
2.00162
1
1
1
1
1
1
1
1
1
1
1
1
1
1
2.0031
1
1
1
1
1.96398
1
1
1
1
1
1
1
1
1
0.99979
1
1.80689
1
1
1
1
1
1
1
1.95793
1
1
1
1
1
1
1
1.95907
1
1
1
1
1
1
1
1
1.96174
1
1
1
1
1.96676
1.96716
1.9622
1
1
1.73516
1.9655
1.80645
1.96453
1.96392
1
1
1
1
1
1
1
1
1
1
1
1.81334
2.07219
1.95564
1.96151
1
2.0077
1.96459
1
1.95901
1
1
1
1
1
1
1
1
1.9567
1.98969
1
1
1
1
1.96259
1
1
1
1
1.83763
1
1
1
1
1
1
1
1
1
1.99709
1
1
1
1
1
1
1
1
1
1
1
1
1
1
1.73812
1.96351
1
1
1
1
1
1
1
1
1
1.96109
1
1
1
1.96246
1.74803
1
1
1
1
1
1
1
1.77606
1
2.03223
1
1
1.54557
1
2.02821
1
1
1
1
1.95286
1
1.96702
1
1
1
1
0.999952
1.96168
1
1
1
1
1
1
1
1
1
1
1
1
1
1
1
1
1.96115
1
1
1
1
1
1
1
1
1
0.999972
1
1
1
1.95366
1.997
1
1.96445
1
1
1
1
1
1
1
1
1
1
1
1
1
1
1
1
1
1
1
1.8688
1
1
1
1
1
1
1
1
1.04573
1
1
1.96357
1
1.7724
1.73831
0.999903
1
1
1
1.96013
1
1.96332
1.95759
1.81371
1.95516
1
1.96318
1
1
1.44461
1
1
1
1
1.95717
1
1
1.9582
1
1.96374
1
1
1
1
1
1
1
1
1
1
1
1
1
1
1
1
1
1
1.95647
1
0.999996
1
2.01776
1
0.999971
1
1
1
1.96165
1
1
1
1.96094
1
1
1.96547
1.96589
1
1
1
1
1.96588
1
1
1
1
1
1
1
1
1
1
1
1
1
1.96215
1
1.94384
1
1
1
1
1
1
1
1
1
1
1
1
1
1
1
1.95772
1
1
1
1
1
1
1.96308
1
1
1
1
1
1
1
1
1
1
1
1
1
2.00424
1
1
1.95318
1
1
1.96279
1
1
1.9574
1
2.08943
1
1
1
1
1
1
1
1
1
1
1
1
1
1
1
1
1
1
1
1
1
1.96365
1
1
1
1
1
2.06086
1
1
1
1
1
1
1
1
1
1
1
1
1
1
1
1
1
1
1
1.95497
1
1
1
1
1.95994
1
1
1
1
1.96337
1
1
1
1.96092
1
1
1
1.76966
1
1
1
1.95858
1
1
1
1
1
1
1
1
1
1
1
1
1
1
1
1
1
1
1
1
1.95459
1
1
1
1
1
1
1
1
2.0358
1
1
1
1.95647
1
1
1
1
1
1
1
2.16034
1
1.95741
1
1
1
1.96432
1.95098
1
1
1
1
1.95867
1
1
1.96115
1
1
1
1
1
1
1
1
1
1
1
1
1
1
1
1
1
1.96808
1
1
1
1
1
1
1
2.0357
1
1
1
1
1
1
1.96297
1
1
2.01073
1
1.95181
1
1
1
1
1
1
1
1
1.99742
1
1
1
1
1
1
1
1
1
1
1
2.09654
1
1
1
2.07783
1
1
1.9678
1
1
1
1
1
1
1.96578
1
1
1
1
1
1.9713
1
1
1
1
1.9706
1
1.96812
1.961
2.03949
1
1
1
1
1
1
1
1
1.95905
1
1
0.99996
1
1
1
1
1
1
1
1
1
1
1
1
1
1
1.95839
1
1
1
1
1
1
1
1
1
1
1
1.76246
1
1.84486
1
2.00478
1.96456
1
1
1
1.96265
2.00341
1
1
1
1
1
2.0168
1
1
1
1
1
1
1
1
1
1
1
1
1
2.01038
1
1.95698
1
1
1.95906
1
1
1.95775
1
1
1.82546
1
1
1
0.999993
1.74213
1
1
1
1
1
1.96236
1.96791
1
1.95655
1
1
1
1
1
1
1
1.99513
1
1.85155
1
1
1
1
1
1
1
1
1
1
1
1
1
1
1.83052
1
1.95784
1
1
1
1
1
1
1
1
1
1
1
1
1
1
1
1
1
1.95851
1
1
1
1
1
1
1
1
1
1
1.95936
1
1.96027
0.999974
1
1
1
1
1
1
1
1
1
1
1
1
1
1.6733
1.95774
1
1
1
1
1.95868
1
1
0.99998
1
1
2.02132
1
1
2.0751
1
1
1
1.96516
1
0.999988
1
1.95969
1
1
1
1.95428
1
1
1
1
1
1
1
1
1
1
1
1
1
1
1.90699
1
1
1.95728
1
1
1
1
1.95948
1
1
1.99032
1
1
1
2.00199
1
1
1
1
1.90767
1
1.96353
1
1
1
1
1
1.9614
1.96134
1
1.99205
1.00698
0.999985
1
1
1
1
1
1.96656
1
1.95827
1.96049
1.95396
1.96271
1
1
1
1
1
1.95896
1
1
1.95819
1.95545
1.96061
1
1
1
1
1
1.95621
1
1
1
1
1
1
1.95887
1
1
1
1.9665
1
1
1
1
1
1.7929
1
1
1
1
1
1
1
1.00317
1
1.96176
1
1.96767
1
1
1
1
2.1332
1
1
1.95928
1
1
1
1
1.97667
1
1
1.91411
1
1
1
1
1
1
1.96345
1
1
1.79958
1
2.01937
1
1
1.21207
1.95707
1
1
1.96262
1
1
1.94521
1
1
1
1
2.07357
1
2.00741
1
1
1
1
1
1.95778
1.95935
1
1
1
1
1
1
1
1
1
1.84022
1
1
1
1
1
1
1.96164
1
1
1
1
1
1
1
1
1.90121
1
1.95849
1
1
1
1
1.95565
1.96117
1
1.9576
1
1.75215
1.95846
1
1
1
1
1
1
1
1
1
1
1
1
1
1
1
1
1
1
1
1
1
1
1
1
1
1
1
1
1
1
1
1
1
1
1
1
1
1
1
1
1
1
1
1
1
1
1.95643
1
1
1
1
1
1
1.95851
1
1
1
1
1
1.96708
1
1
1
1
1
1
1
1
1
1.85902
1
1
1
1
1
1
1
1
1.95886
1
1.96798
1
1
1
1
1
2.10559
2.00696
1
1
1
1
1
1
1
1
1
1
1
1
1
1
1.96523
1
1
1.96434
1.8941
2.0113
1
1
2.01196
1
2.00343
1.96386
1.96218
0.999963
1.79087
1
1
1
2.01955
1
1.96319
1
1
1
1.86393
1
1.89829
1
1
1
1
1
1
1
2.15105
1.76469
1.85272
1
1
1
2.00929
1
1
1.96335
1
1
1
1
1
1.96218
1
1
1
1
1
1
1
1
1
1
1
1.95834
1
1
1
1
1
1
1.95648
1.95353
1
1
1.97266
1
1
1
1
1
1
1
1
1
1
1
1
1.9574
2.00354
1
1
1
1
1.95428
1
1.99584
1
1
1
1
1
1.75133
1
1
1
1
1.96525
1.95822
1
1.95692
1
1.9581
1
1.95856
1
1.96283
1
1.96022
1.98863
1
1
1
1
1
1.86279
1
1.93946
1.95959
1
1
1
1
1
1
1
2.0064
1
1
1
1
1
1
1.9836
1.99409
1
1
1
1
0.999992
1
1
1
1
1
1.9615
1
1
1
1
1
1
1
1
1
1
2.05487
1
1
1
1
1.89432
1
1
1
1.9557
1
1
1
0.999993
1
1
1
1
1
1
0.999985
1
1
1
1
1
1
1
2.00255
1
1.96195
1
1
1
1.96274
1
1.99459
1
1
1
1
1
1
1
1
1
1
1
1
1
1
1.95847
1
1
1
1
1
1
1
1
1
1
1.96273
1
1
1.95841
1
1
1
2.037
1
2.00244
2.00779
1
1
1
1
1
1
1
1.96643
1
1.95871
1
1
1
1
1
1.95567
1
1
1
1
1
1
1.94814
1
1
1
1
1
1
1
1
1
1
1
1.9632
1
1
1
1
1
1
1
1
1
1
1.9598
1
1
1
1.95743
1
1
1.95332
1
1
1.99917
1
1
1
1
2.03193
1
0.999996
1.83184
1.95651
1.99887
1
1
1
1
1
1
1
1
1
1
1
1
1.95693
1
1
1
1.9572
1
1
1
1
1
1
1
1
1
1
1
1
1
1.95796
1
1.96018
1
1
1
1.99462
1
1.95822
1
1
1.87997
1
1
1
1
1
1.96417
1
1
1
1
1
1
1
1
1
1
1
1
1.82992
1
1
1
1
1
1
1
1
1
1
1
1
1
1
1.96054
2.01877
1
1.96254
1
1
1
1
1
1
1.90834
1
1
1.95316
1
1.96196
1.95973
1
1
2.01937
1
1
1.95531
1
1
1
1
1
1
1
1
1
1
1.95785
1
1
2.01031
1
1.96897
1
1
0.999984
1
1.78752
1
1
1
1
1.85557
1
1
2.03204
1.96369
1
1
1
1
1
1
1
1.95813
1
2.07952
1.95351
1
1.96251
1
1
1
1
2.10946
1
1
1
1
1
1
1
1
1.95937
1
1
1
1
1
1
1
1
1
1
1
1
1
1
1
1
2.2379
1
1
2.06647
1.96061
1
2.09524
1.96605
1
1
1.95801
1
1
1
1
0.99995
1
1
1
1
1.95663
1.95624
1.96023
1
1.96048
0.999999
1.95981
1.96237
1
1
1
1
1
1.95911
1
1
1
1.95782
1
1.82994
1
1
1
1
1
1
1
1.86596
1
1
1
1
1
1.96244
1.9629
1
1
1
1
1
1
1
1
1
1
1.83079
1
1.9561
1
1
1
1.97033
1
1
1.96275
1
1
1
1
1
1
1
1
1
1
1.06283
1.95641
1
1
1
1.47945
1
1.82564
1
1.95928
2.02611
1
1
1
1
1.96219
1
1
1
1
1
1
1
1
1
1.96371
1
1.95579
1
1
1
1
1
1
1
1
1
1
2.30561
2.17521
1
1
1.83034
1
1
1
1.96348
1.83873
1.9641
2.01343
1.96473
1
1.96659
1
1
1
1.95847
1
1
1.9574
1
1.162
1
1.83445
1
2.02644
2.11481
1
2.07831
1
1
1
1
1.95016
1
1
1
1
1.991
1
1.96101
1.99595
1
1
1
1.75459
1
1.99399
1
1
1
1
1.9982
1.96199
1.97772
1
1
1
1
1
1
1
1
1
1
1
1
1
1
1
1.95927
1
1
1
1
1.19314
1.96113
1.81265
1
1
1.96194
1
1
1
1
1.96213
1
1
1
1
1
1.96004
1
1.9607
1
1
1.96227
1
1
1
1
1
1
1.81028
1.82604
1
1
1
1
1
1
1
1
1
1
1
1.96199
1
1
1
2.00259
1.95926
1
1.95828
1
1
1.97477
1
1
1
1
1
1.96231
1.94907
1.95637
1.94757
1
1.95792
1
1
1.95896
1
1
1
1.97494
1
1
1
1
1.95376
1
1.95964
1
1.95465
1
1
1
1.83235
1
1
1
1
1
1.98858
1
1
1
1.95518
1
1.94125
1
1
1
1
1
1
1.95947
1
1
1
1
1
1
1
1
1
1
1
1
1
1.77657
1
1
1.45492
1
1
1
1
1
1
1.96696
1
1.95983
1
1
1
1.95671
1
1.96345
1
2.0078
1
2.01388
1
1
1
1
1.9593
1
1
1
1
1
1
1
1
1
1
1
2.01497
1
1
1
1
1
1
1
2.01244
1.95879
1
2.00075
1.96222
1.53405
1
1
1.95797
2.00533
1
1
1.98129
1.99794
1
1
1
1
1.96167
1.96374
1
1
1
1
1
1
1.95602
1
1.8222
1
1.00314
1
1
1
1
1
1
1
1
1
1
1
1.96
1
1
1
1
1
1.17651
1
1
1
1
1
1
1
1
1.96304
1.96155
1
1.9641
1
1
1
1
1.81521
1
1
1
1
1
1.98239
1.95482
1
1
1
1
1
1.99791
1
1
1
1
2.01502
1
1
1
1
1
1.962
1
1.98988
1
1
1
1
1.98714
1.95569
1
1
1
1.99893
1
1
1
1
2.01259
1
1
1
1
1
1
1
1
1
1.95406
1
1
2.00119
1
1
1
1
1
1
1
2.00787
1
1
1
1
1
1
1
1
1
1
1
1
1
1
1
1.96215
1
1
1
1
1
1.96419
1
1
1
1
1
1
1
1
1
1.00568
1
1
1
1
1.95946
1
1
1
1.96284
1
1
1
1
2.04338
1
1.95764
1.97114
1
1.95929
1
1
1
1
1
1
1
1.821
1
1.95679
1
1
1
1
1
1.00082
1
1
1
1
1
1
1
1.75023
1
1
1.96106
1
1
1
1
2.0107
1
1
1
1
1
1.95718
1
1
1.96445
1
1
1.95938
1
1
1.96024
1.95223
1
1
1
1
1
1
1
1
1
1
1
1
2.01271
1
1
1
2.06777
1
1
2.01221
1.84127
1
1
1
1
1.74747
1
1
1
1.96317
1.95977
1
1
1.0024
1.96128
1
1.96332
1
2.01133
1.02115
1
1
1
1
1
1.95519
1.95883
1
1
1.96236
2.00358
1
1
1
1
1
1
1
1.99744
1
1.95845
1
1
1
1
1
1
2.00263
1
1
1
1
1
1
1
1.95703
1
1
1
1
1.96229
1
1
1.81444
1
1
1
1
1
1
2.00028
1
1
1
1
2.05545
1
1
1
1
1
1
1
1
1
1
1
1
1
1
1
1
1
1
1.95518
1.834
1
1.93244
1
1.7996
1
1
1
1.96008
1.98571
1.76819
1
1
1.9626
1
1
1
1
1.95408
1
1
1
2.00851
1
1
1
1
1
1
1
1
1.95804
1
1
1
1
1
1
1.95749
1
1
0.999955
1
1.99976
1
1
1
1
1.27938
1
1
1
1.80446
1
1
1.79829
1
1
1
1
1
2.00385
1
1
1
1
1
2.01422
1
1.96423
1
1
1
1
1
1.94226
1
1.99375
1
1
1
1
1
1
1
1
1
1
1.80477
1
1
0.999934
1
1
1.82131
1
1
1
1
1.98803
1
1
1
1
1.96178
1
1
1.96131
1.96359
1
1
1
1.95865
1
1.98338
1
2.01299
1.9644
1
1
1
1
1
1
1
1.97413
2.02012
1
1
1
1
1
1
1
1
1.00025
1
1
1
1.99993
1
1
1.99353
1
1
1
1
1.95754
1
1
1
1
1
1
1
1.96058
1
1
1
0.999999
1
1.96356
1
1
1.97449
1
1
1
1
1.95732
1
1
1
1
1
1
1
1
1
1
1
1
2.00707
2.00915
1
1
1.76131
1.9711
1
1
1.95638
1
1
1
1
1
1
1
1
1.98814
1
1
1
1.96745
2.00642
1.96318
1
1.96065
1.96014
1
1
1
1
1
1
1
1
1
1.99923
1
1.99996
1.95649
1
1.96593
1
1
1
1
1
1
1.95893
1
1
2.01167
1
1
1
1
1.96413
1
1
1
1
1
1
1
1
1.96148
1
1
1
1.9515
1
1.95833
1.96427
1.97436
1
1
1
1
1
1
1.96058
1
1
1
1
1
1
1
1
1
1
1
1.95952
1.96809
1
1.9914
1
1
1.99833
1.95598
1
1
1.95678
1
1
1
1
1
1
1.9586
1
1.80973
1
1
1.96327
1
1.95069
1
1.96164
1
1.9574
1
1
1.92556
1
1
1
1
1
1
1
1
1
1
1
1
1
1
1
1
1
1
1
1
1
1
1.96101
1.9966
1
1
1
1
1
1
1
1
1.9918
1
1
1
2.01988
1
2.00375
1
1
1.96499
1.96161
1
1
2.00145
1
1
1.96209
1.83291
1
1
1.95921
1
1
1.98718
1
1
1
1
1.95983
1
1
1
1
1
1
1
1
1
1
1
1
1
1
1
1.96547
1
1
1
1
1
1
1
1
1
1
1
1
1
1
1.97443
1
1
1
1
1
1
1
1
1.83448
1
1
1.96379
1
1
1
1
1.95568
1
1
1.96133
1
1
1.99464
1
1
1.81808
1
1
1
1.9666
1
1
1
1
1
1.81353
1
1
1
1
1
1
1
1
1
1
1
1
1
1.99552
1
1
1.9825
1.99386
1
1
1.97485
1
1
1
1
2.00652
1.95892
1
1
1
1
1
1
1.84253
1
1
1
1
1.79707
1
1
1
1.81559
1
1
1.82899
1.96799
1
1
1.97741
1
1
1.96577
1
1
1.79895
1.95522
1.85491
1
1
2.00731
1
1
1
1
1
1
1.96563
1
1
1
1.95953
1
1
1.99652
1
1.8043
1
1
1
1
1.9563
1
1.96266
1
1
1
1
1
1.98887
1
1
1.9726
1
1
1
1
1
1
1.95425
1.85182
1
1
1
2.00137
1
1
1.92574
1
1
1.99485
1
1.99064
1
1
1
1.95791
1
1
1
1.33363
1
1
1
1
1
1
1
1.99694
1
1
1
1
1.96616
1
1.9669
1
1.96782
1.98258
1
1
1
1
1
1
1
1.8474
1.96222
1
1
1
1
1.92689
1
1
1.95961
1
1.96075
1
1
1
1
1
1
1
1
1
1
1
1
1
1
1
1
1
1
1
1
0.99994
1
1
1
1
1
1
1
1
1
1
1
1
1
1.95764
1
1
1
1
1
1
1
1
1.97423
1.96189
1
1.96061
1
1
1
1
1.96091
1
1.96374
1.8951
1
1
1
1
1
1
1.98076
1
1
1.12057
1.96021
0.999997
1
1
1
0.999996
1
1
1
1
1
1
1
1
1
1
1
1
1
1
1
1
1.9585
1
1
1
1
1
1
1
1
1
1
1.99508
1.96908
1.96384
1
1
1
1
1
1.84811
1
1.96181
1
1
1
1
1
1
1
1
1
1
1
1
1
1
1
1
1.9634
1
1
1
1
1.85839
1
1
1.82954
1
1
1
1
1
1
1
1
1
1
1
1
1
1
1
1.85534
1
1
1
1
1
1
1
1
1
1
1
0.999949
1
1
1
1
1
1
2.03714
1
1
1
1
1
1
1.9568
1
1.61306
1
1
2.01241
1
1
1
1
1.96357
1
1
1
1.97531
1
1.9647
1
1
1
1
1.95818
1
1
1.82689
1
1
1
1
1
1
1
1
1
1.96241
1
1
1
1
1
1.9633
1
1.96183
1
1
1
1.97283
1
1
2.02701
1
1
1
1.96499
1
1
1
1
1.98995
1.0076
1
1
1
1
1.96828
1
1.96745
2.0444
1
1
1
1
1
1.95936
1
1
1.96549
1
1
1
2.01167
1
1
1
1.8026
1
1
1
1
1
1
1
1
1
1
1
1
1.96007
1
1
1
1
1
1
1
1
1.95894
1.75444
1
0.999998
1
1
1
1
1
1
1
1
2.00213
1
1
1
1
1
1
1
1
1
1
1.9642
1.96355
1
1
1
1.91784
1
1
1
1
1
1
1
1
1
1
1
1
1
1
1
1
1
1
1
1
1
1
1
1
1
1
1.93538
1.94879
1
1
1
1.76974
1.96163
1
1
2.03478
1
1.81635
1
1.96186
1
1.82655
1
1
1.99706
1
1
1
1
1.97763
2.00275
1
1
1
1
1
1
1
1
1
1
1
1
1
1
1
1
1
1
1
1
1
1
1
1
1
1
1.97921
1
1
1
1
1
1
1
1
1
1
1
1
1
1
1
1
1
1
1
2.00718
1
1
1
1
1
1
1
1
1
1
1
1
1
2.01117
1
1
1
1
1
1
1
1
1
1
1
1
1
1
1
1
1
1
1
1
1
1.96118
1.95728
1
1
1
1
1.97345
1
1
1
1
1
1
2.00042
1
1
1.88754
1
1
1
1
1
1
1
1
1
1
1
1
1
1
1
1
1
1
1.95872
1
1
1.96291
1.96337
1
1
1
1.99761
1
1
1
1
1
1.96271
1
1.89151
1.96557
1.83208
1
1.80356
1
1
1
1
1.96223
1
1
1
1
2.01045
1
1
1
1
1.96256
1
1
1
1
1
1
1
1
1
1
1
1
1
1
1
1
1
1
1
1
1
1
1.96209
1
1
1.96288
1
1.96547
2.005
1
1
1
1
1
1
1.99357
2.02081
1
1
1
1
1.95619
1
1
1.96209
1.79774
1.99918
1
1.7964
1
1
1.79819
1
1.95939
1
1
1
1.99972
1
1
1
2.00061
1
1.9883
1
1.97387
1.99678
1.79366
1
1.76829
1.96348
1
1
1
1
1
1
1
1
1
1
1
1
1
1
1
1
1
1
1.99975
1
1
1
1.95821
1
1
1
1
1
1
1
1
1
1
1
1
1
1
1
1.96006
1
1
1
1
1
1
1
1
1
1
1
1
1
1
1
1
1
1.96316
1
1
2.0029
1
1.82033
1.96437
1.96486
1
1
1
1.94357
1
1
1
1.96212
1
1
1
1
1
1.96792
1
1
1
1
1
1
1
1
1
1
1
1
1
1
1
0.99996
1
1
1
1.96199
1.96483
1
1
1
0.999997
1
1
1.9967
1
1.96183
1.30738
1
1
1
1
1
1
1
1.00022
1
1
1.96569
1
1.95916
1
1
1.9222
1
1
1
1
1
1
1
2.00377
1
1
1
7.35178
1
1
1
1
2.03748
1
1.21632
1
1
1
1
1
1.9634
1
1
1
1
1
1
2.00606
1
1
1
1
1
1.96582
1
1
1
1
1
1
1
1
1
1
1
1
1
1
1
1
1
1.96535
1
1
1
1
1
1
1.00061
1
1
1
1
1
1
1.96571
1
1.93792
1
1
1
1
1
1
1
1
1.95863
1
1
1.96681
1
1
1
1
1
1
1
1
1.96081
1
1
1
1
1
1
1
1
1
1
1.96275
1.98232
1
1
1
1
1
1
1.96192
1
1
1
1.96477
1
1
1
1
1
1
1
1
1
1
1
1
1
1
1
1
1
1.96341
1
1
1
1.96251
1
1
1
1
1
1
1.9636
1
1
1
1
1.96526
1
1
1
1
1
1
1
1
1
1
1
1
1
1
1
1
1
1.96476
1
1
1
1
1
1
1
1.80653
1
1.96702
1
1
0.999972
1.95793
0.999934
1
1
1
1
1
1.96276
1
1
1
1
1
1
2.01293
2.00724
1
1
1
1
1.99887
1.98532
1
1
1
1
1
1
1.96058
1
1
1
1
1
1
1
1
1
1
1
1.95993
1
1
1
1
1
2.00958
1
1
1
1
1
1
1
1
1
1
1
1
1
1
1
1
0.999999
2.01136
1.97091
2.0029
1
1
1
1
1
1
1.96332
1
1
1
1
1
1
1.96588
1
1
1.00118
1
1.96361
1
1
1.95809
1
1
1
1
1
1
1
1
1
1
1.96253
1
1.96062
1
1.96961
1
1
1
1.96518
1.76277
1
1
1
1
1
1
1
1.96317
1.96103
1
1
1
1
1
1
1
1
1
1
1.9634
1
1
1
1
1
1
1
1
1
1
1.96189
2.00011
1.92287
1.96394
1
1.93895
2.03505
1.99112
1
1
1
1.9744
1
1
1
1
1
1
1.96269
1
1
1
1
1.94918
1
1
1
1
1
1
1
1
1
1
1
1
1
1
1
1
1
1
1
1
1
1
1
2.01264
1.89996
1.92258
1
1
1
2.00462
1
1
1
1.15327
1.95911
1
1
1
1
1
1
1.97193
1
1
1
1
1
1
1
1.95999
1
1
1
1
1
1
1
1
1
1.91646
1
1
1
1
1
1
1
1
1
1
1
1
1.96393
1
1.9585
1
1
1
1
1
1
1
1
1
1
1
1
1
2.00205
1
1
1
1
1
1
1
1
1
1
1.96344
1.98955
1
1
1
1
1
1
0.999893
1
1
1
1
1
1
1
1
1.72205
1
1
1
1
1
1
1
1
1
1
1.96806
1
2.00982
1.96413
1
1.96066
1
1
1
1
1
1
1
1
1
1
1.72076
1
1.96185
1
1.95784
1
1
1
1
1
1
1
1.95806
1.9696
1
1
1
1
1
1
1
1
1.76012
1
1
1
1
1
1
1
1
1
1
1
1
1.90877
1.96067
1
1
2.0014
1.99924
1
0.999997
1
1
1
1
1
1
1
1
1
1
1
1
1
2.00263
2.02103
1
1
1
0.999976
1
1.96331
1
1
1
1
1
1
1
1
1
1
1.98698
1
2.004
1
1.95859
1
1
1
1
1
1.9649
1
1
1
1
1
1
1
1.96293
1
1
1
1
1
1
2.00277
0.999946
1
1
1
1
1
1
1
2.08816
1.9684
1
1
1
2.0062
1
1
1
1
1
1
1
1
1
1.96341
1.96292
1
1
1
1
1
1
1
1.96333
1
1
1
1.96353
1
1
1
1
1.95906
1
1
1
1
1
1
1
1
1
1.96056
1.95889
1
1
1.95808
1.95586
1
1
1.95778
1
1
1
1
1.96462
1
1
1
1
1
2.02053
1
4.93353
1
1
1
1
1
1
2.01395
1
1
1
1
1
1.9615
1.83391
1
1.96223
1.95592
1
1
1
1
1
1
0.999984
1
1
1
1
1
1
1
1
1
1
1.7356
4.69323
1
1
1
1.95921
1
1.96031
1
2.01782
1
1
2.01032
1
1
1
1.96262
1
1
1
1
1
1
1
1
1
1
1
1
1
1
1
1
1.96304
1
1
1.96129
2.00952
1
1
1.96346
1
4.3022
1.96537
1
1
1
1
1
1
2.0078
1
1.98678
1
2.00135
1
1
1
1.97643
1
2.00634
1
1
1
1
1
1
1.96402
1
1
1
1
1
1
1
1
1
1
1
1
1
1
1
1
1
1
1
1
1
1
1
1
1
1.9612
1
1
1
1
1
1
1
1
1
1
1
1
1
1
1.96089
1
1
1
1
1
1
1
1
1
1
1
1
1
1
1
1
1
1
1
1
1
1
1
1
1
1
1
1
1
1
1
1
1
1
1
1.96368
1
1
1
1
1
1
1.85327
1
1
1
2.00461
1
1
1.95891
1
1
1
1
1
1.96481
1
1
1
1
1
1
1
1
1
1
1
1
1
1
1
1
1
1
1
1
1
1
1
0.99995
1
1
2.00813
1
1
1
1
1
1
1
1
1
1
1
1.96218
1.98971
1
1.99363
1
1
1
1
1
1
1
1
1.81588
1
1
1
1.9599
1
1
1
1.97069
1
1.96356
1
1
1
1
1
1
1
1.96087
1
1
1.93332
1
2.00182
1
1
1
1
1
1
1
1
1
1
1
1
1
1
1
1
1
1
1
1
1
1
1.91138
1
1
1
1
1
1
1.9524
1
1
1
1
1
1
1
1
1
1
1
2.05462
1
1
1
1
1
1
1.96533
1
1
1.95994
1
1
1
1
1
1
1
1
1
1
1
1
1
1
1
1
1
1
1
1
1
1
1.96153
1
1
1
1
1
1.96785
1
1
1
1.97303
1
1
1.95925
1
1
2.00582
1.96543
1
1
1.96798
1
1
1
1
1
1
1
1.96979
1
1
1
1.9608
1
1
2.0267
1.96359
1
1
1
1
1.96068
1
1
1.96003
1
1
1
1
1.96063
1
1.96458
1
1
1
1
1
1
1
1
1
1
1
1
1
1
1
1
1
1
1
1
1
1
1
1
1
1
1
1
1
1
1.98139
1
1.95561
1
1
1
1.96582
1.94694
1
1
1
1
1
1
1.99877
1
1
1.96593
1
1
1
1
1.96752
1.94793
1
1
1
1.32828
1.95247
1.9452
1
1
1
1
1
1.95834
1
1
1
1.97714
1
1
1
1
1
1
1
1.96783
1
1
1.76995
1
1
1
1
1
1.79154
1
1
1
1
1
1
1
2.00651
1
1
1
1
1
1.95818
1
1
1
0.999984
1
1
2.00089
1
2.06149
1
1
1
1
1
1
1.95725
1
1
1
1
1
1.96261
1
1
1.96894
1
1.9635
1
1
1
1
1
1
1
1
1
1.96386
1
1
1
1
1
1
1
1
1
1.95916
1
1.58631
1
1
1
1
1
1
1
1
1
1
1
1
1
1
1
1.98249
1
1
1
1.43684
1
1
1
1
1
1
1
1
1
1
1.9599
1
1
1
1
2.00664
1
1
1
1
1
1
1
1
1
1
1
1
1
1
1
1
1
1
1
1
1
1
1
1
1
1
1
1
1
1
1
1
1
1
1
1.96677
1
1.94562
1
1
1
1
1
1.82987
1
1
1
1
1
1
2.00809
1
1
1
1
1
1
1
1
1
1
1
1
1
1
1
1
1
1
1
1
1
1
1
1
1
1
1
1
1
1
1
1
1.96188
1
1
1
1.83916
1
1.97955
1.9609
1.83179
1
1
1
1
1.95565
1
1
1
1
1
1
1
1
1
1
1
1
1
1
1.43853
1
1
1
1
1
1
1
1.96314
1.99385
1
1
1
1.96313
1
1
1
1
1
1
1
1
1
1
1
1
1
1
1
1
1
1
1.78852
1
1
1
1
2.03977
1.96059
1
1
1.78875
1
1
1
1.95938
1
1
1
2.00288
1
1.99217
1
1
1
1
1
1
1.78592
1
1
1
1
1
1
2.00325
1.9603
1
1
1
1
1.96301
1
1.93495
1.95864
1
1
1
1
1
1
1
1
1
1
1.65362
1
1.96096
1
1
1
1
1
1.84562
1
1
1
1
1
1
1
1
1
1
1
1
1
1
1
1
1
1.88609
1
1
1
1
1
1
1
1.96432
1
1.97576
1
1
1
1
1
1
1
1
1.79073
1
1
1
1
1
1
1
1
1
10.0245
1
1
1
1
1
1
1
2.00276
1.96593
1
1
1
1
1
1
1
1
1
1
1
1
1
1.39408
1
1
1
1
1
1
1
1
1
1
1.95676
1
1
1
1
1
1
2.07482
1.99221
1
1
1.85495
1
1
1
1
1
1
1
2.00039
1
1
1
1
1
1
1
1
1
1
1.32289
1
1.47039
1
1
1
1
1.48685
1
1.01041
1
1
1
1
1
1
1.96485
1.97584
1
1
2.00651
1
1
1
1
1
1.95929
1
1
1
1
1
1
1
1
1
1
1
1
1
1.43599
1
1.8225
1
1
1
1
1
1
1
1
1
1
1
1
1.97235
1
1
1
1
1
1
1
1.53508
1
1
1
1
1.96418
1
1
1
1
1
1
1
1.96058
1.96644
1
1.96363
1
1
1.95999
1
1
1.95919
1
1.95615
1
1
1
1.82807
1
1
1
1
1
1
1
1
1
1
1
1
1.96172
1.82057
1
1
1
1.96247
1
1
1
1
1
1
1
1
1
1.97536
1
1
1
1
1
1
1
1
1
1
1.96923
1
1
1
1
1
1
1
2.00833
1
1
1
1.30415
2.10205
1
1
1
1
1
1
1
1
1
1
1
1
1
1
1
2.01301
1
1.95849
1
1
1.96265
1
1
1
1.96887
1
1
1
1
1
2.03747
1
1
1
1
1
1
1
2.00026
1
1
1
1
1
1
1
1
1
1
1.72749
1
1
1
1
2.01913
1.00914
1
1
1
1
1
1
1.83295
1
1
1
1
2.01649
1
1
1
1
1
1
1
1
1.38013
1
1
1.95925
1
1
1
1
1
1.96141
1.80656
1
1
1
1
1
1
1
1
1
1
1
1
1
1
1
1
1
1
1.96336
1
1
1
1
1
1.79189
1
1.82303
1.7864
1
1
1
1
1
1
1
1
1
1
1
1
1
1
1
1
1
1
1.95983
1
1
1
1
1
1
1.94419
1
1
1.96152
1
1
1
1
1
1
8.91035
1
1
1
1
1
1
1.96505
1
1
1
1
1.96227
1
1
1
1
1
2.00302
1
1
1
1.85202
1
1
1
1
1
1.96343
1.96735
1
1
1
1
1
1
1
1
1
1
1
1
1
2.00092
1.93331
1
1
1
1
1.95916
1
1
1
1
1
1
2.0358
1.96855
1
1.97039
1
1
1
1
1
1
1.96141
1
1.75751
1.78988
1
1.96346
7.38052
1
1
1
1
1.95665
1.95946
1
1
1
1
1.97059
1
1
1
1
1
1
1
1
1.95093
1
1
1
1
1.95784
1
1.96848
1.96051
1
1
1
1
1
1
1
1
1
1
1.87674
1.952
4.53049
1
1
1
1
1
1
1.95169
1.9601
4.50955
1
1
1
1
1
1.96895
1
1
1
1.97386
1
1.92442
1
1
1
1
1.96273
1
1
1.95561
1
1
1
1
1
1.99662
1
1
1
1.96323
1
1
1.96452
1
1
1
1
1
1
1
1.94964
1
1
1
1
1
1
1
1
1
1
1
1
1
1
1
1
1
1
1
1
1
1
1
1
1
1.95366
1
1
1
1
1
1
1.97904
1.92653
1
1
1
1
1
1.99584
2.05309
1
1
1
2.0015
1
1
1
1
1
1
3.77024
1
1
1
1
1
1
1.75382
1
1
1
1
1.99459
1
1
1
1
1
1
1.9678
1
1
1
1
1.44024
1.74023
1
1
1
1
1
1
1.96455
1
1
1
1
1
1
1
1
1
1
1.89044
1
1
1
1
1
1
1
1
1
1
1
1.90744
1
1
1
1
1
1
1
1
1
3.88631
1
1
1
1.95121
1
1.85482
1
1
2.18654
1
1
1
1
1.96632
1.9553
1
1
1
1
1
2.10926
1
1
1
1
1
1.94982
1
2.00947
1
1
1
1
1
1
1
1
1
1
1
2.03972
1
1.97886
1
1
1
1
1
1
1
1
1
1
1.99964
1
1
1
1
1
1
1
1
1
1
1
1
1
1
1
1
1
1
1
1
1
2.00415
1
1
1
1
1
1.98011
1
1
1
1
1
1
1
1.71025
1
1
1
1
1
1
1
1
1
1
1
1
1
1
1
1
1
1
1
1
1
1
1
2.02329
1
1
1.82509
1
1
1
1
2.05303
1.95532
1
1
1
1
1
1
1
1.849
1
2.19248
1
1
1
1
1
1
1
1
1
1
1
1
1
1
1.96687
1.26277
1.94241
1
1
1
1
1
1
1
1
1
1
1.35952
1
1
2.0456
1
1
1
1
1
1
1
1
1
1.9523
1
1
1
1
1
1
1
1
1
1
1
1
1
1.95013
1
1.78237
1
1
1
1
1
1
1.95975
1
1
1
1
1
1
1
1
1
1
1
1
1.90006
1
1
1
1.96742
1
1.72168
1
1
1
1
2.01494
1
1
1.71757
1
1
2.04559
1
1
1
1
1
1
1
1
1
1.96186
1
2.06743
1
1
1
0.999903
1
1
1
1.95132
1
1
1.96012
1
1
1
1.96469
1
1.77428
1
1.96458
1
1.92711
1
1
1
1.78841
1.96254
1
1
1.01792
1.96035
1.96506
1
1
1
1.9637
1.96309
1
1.96241
1
1.99457
1
1.96498
1
1
1
1
1
0.999901
1
1
1
1
1
1.94884
1
1
1
1
1
1
1.84648
1.96989
1
1
1.9867
1
1
1
1
1
1
1.95903
1
1
1
1
1.00719
1
1.92366
1
1
1
1
1
1
1
1
1
1
1
1
1
1
1
1.98695
1
2.02872
1
1
1
1
1
1
1
1
1
1
1
1
1
1
1.96357
1
1.92413
1
1
1
1
1
1
1
1.96749
2.07465
1.96899
1
1.97185
1
1
1
1
1.46049
1
1
1
1
1
1
1.39235
1
1
1.79358
1
1
1
1
1
1
1
1.41885
1
1
1
1
1
1
1
1
1
1
1
1
1
1.80548
1
1
1
1.85715
1
1
1
1
1
1
0.999999
1.95828
1.76101
1
1
1
0.999967
1
1
1
1
1
1
1
1.78283
1
1
1
1
1
1.8443
1
1
1
1
1
1
1
1
1
1
1
1.96512
4.54652
1
1
1
4.4619
1.92529
1.9748
1.95767
1
1
1
1
1
1
1.8322
1.60963
1
1
1
1
1
1
1
1
1.69922
1
1
1
1
1
1
1
1.99195
1
1
1
1
1
1
1
1
1
1
1
1
1
1
1
1
1
1
1
1
1
1
1
1
1
1
1
1.91313
1
1.64077
1
1
1
1
1
1
1
1
1
2.0869
1
1
1
1
1
1
1.7215
2.01445
1
1.83906
1
1
2.12981
1
1
1
1
5.03572
2.12635
1
1
1.81032
4.45379
1
1
1
1
1
1.90037
1
1
1.82552
1
1
1
1.63865
1
1
1
1
1
1
1.82756
2.06335
1
0.999936
1
1
1
1.98417
1
1
1
1
1
1.96192
1
1
1
1.72615
1
3.47573
1
1
1
1
1
1
1
1
9.03418
1
1
0.9996
1
1
2.03631
1
1
1
1
1
1
1.62642
1
1
1
1
3.34081
1
1
1
1.79227
1.78668
1
1.96806
1
1
1
1
1
1
1
1.46325
1.78794
1
1
1
1
1.98368
1
1.95572
1
1
1
1
1
1
2.00384
1
1
1
0.999992
1
2.02584
1.33145
1
1
1
1
1.11045
1
1.96086
1
1.72733
1
1
1
9.35355
1.9594
1
1
1.49663
1
1
1
1
1
1
3.40245
1.86514
1.96302
5.01826
1
1
1.85694
2.03596
1.8872
1
1
1
1.98285
1.89478
1
1
1
1
1.85904
1
1
1
1.84763
1
1
1
1
1
1
1
1
1
1
3.33232
1
1
1
1
1
1
1.88648
1
1
1
1
1
1.8499
1
1
1
1
1
1
1
1
1
1
1
1
1
1
1
1
1
1
1
1
1
1.96106
1.44101
3.51897
1.96068
3.76668
1.85934
1
1.96935
1
11.3405
1.81069
1
1.95984
1
1
1
1
1.95991
1
1
1
1
1
1
1
1
1
1
2.00394
1
1
1
1
1
1
1.78185
1.96146
1
10.9239
2.06858
1
2.01866
1.96098
1
1
1.85586
1.74827
1
1.85945
1
1
1
1
1.49149
1
1
1
1
1
1
1
1
3.78907
0.999975
1
1
1
1
1
1.67231
1
1
1
1.95574
1
1
4.07281
1
1
1
1
1.94051
1
1
1
1
1
1
1
1
1
1
1
1
1
1
1
1
1
1.90021
1
1.98122
1
1
1
1
1
1
1
1
1
1
1
1
1
1.39083
1
1
1
1.90727
1
1
1.95212
1
1
1.95328
1
1.95177
1
1.95846
1
1
1
2.0021
1
1
1
1.84192
1
1
1
1
1
1
1
1
1
2.03306
1
1
1
1.84462
1
1.79082
1
1.71919
1
1
1
2.06145
1
1
1
1
1
1
1
1
1
1
1
1
1
1
1
1
1
1
1
1
1
1
1
1.6776
1
1
1
1
1
1
1
2.02015
1
1
1.96626
1
1
1
1
1
1
1
1.94606
1.84804
1
1
1
1
1
1
1
1
1
1
1
1
4.48025
1.84437
1
1
1
1
8.03899
1
1
1.96892
1
1
1
1
1
1
1
1
1
1
1
1
1
1
1
1
1
1
1
1
1
1.56417
1
1.53153
1
1
1
1
1.52485
1
1
1.86624
1
1
2.02544
1
1
1
1
1
1
1
1
2.00912
1
1
4.26213
1
1
1
1
1.96102
1
1
1
1.95341
1
1
1
1
1
1
1
1
1
1
1
1
1
1
1
1
1
1
1.02719
1
1
1
1
1
2.15749
1
1
1
9.23984
1
1
1
1
1.82278
1
1
1
1
1
1.96917
1
1
1
1
1
1
1
1
1
1.95211
1
1
1
1
1
1
1.97309
1
1
1
1
1
1
0.99988
1.84168
1
1
1.96381
1
1
1.67766
1
2.01231
1
1
1
1
1
1
1
1
1
1.95407
1
1
1.96497
2.02153
1.66203
1.41597
0.999921
1
1
1
1
1.97416
1
1
1
1
1
1
1
1
1
1
1.51729
1
1
2.022
1
1.96191
1
1
1
1
1
2.03216
1
1
1
1
1
1
1
1
1
1
1
1
1
1
1
1
1
1
1
1
1
1
1
1
1.96435
2.08159
1
1
1.82021
1.72264
1
1
1
1.42668
1
1
1
1
1
1
1
1
1
1
1
1
1
1
1
1
1
1
1
1
1
1
1
1
1
1
1
1
1
1
2.0992
1
1
1
1
1
1
1
1
1
1
1
1
1
1
1
1
1
1.79164
1.80018
1.82468
1
1
1
1
1
1
1
1
1
1
1
1
1
1
1
1
1
1
1
1
1.96431
1
1.94919
1
2.10493
1
1.963
1
1
1
1
1
1
1
1
1
1
1
1
2.0528
1.95182
1
1
1
1
1
1
1
1
1
1.73678
1
1.98506
1
1
1
1
1
1
1
1
1
1.82242
1
1.95164
1
1
1.95101
2.01207
1
1.94256
1
1.12866
1
1
1
1
1
1
1
2.02042
1
1
1
1
1
1
1
2.03935
1.96558
1
1.80709
1
1
1
1
1
1
1
1
1
1
1
1.9344
1
1
1.97248
1
1
1
1
1
1.95878
1
1
2.08164
1
1
1
1
1
1
2.01599
1
1
1
1
1
1
1
1
1
1.72211
1
1
1
1
1
1
1.52082
1
1.00157
1
1
1
1
1
1
2.08122
1
1
1
1
1
1
1
1
1
1.80452
1
1
1.95536
1
1
1
1
1
2.089
1
1
1
2.07946
2.11209
1
1
1
1
1
1
1
1
1
1.96708
1
1
1
1
1
1
1
1
1
1
1
1
1
1
2.86707
1
1.96975
1.89885
1
1.96492
1
1
1
1
1
1
1
1.01408
1
1
1
1
1
1
1
1.5635
1
1.78575
0.999901
1.95755
1
1
1
2.01324
1
1
2.01814
0.999994
1
1
1
1
1.85031
1.79214
1
1.79225
1
1
1
1.96743
2.0257
1
2.05276
1
1
1
1
1
1
1.78899
1.81415
1
1
1
2.00511
1
1
1
1
1.88675
1
1.94979
1
1
1
1
1
1
1.96181
1
1
1
1
1
1
1
1
1.93911
1.61397
2.02488
1
1
1
1
1.96107
1.95899
1
1.9551
1.95934
1
1.95244
1.81031
1
1
1
1
1
1.00661
1
1.94844
1.95906
1
1
0.999889
1.9538
1
1
1
1
1
1
1.11885
1.9995
1
1.96353
1.82397
1.96463
1.9656
1.77356
1.96362
1
1
1
1
0.999975
1.98414
1.96373
1.96414
1
2.0442
1.9934
0.999892
0.999999
1
1.96863
1
1
1.9589
1
1
1.96559
1.96519
1.96146
0.999978
1
1
3.74924
1
1.82302
2.01653
1
1.48983
1.84707
1
1
1
1
1
1
1
1
1.71158
1.76685
0.999975
1
1
1.96138
1
1
1
0.999841
2.06129
1.85209
1
1.85
1
1
1
1.95572
1
1.95755
1.95749
1.95746
1
1.96149
1.95425
1
1.97252
1
1.96015
1
1
1
1.52106
1.96121
1
1
1
1.70651
1
1
1
1
1.40542
1
1
1
1
1
1.96363
0.999999
1
1
1
1
1.99213
1.80931
1.96747
1
1
1
1.99188
1.78765
1
1
1
1
1.72267
1
1
1
1
1
1
1
1
1
1
1
1
1
1
1
1
1
1
2.12271
1
1
1
1
1
1
1
1
1
1
1
1.82391
1
1.95844
1
1
1
1
1
1
1
1.94992
1
1
1
1
1
6.28237
1
1
1
2.01339
1
1
1
1
1
1
11.1481
1
1
1
1
1
1.87648
1
1
1
1
1
1
1
1
1.76252
1
1
1
1
1
1
1.92926
1
1
2.01015
1.84389
2.02129
2.18922
1
1.30369
1
1
1
1
2.08657
1
1
1
1
1
1
2.29623
1
1
1
1
1
2.10332
1
1
1
1
1
1
1
1
1
1
1.96897
1
1
1.79688
1.96396
1
1.96755
1
1
2.00474
1.96056
1.52095
1
1.86937
1.96871
1.97295
2.09849
1.92947
1
1.89981
1
1.96346
1.72087
1
1
1
1
1
1
1.89989
1.89382
1
1
1.82475
1
14.9976
1
1
1.99499
1
1.90791
1
1
1
1
1
1
1
1.96726
1.76033
1
1
1
1.90569
1
1
1
0.999787
1.80147
1
1
0.999958
1
1.68245
1
1
1
1.5274
1
1
1
1
11.955
1
1.84098
1
1.92704
1
1
1
1
1
1.74187
1.90801
1
1
1.96188
1
1
1
1
1
5.14247
1
1
1
1
1
1
4.28269
1
1.90037
1
1.43117
1
1
1
1
1
1
1.74086
1
2.03156
1
1
1.97094
1
1
1
1
1
1
1
1
1.78703
1
1
1
1
1
1
1.98388
1
1.72125
1
1.89411
1
1.84824
1
1
1
1
1.83949
1.97281
1
1.95204
2.0756
1
1.75357
2.04969
1
1.97731
1.70957
2.01986
1.95139
0.999999
1.95915
1
1
1
9.66639
1
1
1
1
1
1
4.81103
1
1.85294
1.49565
1.43775
1
1.89968
1
1
1
1
1
1
1
15.918
1
1.95101
1.96719
1.89142
2.00413
1
1
1.9687
1.9666
1.96262
1
1
1
1.84859
1.83532
1.95216
1.25684
1.85227
1.99116
1
1
1.96528
1.85255
1
1
1
1
1
1
1
1
1
1.77448
1.86283
1
1.16651
1
1.67277
1
1.46615
1.92968
1
1
1
1
1
1
1
1.84807
1
1
1.83523
1
1
1.77867
1
1
1
1
1.19668
1
1
1
1
1
1.91167
1.89924
1
1
1
1.98662
1.90363
1
0.99987
1
1.96772
1.90358
1.90334
1
1
1
1
1
1.81951
1
2.04529
1
1.83676
1
1
1
1
1
1
1.73565
1
1.90075
1
1
1
1
1
1.88453
1
1
1
1
1
1
1
2.00519
1.91683
2.00034
1
1
1
1.81684
1
1
1
1
1
2.00022
1
1.81971
1.72467
1.83776
2.03777
1
1
1
1.68875
1
1.65766
1.97093
1
1.96018
1.9553
1.85192
1
21.3683
1
1
1
1
1
1
1
1.8459
1
1
1
1
1
1
1
1
1
1
1
1.38295
1
2.05802
1
1
1.9679
1.9973
1
16.5094
1
1.79259
1
1
1
1
1
2.04974
1
1
1
1.96445
1
1
1
2.03526
1
1
1
1
1
1
1
0.999848
1
1
21.3734
5.20882
1
1
1
1.89925
1.74304
1
1
1
1.95774
1
1
1
1
1
1
1.8473
1
1
1
1
1.93327
1
1.82519
1.96052
1.97646
1.96593
1.96345
1.96106
5.33742
1
1
1
1
1.9049
1
1
1.85071
1.86754
1.96044
1.96228
1.79365
1
1.96594
1
1
1.00356
1
1.96612
1
1
1.85098
1
1
1
1
2.00136
1
1
1
1
1
1
1
1
1
1
1
1
1
1
1
1
1.95379
1
1
1
1
1
1.96283
1
1
2.06341
1
1
1
1
1.84775
1
1
1.94988
1.97226
1
1
1
1
1
1.98961
1
1
1
1
1
1
1.78845
1
1
1
1
1
1
1
1
1
1
1
1
1
2.02366
1.96671
1
1.83032
1
1.99632
1.47334
1
1.88285
1
1
1
1
1
1
1
1
1
1
2.30085
1
1.25834
1
1
1
1
1
1
1
1
1
1.92132
1
1
1
1
1
2.02539
1
1
1.84401
1
1
1
1
1
1
1
1.84129
1.8453
1
1.96487
1
1
1
1
1
1.48961
1
1
1
1.92945
1.79297
1
1
1
1
1
1
1
1
1.89333
1
1.74721
1
1
1.22982
1
1
1
1
1
1
1
1
1
)
;

boundaryField
{
    back
    {
        type            empty;
    }
    front
    {
        type            empty;
    }
    outlet
    {
        type            zeroGradient;
    }
    top
    {
        type            zeroGradient;
    }
    inlet
    {
        type            fixedValue;
        value           uniform 1;
    }
    bottom
    {
        type            zeroGradient;
    }
}


// ************************************************************************* //
