/*--------------------------------*- C++ -*----------------------------------*\
  =========                 |
  \\      /  F ield         | OpenFOAM: The Open Source CFD Toolbox
   \\    /   O peration     | Website:  https://openfoam.org
    \\  /    A nd           | Version:  12
     \\/     M anipulation  |
\*---------------------------------------------------------------------------*/
FoamFile
{
    format      ascii;
    class       volScalarField;
    location    "29.9";
    object      p;
}
// * * * * * * * * * * * * * * * * * * * * * * * * * * * * * * * * * * * * * //

dimensions      [1 -1 -2 0 0 0 0];

internalField   nonuniform List<scalar> 
9801
(
0.661428
0.686382
0.690547
0.692819
0.679935
0.637798
0.617889
0.618886
0.625615
0.638492
0.663578
0.71716
0.769002
0.786311
0.788368
0.786589
0.778
0.760241
0.728395
0.696708
0.688232
0.691387
0.698796
0.711312
0.723659
0.741084
0.786243
0.833496
0.848374
0.848926
0.846301
0.837284
0.804986
0.761346
0.749417
0.754643
0.765566
0.779519
0.790636
0.804857
0.835008
0.870304
0.887917
0.895696
0.901358
0.906354
0.905757
0.885014
0.867456
0.864088
0.866642
0.871115
0.879677
0.90335
0.926921
0.939521
0.945352
0.948273
0.953341
0.961913
0.975677
0.992856
1.01552
1.04231
1.05814
1.06561
1.06972
1.07262
1.07197
1.05687
1.03643
1.03504
1.04392
1.05613
1.07252
1.10314
1.16024
1.2101
1.23815
1.25617
1.27018
1.27244
1.23008
1.18066
1.16981
1.18164
1.20472
1.26291
1.37209
1.45638
1.50383
1.5385
1.56693
1.57458
1.55227
1.52966
1.49202
4.04157
29.956
0.668131
0.681949
0.689836
0.690211
0.669837
0.653739
0.643942
0.637667
0.638072
0.644906
0.658629
0.689376
0.742743
0.777364
0.79035
0.794699
0.793818
0.780428
0.750342
0.722169
0.706304
0.701399
0.703019
0.707998
0.715841
0.73188
0.765322
0.809176
0.836246
0.84718
0.852461
0.853593
0.838336
0.80757
0.780693
0.769465
0.770548
0.775906
0.784273
0.798224
0.825116
0.858409
0.882406
0.895092
0.903001
0.908429
0.905082
0.893207
0.884369
0.883656
0.886513
0.89467
0.912418
0.923023
0.930361
0.937335
0.941616
0.948673
0.957888
0.967483
0.976706
0.988492
1.01346
1.04147
1.05889
1.06826
1.07445
1.07827
1.08025
1.06874
1.0495
1.04353
1.04936
1.06136
1.0767
1.10632
1.16401
1.21048
1.23259
1.24416
1.25272
1.25539
1.22244
1.18224
1.17234
1.18765
1.21389
1.2664
1.35403
1.42973
1.47932
1.52146
1.55625
1.56243
1.5374
1.50501
1.41398
3.71584
30.2613
0.681952
0.689667
0.693875
0.681855
0.65924
0.654498
0.656655
0.659609
0.663956
0.668843
0.674238
0.687972
0.722302
0.758738
0.774934
0.778929
0.777212
0.771973
0.757387
0.741416
0.732843
0.728769
0.726674
0.726698
0.730089
0.740576
0.758948
0.783482
0.813434
0.833688
0.843745
0.847734
0.842133
0.833274
0.821167
0.805051
0.792101
0.790184
0.794284
0.807928
0.833799
0.859761
0.880152
0.894139
0.903647
0.909011
0.900429
0.8918
0.890858
0.894286
0.899502
0.913527
0.930004
0.9341
0.936496
0.941707
0.948802
0.956141
0.966298
0.975502
0.980455
0.984937
0.994619
1.01772
1.03935
1.05146
1.06008
1.06737
1.0759
1.07655
1.06343
1.05475
1.05682
1.06639
1.07909
1.09925
1.14689
1.1913
1.21316
1.22645
1.23734
1.24203
1.21875
1.18429
1.17627
1.19163
1.21919
1.25859
1.32935
1.41275
1.47142
1.51501
1.55478
1.56651
1.55223
1.53162
1.44605
3.50631
30.2897
0.700634
0.703781
0.687988
0.669305
0.662703
0.664126
0.669071
0.678142
0.686135
0.691237
0.695564
0.696466
0.701727
0.725053
0.750072
0.765637
0.773497
0.778548
0.777458
0.762331
0.751277
0.747393
0.747239
0.748209
0.749322
0.750294
0.760889
0.777038
0.794287
0.817366
0.837981
0.850554
0.857362
0.851814
0.838807
0.828299
0.821286
0.816735
0.815666
0.826255
0.849844
0.866767
0.879918
0.892427
0.902658
0.907555
0.902519
0.902455
0.906123
0.909335
0.913055
0.923011
0.935332
0.94263
0.951305
0.961538
0.969124
0.970522
0.973018
0.974823
0.971373
0.969281
0.974003
0.990197
1.02334
1.04581
1.05906
1.07081
1.08232
1.09148
1.08296
1.06487
1.05982
1.06597
1.07652
1.08956
1.12062
1.17134
1.2018
1.2172
1.22832
1.23687
1.22948
1.20654
1.19345
1.19676
1.21711
1.24754
1.29144
1.36183
1.42685
1.47593
1.5227
1.55248
1.55191
1.53166
1.44346
3.44689
30.3386
0.707181
0.703213
0.684234
0.675593
0.674907
0.677539
0.684321
0.692063
0.697505
0.701905
0.699923
0.697268
0.698048
0.707141
0.7369
0.766203
0.781415
0.789355
0.794535
0.782612
0.765686
0.755671
0.74924
0.747056
0.748297
0.758607
0.782742
0.796921
0.80633
0.814768
0.828006
0.841818
0.847977
0.845753
0.837224
0.828067
0.82509
0.826812
0.835905
0.857703
0.874154
0.885512
0.894606
0.902722
0.910475
0.910577
0.905413
0.900015
0.897108
0.897925
0.901447
0.914774
0.936904
0.95644
0.972827
0.984898
0.993522
0.992367
0.978857
0.967386
0.960634
0.95959
0.964836
0.975168
1.00851
1.04244
1.05977
1.07209
1.08437
1.09582
1.09939
1.07843
1.06145
1.06029
1.06824
1.07954
1.09636
1.14279
1.18832
1.20924
1.22156
1.2351
1.24341
1.23609
1.22158
1.21142
1.21221
1.23044
1.25949
1.30723
1.37706
1.43893
1.49204
1.54247
1.56491
1.55851
1.46506
3.41996
30.4468
0.704689
0.6994
0.691194
0.690824
0.691477
0.695538
0.700537
0.704747
0.705288
0.700897
0.696801
0.696681
0.69936
0.706565
0.73625
0.771011
0.788331
0.796699
0.802761
0.797812
0.766802
0.746754
0.743452
0.746307
0.754251
0.779337
0.809076
0.823285
0.829397
0.833643
0.836174
0.823957
0.809534
0.810288
0.819883
0.826765
0.831187
0.840549
0.862596
0.886851
0.900944
0.908722
0.915247
0.921166
0.920767
0.907328
0.888698
0.877369
0.875707
0.880187
0.888208
0.908074
0.945562
0.977822
0.997316
1.0087
1.01582
1.01526
0.993589
0.963649
0.947625
0.946429
0.952982
0.963046
0.989991
1.03369
1.06167
1.07719
1.08991
1.10182
1.11178
1.10077
1.07372
1.0578
1.05609
1.06277
1.07373
1.10246
1.15938
1.20069
1.22495
1.24497
1.26444
1.27061
1.25383
1.23585
1.22687
1.22707
1.23774
1.26474
1.31393
1.37961
1.44121
1.49777
1.53935
1.55341
1.4998
3.44029
30.6008
0.69862
0.699591
0.702379
0.709392
0.715218
0.717789
0.716267
0.711441
0.703583
0.696734
0.695523
0.698235
0.702114
0.711302
0.742955
0.778052
0.793411
0.799834
0.803512
0.791187
0.757008
0.74162
0.742168
0.746561
0.763007
0.802177
0.82992
0.841148
0.847712
0.850591
0.834447
0.798295
0.781751
0.783384
0.793458
0.811432
0.830118
0.855562
0.890754
0.913002
0.922637
0.928434
0.932365
0.932897
0.923789
0.895011
0.865359
0.855851
0.858775
0.866749
0.877493
0.898955
0.947895
0.994262
1.01578
1.0261
1.03289
1.0344
1.01473
0.976315
0.948538
0.938761
0.94149
0.948449
0.965165
1.00953
1.057
1.08511
1.10273
1.11635
1.12742
1.12329
1.09422
1.06769
1.0522
1.04793
1.05408
1.06902
1.11349
1.17679
1.22361
1.25568
1.28016
1.29884
1.29634
1.27376
1.2492
1.23205
1.22963
1.24078
1.26907
1.32252
1.39106
1.45273
1.49536
1.52112
1.51065
3.50885
30.7958
0.684901
0.708207
0.720434
0.729943
0.736359
0.739497
0.733481
0.715594
0.697694
0.69073
0.691814
0.695278
0.700403
0.713171
0.742164
0.773079
0.788681
0.794751
0.79422
0.77716
0.755493
0.748256
0.750204
0.756508
0.782183
0.818249
0.839385
0.848858
0.85213
0.841475
0.811335
0.785574
0.779443
0.782088
0.787591
0.799627
0.823535
0.870671
0.911241
0.927885
0.935358
0.938028
0.934498
0.927244
0.913463
0.885371
0.85635
0.845325
0.84823
0.855788
0.867152
0.888647
0.941987
1.00023
1.02612
1.03683
1.0444
1.04686
1.03325
0.995581
0.960767
0.943235
0.936505
0.937582
0.944404
0.97108
1.03377
1.08718
1.11578
1.13424
1.14747
1.15172
1.12572
1.08283
1.05244
1.03924
1.04152
1.05271
1.07654
1.1321
1.20157
1.25502
1.28977
1.31432
1.33027
1.32414
1.29172
1.25515
1.23221
1.22862
1.24305
1.27499
1.33544
1.40452
1.44993
1.4766
1.493
3.6083
30.9732
0.659135
0.717481
0.739701
0.750305
0.755638
0.758338
0.751822
0.721159
0.694008
0.688534
0.69014
0.693728
0.703247
0.718683
0.736301
0.754706
0.769934
0.777916
0.777046
0.770067
0.764939
0.762905
0.76601
0.781649
0.804282
0.821522
0.832173
0.835853
0.826527
0.808226
0.796135
0.790887
0.788956
0.79131
0.79828
0.818207
0.85069
0.882885
0.912815
0.928233
0.932597
0.929841
0.922176
0.914318
0.905685
0.888205
0.86136
0.847393
0.847018
0.851985
0.860504
0.879727
0.931376
0.995566
1.02654
1.03852
1.04712
1.0502
1.04253
1.01745
0.976727
0.946469
0.932319
0.931654
0.937222
0.949031
0.997639
1.08073
1.13309
1.15585
1.16889
1.17445
1.15471
1.0991
1.05314
1.03683
1.03855
1.04875
1.06463
1.09585
1.16102
1.24136
1.29514
1.32253
1.34104
1.35012
1.34067
1.30287
1.25828
1.23277
1.23047
1.24659
1.27972
1.34574
1.40058
1.43332
1.45804
3.69243
31.071
0.641783
0.712422
0.75072
0.761055
0.765798
0.765057
0.748837
0.717577
0.697641
0.693142
0.694709
0.699166
0.710436
0.724552
0.733036
0.739346
0.745293
0.748718
0.75322
0.760528
0.769511
0.779842
0.797942
0.812514
0.818397
0.820673
0.818236
0.800089
0.785043
0.781392
0.784366
0.789797
0.796551
0.81145
0.837051
0.856854
0.866023
0.875477
0.892925
0.906202
0.910241
0.909403
0.908658
0.91085
0.911083
0.896866
0.871083
0.856392
0.855152
0.859758
0.86623
0.876598
0.916576
0.983131
1.02074
1.03494
1.04312
1.04474
1.03837
1.02362
0.987928
0.946503
0.931314
0.932032
0.938756
0.948503
0.976727
1.06661
1.14208
1.1673
1.17885
1.18245
1.17059
1.12388
1.06766
1.04523
1.04476
1.05467
1.06942
1.08817
1.12484
1.20029
1.27576
1.31848
1.34099
1.35596
1.358
1.33962
1.29814
1.25628
1.23488
1.23429
1.24571
1.28601
1.34562
1.38239
1.41388
3.75401
31.1811
0.653974
0.716473
0.749359
0.762056
0.766632
0.756144
0.73186
0.716273
0.707913
0.703615
0.704582
0.710424
0.721465
0.729237
0.732868
0.733825
0.729932
0.729903
0.734771
0.744407
0.761645
0.794517
0.815993
0.82455
0.828434
0.819529
0.78977
0.771416
0.768685
0.771522
0.779126
0.794735
0.824207
0.851471
0.866848
0.871955
0.865897
0.859378
0.857095
0.868134
0.886844
0.897134
0.903994
0.910785
0.91611
0.914873
0.891743
0.871096
0.865437
0.867822
0.873014
0.880183
0.907501
0.967569
1.0094
1.02588
1.03213
1.02731
1.01833
1.01136
0.993602
0.958356
0.938735
0.939017
0.947938
0.966802
0.995649
1.05108
1.12652
1.16342
1.17593
1.17296
1.15706
1.13307
1.09803
1.06966
1.06204
1.06872
1.08389
1.10235
1.12024
1.15597
1.23252
1.29374
1.32535
1.34447
1.35749
1.34665
1.31752
1.284
1.25193
1.23398
1.23313
1.24699
1.29392
1.33086
1.36767
3.78473
31.3046
0.681909
0.71715
0.735026
0.744912
0.743739
0.728272
0.719005
0.719944
0.721959
0.723222
0.726266
0.732225
0.736002
0.73689
0.735338
0.731135
0.730083
0.73236
0.736459
0.74902
0.771883
0.794889
0.813135
0.82062
0.812916
0.789578
0.771433
0.767843
0.770111
0.777279
0.801499
0.838634
0.859446
0.867788
0.871459
0.868476
0.850326
0.829051
0.822932
0.829477
0.861464
0.892865
0.908585
0.917518
0.924358
0.929314
0.913291
0.883695
0.872934
0.873882
0.879287
0.889888
0.916621
0.952172
0.985588
1.00287
1.00648
1.00093
0.998198
1.00103
1.00236
0.983882
0.963891
0.96356
0.976105
0.994774
1.01158
1.03275
1.0808
1.12857
1.14884
1.15402
1.15208
1.14683
1.13118
1.105
1.09112
1.09275
1.10461
1.1184
1.13136
1.14635
1.18478
1.24644
1.28743
1.31156
1.33077
1.34052
1.32211
1.29817
1.27387
1.24742
1.23242
1.22966
1.25702
1.28901
1.33124
3.77456
31.3947
0.70431
0.717101
0.720392
0.716535
0.708434
0.705849
0.710254
0.717814
0.730306
0.744015
0.753314
0.756017
0.75402
0.749532
0.739811
0.7368
0.737585
0.742746
0.755132
0.766912
0.774644
0.78236
0.787937
0.782355
0.774388
0.772428
0.774413
0.776005
0.780834
0.810634
0.855484
0.878248
0.886648
0.887949
0.875732
0.845407
0.814407
0.803359
0.804976
0.812337
0.842109
0.890781
0.918206
0.929753
0.935831
0.940601
0.927724
0.895399
0.882355
0.884041
0.892201
0.912262
0.928325
0.937223
0.94663
0.960523
0.976001
0.987275
0.995026
1.00337
1.01331
1.01953
1.00834
1.00022
1.00263
1.00966
1.01776
1.02394
1.03646
1.07807
1.1196
1.1412
1.15076
1.15309
1.1502
1.14248
1.13386
1.13164
1.1335
1.13394
1.13469
1.14239
1.1566
1.19787
1.24405
1.27247
1.29344
1.31095
1.30966
1.29922
1.2869
1.27045
1.25377
1.24245
1.23915
1.25761
1.30997
3.7508
31.4526
0.708081
0.708713
0.696424
0.688758
0.689591
0.696412
0.710522
0.731874
0.751268
0.762589
0.766097
0.760933
0.754767
0.748996
0.747403
0.746916
0.751944
0.764401
0.774325
0.779507
0.782126
0.773669
0.752884
0.745041
0.750055
0.762055
0.776482
0.794111
0.831455
0.867956
0.883448
0.890669
0.89636
0.897924
0.874851
0.823834
0.795203
0.790488
0.793931
0.801236
0.828139
0.888305
0.926138
0.93737
0.944006
0.945481
0.930328
0.910875
0.902737
0.905868
0.91844
0.932557
0.937229
0.924774
0.909192
0.912695
0.941238
0.977034
0.999104
1.01728
1.03871
1.05703
1.06181
1.04059
1.0221
1.01575
1.01173
1.01188
1.01852
1.03557
1.07671
1.11751
1.14009
1.15101
1.16036
1.17182
1.18174
1.17983
1.16926
1.15323
1.13783
1.1335
1.14196
1.16029
1.20142
1.23535
1.25681
1.27375
1.27972
1.28407
1.28828
1.2923
1.29224
1.28185
1.25884
1.23777
1.27214
3.75474
31.4998
0.697266
0.675058
0.670823
0.673366
0.685094
0.709007
0.73792
0.756664
0.765924
0.770647
0.763469
0.7489
0.741221
0.741649
0.748284
0.764925
0.779154
0.787371
0.791163
0.792904
0.785884
0.754654
0.729268
0.725191
0.729738
0.743285
0.773027
0.830928
0.888167
0.908067
0.911537
0.904042
0.895003
0.879546
0.85168
0.818451
0.797626
0.793905
0.796795
0.802376
0.821208
0.876366
0.924854
0.940146
0.944778
0.94165
0.939983
0.936599
0.936007
0.938374
0.943138
0.946619
0.93565
0.903318
0.887632
0.889881
0.906633
0.955331
1.00762
1.04888
1.07653
1.09081
1.09696
1.07576
1.03592
1.01327
1.00668
1.00669
1.01106
1.01931
1.03476
1.06792
1.10858
1.13888
1.16273
1.18626
1.20875
1.22114
1.21751
1.19169
1.15531
1.13448
1.13134
1.14019
1.15932
1.19277
1.21862
1.23824
1.25257
1.26565
1.28473
1.30945
1.32426
1.32582
1.30542
1.25116
1.20128
3.76983
31.5611
0.673624
0.656501
0.658513
0.667134
0.696715
0.742612
0.765409
0.773398
0.777533
0.76856
0.741185
0.724703
0.723778
0.729303
0.750595
0.786262
0.806321
0.811881
0.81166
0.808402
0.78581
0.743897
0.726416
0.726406
0.730161
0.739474
0.780716
0.858145
0.901585
0.917152
0.922877
0.918299
0.892714
0.8655
0.84659
0.825303
0.807308
0.804332
0.808819
0.818845
0.835827
0.861164
0.900059
0.927967
0.938546
0.946963
0.957837
0.968312
0.972366
0.969068
0.960305
0.942788
0.914166
0.891695
0.883339
0.886016
0.893655
0.928304
1.01182
1.07444
1.10108
1.11348
1.11699
1.1032
1.05976
1.02416
1.01207
1.01131
1.01432
1.0149
1.0126
1.01896
1.04421
1.09077
1.14036
1.18447
1.21739
1.23807
1.2472
1.2358
1.19034
1.14724
1.1323
1.13226
1.13869
1.15267
1.1769
1.20168
1.22624
1.25478
1.28775
1.31715
1.33861
1.34803
1.3397
1.2831
1.18381
3.72708
31.6445
0.659092
0.652209
0.655827
0.675889
0.728639
0.766768
0.778089
0.783951
0.783139
0.752567
0.718358
0.710233
0.712828
0.719075
0.748422
0.799877
0.824497
0.831311
0.832893
0.825783
0.785437
0.747642
0.735299
0.736673
0.747866
0.78176
0.823885
0.860336
0.891833
0.904635
0.900289
0.884961
0.872872
0.868619
0.861049
0.845845
0.833032
0.829904
0.83411
0.840739
0.845314
0.849544
0.862279
0.897973
0.937471
0.966818
0.987298
0.996138
0.999455
0.993279
0.968441
0.932974
0.905031
0.889634
0.884326
0.88678
0.898663
0.927735
0.994366
1.07473
1.10736
1.11799
1.11733
1.10461
1.08508
1.05356
1.03107
1.02339
1.02141
1.01222
0.999675
0.997362
1.00416
1.02759
1.08995
1.16725
1.21435
1.23712
1.24746
1.24519
1.2186
1.1739
1.14318
1.13273
1.13229
1.13599
1.14403
1.16276
1.1978
1.24291
1.28336
1.31259
1.33437
1.34372
1.34074
1.30243
1.20442
3.6441
31.75
0.656598
0.655847
0.664819
0.708834
0.75335
0.772122
0.781095
0.7855
0.769955
0.729157
0.709855
0.709534
0.713125
0.719374
0.752479
0.807585
0.82932
0.835945
0.837445
0.814797
0.783009
0.764662
0.760775
0.769915
0.798681
0.829435
0.843652
0.849592
0.849968
0.847586
0.855699
0.869938
0.87783
0.881299
0.884025
0.87939
0.868141
0.860282
0.856523
0.852208
0.848082
0.847879
0.8517
0.864849
0.918316
0.974559
0.996855
1.00656
1.01252
1.00977
0.983909
0.940934
0.910386
0.897252
0.897478
0.910075
0.931973
0.948205
0.967629
1.02538
1.08024
1.10021
1.10353
1.10121
1.1019
1.09192
1.06457
1.04098
1.02283
1.00636
0.995256
0.992882
0.996874
1.00557
1.03787
1.12625
1.19608
1.22348
1.23717
1.23924
1.22486
1.19743
1.16876
1.14645
1.13429
1.12923
1.12909
1.13504
1.16368
1.22283
1.27075
1.29826
1.31814
1.32776
1.32575
1.30228
1.24523
3.58451
31.8673
0.662773
0.66954
0.706507
0.746638
0.76499
0.772622
0.775887
0.766298
0.736608
0.715912
0.71153
0.713367
0.717861
0.731186
0.769721
0.809719
0.826939
0.830251
0.821185
0.802686
0.793649
0.793375
0.804224
0.82562
0.841976
0.850097
0.852366
0.830169
0.801348
0.796655
0.812343
0.853635
0.883057
0.896176
0.904416
0.911193
0.910937
0.896804
0.875778
0.858578
0.851207
0.852491
0.855727
0.865157
0.893286
0.949369
0.988478
1.00147
1.00229
0.991395
0.984349
0.968661
0.942606
0.930193
0.931475
0.939301
0.946302
0.950628
0.955068
0.968949
1.02061
1.06931
1.0915
1.10033
1.10571
1.1078
1.09827
1.06894
1.038
1.01428
0.999049
0.995105
1.00066
1.01112
1.03302
1.08937
1.15817
1.19256
1.20908
1.21868
1.21611
1.20624
1.19376
1.17563
1.15095
1.13177
1.12221
1.12047
1.13522
1.18612
1.24749
1.28067
1.29736
1.30489
1.3024
1.28705
1.27298
3.5564
31.9748
0.680726
0.716881
0.744066
0.758624
0.76523
0.765339
0.754727
0.73655
0.722289
0.716055
0.718607
0.725402
0.737829
0.755094
0.777736
0.801258
0.811135
0.810052
0.801025
0.799579
0.805675
0.829769
0.857431
0.868104
0.870169
0.864332
0.836529
0.791387
0.770844
0.769916
0.776671
0.813492
0.871328
0.904067
0.923056
0.933963
0.939573
0.927765
0.891727
0.865976
0.859091
0.860864
0.867009
0.879153
0.888154
0.899404
0.933167
0.96681
0.981595
0.989414
0.996036
1.00138
0.99716
0.979224
0.963224
0.954783
0.951435
0.948005
0.947843
0.952795
0.968508
1.0162
1.06636
1.09102
1.09901
1.10125
1.09957
1.09242
1.07588
1.05089
1.02754
1.01802
1.02218
1.03198
1.04613
1.07283
1.11189
1.14864
1.17382
1.19059
1.20047
1.20178
1.20097
1.20056
1.18526
1.15226
1.12869
1.11956
1.12377
1.14522
1.19767
1.25004
1.27096
1.27676
1.27594
1.26879
1.26223
3.60695
32.0945
0.720546
0.752683
0.761897
0.763245
0.756397
0.745196
0.734375
0.72459
0.72014
0.724543
0.73341
0.746431
0.755231
0.760756
0.770704
0.781372
0.788174
0.792316
0.796352
0.80697
0.838056
0.870881
0.884985
0.890744
0.891812
0.867937
0.803751
0.764647
0.756005
0.757486
0.761382
0.77911
0.846619
0.911647
0.93711
0.947869
0.954375
0.94573
0.909169
0.879595
0.87096
0.871807
0.876318
0.880769
0.876269
0.869422
0.875037
0.911727
0.966781
0.999919
1.0179
1.0325
1.04068
1.02866
0.992905
0.961507
0.945878
0.942318
0.945676
0.954094
0.962665
0.974823
1.00404
1.04373
1.07124
1.08671
1.09681
1.10722
1.11275
1.10718
1.08341
1.05881
1.04925
1.05072
1.0579
1.06736
1.08025
1.10042
1.12546
1.15222
1.17366
1.18697
1.197
1.20719
1.21474
1.19856
1.16347
1.13666
1.12563
1.1276
1.14626
1.19656
1.2348
1.24285
1.23895
1.23617
1.26197
3.70565
32.2462
0.747205
0.761536
0.762424
0.756142
0.744846
0.739491
0.737707
0.731631
0.732326
0.740003
0.750758
0.756082
0.755344
0.753716
0.75138
0.752217
0.759346
0.774069
0.800204
0.844623
0.877275
0.887673
0.891285
0.894758
0.885474
0.835723
0.784094
0.760631
0.755018
0.756588
0.760081
0.770171
0.824232
0.909215
0.94257
0.952922
0.959148
0.951072
0.924631
0.896295
0.881712
0.876537
0.871976
0.86614
0.859189
0.855215
0.859122
0.87125
0.921585
0.994914
1.03439
1.05098
1.06105
1.0602
1.02826
0.981258
0.957124
0.951331
0.956734
0.965994
0.970098
0.959731
0.952584
0.967102
1.0099
1.0574
1.09183
1.11765
1.13639
1.14453
1.13972
1.11327
1.08662
1.0732
1.06806
1.06697
1.06895
1.07357
1.08156
1.10294
1.14007
1.16947
1.18944
1.20718
1.22398
1.23124
1.20759
1.16493
1.13719
1.13208
1.13425
1.14496
1.17954
1.19805
1.20053
1.19604
1.23758
3.87765
32.426
0.745578
0.752532
0.746239
0.74504
0.744607
0.746396
0.749832
0.753271
0.754562
0.757776
0.759398
0.752554
0.741182
0.731784
0.730393
0.735006
0.743392
0.75982
0.81807
0.874408
0.8927
0.898145
0.897557
0.881235
0.843869
0.802142
0.771174
0.756496
0.754103
0.756546
0.760489
0.775443
0.827201
0.895293
0.937883
0.951789
0.957602
0.949802
0.928335
0.910757
0.890077
0.873104
0.864536
0.858846
0.854742
0.854838
0.859043
0.869046
0.888828
0.95532
1.02651
1.05235
1.05972
1.05345
1.04125
1.01871
0.991433
0.979096
0.978466
0.979205
0.964351
0.937934
0.926242
0.930011
0.94842
1.00252
1.07753
1.12745
1.14878
1.15731
1.15909
1.14818
1.1262
1.10469
1.08845
1.07708
1.06991
1.06514
1.0639
1.06993
1.10528
1.1559
1.18936
1.21058
1.22932
1.23937
1.22968
1.19889
1.16297
1.14375
1.13652
1.12911
1.12456
1.14141
1.16001
1.16158
1.21319
4.08282
32.6182
0.729727
0.718413
0.720735
0.733495
0.752606
0.769624
0.779242
0.781267
0.776599
0.768362
0.752997
0.730789
0.718446
0.717238
0.720554
0.726202
0.742405
0.785992
0.835533
0.873246
0.891167
0.893585
0.877413
0.848726
0.822242
0.796698
0.770355
0.756223
0.755932
0.760684
0.772595
0.809563
0.849541
0.878932
0.912226
0.934517
0.940134
0.927659
0.908506
0.901094
0.901265
0.890771
0.870657
0.861886
0.860706
0.865877
0.877025
0.88722
0.89367
0.908964
0.965643
1.01822
1.03673
1.04131
1.04517
1.04934
1.0406
1.02218
1.00105
0.975772
0.946907
0.925189
0.919614
0.924577
0.934048
0.959395
1.04232
1.11919
1.14528
1.15624
1.15971
1.15254
1.14272
1.13565
1.12473
1.10495
1.0806
1.06512
1.06112
1.0619
1.07797
1.13056
1.17841
1.20378
1.2217
1.23232
1.23045
1.21674
1.18981
1.1621
1.13986
1.12061
1.10198
1.09148
1.1094
1.13233
1.19516
4.25587
32.7773
0.705053
0.69905
0.703981
0.720616
0.760773
0.791068
0.802941
0.80576
0.800253
0.772852
0.730703
0.711963
0.710423
0.714329
0.722165
0.748457
0.791343
0.813491
0.821051
0.836733
0.848509
0.848151
0.841803
0.832017
0.823554
0.804814
0.782069
0.773874
0.777409
0.786489
0.811152
0.845659
0.86129
0.865797
0.871781
0.884999
0.895977
0.899839
0.902171
0.905875
0.909833
0.915331
0.912558
0.901653
0.896365
0.894366
0.892982
0.894293
0.895293
0.896455
0.908412
0.959957
1.01227
1.03894
1.05028
1.05781
1.06571
1.06561
1.03961
0.990798
0.949552
0.928924
0.925288
0.931545
0.94356
0.970048
1.02565
1.08676
1.11873
1.13193
1.14131
1.1435
1.14215
1.14626
1.15007
1.14143
1.10825
1.07876
1.06586
1.0625
1.06889
1.09465
1.14805
1.18832
1.20903
1.22172
1.22403
1.21784
1.20206
1.18083
1.15998
1.13354
1.1033
1.07456
1.06718
1.09532
1.17285
4.38459
32.8121
0.689428
0.687404
0.693829
0.7084
0.756214
0.796737
0.807353
0.810047
0.799591
0.760743
0.725542
0.713028
0.713535
0.724017
0.763215
0.809101
0.828765
0.826396
0.802001
0.779846
0.778949
0.803319
0.829121
0.838354
0.840229
0.832176
0.814817
0.808271
0.81223
0.82225
0.842604
0.858423
0.863687
0.862639
0.843681
0.828434
0.832775
0.861913
0.892236
0.909025
0.924385
0.946023
0.965399
0.96912
0.946284
0.917535
0.900609
0.889575
0.887574
0.890677
0.899209
0.916821
0.967096
1.01988
1.04551
1.05566
1.05912
1.05231
1.03761
1.01833
0.985157
0.958756
0.95333
0.960319
0.97076
0.988333
1.01509
1.04589
1.07324
1.09522
1.11482
1.13079
1.14244
1.15312
1.16185
1.16381
1.1497
1.11373
1.08183
1.06629
1.06116
1.06903
1.10386
1.15995
1.19651
1.21262
1.21189
1.2066
1.19949
1.1845
1.18226
1.16706
1.12591
1.08302
1.05367
1.04952
1.13431
4.45796
32.7997
0.691126
0.691013
0.696663
0.707803
0.737361
0.777064
0.788713
0.783341
0.760894
0.740826
0.735038
0.733973
0.752126
0.793057
0.824303
0.836402
0.836183
0.807511
0.75873
0.73494
0.732206
0.748524
0.803127
0.841511
0.857008
0.867022
0.86693
0.854991
0.849149
0.851081
0.85685
0.861928
0.859112
0.843187
0.814221
0.797508
0.798525
0.817081
0.867705
0.917858
0.959284
0.993575
1.01129
1.01775
0.992975
0.934803
0.900423
0.891711
0.891378
0.898793
0.911621
0.92632
0.942599
0.96557
0.998522
1.02449
1.03445
1.03871
1.04423
1.04914
1.04423
1.01854
0.995556
0.988553
0.991075
0.997112
1.00788
1.01861
1.02924
1.04493
1.06661
1.09927
1.13073
1.15062
1.1632
1.17211
1.17625
1.15341
1.10361
1.06941
1.05843
1.06222
1.07953
1.1184
1.1692
1.19457
1.19365
1.18396
1.18292
1.18528
1.19078
1.19053
1.16753
1.10887
1.05912
1.03222
1.0711
4.4524
32.8254
0.706562
0.704398
0.705062
0.708091
0.711423
0.722438
0.734069
0.739682
0.741571
0.744357
0.752084
0.791844
0.838255
0.858678
0.86473
0.85769
0.812227
0.748651
0.719534
0.714381
0.716134
0.722966
0.76368
0.83778
0.88233
0.904686
0.914904
0.907122
0.88619
0.871574
0.860336
0.849418
0.840316
0.824057
0.800595
0.787949
0.78862
0.79553
0.826446
0.91288
0.992346
1.02795
1.04193
1.04291
1.02082
0.966532
0.918146
0.903169
0.905883
0.923732
0.938972
0.946278
0.938544
0.922697
0.924942
0.954403
0.994813
1.02552
1.05238
1.07604
1.08632
1.08053
1.0508
1.02151
1.00725
1.0026
1.0029
1.00551
1.00382
1.00579
1.01398
1.03965
1.09368
1.13663
1.1608
1.17522
1.18203
1.17261
1.13283
1.08665
1.06676
1.07277
1.08838
1.09638
1.12339
1.15629
1.16561
1.1642
1.16532
1.17887
1.19305
1.1929
1.18949
1.14443
1.08275
1.03534
1.02488
4.35141
32.8881
0.725811
0.711642
0.706009
0.695386
0.681872
0.675317
0.680334
0.697657
0.722432
0.756628
0.818962
0.874487
0.892026
0.894079
0.889291
0.85759
0.769151
0.714793
0.701085
0.701977
0.705797
0.71725
0.750695
0.825694
0.89397
0.917309
0.926486
0.93064
0.923743
0.895019
0.866971
0.851962
0.840352
0.822456
0.801699
0.791435
0.790827
0.795856
0.81234
0.886657
0.994311
1.03554
1.0474
1.03755
1.00063
0.970694
0.950277
0.937928
0.944374
0.957095
0.961064
0.954133
0.920252
0.892047
0.886598
0.896715
0.930932
0.999524
1.06316
1.09345
1.10289
1.10305
1.08897
1.05918
1.03193
1.01615
1.00937
1.00731
1.00068
0.988173
0.984917
0.991205
1.03807
1.1136
1.15008
1.1653
1.17336
1.17032
1.15231
1.11809
1.09384
1.09447
1.10251
1.10133
1.09955
1.10276
1.12814
1.14413
1.15237
1.17152
1.1882
1.18573
1.18111
1.16333
1.11413
1.05488
1.0255
4.15726
33.0165
0.745408
0.701083
0.684457
0.671487
0.660613
0.657304
0.659816
0.666487
0.687895
0.772448
0.881359
0.918502
0.926718
0.925527
0.900201
0.815501
0.743557
0.711159
0.702688
0.703552
0.708831
0.73548
0.785681
0.826907
0.869473
0.905256
0.920104
0.922582
0.913864
0.907883
0.895896
0.874032
0.851217
0.827279
0.809005
0.802614
0.805664
0.817206
0.842916
0.883054
0.946071
0.999195
1.01509
1.002
0.984154
0.98102
0.981681
0.989448
0.994895
0.990127
0.977269
0.941068
0.893282
0.871331
0.869538
0.875699
0.887895
0.945412
1.05142
1.09386
1.10331
1.10422
1.09077
1.07245
1.05873
1.04561
1.03188
1.01846
1.00247
0.985204
0.975284
0.972562
0.988966
1.05924
1.12304
1.14885
1.15987
1.15786
1.15638
1.14918
1.13332
1.12413
1.11613
1.10433
1.0855
1.07089
1.07944
1.10871
1.13692
1.16433
1.18311
1.18721
1.17493
1.16381
1.13922
1.09434
1.06406
3.9478
33.1692
0.731464
0.690096
0.678828
0.66768
0.660361
0.660089
0.662548
0.671361
0.71425
0.80612
0.885816
0.920648
0.928035
0.916384
0.860349
0.794813
0.749352
0.722387
0.715757
0.718334
0.736548
0.785838
0.818836
0.827783
0.832538
0.842417
0.866001
0.892341
0.912477
0.923839
0.927978
0.922413
0.894936
0.857875
0.832516
0.823692
0.824629
0.836393
0.859305
0.876041
0.894382
0.925138
0.952589
0.96536
0.972963
0.984818
1.01408
1.03305
1.03497
1.02419
0.994913
0.933409
0.884185
0.86931
0.869932
0.877026
0.898653
0.957358
1.02007
1.06231
1.07726
1.08029
1.07546
1.07098
1.07418
1.0769
1.07002
1.0468
1.01709
0.990522
0.974048
0.968501
0.973069
1.00253
1.0704
1.12294
1.14548
1.15208
1.16169
1.17065
1.17079
1.15823
1.14236
1.122
1.0807
1.04851
1.0389
1.05587
1.09638
1.14605
1.17856
1.18732
1.17248
1.1603
1.15308
1.12965
1.12864
3.77477
33.3163
0.715266
0.694948
0.685839
0.673021
0.668401
0.671872
0.6889
0.732166
0.772886
0.804611
0.850688
0.878957
0.88015
0.861265
0.827645
0.79885
0.771785
0.75583
0.753227
0.761887
0.791312
0.821154
0.830214
0.828487
0.804651
0.790819
0.798272
0.84907
0.90845
0.93379
0.946734
0.955207
0.956274
0.91821
0.866528
0.845125
0.842056
0.851763
0.867208
0.871764
0.874418
0.876106
0.889136
0.921898
0.960499
0.997914
1.02839
1.04576
1.05219
1.04796
1.01181
0.942107
0.895932
0.882514
0.887141
0.904709
0.945565
0.982069
0.996881
1.00792
1.02072
1.03623
1.05611
1.0773
1.09387
1.10298
1.1081
1.09387
1.05218
1.00934
0.983509
0.973157
0.973515
0.984628
1.00987
1.068
1.12186
1.15356
1.16777
1.1798
1.19018
1.18656
1.16846
1.14463
1.08853
1.03922
1.02467
1.02799
1.04993
1.10889
1.163
1.18056
1.17174
1.16024
1.15665
1.14326
1.15972
3.71858
33.4665
0.706968
0.70439
0.704079
0.703132
0.7101
0.729709
0.762352
0.788633
0.797448
0.799383
0.79423
0.795997
0.813535
0.827914
0.830596
0.820979
0.808215
0.80492
0.809455
0.822479
0.837064
0.842053
0.836856
0.806123
0.777997
0.769972
0.772146
0.793276
0.871294
0.937854
0.966188
0.981274
0.98975
0.971339
0.916177
0.876475
0.863341
0.863283
0.868273
0.869104
0.867458
0.862152
0.863817
0.880735
0.922255
0.981
1.02367
1.03704
1.03526
1.01769
0.987186
0.957261
0.932344
0.923839
0.931087
0.952104
0.974599
0.984672
0.982473
0.965899
0.965451
0.978328
1.01893
1.07646
1.10928
1.12534
1.13429
1.12954
1.09297
1.03845
0.998747
0.981087
0.978412
0.988609
0.998183
1.01359
1.06887
1.13127
1.16518
1.18135
1.19392
1.19669
1.17831
1.159
1.11833
1.05959
1.03754
1.03855
1.04706
1.06805
1.12874
1.16291
1.1655
1.15738
1.15471
1.14323
1.16789
3.71704
33.5973
0.710437
0.716043
0.733338
0.76154
0.784242
0.795848
0.799932
0.800484
0.794287
0.770353
0.746518
0.740051
0.749632
0.790931
0.827849
0.839773
0.850071
0.859098
0.866183
0.8683
0.865128
0.852583
0.816647
0.780177
0.763897
0.761636
0.763951
0.773783
0.82059
0.924777
0.976224
0.991048
0.99479
0.983639
0.953532
0.911345
0.885064
0.876557
0.877449
0.880101
0.87956
0.875093
0.878268
0.88073
0.886195
0.911972
0.964772
0.993143
0.997774
0.996095
0.987769
0.977228
0.975954
0.983162
0.993979
1.00154
1.00414
0.990427
0.958385
0.937566
0.933786
0.938027
0.96555
1.04763
1.11127
1.13474
1.14569
1.13952
1.11591
1.07422
1.02781
1.00114
0.995005
1.00859
1.02072
1.02917
1.03779
1.06927
1.13331
1.16708
1.17488
1.17458
1.17255
1.16124
1.14507
1.10109
1.06679
1.05546
1.05527
1.06158
1.08903
1.13374
1.15204
1.14811
1.13973
1.12739
1.16688
3.76718
33.7369
0.719786
0.762519
0.794601
0.814945
0.824219
0.826946
0.817719
0.787403
0.754447
0.736279
0.729886
0.72999
0.733363
0.748559
0.800466
0.853429
0.884367
0.903469
0.910599
0.905777
0.883377
0.843884
0.799888
0.770422
0.761505
0.760891
0.767856
0.790125
0.824897
0.875185
0.942149
0.974493
0.981576
0.967278
0.947713
0.933408
0.916429
0.907036
0.906633
0.9087
0.906815
0.894713
0.88346
0.875558
0.869884
0.869837
0.884688
0.922866
0.955984
0.975249
0.987776
1.00057
1.01877
1.03387
1.04049
1.04075
1.02736
0.985274
0.944301
0.927114
0.924342
0.928239
0.949952
1.01322
1.09051
1.12705
1.1397
1.13308
1.11042
1.08907
1.06225
1.03963
1.03719
1.05027
1.05288
1.04529
1.02967
1.02377
1.05741
1.11871
1.14853
1.1583
1.16563
1.16312
1.15207
1.13329
1.10487
1.08105
1.06696
1.06321
1.07121
1.09779
1.12125
1.12488
1.11915
1.10489
1.16368
3.89624
33.9169
0.745867
0.823386
0.842312
0.845921
0.844039
0.834856
0.799935
0.753036
0.726914
0.718878
0.719228
0.722861
0.731327
0.747496
0.775906
0.835762
0.887768
0.909233
0.917928
0.920817
0.911397
0.859645
0.799418
0.772258
0.765216
0.768011
0.788753
0.820411
0.838206
0.848795
0.873833
0.909619
0.926803
0.9286
0.931695
0.938683
0.956162
0.964215
0.960987
0.951188
0.932718
0.904489
0.878487
0.861778
0.854193
0.851602
0.852779
0.860894
0.888074
0.92969
0.974209
1.01481
1.0474
1.0671
1.0751
1.07489
1.04842
0.993352
0.95045
0.932247
0.928566
0.93501
0.962886
0.99729
1.04256
1.08948
1.10887
1.10187
1.08517
1.08163
1.08273
1.08231
1.09232
1.09616
1.08516
1.05838
1.02288
1.00183
1.0025
1.04517
1.10751
1.14077
1.1563
1.16357
1.15674
1.14931
1.13735
1.11887
1.09743
1.07786
1.06905
1.07033
1.07194
1.07893
1.08411
1.08923
1.16649
4.03779
33.9101
0.758964
0.841575
0.856765
0.862127
0.861427
0.83149
0.77874
0.743155
0.725731
0.720377
0.720392
0.726435
0.745746
0.76306
0.770202
0.786311
0.838421
0.88169
0.896301
0.898925
0.889776
0.866209
0.827127
0.797672
0.790197
0.79728
0.817554
0.836605
0.845136
0.848969
0.847614
0.836669
0.841717
0.867979
0.904622
0.943538
0.984057
1.0115
1.01783
1.00596
0.967509
0.911389
0.874134
0.858784
0.853474
0.852134
0.852939
0.855665
0.859808
0.874391
0.927244
1.00388
1.05128
1.07232
1.08329
1.08991
1.07241
1.01978
0.973862
0.951867
0.946556
0.955246
0.978469
0.992071
1.00242
1.02962
1.05727
1.0665
1.06989
1.08004
1.09323
1.11829
1.13319
1.12879
1.1132
1.07435
1.01884
0.989355
0.979674
0.987125
1.03092
1.09525
1.13771
1.15795
1.16156
1.15738
1.15613
1.15134
1.14152
1.11519
1.07572
1.04798
1.03256
1.02729
1.04483
1.08946
1.18365
4.20316
33.8676
0.758383
0.832196
0.851448
0.852803
0.835494
0.810862
0.783733
0.752286
0.736408
0.734729
0.742746
0.759451
0.767793
0.766153
0.762853
0.760126
0.767186
0.814972
0.86433
0.882709
0.886934
0.885045
0.871528
0.849185
0.834341
0.831889
0.837299
0.844665
0.847613
0.844939
0.821188
0.802453
0.803109
0.816113
0.851631
0.926725
0.995987
1.02363
1.03128
1.03115
1.00618
0.943655
0.889723
0.868254
0.861036
0.85863
0.858636
0.860617
0.86377
0.867866
0.885252
0.948524
1.02863
1.06657
1.0798
1.08449
1.07053
1.04797
1.0185
0.990705
0.977338
0.977203
0.986434
0.98854
0.986002
0.980842
0.988278
1.02028
1.05216
1.0737
1.10271
1.14355
1.15977
1.15459
1.13704
1.09424
1.02479
0.983728
0.97295
0.973414
0.981878
1.02294
1.09201
1.14048
1.1628
1.16775
1.1706
1.17148
1.16983
1.15547
1.10698
1.05113
1.01456
0.995998
1.00513
1.06209
1.16573
4.29935
33.8429
0.73893
0.773178
0.800752
0.812365
0.81494
0.815844
0.806291
0.794397
0.786582
0.785796
0.787661
0.783978
0.773114
0.757669
0.744518
0.738803
0.738227
0.752076
0.807115
0.863731
0.889421
0.898241
0.904594
0.904236
0.892122
0.873429
0.859836
0.853356
0.847212
0.827127
0.80258
0.792636
0.792969
0.800101
0.817177
0.8842
0.983923
1.01965
1.02474
1.01151
0.981013
0.952301
0.928929
0.907336
0.893242
0.883564
0.875788
0.872072
0.872559
0.874786
0.880918
0.906992
0.970632
1.03859
1.07045
1.08014
1.07551
1.06709
1.05737
1.03972
1.01699
1.00325
0.998595
0.989849
0.968307
0.948571
0.946372
0.964144
1.00863
1.05624
1.11362
1.15591
1.1711
1.17269
1.15731
1.11218
1.03645
0.988176
0.974876
0.97839
0.98633
0.99605
1.03315
1.10332
1.15123
1.16955
1.17685
1.17864
1.17726
1.16494
1.13495
1.07942
1.01904
0.986557
0.98777
1.01445
1.10187
4.35067
33.9364
0.721119
0.716014
0.732361
0.778408
0.810765
0.830163
0.846838
0.85661
0.854965
0.837041
0.811313
0.783728
0.75474
0.73725
0.729171
0.727127
0.730969
0.740092
0.75685
0.811029
0.875995
0.909941
0.923475
0.930674
0.935588
0.925968
0.892949
0.861433
0.840637
0.824046
0.807955
0.80205
0.809664
0.824429
0.847196
0.876241
0.922892
0.964895
0.976637
0.975514
0.974778
0.970896
0.966348
0.958742
0.942557
0.919358
0.897189
0.884696
0.881718
0.883608
0.891456
0.912645
0.932133
0.970225
1.02973
1.06622
1.07902
1.07405
1.07459
1.07598
1.06392
1.04023
1.0153
0.988828
0.961355
0.93978
0.932378
0.93636
0.954552
1.02448
1.10899
1.14692
1.15658
1.14995
1.12305
1.08133
1.04155
1.01161
0.997692
0.99825
1.0056
1.01634
1.03188
1.05133
1.09849
1.15208
1.17137
1.17379
1.17405
1.16433
1.14242
1.11307
1.0565
1.00049
0.979502
0.990921
1.06302
4.30908
34.091
0.692955
0.688511
0.694988
0.736004
0.808718
0.863922
0.892686
0.904643
0.908545
0.886111
0.824734
0.770006
0.740132
0.72769
0.72412
0.72549
0.736666
0.751908
0.769723
0.788394
0.826783
0.88263
0.919304
0.935299
0.939718
0.935902
0.918735
0.886883
0.858732
0.839688
0.82957
0.832305
0.842163
0.852698
0.860531
0.868239
0.871615
0.879435
0.903039
0.937124
0.967192
0.981995
0.98982
0.994021
0.988508
0.967487
0.937406
0.912085
0.9011
0.900133
0.905441
0.919943
0.929489
0.933006
0.957867
1.01668
1.06145
1.07955
1.08256
1.08706
1.09238
1.0826
1.04317
1.0011
0.968771
0.945958
0.940583
0.948905
0.964176
0.996857
1.06951
1.11699
1.12402
1.11567
1.09217
1.06412
1.05072
1.04833
1.04973
1.04857
1.04519
1.03773
1.02595
1.02038
1.02802
1.0897
1.14857
1.16876
1.17255
1.17084
1.15418
1.13412
1.10171
1.04428
0.999822
0.979383
1.04127
4.16792
34.2311
0.675596
0.677113
0.690677
0.720643
0.793156
0.872414
0.902357
0.912998
0.915814
0.901198
0.850465
0.778367
0.738243
0.727273
0.726357
0.738004
0.76446
0.78899
0.802212
0.808809
0.807442
0.810353
0.840815
0.885827
0.908564
0.917004
0.922374
0.926548
0.919382
0.896643
0.874922
0.866113
0.865114
0.8647
0.86055
0.849779
0.841123
0.840514
0.847462
0.87464
0.935266
0.981524
0.995779
1.00114
1.00367
0.998422
0.981482
0.955253
0.931399
0.919553
0.916974
0.921592
0.929638
0.930665
0.930849
0.949173
1.00686
1.05895
1.07975
1.08557
1.08469
1.08228
1.07284
1.04007
1.00123
0.976677
0.970424
0.975433
0.982858
0.987508
1.0067
1.04778
1.06427
1.06523
1.06355
1.05916
1.0689
1.09126
1.10504
1.10823
1.09848
1.06026
1.01574
0.995045
0.990888
1.00969
1.08534
1.14947
1.17323
1.17868
1.17011
1.14741
1.12476
1.08727
1.0357
0.991145
1.04984
4.03864
34.285
0.667746
0.678624
0.716983
0.760537
0.798092
0.842952
0.882448
0.897153
0.888394
0.85177
0.815465
0.788575
0.762002
0.747708
0.75022
0.776816
0.805634
0.819039
0.82267
0.816053
0.788864
0.765351
0.764375
0.793751
0.855397
0.899485
0.929032
0.959045
0.975345
0.969542
0.936034
0.901843
0.87898
0.857973
0.842677
0.83569
0.832551
0.831831
0.833604
0.83912
0.873292
0.943271
0.985664
0.998911
1.00311
0.998748
0.997068
0.995857
0.978725
0.955161
0.943117
0.941106
0.945135
0.944827
0.93515
0.925841
0.929013
0.966339
1.02528
1.05648
1.06871
1.0749
1.08419
1.08891
1.0674
1.02999
1.00258
0.990547
0.98372
0.975127
0.967544
0.974668
0.995828
1.01364
1.03121
1.06537
1.10749
1.12911
1.13563
1.13939
1.13472
1.08567
1.02021
0.986795
0.975716
0.975966
1.00768
1.0883
1.15556
1.17718
1.17465
1.15207
1.12604
1.10557
1.07314
1.02339
1.06107
3.97928
34.3613
0.670935
0.707103
0.765493
0.785944
0.79137
0.799131
0.812217
0.821949
0.822877
0.819687
0.817953
0.815742
0.808129
0.800536
0.809352
0.826879
0.835706
0.836897
0.83048
0.796888
0.758382
0.741593
0.741027
0.748218
0.776946
0.85418
0.937403
0.980804
0.99749
1.00134
0.990191
0.956628
0.904754
0.868055
0.850473
0.841722
0.837332
0.837565
0.841031
0.850409
0.85935
0.875571
0.923117
0.966883
0.985626
0.994785
1.00466
1.01213
1.01832
1.01371
0.997738
0.984287
0.974779
0.963995
0.941464
0.908724
0.885958
0.88287
0.923597
1.0012
1.04876
1.07258
1.10183
1.1258
1.1279
1.09492
1.04526
1.00895
0.983605
0.959981
0.942875
0.936375
0.942194
0.959486
0.99707
1.07173
1.12795
1.14798
1.15193
1.15512
1.14702
1.10639
1.04368
0.994936
0.974314
0.971069
0.991475
1.0311
1.09982
1.15045
1.16221
1.14431
1.12039
1.10881
1.10071
1.06512
1.06625
3.98271
34.4619
0.704778
0.764648
0.793341
0.798172
0.795039
0.775154
0.748655
0.740573
0.754104
0.789722
0.816586
0.827
0.842288
0.874107
0.891502
0.885786
0.869366
0.8502
0.811337
0.76102
0.733808
0.728304
0.731456
0.738138
0.748482
0.794193
0.909746
0.982495
1.00036
1.00318
0.984729
0.950815
0.928373
0.906589
0.88564
0.871333
0.864342
0.863985
0.865265
0.862157
0.856459
0.853905
0.85835
0.896158
0.957228
0.995527
1.01355
1.03081
1.05164
1.06414
1.06163
1.03272
1.00081
0.972931
0.931351
0.883737
0.85727
0.850919
0.857278
0.90443
0.997976
1.07723
1.12815
1.15144
1.15449
1.13908
1.09574
1.03696
0.99103
0.962065
0.944255
0.934774
0.93327
0.936386
0.957159
1.04953
1.12486
1.14446
1.14803
1.14993
1.13122
1.09708
1.06585
1.0247
0.992477
0.980568
0.992807
1.01552
1.03891
1.08465
1.11658
1.12028
1.1093
1.10744
1.10506
1.09677
1.10904
4.00123
34.6451
0.765053
0.793307
0.7996
0.79734
0.776708
0.746387
0.723526
0.715122
0.717599
0.735093
0.778603
0.826108
0.885869
0.941552
0.959021
0.955344
0.92899
0.876006
0.801198
0.751981
0.733838
0.731353
0.734931
0.74934
0.784565
0.827528
0.86762
0.917413
0.948798
0.956014
0.952743
0.950317
0.950388
0.951815
0.946063
0.928578
0.910549
0.895684
0.879917
0.863011
0.848031
0.841137
0.839048
0.844616
0.886832
0.963018
1.01983
1.05841
1.08234
1.09225
1.0934
1.07482
1.02969
0.979571
0.920823
0.869564
0.849345
0.847273
0.851678
0.863653
0.91738
1.0532
1.13492
1.15376
1.15737
1.14381
1.11704
1.0758
1.02514
0.985527
0.958365
0.944803
0.94331
0.94598
0.962765
1.02872
1.0994
1.1282
1.13452
1.13619
1.11571
1.08994
1.07469
1.0602
1.03288
1.01122
1.00925
1.00783
0.999409
1.00804
1.04
1.07127
1.09571
1.11485
1.13494
1.13167
1.16872
4.0757
34.6772
0.831254
0.82315
0.79561
0.76894
0.743629
0.724337
0.712901
0.70773
0.706668
0.711322
0.730283
0.802968
0.905468
0.95321
0.966461
0.967561
0.936934
0.87384
0.81706
0.772835
0.75467
0.755584
0.769782
0.799157
0.830481
0.844816
0.848777
0.843752
0.845187
0.870177
0.91308
0.946937
0.96795
0.98667
0.997097
0.998068
0.974871
0.928308
0.883257
0.853287
0.838987
0.832796
0.830647
0.842479
0.866115
0.913622
1.00249
1.0599
1.08121
1.0877
1.0894
1.08095
1.05287
0.995266
0.92498
0.875962
0.857719
0.856375
0.86293
0.88374
0.927608
1.00859
1.09651
1.12794
1.13277
1.12327
1.10407
1.08464
1.06272
1.03127
0.99601
0.974649
0.970135
0.972734
0.983195
1.0143
1.05626
1.09475
1.11746
1.12477
1.11648
1.09187
1.07646
1.07273
1.06642
1.0471
1.02783
1.00396
0.981404
0.970003
0.968455
0.997962
1.06683
1.12374
1.1569
1.15638
1.21337
4.14299
34.7996
0.900393
0.884833
0.808833
0.753599
0.729418
0.719082
0.713919
0.71259
0.7186
0.736656
0.76072
0.791776
0.856064
0.917784
0.936027
0.931316
0.915876
0.888729
0.8497
0.821732
0.809479
0.811044
0.821643
0.836816
0.845505
0.848808
0.831972
0.800271
0.791357
0.797108
0.830269
0.910794
0.97829
1.01124
1.02692
1.03466
1.02115
0.9657
0.892349
0.850248
0.834302
0.830022
0.836361
0.867542
0.905977
0.927049
0.9489
1.00414
1.04423
1.05667
1.0538
1.04152
1.02167
0.99426
0.95352
0.911019
0.891113
0.890531
0.900742
0.922299
0.950689
0.978798
1.01395
1.05408
1.08048
1.0924
1.09596
1.09339
1.08674
1.07326
1.05042
1.02539
1.00987
1.00394
1.00461
1.01395
1.02922
1.05144
1.08435
1.1075
1.11195
1.08887
1.07416
1.07117
1.07244
1.07141
1.05877
1.02943
0.994858
0.957591
0.939797
0.945242
0.991368
1.08574
1.14107
1.15171
1.22879
4.23612
34.9929
0.909921
0.890324
0.807371
0.763551
0.73873
0.727899
0.725376
0.73229
0.748811
0.766238
0.776878
0.782066
0.789232
0.815072
0.85716
0.884945
0.894838
0.897013
0.896438
0.891857
0.88268
0.868362
0.858162
0.855112
0.851075
0.831599
0.804203
0.783057
0.777715
0.77962
0.786517
0.839879
0.958071
1.01573
1.03101
1.0351
1.01829
0.97313
0.914187
0.863765
0.844893
0.844458
0.874379
0.91931
0.933533
0.931897
0.922798
0.918529
0.950511
0.996822
1.01695
1.02232
1.01824
1.00435
0.984003
0.962612
0.944495
0.937204
0.940587
0.949642
0.958075
0.962766
0.956846
0.96263
0.989256
1.03219
1.06783
1.08675
1.09594
1.10077
1.10288
1.09391
1.07263
1.04654
1.03148
1.02472
1.02634
1.03202
1.03791
1.05846
1.07886
1.08093
1.07006
1.06439
1.06655
1.0742
1.07903
1.06437
1.03158
0.977985
0.940707
0.93251
0.940944
1.00558
1.09027
1.11308
1.19827
4.35176
35.1703
0.883039
0.860131
0.824
0.790945
0.76869
0.757228
0.755216
0.760331
0.769535
0.776443
0.779608
0.773387
0.757121
0.753648
0.769235
0.813258
0.86225
0.899833
0.92589
0.943504
0.946834
0.933259
0.900439
0.86649
0.840112
0.820066
0.800119
0.78638
0.781647
0.784446
0.803749
0.840444
0.888649
0.957831
0.991569
0.994457
0.97233
0.940183
0.921531
0.904409
0.892857
0.906288
0.938106
0.950944
0.947196
0.919622
0.885562
0.871871
0.878152
0.922978
0.980747
1.00688
1.01458
1.01398
1.012
1.00834
0.999043
0.989497
0.984231
0.979735
0.969312
0.94709
0.92374
0.91228
0.916701
0.942054
1.00887
1.0728
1.10788
1.12735
1.13769
1.14306
1.12347
1.08735
1.05464
1.03431
1.02575
1.0271
1.02141
1.0156
1.02448
1.05235
1.06385
1.06311
1.06898
1.08252
1.09042
1.08653
1.06
1.01333
0.960999
0.939842
0.93786
0.951328
1.00734
1.03556
1.13084
4.49173
35.2978
0.814536
0.826406
0.832029
0.834298
0.823224
0.803722
0.789729
0.782788
0.779866
0.77867
0.770347
0.753384
0.741975
0.739554
0.741824
0.750017
0.788363
0.869751
0.929842
0.947943
0.952789
0.952199
0.940961
0.904052
0.855336
0.82426
0.807597
0.801383
0.804598
0.818993
0.840738
0.849328
0.851325
0.858712
0.888489
0.919502
0.933062
0.936111
0.940702
0.949797
0.975852
0.995336
0.99158
0.969826
0.92925
0.884263
0.85822
0.8506
0.852705
0.86689
0.917159
0.977368
1.0099
1.02721
1.0362
1.03924
1.03603
1.02819
1.02042
1.01032
0.985936
0.94668
0.913525
0.895453
0.891083
0.89385
0.931372
1.03816
1.1117
1.13699
1.15073
1.15572
1.14225
1.12152
1.08816
1.05461
1.03242
1.01818
1.00218
0.985546
0.981617
1.00634
1.04744
1.06993
1.09142
1.10849
1.11319
1.10547
1.07778
1.04547
1.00067
0.962186
0.938933
0.921763
0.921991
0.942891
1.05495
4.67257
35.4575
0.729617
0.770794
0.820998
0.845638
0.862185
0.866333
0.852551
0.823923
0.797708
0.77748
0.7591
0.744452
0.738983
0.740851
0.747569
0.758393
0.77679
0.81072
0.870142
0.911278
0.923572
0.923436
0.917374
0.908896
0.896202
0.872107
0.855796
0.852239
0.855187
0.857759
0.857139
0.851051
0.828576
0.803671
0.796419
0.818909
0.879336
0.931815
0.967907
1.01898
1.05733
1.06635
1.04687
0.986497
0.916574
0.868993
0.8499
0.847002
0.851918
0.861153
0.8783
0.92704
0.998029
1.03055
1.04012
1.04455
1.04974
1.05037
1.04455
1.03269
1.00939
0.968552
0.923748
0.898295
0.891435
0.892228
0.910379
0.980507
1.07613
1.12699
1.14607
1.14829
1.13792
1.13483
1.12418
1.0896
1.05154
1.02033
0.989443
0.963948
0.95576
0.963397
1.01375
1.07675
1.11741
1.13681
1.1401
1.12925
1.09669
1.07035
1.03925
0.994088
0.948493
0.908792
0.883821
0.874899
1.01124
4.81962
35.5733
0.682568
0.696237
0.759656
0.832237
0.871849
0.892594
0.899884
0.887476
0.843707
0.795056
0.764067
0.75183
0.751897
0.759066
0.771398
0.784009
0.789276
0.788506
0.786944
0.806747
0.852443
0.889336
0.909943
0.926095
0.939845
0.947835
0.940325
0.922647
0.900495
0.877792
0.852927
0.825947
0.79994
0.775852
0.766371
0.768826
0.795049
0.882603
0.995337
1.07342
1.10255
1.10994
1.09347
1.02739
0.928112
0.872159
0.854658
0.854186
0.863845
0.884528
0.907026
0.929988
0.957627
0.999691
1.02634
1.03774
1.04136
1.03986
1.04439
1.04703
1.04066
1.00666
0.957535
0.925521
0.915348
0.916998
0.938742
0.972328
1.00435
1.05601
1.09886
1.11881
1.12944
1.13755
1.13977
1.12698
1.08734
1.03606
0.988051
0.953489
0.942126
0.942706
0.968077
1.05261
1.12596
1.15285
1.15631
1.14394
1.11179
1.08669
1.06139
1.0173
0.969055
0.923105
0.884336
0.855788
0.98245
4.86355
35.573
0.671197
0.675535
0.690427
0.767159
0.860634
0.894182
0.904015
0.906602
0.88959
0.83985
0.795257
0.778609
0.779352
0.785304
0.791593
0.795509
0.793156
0.767074
0.744661
0.741384
0.756569
0.817625
0.898812
0.955395
0.991046
1.00822
1.01336
0.993409
0.941334
0.883516
0.841927
0.809815
0.782852
0.767391
0.763236
0.766035
0.776579
0.830865
0.981124
1.081
1.10823
1.10645
1.06259
0.996755
0.944647
0.90512
0.887168
0.891714
0.908165
0.923018
0.933284
0.935657
0.929193
0.934945
0.96253
0.995864
1.02044
1.04088
1.0534
1.0604
1.06377
1.05081
1.00934
0.972483
0.954414
0.949716
0.957581
0.969094
0.969139
0.973832
1.01054
1.07899
1.12682
1.14397
1.14767
1.14338
1.12374
1.07011
1.00355
0.953918
0.934935
0.938557
0.952004
0.998126
1.09584
1.1455
1.15051
1.1416
1.119
1.09239
1.06833
1.03695
1.00062
0.96093
0.924286
0.891959
0.972673
4.78481
35.4699
0.668104
0.672241
0.680177
0.706348
0.797353
0.872466
0.893629
0.899912
0.901237
0.893267
0.858252
0.824719
0.810643
0.806571
0.804207
0.796145
0.771779
0.74499
0.729964
0.725184
0.725408
0.742667
0.846402
0.97107
1.01663
1.03323
1.03914
1.02002
0.977558
0.917483
0.851765
0.806109
0.781231
0.76981
0.768519
0.784745
0.829318
0.874811
0.929985
1.0134
1.05337
1.04399
1.0152
0.993944
0.971246
0.952463
0.947359
0.951577
0.954342
0.953877
0.947107
0.925674
0.902464
0.891802
0.896326
0.921789
0.979421
1.03594
1.06562
1.07955
1.08615
1.08378
1.05603
1.02164
0.995706
0.980846
0.972937
0.965863
0.954431
0.942902
0.943631
0.991518
1.08984
1.13681
1.14511
1.14571
1.14414
1.11082
1.03223
0.968926
0.944586
0.947527
0.96246
0.98125
1.03297
1.09898
1.11669
1.10746
1.09079
1.07289
1.06919
1.06509
1.05402
1.02612
0.9917
0.940181
0.91839
4.63592
35.332
0.671083
0.676155
0.692231
0.709713
0.738527
0.802897
0.86421
0.893941
0.905488
0.90804
0.901269
0.883185
0.859995
0.840225
0.819887
0.790591
0.756345
0.732757
0.725337
0.72546
0.727683
0.747331
0.82241
0.941489
1.01279
1.03402
1.03378
0.993401
0.938128
0.900009
0.868233
0.831214
0.804065
0.793745
0.805477
0.84446
0.877215
0.891033
0.899427
0.912816
0.933908
0.958064
0.975975
0.985423
0.993023
1.00991
1.01889
1.01361
1.00125
0.984335
0.954292
0.910647
0.876531
0.863807
0.864682
0.870494
0.907011
1.00546
1.0693
1.08687
1.09366
1.09097
1.07205
1.05352
1.03369
1.0129
0.995673
0.976622
0.955512
0.941581
0.938408
0.942805
1.00945
1.10479
1.13592
1.13733
1.13113
1.11625
1.06811
1.00851
0.978324
0.976108
0.983094
0.986371
0.994857
1.02542
1.05732
1.06162
1.05733
1.06237
1.07873
1.09178
1.09607
1.08491
1.04144
0.963007
0.902397
4.44732
35.2588
0.682497
0.688636
0.706776
0.725368
0.742049
0.755857
0.786566
0.835658
0.876015
0.898383
0.912167
0.919037
0.91758
0.900996
0.86
0.801103
0.754872
0.733907
0.729345
0.73056
0.746275
0.804687
0.854405
0.885181
0.935755
0.970348
0.963524
0.934535
0.915537
0.905436
0.890428
0.868106
0.848281
0.846174
0.868923
0.890126
0.89656
0.896567
0.883939
0.853108
0.846366
0.869551
0.915603
0.963577
1.01132
1.05413
1.07486
1.07266
1.05317
1.02013
0.965605
0.903213
0.865567
0.85392
0.855306
0.85876
0.875547
0.954561
1.04789
1.0799
1.08846
1.08472
1.06824
1.05681
1.05143
1.04044
1.02393
1.00561
0.981078
0.954667
0.94106
0.937658
0.947043
1.02831
1.09999
1.11632
1.11228
1.1015
1.07854
1.05014
1.03181
1.02074
1.00923
0.996723
0.977847
0.969429
0.987299
1.00931
1.02142
1.04512
1.08093
1.10136
1.1065
1.10156
1.0678
1.00021
0.944794
4.19292
35.3088
0.70154
0.705937
0.723417
0.742826
0.751706
0.754136
0.752548
0.759076
0.795442
0.863214
0.907529
0.921613
0.927146
0.928427
0.903188
0.833869
0.776249
0.752406
0.749135
0.755066
0.79737
0.854719
0.87426
0.876966
0.873071
0.859817
0.862106
0.884165
0.902552
0.907878
0.909193
0.906839
0.906667
0.921871
0.93042
0.923761
0.912203
0.893187
0.855645
0.824837
0.814341
0.817353
0.840628
0.908448
1.00369
1.06121
1.08264
1.08825
1.08501
1.06818
1.00419
0.917234
0.869698
0.856674
0.857785
0.864197
0.896798
0.947802
0.993478
1.03241
1.04918
1.0501
1.04504
1.04763
1.05603
1.06199
1.05777
1.04568
1.02365
0.98223
0.945486
0.931129
0.926838
0.944074
1.02139
1.07555
1.08816
1.09154
1.08801
1.0846
1.08098
1.06706
1.04652
1.01826
0.979548
0.953643
0.943895
0.952939
0.972267
1.00952
1.06216
1.09313
1.10012
1.09647
1.08375
1.03819
1.03102
4.033
35.4926
0.729149
0.732348
0.743226
0.751932
0.757155
0.75538
0.744631
0.741486
0.744399
0.775761
0.853727
0.901664
0.914783
0.915376
0.906475
0.879484
0.829074
0.794863
0.786423
0.798167
0.846345
0.879269
0.882929
0.869933
0.822731
0.781163
0.775328
0.804168
0.862476
0.898783
0.914089
0.938037
0.974424
0.988203
0.977207
0.950988
0.925049
0.891072
0.851926
0.826116
0.817657
0.82529
0.839165
0.859312
0.927655
1.02428
1.06274
1.06763
1.06432
1.05466
1.02517
0.959284
0.901838
0.884213
0.886573
0.901802
0.934851
0.951093
0.952599
0.955873
0.97365
1.00226
1.02845
1.05111
1.07059
1.08444
1.09127
1.08664
1.06244
1.01352
0.957629
0.924642
0.91179
0.911392
0.935477
1.00616
1.05795
1.08396
1.10869
1.12526
1.11722
1.10094
1.08579
1.0612
1.00774
0.952538
0.928315
0.923006
0.929414
0.956533
1.02163
1.0678
1.07817
1.07894
1.07567
1.04912
1.10394
3.98601
35.7159
0.774574
0.762139
0.759974
0.756702
0.75305
0.750576
0.745232
0.740767
0.741562
0.74593
0.766804
0.826178
0.875818
0.89565
0.901067
0.900128
0.885046
0.859732
0.850833
0.865638
0.889452
0.895314
0.888228
0.85218
0.789068
0.755228
0.748979
0.756241
0.788899
0.851827
0.913931
0.975033
1.01747
1.02973
1.02487
0.996435
0.949466
0.908866
0.874926
0.853366
0.849887
0.854135
0.853493
0.848711
0.853263
0.907168
0.996802
1.03928
1.05076
1.05312
1.04835
1.0128
0.964781
0.939555
0.93666
0.944914
0.953398
0.951398
0.922768
0.901737
0.903381
0.934849
1.00731
1.06814
1.10162
1.11607
1.1207
1.11106
1.07957
1.02901
0.967458
0.922504
0.907538
0.907833
0.911693
0.933149
1.00711
1.07755
1.12149
1.14119
1.1403
1.12555
1.11277
1.09784
1.0485
0.973299
0.932079
0.920104
0.919827
0.928681
0.983783
1.04322
1.06278
1.06985
1.07071
1.05171
1.11438
4.02189
35.8916
0.838535
0.799881
0.776758
0.76606
0.761825
0.759762
0.756443
0.750871
0.747586
0.745925
0.741793
0.745851
0.78129
0.842377
0.884263
0.901439
0.908526
0.923319
0.942428
0.94451
0.930147
0.907982
0.873538
0.816026
0.766058
0.744848
0.740559
0.742923
0.749992
0.781844
0.87913
0.980606
1.02002
1.02926
1.01995
0.992187
0.97422
0.95411
0.928785
0.906518
0.890254
0.873591
0.853736
0.835927
0.826605
0.829046
0.874187
0.970529
1.02837
1.04808
1.05705
1.06297
1.05306
1.02907
1.00787
0.988359
0.96759
0.930603
0.893817
0.875558
0.873535
0.885957
0.958373
1.07157
1.12376
1.13867
1.13661
1.12041
1.0859
1.02214
0.964441
0.930625
0.916769
0.917344
0.924967
0.938409
0.967264
1.03985
1.10803
1.13479
1.14093
1.13646
1.12521
1.11358
1.07668
1.00791
0.957484
0.935078
0.929584
0.93318
0.972082
1.02707
1.05186
1.06056
1.06649
1.0488
1.11218
4.03901
36.0138
0.86993
0.848392
0.816276
0.796818
0.78523
0.779034
0.773161
0.764537
0.752541
0.74063
0.731522
0.723572
0.723128
0.74347
0.807846
0.874927
0.928772
0.986042
1.01694
1.02071
0.99699
0.939643
0.867486
0.801636
0.76249
0.747209
0.744915
0.750742
0.76401
0.784668
0.828764
0.925541
0.992008
1.0062
1.00513
1.00168
0.998917
0.99646
0.985191
0.962612
0.929964
0.886559
0.844534
0.818099
0.806922
0.804799
0.808104
0.85163
0.960914
1.04201
1.08695
1.11292
1.12164
1.11364
1.0732
1.01595
0.953691
0.905175
0.87763
0.867607
0.868368
0.880544
0.931856
1.05351
1.12366
1.13855
1.13088
1.10488
1.05879
1.00983
0.972388
0.950551
0.945705
0.951986
0.960498
0.968105
0.972642
0.993201
1.05898
1.10916
1.12791
1.13255
1.12705
1.11874
1.09648
1.04631
1.00052
0.970614
0.956982
0.953126
0.97014
1.01195
1.03796
1.05035
1.05616
1.03505
1.10366
4.02988
36.0696
0.869072
0.869726
0.859944
0.847108
0.826458
0.805403
0.788116
0.774542
0.763086
0.751574
0.737333
0.720891
0.712643
0.713348
0.723855
0.788698
0.915156
0.999702
1.02958
1.03796
1.0369
0.986689
0.881986
0.810954
0.774462
0.760749
0.761568
0.771187
0.78372
0.798157
0.815135
0.847621
0.912358
0.964663
0.991785
1.01044
1.0234
1.02718
1.0226
1.00672
0.966013
0.90059
0.841768
0.810371
0.799331
0.797805
0.79963
0.807986
0.870303
1.0169
1.10898
1.13719
1.14938
1.14708
1.11761
1.0413
0.954501
0.902699
0.878847
0.871547
0.880448
0.912885
0.959559
1.02592
1.08921
1.10932
1.09361
1.06198
1.03089
1.00494
0.988139
0.98525
0.991883
0.99174
0.989332
0.979605
0.967536
0.966108
0.99589
1.06105
1.09981
1.11603
1.12136
1.12249
1.11571
1.0803
1.03913
1.00378
0.979597
0.968746
0.966954
0.9935
1.02068
1.03032
1.03258
1.01725
1.09183
4.02492
36.1375
0.848304
0.867093
0.869372
0.871821
0.865836
0.85084
0.828562
0.806043
0.786396
0.766797
0.741744
0.720772
0.714538
0.716739
0.730888
0.753564
0.822345
0.952289
1.01338
1.02364
1.01186
0.981373
0.922916
0.849247
0.80628
0.790011
0.787771
0.793229
0.80043
0.809216
0.818588
0.827427
0.838874
0.8801
0.949716
1.00597
1.03243
1.04232
1.043
1.0372
0.999634
0.916149
0.852616
0.820745
0.806915
0.803476
0.804538
0.814626
0.861342
0.961027
1.08582
1.13741
1.14823
1.13652
1.09861
1.04736
0.977954
0.920486
0.897362
0.896747
0.925313
0.95379
0.965977
0.986981
1.01946
1.0404
1.04007
1.0313
1.02069
1.01148
1.01174
1.02818
1.03369
1.02451
1.00703
0.973961
0.947437
0.942461
0.955065
1.00992
1.07722
1.11248
1.12609
1.12645
1.12487
1.09975
1.06248
1.02918
0.997325
0.97587
0.964333
0.977135
0.998269
1.00293
1.00378
0.99963
1.08877
4.04802
36.268
0.779408
0.834826
0.855685
0.869673
0.880939
0.885946
0.882835
0.859951
0.819143
0.777633
0.749515
0.735598
0.733059
0.743417
0.758382
0.766978
0.775462
0.82505
0.92329
0.972472
0.980641
0.978757
0.963832
0.912199
0.85656
0.826313
0.814159
0.812025
0.814533
0.817848
0.822046
0.822471
0.824263
0.832052
0.873949
0.970936
1.02764
1.03796
1.03559
1.01941
0.977347
0.927126
0.881421
0.849272
0.832896
0.828636
0.834768
0.870758
0.916862
0.946029
0.992088
1.05827
1.08284
1.07738
1.0561
1.03628
1.01209
0.971838
0.949455
0.953221
0.968559
0.971221
0.963641
0.951955
0.95062
0.977057
1.0046
1.01533
1.02161
1.02919
1.04949
1.0599
1.05471
1.04329
1.02095
0.97023
0.935684
0.928552
0.934271
0.961889
1.04302
1.10772
1.13118
1.13293
1.12888
1.11085
1.07818
1.0516
1.02807
0.99906
0.97884
0.971061
0.981126
0.978401
0.976912
0.986041
1.08611
4.12283
36.5086
0.7155
0.745559
0.810469
0.859218
0.881327
0.89101
0.897188
0.897762
0.876372
0.827062
0.784641
0.766448
0.762451
0.765732
0.770258
0.771917
0.77097
0.767563
0.792155
0.878346
0.94505
0.968181
0.973932
0.96745
0.932253
0.879814
0.846881
0.833335
0.829728
0.829278
0.826637
0.826865
0.833819
0.841493
0.84858
0.888723
0.970172
1.00124
1.00261
0.992096
0.966955
0.941034
0.914735
0.892234
0.880032
0.879784
0.901109
0.935713
0.94822
0.943663
0.927964
0.928055
0.976345
1.02619
1.04286
1.04786
1.04594
1.03443
1.01791
1.00612
0.99338
0.973734
0.948286
0.925657
0.917267
0.928496
0.967574
0.999859
1.02333
1.05619
1.07995
1.08117
1.06763
1.05501
1.0355
0.979162
0.936484
0.926526
0.932095
0.943512
1.00172
1.08632
1.11968
1.12163
1.1128
1.1015
1.08269
1.0642
1.05668
1.03741
1.00791
0.987216
0.979721
0.973761
0.969611
0.972954
1.08041
4.19627
36.586
0.693843
0.693646
0.718614
0.799088
0.865684
0.888667
0.896808
0.901441
0.902489
0.889385
0.851225
0.813744
0.792315
0.782209
0.776714
0.770207
0.756002
0.749065
0.750882
0.770385
0.851833
0.93674
0.971376
0.979407
0.971016
0.940272
0.900371
0.872629
0.858209
0.850762
0.847017
0.847898
0.848157
0.843976
0.84262
0.846432
0.872788
0.932699
0.967104
0.975679
0.974995
0.962494
0.948333
0.942468
0.944338
0.957249
0.974874
0.979519
0.96536
0.9178
0.873286
0.859699
0.874875
0.956465
1.03358
1.06005
1.07304
1.08628
1.08459
1.05383
1.01525
0.980858
0.947672
0.92396
0.914465
0.913636
0.92815
0.966592
1.01245
1.0589
1.08454
1.09022
1.07926
1.06268
1.0441
0.999214
0.958254
0.944896
0.948346
0.956348
0.981142
1.04394
1.08074
1.08788
1.0836
1.07907
1.07464
1.07304
1.07326
1.06631
1.03973
1.01749
0.998213
0.984186
0.982367
0.9865
1.06919
4.23916
36.5973
0.686414
0.683505
0.68681
0.711356
0.796602
0.870114
0.894623
0.901097
0.903995
0.911902
0.916271
0.890113
0.840363
0.805067
0.782831
0.762458
0.751609
0.7497
0.751494
0.756017
0.767618
0.827535
0.915284
0.956045
0.967178
0.977557
0.975174
0.948305
0.914377
0.889224
0.873363
0.86215
0.852228
0.842963
0.833936
0.826475
0.826002
0.844048
0.901904
0.955098
0.975835
0.979908
0.985405
0.993721
1.01064
1.02437
1.02574
1.01016
0.961953
0.892656
0.847814
0.835013
0.833874
0.860575
0.963463
1.05541
1.09377
1.10869
1.11276
1.09514
1.0519
1.00473
0.969186
0.94345
0.931034
0.929219
0.930948
0.938895
0.976471
1.03817
1.06629
1.06904
1.06741
1.06532
1.05405
1.02351
0.993432
0.974851
0.969117
0.970563
0.975761
0.997492
1.02557
1.04778
1.0616
1.06644
1.06688
1.0718
1.0785
1.07244
1.04988
1.02655
1.00768
0.992749
0.99068
0.996776
1.08703
4.24417
36.4702
0.679988
0.67792
0.687808
0.696659
0.716265
0.786656
0.858807
0.891998
0.916102
0.936554
0.944154
0.943171
0.903297
0.832209
0.786396
0.768586
0.762254
0.761119
0.76228
0.759338
0.755036
0.759992
0.799795
0.892296
0.96074
0.991857
1.00971
1.01442
0.994246
0.948135
0.902496
0.867762
0.848206
0.83838
0.827887
0.817424
0.81389
0.815641
0.829504
0.891832
0.958223
0.993499
1.02042
1.04245
1.05426
1.05787
1.05001
1.0263
0.96556
0.887499
0.844991
0.832783
0.831845
0.837769
0.881959
1.00885
1.08705
1.10451
1.10537
1.08723
1.06444
1.04479
1.02019
0.985864
0.958952
0.944866
0.936222
0.934108
0.946051
0.994492
1.03553
1.05188
1.06216
1.06539
1.06243
1.04259
1.0214
1.00393
0.989466
0.977656
0.968164
0.964359
0.972311
1.0009
1.03633
1.05626
1.06393
1.069
1.07693
1.07795
1.05732
1.0255
0.998655
0.979269
0.972829
0.982511
1.08776
4.36772
36.378
0.678524
0.677816
0.690174
0.69727
0.703749
0.719563
0.784822
0.880388
0.92794
0.942072
0.945936
0.946851
0.937383
0.883636
0.81698
0.788824
0.782186
0.780654
0.774568
0.760487
0.753261
0.755076
0.7605
0.789551
0.895845
0.987323
1.01662
1.02504
1.02762
1.01743
0.965031
0.899495
0.858474
0.836635
0.82316
0.816155
0.814181
0.815717
0.819576
0.836011
0.901198
0.984224
1.03332
1.05881
1.07052
1.07543
1.0614
1.00807
0.946483
0.898413
0.863252
0.847478
0.845214
0.852829
0.876134
0.936663
1.028
1.07147
1.07803
1.0761
1.07211
1.07378
1.06507
1.02684
0.980339
0.949852
0.931582
0.924436
0.928324
0.958868
1.01037
1.04427
1.06483
1.07187
1.06703
1.04853
1.03048
1.01852
1.00401
0.983757
0.960991
0.949612
0.944966
0.956742
1.00136
1.03944
1.05647
1.06484
1.0748
1.08121
1.06809
1.02862
0.989311
0.960971
0.943722
0.942212
1.05147
4.50608
36.5855
0.684788
0.684648
0.694971
0.700743
0.709225
0.723466
0.747423
0.818885
0.905571
0.935127
0.939067
0.92899
0.916612
0.903116
0.870056
0.830698
0.809347
0.79694
0.780752
0.763885
0.757671
0.7607
0.768804
0.783821
0.815996
0.912469
0.9933
1.01589
1.01915
1.01474
1.0007
0.953619
0.88989
0.849472
0.832206
0.82618
0.825306
0.827443
0.832471
0.84175
0.857891
0.922254
1.01582
1.05793
1.0691
1.0721
1.04809
0.993932
0.947521
0.914901
0.890604
0.875015
0.869777
0.876447
0.891225
0.909637
0.948799
1.01033
1.05187
1.0746
1.08628
1.08991
1.08834
1.06328
0.999466
0.947437
0.923397
0.917504
0.921921
0.94224
0.997883
1.04751
1.0656
1.06915
1.05969
1.04651
1.03354
1.02044
1.00809
0.993871
0.965344
0.943272
0.935117
0.933754
0.9531
0.999773
1.04091
1.06115
1.07275
1.08077
1.06819
1.03427
0.987913
0.943765
0.917185
0.911837
1.01565
4.57008
36.7876
0.701798
0.697485
0.704081
0.714281
0.736394
0.754764
0.766281
0.779071
0.817953
0.872907
0.89837
0.905081
0.909405
0.917206
0.91773
0.888108
0.841257
0.810495
0.795063
0.786655
0.784597
0.788938
0.79558
0.798783
0.800026
0.810886
0.887454
0.968339
0.996311
1.00317
1.00735
1.00327
0.955114
0.894679
0.86226
0.848672
0.843005
0.84167
0.843183
0.84668
0.85173
0.867932
0.945836
1.02537
1.04927
1.05337
1.03436
0.989091
0.952057
0.930202
0.914717
0.902642
0.897134
0.90458
0.914861
0.920598
0.929633
0.947722
0.996623
1.05087
1.08013
1.08608
1.07952
1.06386
1.02252
0.960486
0.932656
0.928442
0.934571
0.95667
1.00003
1.03618
1.05005
1.05016
1.04268
1.03677
1.02805
1.01829
1.01147
1.00552
0.989119
0.958667
0.940612
0.931859
0.932654
0.951566
1.00342
1.05575
1.07562
1.07473
1.04871
1.01705
0.99447
0.959501
0.922702
0.902055
0.998192
4.50435
36.8984
0.729559
0.715497
0.724408
0.743315
0.765208
0.775784
0.779167
0.774851
0.763608
0.772596
0.825306
0.88013
0.907531
0.918279
0.923434
0.92018
0.890488
0.850466
0.830307
0.825601
0.825727
0.824802
0.816334
0.800152
0.787029
0.785018
0.79389
0.860115
0.955033
0.998334
1.00867
1.01111
1.00074
0.960631
0.911013
0.878074
0.861426
0.853957
0.850701
0.849299
0.850304
0.856751
0.886474
0.961198
1.01511
1.03032
1.02062
0.98619
0.956875
0.940337
0.930881
0.925997
0.933269
0.948901
0.953945
0.951496
0.9453
0.93604
0.937688
0.968677
1.02599
1.05149
1.05145
1.04372
1.02843
0.998072
0.971709
0.968097
0.975277
0.990537
1.00358
1.00902
1.00867
1.01135
1.01401
1.02441
1.02872
1.02567
1.0254
1.02476
1.02465
1.00815
0.97369
0.949933
0.93709
0.935732
0.949338
0.99247
1.03192
1.04276
1.03174
1.00977
1.00073
0.996565
0.980052
0.943263
0.999994
4.379
36.8586
0.783263
0.752518
0.75833
0.77209
0.784913
0.78898
0.786721
0.764988
0.741905
0.737172
0.745741
0.80012
0.871414
0.90364
0.915785
0.926182
0.930203
0.913666
0.887468
0.871901
0.863115
0.849872
0.82565
0.797322
0.782926
0.780455
0.783192
0.793772
0.847917
0.940763
0.989336
1.00217
1.00526
1.00482
0.981362
0.937549
0.896496
0.870462
0.857607
0.851742
0.850236
0.858058
0.874842
0.902517
0.948992
0.978443
0.982482
0.970634
0.955781
0.945912
0.942823
0.952884
0.985684
1.00512
1.00472
0.988456
0.954928
0.92056
0.900604
0.899471
0.931497
0.99359
1.02427
1.0337
1.041
1.04628
1.04241
1.02998
1.02033
1.01125
0.99524
0.975022
0.961443
0.959372
0.964663
0.994074
1.02292
1.03711
1.0461
1.05553
1.06435
1.06365
1.02734
0.980344
0.953087
0.943193
0.939925
0.935387
0.949796
0.984997
1.00669
1.0094
1.01456
1.0309
1.0436
1.02298
1.04493
4.26086
36.7445
0.858367
0.819361
0.802721
0.798742
0.799715
0.796773
0.775745
0.751841
0.73856
0.733123
0.733974
0.740863
0.784971
0.863924
0.914112
0.937278
0.952401
0.960713
0.95351
0.927133
0.894217
0.85955
0.828434
0.806071
0.791202
0.785049
0.78536
0.79099
0.801028
0.836853
0.920803
0.983569
1.00796
1.01777
1.02212
1.0085
0.950816
0.890866
0.863213
0.856754
0.860232
0.873431
0.882793
0.886785
0.889116
0.902689
0.926482
0.943315
0.947959
0.949886
0.958789
1.00043
1.0398
1.05347
1.05213
1.02638
0.961809
0.902609
0.873345
0.864936
0.869091
0.907746
0.976805
1.02632
1.06582
1.09358
1.09981
1.08946
1.06259
1.02568
0.986402
0.952787
0.931249
0.923268
0.923326
0.952475
1.01165
1.05024
1.07034
1.08303
1.09211
1.08398
1.06306
1.01911
0.976628
0.95155
0.93755
0.924995
0.910268
0.908821
0.952523
1.0062
1.03556
1.05628
1.07193
1.05722
1.10272
4.25234
36.7585
0.90772
0.917075
0.878471
0.840194
0.813086
0.784638
0.756511
0.739363
0.733323
0.732689
0.734791
0.738515
0.744431
0.777395
0.861426
0.933969
0.968481
0.98098
0.984578
0.971776
0.929923
0.876401
0.840787
0.823177
0.811407
0.802747
0.798403
0.798708
0.801116
0.803877
0.827143
0.920904
1.00033
1.02205
1.02524
1.02324
1.00177
0.939304
0.894229
0.880773
0.883069
0.890583
0.891243
0.879229
0.85769
0.852429
0.869734
0.907234
0.936821
0.957543
0.999789
1.05021
1.07217
1.0755
1.07223
1.04915
0.975295
0.899433
0.866466
0.856352
0.85551
0.861423
0.90464
1.00492
1.08829
1.12612
1.13557
1.13013
1.10009
1.04024
0.98216
0.943472
0.919359
0.907329
0.904072
0.917913
0.983778
1.05324
1.08266
1.09728
1.09751
1.08108
1.06427
1.0431
1.00944
0.979647
0.957217
0.928879
0.902063
0.887158
0.891327
0.951683
1.031
1.07099
1.08321
1.07159
1.14667
4.33958
36.9309
0.927903
0.965351
0.961122
0.914598
0.841329
0.781073
0.746405
0.733072
0.730452
0.732355
0.736366
0.742007
0.748282
0.755235
0.785538
0.895879
0.968025
0.982012
0.984922
0.970661
0.92228
0.877796
0.856971
0.846567
0.839338
0.831256
0.820304
0.808781
0.803681
0.806431
0.814878
0.847727
0.940977
1.0012
1.0151
1.01348
1.00414
0.986897
0.950323
0.923024
0.911879
0.906301
0.895768
0.868012
0.843292
0.834374
0.836802
0.858188
0.901367
0.964466
1.04151
1.08586
1.09781
1.09218
1.06811
1.02264
0.968624
0.915587
0.87462
0.857406
0.854851
0.858018
0.870336
0.953444
1.08478
1.13502
1.14447
1.14454
1.12948
1.06917
0.997445
0.947952
0.918824
0.904573
0.902374
0.915952
0.953862
1.02986
1.07827
1.09325
1.09069
1.0677
1.04914
1.03883
1.02492
1.01482
0.999506
0.95829
0.914401
0.890908
0.88507
0.897386
0.975069
1.04981
1.07243
1.07042
1.15778
4.4708
37.2274
0.921272
0.970109
0.971964
0.952207
0.881639
0.790979
0.749501
0.737687
0.735945
0.739067
0.744321
0.749808
0.754979
0.765632
0.791724
0.839749
0.915745
0.95374
0.960824
0.943382
0.904533
0.878518
0.86853
0.864792
0.862673
0.860588
0.853281
0.839488
0.829823
0.831797
0.839145
0.844218
0.85691
0.915156
0.969636
0.991038
1.00072
1.01423
1.01411
0.982283
0.948054
0.924044
0.899442
0.868724
0.842721
0.832956
0.833591
0.83769
0.864088
0.956019
1.05567
1.0946
1.105
1.09911
1.05332
1.00276
0.971724
0.940957
0.90407
0.879447
0.874387
0.879519
0.894791
0.9346
1.02126
1.10439
1.12628
1.12295
1.11148
1.09072
1.04057
0.978406
0.939313
0.922311
0.919068
0.925657
0.938291
0.976876
1.03897
1.06834
1.07045
1.05085
1.04048
1.03712
1.03322
1.04007
1.03105
0.994895
0.934848
0.896823
0.887837
0.894716
0.934855
1.01739
1.05891
1.06636
1.15981
4.53607
37.3493
0.871705
0.945868
0.951725
0.928276
0.872011
0.818617
0.778379
0.75875
0.752836
0.752614
0.754505
0.75878
0.77021
0.794558
0.816014
0.827767
0.84567
0.881675
0.901539
0.899469
0.888934
0.883961
0.881572
0.878523
0.878741
0.883128
0.888867
0.89021
0.883096
0.870235
0.856995
0.838627
0.822566
0.826643
0.87744
0.955253
1.00562
1.02917
1.03978
1.03733
1.00476
0.958795
0.913619
0.871723
0.843832
0.835588
0.838046
0.846576
0.866498
0.932827
1.03859
1.08355
1.09044
1.07377
1.03376
1.00021
0.978359
0.961785
0.941631
0.918877
0.907559
0.908721
0.917579
0.923959
0.937648
1.01015
1.08671
1.11088
1.11177
1.10541
1.08806
1.03631
0.979515
0.94777
0.934144
0.931621
0.935799
0.942781
0.977663
1.02876
1.05081
1.04623
1.03953
1.04007
1.04673
1.05072
1.03973
1.01377
0.953697
0.907216
0.896831
0.905333
0.928454
1.00116
1.05884
1.06718
1.16388
4.53693
37.4248
0.803144
0.865432
0.886494
0.878879
0.862585
0.85345
0.835044
0.805171
0.781418
0.771309
0.770784
0.779137
0.798219
0.819419
0.830582
0.832489
0.828322
0.812879
0.810189
0.830501
0.859125
0.875927
0.882119
0.889752
0.898099
0.90977
0.926025
0.937997
0.939306
0.923128
0.880842
0.832283
0.805002
0.798618
0.805408
0.860268
0.964143
1.02659
1.04777
1.05456
1.05142
1.01384
0.944539
0.887145
0.859382
0.852691
0.856219
0.866275
0.882162
0.911941
0.980285
1.0372
1.05199
1.04692
1.02918
1.00508
0.988242
0.980551
0.975822
0.966788
0.95357
0.941011
0.92674
0.91161
0.905205
0.916297
1.00425
1.08697
1.10915
1.11239
1.11244
1.0981
1.04003
0.985006
0.954484
0.940056
0.935259
0.936302
0.941688
0.975364
1.02443
1.0454
1.04618
1.04733
1.05353
1.05284
1.0408
1.02604
0.982117
0.925113
0.904833
0.906347
0.92114
0.985708
1.04664
1.05987
1.16152
4.51499
37.4798
0.78606
0.781413
0.77784
0.798934
0.832907
0.852799
0.860737
0.861651
0.840747
0.817678
0.809793
0.813342
0.823497
0.833179
0.836599
0.835178
0.810697
0.771557
0.758361
0.765031
0.799047
0.847107
0.877793
0.897032
0.919302
0.942486
0.959359
0.967047
0.967894
0.959961
0.911497
0.839997
0.803527
0.794868
0.7963
0.803635
0.862712
0.981305
1.03766
1.04843
1.05089
1.04979
1.00975
0.936355
0.891427
0.875973
0.873704
0.879433
0.890651
0.901268
0.924379
0.973194
1.01091
1.02317
1.02268
1.01361
1.00117
0.99642
0.998854
1.00444
1.00013
0.972469
0.931475
0.897873
0.882631
0.878418
0.909339
1.02687
1.09665
1.11347
1.1205
1.12436
1.09474
1.03246
0.98556
0.959949
0.946689
0.94213
0.939317
0.940992
0.974279
1.02344
1.04228
1.0461
1.0533
1.0587
1.05561
1.04388
1.01598
0.956239
0.913273
0.896831
0.894169
0.933435
1.00945
1.02949
1.13862
4.52831
37.5796
0.78454
0.734171
0.704919
0.710455
0.75708
0.825517
0.864139
0.883336
0.896421
0.894975
0.878577
0.86334
0.854322
0.848356
0.841081
0.821456
0.78591
0.75617
0.743982
0.744867
0.752524
0.782741
0.839749
0.893154
0.937458
0.974092
0.990117
0.992658
0.988022
0.976565
0.929909
0.855417
0.810981
0.798314
0.798333
0.801707
0.809692
0.875046
0.990555
1.0383
1.05142
1.05787
1.05642
1.00669
0.933185
0.898364
0.888976
0.890158
0.89658
0.900631
0.902594
0.915394
0.958301
0.996888
1.01089
1.01278
1.0118
1.0113
1.01504
1.02324
1.02749
1.00358
0.944142
0.895307
0.873674
0.865474
0.867205
0.944291
1.06643
1.11227
1.12628
1.13537
1.11508
1.06693
1.02089
0.987849
0.965993
0.950836
0.937849
0.926913
0.929317
0.977461
1.02437
1.03978
1.04942
1.06129
1.06902
1.06073
1.03953
0.996085
0.938832
0.903105
0.887683
0.885703
0.931226
0.971704
1.0906
4.59704
37.8102
0.79279
0.717277
0.679063
0.673281
0.682702
0.732218
0.819803
0.884395
0.923628
0.950952
0.958109
0.942971
0.907562
0.873103
0.840877
0.803581
0.769716
0.748805
0.739879
0.739224
0.742636
0.748121
0.771733
0.84821
0.93882
0.988297
1.00893
1.01447
1.01133
0.994224
0.943029
0.875509
0.829152
0.808923
0.803205
0.803291
0.805381
0.815123
0.893535
1.01059
1.05324
1.06066
1.06325
1.05091
0.98799
0.929389
0.907273
0.901327
0.900623
0.89893
0.895269
0.89539
0.909618
0.955925
0.991971
1.0059
1.01322
1.02251
1.02825
1.03122
1.03264
1.01886
0.963625
0.90047
0.871064
0.861673
0.859328
0.897851
1.01435
1.0956
1.11959
1.12987
1.11649
1.0807
1.04915
1.0199
0.990433
0.960392
0.934778
0.920373
0.914724
0.93011
0.983654
1.02931
1.05216
1.06593
1.074
1.06552
1.05071
1.02665
0.980155
0.931709
0.898029
0.876704
0.879714
0.900162
1.0177
4.65338
37.9732
0.794887
0.714816
0.682204
0.672885
0.673954
0.682403
0.716738
0.810761
0.913202
0.975007
1.00375
1.0097
0.992916
0.931533
0.857865
0.803381
0.770372
0.751411
0.743203
0.742234
0.744375
0.747201
0.751062
0.783342
0.901907
0.98744
1.00849
1.01411
1.01238
0.991499
0.951957
0.901275
0.853568
0.823592
0.810418
0.807049
0.807802
0.811064
0.832199
0.926017
1.02581
1.05609
1.06255
1.06173
1.03172
0.973013
0.934303
0.918356
0.911414
0.906068
0.899117
0.894012
0.893677
0.907369
0.952133
0.991643
1.01523
1.03117
1.03944
1.03938
1.03594
1.02036
0.973426
0.914498
0.88163
0.870898
0.871059
0.897032
0.963003
1.04345
1.08707
1.10342
1.09885
1.0804
1.06473
1.04694
1.0209
0.983346
0.944349
0.922766
0.91498
0.916543
0.941603
0.995885
1.03652
1.05359
1.06259
1.05765
1.04509
1.03246
1.00899
0.969771
0.929948
0.897977
0.879464
0.866854
0.962837
4.68122
37.9363
0.808065
0.727536
0.695317
0.682294
0.679574
0.683491
0.688695
0.710303
0.831712
0.970035
1.01
1.01607
1.01598
0.987112
0.901026
0.826516
0.784993
0.762863
0.751913
0.748549
0.749544
0.751872
0.75503
0.768887
0.841302
0.950593
0.992742
0.999831
0.999708
0.989232
0.964236
0.926039
0.882096
0.844331
0.823639
0.817176
0.817614
0.823497
0.835508
0.857083
0.934416
1.01766
1.04726
1.05455
1.05312
1.02551
0.977889
0.946532
0.931428
0.922185
0.911405
0.896308
0.886517
0.886708
0.90432
0.959637
1.01298
1.03765
1.0467
1.04954
1.04343
1.01859
0.976071
0.934283
0.90711
0.896605
0.900682
0.919405
0.94282
0.978196
1.02586
1.05769
1.06864
1.06605
1.06128
1.05477
1.04171
1.01663
0.974194
0.940173
0.927263
0.924617
0.934924
0.963292
1.0042
1.03322
1.04314
1.03853
1.02548
1.01895
1.00886
0.986949
0.955994
0.934297
0.916239
0.888034
0.939086
4.61699
37.7665
0.84111
0.758395
0.717207
0.695452
0.687375
0.689146
0.696352
0.712223
0.751739
0.8863
0.98481
1.00272
0.995842
0.977777
0.948318
0.885452
0.825423
0.78687
0.765282
0.756535
0.757248
0.760763
0.767579
0.786502
0.818017
0.87518
0.943037
0.973347
0.981254
0.979488
0.965375
0.94775
0.917484
0.874988
0.844687
0.83295
0.831916
0.83753
0.844902
0.847905
0.854408
0.913174
1.00088
1.04133
1.05282
1.05321
1.03203
0.994481
0.964735
0.943821
0.922636
0.897483
0.881065
0.877504
0.882126
0.907533
0.978024
1.0312
1.04622
1.04801
1.04007
1.01333
0.984667
0.961212
0.944849
0.93776
0.939256
0.94471
0.94843
0.951432
0.964102
0.995578
1.02462
1.04072
1.04842
1.04939
1.04482
1.03556
1.00388
0.963397
0.946584
0.944711
0.950133
0.977688
1.00774
1.02075
1.02346
1.0161
1.0071
1.00209
0.995747
0.985168
0.966774
0.95239
0.943032
0.919118
0.929247
4.62851
37.693
0.886452
0.80366
0.743874
0.71678
0.707925
0.711219
0.725197
0.740453
0.752913
0.783153
0.874758
0.944232
0.963005
0.964605
0.962223
0.942862
0.887525
0.827576
0.788486
0.773268
0.773699
0.779148
0.788715
0.803228
0.815251
0.826319
0.858838
0.914675
0.950089
0.961543
0.965524
0.964546
0.950304
0.917167
0.882314
0.861937
0.854709
0.853982
0.852328
0.842054
0.832434
0.835656
0.887754
0.985954
1.03886
1.05688
1.06355
1.05626
1.02473
0.984887
0.944818
0.907644
0.883774
0.874728
0.874978
0.883023
0.917658
0.992727
1.03216
1.03791
1.03081
1.01666
1.00381
0.995023
0.988429
0.982568
0.973881
0.962569
0.95096
0.945139
0.944128
0.950861
0.984263
1.01466
1.02884
1.03534
1.03571
1.03243
1.0104
0.976907
0.964293
0.965708
0.981457
1.00945
1.02529
1.0278
1.01964
1.007
0.995409
0.988298
0.987044
0.981531
0.973264
0.961624
0.950727
0.924845
0.961968
4.6201
37.732
0.903721
0.856934
0.790117
0.756726
0.745959
0.747992
0.756034
0.761263
0.761779
0.758063
0.763716
0.822104
0.902595
0.94313
0.953505
0.954682
0.948009
0.90224
0.838414
0.804575
0.796344
0.798542
0.802782
0.808251
0.811294
0.811933
0.812931
0.832715
0.891415
0.94186
0.960281
0.96472
0.963123
0.958716
0.941393
0.913726
0.890667
0.874133
0.8568
0.835986
0.821205
0.816621
0.82001
0.87254
0.988708
1.05382
1.07254
1.07976
1.07956
1.05417
0.993582
0.929406
0.891436
0.876574
0.874229
0.878645
0.887402
0.926508
0.99089
1.01872
1.02376
1.02279
1.02537
1.03046
1.02763
1.0145
0.99933
0.980601
0.961964
0.947432
0.93907
0.936461
0.957989
0.995715
1.01406
1.02114
1.02192
1.01878
1.00477
0.985095
0.981228
0.995369
1.01545
1.03025
1.03696
1.03455
1.01634
0.998142
0.987264
0.981577
0.985983
0.984465
0.980739
0.972887
0.959675
0.924548
0.941289
4.65168
37.9228
0.904622
0.900139
0.853424
0.809982
0.79014
0.783776
0.780993
0.77615
0.762019
0.74657
0.742822
0.747863
0.788198
0.877661
0.936121
0.952108
0.954616
0.950219
0.912909
0.860734
0.830621
0.818218
0.812655
0.809847
0.809013
0.807381
0.801742
0.798675
0.812287
0.873311
0.932453
0.958569
0.974635
0.986646
0.991744
0.975302
0.934752
0.895024
0.862321
0.834666
0.816506
0.810528
0.811166
0.820243
0.886326
1.01275
1.07184
1.08566
1.09062
1.0893
1.05336
0.969478
0.909118
0.886597
0.880918
0.88228
0.884447
0.889117
0.932315
0.99076
1.01796
1.03381
1.04483
1.05054
1.04544
1.02312
1.00644
0.991653
0.970746
0.949145
0.936429
0.93005
0.938358
0.975911
0.999486
1.00599
1.00573
1.00634
1.0097
1.01277
1.01858
1.02384
1.02597
1.0264
1.02687
1.01672
1.00593
1.00051
0.99523
0.990782
0.996277
0.998904
0.99622
0.988165
0.969009
0.916969
0.921486
4.60839
38.0122
0.90232
0.908667
0.900765
0.87345
0.84028
0.815878
0.797713
0.779254
0.761386
0.749894
0.744543
0.744611
0.749356
0.77493
0.858404
0.923824
0.946167
0.957716
0.964356
0.942634
0.889763
0.847723
0.824827
0.814377
0.810121
0.807306
0.800228
0.790078
0.785748
0.796122
0.865692
0.949285
0.988184
1.00583
1.01664
1.01557
0.987539
0.932138
0.877832
0.839621
0.819472
0.812451
0.812897
0.81935
0.839631
0.926897
1.0433
1.083
1.08993
1.08833
1.07134
1.01802
0.949284
0.910279
0.893793
0.88401
0.878157
0.878663
0.89218
0.952225
1.01228
1.04031
1.053
1.05843
1.05514
1.03052
1.01051
0.99754
0.979093
0.953913
0.933586
0.922882
0.919589
0.943966
0.976979
0.990939
0.997261
1.01142
1.03872
1.0578
1.055
1.04504
1.02857
0.999934
0.983863
0.984303
0.99213
0.998082
1.00231
1.00952
1.01564
1.01135
1.00172
0.993587
0.978953
0.928765
0.92598
4.52956
38.0281
0.87706
0.907933
0.917803
0.917985
0.894705
0.852609
0.814661
0.790345
0.775945
0.765847
0.757212
0.751066
0.749836
0.752572
0.76969
0.848162
0.930251
0.962947
0.972484
0.975685
0.955871
0.898149
0.851531
0.830397
0.821658
0.815727
0.805796
0.788632
0.777889
0.778506
0.798122
0.89407
0.982309
1.01013
1.01903
1.01866
1.00928
0.97562
0.911014
0.859614
0.834547
0.82536
0.826273
0.836623
0.851206
0.873905
0.953749
1.04246
1.07093
1.07347
1.07022
1.05365
0.999044
0.93667
0.899475
0.882214
0.87744
0.878074
0.882883
0.917977
0.993763
1.04104
1.05598
1.0613
1.06026
1.04148
1.02058
1.00621
0.988681
0.959863
0.928763
0.909637
0.901632
0.906027
0.937054
0.970169
0.997692
1.03635
1.0816
1.0986
1.08873
1.06408
1.02188
0.978017
0.954649
0.951205
0.968578
0.990214
1.00391
1.01421
1.0167
1.01166
1.00166
0.991867
0.980468
0.945247
0.980491
4.39001
37.9245
0.827281
0.904785
0.916975
0.91917
0.907218
0.878269
0.84363
0.816587
0.800222
0.788212
0.776308
0.764614
0.757294
0.756049
0.758292
0.77304
0.851454
0.936833
0.967865
0.976405
0.970669
0.94711
0.906473
0.868377
0.843568
0.825798
0.806548
0.788689
0.780517
0.783629
0.800071
0.833621
0.922692
0.990634
1.01092
1.01202
0.996771
0.97566
0.945484
0.899904
0.866409
0.851419
0.850003
0.859211
0.869439
0.875636
0.886316
0.947647
1.02756
1.05901
1.06514
1.06146
1.03347
0.97207
0.91877
0.89325
0.88661
0.888218
0.892735
0.907527
0.963625
1.02882
1.05218
1.05697
1.05786
1.05015
1.03235
1.01569
0.995619
0.964953
0.928738
0.900039
0.88368
0.879907
0.886913
0.915957
0.970739
1.05139
1.11702
1.13811
1.1292
1.10057
1.04585
0.98108
0.941982
0.926694
0.932032
0.949061
0.966023
0.986597
1.00523
1.01039
1.00734
1.00179
0.988533
0.953253
1.03573
4.3305
37.7998
0.764817
0.84082
0.877656
0.888422
0.889133
0.887372
0.877648
0.855537
0.833168
0.815332
0.800371
0.785939
0.77393
0.767854
0.768148
0.775821
0.788575
0.839779
0.914594
0.95044
0.96129
0.968416
0.962163
0.925077
0.876576
0.84019
0.816737
0.802278
0.798485
0.80492
0.815871
0.823454
0.845112
0.919914
0.975679
0.990761
0.987906
0.978567
0.965687
0.942265
0.910722
0.889368
0.883737
0.886406
0.887022
0.88302
0.877308
0.881007
0.929561
1.00941
1.04226
1.04664
1.04204
1.01442
0.955315
0.915688
0.903463
0.904369
0.910879
0.919799
0.94033
0.990664
1.03081
1.04558
1.05023
1.04956
1.04535
1.0304
1.00711
0.981817
0.948818
0.91202
0.884494
0.865352
0.859564
0.867332
0.90262
1.01836
1.12669
1.15886
1.15838
1.14257
1.09686
1.02277
0.964015
0.935004
0.915828
0.905307
0.908529
0.920236
0.96576
1.00387
1.01623
1.01881
1.00809
0.969011
1.0662
4.33917
37.7794
0.754509
0.755922
0.780884
0.834294
0.868984
0.882648
0.888563
0.886285
0.872424
0.852562
0.831714
0.812713
0.798674
0.789761
0.785808
0.783706
0.778607
0.777938
0.808243
0.892286
0.949121
0.967117
0.968555
0.961652
0.938904
0.890886
0.84983
0.829035
0.820994
0.820471
0.823406
0.824012
0.82429
0.836321
0.9025
0.959601
0.977893
0.97646
0.969799
0.965995
0.955435
0.941622
0.931576
0.92072
0.907807
0.891499
0.874133
0.868148
0.873147
0.919364
0.997151
1.02912
1.03272
1.02501
0.99432
0.951255
0.929599
0.926212
0.932122
0.939733
0.944638
0.94996
0.97756
1.01483
1.03482
1.04008
1.0362
1.02819
1.01813
1.00812
0.988487
0.947448
0.902165
0.872481
0.857035
0.855205
0.864477
0.940299
1.0887
1.14581
1.14746
1.13871
1.12749
1.08765
1.01722
0.961046
0.924897
0.900877
0.886636
0.882449
0.907216
0.978235
1.01639
1.0266
1.02297
0.990637
1.08706
4.38228
37.838
0.751456
0.721322
0.714448
0.735488
0.802386
0.859202
0.882926
0.893397
0.898696
0.891065
0.873077
0.853198
0.835715
0.821014
0.807721
0.791252
0.770633
0.757113
0.756128
0.785207
0.878153
0.943294
0.966161
0.979064
0.982501
0.962835
0.910875
0.867241
0.844843
0.835145
0.830414
0.823044
0.810062
0.808497
0.824595
0.894227
0.949719
0.966453
0.968578
0.971585
0.980646
0.990012
0.984247
0.963249
0.933943
0.902295
0.878476
0.86859
0.866074
0.869123
0.909777
0.978039
1.00549
1.00908
1.01027
1.00085
0.975969
0.963388
0.960895
0.957112
0.945326
0.936286
0.936016
0.957096
0.996424
1.01765
1.02355
1.02431
1.02353
1.02206
1.0174
0.995166
0.942057
0.892939
0.869051
0.863901
0.869883
0.892798
1.00441
1.1108
1.13506
1.13475
1.13014
1.11837
1.07263
1.0059
0.953453
0.916098
0.893974
0.88498
0.88221
0.920695
0.989687
1.02042
1.01707
0.989016
1.0936
4.45514
37.98
0.750829
0.710883
0.695462
0.693972
0.711204
0.78486
0.860199
0.892562
0.903925
0.909466
0.911956
0.907851
0.886603
0.853691
0.821997
0.794197
0.769101
0.749111
0.738239
0.738195
0.772401
0.884331
0.962162
0.986952
0.996261
1.00164
0.995113
0.941288
0.883725
0.852756
0.833083
0.815533
0.803509
0.79768
0.798995
0.820885
0.892868
0.94481
0.963494
0.974927
0.996908
1.0145
1.01816
1.00539
0.972349
0.928432
0.894084
0.875047
0.865278
0.859851
0.861406
0.897279
0.959307
0.992792
1.01078
1.02492
1.029
1.01599
0.996935
0.973393
0.948031
0.93173
0.922809
0.920194
0.937453
0.978598
1.00997
1.02306
1.02664
1.02813
1.02741
1.02094
0.988998
0.934193
0.896172
0.880961
0.88092
0.887294
0.930897
1.04149
1.10974
1.12649
1.12531
1.11867
1.09071
1.04852
1.00334
0.954891
0.915958
0.894116
0.883978
0.88325
0.915552
0.973939
0.991028
0.973629
1.08864
4.54268
38.1668
0.743782
0.711967
0.693631
0.686602
0.687483
0.703698
0.77651
0.861868
0.904691
0.92918
0.942488
0.945747
0.931446
0.889082
0.839345
0.802053
0.77381
0.748645
0.730744
0.726366
0.73126
0.775092
0.897434
0.976474
1.0111
1.03585
1.04297
1.02025
0.937854
0.87118
0.837945
0.817852
0.801928
0.795033
0.795347
0.800459
0.827231
0.893321
0.946417
0.978851
1.00844
1.02479
1.02852
1.01935
1.00038
0.964061
0.920039
0.887401
0.86754
0.856175
0.849714
0.852459
0.888161
0.953117
1.00417
1.04094
1.06465
1.06297
1.03715
0.996548
0.957385
0.929704
0.912918
0.904001
0.904122
0.926938
0.978354
1.01393
1.02691
1.03192
1.03552
1.03014
1.0092
0.975853
0.939176
0.913793
0.902302
0.901588
0.907513
0.954714
1.0384
1.08787
1.10299
1.10686
1.09907
1.07507
1.0442
1.00396
0.960085
0.922159
0.897438
0.883942
0.876858
0.891782
0.934622
0.938207
1.06631
4.65411
38.3857
0.737583
0.709994
0.698239
0.688188
0.68608
0.690281
0.704466
0.773908
0.882409
0.943123
0.96176
0.966988
0.961657
0.93844
0.886005
0.824048
0.774308
0.743122
0.729248
0.726002
0.729095
0.73523
0.785731
0.928642
1.02407
1.05213
1.05792
1.05629
1.00882
0.917465
0.854046
0.818543
0.802187
0.797508
0.797131
0.798899
0.806671
0.833065
0.906091
0.97801
1.01333
1.02654
1.02996
1.02192
1.00978
0.990157
0.951946
0.908951
0.875798
0.854436
0.844793
0.842907
0.846644
0.884558
0.975715
1.05423
1.08583
1.09374
1.08218
1.03802
0.980402
0.93125
0.902134
0.892563
0.890791
0.895043
0.925369
0.984387
1.02452
1.03755
1.04006
1.03088
1.0107
0.992968
0.977213
0.957245
0.937089
0.921622
0.913015
0.917553
0.955684
1.02339
1.07384
1.09509
1.1018
1.08559
1.05872
1.03574
1.00992
0.97546
0.936943
0.903219
0.878023
0.85877
0.853555
0.881878
1.02361
4.77585
38.5023
0.753471
0.716055
0.705731
0.696028
0.691015
0.692217
0.698284
0.714316
0.804254
0.915847
0.953961
0.963744
0.962171
0.958591
0.940307
0.870787
0.796212
0.756059
0.738837
0.73222
0.732467
0.73576
0.74446
0.827256
0.979233
1.03673
1.04949
1.05457
1.03972
0.973996
0.892581
0.842112
0.820123
0.812065
0.80905
0.806969
0.809049
0.816039
0.854709
0.947831
1.00189
1.01916
1.02773
1.02486
1.01475
1.00241
0.97777
0.939743
0.900943
0.870617
0.853223
0.846036
0.844023
0.849027
0.91205
1.02851
1.07965
1.09456
1.10018
1.08295
1.02954
0.963305
0.917909
0.898253
0.892175
0.893843
0.901603
0.93704
0.994233
1.02104
1.02825
1.02281
1.00374
0.9923
0.989317
0.988596
0.984231
0.96692
0.948645
0.938084
0.943084
0.97641
1.01657
1.04546
1.06049
1.06674
1.05526
1.03728
1.02476
1.01136
0.98831
0.953099
0.91227
0.872839
0.842325
0.822838
0.982696
4.85799
38.5333
)
;

boundaryField
{
    back
    {
        type            empty;
    }
    outlet
    {
        type            zeroGradient;
    }
    top
    {
        type            zeroGradient;
    }
    inlet
    {
        type            fixedValue;
        value           uniform 1;
    }
    bottom
    {
        type            zeroGradient;
    }
    front
    {
        type            empty;
    }
}


// ************************************************************************* //
