/*--------------------------------*- C++ -*----------------------------------*\
  =========                 |
  \\      /  F ield         | OpenFOAM: The Open Source CFD Toolbox
   \\    /   O peration     | Website:  https://openfoam.org
    \\  /    A nd           | Version:  12
     \\/     M anipulation  |
\*---------------------------------------------------------------------------*/
FoamFile
{
    format      ascii;
    class       volScalarField;
    location    "7";
    object      p;
}
// * * * * * * * * * * * * * * * * * * * * * * * * * * * * * * * * * * * * * //

dimensions      [1 -1 -2 0 0 0 0];

internalField   nonuniform List<scalar> 
9801
(
0.623681
0.626979
0.634642
0.644588
0.650014
0.652763
0.654586
0.655992
0.657191
0.65863
0.660774
0.66344
0.667991
0.677324
0.686391
0.690783
0.693168
0.694751
0.695868
0.697287
0.699346
0.701831
0.705139
0.711999
0.723253
0.731093
0.734848
0.736966
0.737975
0.738737
0.740243
0.742638
0.745562
0.749908
0.759574
0.771741
0.778438
0.781815
0.783604
0.784326
0.784838
0.786497
0.789282
0.792984
0.799243
0.813536
0.824975
0.829981
0.832836
0.833414
0.833182
0.834105
0.836375
0.839854
0.844649
0.856646
0.87427
0.883044
0.887055
0.888058
0.886437
0.886124
0.888529
0.892227
0.896932
0.90704
0.92797
0.943149
0.950564
0.954253
0.949209
0.94446
0.945838
0.950637
0.957373
0.968199
0.993592
1.01594
1.02744
1.03443
1.03219
1.02058
1.01793
1.02369
1.03408
1.05471
1.09634
1.12784
1.14625
1.16073
1.16618
1.15202
1.14124
1.15788
1.19489
1.27844
1.37336
2.18676
6.7364
0.629286
0.633822
0.642627
0.650185
0.655065
0.65855
0.661133
0.661907
0.661807
0.663404
0.66605
0.669019
0.6742
0.683541
0.691153
0.695873
0.699261
0.701567
0.701219
0.701604
0.703917
0.706933
0.710436
0.717243
0.727591
0.734972
0.73958
0.742942
0.744103
0.742759
0.744097
0.747134
0.750647
0.75501
0.764381
0.775509
0.782329
0.786636
0.789603
0.788279
0.787109
0.789532
0.793342
0.797521
0.803801
0.81715
0.82826
0.834188
0.838268
0.838747
0.834774
0.835415
0.83903
0.843492
0.848395
0.859684
0.876602
0.886169
0.891447
0.894624
0.889894
0.886314
0.8895
0.894406
0.899451
0.908801
0.929679
0.945119
0.95331
0.958615
0.955525
0.946378
0.946261
0.952015
0.959152
0.970233
0.995331
1.01811
1.02985
1.03797
1.04031
1.02581
1.01829
1.02545
1.0367
1.05591
1.09099
1.12024
1.13981
1.15766
1.16988
1.15955
1.14582
1.15229
1.18145
1.23677
1.30557
2.08062
6.81052
0.631258
0.636174
0.645398
0.652732
0.657294
0.660835
0.663648
0.664897
0.664639
0.665739
0.668123
0.671059
0.676182
0.68577
0.693385
0.698121
0.701759
0.704522
0.704853
0.704699
0.706407
0.7092
0.712567
0.718953
0.72942
0.736869
0.74162
0.745313
0.747323
0.746314
0.747113
0.749826
0.753238
0.757308
0.766168
0.777401
0.784224
0.788731
0.79215
0.791487
0.790276
0.792544
0.796191
0.800249
0.805913
0.818697
0.82991
0.836066
0.840483
0.841713
0.83796
0.838158
0.841576
0.846279
0.851354
0.861725
0.878001
0.887714
0.893427
0.897344
0.893774
0.88902
0.891247
0.8962
0.901749
0.910782
0.930309
0.945954
0.954601
0.960469
0.960566
0.951479
0.948508
0.95324
0.960333
0.9703
0.993279
1.01627
1.02948
1.03894
1.04538
1.03445
1.02204
1.02628
1.03744
1.05256
1.08226
1.11708
1.14132
1.15969
1.17523
1.16907
1.15692
1.16168
1.18453
1.22967
1.27543
2.04279
6.79745
0.634077
0.639563
0.649278
0.656465
0.66079
0.664109
0.66695
0.668692
0.668067
0.668547
0.670662
0.673665
0.679344
0.689324
0.696889
0.701477
0.705015
0.708015
0.708964
0.707967
0.709055
0.711672
0.715222
0.722077
0.732858
0.740264
0.744825
0.748484
0.751093
0.750047
0.749769
0.751921
0.75523
0.759595
0.768931
0.780643
0.787588
0.79207
0.795736
0.795833
0.793537
0.794687
0.797739
0.801749
0.807741
0.820811
0.832646
0.839062
0.843572
0.845962
0.842456
0.840956
0.843457
0.847588
0.852735
0.863083
0.879393
0.889783
0.895875
0.900673
0.899664
0.893045
0.893148
0.897215
0.902665
0.911484
0.930402
0.947457
0.957005
0.963366
0.966905
0.958617
0.950959
0.953908
0.960938
0.970014
0.990093
1.01577
1.03147
1.04146
1.04957
1.04554
1.02985
1.02725
1.03703
1.05024
1.07262
1.10704
1.13463
1.15458
1.17314
1.17894
1.16511
1.15874
1.17057
1.20527
1.23698
2.03076
6.80234
0.636889
0.642533
0.652532
0.6597
0.663947
0.667168
0.669913
0.671688
0.671009
0.671363
0.673466
0.676402
0.682372
0.692632
0.699983
0.704402
0.707785
0.710648
0.711692
0.710708
0.711819
0.714474
0.717997
0.725306
0.736217
0.743362
0.747692
0.7511
0.753581
0.752715
0.752209
0.754386
0.757723
0.762181
0.771775
0.783588
0.790626
0.795071
0.79863
0.799477
0.796539
0.796902
0.799909
0.803905
0.809925
0.822706
0.83487
0.841717
0.84635
0.849765
0.847713
0.843907
0.845232
0.849068
0.853979
0.863749
0.880181
0.891662
0.898479
0.903745
0.906139
0.899438
0.895545
0.898295
0.903484
0.911221
0.928698
0.947886
0.958775
0.96552
0.970899
0.967661
0.956695
0.95531
0.961323
0.969426
0.984099
1.01072
1.03116
1.04278
1.05202
1.05676
1.0432
1.03183
1.03538
1.04722
1.06424
1.09498
1.12697
1.15059
1.17017
1.18659
1.18066
1.16843
1.16686
1.18365
1.2052
2.01842
6.81064
0.640122
0.645591
0.655502
0.662758
0.666983
0.670152
0.672846
0.674624
0.674175
0.674597
0.676707
0.679579
0.685348
0.695712
0.703073
0.707437
0.710799
0.713682
0.715002
0.714047
0.714902
0.71739
0.720674
0.72765
0.738718
0.746086
0.750587
0.754157
0.757096
0.756994
0.755652
0.757203
0.76022
0.764295
0.773533
0.785623
0.793088
0.797822
0.80166
0.803955
0.801133
0.799508
0.801785
0.805602
0.811409
0.823901
0.836687
0.844135
0.849139
0.853376
0.854188
0.848429
0.846803
0.849887
0.854678
0.863573
0.880481
0.893748
0.901163
0.906639
0.911059
0.907531
0.899591
0.899288
0.903744
0.910203
0.924458
0.946596
0.960906
0.968553
0.974637
0.976809
0.965846
0.958706
0.961402
0.968541
0.978609
1.00148
1.02843
1.04468
1.05509
1.06359
1.05945
1.04185
1.03726
1.0454
1.05835
1.0808
1.1129
1.13967
1.16083
1.18024
1.19094
1.18269
1.17008
1.16986
1.17507
1.99712
6.82155
0.643488
0.648734
0.658262
0.665605
0.669788
0.672922
0.675602
0.677515
0.677272
0.677618
0.679692
0.682536
0.687768
0.698082
0.705827
0.710342
0.713785
0.71679
0.718685
0.717521
0.717552
0.719724
0.722855
0.729137
0.740478
0.74855
0.753415
0.757251
0.760661
0.761878
0.759414
0.7596
0.762189
0.765938
0.77436
0.787037
0.795182
0.800246
0.80434
0.807765
0.806707
0.802989
0.80379
0.807209
0.812277
0.824112
0.83821
0.846412
0.851626
0.856102
0.85912
0.854417
0.849839
0.851481
0.85588
0.86277
0.879008
0.895414
0.904185
0.909785
0.914476
0.914008
0.905328
0.901929
0.904811
0.910373
0.91984
0.941671
0.961733
0.971986
0.978571
0.983509
0.976979
0.964635
0.962558
0.967887
0.97582
0.990784
1.01949
1.04281
1.0561
1.06598
1.07205
1.06004
1.04527
1.04541
1.05493
1.06952
1.09692
1.12704
1.15035
1.16969
1.18742
1.19171
1.18144
1.16702
1.15048
1.9699
6.83077
0.646663
0.651553
0.660753
0.668556
0.672821
0.675959
0.678654
0.68077
0.680705
0.680635
0.682453
0.685207
0.689767
0.699914
0.708652
0.713524
0.71704
0.720096
0.722326
0.721137
0.720115
0.721867
0.724863
0.73021
0.741842
0.751411
0.756756
0.760645
0.764068
0.766074
0.763284
0.761846
0.763921
0.767431
0.774395
0.787903
0.797802
0.803356
0.807505
0.811179
0.811845
0.807254
0.806379
0.809177
0.813373
0.822542
0.838407
0.848846
0.854623
0.859173
0.862961
0.860583
0.85438
0.854383
0.858002
0.862973
0.874738
0.89423
0.906348
0.912794
0.917788
0.920337
0.913065
0.906101
0.906861
0.911711
0.91811
0.933558
0.958506
0.973905
0.981964
0.988101
0.988828
0.975002
0.966556
0.968609
0.975578
0.98445
1.00544
1.03481
1.05403
1.06594
1.07571
1.07849
1.06203
1.05012
1.05349
1.06412
1.08174
1.11076
1.13702
1.15762
1.17556
1.18905
1.18843
1.17349
1.14377
1.93265
6.83815
0.649591
0.653857
0.662296
0.671223
0.675965
0.679188
0.681901
0.684169
0.684351
0.683825
0.685256
0.68782
0.691621
0.701167
0.711253
0.716708
0.720309
0.723317
0.725652
0.724719
0.723018
0.724388
0.727276
0.731832
0.742977
0.754132
0.760064
0.763954
0.767212
0.769462
0.767155
0.764678
0.766177
0.769542
0.774979
0.787993
0.800313
0.80668
0.810911
0.814602
0.816517
0.812135
0.809583
0.811435
0.815225
0.821373
0.836606
0.850726
0.857851
0.862593
0.866745
0.866909
0.860129
0.857717
0.859906
0.864176
0.870981
0.889224
0.907138
0.915866
0.921288
0.925782
0.922814
0.912565
0.909963
0.913162
0.918652
0.927015
0.949215
0.971921
0.983392
0.990351
0.995771
0.991221
0.976375
0.97199
0.97567
0.982924
0.994114
1.02052
1.04769
1.06413
1.0752
1.0841
1.0821
1.06471
1.05664
1.06201
1.07331
1.0939
1.12282
1.14576
1.16337
1.17826
1.1857
1.17921
1.15035
1.90134
6.84555
0.652446
0.656215
0.6631
0.673197
0.678934
0.682397
0.685177
0.687597
0.6882
0.687193
0.688224
0.690624
0.693832
0.701944
0.713209
0.719547
0.72326
0.726244
0.72875
0.728455
0.726444
0.727569
0.73033
0.734032
0.743323
0.755904
0.762754
0.766688
0.769941
0.772615
0.771395
0.768315
0.769397
0.772425
0.776444
0.78667
0.801378
0.809504
0.81404
0.817769
0.82061
0.817683
0.813269
0.814172
0.817351
0.821706
0.832785
0.850486
0.860578
0.865927
0.870193
0.872774
0.867188
0.861293
0.861796
0.865282
0.87019
0.882236
0.904557
0.918476
0.925152
0.93
0.9319
0.922365
0.914309
0.914588
0.918694
0.924637
0.937438
0.964002
0.98316
0.992675
0.999708
1.0043
0.993303
0.978763
0.977451
0.982813
0.990618
1.00505
1.03381
1.05763
1.07195
1.08263
1.09087
1.08678
1.06922
1.06315
1.06947
1.08159
1.1048
1.13198
1.15188
1.16664
1.17729
1.17928
1.16241
1.88439
6.85233
0.65531
0.65871
0.663947
0.674425
0.681468
0.685405
0.688362
0.690952
0.692204
0.690915
0.691355
0.693564
0.696449
0.702541
0.714189
0.721933
0.726074
0.729216
0.731993
0.732642
0.730509
0.731082
0.733588
0.736635
0.742654
0.755636
0.76483
0.769552
0.773049
0.776159
0.77641
0.773008
0.773001
0.775521
0.778741
0.784778
0.799768
0.811442
0.817101
0.821011
0.824414
0.823877
0.818209
0.817089
0.819542
0.823235
0.829668
0.846887
0.862091
0.869159
0.873635
0.877426
0.875372
0.866553
0.864295
0.866995
0.871362
0.877848
0.896718
0.917754
0.92779
0.933447
0.937813
0.935041
0.922225
0.916937
0.919248
0.924566
0.931615
0.950698
0.978407
0.994105
1.00217
1.00835
1.00936
0.994792
0.98333
0.983898
0.989612
0.997851
1.0164
1.04579
1.06703
1.08039
1.09094
1.09706
1.08975
1.0733
1.06888
1.07548
1.08823
1.11334
1.13887
1.15582
1.16707
1.17277
1.17135
1.88286
6.85866
0.658264
0.661289
0.6652
0.675159
0.683622
0.688182
0.691389
0.694144
0.696095
0.695116
0.694743
0.696557
0.699168
0.703294
0.713939
0.723782
0.728901
0.732402
0.735451
0.737335
0.735508
0.73481
0.736403
0.738869
0.742554
0.753512
0.766132
0.772642
0.776647
0.780096
0.782121
0.778923
0.776667
0.777822
0.78048
0.784377
0.796075
0.811762
0.819754
0.824308
0.828059
0.83001
0.824759
0.820589
0.821789
0.824967
0.829237
0.840869
0.860583
0.871649
0.877242
0.881341
0.883194
0.875409
0.868867
0.869481
0.872638
0.877349
0.887383
0.910946
0.928173
0.936097
0.941801
0.945535
0.936873
0.924086
0.922329
0.925952
0.931558
0.939772
0.963523
0.988959
1.0014
1.00885
1.01563
1.01467
0.99763
0.988095
0.990344
0.997072
1.0065
1.02818
1.05582
1.07439
1.0868
1.09705
1.10233
1.09314
1.0767
1.07295
1.07914
1.09262
1.11884
1.14237
1.15655
1.16325
1.17324
1.89816
6.86497
0.661298
0.663832
0.666872
0.675672
0.68556
0.690907
0.694373
0.697261
0.699724
0.699683
0.698373
0.699409
0.701655
0.704702
0.713031
0.7251
0.731869
0.735764
0.738949
0.741643
0.740887
0.737965
0.738284
0.740683
0.743987
0.751886
0.766516
0.775494
0.780199
0.783626
0.786489
0.784921
0.779882
0.779632
0.782212
0.785777
0.79324
0.809958
0.821866
0.827581
0.831504
0.834773
0.832547
0.825435
0.824324
0.826895
0.830594
0.836675
0.854503
0.872034
0.879887
0.884729
0.8887
0.886812
0.876303
0.872131
0.873846
0.877763
0.88336
0.89933
0.923952
0.937439
0.944137
0.949329
0.951172
0.939537
0.928832
0.92814
0.931362
0.936759
0.948079
0.975777
0.998824
1.01006
1.0173
1.0227
1.01857
1.00233
0.995012
0.997626
1.00408
1.01466
1.03887
1.06464
1.0814
1.09307
1.10279
1.10672
1.09597
1.07934
1.07551
1.08082
1.09462
1.12099
1.14254
1.15297
1.16789
1.92546
6.87263
0.664241
0.66638
0.668992
0.676257
0.687276
0.693706
0.697432
0.700431
0.70313
0.704165
0.702023
0.701982
0.703945
0.706731
0.712654
0.725484
0.734453
0.738991
0.742229
0.745089
0.74571
0.741758
0.741056
0.743331
0.746475
0.751647
0.765003
0.777148
0.782899
0.786477
0.789473
0.790243
0.784923
0.782693
0.784899
0.788331
0.792666
0.805473
0.822064
0.83024
0.834729
0.838356
0.839871
0.83301
0.827998
0.829027
0.832106
0.836262
0.846584
0.86799
0.881769
0.888306
0.892912
0.895808
0.888061
0.877588
0.876265
0.879294
0.883872
0.890796
0.911696
0.934779
0.94586
0.952162
0.957691
0.956661
0.940953
0.931599
0.932707
0.937499
0.943756
0.957815
0.986518
1.00683
1.01683
1.02422
1.03034
1.02439
1.00666
0.999966
1.00342
1.01053
1.02287
1.04855
1.07238
1.08776
1.09897
1.10803
1.11123
1.09844
1.08061
1.07616
1.08044
1.09414
1.12039
1.13816
1.15778
1.9593
6.88065
0.667137
0.669045
0.671466
0.676955
0.688419
0.696504
0.700629
0.703723
0.706483
0.7082
0.705949
0.704766
0.706426
0.709094
0.713213
0.724563
0.736135
0.741783
0.745226
0.748167
0.750026
0.747041
0.744906
0.746532
0.749282
0.752523
0.761459
0.776322
0.784485
0.788925
0.792589
0.795444
0.792591
0.787831
0.788313
0.790825
0.793991
0.800653
0.818238
0.83164
0.837721
0.841689
0.845163
0.84275
0.833856
0.831568
0.833827
0.837483
0.842614
0.858552
0.879839
0.89013
0.895506
0.899807
0.900931
0.890055
0.881576
0.88159
0.884511
0.889251
0.89924
0.924399
0.944785
0.953902
0.959355
0.963586
0.960389
0.944974
0.93781
0.93935
0.943867
0.950545
0.968108
0.997455
1.01593
1.02511
1.03166
1.03558
1.02757
1.01133
1.00577
1.00913
1.01625
1.03067
1.0579
1.08048
1.0945
1.10448
1.1125
1.11447
1.10036
1.08111
1.07521
1.07801
1.09248
1.11595
1.1411
1.99218
6.88529
0.670195
0.67184
0.674119
0.677949
0.688421
0.698826
0.703895
0.707111
0.709864
0.711918
0.710242
0.708
0.709145
0.711629
0.714738
0.722746
0.736262
0.744048
0.748204
0.75148
0.754314
0.75358
0.749743
0.749523
0.751215
0.753852
0.758821
0.773278
0.78631
0.792496
0.796368
0.799844
0.800587
0.794412
0.791263
0.792213
0.795006
0.798976
0.811113
0.830468
0.840442
0.845436
0.849123
0.851077
0.84339
0.835957
0.836064
0.838901
0.842801
0.849911
0.870757
0.889814
0.898292
0.903621
0.907907
0.905018
0.890819
0.884547
0.88642
0.890495
0.895471
0.907637
0.934373
0.952166
0.96024
0.966528
0.971582
0.965325
0.948646
0.942784
0.945492
0.950773
0.95756
0.976644
1.00499
1.02113
1.02967
1.03682
1.04195
1.03328
1.01625
1.01088
1.01448
1.02194
1.03817
1.06557
1.0865
1.09944
1.10891
1.11618
1.11747
1.10232
1.0809
1.07238
1.07447
1.08766
1.1187
2.01484
6.8849
0.673445
0.674577
0.676693
0.679614
0.687535
0.700111
0.706979
0.710459
0.713161
0.715443
0.715039
0.711975
0.712079
0.714117
0.716784
0.721475
0.734552
0.746078
0.751545
0.75499
0.758042
0.759412
0.754759
0.751623
0.752835
0.755681
0.7594
0.769608
0.786491
0.795685
0.800257
0.803591
0.806065
0.801382
0.794308
0.794096
0.796814
0.800285
0.806323
0.824251
0.841153
0.848467
0.852782
0.856283
0.85489
0.84419
0.839265
0.840609
0.843851
0.848146
0.859082
0.883008
0.898935
0.905824
0.910379
0.913819
0.908248
0.894662
0.890314
0.891769
0.895339
0.900765
0.917394
0.94541
0.961393
0.968567
0.973666
0.977343
0.969655
0.954109
0.949033
0.95081
0.955136
0.962524
0.985117
1.01346
1.02911
1.03766
1.04442
1.04754
1.03791
1.02167
1.01619
1.01908
1.02577
1.04305
1.07134
1.09199
1.10425
1.11279
1.11896
1.1193
1.10415
1.08024
1.06792
1.06678
1.09188
2.0154
6.8837
0.676911
0.677268
0.679224
0.681943
0.687112
0.699549
0.709007
0.713454
0.716351
0.718888
0.720053
0.716873
0.715071
0.716433
0.71901
0.722387
0.731808
0.746588
0.754401
0.758323
0.761191
0.763407
0.760481
0.755135
0.755475
0.758254
0.761565
0.767101
0.78244
0.796581
0.802813
0.806368
0.809336
0.808774
0.800775
0.797414
0.799298
0.802595
0.80627
0.815683
0.836589
0.850165
0.856297
0.860325
0.863147
0.856604
0.845357
0.843337
0.846111
0.849837
0.8543
0.868435
0.893029
0.906473
0.912922
0.91804
0.92125
0.911191
0.896776
0.89406
0.897455
0.902191
0.907946
0.926468
0.953396
0.967137
0.974122
0.980317
0.984171
0.973859
0.957313
0.952651
0.956079
0.961778
0.970722
0.995012
1.02117
1.03501
1.04317
1.05007
1.0537
1.04342
1.02562
1.01935
1.02224
1.02923
1.04728
1.07569
1.09589
1.10746
1.11525
1.12026
1.11973
1.10506
1.07973
1.06068
1.06506
1.9906
6.8792
0.680985
0.680441
0.682124
0.68468
0.687857
0.697158
0.709636
0.715957
0.719399
0.722121
0.724344
0.722642
0.718799
0.719241
0.721673
0.724607
0.729938
0.74391
0.755596
0.760783
0.763983
0.766837
0.767031
0.761364
0.759559
0.761505
0.764269
0.767309
0.775584
0.793376
0.804187
0.809314
0.812841
0.815697
0.81147
0.803575
0.802693
0.804943
0.807993
0.812025
0.825755
0.84723
0.858011
0.863326
0.867252
0.868623
0.858966
0.849778
0.84913
0.851292
0.854794
0.86041
0.87906
0.903007
0.914571
0.920201
0.924105
0.925912
0.91519
0.903006
0.90118
0.903359
0.907262
0.914007
0.936175
0.962422
0.975049
0.981365
0.985897
0.98866
0.979233
0.964523
0.960708
0.963311
0.9683
0.978119
1.00363
1.02805
1.04093
1.04869
1.05484
1.05775
1.04831
1.03097
1.02408
1.02596
1.03218
1.04985
1.07824
1.0982
1.10911
1.11594
1.11993
1.1188
1.10512
1.07445
1.05388
1.9405
6.87496
0.686046
0.684548
0.685208
0.687267
0.689705
0.694812
0.707946
0.717827
0.722365
0.725219
0.727732
0.728472
0.724373
0.722912
0.724651
0.727221
0.730183
0.738791
0.754444
0.763082
0.767337
0.770427
0.772913
0.769808
0.764405
0.763915
0.765538
0.768381
0.772573
0.785902
0.803959
0.812586
0.81703
0.820465
0.821257
0.812575
0.806179
0.806554
0.809162
0.812505
0.818119
0.836365
0.856432
0.865524
0.870614
0.874657
0.87369
0.8605
0.852381
0.853342
0.857017
0.860983
0.867151
0.888029
0.910499
0.920434
0.926194
0.931476
0.932616
0.918663
0.906102
0.905139
0.90907
0.913932
0.921151
0.94361
0.967806
0.97931
0.986434
0.992807
0.996174
0.985797
0.969982
0.965335
0.968108
0.973292
0.983647
1.0094
1.03271
1.0449
1.05282
1.05995
1.06458
1.05528
1.036
1.02751
1.0288
1.03417
1.0506
1.07872
1.09869
1.10919
1.11546
1.11835
1.1173
1.0993
1.06631
1.88823
6.87508
0.691391
0.689966
0.688281
0.689693
0.692024
0.695024
0.704257
0.717736
0.724494
0.728072
0.730954
0.733471
0.731865
0.727551
0.72736
0.729132
0.731731
0.735991
0.749468
0.764088
0.770603
0.774072
0.776969
0.777714
0.770888
0.766606
0.767817
0.77069
0.774009
0.780108
0.797776
0.813576
0.8204
0.824012
0.826697
0.823893
0.813319
0.809376
0.811109
0.814419
0.818099
0.825523
0.846675
0.864592
0.872254
0.876821
0.880305
0.877546
0.864545
0.858669
0.859525
0.861965
0.865919
0.87411
0.897954
0.91901
0.928099
0.932954
0.936566
0.936875
0.924019
0.913245
0.912251
0.914571
0.918681
0.926973
0.952201
0.976622
0.98777
0.993772
0.9987
1.00147
0.991099
0.975058
0.969825
0.972099
0.977217
0.988139
1.01552
1.04037
1.0529
1.05995
1.06605
1.06941
1.06023
1.04051
1.03033
1.03063
1.03542
1.05044
1.0782
1.09845
1.10865
1.11377
1.11627
1.11158
1.09531
1.86129
6.87913
0.695612
0.696484
0.692321
0.692466
0.694318
0.696716
0.70134
0.714769
0.726173
0.731323
0.734416
0.737243
0.738649
0.733733
0.730413
0.731511
0.734026
0.736935
0.743738
0.760523
0.772113
0.777162
0.78026
0.783091
0.780587
0.772649
0.771357
0.773648
0.776603
0.779698
0.787618
0.807414
0.820513
0.826303
0.830065
0.832878
0.82691
0.81657
0.814852
0.817221
0.82024
0.823647
0.83245
0.85537
0.871655
0.878647
0.883532
0.887507
0.882414
0.867628
0.862077
0.864172
0.868041
0.872165
0.880746
0.905207
0.9244
0.932531
0.9383
0.943575
0.943496
0.929028
0.917342
0.916504
0.920376
0.925429
0.934079
0.958826
0.981374
0.991768
0.998249
1.00409
1.00743
0.99633
0.979963
0.975006
0.977781
0.983218
0.994319
1.02079
1.04438
1.0565
1.06383
1.07001
1.07375
1.06553
1.04549
1.03353
1.03248
1.03617
1.0495
1.07667
1.09688
1.1065
1.11152
1.11064
1.11522
1.86499
6.88553
0.699049
0.702303
0.697898
0.695479
0.696573
0.698808
0.701662
0.710237
0.725587
0.733875
0.737781
0.740676
0.743276
0.741558
0.735408
0.734458
0.736312
0.738861
0.74206
0.752561
0.770448
0.779678
0.784169
0.787316
0.789266
0.782976
0.776476
0.776251
0.777715
0.780072
0.783647
0.795422
0.816785
0.828599
0.83419
0.83829
0.839744
0.830518
0.821178
0.820011
0.821666
0.824641
0.828753
0.840973
0.86479
0.879267
0.885692
0.889923
0.892888
0.886935
0.873568
0.869119
0.870002
0.872464
0.876718
0.887913
0.914075
0.932385
0.940165
0.944775
0.948593
0.948923
0.936068
0.925044
0.923558
0.925397
0.92934
0.938828
0.965337
0.988085
0.998579
1.00471
1.00994
1.01324
1.00412
0.988106
0.981779
0.982713
0.986403
0.995737
1.02221
1.04742
1.06047
1.06788
1.07387
1.07843
1.07237
1.0514
1.03635
1.03344
1.03597
1.04701
1.07357
1.09383
1.1041
1.1055
1.12205
1.89175
6.8932
0.702364
0.706553
0.704452
0.699531
0.699203
0.701063
0.703533
0.707742
0.721159
0.734937
0.740979
0.744194
0.746985
0.748506
0.743001
0.738095
0.738427
0.740507
0.743237
0.747792
0.763015
0.780121
0.787555
0.791393
0.794378
0.793909
0.784244
0.778466
0.779078
0.781679
0.784885
0.789884
0.806503
0.827348
0.837047
0.841849
0.845575
0.845145
0.832245
0.82337
0.823798
0.827115
0.830676
0.834753
0.848628
0.87246
0.885384
0.891392
0.896417
0.899918
0.891842
0.876632
0.872103
0.874638
0.878766
0.883406
0.89498
0.920197
0.937079
0.944798
0.950778
0.95583
0.955755
0.94121
0.928427
0.926693
0.930328
0.935462
0.945451
0.97075
0.992605
1.00365
1.01102
1.01736
1.0208
1.01105
0.992277
0.983632
0.984659
0.989329
0.999148
1.02482
1.05121
1.06557
1.07319
1.07883
1.0825
1.07759
1.05597
1.03772
1.03278
1.03458
1.04417
1.0696
1.09038
1.09792
1.12048
1.93343
6.90181
0.705497
0.710028
0.710469
0.705225
0.702307
0.703396
0.705666
0.708472
0.71599
0.732629
0.743154
0.747692
0.75054
0.753086
0.751647
0.743743
0.741073
0.742624
0.745311
0.74837
0.755268
0.774003
0.788585
0.794691
0.79816
0.800664
0.79638
0.785187
0.78217
0.784392
0.787764
0.791173
0.796973
0.815975
0.834506
0.842251
0.846669
0.850188
0.848624
0.836091
0.829639
0.830162
0.83216
0.835314
0.840324
0.857137
0.880721
0.892619
0.898096
0.901622
0.904032
0.896803
0.883626
0.879785
0.881004
0.883706
0.888167
0.901296
0.927814
0.944663
0.951797
0.955978
0.959812
0.960869
0.948363
0.935958
0.933697
0.93565
0.939828
0.949854
0.97675
0.999826
1.01065
1.01647
1.02083
1.02435
1.0176
0.999683
0.990331
0.990245
0.993783
1.00225
1.02664
1.05366
1.06859
1.07617
1.08131
1.08431
1.08078
1.06082
1.0399
1.03236
1.03276
1.04067
1.06563
1.08252
1.11101
1.97797
6.90637
0.708444
0.713265
0.714949
0.712039
0.706385
0.706101
0.708216
0.710845
0.714488
0.726221
0.742583
0.750262
0.753899
0.756532
0.758359
0.752768
0.74566
0.745383
0.747576
0.750362
0.753791
0.763722
0.783915
0.795889
0.801174
0.804655
0.806547
0.798934
0.789337
0.788295
0.790034
0.792244
0.795301
0.802584
0.823861
0.841263
0.848672
0.853483
0.857305
0.853883
0.839569
0.832704
0.834063
0.83761
0.841302
0.846213
0.863882
0.886609
0.897201
0.902798
0.907862
0.910958
0.902515
0.887776
0.883183
0.885564
0.889633
0.894217
0.906688
0.931963
0.947764
0.955434
0.961705
0.966854
0.967787
0.954396
0.940323
0.937559
0.940917
0.946012
0.955214
0.979642
1.00173
1.01242
1.01968
1.02627
1.03104
1.02569
1.00684
0.995231
0.994213
0.997583
1.0039
1.02573
1.05343
1.06909
1.07676
1.0822
1.08638
1.08526
1.06654
1.04224
1.03113
1.02967
1.0368
1.05735
1.09228
2.01347
6.90391
0.710523
0.716266
0.718179
0.718564
0.712973
0.710006
0.711284
0.713629
0.716155
0.720962
0.736189
0.750761
0.756839
0.760079
0.762684
0.762267
0.753596
0.749081
0.750116
0.752597
0.755387
0.759291
0.772254
0.792602
0.803105
0.808031
0.811404
0.811813
0.801356
0.791951
0.790887
0.793312
0.796484
0.800362
0.810593
0.833609
0.849323
0.855918
0.859911
0.862744
0.857845
0.84453
0.839306
0.840224
0.842381
0.845802
0.851937
0.872203
0.894386
0.904365
0.909181
0.912451
0.914945
0.908376
0.895074
0.890415
0.891022
0.893427
0.897957
0.912428
0.9397
0.955952
0.962821
0.9671
0.971061
0.973033
0.962116
0.948165
0.94406
0.944948
0.948281
0.956611
0.982313
1.00805
1.02045
1.02674
1.03191
1.03597
1.03221
1.01417
1
0.996826
0.999681
1.00506
1.02412
1.05318
1.07159
1.08019
1.08487
1.08795
1.08758
1.07192
1.04509
1.02868
1.02563
1.02929
1.06741
2.02879
6.89763
0.711136
0.719011
0.721298
0.723756
0.722095
0.715977
0.714645
0.716095
0.718296
0.721012
0.728094
0.745744
0.758125
0.763289
0.766046
0.768449
0.765183
0.756015
0.753504
0.755025
0.757604
0.760425
0.764833
0.780584
0.800407
0.809393
0.813939
0.81694
0.816121
0.804257
0.796002
0.796427
0.799686
0.803339
0.807137
0.818117
0.840689
0.854447
0.860417
0.864682
0.868353
0.863525
0.849084
0.843081
0.844806
0.848556
0.852416
0.858403
0.878275
0.898757
0.907979
0.91354
0.918593
0.921917
0.914772
0.899493
0.893545
0.895555
0.899881
0.905331
0.919179
0.943767
0.958832
0.966448
0.97278
0.97808
0.980189
0.968436
0.95179
0.946421
0.94902
0.954054
0.96284
0.98611
1.01072
1.02338
1.03041
1.03604
1.04108
1.03865
1.02043
1.00446
1.00018
1.00229
1.00732
1.02442
1.05281
1.07181
1.08071
1.08548
1.08838
1.08829
1.07599
1.04881
1.02837
1.01663
1.03931
2.01291
6.88586
0.709497
0.721989
0.724999
0.727674
0.729524
0.724701
0.718942
0.718888
0.720927
0.723356
0.72629
0.735038
0.753607
0.764736
0.769803
0.77279
0.7747
0.768039
0.759276
0.758005
0.759724
0.762094
0.765019
0.770558
0.788557
0.806912
0.81492
0.819528
0.823277
0.822267
0.810377
0.803466
0.803848
0.805601
0.807848
0.811516
0.823665
0.846496
0.860122
0.86617
0.870072
0.873126
0.86925
0.856468
0.851197
0.851804
0.853508
0.856767
0.863547
0.884679
0.905437
0.91494
0.919692
0.923087
0.926784
0.922264
0.90848
0.902752
0.903116
0.904955
0.909098
0.922412
0.948793
0.966058
0.973637
0.977804
0.981655
0.98516
0.976941
0.961442
0.955634
0.956067
0.958635
0.964392
0.985479
1.01321
1.02854
1.0358
1.04071
1.04471
1.04416
1.02912
1.01188
1.00534
1.00598
1.00906
1.0215
1.0496
1.07075
1.08028
1.08486
1.08775
1.08841
1.07948
1.05364
1.02391
1.02111
1.96287
6.87122
0.704482
0.723077
0.728456
0.731429
0.734054
0.734229
0.726918
0.723064
0.723805
0.725507
0.727419
0.730525
0.741811
0.761854
0.772296
0.776967
0.77979
0.780285
0.770667
0.762709
0.762165
0.764306
0.766955
0.769739
0.775798
0.795805
0.814153
0.822024
0.826248
0.82989
0.827629
0.814246
0.806329
0.806254
0.808776
0.811815
0.815965
0.829578
0.852638
0.86566
0.871604
0.876392
0.880003
0.875388
0.860645
0.853833
0.855148
0.858651
0.862595
0.869159
0.888786
0.908916
0.918691
0.925212
0.930579
0.934311
0.929201
0.913351
0.90483
0.905555
0.909446
0.914615
0.926717
0.950688
0.967653
0.976493
0.984009
0.989736
0.993279
0.985784
0.96792
0.958056
0.958149
0.962205
0.968539
0.986907
1.01378
1.0306
1.03879
1.04442
1.04967
1.05164
1.03894
1.01815
1.0074
1.00641
1.00938
1.01982
1.04629
1.0688
1.07973
1.08459
1.08723
1.08732
1.0812
1.05259
1.02489
1.89779
6.86535
0.699003
0.718824
0.730397
0.735341
0.73821
0.740657
0.737884
0.729052
0.725834
0.726713
0.728952
0.731591
0.735854
0.750463
0.7701
0.779281
0.783827
0.786804
0.785504
0.774132
0.767166
0.766923
0.768283
0.77066
0.774071
0.782415
0.804172
0.820721
0.827589
0.831653
0.834479
0.831765
0.818424
0.810915
0.81113
0.813792
0.817129
0.821855
0.837007
0.86017
0.872488
0.877709
0.880717
0.883143
0.880173
0.867724
0.861426
0.861571
0.863204
0.866567
0.873241
0.894679
0.91681
0.92678
0.931678
0.934734
0.937769
0.934639
0.919766
0.911528
0.911489
0.913797
0.917828
0.928328
0.954635
0.97584
0.985207
0.990403
0.994419
0.997843
0.992525
0.975107
0.964706
0.963713
0.965915
0.970239
0.984606
1.01364
1.03468
1.0443
1.04943
1.05363
1.05527
1.04541
1.0246
1.01134
1.00853
1.01023
1.01711
1.04143
1.06618
1.07851
1.08354
1.08554
1.08621
1.07728
1.05635
1.85359
6.86345
0.698039
0.709613
0.728479
0.738149
0.742202
0.744812
0.746254
0.739023
0.730077
0.72898
0.730955
0.733627
0.736505
0.741757
0.758803
0.777843
0.786337
0.790636
0.793515
0.790298
0.776935
0.769688
0.770202
0.772958
0.775969
0.779446
0.788434
0.810268
0.825774
0.832175
0.836839
0.840504
0.837842
0.824558
0.817234
0.817613
0.820167
0.823202
0.827555
0.84217
0.864044
0.875405
0.881101
0.886148
0.890158
0.8876
0.873684
0.864901
0.865099
0.86851
0.872735
0.879176
0.898465
0.918927
0.92872
0.934331
0.939215
0.943484
0.94177
0.927235
0.916405
0.915503
0.919189
0.924049
0.933182
0.956358
0.976676
0.986661
0.992699
0.997728
1.00231
0.999702
0.983436
0.969711
0.966746
0.969903
0.97493
0.987323
1.01411
1.0359
1.04604
1.0514
1.05565
1.05853
1.05219
1.03126
1.01424
1.0091
1.01008
1.0154
1.03708
1.06272
1.07637
1.08144
1.08399
1.08114
1.08628
1.85192
6.86718
0.70025
0.705187
0.718991
0.736798
0.744858
0.748547
0.750858
0.749814
0.739356
0.733247
0.733767
0.735893
0.738411
0.741431
0.747904
0.767038
0.784803
0.792372
0.796517
0.799261
0.794377
0.780895
0.775327
0.776083
0.777936
0.780403
0.784198
0.795082
0.818079
0.833168
0.839334
0.842993
0.846371
0.843241
0.829604
0.822255
0.821949
0.823694
0.826817
0.831754
0.847768
0.870818
0.882919
0.888245
0.891908
0.89494
0.893042
0.881309
0.873118
0.872169
0.873189
0.876019
0.881852
0.901108
0.923782
0.935672
0.941454
0.946048
0.950327
0.949553
0.936586
0.925712
0.923409
0.923761
0.926216
0.932961
0.95508
0.979328
0.9923
0.998809
1.0038
1.00843
1.00848
0.994355
0.979327
0.974427
0.974769
0.977069
0.984753
1.00945
1.03472
1.04759
1.0538
1.05813
1.06147
1.05864
1.03974
1.0195
1.01118
1.01044
1.0132
1.03097
1.05757
1.07266
1.07951
1.0785
1.0984
1.87769
6.87421
0.703214
0.706402
0.710923
0.726902
0.743618
0.750727
0.754328
0.75639
0.752857
0.741674
0.737417
0.738732
0.741429
0.744196
0.747214
0.753944
0.773533
0.790388
0.797367
0.801189
0.804263
0.799941
0.786087
0.779635
0.780556
0.7836
0.787119
0.791234
0.802048
0.823921
0.8376
0.843531
0.847385
0.850156
0.847993
0.835133
0.826858
0.826783
0.829725
0.833698
0.838917
0.853942
0.875239
0.886557
0.892242
0.896723
0.900839
0.900525
0.888222
0.876801
0.874876
0.877738
0.88188
0.888259
0.905848
0.928357
0.941143
0.947791
0.952283
0.956353
0.957243
0.944751
0.92971
0.92461
0.926349
0.930558
0.937536
0.957304
0.982794
0.997915
1.0053
1.01004
1.01459
1.01611
1.00306
0.984004
0.975021
0.974931
0.978454
0.985485
1.00745
1.03492
1.05031
1.05719
1.06167
1.06534
1.06463
1.04737
1.0233
1.01099
1.00884
1.01073
1.02538
1.05178
1.06926
1.07358
1.09962
1.92312
6.88183
0.705568
0.708105
0.710604
0.716553
0.7337
0.749617
0.756515
0.760224
0.762373
0.756781
0.746017
0.743369
0.744797
0.746654
0.748871
0.752046
0.759518
0.779183
0.795227
0.80213
0.80581
0.808646
0.805161
0.792727
0.787297
0.788307
0.790295
0.792376
0.795629
0.805703
0.827056
0.840909
0.847007
0.851575
0.855612
0.854954
0.843181
0.835351
0.83515
0.836881
0.839143
0.843054
0.856537
0.878309
0.89143
0.897583
0.901251
0.904563
0.906644
0.89719
0.885858
0.883542
0.885292
0.88793
0.892077
0.90628
0.929536
0.944171
0.951067
0.955717
0.959535
0.96255
0.954564
0.939595
0.933387
0.933809
0.936684
0.941318
0.956419
0.982337
1.00002
1.00842
1.01342
1.01671
1.01942
1.01184
0.993284
0.982279
0.980618
0.983096
0.988139
1.0062
1.03411
1.05198
1.05972
1.06357
1.06592
1.06593
1.05359
1.02875
1.01244
1.00794
1.0086
1.02075
1.04679
1.0608
1.09314
1.97291
6.88527
0.708415
0.710532
0.712837
0.7155
0.721295
0.73942
0.755767
0.762728
0.766408
0.768142
0.761478
0.750747
0.747873
0.749503
0.752159
0.754389
0.756855
0.763214
0.783135
0.79997
0.807267
0.811569
0.815048
0.81191
0.798901
0.791459
0.790892
0.792988
0.795665
0.799154
0.809923
0.832049
0.847272
0.854059
0.858246
0.862337
0.861868
0.849532
0.839385
0.837296
0.839329
0.842438
0.846283
0.858689
0.880606
0.894282
0.901377
0.907718
0.912483
0.914444
0.904974
0.89177
0.886457
0.886994
0.889425
0.893514
0.905809
0.929788
0.946334
0.954754
0.961971
0.967491
0.970781
0.964441
0.948069
0.937997
0.936596
0.938668
0.942237
0.953467
0.979363
0.999578
1.0093
1.01632
1.0224
1.02612
1.02177
1.00323
0.988531
0.984595
0.985744
0.988543
1.0012
1.02946
1.04979
1.05824
1.0629
1.0668
1.06887
1.0608
1.03577
1.01458
1.00712
1.00614
1.01629
1.03694
1.07575
2.01357
6.88099
0.712716
0.713076
0.714914
0.716988
0.719928
0.726769
0.745623
0.761629
0.768453
0.772354
0.774427
0.767658
0.757262
0.75441
0.754698
0.755291
0.757422
0.760746
0.76865
0.789289
0.806028
0.813248
0.81718
0.820048
0.817874
0.805269
0.796602
0.795589
0.797745
0.800937
0.80484
0.815127
0.837261
0.852628
0.859385
0.863464
0.866448
0.866936
0.856181
0.844791
0.842244
0.844059
0.847265
0.851469
0.863074
0.886155
0.901936
0.909133
0.913652
0.916915
0.919812
0.912679
0.897523
0.890376
0.89086
0.894121
0.898519
0.909082
0.933648
0.953775
0.963097
0.968327
0.972206
0.975528
0.972282
0.955272
0.94198
0.939001
0.941586
0.945779
0.955273
0.980338
1.00486
1.01694
1.02269
1.02703
1.0304
1.02839
1.01068
0.992202
0.985146
0.985882
0.989224
0.999582
1.02606
1.05022
1.06172
1.06615
1.06876
1.07018
1.06567
1.04317
1.01719
1.00463
1.00299
1.00827
1.05099
2.03164
6.8707
0.720259
0.716628
0.71818
0.720478
0.722558
0.725025
0.731194
0.751029
0.767931
0.774946
0.778775
0.781014
0.773872
0.760853
0.756131
0.757404
0.759945
0.762633
0.765762
0.773389
0.794344
0.810868
0.817904
0.822869
0.826583
0.824905
0.811794
0.802363
0.801635
0.803787
0.806388
0.809836
0.819345
0.840852
0.856043
0.862658
0.867414
0.87164
0.873015
0.86363
0.851797
0.848645
0.850592
0.853544
0.857137
0.867006
0.888234
0.903899
0.911599
0.916534
0.920654
0.924004
0.919951
0.906404
0.898528
0.898493
0.901056
0.904567
0.912862
0.934415
0.954441
0.964395
0.969949
0.974405
0.978054
0.978061
0.965386
0.951259
0.947109
0.948844
0.952439
0.959139
0.97934
1.00384
1.01732
1.02401
1.02855
1.03177
1.03229
1.01994
1.0006
0.991224
0.990151
0.992295
0.99927
1.02285
1.04821
1.0611
1.0663
1.0689
1.07004
1.06737
1.05002
1.02178
1.00444
0.994705
1.02287
2.01656
6.85392
0.734783
0.725554
0.723075
0.723437
0.724417
0.726206
0.72913
0.736816
0.758023
0.774077
0.780496
0.784143
0.785933
0.778201
0.765724
0.762198
0.763027
0.764341
0.766517
0.770101
0.779527
0.802135
0.818515
0.825069
0.828687
0.831533
0.830212
0.816626
0.806078
0.80462
0.807016
0.810024
0.813992
0.823915
0.84608
0.862587
0.869735
0.873596
0.877019
0.879308
0.870558
0.857634
0.853494
0.854583
0.856898
0.860324
0.8687
0.890096
0.90863
0.917676
0.922694
0.927596
0.931589
0.929032
0.915005
0.904663
0.90273
0.904285
0.906912
0.912852
0.931916
0.954875
0.967773
0.974743
0.980997
0.985915
0.987666
0.976857
0.960365
0.952975
0.95257
0.954057
0.958268
0.973983
1.00065
1.0179
1.02603
1.03202
1.03696
1.03938
1.03059
1.0099
0.996364
0.993102
0.994096
0.997218
1.01541
1.04303
1.05864
1.06454
1.06751
1.06971
1.06948
1.05672
1.02844
1.00084
1.00547
1.96414
6.83466
0.748277
0.742286
0.728536
0.725317
0.726437
0.728399
0.730458
0.73353
0.742445
0.76387
0.778714
0.784536
0.78818
0.790914
0.7843
0.770426
0.765234
0.766653
0.769615
0.773104
0.776934
0.785646
0.806611
0.821516
0.827552
0.830934
0.833238
0.832997
0.822292
0.812004
0.810531
0.813035
0.816608
0.8211
0.82972
0.849842
0.866061
0.873461
0.8778
0.880336
0.882572
0.877294
0.864352
0.85824
0.859079
0.862329
0.866699
0.874116
0.892862
0.912489
0.923077
0.928669
0.932332
0.935607
0.935933
0.923861
0.910545
0.906164
0.90796
0.911771
0.917359
0.932829
0.957313
0.973791
0.981672
0.986533
0.990267
0.993051
0.98597
0.967719
0.9559
0.953909
0.95661
0.961033
0.973717
1.00021
1.02205
1.03216
1.03695
1.04054
1.04311
1.03782
1.01734
0.999102
0.992565
0.993072
0.996127
1.01052
1.03815
1.05757
1.06563
1.06844
1.06982
1.06944
1.06167
1.03022
1.00702
1.89437
6.82393
0.752524
0.756182
0.742554
0.731104
0.728925
0.729588
0.731296
0.733811
0.738111
0.748804
0.770035
0.78407
0.789813
0.793076
0.794895
0.788599
0.776405
0.772573
0.774066
0.775982
0.777674
0.780723
0.788803
0.808817
0.824228
0.830913
0.835089
0.839099
0.840332
0.831179
0.820743
0.818778
0.820736
0.822847
0.825616
0.83187
0.850095
0.867416
0.875748
0.880596
0.885224
0.888736
0.886221
0.874082
0.867124
0.867322
0.869497
0.871914
0.876351
0.891535
0.912298
0.924318
0.930622
0.935291
0.93964
0.942102
0.933909
0.920517
0.915039
0.915584
0.9179
0.921463
0.932152
0.955296
0.973589
0.982603
0.988081
0.992604
0.996125
0.993521
0.978373
0.965141
0.961545
0.962562
0.96544
0.973538
0.996887
1.02024
1.03206
1.03797
1.04203
1.04461
1.04244
1.02617
1.00588
0.996411
0.994947
0.996447
1.00682
1.03351
1.05502
1.06432
1.06775
1.06877
1.06907
1.05914
1.03906
1.84564
6.81949
0.753747
0.757629
0.754831
0.74216
0.732102
0.731865
0.734327
0.73762
0.740881
0.744967
0.754724
0.774073
0.787351
0.792943
0.796513
0.799666
0.795635
0.78327
0.776975
0.777119
0.779535
0.782171
0.785326
0.792551
0.811973
0.829196
0.837391
0.841649
0.845017
0.846914
0.839
0.826713
0.821992
0.822772
0.825349
0.828481
0.834084
0.851803
0.871968
0.882676
0.887882
0.891974
0.896013
0.894759
0.882219
0.871941
0.869269
0.870718
0.873551
0.877518
0.89073
0.913841
0.929515
0.937094
0.942319
0.947327
0.950486
0.9447
0.929381
0.919864
0.918189
0.919764
0.922543
0.929827
0.951777
0.974218
0.986153
0.992806
0.998932
1.0033
1.00345
0.990022
0.972912
0.965086
0.964539
0.96663
0.971063
0.990088
1.01678
1.0323
1.03923
1.04429
1.04821
1.04905
1.03644
1.01359
0.999651
0.996152
0.996746
1.00211
1.02605
1.05066
1.06203
1.06561
1.06777
1.06488
1.07265
1.84352
6.82133
0.745961
0.751582
0.752676
0.752667
0.745394
0.739489
0.739958
0.742509
0.745153
0.747604
0.750546
0.758208
0.776915
0.791339
0.79805
0.801724
0.804138
0.801893
0.790933
0.783732
0.78312
0.784778
0.787016
0.789777
0.795287
0.813414
0.832067
0.841138
0.84604
0.849608
0.852059
0.846883
0.83401
0.827307
0.827332
0.830027
0.833583
0.83873
0.85371
0.874819
0.887236
0.89331
0.89696
0.899873
0.900606
0.890871
0.877943
0.873442
0.874985
0.878533
0.88313
0.893566
0.915531
0.933972
0.943173
0.94807
0.951414
0.954368
0.952172
0.93781
0.924904
0.921174
0.923092
0.926948
0.933317
0.951844
0.976959
0.992211
0.999109
1.00346
1.00686
1.00847
0.998538
0.979296
0.967807
0.965767
0.968061
0.972435
0.987966
1.01569
1.0356
1.04409
1.04796
1.05082
1.05213
1.04375
1.02038
1.00146
0.994904
0.995096
0.999198
1.01996
1.04612
1.05966
1.06552
1.06368
1.08616
1.86899
6.82543
0.730361
0.746813
0.754137
0.758823
0.761149
0.756631
0.749732
0.74824
0.749639
0.751568
0.752887
0.754797
0.760052
0.777412
0.793837
0.801906
0.807269
0.811176
0.810568
0.799476
0.789773
0.787543
0.788138
0.789393
0.792304
0.797909
0.815392
0.835421
0.84558
0.850963
0.855677
0.858966
0.855174
0.841794
0.833913
0.833592
0.835324
0.837785
0.842004
0.854683
0.87633
0.889742
0.89595
0.900875
0.905141
0.90726
0.899964
0.88692
0.88143
0.882328
0.884731
0.887599
0.894342
0.914079
0.933899
0.944065
0.949531
0.953725
0.957794
0.958559
0.94795
0.934654
0.929635
0.930459
0.933159
0.93706
0.950231
0.974342
0.991144
0.999118
1.004
1.00809
1.01092
1.00645
0.989894
0.976299
0.972477
0.973358
0.976043
0.98618
1.01169
1.03342
1.04351
1.04829
1.05135
1.05265
1.04868
1.02883
1.00663
0.996845
0.995243
0.997326
1.01481
1.04093
1.05685
1.06003
1.08823
1.91541
6.83124
0.714294
0.734614
0.753892
0.764426
0.770761
0.774106
0.770683
0.761405
0.756323
0.754311
0.75315
0.753601
0.755767
0.761554
0.780684
0.800015
0.808924
0.813366
0.81666
0.817296
0.806721
0.793775
0.789965
0.791459
0.794137
0.797393
0.802829
0.820057
0.841399
0.852508
0.85759
0.860902
0.863699
0.861655
0.848116
0.837641
0.836274
0.838797
0.841906
0.84624
0.857327
0.879158
0.895518
0.903068
0.907153
0.910352
0.913486
0.908962
0.894492
0.88552
0.884324
0.886808
0.890439
0.895465
0.911794
0.934839
0.948803
0.955474
0.959951
0.964506
0.966943
0.959381
0.943627
0.934484
0.933255
0.934982
0.937744
0.946089
0.969379
0.990868
1.00176
1.008
1.01395
1.01785
1.01669
1.00133
0.983518
0.975647
0.975041
0.976614
0.981949
1.00392
1.02983
1.04283
1.04831
1.05261
1.05543
1.05477
1.03854
1.01295
0.998535
0.994864
0.995551
1.00852
1.035
1.04804
1.0825
1.9673
6.83175
0.70774
0.719695
0.748344
0.769072
0.778991
0.784082
0.786765
0.78078
0.764873
0.754746
0.75251
0.753581
0.755749
0.758971
0.766187
0.785751
0.804245
0.812556
0.817068
0.820806
0.822068
0.812639
0.800281
0.79666
0.798028
0.80059
0.803981
0.80925
0.823277
0.843323
0.85445
0.859596
0.863141
0.865471
0.865502
0.856018
0.845793
0.843459
0.845313
0.848552
0.852843
0.860521
0.879288
0.896639
0.905667
0.910707
0.913746
0.916081
0.915597
0.904623
0.893301
0.889927
0.89169
0.895472
0.900241
0.912249
0.934388
0.951606
0.960347
0.96496
0.967986
0.970764
0.967808
0.952998
0.940105
0.936025
0.937651
0.941355
0.948191
0.967887
0.992549
1.00718
1.01362
1.01759
1.02051
1.02127
1.00977
0.989525
0.977666
0.975481
0.97749
0.982286
1.00049
1.02828
1.04565
1.05223
1.05509
1.05694
1.0573
1.04618
1.01955
0.99937
0.992882
0.992659
1.0047
1.02556
1.06664
2.00896
6.82484
0.708786
0.718944
0.740652
0.769004
0.782667
0.787179
0.789196
0.78918
0.780526
0.761452
0.753438
0.753825
0.755911
0.758919
0.763386
0.771825
0.792812
0.811288
0.819202
0.822681
0.825176
0.827404
0.820227
0.807149
0.802469
0.803636
0.806208
0.808566
0.812245
0.823573
0.843367
0.856321
0.86265
0.867514
0.872018
0.873994
0.866639
0.855305
0.851202
0.852043
0.853285
0.85557
0.860365
0.876161
0.895689
0.906818
0.912982
0.918906
0.92336
0.925007
0.91692
0.904058
0.898407
0.89863
0.899767
0.902415
0.909888
0.930285
0.95021
0.960589
0.96639
0.971086
0.975213
0.976135
0.964478
0.949736
0.943807
0.94398
0.946131
0.949803
0.964201
0.989123
1.00561
1.01324
1.01792
1.0219
1.02467
1.0182
0.999755
0.98545
0.981178
0.981253
0.983575
0.996588
1.02384
1.0432
1.0513
1.05498
1.05714
1.05786
1.05145
1.02779
1.00313
0.991847
0.990612
0.997613
1.04342
2.02769
6.81054
0.719318
0.734793
0.748022
0.762672
0.777654
0.784317
0.785597
0.782737
0.778144
0.771263
0.76043
0.75731
0.759332
0.763299
0.768599
0.774373
0.781783
0.798427
0.814477
0.82202
0.826097
0.82821
0.829625
0.826106
0.814839
0.808216
0.807887
0.810333
0.81333
0.817134
0.825675
0.844571
0.860707
0.869031
0.873832
0.877532
0.880334
0.876401
0.863733
0.855224
0.853832
0.855606
0.858519
0.862481
0.875095
0.897534
0.913311
0.92086
0.925566
0.92936
0.932652
0.92752
0.911714
0.901143
0.899128
0.901113
0.904472
0.909671
0.927239
0.951715
0.966532
0.97352
0.97805
0.982397
0.984128
0.975266
0.957652
0.946981
0.945084
0.947055
0.950057
0.959475
0.984462
1.00636
1.01686
1.02253
1.02742
1.03064
1.02777
1.00992
0.990661
0.982471
0.981901
0.98342
0.990604
1.0161
1.04021
1.05073
1.05468
1.05754
1.05933
1.0567
1.03701
1.00832
0.992469
0.984231
1.01522
2.01146
6.79176
0.73687
0.747284
0.751722
0.754405
0.75841
0.765025
0.77031
0.77263
0.773997
0.775929
0.776925
0.773807
0.772074
0.773934
0.777199
0.780331
0.782778
0.785535
0.795515
0.8111
0.82097
0.826558
0.83124
0.835102
0.835124
0.825677
0.816997
0.815262
0.816662
0.818699
0.82129
0.8267
0.843293
0.861472
0.871417
0.877247
0.881605
0.885113
0.88438
0.873241
0.862456
0.859305
0.86044
0.863181
0.867008
0.876506
0.897191
0.914972
0.924304
0.929601
0.933261
0.93554
0.93398
0.921293
0.908502
0.904236
0.905608
0.909245
0.914529
0.927998
0.951693
0.969214
0.977834
0.982133
0.984674
0.986642
0.982358
0.965907
0.952112
0.948194
0.950119
0.95391
0.961746
0.983411
1.00788
1.02129
1.02674
1.02981
1.03179
1.03102
1.01705
0.995888
0.984225
0.981999
0.983673
0.989733
1.01231
1.03861
1.05226
1.05689
1.05865
1.05967
1.05831
1.04442
1.01584
0.988917
0.996287
1.9618
6.77009
0.752899
0.754813
0.752619
0.745669
0.739871
0.741051
0.75048
0.763419
0.773687
0.783274
0.791508
0.795683
0.793281
0.786925
0.783704
0.782383
0.780442
0.779764
0.781982
0.790873
0.809636
0.825021
0.833568
0.839117
0.843457
0.844764
0.836099
0.824156
0.819378
0.819211
0.820352
0.82302
0.827833
0.843286
0.864328
0.876766
0.882842
0.887448
0.891415
0.892445
0.882331
0.86915
0.864489
0.865524
0.867506
0.870284
0.876566
0.895078
0.915451
0.926319
0.931872
0.936798
0.940956
0.942185
0.932337
0.918041
0.912394
0.913023
0.914818
0.917574
0.925634
0.947167
0.967092
0.976896
0.98224
0.986529
0.990426
0.990353
0.977561
0.962556
0.956646
0.956548
0.9584
0.961927
0.977936
1.00312
1.01835
1.02497
1.02891
1.03242
1.03454
1.02595
1.0058
0.99121
0.986652
0.986544
0.989089
1.00656
1.03394
1.04959
1.05534
1.05776
1.05927
1.05854
1.04991
1.01808
0.998767
1.89088
6.75855
0.771181
0.76002
0.744189
0.730996
0.726331
0.727348
0.732192
0.747091
0.771264
0.791766
0.804987
0.811322
0.814023
0.808493
0.794867
0.78372
0.778165
0.777087
0.778678
0.781743
0.790511
0.812364
0.831541
0.840366
0.844846
0.848406
0.850785
0.844532
0.829805
0.822082
0.822247
0.824833
0.828283
0.833441
0.846442
0.867989
0.882094
0.888345
0.891964
0.894483
0.896187
0.889957
0.8762
0.868912
0.868895
0.871566
0.875202
0.880627
0.895317
0.917044
0.930959
0.937712
0.941903
0.945163
0.947705
0.942411
0.927294
0.916981
0.914748
0.916589
0.919888
0.925516
0.943059
0.966984
0.981521
0.988453
0.99277
0.996855
0.998559
0.989044
0.970799
0.95924
0.956562
0.958399
0.961528
0.971883
0.99773
1.01889
1.02862
1.03364
1.0379
1.04016
1.03564
1.01576
0.995608
0.98701
0.986154
0.987683
0.999
1.02689
1.04689
1.05451
1.05731
1.05876
1.06007
1.05012
1.03031
1.83925
6.75373
0.787825
0.770919
0.736701
0.723859
0.722353
0.724299
0.728752
0.737451
0.760854
0.795138
0.811621
0.817309
0.820545
0.820755
0.812922
0.79214
0.778648
0.776621
0.778203
0.78119
0.786614
0.797337
0.819516
0.837042
0.844891
0.849183
0.8527
0.854773
0.849003
0.835787
0.829027
0.829218
0.831778
0.834781
0.838707
0.848443
0.867296
0.881616
0.888601
0.892686
0.896068
0.899021
0.897165
0.887275
0.878808
0.877203
0.879025
0.881779
0.885102
0.894325
0.913445
0.929863
0.938381
0.94334
0.947306
0.950477
0.950466
0.939265
0.926449
0.921437
0.921907
0.92466
0.929043
0.941252
0.964417
0.982341
0.991703
0.996299
0.999069
1.00111
0.997184
0.980547
0.9652
0.959828
0.960884
0.964221
0.972292
0.994975
1.01903
1.03188
1.03688
1.03962
1.04117
1.03935
1.02346
1.00049
0.988056
0.985378
0.986694
0.995726
1.02216
1.04509
1.05524
1.05819
1.05998
1.05716
1.06443
1.83323
6.75246
0.786417
0.762475
0.736931
0.726187
0.724541
0.726387
0.733225
0.749285
0.770543
0.792922
0.810065
0.817667
0.820425
0.817958
0.810462
0.799678
0.785432
0.77943
0.780385
0.783964
0.789707
0.796179
0.804888
0.82484
0.842757
0.850651
0.854152
0.855291
0.856579
0.855379
0.844153
0.835015
0.833321
0.835347
0.838581
0.842115
0.847936
0.86416
0.881957
0.892056
0.897529
0.902262
0.906688
0.907991
0.899366
0.887294
0.88234
0.882378
0.883322
0.885384
0.89108
0.908501
0.928998
0.940608
0.947025
0.953486
0.958045
0.96011
0.951567
0.936233
0.92805
0.92705
0.927289
0.929495
0.937087
0.958834
0.980143
0.990951
0.996867
1.00231
1.00605
1.00573
0.991761
0.974346
0.96664
0.965557
0.966547
0.97011
0.988299
1.01484
1.02956
1.03555
1.03916
1.04205
1.0429
1.03171
1.0085
0.992553
0.987822
0.98763
0.992918
1.01703
1.04178
1.05316
1.05807
1.05639
1.07943
1.85692
6.75455
0.769121
0.755825
0.744587
0.736491
0.735399
0.740423
0.753638
0.76709
0.775877
0.783741
0.794639
0.80319
0.805304
0.803777
0.802393
0.801694
0.799282
0.793498
0.7913
0.793775
0.798166
0.803422
0.809324
0.815198
0.826698
0.840466
0.848098
0.852201
0.854966
0.856745
0.858713
0.853784
0.844984
0.840936
0.841
0.843592
0.847145
0.851284
0.862332
0.881548
0.895967
0.903429
0.907799
0.911084
0.913634
0.909337
0.896212
0.886477
0.884157
0.88604
0.889416
0.894206
0.907361
0.93015
0.946617
0.954208
0.958799
0.962283
0.965077
0.960732
0.944077
0.930867
0.927373
0.928715
0.931875
0.937379
0.956037
0.981334
0.996674
1.00327
1.00719
1.01044
1.01184
1.00095
0.980312
0.967577
0.964734
0.966473
0.969976
0.983392
1.0108
1.0307
1.03894
1.04243
1.04521
1.04675
1.04006
1.01709
0.996106
0.988067
0.987513
0.990302
1.01051
1.03649
1.05103
1.05356
1.08247
1.90262
6.7573
0.75113
0.75281
0.754805
0.755506
0.758256
0.765873
0.773645
0.778165
0.78086
0.781445
0.777941
0.776686
0.781753
0.790551
0.798037
0.803901
0.809691
0.81462
0.815915
0.813389
0.811539
0.81198
0.812596
0.811564
0.811526
0.816963
0.830534
0.84337
0.851677
0.858878
0.8656
0.869411
0.868189
0.858605
0.850459
0.848422
0.848563
0.849603
0.852375
0.860228
0.879521
0.896558
0.905404
0.910677
0.915006
0.91854
0.917623
0.906016
0.894589
0.891083
0.892201
0.894629
0.89794
0.907479
0.928772
0.946408
0.955351
0.960134
0.963797
0.96634
0.965504
0.954025
0.939981
0.934556
0.93513
0.937846
0.942033
0.954925
0.978761
0.996091
1.00423
1.00875
1.01112
1.01246
1.00794
0.990393
0.975029
0.969636
0.970078
0.97274
0.982402
1.00729
1.02985
1.04039
1.04417
1.04601
1.04697
1.04414
1.02555
1.00097
0.988679
0.986513
0.988571
1.00612
1.03261
1.04462
1.07927
1.95265
6.75504
0.734084
0.747605
0.760333
0.776655
0.789378
0.793983
0.793082
0.789497
0.783843
0.772178
0.760295
0.756773
0.760001
0.771133
0.788608
0.80507
0.821341
0.834002
0.839635
0.839453
0.831281
0.820271
0.811138
0.804024
0.801413
0.803027
0.808659
0.825025
0.846754
0.861773
0.870467
0.876161
0.88008
0.879631
0.868025
0.85403
0.848234
0.848783
0.851211
0.854423
0.860791
0.878851
0.899961
0.911836
0.9172
0.920592
0.924142
0.925351
0.916352
0.901681
0.894673
0.89473
0.897571
0.900677
0.906289
0.924127
0.94574
0.957605
0.963055
0.967602
0.9721
0.974026
0.965731
0.94981
0.941136
0.939875
0.940559
0.942366
0.949701
0.971776
0.992791
1.00299
1.00863
1.01433
1.01802
1.01729
1.00232
0.983837
0.975183
0.97338
0.973796
0.977999
0.999005
1.02488
1.03751
1.04263
1.04605
1.04848
1.04862
1.03483
1.0082
0.991173
0.986388
0.986845
1.00294
1.02467
1.06533
1.99537
6.74635
0.715098
0.736046
0.769868
0.799103
0.812983
0.817545
0.816405
0.805039
0.783131
0.76156
0.749994
0.74851
0.750602
0.756154
0.770945
0.802553
0.831708
0.844572
0.850133
0.853066
0.850589
0.837703
0.814101
0.801205
0.799598
0.801528
0.805597
0.812761
0.829815
0.856402
0.871611
0.877804
0.881421
0.883227
0.882616
0.872928
0.858534
0.85236
0.852901
0.855802
0.860453
0.866382
0.879902
0.900361
0.913997
0.920776
0.924346
0.92592
0.927415
0.923905
0.911221
0.901663
0.899465
0.901669
0.905288
0.910415
0.923128
0.944534
0.960336
0.968051
0.972099
0.975024
0.977717
0.974476
0.959455
0.945907
0.940885
0.941612
0.944425
0.950001
0.968109
0.992934
1.00795
1.0146
1.01861
1.02166
1.02297
1.0119
0.989615
0.975405
0.971763
0.973021
0.976612
0.993246
1.02169
1.03967
1.04633
1.04909
1.05096
1.05189
1.04299
1.0161
0.993256
0.985031
0.985594
0.996371
1.04312
2.01909
6.73286
0.708185
0.723997
0.772663
0.808034
0.819137
0.82322
0.824014
0.816328
0.789492
0.759548
0.749105
0.748601
0.750778
0.757127
0.773485
0.802221
0.831509
0.846078
0.851757
0.853328
0.848188
0.835485
0.819942
0.806222
0.802372
0.804104
0.8089
0.817646
0.828771
0.843906
0.862612
0.873845
0.878746
0.880831
0.882356
0.884189
0.879735
0.868188
0.861643
0.861564
0.864191
0.866959
0.869864
0.8776
0.895801
0.911756
0.919707
0.924577
0.92936
0.933276
0.93382
0.924871
0.91313
0.908404
0.90851
0.909426
0.911534
0.918772
0.938326
0.957308
0.967362
0.973122
0.977731
0.981785
0.982539
0.971209
0.955499
0.947977
0.946834
0.948149
0.951266
0.96431
0.989001
1.00687
1.01527
1.01973
1.02299
1.02466
1.01914
0.998756
0.98161
0.975628
0.975436
0.977798
0.990735
1.01878
1.03902
1.04723
1.05013
1.05165
1.05233
1.0473
1.02433
0.99734
0.984741
0.978931
1.01677
2.01093
6.71323
0.715061
0.745432
0.779156
0.803548
0.81667
0.821094
0.815263
0.79794
0.780818
0.767336
0.757682
0.756098
0.760216
0.772774
0.78947
0.803211
0.818719
0.833811
0.840395
0.838885
0.833093
0.828788
0.826261
0.821686
0.816734
0.81682
0.821337
0.827347
0.832351
0.836822
0.845117
0.858738
0.87026
0.877013
0.881379
0.884686
0.887611
0.88796
0.880307
0.870687
0.866625
0.867087
0.869226
0.872216
0.877029
0.89102
0.911115
0.924445
0.931467
0.936274
0.940579
0.94337
0.937128
0.921818
0.911052
0.907923
0.908886
0.91131
0.916051
0.932963
0.957342
0.972664
0.979874
0.984697
0.988622
0.990383
0.981935
0.963173
0.950828
0.947866
0.948798
0.950829
0.958986
0.983539
1.00612
1.01637
1.02158
1.02635
1.02909
1.02665
1.00847
0.987788
0.978834
0.977807
0.978573
0.985488
1.01189
1.0358
1.04556
1.04915
1.05143
1.05319
1.05126
1.03267
1.00408
0.982147
0.996374
1.96525
6.69181
0.741583
0.764796
0.775891
0.786939
0.795215
0.795548
0.788483
0.783244
0.781852
0.780194
0.776856
0.776421
0.782707
0.793501
0.801784
0.806002
0.808754
0.810948
0.812877
0.816228
0.820817
0.825299
0.82971
0.835542
0.840057
0.841201
0.839639
0.838286
0.838033
0.838225
0.83838
0.840131
0.847595
0.861093
0.873344
0.881757
0.887918
0.892776
0.896154
0.894368
0.884927
0.876727
0.873688
0.873686
0.875348
0.878578
0.887362
0.907427
0.92546
0.935718
0.941188
0.944541
0.946887
0.944665
0.931157
0.916455
0.910784
0.911852
0.915329
0.920292
0.933318
0.957517
0.976082
0.984522
0.98832
0.990443
0.991691
0.987336
0.970091
0.954607
0.9496
0.95083
0.954046
0.961103
0.982504
1.00779
1.02091
1.02572
1.02862
1.03077
1.03026
1.01557
0.992541
0.979565
0.976841
0.978243
0.984378
1.00792
1.03412
1.04677
1.05106
1.05292
1.05432
1.0533
1.04095
1.00684
0.993275
1.89616
6.67831
0.765875
0.773084
0.775578
0.773711
0.764358
0.760555
0.765009
0.773189
0.780279
0.786894
0.797437
0.808539
0.813883
0.813968
0.812629
0.809444
0.79984
0.789089
0.786564
0.791814
0.803976
0.818944
0.833192
0.848386
0.860865
0.866317
0.865516
0.857421
0.84784
0.839713
0.831941
0.82886
0.830588
0.83729
0.854033
0.873338
0.886666
0.896844
0.904126
0.908233
0.908343
0.897553
0.883505
0.876966
0.875717
0.876113
0.878623
0.885316
0.904592
0.926097
0.937498
0.942968
0.947228
0.950959
0.951477
0.94069
0.925372
0.918924
0.919095
0.921199
0.923791
0.931382
0.952981
0.97311
0.982566
0.987196
0.990469
0.993687
0.993395
0.980625
0.964946
0.958042
0.957398
0.959054
0.962084
0.977568
1.00269
1.01761
1.02392
1.02742
1.0301
1.03133
1.0238
1.00233
0.986241
0.981098
0.980925
0.983953
1.00317
1.03036
1.04525
1.05087
1.05342
1.05461
1.05491
1.04176
1.01848
1.83893
6.67278
0.786634
0.782248
0.770801
0.751022
0.73712
0.735528
0.74099
0.754621
0.773141
0.795546
0.8218
0.83718
0.841729
0.839159
0.828197
0.80977
0.789306
0.776137
0.773865
0.776408
0.783583
0.802162
0.832086
0.858387
0.872601
0.878554
0.881469
0.878522
0.863447
0.8403
0.827758
0.825187
0.826749
0.830355
0.837696
0.856468
0.884616
0.900388
0.906948
0.910928
0.913506
0.913515
0.903604
0.884879
0.876096
0.876119
0.87869
0.882494
0.888603
0.905088
0.928196
0.942129
0.948431
0.951874
0.954292
0.955985
0.950109
0.93442
0.923452
0.920817
0.922502
0.925624
0.93082
0.947475
0.971122
0.985414
0.992014
0.995944
0.999655
1.00111
0.992442
0.973736
0.961128
0.957638
0.958637
0.960723
0.970431
0.996031
1.01618
1.02493
1.03003
1.03483
1.03711
1.0328
1.0123
0.991194
0.982303
0.981125
0.982438
0.995737
1.0245
1.04325
1.05043
1.05317
1.05606
1.05412
1.05622
1.82259
6.67043
0.810619
0.799042
0.764456
0.736252
0.726467
0.726713
0.729813
0.736432
0.754269
0.797589
0.834904
0.847128
0.851584
0.853097
0.846454
0.82041
0.787061
0.77415
0.7732
0.775486
0.781551
0.795293
0.825213
0.859338
0.874579
0.880325
0.882479
0.878226
0.866165
0.848078
0.830868
0.826223
0.827885
0.832249
0.84132
0.8547
0.8733
0.894262
0.905541
0.91051
0.912374
0.909951
0.906419
0.901823
0.89129
0.884501
0.884319
0.887083
0.891183
0.896421
0.90599
0.924445
0.939844
0.947724
0.952047
0.955067
0.957465
0.957349
0.946741
0.933412
0.927398
0.927091
0.929613
0.93364
0.944516
0.966894
0.985321
0.994794
0.999014
1.0015
1.00363
1.00011
0.982896
0.965954
0.959428
0.959776
0.962373
0.970026
0.992959
1.01727
1.0296
1.03421
1.03686
1.03861
1.03705
1.02007
0.995269
0.982236
0.979873
0.981323
0.992502
1.02097
1.04274
1.05184
1.05616
1.05472
1.07559
1.8387
6.66954
0.816098
0.806098
0.7625
0.737876
0.728823
0.728491
0.731512
0.740872
0.766837
0.803687
0.832393
0.8464
0.85136
0.849071
0.832334
0.810961
0.79416
0.782423
0.779737
0.78283
0.794036
0.811673
0.828199
0.846309
0.863191
0.87049
0.869748
0.86318
0.857104
0.853033
0.84705
0.840949
0.841174
0.846762
0.854309
0.860094
0.864525
0.873748
0.887904
0.897633
0.901832
0.904082
0.906915
0.910945
0.912809
0.906716
0.897837
0.894127
0.894392
0.894784
0.895655
0.90043
0.915782
0.935239
0.946887
0.953466
0.960517
0.965404
0.96752
0.959922
0.944244
0.934501
0.932006
0.931187
0.932582
0.93916
0.960187
0.982335
0.993417
0.999599
1.00476
1.00818
1.00784
0.993338
0.97411
0.9653
0.963693
0.964582
0.968085
0.987585
1.01416
1.02793
1.03346
1.03679
1.03926
1.03934
1.0275
1.00244
0.986066
0.981739
0.981961
0.990242
1.01797
1.04093
1.05218
1.05364
1.08133
1.8779
6.66988
0.803928
0.788177
0.767499
0.750514
0.741579
0.741031
0.747406
0.764452
0.784024
0.799292
0.815737
0.828082
0.830895
0.82348
0.815216
0.811387
0.807362
0.801701
0.799409
0.804058
0.815022
0.825222
0.830818
0.834361
0.839413
0.844119
0.846893
0.849681
0.853061
0.856509
0.861628
0.865624
0.866834
0.866327
0.865781
0.865413
0.864811
0.863706
0.864758
0.872307
0.886046
0.898747
0.907779
0.914982
0.921264
0.92485
0.922811
0.911602
0.900646
0.895526
0.894907
0.896345
0.899649
0.910346
0.933197
0.952159
0.961397
0.966613
0.97036
0.973278
0.969796
0.952043
0.935932
0.930516
0.931026
0.933686
0.938408
0.956526
0.983566
0.999896
1.00635
1.00994
1.01302
1.01357
1.0011
0.978879
0.96544
0.962496
0.964311
0.967562
0.982164
1.01077
1.02899
1.03573
1.03892
1.04175
1.04296
1.03507
1.00995
0.988997
0.982312
0.982488
0.988536
1.01401
1.03846
1.04735
1.08027
1.92606
6.6687
0.780684
0.777455
0.77486
0.771135
0.766021
0.766214
0.77463
0.786386
0.793679
0.79715
0.799812
0.799053
0.796291
0.798419
0.804308
0.809858
0.814113
0.82113
0.830333
0.836298
0.837148
0.836537
0.835113
0.828421
0.818216
0.81516
0.8202
0.832045
0.846402
0.859524
0.873195
0.886082
0.892338
0.892407
0.885801
0.875996
0.86582
0.855954
0.851453
0.852931
0.859954
0.878016
0.899445
0.914689
0.924635
0.93097
0.934938
0.935133
0.923909
0.90791
0.89931
0.897378
0.898869
0.90185
0.910079
0.931503
0.952469
0.963615
0.969185
0.972992
0.974964
0.97352
0.960199
0.943248
0.936123
0.935938
0.938404
0.942926
0.956973
0.982532
1.00019
1.00797
1.01153
1.01234
1.01258
1.00631
0.986504
0.970728
0.96593
0.96687
0.970053
0.98216
1.00927
1.02986
1.03817
1.04099
1.04221
1.04316
1.03936
1.01776
0.993311
0.983235
0.982591
0.987816
1.01238
1.03185
1.07036
1.97212
6.66232
0.756547
0.768087
0.775936
0.782798
0.793084
0.803037
0.806117
0.804732
0.802109
0.796124
0.782656
0.769743
0.767272
0.772565
0.785799
0.802178
0.819558
0.842431
0.860009
0.865747
0.864081
0.854365
0.839001
0.820035
0.804865
0.800598
0.802534
0.809394
0.826834
0.854905
0.881093
0.89773
0.90488
0.908179
0.906902
0.895572
0.870865
0.852604
0.848088
0.84954
0.85326
0.860724
0.880638
0.909954
0.926949
0.934176
0.93826
0.940919
0.940736
0.930217
0.910489
0.89997
0.898944
0.901593
0.904587
0.91013
0.928595
0.952609
0.965581
0.970805
0.974558
0.978251
0.979497
0.969936
0.952308
0.942814
0.941724
0.942975
0.944693
0.952455
0.97557
0.995908
1.00473
1.00904
1.01341
1.01632
1.01423
0.997889
0.979821
0.972254
0.971203
0.97198
0.977943
1.00212
1.02515
1.035
1.03912
1.04213
1.0445
1.04426
1.02748
1.00031
0.985696
0.982799
0.987315
1.00651
1.05111
2.00324
6.6501
0.731434
0.746971
0.770046
0.793502
0.818459
0.831578
0.834992
0.830495
0.817292
0.795671
0.77096
0.757642
0.755947
0.758428
0.764952
0.779926
0.81589
0.855005
0.870766
0.875961
0.878555
0.874819
0.854975
0.820432
0.802356
0.799649
0.801405
0.80614
0.816581
0.843032
0.881361
0.900123
0.906697
0.909639
0.907114
0.895615
0.877554
0.858447
0.850588
0.851125
0.855003
0.863625
0.875791
0.89381
0.918776
0.932402
0.937707
0.939758
0.938366
0.935714
0.929509
0.914272
0.904172
0.903057
0.905962
0.910412
0.916397
0.930441
0.952878
0.967901
0.974388
0.977661
0.980113
0.982019
0.977497
0.96159
0.948011
0.943011
0.943227
0.945552
0.951241
0.970295
0.994753
1.00853
1.01455
1.0182
1.02121
1.02165
1.008
0.985543
0.972418
0.96949
0.970872
0.974711
0.994721
1.0222
1.03678
1.04231
1.0455
1.04807
1.04875
1.0368
1.00823
0.987368
0.981986
0.981149
1.0268
2.00815
6.6336
0.724926
0.728274
0.750161
0.794381
0.825574
0.836227
0.840126
0.842289
0.834938
0.803793
0.770694
0.758597
0.757369
0.759816
0.76674
0.785849
0.819752
0.852116
0.869685
0.876023
0.876599
0.865245
0.844882
0.826478
0.811613
0.80626
0.807824
0.81556
0.830865
0.84853
0.868194
0.888343
0.897639
0.898751
0.893047
0.886006
0.881267
0.875226
0.8675
0.865351
0.869182
0.876018
0.882921
0.889412
0.898655
0.91313
0.923592
0.927752
0.92948
0.931541
0.933671
0.933976
0.927961
0.919696
0.916608
0.917371
0.919154
0.920864
0.926704
0.944323
0.961892
0.97132
0.976676
0.98087
0.984784
0.985449
0.974466
0.957832
0.949284
0.947316
0.948266
0.951638
0.965596
0.990863
1.00845
1.01669
1.02055
1.02279
1.02397
1.01559
0.992911
0.975934
0.97083
0.971501
0.974655
0.991862
1.02088
1.03849
1.04512
1.0477
1.0496
1.05074
1.04286
1.01563
0.99078
0.977064
1.00013
1.98274
6.61344
0.729631
0.736999
0.759054
0.787231
0.817567
0.832714
0.836938
0.833187
0.820292
0.803152
0.784546
0.771179
0.768541
0.772235
0.783663
0.800883
0.817023
0.835029
0.850796
0.857583
0.854469
0.846964
0.842479
0.838544
0.831415
0.826085
0.827368
0.835495
0.846058
0.853241
0.857441
0.863694
0.871063
0.875507
0.877707
0.880222
0.883283
0.887708
0.892045
0.893031
0.891025
0.889343
0.889321
0.889496
0.887117
0.887546
0.89536
0.909733
0.921837
0.929846
0.937285
0.945468
0.949687
0.947008
0.935478
0.925027
0.91959
0.916725
0.916129
0.919674
0.934745
0.957897
0.973231
0.981663
0.988461
0.992936
0.994666
0.985756
0.96576
0.952424
0.948692
0.948248
0.949983
0.959678
0.985989
1.00746
1.01667
1.02165
1.02553
1.02761
1.02262
1.00063
0.980957
0.97411
0.973478
0.974983
0.987637
1.01792
1.03792
1.045
1.04807
1.05031
1.05184
1.04623
1.02318
0.990449
0.990996
1.92091
6.59634
0.746495
0.75376
0.765196
0.775701
0.791169
0.807088
0.81392
0.812787
0.809711
0.80788
0.803797
0.796064
0.792084
0.795108
0.803766
0.812152
0.816692
0.820461
0.823778
0.825279
0.828013
0.833742
0.839624
0.84313
0.848087
0.854623
0.859873
0.860566
0.859574
0.85879
0.854755
0.845204
0.841076
0.84532
0.856758
0.870976
0.884227
0.897926
0.911854
0.91898
0.919349
0.911447
0.899659
0.888474
0.878944
0.873769
0.874738
0.881896
0.901196
0.923297
0.939955
0.950978
0.958135
0.962123
0.961203
0.946832
0.927641
0.91691
0.915256
0.917184
0.920208
0.931061
0.957149
0.979109
0.988555
0.992907
0.995825
0.997536
0.991684
0.970147
0.952933
0.948044
0.948905
0.951744
0.95995
0.985404
1.01061
1.0216
1.02568
1.02823
1.02989
1.02673
1.00688
0.983948
0.973861
0.972931
0.975112
0.985873
1.01472
1.03719
1.04581
1.04899
1.05114
1.05261
1.05051
1.0262
1.00184
1.85442
6.59122
0.766286
0.766297
0.769432
0.772036
0.773478
0.775131
0.78062
0.79048
0.800622
0.807502
0.811959
0.818956
0.825225
0.826927
0.824754
0.822277
0.81852
0.810142
0.799327
0.795671
0.799809
0.812113
0.829104
0.844805
0.863395
0.881662
0.889048
0.888887
0.880232
0.866483
0.849591
0.8332
0.826049
0.826925
0.832614
0.848561
0.876035
0.903522
0.921921
0.930428
0.934547
0.933928
0.921719
0.896434
0.87683
0.870844
0.871664
0.874826
0.881912
0.90318
0.93407
0.952495
0.960278
0.964301
0.966223
0.96427
0.948645
0.927866
0.918077
0.917176
0.91955
0.923331
0.93453
0.959257
0.979933
0.988988
0.992941
0.995528
0.99631
0.992917
0.977433
0.960758
0.954881
0.955263
0.957497
0.962978
0.983538
1.00808
1.02014
1.02481
1.02733
1.02813
1.02734
1.01423
0.991582
0.978945
0.976327
0.977389
0.98553
1.01205
1.03553
1.04591
1.05011
1.05224
1.05453
1.04972
1.038
1.81727
6.58889
0.793032
0.782621
0.774589
0.768524
0.761465
0.754869
0.754916
0.761483
0.778554
0.799262
0.817899
0.83695
0.850247
0.854532
0.851756
0.840674
0.823969
0.804117
0.789189
0.785062
0.786507
0.791506
0.804288
0.834618
0.871865
0.89103
0.897648
0.901139
0.90049
0.887518
0.85518
0.830946
0.824974
0.825995
0.829583
0.837831
0.860315
0.900253
0.923737
0.931942
0.935718
0.934801
0.925344
0.906199
0.884339
0.874027
0.873193
0.87603
0.883099
0.894836
0.916459
0.944199
0.957957
0.963117
0.963985
0.962221
0.96082
0.951103
0.931756
0.922177
0.921826
0.925759
0.929896
0.935918
0.955339
0.978217
0.98956
0.993818
0.996493
0.999751
1.00008
0.98784
0.969169
0.959799
0.958122
0.958937
0.961182
0.975858
1.00192
1.01714
1.02301
1.02736
1.0312
1.03288
1.02415
1.00142
0.984297
0.978942
0.978996
0.982647
1.00524
1.03156
1.04469
1.0499
1.05396
1.0537
1.06759
1.82114
6.58764
0.810892
0.810325
0.792621
0.772925
0.758335
0.752368
0.752592
0.754865
0.759564
0.775512
0.811981
0.841577
0.853964
0.858729
0.861488
0.859456
0.840082
0.807108
0.789817
0.786251
0.787892
0.792646
0.805038
0.830616
0.865942
0.889125
0.897475
0.900111
0.894925
0.878876
0.859936
0.841895
0.832488
0.832335
0.83771
0.849825
0.865908
0.88559
0.909479
0.922113
0.925445
0.922153
0.915668
0.910531
0.902664
0.891625
0.886544
0.888364
0.894513
0.90231
0.910131
0.92207
0.939236
0.949975
0.95405
0.955442
0.955854
0.956396
0.954711
0.943808
0.934455
0.931463
0.932344
0.93576
0.940199
0.95266
0.97412
0.988803
0.995694
0.998729
1.00077
1.00253
0.99654
0.978288
0.963797
0.958499
0.959069
0.961766
0.972658
0.998167
1.01857
1.02776
1.03193
1.03483
1.0371
1.03244
1.00952
0.986593
0.977601
0.977309
0.98048
1.00025
1.02944
1.04571
1.05375
1.05429
1.07956
1.8476
6.58627
0.811892
0.814934
0.805184
0.787255
0.766905
0.75687
0.75625
0.759541
0.767081
0.77959
0.799308
0.829321
0.84883
0.85526
0.855555
0.849338
0.838749
0.822843
0.804711
0.797735
0.799205
0.805968
0.817372
0.829939
0.846598
0.867493
0.879865
0.882164
0.877716
0.873328
0.869965
0.86257
0.853937
0.851516
0.856026
0.864695
0.872479
0.877524
0.884416
0.894814
0.902542
0.906051
0.908259
0.910866
0.913886
0.915409
0.914001
0.911168
0.909782
0.910187
0.911175
0.909668
0.910472
0.919669
0.934246
0.945135
0.952066
0.95937
0.966548
0.969806
0.963524
0.950439
0.942247
0.939164
0.936569
0.936387
0.943072
0.96362
0.982844
0.992677
0.99914
1.00491
1.00892
1.00699
0.98973
0.971021
0.963107
0.961085
0.961835
0.968282
0.992712
1.01701
1.02871
1.03399
1.03693
1.03855
1.03631
1.01669
0.990536
0.978781
0.977063
0.979744
0.998966
1.02898
1.04735
1.0527
1.0827
1.89008
6.58583
0.802259
0.807927
0.808594
0.806289
0.792212
0.777329
0.771919
0.773341
0.778
0.783827
0.790197
0.802504
0.82228
0.835382
0.839528
0.83961
0.839496
0.838588
0.831626
0.822684
0.819878
0.822714
0.828289
0.832747
0.83646
0.841635
0.849345
0.85665
0.862828
0.868557
0.872258
0.876188
0.880931
0.883468
0.88227
0.880063
0.879127
0.876944
0.869631
0.86571
0.86971
0.881888
0.89675
0.909002
0.920165
0.933062
0.940792
0.941357
0.933311
0.921702
0.910137
0.899104
0.893326
0.894635
0.904057
0.9258
0.947626
0.963242
0.975074
0.982438
0.985671
0.980116
0.961226
0.942703
0.932814
0.929895
0.930725
0.935825
0.956668
0.984213
1.00046
1.00829
1.01328
1.01619
1.01411
0.997148
0.9734
0.961249
0.95927
0.960954
0.965378
0.988043
1.01718
1.03075
1.03523
1.03806
1.04014
1.03965
1.02324
0.994817
0.980382
0.978479
0.980816
0.99889
1.02863
1.04301
1.07843
1.93714
6.58369
0.784601
0.802228
0.806641
0.809123
0.811081
0.807728
0.798346
0.790605
0.787476
0.787871
0.78965
0.790695
0.793012
0.802105
0.816325
0.828904
0.837272
0.842607
0.84929
0.853789
0.852066
0.846088
0.84088
0.83691
0.831939
0.825443
0.822195
0.825956
0.838017
0.855351
0.87106
0.886654
0.903246
0.911204
0.911823
0.903366
0.890065
0.875242
0.860023
0.851179
0.85085
0.855854
0.871697
0.897917
0.923932
0.943463
0.953694
0.957943
0.95746
0.943473
0.917114
0.896965
0.890424
0.89097
0.893899
0.901791
0.926517
0.958865
0.97709
0.984342
0.988108
0.989442
0.984731
0.962816
0.93851
0.93002
0.930258
0.932767
0.938589
0.95924
0.989773
1.00678
1.01251
1.01501
1.01574
1.01422
0.999426
0.975023
0.962638
0.960899
0.963041
0.968475
0.989985
1.01875
1.03323
1.03772
1.03952
1.0407
1.04104
1.02892
1.001
0.98333
0.980042
0.981995
1.00055
1.02374
1.06435
1.97607
6.57724
0.755924
0.780843
0.798493
0.810787
0.820449
0.826825
0.828204
0.819841
0.80552
0.794762
0.788705
0.784548
0.780496
0.780737
0.786593
0.803895
0.826434
0.844848
0.85925
0.870178
0.875092
0.874124
0.863468
0.847994
0.831866
0.818643
0.812967
0.813617
0.817723
0.828973
0.855811
0.889629
0.909677
0.917664
0.921406
0.922817
0.91491
0.88658
0.858998
0.849853
0.849993
0.852669
0.85877
0.87756
0.917395
0.944967
0.954945
0.959056
0.959719
0.952745
0.930959
0.905076
0.893151
0.891821
0.894296
0.900585
0.914146
0.943109
0.970656
0.982386
0.986623
0.987074
0.982702
0.974736
0.958582
0.941702
0.935749
0.936837
0.940341
0.944944
0.962244
0.989774
1.0045
1.00947
1.01184
1.01316
1.01273
1.00334
0.983881
0.970886
0.967918
0.969086
0.971176
0.986454
1.0141
1.02972
1.03543
1.03809
1.04008
1.04194
1.03606
1.01062
0.988811
0.981994
0.983843
0.996901
1.04324
1.99757
6.56547
0.746719
0.753863
0.777769
0.80639
0.822889
0.829538
0.83307
0.835385
0.831558
0.815856
0.797716
0.784712
0.779532
0.780173
0.782609
0.787319
0.801963
0.832878
0.859413
0.872038
0.877195
0.880017
0.880326
0.868833
0.841064
0.820148
0.813928
0.814896
0.81863
0.827554
0.845031
0.877403
0.905868
0.917333
0.921171
0.920545
0.910543
0.89342
0.871975
0.857748
0.855418
0.859082
0.867855
0.880864
0.900224
0.928758
0.94537
0.950394
0.94905
0.943292
0.937416
0.926029
0.910444
0.90356
0.905042
0.911697
0.919974
0.928204
0.946235
0.965569
0.974443
0.976547
0.976628
0.977501
0.976828
0.966333
0.951747
0.94518
0.944765
0.947346
0.951057
0.961312
0.983912
1.00097
1.00855
1.01195
1.01453
1.01723
1.01344
0.994653
0.976607
0.969093
0.968416
0.970293
0.98036
1.00714
1.02707
1.03539
1.03969
1.04397
1.04665
1.0439
1.02179
0.994971
0.983465
0.979216
1.01579
1.9916
6.54919
0.749113
0.755986
0.767889
0.785049
0.809556
0.825143
0.831596
0.834322
0.835388
0.834136
0.820438
0.797936
0.786185
0.784925
0.787982
0.794034
0.801986
0.81367
0.838727
0.862204
0.871978
0.874865
0.8743
0.870293
0.859485
0.839125
0.82694
0.825743
0.829783
0.836633
0.844644
0.856729
0.880364
0.899812
0.906899
0.906947
0.904135
0.901279
0.89402
0.881462
0.874215
0.874923
0.880372
0.887193
0.892889
0.901893
0.917592
0.929276
0.933937
0.935474
0.937278
0.939342
0.937055
0.930136
0.925607
0.92515
0.92617
0.927808
0.928625
0.933984
0.948078
0.961833
0.970469
0.975369
0.97876
0.982318
0.981646
0.971442
0.959991
0.953534
0.951104
0.951301
0.955888
0.973153
0.994157
1.00695
1.01378
1.01775
1.0206
1.02079
1.00598
0.983427
0.971208
0.968449
0.969648
0.976871
1.00205
1.02693
1.03926
1.04429
1.04735
1.04997
1.04942
1.03058
1.00076
0.979429
0.993093
1.95397
6.53036
0.760477
0.763207
0.76649
0.770798
0.782052
0.803634
0.820207
0.827228
0.829612
0.829761
0.829472
0.824945
0.811811
0.801905
0.79939
0.800969
0.803903
0.807349
0.814519
0.833636
0.853225
0.862562
0.865822
0.867003
0.868616
0.866356
0.855326
0.845769
0.843126
0.844747
0.848229
0.851809
0.856958
0.868203
0.882182
0.89203
0.897967
0.901443
0.904733
0.907918
0.906135
0.899994
0.895354
0.893977
0.893495
0.890156
0.888421
0.894658
0.909419
0.924067
0.934392
0.943252
0.954271
0.960059
0.957144
0.946697
0.936061
0.926775
0.917673
0.913593
0.916972
0.932647
0.954461
0.969739
0.981266
0.993519
1.00001
1.00041
0.987803
0.967621
0.953675
0.94654
0.943874
0.946524
0.962314
0.989207
1.00698
1.01658
1.02412
1.02792
1.02873
1.01523
0.989025
0.973241
0.968879
0.968836
0.973125
0.998234
1.02788
1.04142
1.04672
1.04989
1.05246
1.05109
1.0356
1
0.988909
1.89002
6.51845
0.776072
0.768076
0.768757
0.771443
0.774645
0.778246
0.789522
0.806832
0.819334
0.826751
0.833913
0.840397
0.84181
0.833043
0.81882
0.810196
0.807666
0.808909
0.811307
0.81239
0.818599
0.83503
0.851547
0.86266
0.870982
0.878755
0.882755
0.878683
0.867562
0.858841
0.854349
0.851225
0.847307
0.845269
0.849599
0.864191
0.883583
0.899472
0.91241
0.92463
0.931292
0.930768
0.919949
0.906157
0.893969
0.882197
0.873956
0.873477
0.879358
0.89833
0.924008
0.947111
0.96459
0.974435
0.978006
0.974545
0.956339
0.931583
0.914337
0.908032
0.908097
0.911224
0.925579
0.956215
0.983772
0.998514
1.00517
1.00872
1.00845
0.993283
0.963475
0.945411
0.941627
0.942894
0.945694
0.959717
0.993269
1.01716
1.02542
1.0288
1.0311
1.03109
1.01829
0.989817
0.971274
0.967049
0.968453
0.97361
0.99969
1.03025
1.0437
1.04836
1.05116
1.05282
1.05271
1.03419
1.0082
1.83332
6.51803
0.803285
0.787495
0.778951
0.775154
0.769636
0.766406
0.768156
0.776319
0.797212
0.820597
0.836179
0.844396
0.849904
0.853242
0.849981
0.835587
0.821812
0.813079
0.806009
0.802132
0.803021
0.808237
0.825302
0.850758
0.871034
0.882815
0.890404
0.895323
0.895839
0.885676
0.869212
0.854064
0.842674
0.837931
0.838597
0.84252
0.855558
0.883196
0.91174
0.928533
0.936692
0.940721
0.942164
0.933195
0.907588
0.882263
0.872433
0.872323
0.874735
0.880072
0.900123
0.93915
0.965651
0.975476
0.979541
0.980984
0.975415
0.949505
0.920195
0.908366
0.907605
0.910175
0.916179
0.934186
0.972276
0.997079
1.00519
1.00805
1.00705
1.0009
0.98448
0.958946
0.945072
0.942977
0.945104
0.950886
0.968854
1.00092
1.02042
1.0269
1.02941
1.02925
1.02673
1.01709
0.992947
0.975201
0.970949
0.972633
0.977179
1.00094
1.02943
1.04286
1.04805
1.05068
1.05343
1.05028
1.0442
1.80867
6.51962
0.818014
0.817282
0.797034
0.77676
0.767876
0.766415
0.767903
0.770676
0.776464
0.795751
0.823934
0.84316
0.852603
0.856838
0.859701
0.859969
0.848511
0.824035
0.807609
0.803403
0.804164
0.806937
0.812128
0.826088
0.853041
0.878093
0.891937
0.897427
0.90053
0.90167
0.893186
0.868006
0.846662
0.839527
0.84017
0.843688
0.851087
0.865156
0.893636
0.922987
0.936642
0.941113
0.942558
0.938068
0.921811
0.895561
0.879405
0.8764
0.879136
0.885613
0.89589
0.917353
0.9508
0.968824
0.974138
0.973866
0.969336
0.961908
0.942502
0.92251
0.916176
0.918308
0.924629
0.93338
0.948414
0.976006
0.992802
0.99768
0.997748
0.997196
0.996192
0.985549
0.964892
0.954265
0.954073
0.957886
0.961023
0.970742
0.99677
1.01552
1.02218
1.02408
1.02568
1.02695
1.02222
1.00245
0.983658
0.976608
0.976862
0.979663
0.997766
1.0249
1.04024
1.04675
1.05125
1.05127
1.06917
1.82045
6.52117
0.818973
0.822398
0.814252
0.796096
0.778551
0.771891
0.771852
0.774407
0.778435
0.783225
0.796763
0.826233
0.848446
0.856701
0.859647
0.858226
0.851654
0.842839
0.827237
0.815261
0.811799
0.81308
0.816187
0.819768
0.828118
0.854143
0.881315
0.892707
0.896013
0.89508
0.891512
0.886411
0.871034
0.855468
0.85059
0.852127
0.855549
0.859986
0.870077
0.8968
0.921276
0.930337
0.931625
0.929785
0.927428
0.920461
0.904622
0.893206
0.891092
0.894234
0.899904
0.907054
0.921657
0.943827
0.956961
0.961265
0.962084
0.962391
0.961408
0.951738
0.938827
0.933731
0.934605
0.937781
0.94091
0.947103
0.963523
0.979512
0.988016
0.992019
0.994014
0.995318
0.993463
0.983218
0.971351
0.964055
0.961642
0.962857
0.968086
0.987553
1.00824
1.01889
1.02403
1.02743
1.03031
1.03048
1.01537
0.992151
0.979691
0.977027
0.978572
0.9916
1.0195
1.0386
1.04892
1.0516
1.0783
1.85466
6.52105
0.809806
0.815219
0.816018
0.816652
0.807189
0.791565
0.782967
0.781606
0.783643
0.787261
0.792489
0.800921
0.820385
0.838941
0.847306
0.850152
0.852334
0.8551
0.854039
0.842174
0.828079
0.821952
0.821866
0.824687
0.829832
0.835012
0.848364
0.868994
0.882436
0.888486
0.891749
0.89527
0.896415
0.885422
0.869367
0.862503
0.862366
0.865666
0.870301
0.87439
0.886384
0.905708
0.918798
0.925131
0.928552
0.932456
0.933112
0.923186
0.911655
0.906861
0.906719
0.908567
0.90868
0.910279
0.923159
0.941135
0.953142
0.960053
0.966536
0.97288
0.972484
0.962034
0.950815
0.943947
0.939146
0.934361
0.934598
0.945535
0.965994
0.981273
0.990816
1.00132
1.01003
1.0122
1.00236
0.982651
0.967825
0.960786
0.957326
0.959207
0.974246
0.998911
1.01597
1.02613
1.03387
1.03844
1.03982
1.02711
0.99884
0.980226
0.975244
0.975673
0.986722
1.0171
1.04044
1.04946
1.08161
1.89906
6.52041
0.791355
0.810555
0.816509
0.820032
0.82238
0.819818
0.80882
0.798499
0.79398
0.79358
0.794633
0.793652
0.794529
0.803923
0.82457
0.843385
0.853495
0.857771
0.860879
0.863198
0.859079
0.846319
0.836646
0.833589
0.832158
0.827949
0.827603
0.833996
0.854321
0.877875
0.891536
0.896893
0.900208
0.903629
0.901889
0.890095
0.879624
0.874733
0.87008
0.863353
0.863274
0.870665
0.892528
0.915177
0.928363
0.93515
0.94165
0.946734
0.944364
0.931483
0.918305
0.907642
0.898575
0.894276
0.896315
0.908725
0.933515
0.955223
0.970562
0.982487
0.989861
0.991217
0.979876
0.959004
0.939959
0.927871
0.923242
0.924464
0.933718
0.959252
0.98701
1.00629
1.01732
1.02241
1.02376
1.01327
0.985673
0.961859
0.952431
0.950778
0.952567
0.965664
0.997813
1.02407
1.03578
1.04089
1.04374
1.04441
1.03246
1.00057
0.978077
0.972972
0.974329
0.987106
1.02003
1.03951
1.07745
1.94433
6.51853
0.764406
0.789832
0.809207
0.819597
0.826041
0.832414
0.834898
0.828977
0.815051
0.802598
0.794007
0.789259
0.787551
0.78898
0.794851
0.815124
0.840727
0.855531
0.864453
0.872851
0.877285
0.876501
0.863201
0.844399
0.830876
0.825038
0.824031
0.825861
0.83007
0.846685
0.874173
0.892579
0.903435
0.91305
0.918156
0.918445
0.905906
0.884763
0.86838
0.861576
0.860827
0.862928
0.867394
0.884773
0.911708
0.932375
0.947005
0.95675
0.960837
0.959133
0.941562
0.915252
0.898092
0.893048
0.893864
0.896429
0.9049
0.931972
0.964533
0.984759
0.992999
0.99643
0.997531
0.986404
0.954288
0.929653
0.922571
0.923154
0.925651
0.934069
0.966923
1.0025
1.01781
1.02262
1.02494
1.024
1.01172
0.979012
0.955447
0.949727
0.9507
0.954364
0.970916
1.00874
1.03315
1.04048
1.04309
1.04418
1.04317
1.03101
0.999494
0.977289
0.972951
0.975319
0.994455
1.02059
1.06333
1.97652
6.51592
0.758933
0.764797
0.784324
0.809392
0.827219
0.835878
0.840033
0.842687
0.841472
0.82743
0.805379
0.791558
0.788017
0.789152
0.791709
0.796648
0.813226
0.842307
0.864722
0.874844
0.878996
0.881665
0.882221
0.870425
0.844839
0.828867
0.824664
0.82592
0.828886
0.833661
0.847131
0.876699
0.902722
0.914538
0.919202
0.921564
0.921072
0.908894
0.883912
0.867063
0.861761
0.862628
0.865479
0.869869
0.884875
0.91933
0.946931
0.957325
0.96111
0.961436
0.955813
0.936356
0.91103
0.897686
0.895442
0.897632
0.901388
0.909919
0.942295
0.977963
0.991492
0.995217
0.994361
0.987962
0.97394
0.947655
0.930214
0.926956
0.929298
0.934924
0.946639
0.979675
1.00752
1.01706
1.01917
1.01802
1.01468
1.00355
0.976783
0.959637
0.956771
0.959817
0.96525
0.981195
1.01359
1.03242
1.03791
1.03912
1.03914
1.03858
1.0309
1.005
0.983503
0.978782
0.982312
0.998005
1.04328
1.98584
6.5103
0.760712
0.763263
0.767726
0.782833
0.812882
0.832612
0.839793
0.842717
0.84249
0.839377
0.828792
0.809434
0.796509
0.793646
0.795272
0.798469
0.802773
0.814876
0.844691
0.867189
0.875405
0.878083
0.87797
0.875614
0.868477
0.850233
0.835953
0.831974
0.833587
0.837097
0.84156
0.851494
0.878555
0.902384
0.911822
0.914764
0.915676
0.916296
0.911006
0.890851
0.873331
0.868229
0.870063
0.874265
0.880308
0.893533
0.922628
0.943402
0.950594
0.952662
0.953899
0.953546
0.940433
0.917126
0.904818
0.903826
0.90743
0.91437
0.925176
0.948742
0.972093
0.981474
0.983804
0.984801
0.984634
0.97539
0.953669
0.940327
0.938559
0.942249
0.94789
0.955626
0.977487
0.998948
1.00803
1.01059
1.01076
1.00995
1.00445
0.987662
0.973904
0.969362
0.969819
0.972267
0.98252
1.00839
1.02565
1.03217
1.03462
1.03627
1.03835
1.03714
1.01815
0.994448
0.985306
0.982064
1.01834
1.97436
6.49934
0.767532
0.767907
0.77247
0.777839
0.786107
0.806941
0.826228
0.834852
0.838161
0.840406
0.842187
0.837795
0.820431
0.806307
0.802564
0.803953
0.80828
0.814336
0.820801
0.837535
0.85735
0.868407
0.873327
0.876087
0.878555
0.877516
0.863215
0.847653
0.84239
0.843297
0.847238
0.851354
0.855131
0.868799
0.890665
0.905356
0.912737
0.916578
0.919298
0.918254
0.90253
0.885695
0.880122
0.881109
0.884195
0.886889
0.891447
0.909821
0.932764
0.946208
0.952231
0.955028
0.95607
0.947545
0.930058
0.919778
0.917791
0.919558
0.92166
0.923379
0.935357
0.958005
0.973955
0.981339
0.984375
0.98622
0.983665
0.971074
0.959159
0.953531
0.951279
0.949474
0.950013
0.962785
0.985126
0.999159
1.00554
1.00995
1.01557
1.01758
1.0074
0.989288
0.976767
0.971553
0.970592
0.974815
0.995028
1.01593
1.02741
1.03439
1.04046
1.04531
1.04662
1.03218
1.0057
0.983918
0.994233
1.93389
6.48391
0.786585
0.777787
0.777733
0.776681
0.776809
0.780387
0.79539
0.818397
0.833238
0.83944
0.841922
0.843297
0.844176
0.836977
0.824272
0.817415
0.816161
0.815083
0.812766
0.814441
0.823926
0.845361
0.864339
0.874582
0.879016
0.88167
0.884148
0.8803
0.867314
0.857926
0.85418
0.850274
0.845832
0.84683
0.855612
0.879574
0.902278
0.914098
0.919408
0.923454
0.927172
0.921083
0.904545
0.893194
0.887241
0.881511
0.879314
0.882068
0.897348
0.925035
0.943954
0.952474
0.957174
0.962964
0.963748
0.951058
0.934559
0.923351
0.916624
0.913542
0.914311
0.923563
0.948156
0.969875
0.981721
0.989716
0.997334
1.00027
0.991652
0.972605
0.955173
0.944441
0.940174
0.940498
0.950359
0.975268
0.996991
1.01147
1.02267
1.03028
1.03259
1.02253
0.996889
0.974959
0.964961
0.962058
0.964545
0.983512
1.01244
1.03175
1.04231
1.04883
1.05318
1.05422
1.04094
1.00445
0.986382
1.87277
6.4717
0.813611
0.795049
0.780809
0.7763
0.776702
0.778523
0.780705
0.787913
0.807474
0.826233
0.836932
0.846352
0.85535
0.858936
0.855667
0.839615
0.822914
0.81453
0.812488
0.81277
0.814026
0.817957
0.834217
0.85753
0.873326
0.884783
0.89549
0.900094
0.898543
0.882646
0.862127
0.849713
0.845461
0.845172
0.846713
0.851117
0.870009
0.897168
0.916281
0.929331
0.937844
0.94114
0.936418
0.914943
0.892589
0.881441
0.878885
0.879896
0.882171
0.891288
0.916979
0.94325
0.960897
0.971133
0.976143
0.976862
0.963275
0.937744
0.919238
0.912245
0.911027
0.912225
0.917712
0.939692
0.969129
0.991129
1.00362
1.00927
1.0112
1.00194
0.974418
0.949239
0.93868
0.936726
0.93777
0.944244
0.970466
1.00406
1.02482
1.03334
1.03675
1.03773
1.02707
0.994462
0.967623
0.959101
0.958915
0.961426
0.982153
1.02005
1.04211
1.0503
1.05469
1.05676
1.05472
1.03364
1.00301
1.82103
6.4687
0.822634
0.821394
0.802391
0.786508
0.780025
0.777938
0.777447
0.779185
0.783923
0.801012
0.829513
0.848664
0.856921
0.860881
0.863275
0.86203
0.847687
0.828524
0.817626
0.812862
0.811233
0.812357
0.815478
0.828127
0.859799
0.886
0.896694
0.901279
0.903804
0.902896
0.887963
0.864805
0.850519
0.845226
0.844887
0.846911
0.850629
0.866951
0.903744
0.929136
0.937881
0.941715
0.94276
0.937539
0.916791
0.893796
0.882322
0.879429
0.880632
0.883269
0.890404
0.918393
0.95426
0.970601
0.975847
0.978005
0.976673
0.963839
0.938137
0.918276
0.910817
0.910789
0.913001
0.917974
0.942447
0.982194
1.00234
1.00825
1.01022
1.00878
0.998528
0.971104
0.945778
0.936655
0.936714
0.939036
0.9476
0.983179
1.01921
1.03165
1.03509
1.03542
1.0321
1.01893
0.987014
0.963423
0.958168
0.959791
0.967126
0.997885
1.03365
1.04775
1.05234
1.05441
1.05489
1.0467
1.03287
1.79933
6.4726
0.820999
0.825073
0.824924
0.811847
0.790851
0.780122
0.778792
0.780878
0.785865
0.793588
0.806499
0.830183
0.848496
0.856999
0.860651
0.862853
0.864517
0.85649
0.834144
0.817008
0.812239
0.813664
0.818138
0.826227
0.837999
0.863269
0.885941
0.895947
0.899789
0.901868
0.903412
0.893951
0.867924
0.850014
0.846385
0.848485
0.854764
0.864498
0.878772
0.906133
0.926713
0.934684
0.9375
0.939295
0.93872
0.922035
0.89586
0.883394
0.882565
0.886469
0.894883
0.904615
0.92489
0.952814
0.966933
0.971482
0.973465
0.975079
0.967326
0.939748
0.918903
0.914293
0.916789
0.923422
0.932363
0.952147
0.982383
0.998011
1.00268
1.00474
1.00595
0.998395
0.969327
0.946828
0.942001
0.94497
0.951827
0.963248
0.991034
1.01649
1.0256
1.0281
1.02876
1.02702
1.01477
0.987496
0.970787
0.968763
0.972484
0.980252
1.00705
1.03278
1.04347
1.04687
1.04834
1.04595
1.05489
1.80889
6.48465
0.815231
0.823139
0.824334
0.824055
0.816823
0.801193
0.792047
0.79089
0.79295
0.795186
0.797169
0.802788
0.821759
0.84362
0.855519
0.860508
0.862706
0.863096
0.858965
0.842955
0.828554
0.824778
0.826328
0.82867
0.830741
0.835993
0.855904
0.880447
0.893586
0.898799
0.901042
0.900994
0.89513
0.876703
0.863053
0.860455
0.862687
0.865422
0.867905
0.875116
0.897543
0.920378
0.931599
0.935999
0.937606
0.936828
0.926616
0.907828
0.897788
0.896816
0.898906
0.900424
0.903108
0.917607
0.945247
0.962833
0.969532
0.97201
0.971899
0.967351
0.949097
0.932678
0.92748
0.928096
0.929759
0.932022
0.946692
0.975847
0.993595
0.999868
1.00185
1.00055
0.995676
0.978272
0.961884
0.955915
0.955811
0.957302
0.961636
0.985403
1.01025
1.01999
1.02255
1.02171
1.02166
1.01936
1.00361
0.985954
0.978751
0.979226
0.983082
1.00248
1.02469
1.03515
1.04038
1.04011
1.06543
1.84525
6.4913
0.796709
0.815898
0.821072
0.825055
0.829578
0.830584
0.820769
0.806115
0.797147
0.795314
0.797015
0.799209
0.801827
0.812607
0.834136
0.850456
0.858172
0.862682
0.867847
0.870566
0.861889
0.843674
0.831707
0.828758
0.830341
0.832654
0.835425
0.847228
0.870667
0.887795
0.89555
0.89991
0.905373
0.907847
0.896882
0.878193
0.867041
0.864795
0.866707
0.868937
0.8718
0.886237
0.910689
0.926184
0.933151
0.938767
0.945024
0.944059
0.927071
0.908408
0.89983
0.898959
0.900121
0.901251
0.909569
0.935198
0.956476
0.965731
0.971692
0.978836
0.981129
0.967297
0.944172
0.930978
0.928468
0.929997
0.93129
0.940227
0.966437
0.98629
0.994242
0.999612
1.00661
1.00895
0.995942
0.972909
0.958836
0.955902
0.957405
0.960159
0.977028
0.999679
1.01111
1.01693
1.0255
1.03339
1.03433
1.01837
0.993466
0.980836
0.979473
0.981606
0.99239
1.01357
1.02987
1.0366
1.06728
1.89613
6.48822
0.77253
0.795472
0.814256
0.82642
0.834614
0.839973
0.84228
0.836555
0.818933
0.80558
0.800161
0.796988
0.795781
0.797718
0.804425
0.825176
0.848246
0.863225
0.872717
0.878406
0.88113
0.87628
0.856604
0.840405
0.833731
0.830133
0.829001
0.831132
0.838755
0.861573
0.885757
0.901319
0.911146
0.916957
0.919352
0.911879
0.890257
0.87479
0.868267
0.864067
0.862739
0.865271
0.876524
0.903624
0.927698
0.943167
0.952169
0.956324
0.956298
0.940214
0.917011
0.9041
0.89727
0.893928
0.895173
0.902023
0.927479
0.95637
0.974971
0.98483
0.989111
0.990088
0.977921
0.952297
0.935692
0.927904
0.924278
0.925333
0.932946
0.959304
0.9864
1.00352
1.01233
1.01605
1.01689
1.00555
0.980612
0.963404
0.954768
0.950957
0.952712
0.9662
0.993064
1.01549
1.03068
1.03798
1.04067
1.04084
1.02714
1.00102
0.982893
0.972983
0.971165
0.980265
1.01032
1.03187
1.07038
1.95194
6.48116
0.769109
0.77349
0.787524
0.80896
0.827429
0.837868
0.842757
0.845591
0.845077
0.8338
0.816605
0.803732
0.798716
0.798903
0.800968
0.80481
0.818235
0.842859
0.864238
0.875496
0.880451
0.883272
0.883034
0.870709
0.851362
0.837368
0.832068
0.832257
0.834514
0.838748
0.853829
0.880539
0.902829
0.914132
0.918951
0.921639
0.919894
0.904255
0.883305
0.8696
0.864998
0.865487
0.867876
0.874205
0.896744
0.927649
0.946524
0.954164
0.957677
0.959355
0.95009
0.926383
0.905764
0.897188
0.896344
0.8983
0.902716
0.922938
0.956404
0.97743
0.985806
0.989665
0.991235
0.98415
0.96078
0.938013
0.927857
0.926519
0.928353
0.93336
0.955246
0.986835
1.00542
1.01284
1.0164
1.01781
1.01156
0.988736
0.964658
0.953763
0.952275
0.954069
0.963107
0.991646
1.02005
1.03313
1.03823
1.04085
1.04205
1.03412
1.00684
0.979594
0.9699
0.970123
0.984262
1.01144
1.05572
1.99867
6.46531
)
;

boundaryField
{
    back
    {
        type            empty;
    }
    outlet
    {
        type            zeroGradient;
    }
    top
    {
        type            zeroGradient;
    }
    inlet
    {
        type            fixedValue;
        value           uniform 1;
    }
    bottom
    {
        type            zeroGradient;
    }
    front
    {
        type            empty;
    }
}


// ************************************************************************* //
