/*--------------------------------*- C++ -*----------------------------------*\
  =========                 |
  \\      /  F ield         | OpenFOAM: The Open Source CFD Toolbox
   \\    /   O peration     | Website:  https://openfoam.org
    \\  /    A nd           | Version:  12
     \\/     M anipulation  |
\*---------------------------------------------------------------------------*/
FoamFile
{
    format      ascii;
    class       volScalarField;
    location    "0.38";
    object      p;
}
// * * * * * * * * * * * * * * * * * * * * * * * * * * * * * * * * * * * * * //

dimensions      [1 -1 -2 0 0 0 0];

internalField   nonuniform List<scalar> 
22702
(
1
1
0.827688
1
1.05445
1
1.39656
1
1
1.14032
1.47112
1.39567
1
1
0.852362
1
1
1
1.47091
1
1
1
1.37504
0.588975
1
0.919798
1
1.37091
0.628601
0.595751
1
1.39453
1
1
1
1.00001
1
1.37534
1
1
1.13991
1
1.27444
1
1.37212
1
1
1
1
0.594779
1
0.592915
1
1.47181
1
1.39474
1
1
1
1
0.3244
1
1
0.430037
1
0.633597
1
1
1
1.02149
1
1.37261
1.32249
1
1.37146
1.38931
0.624197
1.38445
0.588527
1
1.47252
0.591519
1.38318
1.38182
1
1
1
1
0.90042
1.06176
1.37941
1
1
0.442387
1
1
0.426258
1
1
1
1
1.28669
1.47185
0.818071
1
1
1.1521
1
0.591063
1
1.38379
1.47185
1
1
0.743165
0.762552
1.0864
1
1
1
1
1
0.885445
1
1.07224
1.05972
1.37406
1
1.37441
1.47109
1
1.4734
1
0.877628
1
0.173263
1
1
1
1
1.4715
1
1
1
1
1.36861
1
1.02508
1
1
1
1
0.590776
1
1.01086
1
0.58923
1
1
1
1.37805
1
1.37266
0.703132
0.677413
1.37036
1.3706
1
1.08057
1.30336
1
1.39289
0.587849
1
1
1
1
1
1
1.38633
1
1.47072
0.335646
1.39398
1
0.596378
1
0.594046
0.919052
1
1
1
1.46863
1
1
1.36231
1
1.3851
1.47097
0.611554
1
1
0.587834
1.36024
1
1
1
1.36001
1
0.462476
1
1
1.36695
1.35778
1.38447
1
1
1
1
1
1
1
0.426216
1.38386
1.3613
1
1
1
1
0.578368
1.36044
1.21417
1
1
0.548109
0.479677
1
1.36616
1
1.3478
0.505687
1.01096
1
1
1
1
1.3612
1
1.01513
0.999291
1
1
1.35853
0.195359
0.747844
1
1.35775
0.733797
1.34016
1
1
1
1
1
1
1
0.59259
0.661401
0.447702
1.36856
1
1
1
1
1.3342
1
0.591172
1
0.576122
0.590832
1.3595
0.591742
1
1
1
1
0.999856
0.590487
0.423795
1
1
0.570219
1
1.4712
0.78769
1
1
1.47282
0.503668
1
1.19606
0.624647
1.35774
1
0.582063
0.999795
1
1
1
0.586726
1
1
1
1
1.01391
1.34173
1
0.783385
1
1
1
1
1
1
1
1.47304
1
1.46951
1
1
1
0.581529
1
1.36798
0.584868
1
1
1
1
1.47418
1
1
1
1.36961
1
1
1.45644
1.47374
1
1.13329
1
1
0.177046
1
1
1
0.379142
1
1
1
1
0.82352
1
1
1
1
1
0.351594
1
1.37273
1
1
1.37193
1.36991
1
1
0.614429
0.899579
1.47154
1
1
1
1.35581
1.0103
1
1.37169
1
1
0.657198
0.685876
1
0.581545
0.65246
1
1
1
1
1
1
1
1.37487
1.14426
1.20196
0.339404
0.864582
1.47115
1
1.3698
1.47113
0.413696
0.862944
1
0.426206
1
1.48584
1
1
1
1
1.35922
1
1
1
1
1
1
1
1.17959
1.3774
1
1.36832
1
1
0.592395
1
1
1
1
1.36235
1.32004
1
1
0.579833
1.36212
1.36383
1
1.36515
1.36245
1.36178
1
0.918069
1
1.35416
1.02845
1.36645
1
0.379536
0.999958
1.47234
1
1
1
1
0.594152
1.36426
1.00001
1
1
1.3541
1.47157
1
1.21818
1
1
1
1.28576
0.99999
1.3671
0.931114
1.36412
1
1.3632
1.36751
1.3598
1.36261
1
1.12875
0.901406
0.898272
1
1
1
1
1.27862
1
1
1
1
1
1.47152
1
1
0.99946
1.36512
1.04671
1
1.06927
1
1
1
1.36418
1
0.999259
0.999204
1
1.36581
1
1.36104
1
1
1.29052
1
1.36394
1
1
1.36479
1
1.36457
1
1
1
1.36171
1
1.36602
1
1.35919
1.43661
1.3531
1.37651
1
1.47224
1.30051
1
0.59505
1.3663
1.37788
1
1.36076
1
0.183167
0.489944
1
1
1
1
1
0.441836
1
1.36972
1.08661
1.3635
1
1
1
1
1
1.36675
1
1.3203
1.27245
0.878759
1
1.00001
1.00327
0.999717
1
1
1.21054
1
0.593296
1.36139
1.36506
1
1
1
1.43354
1
1
1
1.36308
0.908575
1
1
0.594927
1.35716
1
1
1
1
1
1.36452
1.47203
1
1.35997
1.35363
1.35735
1
1
1
1
0.942117
1.47108
1
1
1.37494
1.37028
1
1.37124
1.37736
1
1
1
1
1
1.3655
1
1
1
1
1.28821
1
1.11386
0.314499
1
0.792297
1
1
1
0.999409
0.591471
0.999935
1
1
1
1.06187
1
1
0.816828
1
1
1
1
1
1
1
0.999997
0.92015
1
1
0.999784
1
0.594122
1
1
1
1
1.29336
1
1
1
1
0.581919
1
1
1.36569
1.47117
1
1
1
0.895523
1
1
1
1
1
1
0.903394
0.986692
1
1
1
1
1.47275
0.869612
1
1
1
1.37466
1.36712
1
1
1
1
1
1
1
1
1
0.615451
1
1
1.47087
0.447227
1
1.47017
1
0.584115
1
1
0.62813
1
1
1
1
1
1
1
1.33356
1.35788
1
1
1
1
1.37712
1
1.12277
0.588227
1
1
1
1
1
1
1
0.990747
1
1
1.23335
1
1
1
1.1641
1
1
1
1
0.459045
1
1
0.632278
0.451037
1
1
1.35427
1
0.94098
1
1
1
1.30295
0.567782
1
0.556375
1
0.754225
1
1
1
1.47133
1
1
1.35077
1
1
1
1.3499
1
1
1.3524
1
1
0.444715
1
1.14657
1
1
1.4718
1.47098
1.2703
1.32126
1
0.334395
1
1
1.32867
1
0.465768
1
1
1
1.34314
1
1
1
1
1.25969
1
1
1.47499
0.831126
1
1
0.831664
0.912336
1
1
1
1.30258
1.32415
1
1
1
1
1
1
1
1.18661
1.38084
0.966446
1
1
0.759554
1
1
1
1.21843
1
0.999974
1
1.33096
1.331
1
0.403546
1
1.39515
1
1
1.36702
1.33998
1
1.47837
1
0.510993
1
1
1
1.28835
1.3253
1.31533
1
1.47046
1.34938
1
1.34285
1
1.34574
1
0.756666
0.991393
0.571746
1
1
1
1
1
1.35799
1
1.3578
1
1
1
1.36082
1
0.595125
1.3485
1
0.581865
0.610118
0.599231
1
1.19256
1.04698
1.3496
1.34869
1
1
1
1
1.35334
1
1
1.35611
1.35138
1
1.19607
1
1
1
1.37563
0.838678
1
0.800885
0.595135
0.591209
0.870889
1.37181
1.35867
1.08754
1.38008
1.35288
1
1
1.37233
1.46979
1.33598
1.47173
1
1.32938
0.610155
1.47473
1.47019
1.46972
1.47508
0.831632
0.844165
0.889917
1.35463
0.957969
1.46966
1
1
1.33647
1.42106
1
0.435238
1.47118
1.35269
1
1.34365
1.34372
1
1.35094
0.580462
1.48008
1.37534
1.47296
1.48109
1
1
1
1.35301
1.29327
0.665469
1.35068
0.625197
1.35275
1
1
1
1
1.47471
1.35042
1
1
1.34545
0.635437
1.47294
0.591185
1
1.34419
1
1.10476
1.35362
0.680576
1
1.34671
1.34008
1.30972
1
1
1
1.33924
0.588667
1.33818
1
1
0.827999
1.3056
0.67431
1
1.45978
0.672204
1.33869
0.580935
1
1.34894
1
1.37647
1
1.30208
1.36567
1.29853
0.583605
1
1.42016
1
0.999999
1
1.34345
1
1
1.4707
0.995157
1.35432
1.01015
1
1
1.38306
1
1.47195
1.34055
1.47161
1
1.31423
1.43795
1.33566
1.25367
1.45723
1
1.2699
1
1.4725
1
1.04929
1
1.33196
1
1
1.32654
1.32739
1
1
0.700481
1
0.31657
1
1
1
1.38326
1
1.34232
1
1
1
1.34272
1
1
1.4736
1.47383
0.794004
1.46689
1.38459
1
1
1.3373
1
1
1.39325
1.39473
1
1.37076
1.47123
1.47082
1.35485
1
1
1
0.999999
0.766656
1
1.33635
1
1
0.329233
1
1
1.33219
1.43222
1
1.34445
1
1.36938
0.975052
1.35512
1
1.35055
1.33488
1
1
1
1
1.47398
1.42761
1.32085
0.958558
1
1.37307
1.42862
1.36252
1
1.43315
1.47254
1.34033
1.37049
1
1.31265
1.03276
1.32763
1.45781
1.36805
1
1.47933
1.36909
1.32599
1.47675
1.45135
0.883208
1.36653
1.46279
1
1.26952
1.33295
1.32306
1.34041
1
1.30997
1.25908
1
1.35239
1.31291
1
1
1
1.47225
1.48006
1
1
1.22803
1
1
1
1
1.35031
1
1.43507
1.35304
1
1
1
1.26327
1
0.999994
1
1
1.37224
1.37536
1
1.34109
0.516759
1.35195
1.46809
0.595367
1
0.467708
1.32571
1.47645
1
1
0.335937
1.43678
1.34918
0.288357
0.622155
1
1
1.4072
1
1
1.33174
1
1.47339
1
1.32058
1
1.26363
1.41017
1.34809
1.25962
1
1.38342
1.36551
1
1
0.800118
1
1.41081
1.37075
1
1
1
1.47453
1
1.40994
1.35991
0.73477
1
1.33409
0.999939
1
1
1
1.40791
1.36222
1
1
1
0.999999
1.33929
1.00003
1.47111
1.47132
0.541537
1
1
1.32404
1.43192
1.40956
1.4611
1
1.34164
1.37309
1.3466
1
1.47059
1.47336
0.828277
1.33699
1.47147
1
1.00483
0.776678
1.42264
0.862324
1.33741
1
1.11867
1.48669
1.33863
1.34663
1.23071
1.36849
1.34746
1.46892
1
0.937294
1.42007
1.36737
0.78438
1.33523
0.932312
1.25336
1.423
1.37069
1.47555
1
1.3484
1.25595
1.4074
0.885746
1.35337
1.47658
1
0.816643
1
1
1
1.299
1
1
0.857798
1
1
1.43435
1
1.47461
1.35447
1.43139
0.999883
0.999912
1
1.47192
1
1
1
0.892544
1.36233
1.40069
1.44353
1.34121
1.47021
1.43984
1
1.33976
0.919542
1
1
1
1.48331
1.3429
1.3511
1.33785
1
1.23376
1
1.37145
1.41696
1
1
0.788567
1.33986
1
1
0.589666
1.33148
1
1.38394
1.32132
1.38304
1.33072
1.00973
1
0.555225
1.10879
1.47061
1.04511
1
1
1.32879
0.999999
1.01006
1
1
1.37719
1.36291
1
1
0.649128
1
1
1.33793
1.34062
1.44476
0.999997
1.32507
1.47439
1.38127
1
1.368
1
1
1.4707
0.999999
1
1.33314
1.33263
0.704734
0.863433
1
1.00087
1
1
1.00173
1.33842
1.44154
1.33489
1
1.33629
1
0.823417
1.37125
0.999706
1
0.999952
1.36346
1
1.47274
1
1.31757
1
1.38856
1
1.40984
1.21864
0.662395
1.31385
1
1.47141
1.38107
1
0.707193
1.06468
1
1
1
1.34151
1
1.01487
1.47811
1
1.32375
1
1
1.47352
1
1.47624
1.33228
0.996429
1.3709
1
1.34156
1
1
1
1
1.33939
1
1
0.999957
1
1.00039
1
1.33584
1.0027
1.40591
1
1
0.986175
1
1.47087
1.31813
1.47258
1.27028
1.47208
1.02685
1.17652
1
1.33323
1
1
1.08952
1.3415
1
1.40401
0.94505
1
1.31745
1.31684
1.32478
1
1.22516
1
1.32855
1.30269
1
1
1
1
1
1
1.32153
0.537938
0.997887
1
1.35041
1
1
1.34731
1
1.00476
0.648463
1.28922
0.999591
1
0.999999
0.998323
1.00001
1
1
1
1
1.47499
0.999996
1.47292
0.588234
1.39943
1.29343
1.4705
1.11651
1
1
1.16685
1.32463
0.50983
0.592977
1
1.45552
1.35021
1
1
1
1.29438
0.999996
0.999874
1
1
0.51298
1
1
1.47234
1
1
1.33543
1.37426
1
1
1
1.39391
1.37565
1
1
1.44065
1
1
1.41744
1.08341
1.36206
1.3383
1
1
1.40769
1
1
1
1.36551
1
1
0.465054
1.31628
1
1
1
1
1.31514
1.26123
1
1
0.458418
1.00077
1.22502
1
1
1
1.44001
1.47356
1.47013
1
1
1.46674
1
1.34078
1.42552
1
1
1.40046
1.33909
1.35285
1
1
1.38897
1.35685
1
1
1
1.35449
1
1
1
1.46985
1.47413
1.35485
1
1.29928
1
0.751194
1.36111
1.35854
1
1.47397
1
1.38404
1
1
1.35765
1
1
1.36225
1
0.758639
1
1.387
1
1
1.02113
1
1
1
1
1.36273
0.742957
1
1.14206
1
1
1.47259
1
1.36081
1
1
1.32568
1.35685
1
1.00005
1
1
1
1
1
1
1.00023
1.32422
1
1.38385
0.587719
0.999818
1
1.36148
1.46992
1.32614
1.28493
1.4789
1
1
1.03769
1
1.21719
1.36327
1.35309
1
1.35852
1.27614
1
1.43121
1
1.36413
1.27248
1.06285
1
1
1.34186
1.36148
1.35144
1
1.34168
1.35979
1
1.3504
1
1.40338
1
1
1
1
1
1.33728
1.40544
1.40656
1
1.36755
1
1
1
0.71064
1
1.35451
1
1.36739
1.45494
1
1
1
0.999968
1.3728
1
1
1.40821
0.586855
1.09458
1
1.36376
1.3667
1.36089
1.35307
1.36578
1
1.40426
1
1
1
1
1.39912
1.34937
1
1.19273
1.08965
1.42268
1.43262
1
1
1.38396
1
1
0.270367
1.32536
1
1
1
1
1.36058
1.34384
1
1.34658
0.585009
1.43353
1.3039
0.999998
1
0.546045
1
1
1
1.41207
0.999999
1
0.999977
1.36123
1
1.32877
1
1
1
1
1.36108
0.999978
1
1.39907
1
1
1.46702
1
1
1.3668
1
1
1
1.30124
1
1.3165
1
1
1.35675
1
1.31705
1
1
1.12232
1.38133
1
1
1
1
1
1
0.619514
0.548697
1.01991
1
0.997296
1
0.979937
1
1.3557
1
1.27515
1
1.31523
1
1
1
1.32174
1
0.999992
1.40461
1
1.23672
1.3581
1
1
1.38354
1.30787
1
1
1.00357
0.614046
1
1.3508
1
1
1
1
1.03417
1.41121
1
1
1
0.445265
1
1.3184
1.42821
1.48353
1
1
1
1
1
1.4748
1
1
1
1.40402
1
1.01558
1
1
1
1.36379
1
1
0.785626
1.42059
1.00003
1.38619
1.36416
1.41015
1
1
1.40204
1.36744
1.34471
0.441973
1.04049
1.36306
1
1
1
1
1
1.35981
0.591317
1
1
1.34138
1.17335
1
1.40153
1
1
1
0.551139
1
1
1
1.42399
1
1
1.39663
1.36808
1
1.04921
1
1.35451
1
1.36909
0.585968
1
1
1
1
1.32549
1
1
1
1
1.24304
1
1
1
1
1.33441
0.536359
1.12928
1.35226
1
1
1
1
1
1
1
1.47232
1
0.783791
1
1
1.00004
1
0.588764
1
0.999897
1
1
1
0.802987
1
1
0.999984
1
1
0.559002
1
1.47082
1
1.43101
1
1
1
1
1
1
1.3891
1
1
1
1
1
1
1
1
1
1
1
1.25468
1
1.14952
1.36273
1
1
1
0.550486
1
1
1
1
1
1.32881
1.07147
1
1
1.22253
1
1
1.38253
1
1
1
1
1
1.00001
1.41432
0.768374
1
1.39605
0.997183
1
1
1
1.31688
1
1
1.41408
1.32461
1
1
1
1
0.947722
1
1
1
1.29878
1
1.3277
1.35668
1
1.35978
1
1
1
1.19137
1
1.47244
1
1
1
1
0.996331
1
1
1
1
1
1
1.34204
1
1
0.297152
1.34018
0.19388
1
1.39469
1
0.997478
1
1.35538
1.45836
1
1.45901
0.849377
1
1.46058
1.00003
1
1
0.585656
1
1
1
0.999999
1.25752
1
1
1
1
1
0.998143
1.01875
1
0.577303
1
1
1
1
1
1
1
1.36711
1.00324
1.47597
1
1
0.998271
1
0.929084
1
1
1
0.731872
0.928931
1
0.624881
0.554821
1
0.999998
1.34956
1
1.0974
1.32859
0.578108
1.33033
1
1
1
0.57443
1.4699
1
0.565583
1
1.46608
1.02785
1
1
1
1
1
1.41014
1
1
1
1
1
1.40278
1.00064
1
1.34125
1
1.41351
0.974148
1.4754
1.00762
0.577175
1.31603
1
1
1
1
0.883255
1
0.607359
1.02832
0.923794
1
0.948598
1
1
1.1546
1
1
1.46791
1
1.16887
0.999958
1
1
1.36681
1
0.570983
1
0.999943
1
1
1
1.47133
0.950447
1.37687
1
1
1
1
1
1
1
1
1.00039
0.999794
1.3785
1.3825
1
0.583771
1
1
1
1
1.38202
1.00002
1.32793
1
1.47229
1.39146
1.0591
1.47727
1.14017
1.47152
1
1.34625
0.654681
1
1.36529
1.37432
1.0762
1.41121
1
1.30944
1.40289
1
0.88038
1.06275
1
1.36403
1.21959
1.38025
1.00001
1
1
0.736255
1
1.41194
1.32287
1
1.15102
1
1
1
1
1.31567
1.41272
1
1
1
1.04013
1
1.09168
1
1.28324
1
1.35983
1
1
1
1
1
1
1
1
1
1
0.751735
1
1.43109
0.898904
1.28348
0.998615
1
1
1.21487
1.00001
1.34492
1.36315
1
1.00051
1.47617
0.880154
1
1
1.45426
0.971164
1
1.40344
1.37927
1.35865
1
1.33584
1.47151
0.999998
1
1.20789
1
1.00006
1.38239
1
1.47263
1.0405
1.06563
1
1
1.40372
1
0.637602
1
1.38771
1.30109
1.02882
1
1
1.41315
1.3964
0.999007
1
1.36408
0.996829
1.35096
1.00006
1
1
1
1
1.16616
1
1.35927
1.44749
1.30357
1.0001
1
1.00401
1
1
1.4096
1
0.999995
1
1
1
1
0.999999
1
1.05492
1.20902
1
1
0.239822
1
1.00029
0.69959
1.47554
1
1.24632
0.99974
1.47116
1.27502
0.611777
1.27765
1.00003
1.349
1.47519
1
1.29743
1.44074
1.00181
0.998418
1.39696
1
0.521905
1
1
0.99702
1
1.38405
1
0.627218
1.00134
1
1
1.32721
1
1.44419
1
1.46981
1
0.66376
1
1
1.47355
1
1
1
1
1.34271
1.46357
1
1
1.37871
1
0.713347
1
1
1
1.4717
1
1.34746
1.2661
1
1
1
0.999661
1
1
1
1
1
1
0.691949
1
1
1
1
1.47332
1
1
0.598564
0.590946
1
1.35004
1.073
0.585838
0.577762
1
1.28855
1
1.43427
0.371907
1.00138
1
1
0.9995
1
1
1
0.999933
1.14416
1.31862
1
1
1.3556
1.22718
1
1.42355
1
1.3752
1.19215
1
1
1
1
1.45297
1
1.00949
1.13632
0.997217
1.37367
1
1
1
1
1
1
0.918057
1.41069
1.00004
1.00003
0.701091
0.999983
0.336373
0.578844
1
1.37857
1.44127
1.38031
1
1.41554
1
0.586758
1
1
1.02151
0.841646
1.22327
1
1.47356
1
0.950586
1.38751
1
1
1
1.3783
1
1.37365
0.570374
1
1
1.25308
1
1
1.30207
1
1
1.42823
1
1
1
1
1
1
1.31742
1
1.4123
1.00697
0.601496
1.15228
1
1
1
1.33509
0.998982
1
1
1.33899
1
1.30003
1
1.37704
0.607985
1
0.999625
1
1.26506
1.00003
1
1.11187
1.317
1
1
1.33134
0.770625
0.676704
1
1.37464
1
1.37604
1
1.23957
1
1
1.08745
1.27961
0.574456
1
0.998144
1
1
1.02668
1.23214
1.32754
1
1.47263
1
1
1
1
1
1
1.06692
0.58498
1
1
0.96887
1
1
1
1
1
1.37477
1
1
1.4181
1.32479
1.2268
1
1
1
0.790369
1.47555
1.29105
1
1
1
1
1.38352
1
1
1
1.38016
1
1
1.287
1.48654
0.992765
0.721042
1
1.29907
1.46975
1
1.23686
1
1
1
0.395074
1.00263
1.06692
1
0.333008
0.5638
1
0.593736
1
1
1
1.17717
1
1.37589
1.37253
1.00176
1.22784
1
0.676422
0.777527
0.805476
1
1
1.45632
1
1.32578
1.34921
0.838449
1
1.35823
1
1.43935
1
1
1
1.01176
1
1
1
1.41261
1
0.250165
1
1.34004
0.345697
1
1
1.33209
1
1
0.99945
1
1
1.04294
1.4175
1
1.38163
1
1
1.00678
1
1.21153
1
1
0.599354
1
1
1
0.999999
1
1
1.00001
0.493844
1
1
0.356917
1.00089
1
1.46283
0.199057
1.38127
0.495489
1.38602
1
1
1
1
1
1
1
1
1
1
1
1.32728
1
1.36343
1.47175
0.598231
1
1
1
1
1
1
1.34019
1
1
0.59419
1
1
1.46241
1
1
1.16612
1.33104
0.509444
0.561784
0.611325
0.719819
1
1
0.451751
1.00029
1.43928
0.996912
1
1
1.38131
1
1
1
0.719576
1.00001
1.16109
1
1
1.11009
1.33131
1
0.450268
1
1
1
0.996464
1
0.999975
1.33366
1
0.462518
1
1.20249
0.611191
1
0.820578
1
0.995695
0.587058
1
1
1
0.995829
0.953829
1
0.359334
0.999124
1.21503
1.32341
0.367852
0.552901
1
0.991821
1
0.998927
1
1
1
1
0.954082
1.37951
1
1
1
1.33443
1
1
1
1
1.37779
1
1
1.01854
1
0.998591
0.697036
1
1
1
1
1
1
0.987115
1
1
1
1
1
1
1
1
0.59874
1.03942
0.998621
1.45397
1.38071
1
1.01696
1.37835
1
1
1
0.418794
1.36991
1
1.47211
1
1.3151
1.23151
0.595835
1
0.618289
1
0.999756
1
0.587257
0.473896
1
1
1.41706
1
0.999998
0.564176
1
1
1
1.1459
1
0.600074
1.39481
1
1
1
1
0.999999
1
1
1
1.33957
1
1
1
1
0.606247
1
1.41343
1.33974
1
1.31967
0.999999
0.999998
1
1
1.43034
1.02721
1
0.539172
1.04491
1
1
1
1
1
1
1
1
1.00003
1
1.41278
1
1
1
1
1
1
1
1.20735
1
1
1
1
1.34718
1
1
1
1
1
1.02462
1
0.997638
1
1
1
1
1.47152
1
1
1.37466
0.581299
1
1
1
1
1
1
1.31133
1
1
1
1.47241
1
1
1
1.41306
0.99996
1
0.999688
1
1
1
1
1.00001
0.27609
1.02923
0.996121
0.996311
1
1
0.505858
1.47216
1
0.348473
1
0.999985
1.34785
0.529342
0.999413
1.32925
1.41354
1.35873
1
1
0.869634
1
1.38843
0.406971
1
1
1
1
1.35102
0.588425
0.997358
1
1.40559
0.160812
1
1
0.574536
0.991371
1
1
1
1
1
1
1
1
1
1.00011
1.05451
1
1
1
1
1
1
1.33385
1
0.597866
1
1
1
1.1627
1
1
1
1
1
0.760387
1
0.16327
1
1.31013
1.00007
0.83161
0.841493
1
1.0049
1.22925
1
1
0.661228
1.32443
1.32096
1.32584
1
0.598104
0.616995
1
1.3186
1
1
1
1
1
1.00003
1
0.595571
1.25352
1
1
0.507285
0.977234
1
1
1
1
0.597937
1
0.571943
1
1
1.37694
1
1
0.564078
1
1.37748
1
0.702342
1
0.584861
1
1.00736
1
1.38054
1
1
1.46981
1
1
1.03574
0.996756
1
0.998187
1
1.36046
1
0.85777
1.00002
1.47114
0.99889
1
1
0.722181
1
0.999018
0.59154
1.00903
1.09599
1
1.00001
0.944487
1
1
1
0.73143
1
1
1
1.32517
1
0.594507
0.999999
1
1
1
0.577572
1.3762
1.27164
0.593863
1
1
1
1
1
1.47226
1.33359
0.565142
0.997822
1
1
1.32633
1
1
1
1
1.38361
1
1
1
1.3686
1
1
1.34605
0.627181
1
1
1
0.590574
1
0.999999
0.999999
1
1
1
1
1
1
1
1.47277
1.41013
1.37603
1.37947
1.47335
1.31739
1
1.3229
1
1.37194
1
1
1
0.491789
1.32744
0.999898
1
1
1
1
1.05278
1
1.07099
1
1
1
0.793992
1.34428
1.37631
1
1.41821
1
1
1
1.47322
1
0.983808
0.997175
0.440537
1
1.00003
1
1
1
1
1
1.32486
0.59435
1.32316
1.33273
0.994705
0.604713
1
1
1
1.32224
0.319833
1.33493
0.57204
1.37271
1
0.589519
1
1.02384
1
1.35658
0.770106
1
1
0.684954
1
0.230127
1
1.312
1
0.706132
1
1.46725
0.439364
1
0.597581
1
1.37802
1
1
1.34994
1
0.805985
1
0.999684
0.245234
1.34408
0.999484
1
0.420424
1
1
1
1
1.25229
1
0.999996
1
1
1.4893
1
1
1.41503
1
0.283322
1
0.569733
1.00001
1
1
1
1
1.34076
1.27549
1.33694
1
1
1.34583
0.588943
0.475562
1
1
1
1
0.265878
1
0.997217
1
1
1.38267
1
1
0.867977
1.47453
1
0.881473
1
1
1
0.999998
1
1
1
1
1
1
0.739149
0.999374
0.387415
1
1
1
0.999995
1.47197
1.47155
1
1
0.391839
1
1
1
1
1
1
0.999999
1.37868
0.30466
1.35929
1.33233
0.610708
1.4712
1
0.66705
0.993303
1
1
1.31793
0.266868
1.32571
0.337643
1.33424
0.997525
0.598787
1.35745
1
1
1
1
1
1.47094
0.594972
1
1.00002
0.576803
1.00003
1
0.58006
0.648234
1.38073
1
0.998504
1.37812
1
1
0.778933
0.578029
1.33244
1.47322
1
1.30391
1
1
1.37052
1
1.15627
1.47139
1
1
1
1
1.34671
0.999995
1
1
1
1
1.37282
1.39614
1
1.34764
1
1
1
1
1
0.608602
0.810176
0.686951
1
1
1.4725
1
1
1.3666
0.597859
1
1.3707
1.00001
1.35533
0.509684
1
0.363138
1
1
1.47093
1
1.47173
1.32945
1
0.577109
1
1
1.27399
0.627189
1
1
1
0.754884
1
1
1.47239
1
0.486862
1.34019
1
1
1
1
1
1.29815
1.10463
1
1.40968
1
1
1
0.997086
1
1.47179
1.28641
1
1.36238
1
1.47129
1
1.35725
1.37836
1.40251
1
1
0.719416
1.3948
1
1
1.47985
1.30199
1
1
1.3887
1
1
1
1.27551
1
1.13456
1.09839
1.33096
1
0.631998
1
1
1
1
1.00002
1.10554
1
1
1.38695
0.397451
0.999969
1
1.37589
1
1
1
1.41696
1.39477
0.851099
1
0.423452
1
1.04588
1.34975
1.34604
1
1
1
1
0.592326
1
1
1.3492
1.04945
1
1
1
1
1
1
1
0.999934
1.4718
1.00001
1
1
1
1
1.29325
1
1.05747
1
1
1.33759
1.36171
0.581869
0.99878
1
0.999999
1
0.5999
1.47045
1
1
1
1
1
1
1
1
1
1.39626
1.47217
0.769312
1.05108
0.593153
1
0.62778
1
1.47062
1.09421
1
1
0.836808
1
1.35302
0.749532
0.996882
0.583156
1
1
1.47159
1
0.99733
0.563492
1.47028
1.48132
1
1
1
1
1.13005
1
1
1
1
1.45833
1.00005
1
1
0.769261
1
1
1.47373
0.569842
0.716703
0.596361
1.39104
0.999187
1
1
0.370449
0.46899
0.974219
1
1
1.4715
1
1
1
1
1.4711
0.581788
1
1
1.00013
1.45783
1.00015
1.46084
1
1
1
1
0.792151
1
0.753809
1
1
1.33265
0.776754
1
0.720859
0.760559
1
1
1.47331
1
1
1
1.37324
1
1
1.45896
1.47145
0.798357
1.34317
1.2619
1
1
1.46178
1
1
1
1
1
1.47035
1.30473
1
1
1
1.47357
1.0002
1
0.581903
0.64985
1
1.00003
1.17284
1
1
0.869246
0.790104
1
1
1
1.35999
1.32933
1.33486
1
1
1
1
0.151231
1
1.46043
1
1
0.628763
1.46853
1
1
1
0.349219
1
1.46758
1
1
0.635085
1.18751
1
0.999667
1.47297
0.58414
0.651975
1
1.47133
0.660265
0.584837
1
0.663591
1
1
1
1
0.293576
1
1
1
1
1.47141
1
1.31312
0.348271
1
1
1
0.57501
1.35029
1
1
0.996461
1
1
1.30829
1.471
1
1
0.692337
0.33787
1
1
0.578486
1.13971
1.21703
1
1
1.4693
0.997377
1
0.997461
1.47337
1
1
1
1
1
1
1.47443
1
1.1578
1
0.632085
1.34098
1
1
1.38089
1
1
1
0.930103
0.15647
1
1.22468
1
1
1
1
1
0.999999
1
1.00699
1
1
1.32089
1
1.30801
1
1.0584
1
1
0.999711
1
0.510416
1
0.630823
1
1.3439
1.47099
0.467428
1.36944
0.654741
0.996232
1
0.727639
1.34381
1
1
0.998429
1
1
1
1
1
0.217594
1
1
1
1
1
1.3641
0.753269
1
1
1
1.03781
1
1
1
1.25929
0.699877
1
1
1
1.01414
1.39501
1
0.452738
1
0.999995
0.85969
0.847351
1
0.591317
1
1
1.33329
0.998258
1.43626
1
1.00894
1
1
1.43306
1
1
1
1
1
1
1.34431
1
1.3956
0.448019
1.31765
0.99712
1.32291
1
1
0.488257
1
1
0.682811
1.46925
1
1
1
1
1
1
0.569784
0.311261
1
1.39189
1
1.20923
1.35806
0.581414
1.37753
1
1
0.579976
1
1
1.34034
1
1.18196
1
1
1.002
1.47201
0.438207
0.697675
1.4717
1.34
1.3316
1.17991
1
0.91192
1
1
1
1.45677
1.47359
1.47339
1
1
1.47232
0.415536
1.42185
0.569722
1
0.604253
1
0.636744
1.37034
0.573535
1
0.958561
0.694697
1
1
1
0.764563
1
1.37014
1.45197
1.38773
1
1
1.47104
1
1
1.47187
1
0.329189
1
0.785799
1
1.4319
1
1
1.00212
1.30903
1
0.998823
0.313681
1
1.00001
0.757011
1.08555
1
1
1.36358
1.46951
1.38132
1
1
1.10519
1
1
1.33652
1
1
1
1
1.35944
1
0.530797
1.4731
0.574142
0.853353
0.785518
1
1
1
1
1.39153
0.997237
1.00003
1.37333
1.46973
1
1.38777
1
1.35578
1
1.47229
1
1.00004
1.00001
1.4628
0.598846
0.611509
0.997902
0.999999
1
1
0.403658
1
1.27151
1
0.611466
1
1.14765
1.31617
1.46762
1
1
1
0.9994
1
1.47137
1.00925
1
1.17585
1.47034
0.818491
1.00075
1.00044
0.498464
1.01927
0.343017
1
1
1.07525
1.47165
1
1
1.00015
1
1
0.782795
1
0.764346
1
0.999957
1
1
0.48975
1.02834
1.06843
1
1.39115
1.34386
0.777821
0.998115
0.507117
0.42548
0.631151
1
1
1
0.999064
0.626025
0.579557
1
1.33409
0.999741
1.33285
1.34481
1.47133
1
1
0.75189
1.39125
0.679549
1
1.30494
1.36218
0.996702
0.772392
1.32023
1.33999
1
0.536016
1
1
1.47251
1
1.00152
1.47079
1
0.694727
0.311952
1
1
0.645049
0.690933
1.36968
1.00004
1
0.535142
0.455506
1.47079
1.43856
1.35104
1.47415
1.09293
0.9485
1.24127
1.47898
1.17572
1
1.23689
1
0.681904
0.792891
1
0.693779
1.33607
1.02262
1.34608
1
1.37036
1.47064
1
1.41898
1.32796
0.60236
1.35888
1
1.47456
1
0.710298
0.596615
1.3962
1
1
1
0.583896
1.39206
1
1
0.591047
1
1
0.448229
1
0.571268
1.47209
1
0.745177
0.55598
1
1
1.26205
1
1
1
1.07594
0.594143
1
1.00001
1
1.47051
0.575727
1
1.37596
0.837214
0.325739
1
1
1.47915
1
1
1.00001
1.35386
0.591415
1
1
0.325215
0.773031
0.818128
1
1
1
1
1.34421
0.480084
1
0.576587
1
1.20752
1
1
0.969447
1
1
0.742964
0.999674
1.00005
1
0.575739
0.593041
1
1
1
1
0.727745
0.999997
1.47132
1
0.552643
0.384335
0.868729
0.582859
1
0.802257
1
0.711305
0.901165
1
1
0.57912
1
1.30926
1.45619
0.594922
1
1
1
1.47013
1
1.0815
0.819236
1.14732
0.589254
1.18163
0.537891
1
1
0.626181
0.910055
1
1.00765
1
1
0.548034
1
0.898615
1.06295
0.577052
1
1.37641
0.664842
0.890116
1
1
1
0.594588
1
0.584432
0.584303
1
0.877168
0.571169
1.0432
0.654813
0.703914
1.37054
1
1.33522
1.25115
0.685248
1.33664
0.896906
0.999005
1.47126
0.999999
1
1.32267
1
0.692177
1
1.06906
1
1
1.35533
1
0.820946
0.766999
1.47186
0.927246
1
0.710259
1.37459
1.47157
0.916606
1
1.37511
1.12235
0.830827
1
1.05179
1
0.593422
1.07798
0.783679
0.743499
1
1
0.582107
1.308
0.92051
0.579275
0.587663
0.799441
1
0.992641
1.47129
1.3732
1
1
0.999999
0.591737
1.19162
0.99998
1
1.42664
0.48963
1
1.10574
0.867394
1.26701
1.40266
1
1.05925
1
1.00006
0.451698
0.798007
1
1
0.759512
0.47647
1.07035
1
1
0.773873
1.26085
1
1.47485
1
1.04701
1.25473
1
1.46722
1
1
1.46989
1
0.559187
1.47048
0.837256
1.00773
1
0.574357
0.999908
1
1
1
0.788885
1.02738
0.583929
1.18669
1.47132
0.562409
1
1
1
1
1
0.91885
0.703347
1.01437
0.575056
0.533338
1.04039
1
0.999809
1.11974
1
1
0.741993
0.948176
1
1
1.1708
1
1.47293
1
1.4701
1.06197
1.03343
0.584768
1
1
0.771528
1
1
1
1
1
1.04441
1
1
0.572779
1
0.999999
1
1.31345
1
0.415234
1.25592
1
1.00001
1
1.47419
0.493986
0.821887
0.48749
1.28413
1.46983
1
1
1.35189
1
0.567061
1
1
1
1
1
0.729028
1
1.47254
1
1
1.2256
1.47356
0.61632
0.865624
1
1.31036
1
1
1
1
1
1.37785
1.4701
0.690887
1.30651
0.563094
1
1
1.33859
1
1.47074
0.954608
1.02813
1.04313
1.33909
1
1.27862
0.580688
1
0.574863
1.00962
1
1.37559
1
1
0.562236
1.47863
1
1.47004
1
1
1
1
1
1
0.804452
1.47087
0.821
1.36879
1
0.485194
0.59742
0.669594
1.47809
1.31168
0.956046
1
0.860203
1
1.14693
1
1.36925
0.563761
0.575448
0.815828
1
1.43861
1
1.04103
0.609771
1
1.47116
1.42038
0.998868
1
1.4131
0.605711
1.47423
1.3251
1.37315
0.590474
1.10143
1
1
0.574712
1
0.831076
0.8525
1
1
1.34761
1
1.19419
1.09003
1
1.10044
1.47525
1
0.770051
1
0.781853
1
1
1.04534
1
0.767204
1
0.583351
1.03695
0.872627
0.434196
1.29436
1.3711
1.4713
0.577137
0.663178
0.995943
0.999999
1
0.650027
1.34845
0.603426
0.999966
1
1.31721
1.47114
0.865846
1
0.608429
0.671924
1.25748
0.941188
0.569328
0.999999
0.569973
1.12988
0.595253
1
1.00006
0.75592
1.47366
1.41662
0.779117
0.999581
1
1
0.624186
1
0.584305
1
0.571239
0.598959
1
1
1
0.587943
1.33449
1
1
1.00007
1.00004
0.42811
1.39623
1.34838
1
0.583228
1.47015
1
1.11313
1
1
1.46977
0.571131
1
1
0.450189
0.834155
0.59809
0.752091
1
0.595397
0.997265
1.06463
0.580357
1
1
1.12546
1
1.34443
1
1
1.33384
0.721507
1
0.581908
1.09421
1.38987
1
1
0.584686
0.786592
0.581808
0.643058
0.761026
1.2255
0.999403
1
1
1
1
1.42072
0.79649
1
0.969655
1
0.998639
0.999936
0.686293
1.07598
1
1.33903
1.44467
1
1
1.35503
1.00004
0.999999
1.35306
0.581056
1.35938
0.999999
0.568902
1.44795
1.00005
1
0.784705
1
0.593159
1
1.47192
1
1
1.34349
1
1
1.47674
1
1
1
1.4325
1
0.73821
0.701355
1
0.567079
1.32348
1
1
0.940057
1
1.36638
1.25845
1.03002
1
1
0.667566
1
0.696803
1
1.43247
1.47126
1
1.47118
0.595288
1
0.707409
1.33139
1.42803
1.47442
1.47331
0.670505
0.56282
1
1
1.47135
1.43397
1.34269
0.800637
1.2274
1
1.31273
0.846459
1
1
1
1.00002
0.951297
1
1.47545
1
1
1
1
1
1
1.00006
1.35453
1
1.35652
1.3126
0.666012
1.47189
0.995213
1.19524
1
1.30737
1
0.573588
1
1
1
1
1.34016
1
0.576124
1.2977
0.573925
1.39428
1.33242
1.25596
1
1.0281
1.22936
0.998635
0.476613
0.807972
1
0.999999
0.934674
1
0.700931
1.47159
0.687908
0.857052
0.880556
1
1
1
1.01433
1
1
0.215944
0.996691
1.44017
1
1.32972
1
0.580829
1
1
1.34886
0.999954
0.570859
1
1.47076
1
0.846343
0.729921
1.43798
1.33337
1
1.00799
1.41348
1
1
1.19634
1.33614
1.25484
0.99589
1
0.999998
1.32959
1
1
1
1.32572
1
1
1
1.4524
1
1
0.597721
1
1
1
1.443
1
1
0.907788
1.15828
1.34538
0.837745
1
1.39664
1
1.15823
1
1.39062
1
1.35125
1
0.612349
1
1.32459
1
1
1.33368
1.00001
1.42936
1
1.46954
0.665947
0.581021
1.47114
1
1.39721
1
1.47108
1
1
1.00001
1.45339
1
1.13829
1.4577
1
0.501659
1.39776
0.80313
1
1
1
1.36486
1
1.33004
1.46955
1
0.594701
1
1.35296
1
1.00293
1
1
0.99795
0.720197
1.32802
1
1.43022
1
0.924401
0.596948
1.00043
1.35498
0.689188
1
1.39425
1.39381
1.39256
0.696857
1.35543
0.771695
1.47048
1.4751
1
1
1.36788
1
1
1
1
0.595917
1
1
1.47174
1.34915
1
1.30098
1
1.39405
1.46987
1
1.33372
1
0.567805
1.32113
1.3607
1.09672
0.577742
1.33038
1
1
0.571032
1
1
1.36249
1
1
0.823195
1
1.43941
1.00009
1
0.602625
1.41501
1
1.41456
1.34225
0.934288
1
1
0.731755
1.45564
1.28304
1.36739
1.4684
0.997993
1.39818
1.44454
1.35166
1.37272
1
1
0.653742
1
1.43568
0.834937
1.34046
1
1.34556
1
1
1
1
1
1.34375
0.572953
0.585821
1.46408
1.37409
1
1
1
1
1
1.33308
1.41958
1.34579
0.983102
1
1
1
1
1.35292
1.35922
1
1.395
1.47203
0.572727
1.38821
1
0.999999
1.36789
1
0.997892
1.33956
1.39504
1
1.29401
1
1
1
1
1
1
1.44954
1.47136
1.33761
1.34563
0.579818
0.665612
1.33753
1.34728
1
0.619372
0.859876
1
1.22197
0.583678
1
0.999468
0.998287
0.5958
1
1.38894
1
1
1
1.47103
0.897636
1
1.37811
1.36743
1
1.43577
1
1
1.33714
1
0.534106
1
1.4638
1
1
0.575255
1
1.30884
1
0.569595
0.409735
1
1
1
0.567578
0.827106
1
1.3484
1
1
1
1.36376
1
0.719635
1.06234
1.43239
1
1.37583
0.975444
1.34516
1.37411
1
1
1
1
1
1.33981
1
0.99932
1
1
0.566947
1
1.34389
1.23367
1.00868
1.18118
1.12082
1.46243
0.696134
1.33614
1
0.583295
1
1.34692
0.901942
1.34745
1.36863
1.4612
1
1.43048
1.34271
1.33397
1
1.00001
1
1
1.43459
1.27311
1
1
0.576634
1
1
1.3875
1
1.33248
1.43715
1.45505
0.873567
1.38492
1.37459
0.990151
1
1.43258
1.37107
1
1.43576
0.894492
1.46662
1.01698
1.37293
1
1.34447
1.42486
1
0.584805
0.898335
0.604526
1
1.06194
1
1.38604
1
1
0.99659
1
1.19237
1.30312
1
1
1.33171
1
1
1.29707
1
1.34475
1.47016
1.39683
1
1.40245
0.785729
1.40513
1
0.972017
0.659487
1
1
0.633657
1
1.12681
1
1.34645
1
1.34441
1.26032
0.607311
1
1
1
1
1
1.41204
1.01151
1
1.38373
1
1.38186
1.33133
0.999999
1
0.909551
1
0.586468
0.595239
0.655752
1.00482
1
1
0.673107
1.00003
1
1.36616
0.993349
1.34536
1.37905
0.999999
1
1
1
1
1.44409
1.35399
1
1.4686
1
1.42908
1.24869
0.996119
0.999999
1
1
1.27574
1
1.00352
1
1
1
1
1.34641
1
1
1
1
1
1.34475
0.584745
0.996494
1.34511
1.33444
1
1.34005
1
1
1
1
0.71728
1
1.39963
1
1.37946
1.41167
0.918148
1
1.30184
1.10541
1.4704
1.37439
1.02953
1.39574
1
1
1
1
1
1.35253
0.998887
1.29033
1.35288
0.550798
1.00003
1.47538
1
1
1
1
1.3847
1.39289
1
1.37727
1
1
1.33251
1
1.00004
1.46868
1.04179
1
0.998961
1.33144
1
1.45863
1.32941
1
1
1
0.868429
1
1
1.34177
1
1
1
1
1.33411
1
1
1
1
1.33627
1
1.37028
1.38008
0.884151
1
0.703679
1
1.34089
1.23629
1
1
1
1
1
1.472
1.28115
1
1
1
1.36195
1.37932
1.33426
1.36891
0.69829
1
1
1.37501
1
1
1.00002
1.33316
1
1
0.997604
1
1
1.02487
1
1
1
1.19793
0.595582
1
1.31639
1.11761
1.01812
1.37736
1
1.39158
1.37291
1.26919
1
1.44888
1.10834
1.05717
1
1
1
1.33065
1
1.02354
1.47126
1.33514
1.00772
1.37166
1.39775
1.36805
1.3858
1.33623
1
1.32819
1
1
1.34731
1.02663
1
1
1
0.995576
1
1
0.996243
1
1.35785
1.01315
1.36762
1.47203
1.30853
1.13808
1
1.33402
1
0.732227
1
1
1
1.36082
1.36942
1.42004
1
1
1.3924
1.39636
1.37196
1.36075
1
1.34026
1
1.34019
1
1.33079
1
1.39369
1.39397
1.34447
1
1
1.3792
1
1.36367
1.29289
0.999999
1
1
1.20091
0.999999
1.38988
1.35714
1.31427
0.878638
1.33473
1
1.43272
1
1.34297
1
1
1
1
1.33711
0.632369
1.33567
1
1.32239
1
1.24636
1
1.34963
1.35606
1
1
1
1.37765
0.579051
0.565996
1
1
1
1.36729
1.47016
1
1
1
1.31601
0.821712
1.32372
1.36796
1
1
1
1
0.825597
1.37833
1.26827
1.37307
1.09578
1
1
1
1.33038
1.0733
1
1
1
1.34203
1.43323
1
0.999933
1.36773
1.32622
0.80515
1
1.0149
1
1
1.32779
1
1.23952
1
1
1
1
0.577282
1.36709
1
1
1
1
1.37315
1.00005
1
1
1
1.31085
1
1.35263
1
1
1
1.47117
0.580882
1
0.707013
1.04356
0.5941
1.46907
1.31952
0.997497
1
1
1
1.33042
1
1.33684
1
1
0.738806
1.3082
1
1
1
1.321
1
1
0.678615
1.34564
1.08119
1.36393
1.13499
1
1.33357
1
1.26703
1
1
1.30356
1.46888
0.582952
1
1
1.1151
1.37313
1.31197
1
1
1.1333
1.32843
1.43614
1
1.09958
1
1.00004
1
1
1
1.31013
0.999296
1.04078
1.37215
0.99606
1
1.38495
0.998769
1.04384
1.33431
1.32819
0.596466
1.00006
1.33745
1.31846
1.36967
1
1
0.586291
0.871358
0.587753
1
1.24372
1
1.36682
1
1.37572
1
1.28621
1
1
0.576129
1
1
1
1.34398
1
0.585457
1.02346
1
1
1.47389
0.967378
0.997243
1
1.23136
1
1
1
1.32761
0.78438
1
1.4217
1.25524
1
1.47706
1.31544
1
1.00006
1
1
1
0.999622
1
1.36019
1
1
0.685373
1.12894
1.3871
0.998704
0.97512
1
0.914415
0.247326
1.13687
1.33069
1.00001
1
1
1.36409
1.06828
1.35554
0.997813
1
1
1.36302
0.94116
1
1
1.33165
1
1.36613
1.37564
1
0.559654
1.09813
1
1.25951
1
1
0.576147
1.02238
1
0.999767
1
1
1.17485
1.00162
1
1.02166
1.32324
1.32259
0.359432
1.35228
1.35998
1
1
1.34829
1
1
1
1.36126
1.05871
1
1.31736
1
1
1.39292
1
1
1.3594
1
1.33682
1.48042
1.3069
1
1
0.746301
1
0.778728
1
1.35156
1
1
1
1.37967
1.29205
1.43955
1
1
1
1
1
1
1
1.34802
0.999895
1.16781
1
1
1
1
1.36156
1.00003
1.34817
1.30376
1
1
0.549671
1
1.38255
1.3199
1
1
1
1
1.32108
1
0.597611
1
1
1
1.45485
1
1.26341
1
1
1
1
1
1
1.47206
1.07817
1
1.34693
1.15515
1.3958
1
1.3947
1
1.45913
1.46874
1.13192
1.0016
0.589423
1
1.29985
1.36115
1
1.42875
1
0.563653
1.14292
1.34458
1.01842
1
1.08533
1
1
0.992262
1
0.569487
1.4621
1
1
1.31595
1
1
1
1
0.857838
1
0.999937
1
1.29118
1.37792
1.31437
1
1.35487
1.09797
1.34793
1
1.38955
0.999241
1.33533
1.04919
1
1
1.34614
1.36158
1.22698
1
1
1
0.562102
0.999998
1
1
1
1.0012
1.37825
1
1
1.35122
1.3975
1
1
1
1.36455
1.35842
1.46964
1
1
1
1
1
0.998367
1.01483
1.35812
1
1
1
1
0.998246
1.30747
1.32617
1.32084
0.998708
1.33454
0.879156
1.33484
1.35172
0.568624
1.17607
1
1
1.32616
0.998757
1
1
1
1.2429
1.33834
1.0035
1
1
1
1.25292
1.40285
1.32742
1
1.2255
1
0.998974
1
1
1
1.3685
1
1.32448
1.34057
0.636223
0.999952
1
0.564787
1
1
1
1
1
1
1
1
1.27254
1
1.36757
0.729604
1
1
1.33571
1
1
0.593994
0.580977
1.04007
1
1
1
1.38208
0.835042
1
1
1.34349
1.33148
1.23853
0.596629
1.31813
1.01393
1.0302
1.39499
1.3725
1
1
1
1
1
1.33191
1
1.00922
1
1
1
1
1.14443
1.00053
1
1
0.581429
1
1.30236
1
1
1
1.47968
1.3888
1
0.999692
1
1.3511
1.00004
1.34593
1.32997
1
1
1
1.00001
0.569307
1
1.36888
1.3487
1
1
1
1
0.396215
1.12601
1
1
1
1
1
1
1
1
0.6133
1.29858
1
1
1
1
1
1
1.28533
1
1.39049
0.579008
0.996336
1
0.9684
1.17943
1.00005
1.10818
1.2032
1
1
1.34045
1
1
1
1
1.32697
1
1
1.47819
1
1
1
1
1
1
1.02026
0.809333
1
1
1
0.56697
0.561608
1
1
1.39352
1
1
1
1
1.29417
1
1.36949
1
1
0.999762
1
1.3457
0.999895
1
1
1.34336
1
1.31954
1
1.18602
1
1
1
0.988385
0.568017
1.25116
1
1.20686
0.65183
1
1
1
1
1
0.601041
1.3761
1
1
1
1.37442
1.37237
0.957472
0.915597
1
1.40877
1.35273
1.38273
1
1
1.33382
0.925497
1
1.47462
1
1
1.34498
1
1.19828
1.38694
1
1
1.29445
1
1
1.34322
1
1
1
1
1
1
1
0.999989
1.37627
1
1
1
1.35698
1.29191
1.35014
1
1.47225
1
1
1
1
1
1
1
1
0.694168
1
1
0.673994
1.38401
1
1
0.999966
1.33733
1
1
0.996569
1
1
1
1.03147
1
1
1
1.40144
1
0.999999
1
1
1
0.533273
1
1.01523
1
1
1.28726
1
1.37861
0.705188
0.999383
0.647654
1
1
1
1
1.05236
1
1.46948
1
1
1.30841
1
1
1.37944
1
1.3505
1
1.26044
1
1
1
1
1
1
1.36272
1
1
1
1
1
1
1
1
1
1.29703
1
1.00241
1.45644
1.02487
1
1
1
1.16932
1
1
1
1.00004
1
1.28974
1
0.572527
1.27587
1
1
1
1
1
1
1
0.999958
0.999144
0.998811
1
1
1
0.60662
1
1.24913
1
1
1
1
1
1
1
1
0.608413
1
1
1
1
1
0.972456
1
1
1.42942
1
1
1
1.33325
1
1
1
1
1
1
1
1.4293
1
1
1
1
1.38047
1
1
1.33536
1
1.34694
1.00002
1
1.21569
1.29137
1
1.39653
1
1.33003
1
1
1.30731
0.582572
1.3599
1
1.39574
1
1
1
1
1
1
1.09891
1
1
1
1
1
1
1
1
1
1
1.34362
1.00005
1
1
1
1
1
1
1
1
1
1
1
0.974534
1.07719
1
1
1
1
1
1
1
1
1.04848
1.33982
1.38032
1
0.999999
1
1
1.32682
1
1.32891
1
1
1
1
0.999998
1
1.23625
1
1
1
0.811337
1
1
1.33454
1
1
1.37509
1.37964
1.33621
1
1.42957
1.36436
1
1
0.58439
1.34515
1
0.996618
1
1
1
1
1
1
1
1
1
1
1.03709
1.37641
1
1
1
0.736992
0.602043
0.999998
0.878688
1
1
0.855633
1
1
0.572567
1
1
1
1
0.99728
1
1.3817
1
1
1
1.37953
1.37304
1
1
0.999999
1
1
1
1.33707
1
1.24708
1
1
1
1.30381
1.3956
1
1
1
1
1
1
1.41099
1.2973
1
1
1
1
1.33247
1
1
1.00022
1
1
1
1
1
1
1
1
1
1
1
1
0.646338
1
1.41252
0.999999
1
1
1
1
1
1
1
1
0.999999
0.999994
1.10784
1
1
1.34756
1
1.39569
1
1.33799
0.370526
1.458
1
1
1
1
0.586121
1
1.13574
1
1.4172
1.34046
1
1
1.34874
1.14199
1
1.33879
1
0.577477
1
0.857628
1.35227
1
1
1.35136
1
1.33418
0.80531
1
1
1
1
1.32587
1
1.14539
1
1
1.31819
1
1.38394
1
1.32723
1.4713
1
1
1
1
0.999994
1
1
1.00009
1
1
1
1
1
1
1.33959
1
1
1
1
0.869745
1
1
1
1.00105
0.996047
1
1
0.978934
1
1
1
1
1
1
0.999807
1
1
1.365
1
1.31504
1
1.41974
1
1
1.3526
1
1
1.0878
1
1
1
1.38464
1
1
1
1
1
1
1
1
1
1
1.34218
1
1
1.41486
1
1
1
0.533513
1
1.35814
1
0.633585
1
1
1
1
1.34249
1
1
1
1.26874
1
1
1.463
1.22857
1
1
1
1
1.35705
1
1.37613
1.37584
1.46632
1
1.4776
1
1
1
1.25397
1.33035
1
1
1
1
1
1
1.09454
1
0.999937
1
1
1.34837
1
1
1
1
1.04631
0.571666
1
1
1
1
1.33252
1
1
1
1.34794
1
1
1.32159
1
1.32978
1
1
1
1
1
1
1
1
1
1
1
0.493239
1
1
1
1
1
1
1
1.33401
1
1
1.34855
1
1
1
1
1
1.34238
1
0.935597
1
1
1.34959
1
1
1.42334
1
1.30769
0.973883
1
1
1
1
1.36767
1
1
1
1.20904
1
1.35538
1
1.31155
0.999993
0.70084
0.997514
1.07679
1
1
1
1
1
1
1.31478
1
1
1.38351
1.33777
0.570118
1
1
1
1
1
1
1
1
1
1
1
1.00049
1
1
1
1
1
1
0.998937
1
1
1
1
1
1
1
1.26572
1
1
1
1
1
1
1
1
1.31889
1
1.06325
1
1.35503
1
1.00004
1
0.999999
1
1
0.599231
1
1
1
1
1
1
1
1
0.999998
1
1
1
1
1
1
1
1
1
1
0.813321
1
1.33225
1
1
1
1.38718
1
1
1.31474
0.999996
1
1
1
1
1
1
1.36886
1
1
1
1.3474
1.32575
1
1.23674
1
1
1
1
1
1
1
1
1
1
1.42811
1
1
1
1
1
1
1.36898
1
1
1
1
1
1
1
1.23797
0.887156
1
0.999216
1
1
1
1.15952
1.00865
0.999866
1
1
0.999982
1.00632
1.34747
1
1
1
1
1
1
1
1
1
1
1.34894
1
1
1.15839
1
1
1
1
1
1
1
1
1
1
1
1
1
1
1
1
1
1
1
1.07437
1
1
1
1
1
1
1
1
1
1
1.31109
1
1
1
1
0.998759
1
1
1
1
1
1
0.99999
1
1
1
1
1
0.605148
1.46776
1
0.999975
1
1
1.01001
1
1
1
1
1
1.00116
1
1
1.37189
1
1
1
1
1
1
1
1
1
1.00481
1.32942
1
1
1
1
1
1.1713
1
1
1
1
1
1
1
1
1
1.3487
1
1
1
1
1
1
1
1
1
1
1.06422
1
1.41557
1
0.999997
1
1.25886
1
1.32207
1.41386
1
1
1.41061
1
1
1
1
1
1.47057
0.999977
1.40742
1
1
1
1
0.998839
1
1.00561
1
0.939744
1
1
1
1
1
1
1
1
1
0.999828
1
1
1.47632
1
0.998802
1
1
1.03762
1
1
1
1
1
1
1
0.6138
1.2103
0.999998
1.24644
1
1
1
1
1
1
1.39545
1
1
0.999998
1
1
1
1.46809
1
1
1
1
1
1
1
1.131
1.11752
1
1
1
1
1
1
1
1
1.23662
1
1
1
1
1
1
1.36939
1
1
1
1
1
1
1.33477
1
0.997849
1
1
1
1.3545
1
1
1
1
1.29438
1
1
1
1
1
1
1
1
1
1
1
1
1
1
1
1
1.14875
0.857256
1
1
1
1
1
1.47029
1
1
1
1.37688
1
1.10796
1
1
1
1
0.999998
1
1
1
1
1
0.998768
1.37207
1
1.15418
1.10525
1
1.24453
1
1
1
1
1
0.659326
1.38636
1
1.36233
1
1
1
1
0.999687
1.3483
1
1.38365
1
1.37451
1
1
1.28289
1.41186
1
1
1
1.46981
1
1
1
1
0.999798
1
1
0.995557
1
0.882733
1
1
1
1
1.23105
1
1
1.22762
0.999799
1
1.31974
1
1
1
1
1
1
1
1.005
1.12958
0.755299
1.3722
1
1
1
1
1
1
1
1
1.40177
1
1
1
1.39976
1
1
1
0.850501
1
1
1
0.7663
0.999999
1
1
1
1
1
1
1
1
1
1
1
1
1
1
1
1
1
1
1
1
1
1
1.22024
1
1.44162
1
1
1
1
1
1.2417
1
1
1
1
1
0.999896
1
1
1
1
1
1
1
0.998469
1
0.586868
1
0.597929
1
1
1
1
1
0.999999
1.06213
1
1
1
1.28862
1.42896
1.37766
1
1
1
1
1
1
1
1
1
1
0.863712
1
1
1
1
1
1
1.38535
1
1
1
1
1
1
1
1.33784
1
1
1
1
1
1.34306
1
1
1
1.3098
1.36937
1
1
1
1
1
1.41719
1
1
1
0.999999
1
1
1
1
1
1
1
1
1
1
1
1
1
1.00549
1
1
1
1
1
1
0.999997
1
1
1.03765
1.35598
1
1
1
1
1
1
1
1
0.82621
1
0.999999
1
1
1
1.44184
1
1
1
1
1
1.37988
1
1
1
1
1.00002
1
1
1
1
1
1
1
1
1
1
1
1
1
1
1.33645
1
1
1
1
1
1
1.33363
1
1
1
1
1
1
1
1.36876
1
1
1
1
1
1
1
1
1
1
1.34041
1.46908
1
1
1
1.3213
1
1
1
1
1
1
1
1
1.36546
1
1.00002
1
0.58237
1.30322
1
1.30562
1
0.56867
1.29006
1
1
1
1
1
1
1
1
1
1
1
1
1
1
1
1
1
0.579755
0.999997
1
1
1
1
1
1
1
1
1.00974
1
1
1
1
1
1.22922
1
1
1
1
1
1
1
1.46938
1
1
1
0.989238
1
1
1
1
0.999998
1
1
1
1
1
1
1
1
1
1
1
1
1
1
1
1
1
1
1
1
1
1
1
1
1
1
1
0.609348
1
1
1
1
1
1
1
1.37108
1
1
1
1.00299
1.30135
1
1
1
1
1
1
1
1
1
1
1
1
1.33918
1
1.34014
1
1
1
1
1
1
1.28487
1
1
1
1
1
1
1
1
1
1.00003
1
1
0.999999
1
1.35062
1
1
1
1
1
1
1
1.41638
1
1
1.00737
0.876272
1
1
1
1
1
1
1
1
1
1
1
1.35828
1
1
1
1
1
1
1
1
0.591877
1
1.39141
0.596178
1
1
1
0.999964
1
1
0.999996
1
1
1
1
1.00035
1
1
1
1
1
1
1
1
1
1
1
1
0.811662
1
1
1
1.39951
1
1
1
1
1
1
1
1
1
1
1
1
1
1
1
1
1.46663
1
1
1
1
1
1
1
1
1
1
1.28792
1
1
1
1
1
1.41582
1
1
0.939419
1
1
1
1
1
1.34072
1
1
1.349
1
1
1
1
1
1
1
1
1
1
1
1
1
1
1
1
1
1
1
1
1
1
1
1
1
1
1
1
1
1
1
1
1
1
1
1
0.872673
1
1
1.47388
1
1
1
1
1
1
1.46907
1
1.00001
1
1
1
1
1
1
1
1
1.46713
1
1
1
1
1
1
1
0.591852
1
1
1.30325
1
1
1
1
1
1.00001
1
1
1
1
1.32469
1
1.40425
1
1
1
1
1
1
1
1
1
1
1
1
1
1
1
1
1
1
1
1
0.999999
1
1
1
1
1
1
1
1
1
1.05796
1
1
1
1
1
1
1
1
1
0.999462
1
1
1
1
1
1.41398
1
1
1
1.07107
1
1
1.35977
1
1.35786
1
1
1
1
1
1
1
1
1
1
1
1
1
1
1
1.29753
1.00434
1
1
1
1
1
1.40882
1
1
1
1
1
1
1.3288
1
1
1.14483
1
1.43829
1
1.10957
1
1
1
1
1
1
1
1
1
1
1
1
1
1
1
1
1
1
1.34774
1.39023
1
1
1
1
1
1
1
1
1
1
1
1
1
1
1
1
1
1
1
1
1
1
1
1
1.35588
1
1
1
0.999997
1
1
1
1.37567
1
1
1
0.999684
1.32282
1
1
1
1
0.998692
1.34554
1.08381
1
1
1
1
1
0.585041
1
1
1
1
1
1
1
1
1
1
1
1
1
1
1
1
1
1
1.35487
1
1
1
1
1
1
1
1
1
1
1.32572
1
1
1.44021
1
1
1
0.557828
1.34102
1
1
1.35665
1
1
1
1
1
1
1
1
1
1
1
1
0.835851
1
1
1
1
1
1
1.01816
1
1
1
1
1
1
1
1
1
1.38615
1
1
1
1
1
1
1
1
1
1
1
1
1
1
1
1.06266
1
1
1
1
1
1
1
1
1
1
1
1
1
1
1
1
1
1
1
1
1
1
1
1
1
1
1
1
1
1
1
1
1
1
1
1
1
1
1
1
1
1
1.34405
1
1
1
1
1
1
1
1
1
1.13779
1
1
1
1.00302
1.46972
1
1
1
1
1
1
1
1
1
1
1
1
1
1
1
1
1.32611
1.12119
1
1
1
1.37366
1.2895
1
1
1
1
1
1
1.34435
1
1
1
1
1
1
1
1
1.34374
1
1
1
1
1
1
1
1
1
1
1
1
1
1
1
1
1
1
1
1
1
1
1
1
1
1
1
0.771686
1
1.33188
1.01503
1
1
1
1
1
1
1.00911
1
1
1
1
1
1
1
1
1
1
1
1
1
0.553815
1.36479
1
1
1
1
1
1
1
1
1
1.00655
1
1
1
1
1.01571
1
1
1.21688
1
1.34543
1.15868
1
1
1
1
1
1
1
1
1
1
1
1
1
1
1
1
1
1
1
1
1
1
1
1
1
1
1
1
1
1
1
1
1
1
1.10664
1
1
1
1
1
1
1.32851
1
1
1
1
1
1
1
1
1
0.99995
1
1
1.28653
1
0.999999
1
1
1
1
1.36187
1
1
1
1.33705
1
1
1
1.00003
1
0.550652
1
1
1.37956
1
1.37564
1
1
1
1
1
1
1
1
1
0.712187
1
1
1
1
1
0.57826
1
1
1.38725
1
1
1
1
1
0.578129
1
1.31566
1
1.47015
1
1
1
1.34261
1
1
1
1
1
1
1
1
1
1
1
1
1
1
1
1
1
1.34409
1
1
1
1
1
1
1.19829
1
1
1
1.35155
1
1
1
0.779384
1
1
1
1
1
1
1
1
1
1
1
1
1
1
1.47024
1
1
0.560108
1
1
1
1
1
1
1
1
1
1.19181
1
1
1
1
1
1
1
1
1
1
1
1
1
1
1
0.55693
1
0.850821
1
1
1.46839
1
1.40806
1
1
1
1
1
1
1
1
1
1
1
1
1
1.00003
1
1
1
1
1
1
1
1
1
1
0.974168
1
1
1
1
1
1.2133
1.35257
1
1
1
1
1
1.22244
1.39559
1
1
1
1
1
1
1
1
0.573847
1
1
1
1
1
1
1.43266
1
1
1.34667
1
0.999997
1
1.41093
0.908898
1
1
0.488008
1
1
1
1
1
0.596659
1
1
1
1
1
1
1
1
1
1
1
1
1
1
1
0.902997
1
1
1
1
1
1
1.28546
1
0.847115
1
1
1
1
1
1
1
1
1.00003
1
1
1
1
1
1
1
1
1
1
1
1
1
1.47174
1
0.407462
1
0.999925
1
1
1
1.03042
1
1
1
1
1
1.44155
1
1
0.555618
1
1
1
1
1
1
1
1
1
1
1
1
1
1
1
0.997508
1
1
1.39695
1
1
0.999996
1
0.67324
1
1
1
1
1
1
1
1
1.00004
0.598897
1
1
1
1
1
1
1.37716
0.995034
1
1
1
1.3313
1
1
1
1
1
1.33749
1
1
1
1
1
1
1.03265
1
0.999997
1
1
1
1
1.33764
1
1
1
1
1
1
1
1.22948
1
1
1
1
1
1
1.05391
1
1
1
1
1
1
1
1
1
1
1
0.999998
0.736114
1
1
1
1
0.992874
1
0.767514
1
1
1
1
1
1
1
1
1.35882
1
1
1
1
1
1
1
1
1
1
1
1
1
1
1
1
1
1
1
1
1
1
1
1
1.04676
0.85884
1
1
1
1
1
1
1
1.35174
1
1
1
1
1
1
1
1
1.34134
1
1
1.13722
1.00003
1
1
0.722233
1
0.579013
0.999571
1
1
1
0.634107
1
1
1
1
1
1
1
1.33465
1
1
1
1
1
1
1
1
1
1
1.38307
1
1
1
1.18031
1
1
0.593559
1.4132
1
1
1
1
1
1
1
1
1
1
1
0.738557
0.986618
1
1
1
1
1.33634
1
1
1
1
0.999998
1
1
1
0.596649
1
1
1
1
0.999938
1
1
1
1
1.32946
1
1
1
1
1.39215
1
1
1
1.3722
1
1
1
1
1
1
1
0.999998
1
1
1
1.0494
0.729868
1
1.32863
1
0.560082
1
1
1.34415
1
1.32603
1
1
1
1.47208
1.45255
1.31916
1
1
1
1
1
1
1
1
1
1
1
1
1
1.36929
1
1
1
1
1
1
1
1
1
1
1
1
1
1
0.999999
0.996988
1
1
1.3369
0.999804
1
1
1.35245
1.41066
1
1.39728
1
1
1
1
1
1
1
1.41209
1
0.95135
1
1.43572
1
1
1
1
1
0.90582
1
1
1
1
1
1
1
1
1
1
1
1
1
1
1
1
1
1.30954
1
1
1
1
1
1.26589
1
1
1
1
1
1
1
1
1
1
1
1
1
0.776099
1
1
1
1
1
1
1
1
1
1
1
1
0.57706
1
1.3451
1
1
1
1
1
1.15031
1
1
0.675965
1
1
1
1
1
1
1
1
1
1
1.46519
1
1
1
1
1
1
1
1
1
1
1
1.34283
1
1
1
1
1
1
1
1
0.390696
1
1
1
1
1
1.30118
1.33348
1
1
1
0.802986
1
1
1
1
1
1
1
1
1
1
1
1
1
1
1
1
1.46379
1
1
1
1
1.30373
0.925003
1
0.724501
0.5852
1
1.47586
1
1
1
1
1
1
1.32223
1.14445
1
1
1
1.31924
1.47093
1
1
1
1
1
1
1
1
1
1
1
1
1
1
1.33494
1
1
1
1
1
1
1
1
1
1.47055
1
1
1
1
1
1
1.32465
1
1
1
1
1
1
1.37712
1.39997
1.32168
1
1
0.576385
1
1
1
1.22943
1
1.41179
1.32931
1
1
1
1
1
1
1
1.34167
1
1
1
1
1
1
1
1
1
1
1
1
1
1
1
1
1.26841
1.36196
1
1
1
1
1.34238
1
1
1
1
1
1
1
1
1.31748
0.573409
1.39742
1
1
1
1
1
1
1
1
1
1
1
1
1
0.217896
1.32086
0.999994
1.10718
1.39981
1
1
1
1
1
1
1
1.34445
1
1
1
1.14068
1.35828
1
1
0.912937
1
1
1
1
1
0.591257
1
1
1.04823
1
1
1
1
1.42394
1
1
1
1
1.41958
1
1
1
1
1
1
1
1
1
1
1
1
1
1
1
1
1
1
1.1255
1
1
1.47135
1
1
1
1
1
1
1
1
1
1.41573
1
1
1
1
1.46949
1.28048
1
1
1
1
1
1
1
1
1
1
1
1
1
1
1
1
1
1
1
1
1
1
1
1
1
1
1.43421
1
1
1
1
1
1
1
1
1
1
1
1
1
1
1
1
1
1
0.597262
1
0.999995
1
1
1
1
0.999998
1
1
1
1
1
1
1
1
1
1
1
1
1
1
1
1
1
1
1
1
1
1
1
1
1
1
1
1
1
1
1
1
1
1
1
1
1
1
1
1
0.999936
1
1
1
1
1
1
1
1
1
1
1
1
1
1
1
1
1
1
1
1.34074
1
1
1
1
0.999044
1
1
1
1
1
1
1
1
1.15352
1
1
1
1
1
1
0.587277
1
1.35114
1.00003
1
1
1
1
1
1
1
1
1
1
1
1
1.32648
1
1
1
1
1
1
0.814317
1
1
0.610218
1
0.776857
1.37524
1
1
1
1
1
1
1
1
1
1
0.596213
1
1
1
1
1
1
1
0.999865
1
1.47285
1
1.00009
1
1
1
1
1
1.32802
1.04195
1
1
1
1.03122
1
1
1
1
1
1
1.34077
1
1
1
1
1
1
1
1
1
1
1
1
1
1
1
1.47165
1
1
1
1
1
1
1
1
1
1.35592
1.47176
1
1
1
1
1
1
1
1
1
1
1
1
1
1
1
1
1
1
1
1
1
1
1
1
1
1
1
1
0.628881
1
1
1
1
1
1
1.41726
1
1
1
1
1
1
1
1
1
1.34035
1
1
1
1
1.34007
1
1
1
1
1
1
1
1
1
1
1.19138
1
1
1
1
1
1
1
1.36273
1.32743
1
1
1
1
1.47071
1
1
1
1
1
1
1
1
1
1
1
1
1
1
1
0.999904
1.00002
1
1
1
1
1
0.753742
1
1
1
1
1
1
1
1
1
1
1
1
1
1
1
1
1
1
1
1
1
1
1
1
1
1
1
1
1
1
1.00002
1
1
1
1
1
1
1
1
1
1
1
1
1
1
1
1
1
1
1
1.47272
1
1
1
1
1
1.35389
1.00006
1
0.582993
1
1
1
1
1
1
1
1
1
1
1
1
0.183923
1
1
1
1
1
1
1
1
1
1
1
1.32399
1.3818
1
1
1
1
1
1
1
1
1
1
1.35302
1
1
1
1.31865
0.99999
1
1
1
1
1
1
1
1
1
1
1
1
1
1
1
1
1
1
1
1
1
1
0.979315
1
1
1
1
1
1
1
1.36167
0.998943
1
1
1
0.998936
1
1
1
1
1
1
1
1
1
1
1
1
1
1.47408
1
1
1
1
1
1
1
1
1.29701
1
1.32519
1.42326
1
1.40617
1
1
1
1
1
1
1
1
1
1.15921
1
1
1.31859
1
1
1
1
1
1
1
1
1
1
1
1
1
1
1
1
1
1
1
1
1
1
1
1
1
1
1
1.00002
0.997473
1
1
1
1
1
1
1
1
1
1
1
1
1
1.293
1
1
1
1
1
1
1
1
1
1
1
1
1
1
1.04404
1
1
0.997289
1
1.32722
1
1
1
1
1.30136
1
1
1
1
1
1
1
1
1
1
1
1
1
1
1
1.33819
1
1
1
1
1.47018
1
1
1
1
1
1
1
1
1
1
1
1
1
1
1
1
1
1
1
1
1
1
1
1
1
1
1
1
1
1
1
1
1
1
1
1
1
1
1
1
1
1
1
1
1
1
1
1
1
1
1
1
1
1
1
1
1
1
1
1
1
1.35318
1
1
1
1.39788
1
1
1
1
1
1
0.53322
1
1
1
1
1
1
1
1
1
1
1
1
1
1.00119
1
1
1
1
1
1
1
1
1
1
1
1
1
1
1
1
1
1
1
1
1
1
1
1
1
1.36918
0.999007
1.33327
1
1
1
1
1
1
1
1
1
1
1
1
0.6445
1
1
1
1
1
1
1
1
1
1
1
1
1
1
1
1
1
1
1
1.47025
1
1
1
1
1
1.31275
1
1
1
1
0.762943
1
1
1
1
1
1
1
1
1
1
1
1
1
1
1
1
1
1
1
1
1
1
1
1
1
1
1
1
1
1
1
1
1
1
1
1
1
1
1
0.998893
1
1
1
1
1
1
1
1
1
1
1
1
1
1
1
1
1
1
1
1
1
1
1
1
1
1
1
1
1
1
1
1
1
1
1
1
1
1
1
1
1
1
1
1
1
1
1
1
1
1
1
1
1
1
1
1
1
1
1
1
1
1
1
1
1
1
1
1
1
1
1
1
1
1
1
0.999941
1
1
1
1
1
1.36551
1.17935
1
0.999998
1
1
1
1
1
1
1
1
1
1.3479
1.30176
1
1
1
1
1.36437
1
1
1
1
1
1
1
1
1
1
1
1
1
1
1
1
1
1
1
1
1.3719
1
1
1
1
1
1
1
1
1
1
1
1
1
1
1
1
1
1
1.29146
1
1.39516
1
1
1
1
1
1
1.39461
1
1
1
1
1
1
1
1
1
1
1
1
1
1
1
1
1
1
1.09235
1
1
1
1
1
1
1
1
1
1
1
1
1.36552
1
1.46893
1
1
1
1
1
1
1
1
1
1
1
1
1
1
1
1
1
1
1
1
1
1
1
1
1
1.36019
1
1
1
1
1
1
1
0.999986
1
1
1
1
1
1
1
1.03574
1
1
1
0.712643
1
1
1
1
1
1
1.17585
1
1
1
1
1
1
1
1
1
1
1
1
1
1
1
1
1
1
1
1
1
1
1
1
1
1
1
1
1
1
1
0.999365
1
1.43068
1
1
1.02503
1
1
1
1.32099
1
1
1
1
1
1
1
1.46413
1
1
1
1
1
1
1
1
1.354
1
1
1
0.999996
1
1
1
1
1.34199
1
1
0.756443
1
1.45244
1
1
1
1
1
1.33757
1
1
1
1
1
1
1.35034
1
1
1
0.999985
1
1
1
1
1
1
1
1
1
1
1
1
1
1
1
0.999087
1
1.33978
1
1
1.3877
1
1
1
1
1
1
1
1
1
1
1.28569
0.999999
1
1
1.32867
1
1
1
1.4233
1
1
1
1
1
1
1
1
1
1
1
1
1
1
1
1
1
1
1
1
1
1
1
1
1
1
1
1
1
1
1
1
1
1
1
1
1
1
1
1
1
1
1
1
1
1
1
1
1
1
1
1
1.01467
1
1
1
1
1
1.43701
1
1
1
1
1
0.999988
1
1
1
1
1
1
0.419313
1
1
1
1
1
1
1.4064
1
1
1
1
1
1
1
1
1
1
1
1.47343
1
1
1
1
1
1
1
1
1
1
1
1
1
1
1
1
1
1
1
1
1
1
1
1.32397
1
1
1
1
1
1
1
1
1
1
1
1.40937
1
1
1
1
1
1
1
1
1
1
1
1
1
1
1
1
1
1
1
1
1
1
1
1
1
1
1
1
1
0.999813
1
1
1
1
1
1
1.32684
1
1
1
1
1
1.38878
1
1
1
1
1
1
1
1
1
1
1
1
0.589114
1
1
1
1
1
1
1
0.999999
1
1
1
1
1
1
1.34558
1
1
1
1
1
0.999999
0.999994
1
1.47116
1
1
1
1
1
1
1
1
1
1
1
1
1
1
1
1
1
1
1
1
0.658064
1
1
1
1
1
1
1
1
1.04457
1
1
1
1
1
1
1
1
1
1
1.36261
1
1
1
1
1
1.33006
1
1
1
1
1
1
1
1
1
1
1
1
1
1
1
1
1
0.999999
1
1
1
1
1
1
1
1
1
1
1
1
0.595429
1
1
1
0.551536
1
1.00001
1
1
1
1
1
1
1
1.38885
1
1.00004
1
1
1
1
1
1.3544
1
1
1
1
1
1
1
1
1
1
1
1
1
1
1
1
1
1
1
1
1
1
1
1
1
1
1
1
1
1
1
1
1.32304
1
1
1
1
1
1
1
1
1
1
1
1
1
1
1
1
1
1
1
1
1
1
1
1
1
1
1
0.999956
1.46997
1
1
1
1
1
1
1
0.954443
1
1
1
1
1
1
1
0.605925
1
1
0.954177
1
1
1.33817
1
1
1
1
1
1
1
1
1
1
1
1
1
1.37477
1
0.489938
1
1
1
1
1
1
1.31715
1
1
1
1
1
1
1
1
1
1
1
1
1
1
1
1
1
1
1
1
1
1
1.35194
1
1
1
1.00001
1.38101
1.34206
1
1.37099
1.35115
1
1
1
1.46997
1
1
1
1.28943
1
1
1
1
1
0.959225
1
1
1
1
1
1
1
1
1
1
1
1
1
1
1
1
1
1
1
1
1
1
0.999991
1
1
1
1
1
1
1
1
1
1
1
1
1
1
1
1
1
1
1
1
1
1
1
1.37487
1
1
1
1
0.860151
1
1.33293
1.35839
1
1
1
1
1
1
1
1
1
1
1
1
1.29706
1
1
1
1
1
1
1
1
1
0.989574
1
1
1
1
1
1.24554
1
1
1
1
1
0.999999
1
1
1.34705
1
1
1.38702
1
1.00003
1
1
1
1.39576
1.36919
1
1
1
1
1.32617
1
1
1
1
1
1.31293
1
1
1
1
1
1
1
1
1
1
1
1
1.05415
1
1.18504
1.37989
0.829954
1.37441
1
1.34878
1
0.999889
1
1
1
1
1
1
1
1
1
1.33236
1
1
0.999589
1
1
1
1.37445
1
1
1
1
1
0.999644
1.38452
1
1
1
1
1
1
1
1
1
1
1
1
1
1
1
1
1
1
1
1
0.999999
1
1
1
1
1
1
1
1
1
1
1
1
1.40068
1
1
1
1
1
1
0.999998
1
1
1
1
1
1
1
1
1
1
1
1
1
1
1
1
1
1
1.33932
1
1
0.573147
1
1
1
1
1.44536
1
1
1
1
1
1
1
1
1
1
1.3792
1
1
1
1
1
1
1
1
1.34933
1
1
1
1
1
1
1
1
1
1
1
1
1
1
1
1
1
1
1
1
1
1
1
1
1.30527
1
1
1
1
1
1
1
1
1
1
0.55887
1
1
1
1
0.916417
1
1.40233
1
1.38983
1
1
1
1
1
1
1
1.13283
1.36018
1
0.999936
0.999999
1
1
1
1
1
1
1
1
1.36816
1
1.39561
1
1
1
1
1
1
1.26005
1
1
1.00092
1
1
1
1
1
1
1
1
1
1
1.42135
1
1
1
1
1
1.36802
1
1
1
1
1
1
1.08688
1
1.33952
1
1
1
1
1
1
1
1
1.41306
1
1
1
1
1
1
1
1
1
1
1
1
1.41302
1.38562
1
1
1
0.999696
1
1
1
1
1
1
1
1
1
1
1
1.03425
1
1
1
1
1
1
1
1
1
1
1
1
1
1
1
1
1.03486
1
1
1
1.47373
1
1
1
1
1
1
1
1.22505
1
1
1
1
1
1
1
1
1
1
1
1.34011
1
1
1
1
0.999999
1
0.999987
1
1
1
1
1
1
1
1
1
1
1
1.00002
1
1
1
1
1
1
1
0.999999
1
1
1
1
1.1142
1
1
1
1
1
1
1
1
1
1
1
1
1
1
1
1.24678
1
1
1.25836
1
1
1
1
1
1
1.00206
1
1
1
1
1
1
1
1
1
0.80424
1
1.363
1
1.36124
1
1.30916
1
1
1
1
1
1
1
1
1.31075
1
1.32845
1
1
1
1
1
1
1
1
1
1
1.36016
1
1
1
1
1
1
1
1
1
1
1
1.36011
1
1.31271
1
1
1
1
1
1.31652
1
1
1
1
1
1.3902
1
1
1
1
1
1
1
1
1.04503
1
1
1
1
1
1
1
1
1
1
1
1
1
1
1
1
1.31983
1
1
0.57728
1
1.26679
1
1
1
1
1
1
1
1
1
1
1
1
1
1
1
1
1
1
1
1
1
1.36761
1
1
1
1
1
1
1
1
1.28421
1
1
1
1
1
1
1
1
1
0.999999
1
1
1.18463
1.37258
1
1
1.29673
1
1
1.12941
1
1
1.18397
1
1
1
1
1
1
1
1.37497
1
1
1
1
1
1
1
1
1
1
1
1
1
1
1
1
1
1
1
1
1
1
1
1
1
1
1
1
1
1
1
1
1
1
1
1
1
1
1
1
1
1
1
0.999628
1
1
1
1
1
1
1
1
1.42369
1
1
1
1
1
1
1
1
1
1
1.24422
1
1
1
1
1
1.30054
1
1
1
1
1
1
0.588581
1
1
0.998247
1
1
1
1
1.27239
1.31981
1
1
1
1
1
1
1
1
1
1
1
1
1
1
1
1
1
1
1
0.99956
1
1
1
1
1
0.999892
1
1.10562
1
1
1
1
1.00009
1
1
1
1
1.33165
1
1
1
1
1
1
1
1
1
1.00023
1
1
1
1.37804
1
1
1
1
1
1.25038
1
1
1
1
1
1
1
1
1
1
1
1
1.33037
1
0.669912
1
1
1
1
1
1
1
1
1.36013
1
1
1
1
1
1
1
1
1
1
1
1.32344
1
1
1
1
1
1
1
1
1
1
1
1
1
1
1
1
1
1
1.33085
1
1
1
1
1
1
1.44858
1
1
1
1.05206
1
1
1.30684
1
1.32499
1
1
1
1.33148
1
1.00003
1
1
1
1
1
1
1
1
1.30615
1
1
1
1
1
1
1
1
1
1
1
1
1
1
1
1
1
1
1
1
1
1
1
1
1
1
1.26281
1
1
1
1
1
1
1
1
1
1
1
1.14821
1
1
1.39459
1
1
1
1
1
1
1
1
1
1
1
0.976876
1
1
1
1
1
1
1
1
0.61992
1
1
1
1
1.35015
1
1
1
1
1
1
1
1
1
1
1
1
1
1
1
1
1
1
1
1.33909
1
1
1
1
1
1
1
1
1.30433
1
1
1
1
1
1
1
1
1
1
1
1
1
1
1
1
1
1
0.601602
1
1
1
1
1
1
1
1
1
1
1
1
1
1
1
1.32513
1
1
1
1
1
1
1
1
1
1
1
1
1.05847
1
1.3637
1
1
1
1
1
1
1
1.29952
1
1
1
1
1
1
1
1
1
1
1
1
1
1
1
1
1
1
1
1
1
0.823888
1
1
1
1
0.578448
1
1
1
1.30786
1
1
1
1
1
1
1
1
1
1
1
1
1
1
1
1
1
1
1
1
1
1
1
1
1
1
1
1
1
1
1
1
1
1
1
1
1
1
0.572956
1
1
1
1
1
1
1
1
1
1
1
1
1
1
1
1
1
1
1
1
1
1
1
1.26543
1
1
1
1
1
1
1
1
1
1
1
1
1
1
1
1
1
1
1
1
1
1.4637
1
1
1
1
1
1
1
1
1
1
1
1
1
1
1
1
1
1
1
1
1
1
1
1
1
1
1
1
1
1
1
1
1
1.24173
1
1
1
1
1
1
1
1
1
1
1
1
1
1
1
1
1
1.39486
1.08221
1
1
1
1
1
1
1
1
1
1.33168
1
1
1
1
1
1
1
1
1
1
1
1.10491
1
1
1
1
1
1
1
1
1
1
1
1
1.40065
1
1
1
1
1
1
1
1
1
1
1
1.33311
1
1
1
1
1
1.33588
1
1
1
1
1
1
1
1
1
1
1
1
1
1
1
1
1
1
1
1
1
1
1
1
1
1
1
1
1
1
1
1
1
1
1.16273
1
1
1
1
1
1
1
1
1
1
1
1
1
1
1.44138
1
1
1.40226
1
1
1.35297
1
1
1
1
1
1
1
1
1
1
1
0.928537
1
1
1
1
1
1
1
1
1
0.595767
1
1
1
1
1
1
1
1
1
0.999998
1
1
1
1
1
1
1
1
1
1.0974
1
1
1
1
1
1.35768
1
1
1
1
1.34038
1
1
1
1
1
1
1
1
1
1
1
1
1
1
1
1
1
1
1
1
1
1
1
1
1
1
0.600338
1
1
1
1
1
1
1
1
1
1
1
1
1
1
1
1
1
1
1
1
1
1
1
1
1
1
1
1
1
1
1
1
1.47018
1
1
1
1
1
1
1
1
1
1
1
1
1
1
1
1
1
1
1
1
1
1.35562
1.40502
0.810099
1
1
1
1
1
1
1
1
1
1
1
1.3458
1
0.593452
1
1
1
1
0.842459
1
1
1
1
1
1
1
1
1
1
1
1
1
1
1
1
1
1
1
1
1
1
1
1
1
1
1
1
1
1
1
1
1
1
1.04636
1
1
1
1
1
1
1.35656
1
1
1
1.01661
1
1
1
1
1
1
1
1
1
1
1
0.579623
1
1.37575
1
1
1
1
1
1
1
1
1
1
1
1
1.35293
0.75569
1
1
1
1.39036
1
1
1
1
1
1
1
1.00002
1
1
1
1
1
1
1
1
1
1
1
1
1.35899
1
1
1
1.36549
1
1
1
1
1
1.37013
1
1
0.717928
1
1.29577
1
1
1
1
1
1
1.06092
1
1
1
1
1
1
1
1.34371
1
1.36235
1
1
0.998827
1
1
1
1
1
1
1
1.3465
0.874427
1
1
1
1
1
1.34862
1
1
1
1
1.01256
1
1
1
0.999087
1
1.00005
1
1
1
1
1
1
1
1
1
1
1
1
1
1
1
1
1
1
1
1
1
1.33362
1
1
1
1
1
1
1
1
1
1.35194
1
1
1
1
1
1
1
1
1
1
1
1
1
1
1
1
1.41258
1
1
1
1
1
1
1
1
1
1
1
1
1
1
1
1
1
1
1
1
1
1
1
1
1
1
0.506053
1
1
1
1
1.34474
1
1
1
1
1
1
1
1.37686
1
0.999311
1
1
1
1
1
1
1
1
1
1
1
1
1
1
1
1
1
1
1
1
1
1
1
1
1
1
1
1
1
1
1
1
1
1
1
1
1
1
1
1
1
1
1
1
1
1
1
1
1
1.34599
1
1
1
1
1
1
1
1
1
1
1
1
1
1
1
1
1
1
1
1
1
1
1
1
1
1.39642
1
1
1
1
1
1
1.33357
1
1.05968
0.999999
1
1
1.21462
1
1
1
0.764832
1
1
1
1
1
1
1.33483
1
1
1
1
1
1
0.998077
1
1
1
1
1
1
1
0.94133
1
1
1
1.39509
0.99999
1
1.38156
1
1
1
1
1.23712
1
1
1
1
1
1
1
1.33405
1
1
1
1
1
1
1
1
1
1
1
1
0.999999
1
1
1
1
1
1
1.04678
1
1
1
1.00001
1
1
1.00447
1
1
1
1
1
1
1
1
1
1
1
1
1
1
1
1
1
1
1
1
1.40867
1
1.34735
1
1
1
1
1
1
1
1
1
1
1.32066
1
1
1
1
1
1
1
1
1
1
1
1
1
1
1
1
1
1
1
1
1
1
1
1
1
1.00289
1
1
1.38022
1
1.36836
1
1
1
1
1
1
1
1
1
1
1
1
1
0.999998
1
1
1.0004
1
1
1
1
1
1
1
1
1
1
1.35279
1
1
1
1
1
1
0.999997
1.38544
1
1
1.34377
1.35821
1.00087
1
1
1
1
0.88343
1
1
1
1
1
1
1
1
1
1.00001
1
1
1
1
1
1
1
1
1
0.551042
1
1
1.32992
1
1
1
1.22446
1
1
1
1
1
1
1
1
1
1
1
1
1
1
1
1
1
1
1
1
1
1
1
1
1
1
1
1
1
1
1
1
1
1.05915
1
1
1
1
1
1
1
1
1
1
1
1
0.999999
1
1
1
1
1
1
0.99655
1
1
1
1
1
1
1
1
1.38431
1
1.34856
0.99998
1
1
1
1
1
1
1
1
1
1
1
1
1
0.99603
1
1
1
1
1
1
1
1.46945
1.00006
1
1
1
1.05379
1.02954
1
1
1
1
1
1
1
1
1
1
1
1
1
1
1
1
1
1
1
1
1.2412
1
0.824419
1
1
1
1.3807
1
1
1
1
1.10226
1
1
1
1
1.16083
0.842353
1.32475
0.582551
1
1
1
1
1.36944
1
1
1
1.10431
1
1
1
1
0.999963
1.02238
1
0.999996
1
1
1
1.38863
1
1
1
1
1
1
1
1
1
1
0.775958
1
1.36409
1
1
1
1
1
0.999997
1
1.09815
1
1.00002
1
1.08282
1
1
1.12499
1
1
1
1
1
1
1
1
1
1
1
1
1
1
1
1
0.999943
1
0.614476
1
1
1
1
1
1
1
1
1
1
1.33458
1
1
1
1.36775
1
1
1
1.00001
1
1
1.43183
1
1
1
1.27734
1.23922
1
0.693514
1
1.34898
1
1.35117
1
1
1
1
1
1
1
1.36675
1
1
1
1.34801
1.22521
1
1
1
1
1
0.751665
1
1.14438
1
0.822195
1
1
1
1
1
1
1
1.35983
1
1
1
1
1
1
1
1
1.34896
1
1
1
1
1
1
1
1
1
1
1
1
1
1
1
1
1
1
1
1.35404
1
1
1
1
1
0.998168
1
1
1
1
1
1
1.00005
1
1
1.35808
1
1
1
1
1
0.864703
1
1
1
1
1
1
0.942864
0.999962
1
1
1
1.36208
1
1
1
1
1
1
1
1
1
1
1.34227
1.44553
1
1
1.00033
1
1.38462
1
1
1
1
0.931363
1
1
1
1
0.607538
1.31379
1
1.32543
1
1
0.831956
1
1
1
1
1
1
1
1
1.34119
1.28783
1
1
1
1.35499
1
1
1
1
1.35624
1
1
1
1
1
1
1
1
1
1
1
1
1
1
1
1
1
1
1
1
1
1
1.00493
0.999998
1
1
1
1.3118
1
1.00132
1
1
1
1
1.32617
1
1
1
1
1
1
1
1
1
1
1
1
1
1.12583
1
1
1
0.657765
1
1.10279
1
1.34781
1
1
1
1.349
1
1
1.3556
1
1.16693
1
1
1
1
1
1
1
1.00697
1
1
1.2246
1
1
1
1.33107
1
1
1
1
1
1
1
1.13353
1
1
1
1
1
1
1.41152
1
1
1
1
1
1
0.995859
1
1
1
1
1
1
1.34809
1
1.34967
0.999529
1
1
1
1
1
1
1
1
1.00002
1.19685
1
1
1
1
1.36556
1
1
1
1
1
1
1
1
1.00002
1
1.31831
1
1
1
1
1.00004
0.914483
0.999505
1
1
0.834472
0.960494
1.35974
1
1.00001
1
1
1
1
1
1
1
1
1
1
1
1.35956
1
1
1
1
1.33585
1
0.999749
1
1
1.28556
1.00005
1.20399
1
1
1
1
1
1
1.02416
1
1
1
1
1
1
1.32841
1.34943
1.00092
1
1
1
1
1.31953
1
1
1
1
0.999844
1.13704
1
1
1
1
1
0.999999
1
1
1
1
1
1.36973
1
1
1
1
1.30309
1
1.12693
1.35886
1
1.27267
1.13622
1
1
1
1
1
1
1.31343
1.35701
1
1
1
1.07974
1
1
1
1
1
1.01745
1
1
1
1
1
1
1
1
1
1
1
1
1
1
0.602073
1
1
1.3168
0.896204
1
1.4712
1
1
1
1
1
1.34711
1
1
1
1
1
1
1
1
1
1
1
1
1
1
1
1
1
1
1
1
1
1
1
1
1
1
1
1.46523
1
1
1
1
1
1.35492
1
1
1
1.36245
1
1
1
1
1
1.38834
1
1
1
1
1
1
1
1
1
1.4007
1
1
1
1
1
1
1
1
1
1
1.39836
1
1
1.10395
1
1
1
1.38958
1
1
1
1
1
1
1
1
1
1.35501
1
0.999996
1
1
1
1
1.37766
1
1.35635
1.33678
1
1
1
0.591847
1.36803
1
1
1
1
1
1
0.682998
1
1.33196
1
1.41547
1
1
1
1.09964
1
1.41401
1
1
1
1
1
1
1.00001
0.927484
1.32167
1
1
1
1
1
1
1
1
1
1
1
1
1
1
0.736768
1
1
1
1.36004
1
1
1
1
1
1
1
1
1
1
1
1
1
1
1.35237
1
1
1
1
1
1
1
1
1
1.32521
1
1
1
1
1
1
1
1.33178
1.31335
1
1
1
1.38794
1
1
1
1
1.32951
1
1
1.23853
1
1
1
1
1
1
0.999732
1
1
1
1
1
1
1
1
1
1
1
1
1
1
1
1
1
1
1
1
0.798926
1
1
1
1.4718
0.77878
1
1
1
1
1
1
1
1
1.31924
1
1
1
1
1
1
1.36671
0.998991
0.619738
1.00002
1.34145
1
1
1
1
1
1
0.850183
1
1
1
1
1
1
1
0.999936
1.38246
1
1
1
1
1
1
1
1
1
1
1
1
1
1
1
1
1
1
1
1
0.762109
1
1.39879
0.999999
1.36218
1
1
1
1
1
1
1
1
1.29788
1
1
1
1
1
1
1
1
1
0.87167
1
1
1
1
1
1
1
1
1
1
1
1
1
1.26168
1
1
0.697243
1
1.34811
1
1
1
1.37419
1
1
1
1.42538
1
1
1
1
1
1
1
1
1
1
1
1
1
1
1
1
1
1
1
1.25851
1
1
1
1
1
1
1
1
0.554527
0.838569
1
1
1
1
1
1
1
1
1
1
1
1
1
1.34094
1.40431
1
1
1.00001
0.99968
1
1
1
1
1
1
1
1
1.16547
1
0.877224
1
1
1
0.829426
1
1
1
1
0.772855
1.27454
1
1
1
1
1
0.738909
0.553408
1
1
1
1
1
1
0.999993
1
1
0.581908
1
1
1
1
1
1
1
1.20879
1
1
1
1
1
1
1
1
1
1
1
1
1
1
1
1
1
1
1
1
1
1.39225
1
1
1
1.18256
0.92636
1
0.767017
1
1
0.299733
1
1.05354
1
1
1
1
1
1.3521
1
1
1.31725
1
1
1
1.21808
1
1
1
1
1
1
1
1
1
0.57752
1
1
0.843419
1
1
1
0.999998
1
1
1
1
1
1
1
1
1
1
1
1
1.08665
1.24298
1
1.34744
1
1
1.3386
1.40174
1
1
1
1.29784
1
1
1
1.30231
1
1
1
1
1
1
1
0.619654
0.680313
1
1
1
1
1
1.3417
1.41372
1.37892
1
1
1
0.683697
1
1
1.37586
1
1
1
1
1.41543
1.17275
1
1
1.34511
1
0.613671
1
1
1
1
1
1
1
1
1
1
1
1
1.36416
1
1
1
1
1
1
1
1
1
1
1
0.999994
0.966583
1
1.00006
1.41751
1
1
1.05999
1
1
1
1
1
0.999992
1
1
1.2992
1
1
1
1
1
1
1
1
1
0.609217
1
1.10978
0.999999
1
1.42176
1.41016
1
1
1
1
1
1
1
1
1
1
1
1
1
1
1
1
1
0.615292
1
1.01167
1
1
1
1.25481
1
1
1
1.41804
1
1
1
1.14905
1.41151
1
1
1
1
1
1
1.20262
1
1
1
1
1
1
1
1
1
1
1
1
1
1
1
1
1
1
1
1
0.99999
1
1
1
1
1
1.38468
1
1.34994
1
1
1.00007
1
1
1
1
0.69557
1
1
1
1
1
1
1
1.3658
1.4139
0.731385
1
1.05762
1
1
1
1.08143
1
1
1
1
1
1
1
0.498627
1
0.944656
1
1
1
1
1
0.599423
1
1
1
1.45913
1
1
1
1
1
1
1
1
1
1
1
1
1.00001
1
1.43676
1.01128
1
1.42029
1
1
0.992607
1
1
1
1
1
0.557458
0.999933
1
1.42036
1
1
1
1
1
1
1
1.00478
1.34218
0.424628
1
1
1
1
1
1
1
1
1.06399
1
1
1
1.34814
1
1
1
1
1.3273
1
1.00332
1.05738
1
1
1.34036
1
1
1
1
1.34357
1
1
1
1.47196
1
1
1
1
0.522672
1
1
0.999924
1
0.679075
1
1
1
1
1.41919
1
0.999307
1
1
1
1.34493
1
1
1
1
1
1.3624
1
1
1
1
1
1
1
1
0.730873
1
1
1.00001
1
1
1
1
1
1.31135
1
0.641722
1
1
1
1
1.27269
1
1
1
1.42657
1
1
1
0.942597
1
1
1.46753
1
1
0.518274
1
1
1
1
1
1
1.42182
1
1
1.07075
1.34946
1
1
1
1
1
0.99709
1
1
1
1
1
1
1
1
0.730028
1
1
1
1.3841
1.41975
1
1
1
1
1
1
1
1
1
1
1
1
1
1
0.533882
1
1
1
1
1.03266
1
1
1.47192
1.2177
1
1.4504
1
1
1
1
1
1
1
1
1
1
1
1
1
1.41832
1
0.623672
1
1
1
1
1
1
1
1
1
1.02522
1
1
1
1
1
1
1
1
1
1.00012
0.999827
1
1
1.00874
1.37307
1
1
1
1
1
1.33057
1
1.32715
0.961543
0.597095
1.36891
1
0.531777
1
1
1
1
1.47048
1
1
0.999985
1
1
1
1
1
1
1
1
1
1.15796
1
0.999998
1.0004
1
1
0.999908
1.39536
1
1
1
1
1
1
1
1
1.34308
1
1
1.35655
1
0.999971
1.3713
1
1
0.756888
1
0.999998
1
1
1
1
1.3929
1
1
1
1
1
0.999998
1
1
1.34169
1
1
1
1.43013
1
1.32587
1
1
1
1
1.30855
1
1
1
1
1.37544
1.34888
1
1.32024
1
1
1
1.39199
0.999997
1
1
0.555365
1.36622
0.735705
1
1.35134
1
1.39445
1
1
1
1
1
1
1
1
1.35951
1
1
1.29999
1.02299
1.29447
1.3727
1
1.00015
1
1.34063
1
1
1
1.37357
1
1.35651
1.39407
1.33522
1
1
0.999999
1
1
1.32644
1
1
1
1.36628
1
1
1
0.67692
1
1.32659
1
1.42574
1
1
1
1
1
1
1
1
1.36903
1
1
1.36676
1
1
1.37602
1
1
1
1
1.20672
1.25044
1
1
1
1
1.32028
1
0.609001
1
1
1
1
1
1
0.711899
1.2601
1.34623
0.908996
1
1
1
1
1
1
0.566986
1
0.630242
1
1.34087
1
1
1
1
1.17574
1
1.36036
1
1
0.413501
1.30265
1
1.33
1.31282
0.759004
1
0.58503
1
1
0.578099
1
1
1
0.523079
1
1
1.33368
1
1
1.26201
1.02816
1
1.32399
1
1
1
1
1.35985
0.99999
1.38085
1.01795
1
1
1
1.36408
1.32908
1
1
1
1.16515
1
1
0.804082
1
1.34185
1
1.39813
1
1
1
1.00001
1
1.34795
1
1.35865
1
1
1.00296
1.03434
1.35553
1
1
1.37752
1.32319
1
1
1.3705
1
1
1
1
1
1
1.41906
1.36754
1.19625
0.998539
1
1
1
1
1
1.12864
0.559847
1
1
1
1
1.32812
1.00264
1.34885
1
1.08791
1
1
1.20453
0.594916
1
1
1.38312
1
1.35693
1
1
1
1.32472
1
1.35399
1
0.999552
1
1.32307
1
1
1
1
1
1
1
1.46757
1
1
1
1
1.3474
1
0.72468
1
1
1.34572
1
1
1.31846
1
1.21794
1
1
1
1.35564
1
1.3554
1.3848
0.995561
1
1
1.13593
1
0.605327
1.15164
1.15027
1.29876
1
1
1
0.999747
0.871977
1.33687
1
1
1
1
1
1
1
1
1
1
1
1
1
1
0.599435
1
1
1
1
1.0793
1
1
1
1
1
1
1
0.616171
1.39137
1.40158
1
1
1.33394
0.782477
1.01485
1.3369
0.998005
1
1
1
1.3353
1.42137
1
1
1
1
1
0.996559
1
1
1
1
1
1.34958
1
1
1
1.47088
1.24131
1
1.29329
1
1
1
1
1
1
1
0.996878
1.23063
1.22113
1
1
1
1
0.567496
1.00001
1
1.34969
1.32493
1
1
1
1.34018
0.57728
1
0.999999
0.999301
1.06119
1
1
1.30318
1
1
1.00002
1
1
1.33155
1
1
1
1.34288
1
1
1
1.28134
1
1
0.537762
1
1
1
1.35013
0.99278
1.00001
1.3939
1
1
1
0.587008
1
1.07023
1
1.12562
1
1
1.10709
1
1
1
1
1
1
1
1
1
1
1.05388
1
1
1
1
1
0.9853
1
1
1
0.730279
1
1.34867
1.32274
1
1.33864
1.41903
1
1.25146
1.28664
1
0.64256
1
1
1
1
1
1
1
1
1.06829
1
1
0.999999
1
1
1.369
1.47046
1
1
1.34646
0.79182
1.34218
1
1.32547
1.36007
0.598443
1
0.999247
1.47132
1
1
1
1.33683
1.33675
1
1
1
1.31016
1
1
1
1
1
1.00001
1.3949
1
1
1
1
1.34136
1.33697
1.35542
0.999984
1
1
1
1
1.35491
1.06706
1.11403
0.8215
0.999984
1.00001
1
1
1
1
1.17876
1.00002
1
1.34387
1
0.876455
1
1.00002
1
1
0.999999
1
1
1.35551
1
1
1
1.40301
1
1
1
0.999999
0.996583
1
0.949715
1
1
1
1
1
0.99985
1.00004
0.979011
1
1
1
1
1.33908
1
1.34416
1.32929
1
1
1.3749
1
1
1.36353
0.999974
1
1.34891
0.898279
1.2288
1
1.3507
1.00002
1
1
1
0.999688
0.597306
1.00101
1.14181
0.850336
1.33912
1.47157
1
1
1
0.999496
1
1
1.39783
1
1
1
1.08441
1
1
1.46995
0.999999
1.33734
1.3228
1.18183
0.999999
1
1
1
1
1
1
1
1
1.3672
1
1
1
1
1.3674
1
0.999856
1.3382
1
1.11823
1
1
1
1
1
1
1
1
1.22334
1.19976
0.99996
0.999605
0.999676
1
1
1
1
1
1
1.33929
1
1
1.00001
1
0.999748
1
0.583207
1
1.348
1
1
1
0.594915
1
1.40262
1
0.999181
1.41042
1
1
0.728388
1
1.33535
1.36065
1.31453
1
1
1.47264
0.51528
1
1.3579
1
0.62878
1
1.35252
1.35147
1.3422
0.648761
1.07333
1.341
1.2587
1
1.37594
1
1
1.34039
1.34936
1
0.998658
1
0.999211
1
1
1
1
1
1
0.999999
1
1.00005
1
1
1
1
1.34208
1
1
1
0.998012
1.04439
1
1
1
1.34808
1
0.590044
1
1
1.01101
1
1.08569
1
1.39674
1.35133
1
1
1.41275
1
1.00023
1.36309
1
1.00002
1
1
1
1.31774
1.36461
1
1.34484
1.3545
1
1.35694
1.34247
1
1
1.01899
1
1.47193
1.34389
1.32819
1.05665
1.37138
1
1
1.21117
1
1.36486
1.3636
1.34822
0.998451
1.02479
1
1.34771
1
1
1.28044
1.36438
1
1
1
1.0221
1
1.23795
1
1.33742
1
1.12286
1.37051
1.28232
0.538844
0.746463
1
1
1
1
1.30749
1
1
0.58942
1
1
1
1
1.40728
1.35433
1.34224
1
1
1
1
1
1
1
1.43211
1.46681
0.918757
1
1
1
1
1
1.3226
1.35781
1.34392
1.42712
1.33957
0.607
1.32252
1.36976
1.35035
1.3891
1
1.00003
1
1
1.35663
1
1
0.99962
1.00001
1.33632
1
1
1
1.37935
1.36912
1
1.44176
1
1
1.33793
1
1.35557
0.670084
1
0.58136
1.37089
0.649685
1
1.41385
1.40511
1
0.965445
1
1
1.36319
1
1.42383
1
1
1
1.47091
0.996523
1
1.35879
1.01019
1
1
0.948097
1
0.999718
1
0.590658
1
0.93796
1.41862
1
1
0.996784
1
1
1.47035
1
1
0.999877
1.42428
1
1.32786
1.32787
0.781821
0.872346
1.4175
1.00004
1
1
1
1.35422
1
0.711784
1.33778
1.36113
1.4126
1
1
1
1
0.921324
1
0.999586
1.36215
1.35981
1
0.589695
1.4296
1
0.667407
1
1
1
1.02279
1.2554
1
1
1.13858
1
1
1
1
1
1.33774
1.34027
1
1
1
1.3388
1
1.00525
1.37526
1.33731
1
1.42937
1
1
1.33226
1
1.37351
1
1
1
1
1
1
1
1
1.34568
1.38652
1.33626
1.3561
1
1
1
1
1
1
1.47431
1
1.3479
1.42353
1
1.33671
1
1
1
1
1.41739
1.33095
1
1
1
1.34114
1.10154
1
1.36747
1.45607
1
1
1
1
1.22657
1
1
1.05464
1.47154
1
1.33977
1.36755
1
1
1.32484
1.32967
1
1.27634
0.714907
0.999446
1
1.35696
1
1
1
1
1
1.31292
1.34154
1
1
1.26808
1
1.17787
1.08646
1.33533
1
1.00001
1
1.0115
1
1
0.999999
1
1
1.38411
1
1.29467
1.00012
1.35319
1
1
1
1
1
1.0031
0.614238
1
1
1.36268
1
1.34668
0.796931
1.36278
0.530149
1
1
0.998867
0.794996
1
1
1.03626
0.579066
1.20743
1.36054
1
1.47225
1
0.999989
1
1
1.34563
1.34535
1.36537
0.630427
1
1.42198
0.999999
1
1.00002
1
1.47226
1.36181
1
1.35345
1
1
1.12353
1
1.07348
1
1
0.591399
1.3778
1.33765
1
1.35856
1.37413
1
1.32964
1.34265
1.42292
1.29092
1
1
1.33022
1
1
1
0.598715
1
1
1.39681
1.33855
1
1
1.00707
0.839489
1
0.571307
1
1
1.42227
0.92087
1.42356
1
1.07615
1
1
1
1
1
1.38231
1.36285
1
1
1.31347
1
1
1
0.625636
1
1
1
1
1
1
1
1.35788
1.44287
0.589644
1
1
1.36871
1.34812
1
1
1
1.36228
1.40031
1.35058
1
0.999999
1
1
1
1
1.35579
1.24934
1
1
1
1
1.34283
1
1.33612
1
1.34253
1
1
1
1
1.35736
1.0025
1
1.3398
1
1
1
0.590912
1.35295
1.33363
1.39749
1
1
1.3437
1
1
1.36604
1.36828
1.36346
1
1.3448
1.35578
1
1
1.40226
1
1.3354
1.35873
1
1
1.46016
0.587959
0.971663
1
0.999998
1.34069
1
1
1
1
1
1.39442
1
1.47148
1
1
1
0.999999
1
1.47032
1
1
1.13555
1
1
1
1
1
1
1.27402
1
1.16814
1
0.581462
1
1
1
1
0.675522
0.565205
1
1.34755
1
1
1
1
1
1
1
1
1.3441
1
0.996829
1
1.11252
1.36356
1
1
1.37731
1.39382
1.32748
1.35661
1
1
1.05431
1
1.33904
1.3922
1.41393
1
1
0.557357
1
1
1
1
1
1
1.00001
1
1
1.46844
0.585086
1
0.951528
1
0.890483
1
0.576794
1.18795
1
1
1
1.40101
0.812924
1
1.33971
1.37707
1.00375
0.999997
1.19706
1.3485
1
1
1
1.37883
1
1.47381
1
1
1
1
1
1
1
1
1
1
1.36175
1.31722
1
1
1
1
0.871913
1
0.711041
1
1.32169
1
1
1
1.39664
0.628541
1.34718
1
1
0.888714
0.836055
1.41717
1
1.38637
1
1
1.37686
1
1
0.423832
1
1.39482
1.00001
1
1
1
0.799194
0.194018
1
0.592148
1
1.45466
1.33905
1.35748
1
1
1
1.13891
1
0.665955
1
1
1.37551
1.0323
1
1
1
1.38906
1.34433
1
1
1.40383
0.985718
1
1.32402
0.833412
1
1
0.942175
1
1.40609
1
0.858778
1.34011
0.591763
1.00726
1.3953
1.20587
0.878912
1.34852
1.35754
1
1
1
1.28217
1
1
0.880751
1
1.47266
1
1.30947
1
1
1.40106
1
1.35571
1.47276
0.589227
0.721405
1
1
1
0.577731
1.46949
1.47
1
1.34899
0.718783
1.12839
1.27416
1
1.47246
1
1
1
1
1
1
1.37108
1
1
1.41125
1
1
1.25032
1
1.47005
1.10311
1
1.34578
1
1
1
1.25019
1
1
1
1.3446
1
1.33882
1
0.858404
1
1
1.34584
0.736792
1
1
1.00184
1.35546
1
0.713258
1
1.03985
0.597547
1.3427
1.31464
1.39667
1
1
0.59726
1.36233
0.751851
1.40298
0.196944
1.35705
1
1
1.27879
0.999678
0.681368
1
1
1
1
1
1.47275
1
1
1.40762
1.35804
1
1
1
1
1
1
1
1.34149
1
1.44952
0.999917
1.36038
1.35728
1.36164
1.3992
1.41435
1.39716
1.35497
1
1.29693
1
0.998506
1.3561
0.53843
1
0.738139
1.35861
1
1.35729
1.35426
0.63268
1.35859
1.00004
1
1.35841
1.36219
1.36114
1
1.34655
0.999848
1
1
1
1.24109
1
1
1.1572
1.35916
1
1
1
1
1.30919
1
1
0.769638
1
1
1.14529
1
1
1
1.29176
1
0.584335
1.43061
1
1
1
1
1.19714
1
1
1.34089
1
1
1
1
1
1.26327
0.766388
1
1.33119
0.62506
1
1.14546
1.47223
0.999999
1
1
1
1
1
1
1.33968
1
1
1.41816
1
1.34728
1
1
1.00818
1.0352
0.742648
1
1.3877
1
1
1
1
1
1
1
1.34041
1.00064
1
1
1
1.00001
1.47385
1
1
1
1
1.34289
1
1.02802
1.15047
1
1
1
1.34089
1.34477
1
1.35103
1
1
1.47183
1.33711
1
1
1
1
1
1
0.941831
1
1
0.999996
1.13143
1
0.546251
0.580155
1.31441
1
1.3587
1.4736
0.68158
1
1
0.675619
0.583613
1
1
1.4726
1
0.596778
1
0.99699
1
1
1
1
1
1
1
1
1.35884
1.0439
1
1
1.44996
1
1.32969
1
1.34747
1
1
1.47046
1
1.47192
1
1.38379
1
1
1
1
1
1.01568
1
1
1
0.996068
1
1
1.27817
1
1
1
1
1
1
1.34362
1.35679
0.999997
1.23323
1.09132
1
1.47196
1
1.34862
1.00232
1
1
1.31986
1
1.34599
1
1.2445
1
0.646367
1
1
1.40176
1
1
1
0.615666
1.40414
0.999253
0.549938
1
1
0.999104
1.35886
1
1
1
1
1
1
1.34163
1
1
1
1
1
1
1
0.58129
1
1
1
1
1
1
1
1.00001
1
1.33814
1
1.48057
1
0.834266
1
1.33562
1
1.35837
1
0.999999
1
1.42544
1
1.45965
1
1
1
1.35797
1.35659
1
1
1
0.999827
1
1
1
0.573042
1.46968
1.36099
1.35695
1
1
1
0.582765
0.738228
1.36368
1.37097
1.00385
0.559002
1.30545
1
1.11522
1.35007
1
1
1
1
1
1
1
1
0.601035
1
1.35128
1
1.34045
1.03245
1
1
1
1
1.10829
1
1
1
1
1.47157
1
1.3976
1
1
1
1
0.232281
0.998658
1.34851
0.700982
1.02648
1
1.3217
1.47009
1
1.35832
1.30398
0.601826
1
1.12727
1
1
1.47388
1
1
1.07219
1
1
1
1
0.999629
1.07958
0.850279
1.36158
0.996071
1.35803
0.999981
1
1.36163
1
0.982939
1
0.877468
1.47893
1.11214
1
0.58563
1.00014
1
1
1.47242
1
1.33363
1
1
0.577093
1.35202
1.08669
1.16366
1.38184
1.36984
1
0.99694
1.34763
1
1
1.02599
1.47287
1
1
0.582625
1.3368
1
0.860885
1.21871
0.998289
1
1
1
1.46982
1.00001
1
1
1
1
1.10963
1
1
1
1.47178
1
1.32803
0.748722
1
1
1.34549
0.689822
1
1.21293
0.72724
1
1.34723
1.34236
1
1
1
1
0.80614
1
1
1.35608
1
1
1.38044
1
0.95639
1
1.32835
1
1.06662
1.00001
1
1
1.16457
1
1
1
1
1.35555
1
1
1
1.02012
1
0.688574
1.33617
1
1
1
1.08604
0.610971
1
1.38377
1
1.35721
1
1.33089
1
0.998179
1
1
1
0.742164
1.3625
1
1
1
1.30153
1
1
1
1.00047
0.674925
1.20265
1
1.00001
1.29391
0.969878
1
1
1
0.715636
1.33216
1
1
1.38705
1.2706
0.787915
1.35118
0.713941
1
1
1
1.37671
1
1
1
1
1
1
1
0.57004
0.698346
1.13546
1.0578
0.786869
1
1.1105
1.30926
1
1.23084
0.567357
1.0096
1
1
1.23501
0.884799
1
0.395471
1
1
1
0.702536
1
1.05157
1
1.30456
1
1
1.33677
1
1
1.46716
1
0.662674
0.62463
0.953083
1.34306
0.82321
1.23624
1
0.727768
1.33076
1
1
0.901972
1.47197
1.42612
1.47069
1.34695
0.95639
1.35252
1
1
1.02994
1
0.849376
1.07099
1
0.879303
1
1.35166
1
1
1
1
0.747221
0.990898
0.620108
0.77386
1
1
1
1
1.3615
1
1
1.32842
1
1
1
1
1
1
1.0028
0.917426
1
1
0.91797
0.997156
1.12883
0.591685
1.35521
1
1
1.32982
1.08622
1
1.03238
1
0.222076
0.680916
1
1
1
1
1.32496
1
1
1
1
1
1
1
1.11667
1
1
1
1.14756
1
1.47095
1
0.474662
0.320442
0.578512
1.01875
1
1
1.41687
1
1.30373
1
0.999839
1
1
0.681153
1
1.06797
0.596448
1
0.999905
1
1.33061
0.608353
0.999775
0.879771
1.39567
1
1
0.912878
0.688301
1
0.34138
0.999999
0.935071
1.07546
0.833621
1.20419
1
0.639938
1.04449
1
0.20008
1
1
0.525031
1
1
1
1
1.44213
1.34442
0.670359
1
1.00003
0.638902
1.0771
0.971841
1
1.35991
1.32635
1
1
1.17257
1
1
1
1
0.595952
1
1
0.889142
1.40272
1
1.06261
1
1
1.19535
1
1
1
1
1
1
1.25254
1
0.64239
0.647497
1
1.33982
0.688229
0.56493
1.33518
1
1
1
0.995836
1.16298
1
1.01352
1
1
0.706364
0.608756
0.624378
1.20148
1.32733
1.47086
1
1
1
1
1.36977
1
1
1
1.34385
1
1.41335
0.59496
1
1
0.933024
1
1
1.37053
1
0.597363
1.00002
1
0.620006
1
1.3271
1
1.00003
1.33557
1
1
1
1.10759
0.915717
1
1.35523
1
1
1
1.27503
1
0.605845
1
0.998055
1.39929
1
1.37704
1
1
1
0.622411
1
1.34986
1.34483
1.39688
0.517276
1.00501
0.613574
1
1
1
1.04805
1.40849
1
1
0.704181
1
1
1.29363
1
0.717498
0.564336
1
1
1
1
1
1.28767
1.32496
1
1
1
1
1.32495
1
1
1
1
1.04552
1.40952
1.26638
1
0.999967
1
1
1.34588
1
1
1
1.34376
1
1
1
1
1
0.909961
1.33345
1
1
1
1
1
1
1
1
1.31691
1
1
1.47044
1.4641
1
1
0.628557
1.42335
1
1
1
1
1
1
1
1.47361
1
1
1.47154
1
0.591211
0.554494
1
0.999595
1
1
1
1
1
1.00005
1
1
0.723269
0.624556
1.30657
0.672318
1.33504
1
1
1.42049
1
1
0.491022
1.33677
1
1
1
1.47285
1
1
1.19637
1
1.30345
1.45683
1
1.34528
1.35304
1
1
1
0.500717
1
0.999232
1
1
0.480255
0.999999
1
0.778446
1
0.622954
1
0.62836
1
1
0.999342
1
1
1
0.59181
1.3461
1
1
1
1
1
1
1.3422
0.556982
1
1
1
0.995909
1
0.616538
1.35573
1
1
0.997791
1
0.96645
0.516186
1
1
1
0.999998
1.32178
1
1
1
1
1
0.999348
0.78301
1
1.35846
1.39849
1
1
1.00003
0.551719
0.673087
1.00003
1
1.00002
1
1.34192
1.35841
1.40236
1
0.32735
1
1
1.39966
1
0.628719
1
1
0.426289
0.600273
1
1.46965
0.583135
0.999998
1
1
1
1
0.152312
1
1
0.749359
1
1.3359
0.999979
1
0.77093
1
1.00899
1
1
1
0.999685
1
1
1.46935
1.35323
0.997849
1
1
1
1
1
1
1
1
1.35602
1
1
1
1
0.597341
1
1
0.556295
0.745637
1.00001
1
1
1
1
1
1.34573
0.827334
1
1.38861
1
1
1
1
0.999977
1
1
1
1.3163
0.716678
1
1
0.48743
1
1
1.33356
1
1
1.45395
0.589516
0.600398
1
1.3729
1
1.04368
1
0.530615
1
1
0.584654
1
0.74815
1
1.35505
1
1
1.3642
0.586
1
1
1
0.999992
0.661764
1
1.39732
1
0.648803
1.41385
1.46964
0.583953
1.47245
0.999999
0.70366
1.41452
1
1.4653
0.585194
0.668244
1
1.37736
1
1.00002
0.702725
1
0.904862
1
1
1
1
1
0.568944
1
1
0.999999
1
1
0.99761
1
1.20584
1.31793
1
0.99995
1
1.32317
0.644008
1
1
1.00279
1
1
1.11235
1.39885
1.36063
1
1
1
1
0.587432
1
1.46837
1
0.639229
1
1.38375
1.35763
1.4115
1
1
1.33542
1
1.36129
1
1.3012
0.479829
1
1
1.09255
1
1.46591
1.10181
1
1
1
1
1
1
0.999999
1
0.999995
1.09928
0.662263
1
1
0.593681
0.590379
1.40603
1
0.999856
1
1.18274
1
1
1
1.01618
1
1.3382
1
1
1
0.600886
1
1
1
0.647501
0.908508
1
1
0.558919
1
1
0.999555
1
1
1
1
0.154135
0.996171
1
0.601705
1
1
1
1
1.35776
1
0.914766
0.380239
1
1
1
1
1
1
1.00005
1.26122
0.883301
1
1
1
1
1
0.519892
1
1
1
0.945836
1.00001
1
1
1.41607
1.02671
1
0.74193
1
1
1
1
1.14067
1
1
1.3895
1
1
1
1
1
1.37032
1
1
1
0.999083
0.986717
1
1.41145
1
1
1
1
1
0.606593
1
1
0.677645
1.13115
1
1
0.999938
1
1
1
1
1
1
1
1
1
0.679525
1
0.654278
1
0.999997
1
1.00665
1
0.584718
1.35708
0.643625
1.34015
0.999496
1
1
0.73991
1
1
0.673767
0.99998
1.37651
1
1
1.34901
1
1.37958
1
1
1
1
1
1
1.47016
1
1.41652
1
1.46517
1
1
1.26717
1
0.687967
1.325
1.22338
1
1.0605
1
0.543007
1
1
1
1
1
1
0.549382
1.47089
1.47305
1
1
1
1.00003
0.425625
0.698295
0.598894
1
0.999999
0.613791
1
1
1
1
1
1
1
1
1
1.19784
0.618837
1.35744
1
1
1
0.609965
1
1
1
1.31354
1
1
1
1
1
1
1
1
1
1.39985
1
1
1.03965
1.0733
1
1
0.999983
0.687801
1
1
1
1.26848
1
1
1
1.32936
1
0.757854
1
1
1.00087
1.13981
1
1
1
1
1
1.31086
1
1.14348
1
1
1
1.00019
1
1
1
1
1
1
1.00005
1.21065
1.35208
1
1.29246
1
1
1
1
1
0.600876
1.23329
0.926594
1
1.39082
1
1
1
1.00814
1
1
1
1.34058
1
0.39767
1
0.999984
1
1
1
1.3176
1
1.00004
1
1.21997
1
0.538173
1.21127
1
1
0.890575
1.05726
0.695987
1.2552
0.800364
1.17319
1
1.34446
1.20077
1
1
1.00007
1
1
0.999507
1
1
1
0.809941
1.47375
1.14404
1
0.979726
1
1.38688
1
1
1
0.999999
1
0.373613
1
1
0.436743
1
1
1.44457
0.508133
1
1.27674
1
1
0.967393
0.999851
1.14025
1
1.34336
1
0.999999
0.46948
1
1
1
1
1
1.32492
1.00002
1
0.784025
1
0.627807
1.47287
1
1.00004
1
1.26454
1
1.32755
1
1.13639
0.597386
0.750373
0.999998
1
1.00007
1.00005
0.267043
1
1
1.47232
1
1
0.999934
1
0.933932
1
1.31121
1
0.999908
1
1
1.38455
1
1
1
1
1
1.05521
0.532509
1
1
1.33487
1
1
1
1.33236
1.00007
1
1
1
1
1
1
1
1
0.999997
1
1.00003
1
1
1
1
1
1.47413
0.999997
1
0.806298
1
1
0.556189
1
1
1
1.01562
1
0.840593
1
1
1
1
1
1
1.0001
1
1
1.33196
0.848195
0.782445
0.472905
1.39058
0.595268
1
1
1
1
1.00045
1
1
0.614316
1
1
1
1
1
1
1
1
1
1.32028
1
1
1
1
1
1
1.3508
1
0.800109
1
1.39742
1.21028
1
1
1.28667
1
1
1
1
1
1
1
1
1.38658
1
0.600361
1
0.761969
1
1
1
1.00559
0.568772
1
0.999591
1
1
1
1
0.659488
1
0.890204
0.592813
1.47199
1
1
0.741556
1
0.729949
1
1
1
1
1
0.999648
1
1
1.30688
1
1
1
1.41763
1
0.556034
1
1
1
1
0.430138
0.631243
1.19188
1
0.586957
1
0.598578
1
1
1
1.01634
0.717047
1
0.61518
1.33353
0.538519
1.10441
1.01618
1
1
0.999998
0.543377
1
0.675354
1
1
1
1
1
0.646823
1
1
1
1
1
1
1
1.00002
1
1
1.01948
1
1
1
1
1
1.33755
1
1
0.679758
1
1
0.69191
1.00001
0.948206
1
1
1
1
1.28531
0.588808
1
0.999713
1
1
1
0.72702
1
1
0.999997
1.00059
1.4656
1.38825
1
1.0675
0.708548
0.731136
1
1
1
1
0.15358
1
1
0.999993
1
0.784479
0.723079
1
1
0.894032
1
1
1
1
1
1.00007
0.999345
1
1.4704
0.410056
1.00002
1
1
1
1
0.999952
1.34882
0.999998
1
1.40678
1
1
0.999469
0.864638
1
0.999999
0.375573
1
1
1
1
1
1
1.47051
1
0.587148
1.3407
1
1
1.38698
0.761735
1
1
0.999874
1.41476
1
1
1.38589
0.998867
1
1
1
0.62873
1.34486
0.5713
1
1
1
1
1
0.581278
1
1
0.644894
0.999999
0.499704
0.596585
1.0045
0.997461
1
1.37308
1
1
1
1
1
1.41528
0.5925
1
0.562535
1
1
0.967751
1.03094
1
1
0.539072
1
1
1
1
0.653791
1
1
0.18649
1.32102
1
1
1
1
1.0591
1
1
1
1
0.794021
1
1
1
1
1
1
1.00005
1
1
1
1.33054
0.999999
1
1
1.00003
1
1
1.47036
0.58321
0.671219
1
1
1.46978
1
1
1
1.38595
1
0.367525
1.00004
1.42784
1
1
1
1
1
1.33089
1
1.38587
0.486471
1
1
1
1
1.00054
1
1
1
1
0.902493
1
1
1
0.222712
1
1
1
1
0.519941
1
1
1
1
1
1.14131
1
1
0.232624
1
1
1
1
0.458628
1
1
0.519652
0.428556
0.459864
1.00304
1
1
1
1
1
1
1.26517
1.29638
1
1
1
1.22411
1.18635
1
1
1
1
1
1
1
1.35665
0.879843
1
0.999716
1
1
1
1.35635
0.54
1
0.223026
1
1
0.254887
1
1.00003
1
1.18113
1
1.3267
1
1.39227
1
0.639219
0.896431
0.581798
1
1.36417
1
1
1
1
1.37671
1
1
1
0.823081
1
1
0.999998
0.465438
1
1
1
1.00001
1
1
1
0.842339
0.733853
1
1
1
0.997598
1
0.59613
1.35163
1.01289
0.999998
0.999816
1
0.599353
1
1
1
1
1
1.02773
1
1
1
1
0.77698
1
1
1
1.27665
1
1.00003
1.33278
1
1
1
1
1
1
1
1
0.887599
0.41023
1.01125
1
1
1
0.62908
0.850915
1.00005
1
1
1.10627
1
1.3114
1.03275
1
1
1
1
1.37585
1
1
1
1
1
1
1
1
1
1.00009
1
1.36668
1.05887
1
1
1
1.11771
1
1.4712
1
1
1
1
1
1
0.93952
0.771028
1
1.3719
1.00003
1
1
1
0.554243
1.05538
1
0.669811
1.38362
1
0.759045
1.47061
1
1
1
1
1.25722
1
1
1.08116
1
1
1
1
1
1
1
0.997271
1
1
1
0.765698
1
1
1
0.8595
1
1
1
0.57563
1.23953
1.00002
0.961228
1
1.00005
1
0.766746
1
1
1.39549
0.999996
1
1
1
1
0.999682
1
0.755919
1
0.682798
0.58785
1
1
1
0.538146
1
1
1.00001
1
1
0.564475
1.47232
1
0.567154
1
1.00003
1
1
1
0.553687
1
1
1
1
1
0.263728
1
1
0.822168
1.47026
0.776185
1.32857
1.34197
1
1
0.999994
1
1
1
1.33303
1
1
1
1
0.568568
1
1
0.591336
1
1
1
1
1
0.323196
1
1
1
0.596842
0.154606
1
1
1
0.818065
1
0.631948
1
1
1
1
1
1
1
1.206
1
1
1
1
1
0.999785
1.00006
1
1
1
1
1.27331
0.999999
1
1
1
1
1
1
1
1
1.3908
1
1
1
1
1
1
1.28881
1
1
1
1
1
0.997157
1.47115
1
1
1.39386
1
1.38758
0.879517
1.38239
0.824297
1.2595
1.08781
1
1.1927
1
1.44869
1.14263
1
1.47318
0.558762
1
1
1.32262
0.196942
1
1
1
0.590034
1
0.734269
1
1
1
0.917017
1
1
1
1
1
1.38611
1
1
0.78519
0.999993
1
1.23615
1.37804
0.904284
1.38702
0.457297
1
1
1
1
0.786711
1
1
1.3416
1.1975
1.00825
0.647425
1
1
1
0.617323
1
1
1.09546
1
1.37474
1
1
1
1
1.27801
1
1
0.7754
1
1
0.883582
1
0.973208
1
1
0.601198
1
1
0.947411
1
0.830526
1
1
0.516057
1
1.36409
1.00001
1
1
1
1
1
1.20735
1
1
1
1.38349
1.47244
0.993035
1
0.999922
1
1
1
1
1
1.38983
1
1
1
1
1
1
0.808119
1
0.926968
1
1
1
1
1
1.38815
1
1
1
1
1.33725
1
0.999274
1
1
1
1
1
0.807577
1
1.00003
1
0.781194
1
1
1.14177
1
1
1
1.3557
1
1
1
1.19997
1
0.502597
1.48459
1
1
1.35666
1
1
1
1.34092
1
0.232168
1.3872
1.20872
1.38163
1
1
0.682682
1.35142
1
1
1
1.35532
1.46823
1
1
1.35538
1
0.996327
1
1
1.35154
1
0.999999
1.34706
1
0.998715
1
1
1.00003
1
1
1
1.3866
0.99998
1.14705
0.816811
1
1
1
1
1
0.75912
0.455132
1
1
0.975637
1
1
1
0.638249
1
1.00107
1
0.68818
1
1
1
1
1
1
1
1.36197
1
1
1
1
0.867548
1
1
1.01721
0.699711
1
1
0.344187
0.831812
1
1.18863
1
1
1
1
1
1
1
1
1
1
1
1.06506
0.999975
1.38321
1.38633
0.970815
0.996706
1
1
1
1.33794
0.296328
1
1
1.39394
0.588845
1
1
1.34247
1
1
1
1
1
1
1
1.37846
1
1.20571
1
1
1
1.15708
1
1
1.29757
1
1.1638
1
1
1
0.91596
1
1
1
0.999725
1
1
1
1
1.0329
1
1
1.01579
1
1
1
1
1.41538
1
1
1
1
1
0.869354
1.20945
0.565776
1
1
1
0.291225
0.181021
1.49924
0.774674
1
1
1
1.3133
1
0.155523
1
0.607942
1
0.892851
1
1
1
1
1
1
1
0.559797
1.00006
1
1.3765
1
1
1
1
0.9998
1
0.666494
1.38203
0.999976
1
1
1.06312
1.32039
1
1
1
1
1
1.38658
0.505981
1
1
1
0.666116
1
1.00003
1.37783
0.834908
1
1
1.34569
1
1
1
1
1
1
1.34262
1
1
0.661285
1
1
1
1.34561
1
1
1
1
1
1.376
1
1
1.382
0.195535
1.0612
0.99935
1.33467
1
1
1
0.998177
1
1
1
1
1
1.39242
1
1
1
1
0.933561
1.38216
0.999859
1
1
1
0.999777
1.22994
1
1
1.35062
1
0.999999
1
1
1
1
0.713607
1.15347
0.704109
0.499064
1
1.33469
0.715823
1.34828
1
1
1.46945
1
1.05294
0.370787
1
1
1
1
1
1
1
1
1
1.20571
1
1.37954
1
0.841715
1
1.31496
0.204336
0.999999
1
1
1
1
1
1.37783
1
1
1
1
1.2528
1.32795
0.853462
1.32625
1
1.34263
1
1
1
1.38589
1
0.999998
1.00001
0.587805
1.24145
1.38512
0.999947
1
0.999746
1
1.51028
1.18495
0.523219
1.33109
1
1
1
1
1
0.603148
1
1.18125
0.599073
1
1
1
1.00002
1
0.999878
1.32877
1
1.00004
1
1.38978
1.37528
1
1
1
1
1.33438
1
1
0.999999
1
1
1
1
1
0.923541
1.00304
1
0.999919
1
1.22803
0.586015
1.37706
1
1
1.10886
1
1.37683
1
1
1
1
1
1
1
1.32819
0.722182
1
1
1
0.847542
1.029
1
1.3766
1
1.3092
1
1
1
1
1
1.34391
1
1.01016
1
1
1.33569
1
1
1
1
1
1
1
1
1
1
1
1
1
1
1.33975
1.00293
1
0.999995
1
1.40037
0.612697
1
1.38548
1
1
1
1
1
1
0.823968
1
1
1
1.34263
1
1
1.37484
0.999994
1.34466
0.823563
0.22726
1
1
1
1.00002
1
1
1.41033
1.38353
1.37317
1
1
0.588107
1
1
1
1
1
1.3424
1.37959
1
1
1.37826
1
1.40439
1
1.10364
1
1.38253
1
1
1.3608
0.999999
0.999997
1
1
0.599709
1
1
0.835127
1
0.837821
1.48328
1
0.999998
1.38864
1.00004
1
0.76044
1
1
1.21736
1
1
1
1.48072
1
1
1
1.00104
1.24288
1
1
1.36615
1
1
1.47195
1
1
1
0.698313
1.39328
1
1
1.24588
1
1
1
1
1
0.154765
0.665475
1
1
1
1
1
1
1.00001
1
1.1575
1.38429
1
1.2942
1
1
1
1
1
1
1.38945
1.33961
1
0.989364
1
1
1
1
1
1
1.1698
1.3984
1
1
0.996054
1
0.638626
1
1
1.27885
1
1.34204
1.14399
1
1
1.00001
1
1
1.19025
1
1.09684
1
1.05462
1
1
1
1
0.920751
1.37517
1.35392
1
0.999705
1
1
1
1
1
1.33683
1.34972
1
1.38104
1
1.37395
1.00001
0.839332
1
1
1
1
0.999999
1
1
0.563452
1
1
1
1
0.560681
1
1
1
1.39407
1
1
1
1.38457
1.00001
0.999999
1
1
1.38552
1
1
1.20367
1
1
1
0.231365
1.49434
1
1
1.03341
1
1.00283
0.634389
1
1
1
0.824354
1
1.32482
1
1
1.02653
1
1
0.569004
0.629584
0.761376
1.00002
1
1.38533
1
1.08597
1.09332
1
1
1.47762
1
1
1
1
0.957793
1.00001
1
0.999998
0.920508
0.999999
1
1.20122
0.539742
0.618227
1.0211
0.963304
0.985551
1
0.579161
1
1.30982
1
1.20134
0.998336
1.08575
1
0.798018
1
1.18115
1
1
1
1.28131
1
0.594866
1.32744
0.550749
1
1
1
1
1
1.19854
1
1
1
1
1
1
1.00004
1
1
1.32534
1
1.3903
0.582444
1
1.00003
1.32629
0.542081
1
0.999999
1.02356
1
1.2794
1
1.39985
1
1.07234
1.30474
1
1
1
1
1.3527
1
0.541565
1
1
0.982706
1.34926
1
1
1
1
1.3463
1.3936
1.35774
1.00002
1
1
1
1
1.27315
1.30531
1.5114
1
0.229889
1
1
1
1.34614
1.27914
0.948393
1
1
1.00001
1
1.33804
1
1
0.999999
1
1
1
1
1
1
1
1
1.34831
1.2526
0.999998
1.38302
1
1
0.755536
1
1
1.38824
1.37468
1
1
1
1
1
1
1
1
1
1.0013
1
1
0.799206
0.999999
1
1
1.35148
1
1
1
1.35595
1
1
1
1
1.11658
1
1
0.964693
1
1.37921
1
1.02148
1
0.84004
1
1
1
1
1.38882
1
1
1
1
1
1
1
1
1.08554
1
1
0.996187
1
1
1
1
1.37033
1.04077
1.37085
1
1
1
0.599918
1
1
1
1.47207
1
1
1.47261
1.30739
1
1.00002
1
1.00001
1
1
1
0.999999
1
1
1
1
1
1.28912
1
1
1
1
1
1
1
1.19072
1
1
1
1
1
1
1.40599
1.34899
1
1
1.14274
1
1
1
1.36831
1.31289
1.00001
1
1
1.19269
0.638525
1
1.36605
1
1
1.25525
1.1421
1
1.28569
1
1
1.34188
1
1.12567
0.795272
1
1.39518
1
1
1
0.727485
0.752455
1
1
1
1
1
1
1
1.38895
1.16404
1.22853
1
0.996576
1
1.21333
1
1
1
1
1
0.999999
1
1
1
1
1
1
1
1.21334
1
0.999998
1
0.862722
1
1
1
1.2019
0.859518
1.14256
1
1.1258
1
1
1
0.929359
1
1
1.00536
1
1
1.21704
1
1
1
1.10529
1
1.37144
1.38544
1.4721
0.665279
1
1.01751
1
1
1
1
1
1
1
0.670235
1.16415
1
1.33822
1
1.25115
1.34252
1
1
1
1
1
1
1.14797
1
1
1
1.00003
1.33736
1
1.15281
1
1
1.0328
1.00009
1
1
1
0.819676
1.37565
1
1
1
1
1
1.44871
1
0.917038
1.47383
1
1.00242
1
1
1
1
1
0.854715
1
1.14895
1
1
1.00016
1
1.41513
1
1
0.920761
1.27524
1
1.46011
1.3744
0.999999
1
1
1
1
1
1
1
1
1
1
1
1
1
1.37669
1
1
0.999999
0.883349
1.33173
1
1
1
1
1
1
1
1
1
1.40276
1
1.36044
1
1
1
1
1.46574
1
0.700187
1
1
1
1.00274
1
1
1
1.41772
1
1
1
1.23737
1
1
1.00013
1
0.928716
1.35873
1
1
1
1.44197
1
1
1
1
1
0.963131
0.999999
1
1
1
1
0.999999
1.33955
1.00461
1
1
1
1
1
0.999999
1
1
1
1
1
1
1
1
1
1
1.03086
1.38201
1
1.34477
1
1
1.47136
0.999999
1
1.01753
1
1.16788
0.960719
1
1
1
1.46825
1.089
1
1.34625
1
1
1
1
1
1.47818
1.353
1.35583
1
1.35518
1
0.581531
1.09614
1
0.684432
1.34854
1
1.14656
1
1
1
1
1.05171
1.00002
1
1.42786
1.47877
1
1.46562
0.683754
1.39722
1
1
1
1.08926
1.34692
1
1.0303
1
1
1
1.22631
1
1
1
1.47044
1
1
1.44072
1.4677
1
1.34656
1
1
0.946193
1.34328
0.948423
1
1
1
1
1
1.33944
1
1.15983
1
1.13007
1
1.341
0.749945
1
1
1.45362
1
1
1.01492
0.976426
1
1.03777
1.35546
1
1
1
1
1
1
1.47118
1.02171
1.36186
1.33648
1.05231
0.979132
1.33721
1
1.0553
1.47065
1
1
1.08023
1.46203
1.35149
1
1
0.604759
1
1
1
1.36267
1.47209
1.38665
1
1.20505
1
1
1.03936
1.35206
1
1.34577
1.01536
1.34106
1
1
1.32584
1
1
1
1
1.46902
1
1
1
1
1.14662
1.19305
1
1
1.34988
1
1
1
1.34074
1
1.47096
1.34605
1
1
1
1
1.47948
1.34944
1
1
1
1
1
1
1
1.40721
1.33796
1.34115
1.09058
1
0.812339
0.899415
1.08537
1.39575
1.33926
1
1.04245
1.00012
1
1.34688
1
1
1
1.42565
1
1
1
1
0.777476
1
1
0.999993
1
1
0.701473
1.11512
1
1
1
0.618299
1
1.29155
1.47671
1
1.20212
0.80067
1
1
1
0.576911
1
1.34078
1
1
1.37068
1.44658
1.28246
1
1
1.34072
1.17597
1
1
1
1.47322
1.37436
1.13316
1.46955
1
1.34447
1
1.24794
1.34617
1
1
0.981627
1
1
1.3916
1
1
1
1.29328
1.47112
0.276779
1
1.34186
1
1
1.2108
1
1
1
1.20121
1.18147
1.47769
1
0.728688
1
1
0.774643
1.47178
1
1
1.25577
1
1
1.4719
1.47274
1.47059
1
1
1.23412
1
1.293
1.24689
1
0.435307
1
1
1.34937
1
1
1
1
1.15738
1.47279
1
1
1
0.641688
0.451879
0.592668
1
1
0.704323
1
1
1.47042
1
1.47014
0.431778
1
1.18352
1.37074
1
1
1.47
1.25621
0.411717
1.12727
1
1
1
0.678231
1
1
0.680342
1
1
1
1.34492
1
1.33683
1.34052
1.35962
1.35537
1
1.35601
1.35451
1.47164
1.12184
1
1
1
1
1.33682
1
1
0.59346
1
1
1
1
1
1
1
1
1.18879
1.46915
1.47059
1
1
1.34224
1
1
1
1.44331
1.37277
1
1
1
1.3374
1
1.40989
0.594704
0.596154
1.34374
1
1.30914
1
1.384
1
1
1
0.702269
1
1.32929
1
1
1
1.2043
1.46936
1
1
1
1.47702
1.4637
1
1.32585
1
1
1.41379
1.31691
1
1
1
1
1
1.43864
1.42029
1
1
1
1
1
1.43817
1
1.46701
1.41688
1.42778
0.553365
1.42425
1.47545
1
1
1.15424
1
1
0.654743
1.36538
1
1
1.4617
1.3114
1.35653
1.35703
1
1.07204
1.46554
1.47104
1
1
1.47146
1
1.45766
1
1
1.23026
1
1.25172
1
1.17018
1.45021
0.684985
1
1.45989
0.733318
1
1
1.43944
1
0.587923
1
1.46845
1.47501
0.656886
0.688874
1
1
1.32332
1.43487
1.00064
1
1
0.817866
1.25473
0.49418
0.746675
1
0.563898
1
1
1.35556
1
0.710195
1.14767
0.998768
0.576943
1
1
0.633501
1
1
1
1
1.46989
1.17172
1.4669
1
1
0.570324
1
1.351
1
1.46161
1
1.23347
1
1
1.34977
1
1
1.00594
1
1.43211
1
1
1
1
1
1
1
1
1
0.694149
1.26545
1
1
1
1
0.465914
0.899473
1.34264
1.47083
1.21107
1
1.29631
1
1.44593
1
1.28893
0.632845
0.938571
0.883105
1
1
1
1.44698
1
1
1
1.33876
0.696634
1
1
1
1
1.45247
1.46582
1
1
1
1.37957
1
1.33938
1.32423
1.33536
1.34321
1.43066
1.31718
1
1
1.42978
1
0.446432
1.33617
1
1.42849
0.706315
1
1
1
1
1.33848
1.32758
0.999802
0.728983
1.33807
1.3373
1.3692
1.31221
1.3512
1
1.46759
1.42747
1.42923
1
1.11614
1.00179
1
1.47095
1.33698
1.3443
1
1
1
1
1.33138
0.595843
1
1.35205
1
1.41732
0.999868
0.996657
1.34979
1
1
1
1.36133
1
1
1.47085
1
1
1
0.621696
1.34005
1
1
1.34794
1
1
1
1.47681
1.34768
1
1
0.575819
0.498117
1
1
1
1
1.35072
1
1
1
1
1
1
1
1
1
1
1
1
1
1.34155
1
0.663326
1.47094
1
1
1
1
1.086
1.34661
1
1
1
1
1
1
1
1
1
1
1
1
1.34474
1.34498
0.653483
1
1
1
1
1
1.47282
1.47509
1
0.427061
1.3438
1
0.568131
1
1
1
1
0.999601
1.33733
1.32992
1
1.34366
1.34724
1.34364
1
1
1
1.1115
1.34761
1
1
1
0.450083
1.36984
1
1
1
1
1
1.35038
1.00004
1.33695
1
1
1
1
1.33197
0.997361
1.45609
1.00004
1.3573
1
0.768468
1
1
1
1.47005
1
1
1.38554
1.34513
1
1.35665
1
1.34972
1.47211
0.596289
1.34116
0.884069
0.852578
1.33315
1
1
1
1
1
1
1.34011
0.333745
1.33149
1.47218
1
1.01729
1
1.35397
1
1
1.47279
1.36076
1.33224
1.34893
1
1
1
0.999996
1
1.36011
1.47435
1.47351
1.33002
1.33171
1.47364
1
1.47205
1
1
1.42721
1
1.33272
1
1
0.644528
1
1
1.33943
1
1
1
1
1.33899
1.34302
1
1.34368
1
1
1
0.654752
1
1
1.00003
1.46275
0.596355
1
1
1.46978
0.672748
1.47105
1
1
1.35596
1.47396
1.34985
1
1.34618
1.30569
1
0.92643
1.32583
1
1
0.724539
1.04497
1.35601
1.35646
1
1
1.35051
1.34602
1.46789
1.35146
0.999603
1
1
1
1
1
1
1.42569
1.36125
1
0.1914
1
1
1
1.46901
1
1
1
0.59966
0.466242
0.810077
1
1
1.34453
1
1.46223
1
1
1
1
1
1
1
1
1.33155
1
1
1.34396
1
1.47878
1
1.32342
1.34101
0.601639
1
1.46954
1
1
1.33985
1
1.32212
1.20985
1.34089
0.213346
1
1
0.999999
1
1
1
1
1.32515
1
1.3414
0.291637
1.3501
1.47265
1.34217
1
1
1
1
1
0.59557
0.780005
0.540882
1.23945
1
1.31999
1
0.161363
1
1
0.603724
1
1
1.32354
1
1.33061
1
1.36042
1
1.4648
1.32802
1
0.640865
1.35224
0.591144
1
1.35041
1
1.35965
0.989811
1.34135
1.35719
1.3444
1.34787
1.4721
1
1
1
1.37742
1.33011
1.31566
1.3138
1.04816
1.47045
1.25411
1.47493
0.998722
1.34807
1
1
1
0.678321
1.45031
1
1.33401
1.47134
1
1
1.34491
1
1.43582
0.787314
1
1.46937
1
1.34627
1.4378
1.43331
1
1
0.768501
1
1
0.735644
1
1.45281
1
1
1
0.593366
1.30147
1
0.811721
1
0.712674
1.33842
1.35332
1
1
1.46849
1
1
1
1.47142
1
1
1
1
1.46957
1
1
1
1.32403
1.34809
1
1
1
1
1
0.58447
1
1.47138
1
1
1
1.34333
1
1.34285
1
0.62564
1
0.623631
1
0.634621
1.33343
1
0.66952
1
1
1
1.35349
0.566818
1
1
1.33493
1.35443
1
1
1
1
1
1
1
1
1
1
0.583626
1
1
1.32281
1.38492
1.38523
1.35154
1
1
1
1
1
1
1
1
1
1
1
1
0.634688
1
1
1
1
1
0.304153
1
1
1
1.14375
1.00749
0.450129
1
1
1
1
1
1
1
1.31398
1
0.999842
1
1
0.782829
1.4548
1.43113
1
1
1.23543
1
1.42582
0.437653
0.999833
1
1.38048
1.44542
1
1.42734
1
1.4251
0.784111
1
0.340142
1
1.31388
0.778441
1
1
1
1
1.37791
1.3455
1.3784
1
1
0.902634
1
1
1
0.675804
1.37043
1
1.4242
1
1.3208
1
1
1
1
1
1
1
1
1
1
1
1
1
0.214247
1.41593
1
1
1.39393
1.40637
1
1
1
0.523303
1
1
1
1
1.0431
1
1
1
1
0.416821
1
0.846769
0.606153
1
0.999999
1
0.999997
1
1
1
0.997663
1.14344
1
1.23776
0.186033
1
1
1
1
1
1
1
1
1
1
1
0.834631
1
1
1.00003
0.179837
1
1
1
0.999996
1
1.46999
1
1
1.12602
1
1
1
1
0.644238
1
1
1
1
1
0.999998
0.998559
1
1
1
1
1
1
1
0.593765
0.587201
1
1.00001
1
1
0.999987
1
1
1
1
1.32364
1
1
1
1
0.371672
1
1
1
0.999999
1
1
1.47181
1.47244
1.46581
1
1
1
1
1
1
1
1
1
1
1
1
1
1
1
1
1
1
1.02318
1.10978
1
1
1
1
1
1
1
1
1
1.04273
1
1.184
1
1.47061
1
1
1.00002
1
1
1
1
0.999959
0.997863
1
1
1
1
1
0.809728
1
1
1.37206
1
1.29624
1
1
1
1
1.37616
1.33408
1.00001
1
1
1.44572
1
1
1
1
1
1
1
1
1
1
1
1
1
1
1
1
1
1
1
1
1
0.541088
1
1
1
1
1
1
1
1
1
1
1.47041
1
1
1
1.34073
1
1
1
1
1
1
1
1.11303
1
1
0.999775
1
1
1
1
0.594246
1
1.11946
1
1
0.642376
1
1
1
1
0.967464
1.48495
1
1
1
1
1
1
1.47204
1
1
1
1
1
1
1.47186
1
0.275138
1
1
1
1.35642
1.43111
1
1.35684
1
1
0.942152
1
1
1
1
0.496656
1.36703
0.601416
1
1
1.48442
1.354
1
1.35283
1
1.35192
0.707773
1.35541
0.93881
1.47095
1
1
1
1
1
1
1
1
1
1
1
1
1
1
1
1
1.3647
1
1
1.36558
1
1
1
1
1
0.179108
1.34193
1
0.59637
1
1
1
1
1
1
1
1
1.3084
0.447228
1.4705
1
1
1
1
1.37182
0.16206
1
1.02672
1.35291
1
0.615846
0.300964
1
1
1
0.579448
1
1
1
1
1.35326
1
1
1
0.592968
0.32661
1
1
0.233142
0.295876
1
1
1
1
1.34978
1
1
0.582305
1
1
1
0.339611
1.34387
1
1
1
1.0757
1
0.956716
1
1
1
1
1.33989
1.19405
1
1
1
1
1
1
1
1.34177
1
1
1
1
1
1
0.590111
0.589751
1
1
1
1
1.3283
1
1.46655
1
1
1
1
1
1
1
1
1
1
1
1
1
1
1
1
1
1
1
1.02709
1
0.852464
1.33066
1.47377
1.33764
1
1
1.36334
1
1.47165
1.33673
1.37378
1
1
1
1
1.47303
1.32721
0.997797
1
1.37358
1
1
1
1.3467
1
1
1
1.32173
1
0.600335
1
1
1.34862
1
1.33549
1
1
0.59501
1.34819
1
1.34488
1.32257
1.34907
1.3398
1.30776
1.3313
1
1
1
1.29704
1.46897
1
1
1.35195
0.552198
1
1
1
1.35099
1.34931
1.38218
1.37613
1
1
1.4708
1.47257
1.00004
1
1
1
1
1
1
1
1.36872
1.47234
0.751674
1
1
1
0.999997
1
0.591654
1
1.47383
1
1.32311
1
0.65175
1
1
1.18494
1
1
1
1.35298
1.35608
1
1.1728
1
1
1
0.578348
1.0883
1
1.34244
1
1.35814
1.35764
1
1.33617
1
1.37115
1
1
0.999942
1
1
1
1
0.818106
1
1
1
1.26259
1
0.999991
1
0.999996
1
1
1
1
1.33253
1
1
1
1
1
1
1
1
1
1
0.494607
1
1.47345
1
1
1
0.570976
1.39019
1
1
1.4722
1
1
0.726846
1
1.33272
1
1
1
1
1
1
1
1
1
1
1
1
1
1
1
1
1.38372
1
1
1
1
1
1.46893
1
1
1
1
1
1
1
1
0.569716
1
1
0.868885
1
1
1
1.31699
1
1
1.35408
1
1
1
1
1
1
1
1
1
1.38511
1
1
1
1
1
1
1
1.46951
1
1
1
1
1
1.16613
1
1
1
1
0.648462
1
1
1
1
1
0.564914
0.589294
1
1
1
1
1
1
0.584247
1
1.47124
1.00197
1
0.674535
1
1
1
1
1.13987
1
1.11366
1
1
1
1
1
1
1
1
1
1.04778
0.999775
0.616505
1
1
0.601447
0.999804
1
1.3552
1.43179
1
1
1
1
1
1.00371
1
0.999909
1
1
1
1
0.600793
1
1
1
1
1
1.13529
1
1
1
1
1
1
1
1
1
1
1
1
1
1
1
1
1.47274
1
1
1
1
1
1
0.589802
0.584627
1.35238
1
1
1
1
0.588096
1.12917
0.744631
0.439559
0.872795
0.999999
1
1
1.33537
1
1
1
1
1
1
1
1
1.35336
1
1
1
1
1
1
1.07465
1
1.3742
0.590328
1
1
1
1
1
1
1
1
1
1
1
1
1
1
1
0.656453
1.35092
1
0.587345
1
0.720968
0.580362
1
1.43148
1
1
1
1
1
1.05602
1
1
1
1
0.579212
1.4635
0.595128
0.583452
1
1
1.38706
1
0.497483
1.43428
1.28207
1.30466
0.99984
1
1
1
0.461523
1
1
0.677615
1
1
1
1.50139
1.22137
1
1
1
1.33905
1
1
1
1.35353
1
1
1
1
1
1
1
1
1
1.33756
1.47182
1
1
1
1
1
1
1
1
1.46916
1
1
1
1
1
1
1
0.577625
1
1
1
1
1
1
1
1.13373
1
1
1
1
1
1
1.37355
1
1
0.250664
1
1
1
1
1
1
1
1
0.585421
1
1
1.35005
0.493989
1.37038
1
0.335685
0.981011
1
0.44489
1.36961
1.47272
0.65238
0.627267
1.43556
1.32483
1
1
1
1.00011
1.36689
1
1
0.583059
0.762625
1
1
1
1
1.11236
0.932067
1
1
1
1
1
1
1.37582
1
1
1
1
1
0.662911
1
1.43206
1
1
1
1
1
0.999999
1
1.25464
1
0.574541
1
1
0.339568
1
1
1
1
1
1
1
1
1
0.801552
1
1
1
1.02396
0.817554
1
1.47118
1
1
1
1
1
0.244717
0.688946
1
1
1
1.13631
1
1
0.587019
1
0.601763
1
1
1
1.35536
0.572902
0.588872
1.47365
1
0.923948
1
1
1
1
1
1
1
1
1
1.34461
1
1
1
0.578844
1
1
1
1
1
1
1
1
1
0.750523
1
1
1
1
1
1
1
1
1
1
1
0.437021
1.4674
1.20181
1.3481
1
1.33651
1
1
1
1
1
1.47159
1.31978
1.33848
1
1
1
1
1.38477
1
1
1
1
1
1
1
0.589297
0.588898
1
1
0.580275
1
1
1
1
1
1
1
1
1
1
0.580537
1
1
1
1
1
0.203294
1
0.596129
1
1
1
1
1
1
1
0.58913
1.00177
1
1
1
1
1.26216
1.47176
1
1
0.578831
1
1
1
1
1
1
0.926278
1.47238
1
0.407903
1
1
1
1
1
1
1
1
1.33181
1
1
1
1.47064
1
1.47055
1
1
1
1
1
1
1
1
0.779197
0.573719
1
1.36333
1
1.4717
1
1
1.48463
1
0.355807
1
1
1.36496
1
1
1
1
1.01617
1
1
1
0.525275
0.586655
0.643492
1
1
1
0.559216
1
1
1
1
1
0.270212
1
0.588543
1.23312
1
1
1
1
1
0.581371
1.11511
0.526237
1
1.2362
0.583551
1
1
1
1
1
1
1
1
1
1
1
0.635578
1
1
1.16974
1.42972
1
1
1
1
1
1
1
1
1
1
1
1.4793
1
1
1
1
1
1
1
1
1
0.439037
1
1
1
0.525735
1
1
1
1
1
1
1
1
1
0.794574
1
1
1
1
1
1
1
1
1
1
1
1
1
1
1
1
0.645061
1
1.33614
1
1
0.61529
1
1.43182
1.42302
1
1
1
1
1
1
1
1
1
1
0.75245
0.637761
1
1.47626
1
1
1.47199
1.37869
1
1.41469
0.999998
1
1
1.00941
1
0.578638
1
1
1
1.47238
1.47464
0.484115
1
1
1
1
1.37038
1
1.37704
1
0.591415
1.00002
1
1
1
0.999996
1.37865
0.208289
1
1.3648
0.833798
1
1.24972
1.43194
1
1
1
1
1
1
1
1
1.47166
1
1
1
1
1
1
0.573885
1
1.41011
1
0.999597
1
1
1.47143
1
0.600688
1.37326
1.47335
1
1
0.534974
1
1
0.598252
1.10667
1
1
0.583038
1
1
1
1
1.46629
0.792335
1.37343
1
1.05778
1
0.422794
1
1
1.13143
1.4083
0.857936
1.37013
1
0.58426
1
1
1
0.590057
0.592092
1
1
1
1
1.36485
0.807839
1
0.735811
1.46177
0.591734
1
1.47137
1.20161
1
1
1
0.589786
1
0.394488
1
1
1
0.594998
1
1.04606
0.753932
1.00047
1
1
1
1
1.40875
1
1
1
1
1
1
1
1
1.41317
1.43292
1
1
1
1
1
1.00001
1
1.45613
0.349846
1
1
0.577054
1
0.893661
1
0.516178
1
1
1
1
1.46977
1.26469
1
1
1
0.590269
1
0.551057
1
1
1
1
1.0608
1.44722
0.599595
1
1.38507
1
1
1
1
1.41352
1
1.0381
1
1.41124
0.817268
0.86961
1
0.621293
1
1
0.842201
0.581881
1
1
1
1.31828
1.3679
1.49818
1.0131
1
1
1
0.576116
1
0.999999
0.595639
0.849805
1
1.27932
1.43872
1
0.716769
1.37078
1
1.34998
1
0.433983
1
0.271741
1.25317
1
1
1
1
1
0.589178
1.47177
1
1
1
1
1
0.695331
1.3703
1
1
1
1.40347
1
1
0.577854
1
1
1
1
1.24421
0.293693
1
1
1
1
1
1.36284
1
1.05154
1.36573
1
0.750263
0.584469
0.59583
1
1.4733
1
1
1
1.37746
0.291896
1.43268
0.478478
1.38437
0.463375
0.737704
1
0.580758
1
1.36834
0.999123
1
1.10777
1
1
0.751707
1
1.38378
1.47305
0.648166
1
1
1
1
1
1.4321
0.920055
1
1
1
1
1
1.33713
1.0798
1
1
1
0.526628
1
1
1.37558
1.47044
1
1
1
1
1
1
1
1
1.42984
1
1
0.753309
1
1.16663
1
0.600429
0.991517
1
1
1
1.37713
1
0.576526
1
1
0.587657
1
1
1
1
0.748891
0.723382
1
1
1
1
1
1
1
1
1.42275
0.588832
1
1
1.47325
0.585655
1
1
1
1
1.37135
1
1
1
1
1
0.937685
1
1
1.41514
1.19515
0.560425
1.47278
1
1
1
1
1
1
1
1
1
1
1
1.41131
0.586154
1
1
1
1.37032
1
1.47173
1
1
1
1
1
1
1
1
1
1
1
1
1
1
1.40869
1
0.575762
1
0.579144
1.47149
1
1
0.590143
0.631879
1.41018
1.37052
1.41359
1
1
0.813579
1
1.11771
1
1
0.538077
1
1
1
1
1
0.584651
1.41097
1
1
1
1
1
1
1
1
1
1
0.437663
0.966048
1
1
1
1.42367
1.40367
1.41356
1.47241
1
1
1
1
1
1
1
1
1
1
1
1
1
1
1
1
1.36139
1
1.47124
1
0.376089
0.52042
1
1
0.574653
1
0.585183
0.594193
1
1
1.36943
1
1
1
0.588192
0.578252
1
1.4688
1
1
1
0.464671
0.576575
1
1
0.946743
0.586698
0.710023
1
1
1.46981
0.946862
1
1
1
1
1
1
1
1
1.16186
1
1.37606
1
1
1
1
0.410137
1
1
1
1
1
1
0.634511
1
1
1
1
1
1
1.07978
0.943489
1
1
1
1
0.575818
1
1
1
1
1
1.47226
1.4716
)
;

boundaryField
{
    back
    {
        type            empty;
    }
    front
    {
        type            empty;
    }
    outlet
    {
        type            zeroGradient;
    }
    top
    {
        type            zeroGradient;
    }
    inlet
    {
        type            fixedValue;
        value           uniform 1;
    }
    bottomLeft
    {
        type            zeroGradient;
    }
    bottomRight
    {
        type            zeroGradient;
    }
}


// ************************************************************************* //
