/*--------------------------------*- C++ -*----------------------------------*\
  =========                 |
  \\      /  F ield         | OpenFOAM: The Open Source CFD Toolbox
   \\    /   O peration     | Website:  https://openfoam.org
    \\  /    A nd           | Version:  12
     \\/     M anipulation  |
\*---------------------------------------------------------------------------*/
FoamFile
{
    format      ascii;
    class       volScalarField;
    location    "0.38";
    object      T;
}
// * * * * * * * * * * * * * * * * * * * * * * * * * * * * * * * * * * * * * //

dimensions      [0 0 0 1 0 0 0];

internalField   nonuniform List<scalar> 
22702
(
1
1
0.948483
1
1.01635
1
1.10416
1
1
1.01436
1.12068
1.10437
1
1
0.95653
1
1
1
1.12049
1
1
1
1.09758
0.868157
1
0.940495
1
1.09672
0.848787
0.870507
1
1.10389
1
1
1
1
1
1.09786
1
1
1.01339
1
1.07297
1
1.09722
1
1
1
1
0.871388
1
0.869443
1
1.1206
1
1.10366
1
1
1
1
0.701289
1
1
0.750934
1
0.874278
1
1
1
0.99907
1
1.0964
1.08432
1
1.09612
1.10113
0.874408
1.10062
0.871391
1
1.12117
0.870651
1.0999
1.09926
1
1
1
1
0.971666
1.0037
1.10069
1
1
0.763243
1
1
0.754492
1
1
1
1
1.07582
1.12086
0.912303
1
1
1.04251
1
0.871431
1
1.10073
1.12043
1
1
0.912253
0.918695
1.00887
1
1
1
1
1
0.967125
1
1.02038
1.0178
1.09813
1
1.09854
1.12067
1
1.12121
1
0.957478
1
0.509425
1
1
1
1
1.12057
1
1
1
1
1.0961
1
1.00717
1
1
1
1
0.869562
1
1.00313
1
0.872417
1
1
1
1.10025
1
1.09651
0.893268
0.870617
1.09586
1.09588
1
1.02347
1.07984
1
1.10216
0.871465
1
1
1
1
1
1
1.09962
1
1.12029
0.690012
1.10267
1
0.871611
1
0.871243
0.940493
1
1
1
1.11975
1
1
1.0938
1
1.10082
1.12046
0.876277
1
1
0.868382
1.09312
1
1
1
1.09301
1
0.768134
1
1
1.09484
1.09246
1.1007
1
1
1
1
1
1
1
0.742586
1.09974
1.09354
1
1
1
1
0.865749
1.09302
1.05773
1
1
0.825963
0.787671
1
1.09421
1
1.08984
0.810575
1.00312
1
1
1
1
1.09335
1
1.0043
0.999797
1
1
1.09247
0.532058
0.920308
1
1.09227
0.867814
1.08809
1
1
1
1
1
1
1
0.870572
0.887846
0.767109
1.09517
1
1
1
1
1.08956
1
0.871818
1
0.865275
0.871326
1.09274
0.867446
1
1
1
1
0.999959
0.868716
0.769621
1
1
0.861619
1
1.12047
0.905541
1
1
1.12125
0.814471
1
1.05316
0.856018
1.09227
1
0.868755
0.999942
1
1
1
0.866867
1
1
1
1
1.00496
1.08876
1
0.926533
1
1
1
1
1
1
1
1.1212
1
1.12055
1
1
1
0.851597
1
1.09595
0.863839
1
1
1
1
1.12114
1
1
1
1.09841
1
1
1.11613
1.12107
1
1.0376
1
1
0.516166
1
1
1
0.710878
1
1
1
1
0.937314
1
1
1
1
1
0.716435
1
1.09643
1
1
1.09618
1.09582
1
1
0.879231
0.971077
1.12052
1
1
1
1.09183
0.995278
1
1.09631
1
1
0.887865
0.899114
1
0.86514
0.879884
1
1
1
1
1
1
1
1.09812
1.04052
1.05464
0.707409
0.96013
1.12089
1
1.09594
1.12014
0.738241
0.959206
1
0.733908
1
1.12513
1
1
1
1
1.0929
1
1
1
1
1
1
1
1.0492
1.09963
1
1.09495
1
1
0.871287
1
1
1
1
1.09355
1.08344
1
1
0.864725
1.09385
1.09404
1
1.09442
1.0939
1.09336
1
0.976683
1
1.09131
1.00931
1.09446
1
0.71738
0.999988
1.1212
1
1
1
1
0.8709
1.09388
1
1
1
1.09136
1.12057
1
1.05998
1
1
1
1.07542
0.999997
1.09484
0.981069
1.09404
1
1.09376
1.09478
1.09294
1.09402
1
1.03561
0.97168
0.970895
1
1
1
1
1.07359
1
1
1
1
1
1.12082
1
1
0.999846
1.09433
1.0132
1
1.01954
1
1
1
1.09461
1
0.999788
0.999773
1
1.09435
1
1.09313
1
1
1.07657
1
1.09377
1
1
1.09395
1
1.09412
1
1
1
1.09353
1
1.09414
1
1.09287
1.1132
1.09117
1.09818
1
1.12097
1.07877
1
0.870953
1.09428
1.09685
1
1.09336
1
0.52052
0.800921
1
1
1
1
1
0.752927
1
1.09541
1.02484
1.09428
1
1
1
1
1
1.09468
1
1.08341
1.07214
0.963859
1
1
1.00093
0.999918
1
1
1.05736
1
0.874892
1.0932
1.09408
1
1
1
1.11234
1
1
1
1.09358
0.97409
1
1
0.871136
1.0922
1
1
1
1
1
1.09412
1.12088
1
1.09279
1.09125
1.09216
1
1
1
1
0.947065
1.12021
1
1
1.09635
1.09515
1
1.09551
1.09972
1
1
1
1
1
1.09422
1
1
1
1
1.07572
1
1.03158
0.66706
1
0.902625
1
1
1
0.999831
0.869527
0.999982
1
1
1
1.01781
1
1
0.944886
1
1
1
1
1
1
1
0.999999
0.97757
1
1
0.999938
1
0.870839
1
1
1
1
1.07724
1
1
1
1
0.863153
1
1
1.09414
1.12024
1
1
1
0.970079
1
1
1
1
1
1
0.972412
0.997139
1
1
1
1
1.11896
0.962061
1
1
1
1.09785
1.0957
1
1
1
1
1
1
1
1
1
0.863227
1
1
1.11986
0.75611
1
1.11956
1
0.867842
1
1
0.866669
1
1
1
1
1
1
1
1.08672
1.09232
1
1
1
1
1.09683
1
1.03449
0.867203
1
1
1
1
1
1
1
0.998303
1
1
1.06368
1
1
1
1.04593
1
1
1
1
0.754055
1
1
0.876116
0.74932
1
1
1.09138
1
0.99037
1
1
1
1.07948
0.850959
1
0.84593
1
0.923898
1
1
1
1.11879
1
1
1.09035
1
1
1
1.09014
1
1
1.09085
1
1
0.75743
1
1.04071
1
1
1.12084
1.12089
1.07159
1.08396
1
0.681394
1
1
1.0855
1
0.787324
1
1
1
1.08854
1
1
1
1
1.06905
1
1
1.11948
0.941674
1
1
0.917389
0.937006
1
1
1
1.07932
1.08442
1
1
1
1
1
1
1
1.05093
1.09946
0.991288
1
1
0.927904
1
1
1
1.05891
1
0.999993
1
1.08611
1.08622
1
0.73519
1
1.10356
1
1
1.09528
1.08833
1
1.12237
1
0.787635
1
1
1
1.07573
1.08478
1.08241
1
1.11902
1.09009
1
1.08847
1
1.08966
1
0.875711
0.998503
0.848613
1
1
1
1
1
1.09238
1
1.09233
1
1
1
1.0931
1
0.87055
1.08985
1
0.862475
0.869104
0.864604
1
1.05244
1.01422
1.09047
1.08992
1
1
1
1
1.09121
1
1
1.09188
1.09056
1
1.05377
1
1
1
1.09964
0.951956
1
0.93951
0.875221
0.873625
0.968437
1.0964
1.09264
1.02518
1.09735
1.0909
1
1
1.09825
1.1199
1.08693
1.12139
1
1.08583
0.870811
1.11946
1.11876
1.11921
1.11924
0.949924
0.953813
0.968268
1.0914
0.988892
1.11829
1
1
1.08745
1.10746
1
0.742464
1.11894
1.09088
1
1.08882
1.08885
1
1.09067
0.861385
1.12049
1.09847
1.12097
1.12099
1
1
1
1.09098
1.07714
0.884902
1.09031
0.871947
1.09096
1
1
1
1
1.11935
1.09023
1
1
1.08908
0.875295
1.11895
0.87093
1
1.08922
1
1.00275
1.09094
0.896872
1
1.08945
1.08782
1.08072
1
1
1
1.08762
0.869123
1.08736
1
1
0.948364
1.07976
0.887935
1
1.11595
0.893726
1.088
0.86521
1
1.08987
1
1.09862
1
1.07959
1.09413
1.07847
0.853845
1
1.10716
1
1
1
1.08858
1
1
1.11851
0.999834
1.09112
0.977507
1
1
1.09814
1
1.11894
1.0879
1.11882
1
1.08229
1.11134
1.08732
1.06756
1.11448
1
1.07149
1
1.11891
1
1.01473
1
1.08627
1
1
1.08502
1.08529
1
1
0.884927
1
0.666902
1
1
1
1.10135
1
1.08831
1
1
1
1.08844
1
1
1.11908
1.11906
0.900786
1.11731
1.10144
1
1
1.08714
1
1
1.10249
1.10401
1
1.09637
1.11871
1.11864
1.09123
1
1
1
1
0.919513
1
1.08695
1
1
0.703693
1
1
1.08598
1.10994
1
1.08881
1
1.09584
0.993882
1.09162
1
1.09058
1.08663
1
1
1
1
1.11916
1.10902
1.08339
0.988943
1
1.0972
1.10923
1.09395
1
1.11023
1.11888
1.08791
1.0961
1
1.08144
1.00932
1.08687
1.11555
1.09546
1
1.12024
1.0949
1.08458
1.11963
1.11411
0.905528
1.09518
1.11662
1
1.0712
1.0862
1.08399
1.08798
1
1.0808
1.06868
1
1.09083
1.08185
1
1
1
1.11888
1.12071
1
1
1.06129
1
1
1
1
1.09033
1
1.11062
1.09094
1
1
1
1.07246
1
0.999998
1
1
1.0986
1.09858
1
1.08802
0.825277
1.0909
1.11768
0.859332
1
0.798707
1.08741
1.11969
1
1
0.692508
1.11108
1.09008
0.643778
0.871739
1
1
1.10432
1
1
1.08592
1
1.11902
1
1.08367
1
1.07039
1.10513
1.08967
1.07295
1
1.10136
1.0949
1
1
0.925579
1
1.10533
1.09635
1
1
1
1.11985
1
1.10515
1.09294
0.916887
1
1.08649
0.999983
1
1
1
1.10449
1.09407
1
1
1
1
1.08763
1.00001
1.11864
1.11861
0.837174
1
1
1.08447
1.10991
1.10513
1.11587
1
1.08816
1.0959
1.08933
1
1.11861
1.11902
0.948689
1.08707
1.11886
1
1.00138
0.931265
1.1078
0.959707
1.08718
1
1.03305
1.12393
1.08745
1.08932
1.06155
1.09587
1.08952
1.11885
1
0.982652
1.10714
1.0949
0.933807
1.08665
0.981155
1.06871
1.10787
1.09589
1.11944
1
1.08976
1.06816
1.10429
0.967071
1.0909
1.1206
1
0.944702
1
1
1
1.07881
1
1
0.958118
1
1
1.11036
1
1.11966
1.0916
1.10965
0.999967
0.999975
1
1.1208
1
1
1
0.969122
1.09377
1.10285
1.11251
1.08805
1.11779
1.11171
1
1.08772
0.977299
1
1
1
1.12443
1.08844
1.09036
1.08727
1
1.06325
1
1.09657
1.10607
1
1
0.934517
1.08779
1
1
0.865638
1.08576
1
1.10074
1.08352
1.10139
1.08617
1.00277
1
0.839243
1.03082
1.11846
1.01281
1
1
1.0852
1
1.0028
1
1
1.09896
1.0937
1
1
0.858216
1
1
1.08729
1.08792
1.11265
0.999999
1.08424
1.12024
1.09763
1
1.09485
1
1
1.11844
1
1
1.08621
1.08611
0.892456
0.955963
1
1.00025
1
1
1.00049
1.0875
1.11189
1.08657
1
1.08693
1
0.94719
1.09654
0.999916
1
0.999986
1.09433
1
1.11996
1
1.08261
1
1.09975
1
1.10503
1.05864
0.855316
1.08172
1
1.11857
1.09934
1
0.89067
1.01819
1
1
1
1.08818
1
1.00534
1.11988
1
1.08413
1
1
1.11912
1
1.1196
1.08603
0.998979
1.09598
1
1.08819
1
1
1
1
1.08765
1
1
0.999988
1
1.00011
1
1.08753
1.00077
1.10407
1
1
0.997103
1
1.11866
1.08275
1.11883
1.07147
1.11882
1.00766
1.0483
1
1.08631
1
1
1.02508
1.08823
1
1.10357
0.985037
1
1.08258
1.08237
1.08423
1
1.06008
1
1.0851
1.07913
1
1
1
1
1
1
1.08353
0.835093
0.999396
1
1.0903
1
1
1.08949
1
1.00135
0.877056
1.07629
0.999883
1
1
0.999521
1
1
1
1
1
1.11983
0.999999
1.11925
0.866097
1.10242
1.07688
1.11854
1.03239
1
1
1.04591
1.08414
0.821146
0.866899
1
1.11529
1.0903
1
1
1
1.07708
0.999999
0.999964
1
1
0.821628
1
1
1.12101
1
1
1.08674
1.09773
1
1
1
1.10108
1.09939
1
1
1.11162
1
1
1.1068
1.00619
1.09369
1.0874
1
1
1.10456
1
1
1
1.09497
1
1
0.798615
1.08223
1
1
1
1
1.08217
1.06973
1
1
0.782107
1.00022
1.0608
1
1
1
1.11106
1.11999
1.11911
1
1
1.11709
1
1.08808
1.10851
1
1
1.10208
1.08765
1.09229
1
1
1.0995
1.0923
1
1
1
1.09173
1
1
1
1.11834
1.12
1.09127
1
1.07835
1
0.920981
1.09334
1.09261
1
1.12017
1
1.10148
1
1
1.09248
1
1
1.09408
1
0.901417
1
1.09913
1
1
1.00602
1
1
1
1
1.09423
0.917763
1
1.03929
1
1
1.11884
1
1.09317
1
1
1.08444
1.09212
1
1.00002
1
1
1
1
1
1
1.00007
1.0841
1
1.10055
0.860501
0.999948
1
1.09332
1.11829
1.08454
1.07499
1.12254
1
1
1.0107
1
1.06155
1.09369
1.09096
1
1.09251
1.07312
1
1.10883
1
1.09388
1.07244
1.01777
1
1
1.09186
1.09325
1.09044
1
1.08818
1.09245
1
1.0902
1
1.10352
1
1
1
1
1
1.08716
1.10396
1.1037
1
1.09551
1
1
1
0.898067
1
1.09155
1
1.09478
1.11483
1
1
1
0.999991
1.09866
1
1
1.10453
0.859659
1.02714
1
1.09385
1.09479
1.09329
1.09127
1.09445
1
1.10352
1
1
1
1
1.10232
1.09011
1
1.05207
1.02577
1.1079
1.10949
1
1
1.09858
1
1
0.621778
1.08536
1
1
1
1
1.09264
1.08909
1
1.08964
0.859596
1.11035
1.07931
0.999999
1
0.826486
1
1
1
1.10559
1
1
0.999993
1.09354
1
1.08515
1
1
1
1
1.09343
0.999994
1
1.10178
1
1
1.11666
1
1
1.09524
1
1
1
1.07868
1
1.08228
1
1
1.09202
1
1.0824
1
1
1.0343
1.09842
1
1
1
1
1
1
0.867572
0.833816
1.00557
1
1.0004
1
0.995203
1
1.09178
1
1.07397
1
1.08198
1
1
1
1.08351
1
0.999998
1.10376
1
1.06329
1.09207
1
1
1.10115
1.08025
1
1
1.00199
0.86706
1
1.09048
1
1
1
1
1.00974
1.10551
1
1
1
0.741307
1
1.08273
1.10902
1.12223
1
1
1
1
1
1.12001
1
1
1
1.10322
1
1.00536
1
1
1
1.09452
1
1
0.908757
1.10726
1.00001
1.09925
1.0938
1.10474
1
1
1.10276
1.09452
1.08891
0.748451
1.01155
1.09415
1
1
1
1
1
1.0931
0.863844
1
1
1.08813
1.04745
1
1.10262
1
1
1
0.842756
1
1
1
1.10804
1
1
1.1015
1.09461
1
1.01477
1
1.09147
1
1.0959
0.859293
1
1
1
1
1.08439
1
1
1
1
1.06489
1
1
1
1
1.08652
0.834238
1.03596
1.09079
1
1
1
1
1
1
1
1.11856
1
0.933898
1
1
1.00001
1
0.854504
1
0.999971
1
1
1
0.891507
1
1
0.999996
1
1
0.812247
1
1.119
1
1.1091
1
1
1
1
1
1
1.1012
1
1
1
1
1
1
1
1
1
1
1
1.06767
1
1.04125
1.09412
1
1
1
0.839444
1
1
1
1
1
1.08512
1.02084
1
1
1.06036
1
1
1.09881
1
1
1
1
1
1
1.10614
0.928337
1
1.10109
0.999193
1
1
1
1.08292
1
1
1.10596
1.08415
1
1
1
1
0.91835
1
1
1
1.07961
1
1.0849
1.0917
1
1.09267
1
1
1
1.05235
1
1.12067
1
1
1
1
0.998951
1
1
1
1
1
1
1.08841
1
1
0.647429
1.08798
0.530159
1
1.1011
1
0.999279
1
1.09141
1.11549
1
1.11577
0.955784
1
1.11595
1.00001
1
1
0.860174
1
1
1
1
1.06839
1
1
1
1
1
0.999469
1.00535
1
0.855667
1
1
1
1
1
1
1
1.09512
1.00092
1.11916
1
1
0.999506
1
0.980081
1
1
1
0.849458
0.98013
1
0.87527
0.842515
1
0.999999
1.09001
1
1.02726
1.08507
0.856167
1.08718
1
1
1
0.854458
1.11841
1
0.85068
1
1.11723
1.00882
1
1
1
1
1
1.10665
1
1
1
1
1
1.10464
1.00018
1
1.08881
1
1.10676
0.993361
1.11944
1.00218
0.85575
1.08235
1
1
1
1
0.904012
1
0.863651
1.00805
0.978432
1
0.986153
1
1
1.04298
1
1
1.1179
1
1.0467
0.999988
1
1
1.09549
1
0.852605
1
0.999984
1
1
1
1.11883
0.986369
1.09873
1
1
1
1
1
1
1
1
1.00011
0.999941
1.0978
1.0986
1
0.862796
1
1
1
1
1.09836
1.00001
1.08494
1
1.11875
1.10048
1.01688
1.12025
1.03892
1.11881
1
1.08992
0.886936
1
1.09415
1.09665
1.02227
1.10663
1
1.08061
1.10322
1
0.96523
1.0176
1
1.09384
1.0594
1.09811
1
1
1
0.91602
1
1.10651
1.08403
1
1.04181
1
1
1
1
1.0821
1.10643
1
1
1
1.0114
1
1.02559
1
1.07461
1
1.0925
1
1
1
1
1
1
1
1
1
1
0.920713
1
1.1101
0.902616
1.07504
0.999604
1
1
1.0579
1
1.08961
1.09419
1
1.00014
1.11977
0.965427
1
1
1.11493
0.99242
1
1.10328
1.09798
1.09218
1
1.08685
1.11864
0.999999
1
1.05612
1
1.00002
1.0985
1
1.11883
1.01154
1.01844
1
1
1.10326
1
0.878873
1
1.1
1.07886
1.00829
1
1
1.10686
1.10151
0.999716
1
1.09437
0.999093
1.09059
1.00001
1
1
1
1
1.04563
1
1.09281
1.11333
1.07947
1.00003
1
1.00099
1
1
1.10569
1
0.999999
1
1
1
1
1
1
1.01547
1.05646
1
1
0.590738
1
1.00008
0.901984
1.11961
1
1.06665
0.999926
1.11877
1.07303
0.874659
1.0737
1.00001
1.09
1.11934
1
1.07845
1.11183
1.00051
0.999548
1.10154
1
0.827908
1
1
0.999111
1
1.09871
1
0.880306
1.00038
1
1
1.08555
1
1.11254
1
1.11837
1
0.890246
1
1
1.11904
1
1
1
1
1.08843
1.11714
1
1
1.09735
1
0.912826
1
1
1
1.11887
1
1.08952
1.07045
1
1
1
0.999903
1
1
1
1
1
1
0.900899
1
1
1
1
1.11899
1
1
0.865391
0.862458
1
1.09022
1.0204
0.860969
0.862606
1
1.07567
1
1.1105
0.727134
1.00041
1
1
0.999857
1
1
1
0.999981
1.04034
1.08277
1
1
1.09148
1.06092
1
1.10818
1
1.09764
1.05271
1
1
1
1
1.11468
1
1.00271
1.03762
0.999203
1.0961
1
1
1
1
1
1
0.977055
1.10674
1.00001
1.00001
0.889915
0.999994
0.670671
0.844584
1
1.09819
1.11212
1.0981
1
1.10624
1
0.86167
1
1
1.00613
0.952995
1.05969
1
1.11897
1
0.986596
1.10001
1
1
1
1.09715
1
1.09686
0.852512
1
1
1.06732
1
1
1.07944
1
1
1.10918
1
1
1
1
1
1
1.08249
1
1.1059
1.00199
0.86592
1.04242
1
1
1
1.08681
0.99971
1
1
1.08757
1
1.0799
1
1.09796
0.868889
1
0.999891
1
1.0701
1.00001
1
1.03102
1.08258
1
1
1.08572
0.928217
0.831578
1
1.09709
1
1.09672
1
1.06439
1
1
1.02485
1.07373
0.854555
1
0.999466
1
1
1.00763
1.06257
1.08485
1
1.11896
1
1
1
1
1
1
1.01901
0.859383
1
1
0.991795
1
1
1
1
1
1.0964
1
1
1.10671
1.0842
1.06098
1
1
1
0.939134
1.11934
1.07647
1
1
1
1
1.09888
1
1
1
1.09755
1
1
1.07537
1.12209
0.998844
0.914711
1
1.07834
1.11875
1
1.06376
1
1
1
0.741678
1.00071
0.981888
1
0.700128
0.849886
1
0.862728
1
1
1
1.04887
1
1.09775
1.09586
1.0005
1.06218
1
0.829286
0.931143
0.94078
1
1
1.11647
1
1.08446
1.09037
0.952205
1
1.09244
1
1.11156
1
1
1
1.00328
1
1
1
1.10613
1
0.601605
1
1.0878
0.690475
1
1
1.08594
1
1
0.999814
1
1
1.01222
1.10699
1
1.09982
1
1
1.00194
1
1.05791
1
1
0.865059
1
1
1
1
1
1
1
0.767862
1
1
0.730338
1.00031
1
1.1175
0.542644
1.0978
0.811487
1.09941
1
1
1
1
1
1
1
1
1
1
1
1.08535
1
1.0938
1.1201
0.864717
1
1
1
1
1
1
1.08887
1
1
0.864328
1
1
1.11757
1
1
1.04645
1.08594
0.816149
0.82241
0.868143
0.911055
1
1
0.780935
1.00012
1.11144
0.999117
1
1
1.09864
1
1
1
0.910719
1
1.04402
1
1
1.0309
1.08579
1
0.778086
1
1
1
0.998987
1
0.999993
1.08631
1
0.794541
1
1.05524
0.867001
1
0.945808
1
0.99873
0.859812
1
1
1
0.998794
0.918419
1
0.722992
0.99975
1.05822
1.08449
0.718979
0.843634
1
0.997547
1
0.999693
1
1
1
1
0.987414
1.09825
1
1
1
1.08649
1
1
1
1
1.09698
1
1
1.00531
1
0.999598
0.901845
1
1
1
1
1
1
0.997248
1
1
1
1
1
1
1
1
0.864774
1.01199
0.999606
1.11515
1.09775
1
1.0047
1.09798
1
1
1
0.762389
1.09595
1
1.1199
1
1.08206
1.06262
0.864449
1
0.870573
1
0.99993
1
0.860348
0.788334
1
1
1.10582
1
1
0.85027
1
1
1
1.04028
1
0.865324
1.10131
1
1
1
1
1
1
1
1
1.08787
1
1
1
1
0.868063
1
1.106
1.08776
1
1.08326
1
0.999999
1
1
1.10931
1.00872
1
0.793599
1.01276
1
1
1
1
1
1
1
1
1.00001
1
1.10646
1
1
1
1
1
1
1
1.05617
1
1
1
1
1.0895
1
1
1
1
1
1.00697
1
0.999325
1
1
1
1
1.12013
1
1
1.09718
0.858298
1
1
1
1
1
1
1.08156
1
1
1
1.11916
1
1
1
1.10609
0.999989
1
0.999916
1
1
1
1
1
0.626734
1.00833
0.998891
0.998943
1
1
0.818848
1.11909
1
0.703436
1
0.999996
1.08979
0.827436
0.999832
1.08524
1.10637
1.0927
1
1
0.961781
1
1.09933
0.744017
1
1
1
1
1.09052
0.8604
0.999245
1
1.10419
0.494075
1
1
0.85593
0.998619
1
1
1
1
1
1
1
1
1
1.00003
1.01561
1
1
1
1
1
1
1.08635
1
0.864374
1
1
1
1.045
1
1
1
1
1
0.925347
1
0.496864
1
1.08078
1.00002
0.949351
0.952554
1
1.00138
1.06174
1
1
0.884936
1.08413
1.08334
1.08449
1
0.864398
0.871862
1
1.08276
1
1
1
1
1
1.00001
1
0.868793
1.06729
1
1
0.816314
0.994636
1
1
1
1
0.864184
1
0.850372
1
1
1.09676
1
1
0.849947
1
1.09773
1
0.834172
1
0.860671
1
1.0021
1
1.09916
1
1
1.11935
1
1
1.01103
0.999072
1
0.999482
1
1.09299
1
0.902036
1
1.12138
0.999699
1
1
0.911475
1
0.99972
0.861092
1.00258
1.02749
1
1
0.985016
1
1
1
0.915022
1
1
1
1.08462
1
0.864537
1
1
1
1
0.85872
1.09753
1.07204
0.861938
1
1
1
1
1
1.11952
1.08651
0.851796
0.999379
1
1
1.08462
1
1
1
1
1.09857
1
1
1
1.09581
1
1
1.0893
0.867312
1
1
1
0.865099
1
1
1
1
1
1
1
1
1
1
1.11982
1.10536
1.09867
1.0981
1.11917
1.0825
1
1.08377
1
1.09629
1
1
1
0.806653
1.08503
0.999971
1
1
1
1
1.0158
1
1.01997
1
1
1
0.939512
1.08891
1.09683
1
1.10753
1
1
1
1.11913
1
0.996132
0.999192
0.732593
1
1.00001
1
1
1
1
1
1.08426
0.86341
1.08387
1.08608
0.998464
0.865187
1
1
1
1.08372
0.702408
1.08684
0.85627
1.09654
1
0.863505
1
1.00681
1
1.09176
0.930041
1
1
0.883386
1
0.573134
1
1.08124
1
0.908367
1
1.1183
0.733814
1
0.86542
1
1.09805
1
1
1.09048
1
0.941082
1
0.99991
0.58898
1.08909
0.999853
1
0.773494
1
1
1
1
1.06893
1
0.999999
1
1
1.12265
1
1
1.10631
1
0.63442
1
0.853079
1
1
1
1
1
1.08817
1.0733
1.08703
1
1
1.08932
0.86034
0.793127
1
1
1
1
0.617113
1
1.00033
1
1
1.09859
1
1
0.919358
1.11894
1
0.920284
1
1
1
0.999999
1
1
1
1
1
1
0.908512
0.999822
0.760241
1
1
1
0.999999
1.11889
1.11949
1
1
0.741837
1
1
1
1
1
1
1
1.0981
0.679754
1.09277
1.08597
0.868893
1.11932
1
0.891043
0.999327
1
1
1.08271
0.648759
1.08504
0.713862
1.08641
0.999294
0.86464
1.09192
1
1
1
1
1
1.11942
0.864811
1
1.00001
0.856819
1.00001
1
0.854162
0.822343
1.09782
1
0.999572
1.0979
1
1
0.931769
0.856607
1.08601
1.12025
1
1.07929
1
1
1.09602
1
1.04287
1.11948
1
1
1
1
1.08955
0.999999
1
1
1
1
1.09816
1.10256
1
1.08978
1
1
1
1
1
0.868593
0.942544
0.870099
1
1
1.11897
1
1
1.09534
0.864296
1
1.09604
1
1.09155
0.822393
1
0.723184
1
1
1.11971
1
1.12015
1.08559
1
0.836278
1
1
1.07268
0.843596
1
1
1
0.923438
1
1
1.11978
1
0.789308
1.08783
1
1
1
1
1
1.07844
1.02911
1
1.10524
1
1
1
0.999137
1
1.11874
1.07524
1
1.09343
1
1.11994
1
1.09228
1.09737
1.10268
1
1
0.849242
1.10309
1
1
1.12058
1.07885
1
1
1.10037
1
1
1
1.07263
1
1.0373
1.02783
1.08571
1
0.875669
1
1
1
1
1.00001
1.02934
1
1
1.10088
0.755762
0.999988
1
1.09735
1
1
1
1.10563
1.10348
0.955746
1
0.784151
1
1.01397
1.09015
1.08922
1
1
1
1
0.861593
1
1
1.09001
1.01414
1
1
1
1
1
1
1
0.999981
1.11934
1
1
1
1
1
1.07764
1
1.01619
1
1
1.08719
1.09385
0.860865
0.999652
1
1
1
0.867009
1.11947
1
1
1
1
1
1
1
1
1
1.10241
1.11825
0.872332
1.01457
0.867534
1
0.876269
1
1.11841
1.027
1
1
0.947032
1
1.09108
0.921424
0.999086
0.858112
1
1
1.11968
1
0.99923
0.852136
1.11954
1.12094
1
1
1
1
1.03639
1
1
1
1
1.11637
1.00002
1
1
0.905612
1
1
1.1191
0.852574
0.909164
0.868851
1.10103
0.999768
1
1
0.726324
0.768271
0.993713
1
1
1.11992
1
1
1
1
1.12
0.860879
1
1
1.00004
1.11641
1.00004
1.1165
1
1
1
1
0.933263
1
0.924941
1
1
1.08626
0.906258
1
0.910968
0.929398
1
1
1.11902
1
1
1
1.09672
1
1
1.11548
1.12
0.938348
1.08852
1.06941
1
1
1.11758
1
1
1
1
1
1.11911
1.0795
1
1
1
1.11907
1.00006
1
0.857752
0.882382
1
1.00001
1.04771
1
1
0.961559
0.890166
1
1
1
1.09332
1.08554
1.08664
1
1
1
1
0.480142
1
1.1174
1
1
0.869655
1.11771
1
1
1
0.712631
1
1.11825
1
1
0.842561
1.05136
1
0.999905
1.12033
0.86027
0.853604
1
1.11955
0.887697
0.859086
1
0.872058
1
1
1
1
0.671578
1
1
1
1
1.11982
1
1.08198
0.72195
1
1
1
0.853488
1.09038
1
1
0.998987
1
1
1.08038
1.11911
1
1
0.901048
0.692759
1
1
0.847887
1.03916
1.05848
1
1
1.11893
0.99925
1
0.99926
1.12048
1
1
1
1
1
1
1.11928
1
1.04385
1
0.877772
1.0882
1
1
1.09842
1
1
1
0.980642
0.477708
1
1.0662
1
1
1
1
1
1
1
1.00197
1
1
1.08342
1
1.08029
1
0.990745
1
1
0.999917
1
0.820434
1
0.862849
1
1.08871
1.11979
0.798618
1.09592
0.870764
0.998918
1
0.900101
1.09007
1
1
0.999551
1
1
1
1
1
0.563027
1
1
1
1
1
1.09442
0.922705
1
1
1
1.01078
1
1
1
1.07023
0.903651
1
1
1
1.00473
1.10348
1
0.786469
1
0.999999
0.962134
0.903365
1
0.863149
1
1
1.08648
0.999502
1.10996
1
1.00257
1
1
1.11025
1
1
1
1
1
1
1.0889
1
1.10285
0.806027
1.08258
0.999177
1.08409
1
1
0.811297
1
1
0.882829
1.11805
1
1
1
1
1
1
0.854836
0.693229
1
1.10149
1
1.05639
1.09252
0.857622
1.09849
1
1
0.854449
1
1
1.08785
1
1.04995
1
1
1.00054
1.11956
0.794777
0.888275
1.11969
1.0878
1.08675
1.04912
1
0.975407
1
1
1
1.11588
1.11936
1.11903
1
1
1.11902
0.745407
1.10687
0.857059
1
0.870888
1
0.867847
1.09562
0.858269
1
0.988583
0.901627
1
1
1
0.92664
1
1.09598
1.11494
1.1007
1
1
1.11964
1
1
1.11871
1
0.691552
1
0.882758
1
1.11085
1
1
1.00124
1.08067
1
0.99966
0.674901
1
1
0.900122
1.02417
1
1
1.09461
1.11816
1.09845
1
1
1.03004
1
1
1.08696
1
1
1
1
1.09279
1
0.830378
1.11907
0.854422
0.91914
0.936075
1
1
1
1
1.10126
0.999197
1.00001
1.09662
1.11951
1
1.10066
1
1.09177
1
1.11989
1
1.00001
1
1.11665
0.864852
0.873404
0.999403
1
1
1
0.724725
1
1.07211
1
0.869919
1
1.04108
1.08225
1.1179
1
1
1
0.999829
1
1.11953
1.00264
1
1.04842
1.11835
0.945371
1.00022
1.00012
0.815995
1.0055
0.706465
1
1
1.02135
1.12028
1
1
1.00118
1
1
0.909438
1
0.927137
1
0.999988
1
1
0.83129
1.00904
1.0202
1
1.10069
1.08868
0.931597
0.999461
0.817934
0.762197
0.862949
1
1
1
0.999733
0.87396
0.860747
1
1.08639
0.999926
1.08608
1.08908
1.12008
1
1
0.906474
1.10082
0.895203
1
1.07959
1.09335
0.999057
0.929865
1.08317
1.08966
1
0.835855
1
1
1.11906
1
1.00043
1.11851
1
0.876824
0.654595
1
1
0.881024
0.894087
1.09583
1.00001
1
0.82893
0.791428
1.11861
1.1113
1.09036
1.12
1.02704
0.986341
1.06488
1.12114
1.04791
1
1.06446
1
0.890155
0.936572
1
0.838413
1.08694
1.00646
1.08924
1
1.09588
1.11947
1
1.10723
1.08496
0.866305
1.09256
1
1.12092
1
0.90956
0.863218
1.10207
1
1
1
0.859179
1.10097
1
1
0.865014
1
1
0.739371
1
0.855302
1.12
1
0.919764
0.837084
1
1
1.0699
1
1
1
1.02122
0.863564
1
1
1
1.11844
0.855211
1
1.0972
0.916724
0.699263
1
1
1.12029
1
1
1
1.09126
0.867412
1
1
0.681296
0.930027
0.893702
1
1
1
1
1.08918
0.806739
1
0.855804
1
1.05594
1
1
0.992501
1
1
0.919111
0.999907
1.00001
1
0.855084
0.866023
1
1
1
1
0.91382
0.999999
1.11952
1
0.843978
0.73234
0.961571
0.861878
1
0.93985
1
0.877378
0.971701
1
1
0.860908
1
1.08058
1.1157
0.863721
1
1
1
1.11859
1
1.02383
0.945487
1.04128
0.862181
1.05032
0.836938
1
1
0.874184
0.974588
1
1.00331
1
1
0.850014
1
0.97107
1.01874
0.855912
1
1.09758
0.889885
0.968377
1
1
1
0.867153
1
0.859211
0.844398
1
0.96414
0.852258
1.01328
0.885409
0.897221
1.09591
1
1.08662
1.06706
0.899912
1.08696
0.91519
0.999716
1.11949
1
1
1.08374
1
0.901045
1
1.02037
1
1
1.09158
1
0.945586
0.927964
1.12073
0.979889
1
0.907377
1.09694
1.11957
0.976561
1
1.09719
1.03434
0.949507
1
1.01581
1
0.867537
1.02188
0.93307
0.919405
1
1
0.863457
1.08029
0.977793
0.858087
0.86004
0.938733
1
0.998521
1.11935
1.09673
1
1
1
0.863755
1.05237
0.999994
1
1.10809
0.811335
1
1.03025
0.961256
1.07172
1.10324
1
1.01784
1
1.00002
0.788548
0.938585
1
1
0.925463
0.801986
1.0207
1
1
0.912448
1.06957
1
1.12007
1
1.01429
1.06834
1
1.11794
1
1
1.11825
1
0.847855
1.11946
0.944841
1.00221
1
0.856757
0.999974
1
1
1
0.935101
1.0078
0.860317
1.05093
1.12013
0.851672
1
1
1
1
1
0.977228
0.902557
1.00473
0.855929
0.828417
1.0123
1
0.999945
1.03312
1
1
0.914004
0.986038
1
1
1.04739
1
1.11989
1
1.11925
1.01846
1.01057
0.860264
1
1
0.895174
1
1
1
1
1
1.01264
1
1
0.853702
1
1
1
1.08213
1
0.742333
1.06783
1
1
1
1.11921
0.786386
0.947687
0.809116
1.07511
1.11815
1
1
1.09077
1
0.84615
1
1
1
1
1
0.914756
1
1.11885
1
1
1.06114
1.11979
0.87156
0.960636
1
1.08083
1
1
1
1
1
1.09796
1.11929
0.891758
1.07997
0.849719
1
1
1.08746
1
1.11979
0.987699
1.00794
1.01327
1.08774
1
1.07344
0.857567
1
0.855991
1.00362
1
1.09704
1
1
0.849253
1.1202
1
1.11922
1
1
1
1
1
1
0.890477
1.11957
0.945856
1.09527
1
0.801033
0.863971
0.894962
1.11975
1.08115
0.988193
1
0.958001
1
1.04079
1
1.09582
0.849813
0.854962
0.945094
1
1.11148
1
1.01241
0.868707
1
1.11993
1.10898
0.999677
1
1.10593
0.86684
1.11921
1.08432
1.09589
0.86343
1.02895
1
1
0.858033
1
0.949243
0.956246
1
1
1.08983
1
1.05254
1.0263
1
1.02871
1.12049
1
0.891231
1
0.932837
1
1
1.01311
1
0.927806
1
0.866034
1.01052
0.962523
0.778199
1.07703
1.0961
1.11959
0.85863
0.889909
0.998832
1
1
0.88489
1.09002
0.866647
0.99999
1
1.08248
1.1191
0.960551
1
0.868377
0.891857
1.06875
0.983874
0.852382
1
0.852593
1.03646
0.867586
1
1.00002
0.92403
1.12009
1.10678
0.93178
0.99988
1
1
0.873576
1
0.861696
1
0.841863
0.864933
1
1
1
0.865745
1.08651
1
1
1.00002
1.00001
0.725391
1.1022
1.08982
1
0.85951
1.11984
1
1.03217
1
1
1.11833
0.854428
1
1
0.812446
0.948609
0.865482
0.883936
1
0.861399
0.999218
1.01868
0.856889
1
1
1.03532
1
1.08883
1
1
1.0876
0.909482
1
0.81556
1.02718
1.10058
1
1
0.86337
0.926893
0.85794
0.881264
0.917601
1.06052
0.99983
1
1
1
1
1.10777
0.910889
1
0.992376
1
0.999566
0.999982
0.898084
1.02221
1
1.08756
1.11286
1
1
1.09242
1.00001
1
1.09107
0.860199
1.09278
1
0.851941
1.11352
1.00002
1
0.933612
1
0.86317
1
1.11942
1
1
1.08863
1
1
1.11979
1
1
1
1.11154
1
0.916908
0.903899
1
0.854735
1.08388
1
1
0.983612
1
1.09515
1.06888
1.00851
1
1
0.891547
1
0.893304
1
1.11092
1.11861
1
1.11973
0.863571
1
0.89091
1.08586
1.10949
1.11909
1.11915
0.892043
0.850734
1
1
1.11928
1.11108
1.0884
0.93878
1.06148
1
1.08148
0.953092
1
1
1
1.00001
0.986771
1
1.11927
1
1
1
1
1
1
1.00002
1.09152
1
1.09198
1.08145
0.886547
1.11993
0.999704
1.05316
1
1.08012
1
0.854658
1
1
1
1
1.0879
1
0.857165
1.0778
0.856686
1.1014
1.0861
1.06826
1
1.00802
1.06177
0.99961
0.756729
0.941259
1
1
0.982011
1
0.900743
1.11931
0.890582
0.957641
0.965099
1
1
1
1.00402
1
1
0.554316
0.998954
1.1132
1
1.08543
1
0.860651
1
1
1.08999
0.999987
0.855187
1
1.11901
1
0.954072
0.908978
1.11182
1.08634
1
1.00227
1.10601
1
1
1.05357
1.08701
1.06747
0.998817
1
0.999999
1.08546
1
1
1
1.08448
1
1
1
1.11454
1
1
0.867838
1
1
1
1.11309
1
1
0.973321
1.04392
1.0891
0.950627
1
1.1018
1
1.04346
1
1.10089
1
1.0905
1
0.869964
1
1.08625
1
1
1.0864
1
1.10943
1
1.11823
0.89094
0.859363
1.11924
1
1.1019
1
1.11913
1
1
1
1.11467
1
1.03877
1.11561
1
0.839046
1.10272
0.939855
1
1
1
1.09461
1
1.08562
1.11888
1
0.864103
1
1.0911
1
1.00171
1
1
0.999415
0.911163
1.08509
1
1.1096
1
0.978726
0.866588
1.00012
1.0918
0.895379
1
1.10142
1.10165
1.10109
0.90265
1.09188
0.92222
1.11876
1.1191
1
1
1.09543
1
1
1
1
0.863777
1
1
1.11942
1.0902
1
1.07861
1
1.10222
1.11937
1
1.08638
1
0.854635
1.08336
1.09361
1.02759
0.858592
1.0855
1
1
0.854264
1
1
1.09356
1
1
0.946378
1
1.11164
1.00002
1
0.868625
1.1075
1
1.10617
1.08838
0.981764
1
1
0.915447
1.11495
1.07458
1.09524
1.11795
0.999424
1.10386
1.11281
1.0906
1.09661
1
1
0.888536
1
1.11199
0.950991
1.08798
1
1.08915
1
1
1
1
1
1.08876
0.856687
0.855904
1.11746
1.09656
1
1
1
1
1
1.08639
1.1076
1.08922
0.996504
1
1
1
1
1.09091
1.09272
1
1.10192
1.11967
0.854712
1.09947
1
1
1.0954
1
0.999392
1.0878
1.10166
1
1.07753
1
1
1
1
1
1
1.11384
1.12031
1.08732
1.0892
0.860219
0.891242
1.08721
1.08957
1
0.868272
0.958777
1
1.05981
0.858194
1
0.999848
0.999511
0.863455
1
1.10036
1
1
1
1.11922
0.971407
1
1.09777
1.09519
1
1.11104
1
1
1.08709
1
0.834743
1
1.11711
1
1
0.857232
1
1.08048
1
0.855918
0.761537
1
1
1
0.856384
0.949244
1
1.0899
1
1
1
1.09418
1
0.893445
1.01757
1.11036
1
1.09683
0.994078
1.08911
1.09669
1
1
1
1
1
1.08778
1
0.999806
1
1
0.853139
1
1.08876
1.06281
1.0059
1.04973
1.03409
1.1165
0.902244
1.08692
1
0.858945
1
1.08948
0.973059
1.08961
1.09566
1.11568
1
1.10998
1.08847
1.0864
1
1
1
1
1.11104
1.07247
1
1
0.855404
1
1
1.0999
1
1.08604
1.11111
1.11514
0.966129
1.09915
1.09707
0.99808
1
1.11073
1.09623
1
1.11012
0.96916
1.1184
1.00564
1.09661
1
1.08881
1.10848
1
0.862798
0.972787
0.864341
1
1.01832
1
1.10048
1
1
0.999011
1
1.05235
1.07954
1
1
1.08587
1
1
1.07774
1
1.08897
1.11831
1.10228
1
1.10318
0.933441
1.10438
1
0.993051
0.870144
1
1
0.876457
1
1.03577
1
1.08931
1
1.08891
1.06933
0.868038
1
1
1
1
1
1.10566
1.0033
1
1.09974
1
1.09841
1.08572
1
1
0.974099
1
0.857481
0.863218
0.886317
1.00137
1
1
0.892484
1.00001
1
1.09478
0.99912
1.0892
1.09771
1
1
1
1
1
1.11262
1.09108
1
1.11802
1
1.11015
1.06661
0.998881
1
1
1
1.07304
1
1.0023
1
1
1
1
1.08927
1
1
1
1
1
1.08905
0.858582
0.998996
1.08943
1.08648
1
1.08778
1
1
1
1
0.909664
1
1.10308
1
1.09799
1.10711
0.976844
1
1.0793
1.02934
1.11921
1.0978
1.01064
1.10317
1
1
1
1
1
1.09081
0.999682
1.07655
1.09088
0.843079
1.00001
1.11914
1
1
1
1
1.10116
1.10113
1
1.09741
1
1
1.086
1
1.00001
1.11807
1.01234
1
0.999703
1.08597
1
1.11567
1.0853
1
1
1
0.961152
1
1
1.08832
1
1
1
1
1.08638
1
1
1
1
1.08692
1
1.09528
1.09816
0.96968
1
0.88808
1
1.08798
1.0635
1
1
1
1
1
1.11881
1.07434
1
1
1
1.09348
1.0975
1.08641
1.09546
0.905479
1
1
1.09658
1
1
1
1.08621
1
1
0.999315
1
1
1.00833
1
1
1
1.05396
0.866032
1
1.08228
1.03335
1.00513
1.09716
1
1.10102
1.0961
1.07112
1
1.11376
1.03047
1.0171
1
1
1
1.08556
1
1.00772
1.1194
1.08663
1.00214
1.09566
1.10265
1.09542
1.09931
1.08694
1
1.08501
1
1
1.08963
1.00997
1
1
1
0.99873
1
1
0.998923
1
1.09224
1.00472
1.0958
1.12005
1.08042
1.03828
1
1.08636
1
0.915391
1
1
1
1.09317
1.09586
1.10699
1
1
1.10105
1.10389
1.09641
1.09308
1
1.08783
1
1.08799
1
1.08559
1
1.10149
1.10135
1.08938
1
1
1.09804
1
1.09364
1.07668
1
1
1
1.05415
1
1.10073
1.09225
1.08175
0.965054
1.08653
1
1.10968
1
1.0886
1
1
1
1
1.08728
0.873572
1.08677
1
1.0837
1
1.066
1
1.09026
1.0918
1
1
1
1.09812
0.856274
0.851991
1
1
1
1.09581
1.11843
1
1
1
1.08217
0.946811
1.08398
1.09475
1
1
1
1
0.947921
1.09778
1.07176
1.09627
1.02773
1
1
1
1.086
1.02155
1
1
1
1.08882
1.11144
1
0.999981
1.09484
1.08461
0.940964
1
1.00423
1
1
1.08489
1
1.0643
1
1
1
1
0.855468
1.09511
1
1
1
1
1.0964
1.00001
1
1
1
1.08094
1
1.0909
1
1
1
1.11902
0.858947
1
0.906494
1.01232
0.864918
1.11808
1.08299
0.999285
1
1
1
1.08549
1
1.08709
1
1
0.917877
1.08031
1
1
1
1.08382
1
1
0.894639
1.08952
1.02279
1.09429
1.03763
1
1.08623
1
1.07162
1
1
1.07923
1.11812
0.863289
1
1
1.03267
1.09651
1.08123
1
1
1.03768
1.08508
1.11185
1
1.02848
1
1.00001
1
1
1
1.08078
0.999799
1.01163
1.09627
0.998868
1
1.09895
0.999648
1.0134
1.08642
1.08508
0.868118
1.00002
1.08719
1.08327
1.09575
1
1
0.859449
0.962213
0.86373
1
1.06487
1
1.09499
1
1.09678
1
1.07504
1
1
0.856052
1
1
1
1.08873
1
0.860162
1.00664
1
1
1.11986
0.991599
0.999214
1
1.06226
1
1
1
1.08493
0.933703
1
1.10887
1.06816
1
1.12004
1.08204
1
1.00002
1
1
1
0.999892
1
1.09302
1
1
0.895569
1.03628
1.09927
0.99963
0.993965
1
0.976149
0.593894
1.03818
1.08555
1
1
1
1.09401
1.0194
1.09164
0.999357
1
1
1.09372
0.984206
1
1
1.08582
1
1.09454
1.09666
1
0.849286
1.02732
1
1.06933
1
1
0.855603
1.0063
1
0.999934
1
1
1.04785
1.00046
1
1.0062
1.08386
1.08368
0.716631
1.09075
1.09295
1
1
1.08987
1
1
1
1.0931
1.01675
1
1.08287
1
1
1.10118
1
1
1.09273
1
1.08705
1.1208
1.08001
1
1
0.920729
1
0.93075
1
1.09076
1
1
1
1.09756
1.07649
1.11201
1
1
1
1
1
1
1
1.09002
0.99997
1.04632
1
1
1
1
1.09356
1.00001
1.09011
1.07929
1
1
0.843869
1
1.09877
1.08308
1
1
1
1
1.08333
1
0.869513
1
1
1
1.11505
1
1.07021
1
1
1
1
1
1
1.11884
1.02207
1
1.0898
1.04336
1.10261
1
1.10165
1
1.11602
1.11775
1.03646
1.00045
0.866409
1
1.07832
1.0932
1
1.10934
1
0.851993
1.03931
1.089
1.00523
1
1.02432
1
1
0.999146
1
0.853689
1.11604
1
1
1.08216
1
1
1
1
0.958176
1
0.999982
1
1.07647
1.09708
1.08234
1
1.09176
1.02746
1.0899
1
1.10053
0.999777
1.08688
1.01492
1
1
1.08934
1.09332
1.06081
1
1
1
0.849567
1
1
1
1
1.00033
1.09718
1
1
1.09064
1.10354
1
1
1
1.09385
1.09259
1.1186
1
1
1
1
1
0.999515
1.00424
1.09244
1
1
1
1
0.999499
1.08017
1.08458
1.08327
0.999629
1.08673
0.964675
1.0868
1.09087
0.851808
1.04816
1
1
1.08456
0.999645
1
1
1
1.06521
1.08761
1.001
1
1
1
1.06703
1.10382
1.08483
1
1.0602
1
0.999707
1
1
1
1.09543
1
1.0842
1.08845
0.881973
0.999986
1
0.850924
1
1
1
1
1
1
1
1
1.07183
1
1.09538
0.914641
1
1
1.08682
1
1
0.865202
0.858665
1.0126
1
1
1
1.09878
0.950173
1
1
1.08884
1.08575
1.06364
0.867263
1.08275
1.00398
1.0086
1.10159
1.09566
1
1
1
1
1
1.08594
1
1.00263
1
1
1
1
1.04035
1.00015
1
1
0.862954
1
1.07897
1
1
1
1.12044
1.10036
1
0.999912
1
1.09048
1.00001
1.08936
1.0855
1
1
1
1
0.852059
1
1.09555
1.09061
1
1
1
1
0.751166
1.03496
1
1
1
1
1
1
1
1
0.870701
1.07862
1
1
1
1
1
1
1.07558
1
1.09988
0.85551
0.998953
1
0.99197
1.04928
1.00001
1.03113
1.05591
1
1
1.08798
1
1
1
1
1.08474
1
1
1.12
1
1
1
1
1
1
1.00666
0.943922
1
1
1
0.853332
0.848876
1
1
1.10127
1
1
1
1
1.07835
1
1.09586
1
1
0.999931
1
1.08919
0.99997
1
1
1.08864
1
1.08303
1
1.05058
1
1
1
0.998989
0.854122
1.06728
1
1.05574
0.885758
1
1
1
1
1
0.86643
1.09767
1
1
1
1.09702
1.09649
0.98844
0.976064
1
1.10537
1.09105
1.09826
1
1
1.08639
0.98033
1
1.11929
1
1
1.08902
1
1.05438
1.09978
1
1
1.0776
1
1
1.08861
1
1
1
1
1
1
1
0.999997
1.09709
1
1
1
1.09243
1.07717
1.09018
1
1.11878
1
1
1
1
1
1
1
1
0.897438
1
1
0.888967
1.09896
1
1
0.99999
1.08732
1
1
0.999018
1
1
1
1.00987
1
1
1
1.10315
1
1
1
1
1
0.835231
1
1.00435
1
1
1.07598
1
1.0982
0.906033
0.999824
0.884082
1
1
1
1
1.01562
1
1.1185
1
1
1.0804
1
1
1.09804
1
1.09046
1
1.06954
1
1
1
1
1
1
1.0937
1
1
1
1
1
1
1
1
1
1.07771
1
1.00069
1.11531
1.00709
1
1
1
1.04698
1
1
1
1.00001
1
1.07582
1
0.85509
1.07259
1
1
1
1
1
1
1
0.999988
0.999755
0.99966
1
1
1
0.86759
1
1.06619
1
1
1
1
1
1
1
1
0.870719
1
1
1
1
1
0.99624
1
1
1.10944
1
1
1
1.08617
1
1
1
1
1
1
1
1.10869
1
1
1
1
1.09815
1
1
1.08687
1
1.08939
1.00001
1
1.05781
1.07684
1
1.10125
1
1.08548
1
1
1.08068
0.860253
1.09296
1
1.1026
1
1
1
1
1
1
1.02871
1
1
1
1
1
1
1
1
1
1
1.08863
1.00001
1
1
1
1
1
1
1
1
1
1
1
0.993835
1.0219
1
1
1
1
1
1
1
1
1.01698
1.08773
1.09764
1
1
1
1
1.08468
1
1.08524
1
1
1
1
1
1
1.06344
1
1
1
0.94473
1
1
1.08706
1
1
1.0966
1.09805
1.08691
1
1.10957
1.09391
1
1
0.858984
1.08911
1
0.999032
1
1
1
1
1
1
1
1
1
1
1.01116
1.0969
1
1
1
0.91509
0.870217
1
0.964468
1
1
0.957448
1
1
0.854559
1
1
1
1
0.999223
1
1.09801
1
1
1
1.09778
1.09609
1
1
1
1
1
1
1.08731
1
1.06691
1
1
1
1.07975
1.10153
1
1
1
1
1
1
1.10492
1.0778
1
1
1
1
1.08607
1
1
1.00006
1
1
1
1
1
1
1
1
1
1
1
1
0.886898
1
1.10577
1
1
1
1
1
1
1
1
1
1
0.999998
1.03014
1
1
1.09085
1
1.10211
1
1.08745
0.689446
1.11567
1
1
1
1
0.859456
1
1.03965
1
1.10658
1.08834
1
1
1.08987
1.04224
1
1.08748
1
0.855543
1
0.957888
1.09074
1
1
1.09045
1
1.08639
0.941204
1
1
1
1
1.08462
1
1.04041
1
1
1.08272
1
1.09915
1
1.08476
1.11855
1
1
1
1
0.999998
1
1
1.00003
1
1
1
1
1
1
1.08769
1
1
1
1
0.9636
1
1
1
1.0003
0.998872
1
1
0.99503
1
1
1
1
1
1
0.999944
1
1
1.09417
1
1.0824
1
1.10705
1
1
1.09096
1
1
1.02463
1
1
1
1.09876
1
1
1
1
1
1
1
1
1
1
1.08832
1
1
1.10631
1
1
1
0.832811
1
1.0925
1
0.876862
1
1
1
1
1.0888
1
1
1
1.0714
1
1
1.1168
1.06167
1
1
1
1
1.09216
1
1.09672
1.09654
1.11848
1
1.12001
1
1
1
1.06813
1.08551
1
1
1
1
1
1
1.0271
1
0.999982
1
1
1.09015
1
1
1
1
1.01434
0.85334
1
1
1
1
1.08609
1
1
1
1.09023
1
1
1.08346
1
1.08536
1
1
1
1
1
1
1
1
1
1
1
0.807552
1
1
1
1
1
1
1
1.08653
1
1
1.0898
1
1
1
1
1
1.08832
1
0.925748
1
1
1.09041
1
1
1.1074
1
1.0802
0.993813
1
1
1
1
1.09538
1
1
1
1.05671
1
1.09162
1
1.08133
0.999998
0.904162
0.999286
1.02176
1
1
1
1
1
1
1.08231
1
1
1.09834
1.08725
0.852446
1
1
1
1
1
1
1
1
1
1
1
1.00013
1
1
1
1
1
1
0.999696
1
1
1
1
1
1
1
1.0708
1
1
1
1
1
1
1
1
1.0834
1
1.01791
1
1.0916
1
1.00001
1
1
1
1
0.866418
1
1
1
1
1
1
1
1
0.999999
1
1
1
1
1
1
1
1
1
1
0.944066
1
1.08592
1
1
1
1.10001
1
1
1.08187
0.999999
1
1
1
1
1
1
1.09558
1
1
1
1.08981
1.08442
1
1.0634
1
1
1
1
1
1
1
1
1
1
1.10977
1
1
1
1
1
1
1.09505
1
1
1
1
1
1
1
1.06411
0.966303
1
0.999776
1
1
1
1.04453
1.00247
0.999962
1
1
0.999995
1.00181
1.08986
1
1
1
1
1
1
1
1
1
1
1.09015
1
1
1.04351
1
1
1
1
1
1
1
1
1
1
1
1
1
1
1
1
1
1
1
1.02184
1
1
1
1
1
1
1
1
1
1
1.08102
1
1
1
1
0.999646
1
1
1
1
1
1
0.999997
1
1
1
1
1
0.863725
1.11778
1
0.999993
1
1
1.00416
1
1
1
1
1
1.00033
1
1
1.09659
1
1
1
1
1
1
1
1
1
1.00137
1.08535
1
1
1
1
1
1.04647
1
1
1
1
1
1
1
1
1
1.08993
1
1
1
1
1
1
1
1
1
1
1.01925
1
1.1074
1
0.999999
1
1.06964
1
1.08363
1.10611
1
1
1.1039
1
1
1
1
1
1.11837
0.999993
1.10383
1
1
1
1
0.999668
1
1.0016
1
0.983462
1
1
1
1
1
1
1
1
1
0.999951
1
1
1.1202
1
0.999658
1
1
1.01074
1
1
1
1
1
1
1
0.870899
1.05725
0.999999
1.06624
1
1
1
1
1
1
1.1024
1
1
1
1
1
1
1.11784
1
1
1
1
1
1
1
1.03687
1.03316
1
1
1
1
1
1
1
1
1.06296
1
1
1
1
1
1
1.0956
1
1
1
1
1
1
1.08651
1
0.999386
1
1
1
1.09288
1
1
1
1
1.07716
1
1
1
1
1
1
1
1
1
1
1
1
1
1
1
1
1.04083
0.957546
1
1
1
1
1
1.11832
1
1
1
1.09796
1
1.03
1
1
1
1
1
1
1
1
1
1
0.999648
1.09622
1
1.0432
1.02922
1
1.06584
1
1
1
1
1
0.888506
1.10044
1
1.09407
1
1
1
1
0.99991
1.08987
1
1.09945
1
1.09771
1
1
1.07429
1.10487
1
1
1
1.11819
1
1
1
1
0.999942
1
1
0.998726
1
0.965918
1
1
1
1
1.06245
1
1
1.0611
0.999943
1
1.08301
1
1
1
1
1
1
1
1.00143
1.03646
0.923682
1.09639
1
1
1
1
1
1
1
1
1.10317
1
1
1
1.10325
1
1
1
0.955196
1
1
1
0.927376
1
1
1
1
1
1
1
1
1
1
1
1
1
1
1
1
1
1
1
1
1
1
1
1.05894
1
1.112
1
1
1
1
1
1.06418
1
1
1
1
1
0.99997
1
1
1
1
1
1
1
0.999563
1
0.859786
1
0.864638
1
1
1
1
1
1
1.01873
1
1
1
1.07649
1.10916
1.09743
1
1
1
1
1
1
1
1
1
1
0.96004
1
1
1
1
1
1
1.1003
1
1
1
1
1
1
1
1.08732
1
1
1
1
1
1.08908
1
1
1
1.08069
1.09554
1
1
1
1
1
1.10719
1
1
1
1
1
1
1
1
1
1
1
1
1
1
1
1
1
1.00157
1
1
1
1
1
1
0.999999
1
1
1.01064
1.09183
1
1
1
1
1
1
1
1
0.947015
1
1
1
1
1
1.11146
1
1
1
1
1
1.09794
1
1
1
1
1.00001
1
1
1
1
1
1
1
1
1
1
1
1
1
1
1.0875
1
1
1
1
1
1
1.08699
1
1
1
1
1
1
1
1.09564
1
1
1
1
1
1
1
1
1
1
1.08785
1.11812
1
1
1
1.08347
1
1
1
1
1
1
1
1
1.09453
1
1.00001
1
0.857845
1.07972
1
1.08032
1
0.852005
1.07659
1
1
1
1
1
1
1
1
1
1
1
1
1
1
1
1
1
0.856735
0.999999
1
1
1
1
1
1
1
1
1.00278
1
1
1
1
1
1.06226
1
1
1
1
1
1
1
1.11818
1
1
1
0.997941
1
1
1
1
0.999999
1
1
1
1
1
1
1
1
1
1
1
1
1
1
1
1
1
1
1
1
1
1
1
1
1
1
1
0.868459
1
1
1
1
1
1
1
1.09555
1
1
1
1.00085
1.07884
1
1
1
1
1
1
1
1
1
1
1
1
1.08777
1
1.08799
1
1
1
1
1
1
1.07541
1
1
1
1
1
1
1
1
1
1.00001
1
1
1
1
1.0905
1
1
1
1
1
1
1
1.10643
1
1
1.0021
0.963643
1
1
1
1
1
1
1
1
1
1
1
1.09235
1
1
1
1
1
1
1
1
0.855614
1
1.10097
0.863746
1
1
1
0.99999
1
1
0.999999
1
1
1
1
1.00005
1
1
1
1
1
1
1
1
1
1
1
1
0.944781
1
1
1
1.10241
1
1
1
1
1
1
1
1
1
1
1
1
1
1
1
1
1.11845
1
1
1
1
1
1
1
1
1
1
1.07606
1
1
1
1
1
1.10654
1
1
0.985475
1
1
1
1
1
1.08797
1
1
1.09041
1
1
1
1
1
1
1
1
1
1
1
1
1
1
1
1
1
1
1
1
1
1
1
1
1
1
1
1
1
1
1
1
1
1
1
1
0.963272
1
1
1.11941
1
1
1
1
1
1
1.11815
1
1
1
1
1
1
1
1
1
1
1.11769
1
1
1
1
1
1
1
0.862196
1
1
1.07918
1
1
1
1
1
1
1
1
1
1
1.08454
1
1.1035
1
1
1
1
1
1
1
1
1
1
1
1
1
1
1
1
1
1
1
1
1
1
1
1
1
1
1
1
1
1
1.01736
1
1
1
1
1
1
1
1
1
0.999843
1
1
1
1
1
1.10589
1
1
1
1.02098
1
1
1.09261
1
1.09273
1
1
1
1
1
1
1
1
1
1
1
1
1
1
1
1.07779
1.00124
1
1
1
1
1
1.10436
1
1
1
1
1
1
1.08535
1
1
1.04071
1
1.11143
1
1.03114
1
1
1
1
1
1
1
1
1
1
1
1
1
1
1
1
1
1
1.08967
1.09984
1
1
1
1
1
1
1
1
1
1
1
1
1
1
1
1
1
1
1
1
1
1
1
1
1.09178
1
1
1
0.999999
1
1
1
1.09776
1
1
1
0.99991
1.08435
1
1
1
1
0.999627
1.08915
1.02352
1
1
1
1
1
0.859863
1
1
1
1
1
1
1
1
1
1
1
1
1
1
1
1
1
1
1.09145
1
1
1
1
1
1
1
1
1
1
1.08461
1
1
1.11173
1
1
1
0.823063
1.08799
1
1
1.09233
1
1
1
1
1
1
1
1
1
1
1
1
0.950877
1
1
1
1
1
1
1.0062
1
1
1
1
1
1
1
1
1
1.09894
1
1
1
1
1
1
1
1
1
1
1
1
1
1
1
1.01841
1
1
1
1
1
1
1
1
1
1
1
1
1
1
1
1
1
1
1
1
1
1
1
1
1
1
1
1
1
1
1
1
1
1
1
1
1
1
1
1
1
1
1.08879
1
1
1
1
1
1
1
1
1
1.03816
1
1
1
1.00086
1.11931
1
1
1
1
1
1
1
1
1
1
1
1
1
1
1
1
1.08451
1.0338
1
1
1
1.09611
1.07603
1
1
1
1
1
1
1.08927
1
1
1
1
1
1
1
1
1.08877
1
1
1
1
1
1
1
1
1
1
1
1
1
1
1
1
1
1
1
1
1
1
1
1
1
1
1
0.927724
1
1.08587
1.00429
1
1
1
1
1
1
1.00375
1
1
1
1
1
1
1
1
1
1
1
1
1
0.845631
1.0941
1
1
1
1
1
1
1
1
1
1.00187
1
1
1
1
1.00449
1
1
1.05843
1
1.08914
1.04431
1
1
1
1
1
1
1
1
1
1
1
1
1
1
1
1
1
1
1
1
1
1
1
1
1
1
1
1
1
1
1
1
1
1
1.02995
1
1
1
1
1
1
1.08543
1
1
1
1
1
1
1
1
1
0.999986
1
1
1.07514
1
1
1
1
1
1
1.09339
1
1
1
1.08709
1
1
1
1.00001
1
0.844383
1
1
1.09803
1
1.09662
1
1
1
1
1
1
1
1
1
0.906568
1
1
1
1
1
0.852951
1
1
1.09975
1
1
1
1
1
0.858728
1
1.08214
1
1.11843
1
1
1
1.08853
1
1
1
1
1
1
1
1
1
1
1
1
1
1
1
1
1
1.08892
1
1
1
1
1
1
1.05399
1
1
1
1.09061
1
1
1
0.909237
1
1
1
1
1
1
1
1
1
1
1
1
1
1
1.11879
1
1
0.849306
1
1
1
1
1
1
1
1
1
1.05268
1
1
1
1
1
1
1
1
1
1
1
1
1
1
1
0.846231
1
0.955639
1
1
1.11793
1
1.10523
1
1
1
1
1
1
1
1
1
1
1
1
1
1.00001
1
1
1
1
1
1
1
1
1
1
0.995703
1
1
1
1
1
1.05799
1.09098
1
1
1
1
1
1.06007
1.10288
1
1
1
1
1
1
1
1
0.856588
1
1
1
1
1
1
1.11033
1
1
1.08958
1
0.999999
1
1.10468
0.974179
1
1
0.791804
1
1
1
1
1
0.864083
1
1
1
1
1
1
1
1
1
1
1
1
1
1
1
0.972069
1
1
1
1
1
1
1.07506
1
0.954886
1
1
1
1
1
1
1
1
1.00001
1
1
1
1
1
1
1
1
1
1
1
1
1
1.11823
1
0.758518
1
0.999978
1
1
1
1.00864
1
1
1
1
1
1.11141
1
1
0.846238
1
1
1
1
1
1
1
1
1
1
1
1
1
1
1
0.999291
1
1
1.10126
1
1
0.999999
1
0.895743
1
1
1
1
1
1
1
1
1.00001
0.864432
1
1
1
1
1
1
1.0969
1.00023
1
1
1
1.08571
1
1
1
1
1
1.08734
1
1
1
1
1
1
1.0093
1
0.999999
1
1
1
1
1.08775
1
1
1
1
1
1
1
1.06213
1
1
1
1
1
1
1.01516
1
1
1
1
1
1
1
1
1
1
1
0.999999
0.901077
1
1
1
1
0.99906
1
0.924772
1
1
1
1
1
1
1
1
1.0924
1
1
1
1
1
1
1
1
1
1
1
1
1
1
1
1
1
1
1
1
1
1
1
1
1.01321
0.958329
1
1
1
1
1
1
1
1.09061
1
1
1
1
1
1
1
1
1.08822
1
1
1.03994
1.00001
1
1
0.906856
1
0.857188
0.999877
1
1
1
0.881043
1
1
1
1
1
1
1
1.08649
1
1
1
1
1
1
1
1
1
1
1.09806
1
1
1
1.04942
1
1
0.863381
1.10666
1
1
1
1
1
1
1
1
1
1
1
0.921742
0.99713
1
1
1
1
1.08708
1
1
1
1
0.999999
1
1
1
0.865392
1
1
1
1
0.999982
1
1
1
1
1.08532
1
1
1
1
1.10098
1
1
1
1.09735
1
1
1
1
1
1
1
0.999999
1
1
1
1.01403
0.8963
1
1.08516
1
0.849369
1
1
1.08874
1
1.08491
1
1
1
1.11882
1.11491
1.08337
1
1
1
1
1
1
1
1
1
1
1
1
1
1.09531
1
1
1
1
1
1
1
1
1
1
1
1
1
1
1
0.999137
1
1
1.08704
0.999944
1
1
1.09109
1.10528
1
1.1023
1
1
1
1
1
1
1
1.1056
1
0.987053
1
1.11092
1
1
1
1
1
0.972187
1
1
1
1
1
1
1
1
1
1
1
1
1
1
1
1
1
1.08073
1
1
1
1
1
1.07071
1
1
1
1
1
1
1
1
1
1
1
1
1
0.908964
1
1
1
1
1
1
1
1
1
1
1
1
0.856861
1
1.08904
1
1
1
1
1
1.04191
1
1
0.88247
1
1
1
1
1
1
1
1
1
1
1.11745
1
1
1
1
1
1
1
1
1
1
1
1.08852
1
1
1
1
1
1
1
1
0.716797
1
1
1
1
1
1.07881
1.08638
1
1
1
0.940194
1
1
1
1
1
1
1
1
1
1
1
1
1
1
1
1
1.11732
1
1
1
1
1.0794
0.980011
1
0.90327
0.860341
1
1.11981
1
1
1
1
1
1
1.08362
1.04151
1
1
1
1.08299
1.11903
1
1
1
1
1
1
1
1
1
1
1
1
1
1
1.08656
1
1
1
1
1
1
1
1
1
1.11862
1
1
1
1
1
1
1.0842
1
1
1
1
1
1
1.09798
1.10314
1.08347
1
1
0.855795
1
1
1
1.06165
1
1.10459
1.08533
1
1
1
1
1
1
1
1.08825
1
1
1
1
1
1
1
1
1
1
1
1
1
1
1
1
1.07088
1.09364
1
1
1
1
1.08841
1
1
1
1
1
1
1
1
1.0825
0.855022
1.10293
1
1
1
1
1
1
1
1
1
1
1
1
1
0.571631
1.08378
0.999998
1.02979
1.10255
1
1
1
1
1
1
1
1.08897
1
1
1
1.04088
1.09255
1
1
0.975268
1
1
1
1
1
0.862648
1
1
1.01659
1
1
1
1
1.10824
1
1
1
1
1.10725
1
1
1
1
1
1
1
1
1
1
1
1
1
1
1
1
1
1
1.03487
1
1
1.11941
1
1
1
1
1
1
1
1
1
1.10631
1
1
1
1
1.11845
1.07398
1
1
1
1
1
1
1
1
1
1
1
1
1
1
1
1
1
1
1
1
1
1
1
1
1
1
1.11048
1
1
1
1
1
1
1
1
1
1
1
1
1
1
1
1
1
1
0.867734
1
0.999999
1
1
1
1
0.999999
1
1
1
1
1
1
1
1
1
1
1
1
1
1
1
1
1
1
1
1
1
1
1
1
1
1
1
1
1
1
1
1
1
1
1
1
1
1
1
1
0.999982
1
1
1
1
1
1
1
1
1
1
1
1
1
1
1
1
1
1
1
1.08854
1
1
1
1
0.999727
1
1
1
1
1
1
1
1
1.04208
1
1
1
1
1
1
0.861889
1
1.09075
1.00001
1
1
1
1
1
1
1
1
1
1
1
1
1.08489
1
1
1
1
1
1
0.943544
1
1
0.872561
1
0.931395
1.09651
1
1
1
1
1
1
1
1
1
1
0.868266
1
1
1
1
1
1
1
0.999962
1
1.11963
1
1.00003
1
1
1
1
1
1.08498
1.01191
1
1
1
1.01
1
1
1
1
1
1
1.08797
1
1
1
1
1
1
1
1
1
1
1
1
1
1
1
1.11873
1
1
1
1
1
1
1
1
1
1.09172
1.11907
1
1
1
1
1
1
1
1
1
1
1
1
1
1
1
1
1
1
1
1
1
1
1
1
1
1
1
1
0.870875
1
1
1
1
1
1
1.10649
1
1
1
1
1
1
1
1
1
1.08882
1
1
1
1
1.08794
1
1
1
1
1
1
1
1
1
1
1.05261
1
1
1
1
1
1
1
1.09348
1.08486
1
1
1
1
1.11891
1
1
1
1
1
1
1
1
1
1
1
1
1
1
1
0.999972
1.00001
1
1
1
1
1
0.915145
1
1
1
1
1
1
1
1
1
1
1
1
1
1
1
1
1
1
1
1
1
1
1
1
1
1
1
1
1
1
1.00001
1
1
1
1
1
1
1
1
1
1
1
1
1
1
1
1
1
1
1
1.11932
1
1
1
1
1
1.09122
1.00002
1
0.862978
1
1
1
1
1
1
1
1
1
1
1
1
0.513301
1
1
1
1
1
1
1
1
1
1
1
1.08451
1.09851
1
1
1
1
1
1
1
1
1
1
1.09136
1
1
1
1.08292
0.999997
1
1
1
1
1
1
1
1
1
1
1
1
1
1
1
1
1
1
1
1
1
1
0.994735
1
1
1
1
1
1
1
1.09351
0.999698
1
1
1
0.999696
1
1
1
1
1
1
1
1
1
1
1
1
1
1.11978
1
1
1
1
1
1
1
1
1.07814
1
1.08465
1.10791
1
1.10446
1
1
1
1
1
1
1
1
1
1.04413
1
1
1.08279
1
1
1
1
1
1
1
1
1
1
1
1
1
1
1
1
1
1
1
1
1
1
1
1
1
1
1
1.00001
0.999277
1
1
1
1
1
1
1
1
1
1
1
1
1
1.0767
1
1
1
1
1
1
1
1
1
1
1
1
1
1
1.01252
1
1
0.999226
1
1.08496
1
1
1
1
1.07998
1
1
1
1
1
1
1
1
1
1
1
1
1
1
1
1.08732
1
1
1
1
1.1191
1
1
1
1
1
1
1
1
1
1
1
1
1
1
1
1
1
1
1
1
1
1
1
1
1
1
1
1
1
1
1
1
1
1
1
1
1
1
1
1
1
1
1
1
1
1
1
1
1
1
1
1
1
1
1
1
1
1
1
1
1
1.09112
1
1
1
1.10179
1
1
1
1
1
1
0.834696
1
1
1
1
1
1
1
1
1
1
1
1
1
1.00034
1
1
1
1
1
1
1
1
1
1
1
1
1
1
1
1
1
1
1
1
1
1
1
1
1
1.09557
0.999716
1.08668
1
1
1
1
1
1
1
1
1
1
1
1
0.880649
1
1
1
1
1
1
1
1
1
1
1
1
1
1
1
1
1
1
1
1.11909
1
1
1
1
1
1.08138
1
1
1
1
0.92833
1
1
1
1
1
1
1
1
1
1
1
1
1
1
1
1
1
1
1
1
1
1
1
1
1
1
1
1
1
1
1
1
1
1
1
1
1
1
1
0.999683
1
1
1
1
1
1
1
1
1
1
1
1
1
1
1
1
1
1
1
1
1
1
1
1
1
1
1
1
1
1
1
1
1
1
1
1
1
1
1
1
1
1
1
1
1
1
1
1
1
1
1
1
1
1
1
1
1
1
1
1
1
1
1
1
1
1
1
1
1
1
1
1
1
1
1
0.999983
1
1
1
1
1
1.09688
1.04877
1
0.999999
1
1
1
1
1
1
1
1
1
1.08986
1.07876
1
1
1
1
1.09391
1
1
1
1
1
1
1
1
1
1
1
1
1
1
1
1
1
1
1
1
1.09615
1
1
1
1
1
1
1
1
1
1
1
1
1
1
1
1
1
1
1.07635
1
1.1015
1
1
1
1
1
1
1.10101
1
1
1
1
1
1
1
1
1
1
1
1
1
1
1
1
1
1
1.02604
1
1
1
1
1
1
1
1
1
1
1
1
1.09461
1
1.11895
1
1
1
1
1
1
1
1
1
1
1
1
1
1
1
1
1
1
1
1
1
1
1
1
1
1.09298
1
1
1
1
1
1
1
0.999996
1
1
1
1
1
1
1
1.01016
1
1
1
0.908097
1
1
1
1
1
1
1.04851
1
1
1
1
1
1
1
1
1
1
1
1
1
1
1
1
1
1
1
1
1
1
1
1
1
1
1
1
1
1
1
0.999819
1
1.11015
1
1
1.00713
1
1
1
1.08356
1
1
1
1
1
1
1
1.117
1
1
1
1
1
1
1
1
1.09128
1
1
1
0.999999
1
1
1
1
1.0883
1
1
0.917009
1
1.11443
1
1
1
1
1
1.08719
1
1
1
1
1
1
1.09029
1
1
1
0.999996
1
1
1
1
1
1
1
1
1
1
1
1
1
1
1
0.99974
1
1.08771
1
1
1.10043
1
1
1
1
1
1
1
1
1
1
1.07599
1
1
1
1.08524
1
1
1
1.10787
1
1
1
1
1
1
1
1
1
1
1
1
1
1
1
1
1
1
1
1
1
1
1
1
1
1
1
1
1
1
1
1
1
1
1
1
1
1
1
1
1
1
1
1
1
1
1
1
1
1
1
1
1.00419
1
1
1
1
1
1.11099
1
1
1
1
1
0.999997
1
1
1
1
1
1
0.75391
1
1
1
1
1
1
1.10452
1
1
1
1
1
1
1
1
1
1
1
1.11951
1
1
1
1
1
1
1
1
1
1
1
1
1
1
1
1
1
1
1
1
1
1
1
1.08432
1
1
1
1
1
1
1
1
1
1
1
1.105
1
1
1
1
1
1
1
1
1
1
1
1
1
1
1
1
1
1
1
1
1
1
1
1
1
1
1
1
1
0.999947
1
1
1
1
1
1
1.08502
1
1
1
1
1
1.10039
1
1
1
1
1
1
1
1
1
1
1
1
0.863657
1
1
1
1
1
1
1
1
1
1
1
1
1
1
1.08937
1
1
1
1
1
1
0.999998
1
1.11915
1
1
1
1
1
1
1
1
1
1
1
1
1
1
1
1
1
1
1
1
0.863095
1
1
1
1
1
1
1
1
1.01358
1
1
1
1
1
1
1
1
1
1
1.09392
1
1
1
1
1
1.0856
1
1
1
1
1
1
1
1
1
1
1
1
1
1
1
1
1
1
1
1
1
1
1
1
1
1
1
1
1
1
0.864882
1
1
1
0.844844
1
1
1
1
1
1
1
1
1
1.10008
1
1.00001
1
1
1
1
1
1.09214
1
1
1
1
1
1
1
1
1
1
1
1
1
1
1
1
1
1
1
1
1
1
1
1
1
1
1
1
1
1
1
1
1.08406
1
1
1
1
1
1
1
1
1
1
1
1
1
1
1
1
1
1
1
1
1
1
1
1
1
1
1
0.999987
1.11822
1
1
1
1
1
1
1
0.987965
1
1
1
1
1
1
1
0.868165
1
1
0.987535
1
1
1.08757
1
1
1
1
1
1
1
1
1
1
1
1
1
1.09781
1
0.806996
1
1
1
1
1
1
1.08246
1
1
1
1
1
1
1
1
1
1
1
1
1
1
1
1
1
1
1
1
1
1
1.09057
1
1
1
1
1.09877
1.08825
1
1.09593
1.09038
1
1
1
1.11821
1
1
1
1.07646
1
1
1
1
1
0.989212
1
1
1
1
1
1
1
1
1
1
1
1
1
1
1
1
1
1
1
1
1
1
0.999998
1
1
1
1
1
1
1
1
1
1
1
1
1
1
1
1
1
1
1
1
1
1
1
1.09764
1
1
1
1
0.958923
1
1.08618
1.09261
1
1
1
1
1
1
1
1
1
1
1
1
1.07763
1
1
1
1
1
1
1
1
1
0.997811
1
1
1
1
1
1.06585
1
1
1
1
1
1
1
1
1.08944
1
1
1.09914
1
1.00001
1
1
1
1.10195
1.09502
1
1
1
1
1.08476
1
1
1
1
1
1.0814
1
1
1
1
1
1
1
1
1
1
1
1
1.0153
1
1.05062
1.09745
0.949204
1.09707
1
1.08994
1
0.999968
1
1
1
1
1
1
1
1
1
1.08613
1
1
0.999883
1
1
1
1.09631
1
1
1
1
1
0.999898
1.09978
1
1
1
1
1
1
1
1
1
1
1
1
1
1
1
1
1
1
1
1
1
1
1
1
1
1
1
1
1
1
1
1
1
1.10282
1
1
1
1
1
1
0.999999
1
1
1
1
1
1
1
1
1
1
1
1
1
1
1
1
1
1
1.08777
1
1
0.854932
1
1
1
1
1.11288
1
1
1
1
1
1
1
1
1
1
1.09739
1
1
1
1
1
1
1
1
1.09024
1
1
1
1
1
1
1
1
1
1
1
1
1
1
1
1
1
1
1
1
1
1
1
1
1.0802
1
1
1
1
1
1
1
1
1
1
0.843261
1
1
1
1
0.976209
1
1.10316
1
1.09989
1
1
1
1
1
1
1
1.03681
1.09314
1
0.999982
1
1
1
1
1
1
1
1
1
1.09517
1
1.10299
1
1
1
1
1
1
1.06936
1
1
1.00026
1
1
1
1
1
1
1
1
1
1
1.10829
1
1
1
1
1
1.09542
1
1
1
1
1
1
1.02478
1
1.08767
1
1
1
1
1
1
1
1
1.10688
1
1
1
1
1
1
1
1
1
1
1
1
1.1051
1.10027
1
1
1
0.999913
1
1
1
1
1
1
1
1
1
1
1
1.01053
1
1
1
1
1
1
1
1
1
1
1
1
1
1
1
1
1.00994
1
1
1
1.11982
1
1
1
1
1
1
1
1.06041
1
1
1
1
1
1
1
1
1
1
1
1.08795
1
1
1
1
1
1
0.999996
1
1
1
1
1
1
1
1
1
1
1
1.00001
1
1
1
1
1
1
1
1
1
1
1
1
1.03271
1
1
1
1
1
1
1
1
1
1
1
1
1
1
1
1.06573
1
1
1.06904
1
1
1
1
1
1
1.00059
1
1
1
1
1
1
1
1
1
0.940341
1
1.09427
1
1.09332
1
1.0806
1
1
1
1
1
1
1
1
1.08094
1
1.08527
1
1
1
1
1
1
1
1
1
1
1.09271
1
1
1
1
1
1
1
1
1
1
1
1.09292
1
1.08169
1
1
1
1
1
1.08254
1
1
1
1
1
1.10068
1
1
1
1
1
1
1
1
1.01281
1
1
1
1
1
1
1
1
1
1
1
1
1
1
1
1
1.08379
1
1
0.856312
1
1.07043
1
1
1
1
1
1
1
1
1
1
1
1
1
1
1
1
1
1
1
1
1
1.09473
1
1
1
1
1
1
1
1
1.07543
1
1
1
1
1
1
1
1
1
1
1
1
1.05088
1.09772
1
1
1.07823
1
1
1.03636
1
1
1.0507
1
1
1
1
1
1
1
1.09631
1
1
1
1
1
1
1
1
1
1
1
1
1
1
1
1
1
1
1
1
1
1
1
1
1
1
1
1
1
1
1
1
1
1
1
1
1
1
1
1
1
1
1
0.999894
1
1
1
1
1
1
1
1
1.10741
1
1
1
1
1
1
1
1
1
1
1.06554
1
1
1
1
1
1.07872
1
1
1
1
1
1
0.861687
1
1
0.999468
1
1
1
1
1.07201
1.08306
1
1
1
1
1
1
1
1
1
1
1
1
1
1
1
1
1
1
1
0.999874
1
1
1
1
1
0.999969
1
1.03043
1
1
1
1
1.00002
1
1
1
1
1.0864
1
1
1
1
1
1
1
1
1
1.00006
1
1
1
1.09743
1
1
1
1
1
1.06733
1
1
1
1
1
1
1
1
1
1
1
1
1.08618
1
0.894426
1
1
1
1
1
1
1
1
1.09244
1
1
1
1
1
1
1
1
1
1
1
1.08391
1
1
1
1
1
1
1
1
1
1
1
1
1
1
1
1
1
1
1.08565
1
1
1
1
1
1
1.11477
1
1
1
1.01573
1
1
1.0802
1
1.08429
1
1
1
1.0858
1
1.00001
1
1
1
1
1
1
1
1
1.0799
1
1
1
1
1
1
1
1
1
1
1
1
1
1
1
1
1
1
1
1
1
1
1
1
1
1
1.07002
1
1
1
1
1
1
1
1
1
1
1
1.04147
1
1
1.10144
1
1
1
1
1
1
1
1
1
1
1
0.994411
1
1
1
1
1
1
1
1
0.873232
1
1
1
1
1.09041
1
1
1
1
1
1
1
1
1
1
1
1
1
1
1
1
1
1
1
1.08772
1
1
1
1
1
1
1
1
1.07943
1
1
1
1
1
1
1
1
1
1
1
1
1
1
1
1
1
1
0.866522
1
1
1
1
1
1
1
1
1
1
1
1
1
1
1
1.08432
1
1
1
1
1
1
1
1
1
1
1
1
1.01654
1
1.0946
1
1
1
1
1
1
1
1.07893
1
1
1
1
1
1
1
1
1
1
1
1
1
1
1
1
1
1
1
1
1
0.946858
1
1
1
1
0.856252
1
1
1
1.08026
1
1
1
1
1
1
1
1
1
1
1
1
1
1
1
1
1
1
1
1
1
1
1
1
1
1
1
1
1
1
1
1
1
1
1
1
1
1
0.853586
1
1
1
1
1
1
1
1
1
1
1
1
1
1
1
1
1
1
1
1
1
1
1
1.07095
1
1
1
1
1
1
1
1
1
1
1
1
1
1
1
1
1
1
1
1
1
1.11692
1
1
1
1
1
1
1
1
1
1
1
1
1
1
1
1
1
1
1
1
1
1
1
1
1
1
1
1
1
1
1
1
1
1.06465
1
1
1
1
1
1
1
1
1
1
1
1
1
1
1
1
1
1.10249
1.02343
1
1
1
1
1
1
1
1
1
1.08581
1
1
1
1
1
1
1
1
1
1
1
1.03011
1
1
1
1
1
1
1
1
1
1
1
1
1.10376
1
1
1
1
1
1
1
1
1
1
1
1.08628
1
1
1
1
1
1.08691
1
1
1
1
1
1
1
1
1
1
1
1
1
1
1
1
1
1
1
1
1
1
1
1
1
1
1
1
1
1
1
1
1
1
1.04531
1
1
1
1
1
1
1
1
1
1
1
1
1
1
1.11292
1
1
1.10367
1
1
1.09086
1
1
1
1
1
1
1
1
1
1
1
0.982463
1
1
1
1
1
1
1
1
1
0.863561
1
1
1
1
1
1
1
1
1
1
1
1
1
1
1
1
1
1
1
1.02751
1
1
1
1
1
1.0926
1
1
1
1
1.08845
1
1
1
1
1
1
1
1
1
1
1
1
1
1
1
1
1
1
1
1
1
1
1
1
1
1
0.865305
1
1
1
1
1
1
1
1
1
1
1
1
1
1
1
1
1
1
1
1
1
1
1
1
1
1
1
1
1
1
1
1
1.11818
1
1
1
1
1
1
1
1
1
1
1
1
1
1
1
1
1
1
1
1
1
1.0918
1.10326
0.94236
1
1
1
1
1
1
1
1
1
1
1
1.08915
1
0.864384
1
1
1
1
0.952847
1
1
1
1
1
1
1
1
1
1
1
1
1
1
1
1
1
1
1
1
1
1
1
1
1
1
1
1
1
1
1
1
1
1
1.01305
1
1
1
1
1
1
1.09208
1
1
1
1.00476
1
1
1
1
1
1
1
1
1
1
1
0.85741
1
1.09668
1
1
1
1
1
1
1
1
1
1
1
1
1.09079
0.923284
1
1
1
1.10068
1
1
1
1
1
1
1
1.00001
1
1
1
1
1
1
1
1
1
1
1
1
1.09257
1
1
1
1.0942
1
1
1
1
1
1.09597
1
1
0.909805
1
1.07795
1
1
1
1
1
1
1.01807
1
1
1
1
1
1
1
1.08877
1
1.09411
1
1
0.999666
1
1
1
1
1
1
1
1.08948
0.963407
1
1
1
1
1
1.08993
1
1
1
1
1.00357
1
1
1
0.999739
1
1.00001
1
1
1
1
1
1
1
1
1
1
1
1
1
1
1
1
1
1
1
1
1
1.08711
1
1
1
1
1
1
1
1
1
1.09083
1
1
1
1
1
1
1
1
1
1
1
1
1
1
1
1
1.10493
1
1
1
1
1
1
1
1
1
1
1
1
1
1
1
1
1
1
1
1
1
1
1
1
1
1
0.813257
1
1
1
1
1.08904
1
1
1
1
1
1
1
1.09794
1
0.999803
1
1
1
1
1
1
1
1
1
1
1
1
1
1
1
1
1
1
1
1
1
1
1
1
1
1
1
1
1
1
1
1
1
1
1
1
1
1
1
1
1
1
1
1
1
1
1
1
1
1.08941
1
1
1
1
1
1
1
1
1
1
1
1
1
1
1
1
1
1
1
1
1
1
1
1
1
1.10197
1
1
1
1
1
1
1.08644
1
1.01767
1
1
1
1.05775
1
1
1
0.926248
1
1
1
1
1
1
1.08661
1
1
1
1
1
1
0.99945
1
1
1
1
1
1
1
0.984108
1
1
1
1.10113
0.999997
1
1.09792
1
1
1
1
1.06341
1
1
1
1
1
1
1
1.08653
1
1
1
1
1
1
1
1
1
1
1
1
1
1
1
1
1
1
1
1.01555
1
1
1
1
1
1
1.00121
1
1
1
1
1
1
1
1
1
1
1
1
1
1
1
1
1
1
1
1
1.10497
1
1.08971
1
1
1
1
1
1
1
1
1
1
1.08325
1
1
1
1
1
1
1
1
1
1
1
1
1
1
1
1
1
1
1
1
1
1
1
1
1
1.00078
1
1
1.09802
1
1.0961
1
1
1
1
1
1
1
1
1
1
1
1
1
0.999999
1
1
1.00012
1
1
1
1
1
1
1
1
1
1
1.09096
1
1
1
1
1
1
0.999999
1.09944
1
1
1.08868
1.09266
1.00025
1
1
1
1
0.966016
1
1
1
1
1
1
1
1
1
1
1
1
1
1
1
1
1
1
1
0.841307
1
1
1.08545
1
1
1
1.06028
1
1
1
1
1
1
1
1
1
1
1
1
1
1
1
1
1
1
1
1
1
1
1
1
1
1
1
1
1
1
1
1
1
1.01686
1
1
1
1
1
1
1
1
1
1
1
1
1
1
1
1
1
1
1
0.999015
1
1
1
1
1
1
1
1
1.09919
1
1.08979
0.999994
1
1
1
1
1
1
1
1
1
1
1
1
1
0.99886
1
1
1
1
1
1
1
1.11892
1.00002
1
1
1
1.01524
1.00843
1
1
1
1
1
1
1
1
1
1
1
1
1
1
1
1
1
1
1
1
1.06433
1
0.891865
1
1
1
1.09835
1
1
1
1
1.02871
1
1
1
1
1.04394
0.952889
1.0842
0.857635
1
1
1
1
1.09528
1
1
1
1.02983
1
1
1
1
0.99999
1.00637
1
0.999999
1
1
1
1.09949
1
1
1
1
1
1
1
1
1
1
0.920747
1
1.09406
1
1
1
1
1
0.999999
1
1.02744
1
1
1
1.02395
1
1
1.03485
1
1
1
1
1
1
1
1
1
1
1
1
1
1
1
1
0.999984
1
0.870766
1
1
1
1
1
1
1
1
1
1
1.08664
1
1
1
1.09471
1
1
1
1
1
1
1.10998
1
1
1
1.07351
1.06496
1
0.898679
1
1.09
1
1.09082
1
1
1
1
1
1
1
1.09524
1
1
1
1.08976
1.06078
1
1
1
1
1
0.922321
1
1.03969
1
0.946126
1
1
1
1
1
1
1
1.09239
1
1
1
1
1
1
1
1
1.08991
1
1
1
1
1
1
1
1
1
1
1
1
1
1
1
1
1
1
1
1.09127
1
1
1
1
1
0.999477
1
1
1
1
1
1
1.00002
1
1
1.09215
1
1
1
1
1
0.960223
1
1
1
1
1
1
0.984382
0.999989
1
1
1
1.09338
1
1
1
1
1
1
1
1
1
1
1.08849
1.11328
1
1
1.00009
1
1.0986
1
1
1
1
0.98066
1
1
1
1
0.870263
1.08237
1
1.08473
1
1
0.94943
1
1
1
1
1
1
1
1
1.08821
1.07609
1
1
1
1.09152
1
1
1
1
1.09209
1
1
1
1
1
1
1
1
1
1
1
1
1
1
1
1
1
1
1
1
1
1
1.0014
1
1
1
1
1.0813
1
1.00038
1
1
1
1
1.08492
1
1
1
1
1
1
1
1
1
1
1
1
1
1.03491
1
1
1
0.891808
1
1.02921
1
1.08987
1
1
1
1.09102
1
1
1.09171
1
1.04604
1
1
1
1
1
1
1
1.00199
1
1
1.06023
1
1
1
1.08578
1
1
1
1
1
1
1
1.03716
1
1
1
1
1
1
1.10591
1
1
1
1
1
1
0.998815
1
1
1
1
1
1
1.08972
1
1.09135
0.999865
1
1
1
1
1
1
1
1
1
1.05348
1
1
1
1
1.09492
1
1
1
1
1
1
1
1
1.00001
1
1.08295
1
1
1
1
1.00001
0.975514
0.999859
1
1
0.950622
0.989865
1.09271
1
1
1
1
1
1
1
1
1
1
1
1
1
1.09281
1
1
1
1
1.08677
1
0.999928
1
1
1.07541
1.00001
1.05578
1
1
1
1
1
1
1.00688
1
1
1
1
1
1
1.08515
1.09006
1.00166
1
1
1
1
1.08313
1
1
1
1
0.999955
1.03944
1
1
1
1
1
1
1
1
1
1
1
1.09591
1
1
1
1
1.08067
1
1.03603
1.09258
1
1.07334
1.03824
1
1
1
1
1
1
1.08161
1.09206
1
1
1
1.02409
1
1
1
1
1
1.0049
1
1
1
1
1
1
1
1
1
1
1
1
1
1
0.867141
1
1
1.08257
0.970083
1
1.11899
1
1
1
1
1
1.08966
1
1
1
1
1
1
1
1
1
1
1
1
1
1
1
1
1
1
1
1
1
1
1
1
1
1
1
1.11733
1
1
1
1
1
1.09173
1
1
1
1.09373
1
1
1
1
1
1.10032
1
1
1
1
1
1
1
1
1
1.10224
1
1
1
1
1
1
1
1
1
1
1.10158
1
1
1.02935
1
1
1
1.10053
1
1
1
1
1
1
1
1
1
1.09158
1
0.999999
1
1
1
1
1.09797
1
1.09206
1.08778
1
1
1
0.860071
1.09608
1
1
1
1
1
1
0.896702
1
1.08588
1
1.10672
1
1
1
1.0279
1
1.10531
1
1
1
1
1
1
1
0.979473
1.08372
1
1
1
1
1
1
1
1
1
1
1
1
1
1
0.916899
1
1
1
1.09298
1
1
1
1
1
1
1
1
1
1
1
1
1
1
1.09093
1
1
1
1
1
1
1
1
1
1.08491
1
1
1
1
1
1
1
1.08589
1.0816
1
1
1
1.10044
1
1
1
1
1.08602
1
1
1.06406
1
1
1
1
1
1
0.999924
1
1
1
1
1
1
1
1
1
1
1
1
1
1
1
1
1
1
1
1
0.937244
1
1
1
1.1186
0.902602
1
1
1
1
1
1
1
1
1.08348
1
1
1
1
1
1
1.09429
0.999712
0.874517
1.00001
1.08875
1
1
1
1
1
1
0.955607
1
1
1
1
1
1
1
0.999982
1.09866
1
1
1
1
1
1
1
1
1
1
1
1
1
1
1
1
1
1
1
1
0.927561
1
1.10274
1
1.09403
1
1
1
1
1
1
1
1
1.07863
1
1
1
1
1
1
1
1
1
0.962128
1
1
1
1
1
1
1
1
1
1
1
1
1
1.06984
1
1
0.902817
1
1.08972
1
1
1
1.09624
1
1
1
1.10876
1
1
1
1
1
1
1
1
1
1
1
1
1
1
1
1
1
1
1
1.06868
1
1
1
1
1
1
1
1
0.842477
0.951917
1
1
1
1
1
1
1
1
1
1
1
1
1
1.08803
1.10413
1
1
1
0.9999
1
1
1
1
1
1
1
1
1.04605
1
0.965481
1
1
1
0.948737
1
1
1
1
0.930006
1.07316
1
1
1
1
1
0.919358
0.845441
1
1
1
1
1
1
0.999998
1
1
0.857783
1
1
1
1
1
1
1
1.05656
1
1
1
1
1
1
1
1
1
1
1
1
1
1
1
1
1
1
1
1
1
1.10082
1
1
1
1.05039
0.979007
1
0.927883
1
1
0.64408
1
1.01644
1
1
1
1
1
1.09083
1
1
1.08257
1
1
1
1.05915
1
1
1
1
1
1
1
1
1
0.855485
1
1
0.965148
1
1
1
0.999999
1
1
1
1
1
1
1
1
1
1
1
1
1.02464
1.06494
1
1.08954
1
1
1.08742
1.10272
1
1
1
1.07853
1
1
1
1.07896
1
1
1
1
1
1
1
0.874947
0.889151
1
1
1
1
1
1.08829
1.10584
1.09722
1
1
1
0.885363
1
1
1.09652
1
1
1
1
1.10586
1.04783
1
1
1.08933
1
0.870716
1
1
1
1
1
1
1
1
1
1
1
1
1.0947
1
1
1
1
1
1
1
1
1
1
1
0.999998
0.991543
1
1.00002
1.10636
1
1
1.01805
1
1
1
1
1
0.999998
1
1
1.07883
1
1
1
1
1
1
1
1
1
0.86874
1
1.0315
1
1
1.10772
1.10481
1
1
1
1
1
1
1
1
1
1
1
1
1
1
1
1
1
0.883734
1
1.00334
1
1
1
1.06789
1
1
1
1.1068
1
1
1
1.04168
1.10523
1
1
1
1
1
1
1.05507
1
1
1
1
1
1
1
1
1
1
1
1
1
1
1
1
1
1
1
1
0.999997
1
1
1
1
1
1.09921
1
1.0903
1
1
1.00063
1
1
1
1
0.843893
1
1
1
1
1
1
1
1.09561
1.10583
0.9157
1
1.0173
1
1
1
1.02424
1
1
1
1
1
1
1
0.791454
1
0.984707
1
1
1
1
1
0.864244
1
1
1
1.11627
1
1
1
1
1
1
1
1
1
1
1
1
1
1
1.11092
1.00434
1
1.10718
1
1
0.999058
1
1
1
1
1
0.859945
0.999981
1
1.10725
1
1
1
1
1
1
1
1.00136
1.08832
0.768957
1
1
1
1
1
1
1
1
1.01864
1
1
1
1.08979
1
1
1
1
1.08515
1
1.00095
1.01621
1
1
1.08818
1
1
1
1
1.08897
1
1
1
1.11945
1
1
1
1
0.828783
1
1
0.999978
1
0.896172
1
1
1
1
1.10707
1
0.999802
1
1
1
1.08923
1
1
1
1
1
1.09397
1
1
1
1
1
1
1
1
0.914335
1
1
1
1
1
1
1
1
1.08111
1
0.881495
1
1
1
1
1.07199
1
1
1
1.10872
1
1
1
0.984166
1
1
1.11801
1
1
0.843268
1
1
1
1
1
1
1.1078
1
1
1.01995
1.09057
1
1
1
1
1
0.999168
1
1
1
1
1
1
1
1
0.914521
1
1
1
1.09882
1.10739
1
1
1
1
1
1
1
1
1
1
1
1
1
1
0.821062
1
1
1
1
1.00931
1
1
1.11866
1.05838
1
1.11393
1
1
1
1
1
1
1
1
1
1
1
1
1
1.10696
1
0.870758
1
1
1
1
1
1
1
1
1
1.00838
1
1
1
1
1
1
1
1
1
1.00003
0.999951
1
1
1.00251
1.09622
1
1
1
1
1
1.0856
1
1.08482
0.989579
0.864377
1.09531
1
0.849216
1
1
1
1
1.11856
1
1
0.999996
1
1
1
1
1
1
1
1
1
1.04323
1
1
1.00011
1
1
0.999974
1.10105
1
1
1
1
1
1
1
1
1.08863
1
1
1.09252
1
0.999992
1.09574
1
1
0.92529
1
0.999999
1
1
1
1
1.10119
1
1
1
1
1
0.999999
1
1
1.08833
1
1
1
1.10885
1
1.08456
1
1
1
1
1.08046
1
1
1
1
1.09776
1.08997
1
1.08319
1
1
1
1.10019
0.999999
1
1
0.858855
1.09476
0.915435
1
1.09042
1
1.10142
1
1
1
1
1
1
1
1
1.09293
1
1
1.07838
1.00651
1.07807
1.09642
1
1.00004
1
1.08796
1
1
1
1.09608
1
1.09184
1.10126
1.08735
1
1
1
1
1
1.08464
1
1
1
1.09531
1
1
1
0.851687
1
1.08479
1
1.10787
1
1
1
1
1
1
1
1
1.09547
1
1
1.09461
1
1
1.10004
1
1
1
1
1.05619
1.06706
1
1
1
1
1.08326
1
0.869511
1
1
1
1
1
1
0.907557
1.06942
1.08956
0.973876
1
1
1
1
1
1
0.864525
1
0.87752
1
1.08815
1
1
1
1
1.04778
1
1.09274
1
1
0.757771
1.07989
1
1.08606
1.08154
0.898667
1
0.855052
1
1
0.855957
1
1
1
0.821067
1
1
1.0864
1
1
1.06987
1.00801
1
1.08407
1
1
1
1
1.09238
0.999997
1.09975
1.00513
1
1
1
1.09408
1.08527
1
1
1
1.04546
1
1
0.940158
1
1.08832
1
1.10207
1
1
1
1
1
1.08976
1
1.09261
1
1
1.00085
1.00974
1.0916
1
1
1.09702
1.08386
1
1
1.09542
1
1
1
1
1
1
1.10645
1.09443
1.05378
0.999583
1
1
1
1
1
1.03621
0.848652
1
1
1
1
1.08514
1.00075
1.09014
1
1.02478
1
1
1.05564
0.865991
1
1
1.10154
1
1.0919
1
1
1
1.08459
1
1.09122
1
0.999872
1
1.08387
1
1
1
1
1
1
1
1.11777
1
1
1
1
1.09012
1
0.904427
1
1
1.08934
1
1
1.08289
1
1.0591
1
1
1
1.092
1
1.09196
1.10141
0.999837
1
1
1.0379
1
0.862412
1.04236
1.04155
1.07899
1
1
1
0.999928
0.962411
1.08722
1
1
1
1
1
1
1
1
1
1
1
1
1
1
0.878223
1
1
1
1
1.02334
1
1
1
1
1
1
1
0.873565
1.10203
1.10299
1
1
1.08675
0.89784
1.00425
1.08702
0.99943
1
1
1
1.08665
1.10782
1
1
1
1
1
0.999014
1
1
1
1
1
1.09024
1
1
1
1.11895
1.06584
1
1.07743
1
1
1
1
1
1
1
0.999105
1.0638
1.06008
1
1
1
1
0.85148
1
1
1.09033
1.08435
1
1
1
1.08808
0.85631
1
1
0.999795
1.0172
1
1
1.07929
1
1
1.00001
1
1
1.08596
1
1
1
1.08901
1
1
1
1.0745
1
1
0.837475
1
1
1
1.09068
0.999254
1
1.10198
1
1
1
0.859395
1
1.01969
1
1.03462
1
1
1.02989
1
1
1
1
1
1
1
1
1
1
1.01829
1
1
1
1
1
0.996921
1
1
1
0.914588
1
1.08979
1.08376
1
1.08807
1.10631
1
1.06761
1.07579
1
0.882174
1
1
1
1
1
1
1
1
1.0203
1
1
1
1
1
1.09505
1.11831
1
1
1.08954
0.935987
1.08846
1
1.08446
1.093
0.877322
1
0.999785
1.11905
1
1
1
1.08746
1.08714
1
1
1
1.08097
1
1
1
1
1
1
1.10448
1
1
1
1
1.08826
1.08714
1.09186
0.999996
1
1
1
1
1.09159
1.02086
1.0327
0.89262
0.999995
1
1
1
1
1
1.04916
1.00001
1
1.08889
1
0.96367
1
1.00001
1
1
1
1
1
1.09168
1
1
1
1.10359
1
1
1
1
0.999022
1
0.98647
1
1
1
1
1
0.999957
1.00001
0.924913
1
1
1
1
1.08767
1
1.08897
1.08555
1
1
1.09727
1
1
1.09357
0.999992
1
1.09024
0.971143
1.06104
1
1.09032
1.00001
1
1
1
0.999911
0.876764
1.00029
1.03989
0.954342
1.08786
1.11902
1
1
1
0.999856
1
1
1.10462
1
1
1
1.02457
1
1
1.11828
1
1.08738
1.08397
1.04969
1
1
1
1
1
1
1
1
1
1.09613
1
1
1
1
1.09622
1
0.999959
1.08733
1
1.03365
1
1
1
1
1
1
1
1
1.06011
1.0545
0.999989
0.999887
0.999908
1
1
1
1
1
1
1.08768
1
1
1
1
0.999928
1
0.862781
1
1.09005
1
1
1
0.875679
1
1.10373
1
0.999766
1.10642
1
1
0.900386
1
1.08681
1.09319
1.08245
1
1
1.11922
0.819225
1
1.0924
1
0.878745
1
1.09105
1.09082
1.08856
0.84598
1.02193
1.08958
1.06902
1
1.09652
1
1
1.08792
1.0904
1
0.999616
1
0.999775
1
1
1
1
1
1
1
1
1.00001
1
1
1
1
1.08843
1
1
1
0.999432
1.01378
1
1
1
1.08996
1
0.860761
1
1
1.00313
1
1.02403
1
1.10279
1.09066
1
1
1.10754
1
1.00006
1.09432
1
1.00001
1
1
1
1.08277
1.09528
1
1.08896
1.09157
1
1.09211
1.08858
1
1
1.00542
1
1.11865
1.08875
1.08564
1.01603
1.09594
1
1
1.05734
1
1.09389
1.09466
1.0897
0.999557
1.00702
1
1.08988
1
1
1.07459
1.09401
1
1
1
1.0063
1
1.06349
1
1.08719
1
1.03428
1.09578
1.07508
0.819363
0.86934
1
1
1
1
1.08014
1
1
0.873253
1
1
1
1
1.10701
1.09155
1.08841
1
1
1
1
1
1
1
1.11176
1.11761
0.977111
1
1
1
1
1
1.08379
1.0926
1.08884
1.10869
1.08774
0.869777
1.08391
1.09547
1.09047
1.10057
1
1.00001
1
1
1.09211
1
1
0.999891
1
1.0871
1
1
1
1.0976
1.09499
1
1.11201
1
1
1.08748
1
1.09166
0.874406
1
0.846836
1.09583
0.884913
1
1.10828
1.10349
1
0.991195
1
1
1.09359
1
1.10746
1
1
1
1.11836
0.998992
1
1.09276
1.00291
1
1
0.985967
1
0.999919
1
0.862783
1
0.983023
1.10659
1
1
0.999081
1
1
1.11837
1
1
0.999965
1.10798
1
1.08532
1.08501
0.930194
0.91163
1.1064
1.00001
1
1
1
1.0916
1
0.909982
1.08736
1.09352
1.10542
1
1
1
1
0.977599
1
0.999882
1.09393
1.09289
1
0.873292
1.11121
1
0.886568
1
1
1
1.00747
1.06823
1
1
1.03877
1
1
1
1
1
1.08762
1.08809
1
1
1
1.0877
1
1.0015
1.09781
1.0874
1
1.10932
1
1
1.08629
1
1.09673
1
1
1
1
1
1
1
1
1.08939
1.09952
1.08694
1.09185
1
1
1
1
1
1
1.11925
1
1.08987
1.10804
1
1.08712
1
1
1
1
1.10664
1.08596
1
1
1
1.08823
1.02928
1
1.09513
1.11521
1
1
1
1
1.06142
1
1
1.0166
1.1193
1
1.08799
1.09496
1
1
1.08432
1.08571
1
1.07444
0.905321
0.999842
1
1.09173
1
1
1
1
1
1.08269
1.08814
1
1
1.07107
1
1.04851
1.02417
1.08667
1
1
1
1.00327
1
1
1
1
1
1.09941
1
1.07719
1.00003
1.09117
1
1
1
1
1
1.00088
0.871923
1
1
1.09371
1
1.09112
0.932509
1.09415
0.825677
1
1
0.999676
0.937263
1
1
1.01029
0.85616
1.05741
1.09313
1
1.11872
1
0.999997
1
1
1.08939
1.08901
1.0956
0.879065
1
1.10776
1
1
1
1
1.11894
1.09299
1
1.09139
1
1
1.0341
1
1.02188
1
1
0.862155
1.09783
1.08789
1
1.09267
1.09608
1
1.08545
1.08843
1.10806
1.07653
1
1
1.08557
1
1
1
0.866262
1
1
1.10196
1.08747
1
1
1.00202
0.951963
1
0.854097
1
1
1.10788
0.977508
1.10798
1
1.02244
1
1
1
1
1
1.09855
1.09451
1
1
1.08185
1
1
1
0.875604
1
1
1
1
1
1
1
1.09236
1.11456
0.872789
1
1
1.09518
1.08971
1
1
1
1.09414
1.10264
1.09058
1
1
1
1
1
1
1.09189
1.06695
1
1
1
1
1.08849
1
1.08758
1
1.08837
1
1
1
1
1.09224
1.00194
1
1.08774
1
1
1
0.861684
1.09103
1.08638
1.10211
1
1
1.08883
1
1
1.09417
1.0952
1.09379
1
1.08895
1.09191
1
1
1.10368
1
1.08704
1.09266
1
1
1.11805
0.871885
0.927164
1
0.999999
1.08796
1
1
1
1
1
1.10151
1
1.11925
1
1
1
1
1
1.11903
1
1
1.038
1
1
1
1
1
1
1.07227
1
1.04642
1
0.858591
1
1
1
1
0.897682
0.850077
1
1.08958
1
1
1
1
1
1
1
1
1.08886
1
0.999091
1
1.03193
1.09393
1
1
1.09714
1.10127
1.08532
1.09166
1
1
1.01646
1
1.08761
1.10046
1.10687
1
1
0.847222
1
1
1
1
1
1
1
1
1
1.12013
0.870037
1
0.987984
1
0.968396
1
0.839197
1.05198
1
1
1
1.10329
0.941888
1
1.08784
1.0978
1.00107
0.999999
1.05375
1.08993
1
1
1
1.09759
1
1.1197
1
1
1
1
1
1
1
1
1
1
1.09461
1.08261
1
1
1
1
0.96258
1
0.907128
1
1.08373
1
1
1
1.10175
0.876462
1.08947
1
1
0.967666
0.952276
1.10648
1
1.0994
1
1
1.09788
1
1
0.746025
1
1.10152
1
1
1
1
0.939025
0.530629
1
0.872556
1
1.11483
1.08758
1.09185
1
1
1
1.03825
1
0.892684
1
1
1.09745
1.00925
1
1
1
1.09981
1.08878
1
1
1.10397
0.996808
1
1.08427
0.949761
1
1
0.983731
1
1.10438
1
0.958188
1.08854
0.861386
1.00207
1.10121
1.0556
0.964531
1.09007
1.09187
1
1
1
1.07474
1
1
0.974005
1
1.11881
1
1.08091
1
1
1.10282
1
1.09143
1.12138
0.870941
0.911766
1
1
1
0.857109
1.11822
1.11821
1
1.0899
0.909712
1.03576
1.07308
1
1.1199
1
1
1
1
1
1
1.09538
1
1
1.10574
1
1
1.06703
1
1.11826
1.02929
1
1.08912
1
1
1
1.06698
1
1
1
1.08889
1
1.08762
1
0.908769
1
1
1.08917
0.910535
1
1
1.00052
1.09169
1
0.909042
1
1.01191
0.864191
1.08861
1.08296
1.10196
1
1
0.867497
1.09407
0.901102
1.10353
0.540933
1.09223
1
1
1.07397
0.999908
0.908183
1
1
1
1
1
1.11881
1
1
1.10476
1.09243
1
1
1
1
1
1
1
1.08813
1
1.1148
0.999976
1.09322
1.09259
1.09374
1.10278
1.10593
1.10301
1.09173
1
1.07814
1
0.999573
1.09196
0.836701
1
0.918037
1.09246
1
1.09209
1.09136
0.866539
1.09229
1.00001
1
1.0922
1.09398
1.09267
1
1.08943
0.999956
1
1
1
1.06495
1
1
1.04361
1.09224
1
1
1
1
1.08084
1
1
0.902815
1
1
1.04032
1
1
1
1.07671
1
0.871254
1.10942
1
1
1
1
1.05323
1
1
1.08801
1
1
1
1
1
1.06986
0.927417
1
1.08595
0.875608
1
1.04265
1.11883
1
1
1
1
1
1
1
1.08773
1
1
1.10677
1
1.08963
1
1
1.00235
1.01008
0.918783
1
1.10053
1
1
1
1
1
1
1
1.0879
1.0015
1
1
1
1
1.11964
1
1
1
1
1.08875
1
1.00901
1.0419
1
1
1
1.08899
1.08892
1
1.09037
1
1
1.11872
1.0874
1
1
1
1
1
1
0.98477
1
1
0.999999
1.03628
1
0.855948
0.85685
1.08185
1
1.09213
1.11898
0.897703
1
1
0.892939
0.859048
1
1
1.12115
1
0.873869
1
0.999139
1
1
1
1
1
1
1
1
1.09261
1.01343
1
1
1.11379
1
1.08554
1
1.08959
1
1
1.11837
1
1.11856
1
1.10041
1
1
1
1
1
1.0067
1
1
1
0.998874
1
1
1.07316
1
1
1
1
1
1
1.08865
1.0917
0.999999
1.06252
1.02551
1
1.11912
1
1.09038
1.00066
1
1
1.08337
1
1.09006
1
1.06544
1
0.86518
1
1
1.10344
1
1
1
0.871174
1.10399
0.999787
0.85656
1
1
0.999745
1.09216
1
1
1
1
1
1
1.08828
1
1
1
1
1
1
1
0.85749
1
1
1
1
1
1
1
1
1
1.0876
1
1.12067
1
0.950505
1
1.08696
1
1.09246
1
1
1
1.10779
1
1.1163
1
1
1
1.09234
1.09163
1
1
1
0.999951
1
1
1
0.851811
1.11819
1.09264
1.09248
1
1
1
0.857602
0.918225
1.0935
1.0959
1.00216
0.860724
1.07989
1
1.03227
1.09022
1
1
1
1
1
1
1
1
0.865202
1
1.09066
1
1.08796
1.01021
1
1
1
1
1.03104
1
1
1
1
1.11871
1
1.10206
1
1
1
1
0.578601
0.999617
1.0903
0.904659
1.00895
1
1.08368
1.11821
1
1.09273
1.07961
0.86592
1
1.03602
1
1
1.11906
1
1
1.02025
1
1
1
1
0.999894
1.02284
0.954004
1.09298
0.998876
1.09249
0.999995
1
1.09365
1
0.995761
1
0.963931
1.1201
1.03213
1
0.859616
1.00004
1
1
1.11908
1
1.08643
1
1
0.85039
1.09079
1.02513
1.04529
1.09827
1.09556
1
0.999125
1.08964
1
1
1.00927
1.121
1
1
0.867264
1.08721
1
0.959066
1.05895
0.999511
1
1
1
1.11885
1
1
1
1
1
1.03091
1
1
1
1.11941
1
1.08545
0.919938
1
1
1.08919
0.900237
1
1.05776
0.914664
1
1.08952
1.08836
1
1
1
1
0.939346
1
1
1.09196
1
1
1.09801
1
0.988039
1
1.08524
1
1.01935
1
1
1
1.04524
1
1
1
1
1.09187
1
1
1
1.00746
1
0.901512
1.08711
1
1
1
1.02534
0.869311
1
1.10154
1
1.09208
1
1.08575
1
0.999475
1
1
1
0.919047
1.09394
1
1
1
1.07903
1
1
1
1.00013
0.891927
1.05489
1
1
1.07722
0.992042
1
1
1
0.907056
1.08614
1
1
1.10142
1.07163
0.935474
1.09054
0.909298
1
1
1
1.0978
1
1
1
1
1
1
1
0.852478
0.903339
1.0426
1.01692
0.933885
1
1.03117
1.08058
1
1.06375
0.851686
1.00274
1
1
1.06295
0.966604
1
0.743046
1
1
1
0.905352
1
1.01531
1
1.07948
1
1
1.08721
1
1
1.11765
1
0.889767
0.876584
0.986942
1.08851
0.946829
1.06323
1
0.914082
1.08605
1
1
0.971659
1.11901
1.109
1.11842
1.0894
0.98802
1.09094
1
1
1.00917
1
0.953717
1.0205
1
0.964516
1
1.09049
1
1
1
1
0.920447
0.998075
0.872976
0.930011
1
1
1
1
1.09351
1
1
1.0855
1
1
1
1
1
1
1.0008
0.976294
1
1
0.976523
0.999187
1.03595
0.863348
1.09152
1
1
1.08548
1.02426
1
1.00987
1
0.5814
0.895405
1
1
1
1
1.08467
1
1
1
1
1
1
1
1.0331
1
1
1
1.04272
1
1.12098
1
0.803822
0.66981
0.865328
1.00612
1
1
1.10642
1
1.07945
1
0.999954
1
1
0.898518
1
1.02057
0.876225
1
0.999973
1
1.08576
0.869512
0.999936
0.964905
1.10451
1
1
0.975121
0.901305
1
0.707469
1
0.982081
1.02196
0.950096
1.0553
1
0.877334
1.01343
1
0.539702
1
1
0.818657
1
1
1
1
1.11272
1.08908
0.89256
1
1.00001
0.880819
1.02276
0.992728
1
1.09239
1.08465
1
1
1.04727
1
1
1
1
0.875938
1
1
0.967732
1.10512
1
1.01852
1
1
1.0531
1
1
1
1
1
1
1.06706
1
0.8415
0.883955
1
1.0878
0.898848
0.850337
1.08728
1
1
1
0.998809
1.04452
1
1.00473
1
1
0.906076
0.864559
0.873837
1.05454
1.08497
1.11845
1
1
1
1
1.09557
1
1
1
1.08874
1
1.10726
0.863149
1
1
0.981211
1
1
1.09579
1
0.86373
1.00001
1
0.873217
1
1.08484
1
1.00001
1.08686
1
1
1
1.03039
0.975949
1
1.09134
1
1
1
1.07265
1
0.867307
1
0.999445
1.10253
1
1.09701
1
1
1
0.873967
1
1.09049
1.08919
1.102
0.822816
1.0023
0.871854
1
1
1
1.01443
1.10707
1
1
0.90536
1
1
1.07897
1
0.910047
0.845949
1
1
1
1
1
1.07552
1.08445
1
1
1
1
1.08447
1
1
1
1
1.01378
1.10747
1.07021
1
0.999991
1
1
1.08919
1
1
1
1.08866
1
1
1
1
1
0.974115
1.08631
1
1
1
1
1
1
1
1
1.08252
1
1
1.11842
1.11698
1
1
0.868359
1.10999
1
1
1
1
1
1
1
1.11898
1
1
1.12106
1
0.871202
0.845914
1
0.999884
1
1
1
1
1
1.00001
1
1
0.913806
0.87519
1.08055
0.888788
1.08679
1
1
1.108
1
1
0.807554
1.08749
1
1
1
1.1194
1
1
1.05336
1
1.0793
1.11534
1
1.08903
1.09083
1
1
1
0.814103
1
0.999781
1
1
0.802218
1
1
0.923444
1
0.871939
1
0.869395
1
1
0.999812
1
1
1
0.857899
1.08925
1
1
1
1
1
1
1.08853
0.846186
1
1
1
0.998821
1
0.858178
1.09143
1
1
0.99937
1
0.990959
0.820465
1
1
1
0.999999
1.08354
1
1
1
1
1
0.999814
0.927194
1
1.0925
1.10228
1
1
1.00001
0.838558
0.893909
1.00001
1
1
1
1.08829
1.09204
1.10309
1
0.655335
1
1
1.10347
1
0.877412
1
1
0.771068
0.866286
1
1.12076
0.865878
1
1
1
1
1
0.482119
1
1
0.920819
1
1.08745
0.999994
1
0.923727
1
1.00257
1
1
1
0.99991
1
1
1.11832
1.09087
0.999386
1
1
1
1
1
1
1
1
1.09187
1
1
1
1
0.856929
1
1
0.843121
0.91847
1
1
1
1
1
1
1.08916
0.894265
1
1.1004
1
1
1
1
0.999993
1
1
1
1.08226
0.909582
1
1
0.800513
1
1
1.08637
1
1
1.11673
0.872518
0.868156
1
1.09619
1
1.0124
1
0.831899
1
1
0.858759
1
0.921157
1
1.09172
1
1
1.09402
0.851841
1
1
1
0.999998
0.889226
1
1.10197
1
0.8851
1.10584
1.12058
0.865583
1.11926
1
0.901939
1.10597
1
1.1192
0.869894
0.864329
1
1.09714
1
1.00001
0.893007
1
0.972531
1
1
1
1
1
0.85231
1
1
1
1
1
0.999317
1
1.05597
1.08277
1
0.999986
1
1.08394
0.882427
1
1
1.0008
1
1
1.03164
1.10252
1.09312
1
1
1
1
0.870565
1
1.1181
1
0.876764
1
1.09915
1.09227
1.10547
1
1
1.08681
1
1.09336
1
1.07869
0.792472
1
1
1.0266
1
1.11769
1.02847
1
1
1
1
1
1
1
1
0.999998
1.02807
0.890277
1
1
0.872615
0.839535
1.10455
1
0.999959
1
1.05012
1
1
1
1.00528
1
1.08746
1
1
1
0.856291
1
1
1
0.876033
0.921203
1
1
0.84798
1
1
0.999873
1
1
1
1
0.474157
0.998903
1
0.861224
1
1
1
1
1.09231
1
0.97539
0.735455
1
1
1
1
1
1
1.00002
1.06921
0.966069
1
1
1
1
1
0.827098
1
1
1
0.917807
1
1
1
1.10627
1.00814
1
0.918486
1
1
1
1
1.03908
1
1
1.10054
1
1
1
1
1
1.09502
1
1
1
1.00032
0.996773
1
1.10544
1
1
1
1
1
0.871758
1
1
0.888983
1.03688
1
1
0.999982
1
1
1
1
1
1
1
1
1
0.896224
1
0.88357
1
0.999999
1
1.0018
1
0.859009
1.09216
0.882525
1.08846
0.999856
1
1
0.894661
1
1
0.887725
0.999994
1.09691
1
1
1.0905
1
1.09768
1
1
1
1
1
1
1.11869
1
1.10718
1
1.11742
1
1
1.07167
1
0.853636
1.08445
1.06192
1
1.01753
1
0.836918
1
1
1
1
1
1
0.842004
1.11856
1.12154
1
1
1
1.00001
0.765945
0.89412
0.864571
1
1
0.870867
1
1
1
1
1
1
1
1
1
1.05394
0.872675
1.09221
1
1
1
0.863772
1
1
1
1.08169
1
1
1
1
1
1
1
1
1
1.10326
1
1
1.0118
1.02165
1
1
0.999995
0.891177
1
1
1
1.07181
1
1
1
1.08528
1
0.898354
1
1
1.00025
1.03839
1
1
1
1
1
1.08182
1
1.04079
1
1
1
1.00005
1
1
1
1
1
1
1.00001
1.05671
1.09104
1
1.07856
1
1
1
1
1
0.868292
1.06302
0.97925
1
1.10075
1
1
1
1.00233
1
1
1
1.08794
1
0.750343
1
0.999996
1
1
1
1.08317
1
1.00001
1
1.06083
1
0.836328
1.0579
1
1
0.969643
1.01659
0.90113
1.06844
0.938937
1.04722
1
1.08885
1.05518
1
1
1.00002
1
1
0.999859
1
1
1
0.905862
1.12115
1.04098
1
0.99531
1
1.10024
1
1
1
1
1
0.711517
1
1
0.77438
1
1
1.11183
0.806136
1
1.07283
1
1
0.991263
0.999957
1.03926
1
1.08921
1
1
0.792424
1
1
1
1
1
1.08441
1
1
0.934776
1
0.86492
1.11949
1
1.00001
1
1.07208
1
1.08551
1
1.0382
0.864201
0.921345
0.999999
1
1.00002
1.00002
0.628197
1
1
1.11886
1
1
0.999981
1
0.98133
1
1.08112
1
0.999974
1
1
1.09961
1
1
1
1
1
1.01613
0.827225
1
1
1.08668
1
1
1
1.08598
1.00002
1
1
1
1
1
1
1
1
0.999999
1
1.00001
1
1
1
1
1
1.12129
0.999999
1
0.905494
1
1
0.845402
1
1
1
1.0057
1
0.953649
1
1
1
1
1
1
1.00003
1
1
1.08753
0.95469
0.934491
0.791432
1.10073
0.863488
1
1
1
1
1.00013
1
1
0.870542
1
1
1
1
1
1
1
1
1
1.08325
1
1
1
1
1
1
1.09032
1
0.938841
1
1.10198
1.05776
1
1
1.07582
1
1
1
1
1
1
1
1
1.09914
1
0.863061
1
0.898657
1
1
1
1.0016
0.835843
1
0.999883
1
1
1
1
0.889011
1
0.967894
0.861708
1.12113
1
1
0.889732
1
0.914723
1
1
1
1
1
0.999899
1
1
1.08093
1
1
1
1.10757
1
0.844264
1
1
1
1
0.769202
0.867562
1.05203
1
0.857756
1
0.864129
1
1
1
0.966123
0.907665
1
0.869781
1.08624
0.783198
1.02956
1.00461
1
1
1
0.837041
1
0.88989
1
1
1
1
1
0.832915
1
1
1
1
1
1
1
1.00001
1
1
1.00555
1
1
1
1
1
1.08721
1
1
0.891962
1
1
0.892165
1
0.920765
1
1
1
1
1.07486
0.857385
1
0.999919
1
1
1
0.88691
1
1
0.999999
1.00017
1.11964
1.10028
1
1.01908
0.905341
0.914995
1
1
1
1
0.48054
1
1
0.999998
1
0.903036
0.912176
1
1
0.968999
1
1
1
1
1
1.00002
0.999813
1
1.11842
0.760307
1.00001
1
1
1
1
0.999986
1.08984
0.999999
1
1.10363
1
1
0.999848
0.899778
1
1
0.736417
1
1
1
1
1
1
1.12091
1
0.868238
1.08795
1
1
1.10011
0.925831
1
1
0.999964
1.10603
1
1
1.10014
0.999678
1
1
1
0.876946
1.08948
0.853908
1
1
1
1
1
0.857847
1
1
0.876229
1
0.771779
0.862855
1.00129
0.999274
1
1.09606
1
1
1
1
1
1.10549
0.841965
1
0.848954
1
1
0.991414
1.00881
1
1
0.83605
1
1
1
1
0.886944
1
1
0.52692
1.08352
1
1
1
1
1.01715
1
1
1
1
0.936621
1
1
1
1
1
1
1.00002
1
1
1
1.0857
1
1
1
1.00001
1
1
1.12079
0.865284
0.860332
1
1
1.11818
1
1
1
1.09897
1
0.726317
1.00001
1.10954
1
1
1
1
1
1.08573
1
1.09967
0.78269
1
1
1
1
1.00015
1
1
1
1
0.972971
1
1
1
0.559816
1
1
1
1
0.820176
1
1
1
1
1
1.03991
1
1
0.571785
1
1
1
1
0.790252
1
1
0.822551
0.726192
0.791707
1.00087
1
1
1
1
1
1
1.07092
1.07815
1
1
1
1.06189
1.05124
1
1
1
1
1
1
1
1.09227
0.948446
1
0.999919
1
1
1
1.0922
0.836423
1
0.561145
1
1
0.609337
1
1.00001
1
1.04975
1
1.08475
1
1.10119
1
0.880194
0.918396
0.802184
1
1.09513
1
1
1
1
1.09692
1
1
1
0.946538
1
1
1
0.795
1
1
1
1
1
1
1
0.952874
0.913135
1
1
1
0.999318
1
0.86407
1.09126
1.0036
1
0.999948
1
0.865425
1
1
1
1
1
1.00787
1
1
1
1
0.930633
1
1
1
1.07291
1
1.00001
1.08788
1
1
1
1
1
1
1
1
0.967476
0.761241
1.00323
1
1
1
0.875858
0.956848
1.00001
1
1
1.03041
1
1.08201
1.00934
1
1
1
1
1.09764
1
1
1
1
1
1
1
1
1
1.00002
1
1.09465
1.01665
1
1
1
1.0332
1
1.11888
1
1
1
1
1
1
0.982845
0.928985
1
1.0964
1.00001
1
1
1
0.844081
1.01578
1
0.892354
1.09904
1
0.885169
1.11855
1
1
1
1
1.06899
1
1
1.02356
1
1
1
1
1
1
1
0.999221
1
1
1
0.927051
1
1
1
0.959343
1
1
1
0.853099
1.06439
1.00001
0.990331
1
1.00001
1
0.86348
1
1
1.10112
0.999999
1
1
1
1
0.999909
1
0.923699
1
0.843759
0.856239
1
1
1
0.835873
1
1
1
1
1
0.850568
1.12108
1
0.852065
1
1.00001
1
1
1
0.800645
1
1
1
1
1
0.603525
1
1
0.907427
1.12123
0.930663
1.08594
1.08894
1
1
0.999998
1
1
1
1.08611
1
1
1
1
0.847653
1
1
0.860606
1
1
1
1
1
0.647991
1
1
1
0.864725
0.486418
1
1
1
0.925885
1
0.877535
1
1
1
1
1
1
1
1.05587
1
1
1
1
1
0.999938
1.00002
1
1
1
1
1.072
1
1
1
1
1
1
1
1
1
1.10095
1
1
1
1
1
1
1.07567
1
1
1
1
1
0.999189
1.11895
1
1
1.10124
1
1.10018
0.964914
1.09893
0.945253
1.06964
1.02477
1
1.05197
1
1.11377
1.04062
1
1.12095
0.84811
1
1
1.08379
0.53922
1
1
1
0.861271
1
0.916355
1
1
1
0.976325
1
1
1
1
1
1.09898
1
1
0.933759
0.999998
1
1.06296
1.09712
0.972798
1.09995
0.780398
1
1
1
1
0.934255
1
1
1.08873
1.05335
1.00236
0.881856
1
1
1
0.871711
1
1
1.02663
1
1.09757
1
1
1
1
1.0738
1
1
0.92813
1
1
0.965892
1
0.993218
1
1
0.863612
1
1
0.985388
1
0.945919
1
1
0.815932
1
1.09392
1
1
1
1
1
1
1.05597
1
1
1
1.0991
1.12108
0.999151
1
0.999978
1
1
1
1
1
1.10055
1
1
1
1
1
1
0.925209
1
0.979119
1
1
1
1
1
1.10032
1
1
1
1
1.08719
1
0.999798
1
1
1
1
1
0.941421
1
1.00001
1
0.862663
1
1
1.03895
1
1
1
1.09179
1
1
1
1.05404
1
0.776434
1.12334
1
1
1.0923
1
1
1
1.08803
1
0.572791
1.10015
1.05724
1.09855
1
1
0.876535
1.09087
1
1
1
1.09173
1.12043
1
1
1.0918
1
0.998945
1
1
1.09089
1
1
1.09102
1
0.999629
1
1
1.00001
1
1
1
1.09985
0.999994
1.04102
0.944404
1
1
1
1
1
0.922536
0.784259
1
1
0.930905
1
1
1
0.880128
1
1.00031
1
0.8986
1
1
1
1
1
1
1
1.09352
1
1
1
1
0.960993
1
1
1.00602
0.90353
1
1
0.675627
0.946666
1
1.05173
1
1
1
1
1
1
1
1
1
1
1
1.01908
0.999993
1.09897
1.09981
0.928852
0.999058
1
1
1
1.08736
0.651486
1
1
1.10133
0.855671
1
1
1.08837
1
1
1
1
1
1
1
1.09792
1
1.05605
1
1
1
1.04326
1
1
1.07858
1
1.04491
1
1
1
0.976284
1
1
1
0.999922
1
1
1
1
1.0094
1
1
1.00453
1
1
1
1
1.10545
1
1
1
1
1
0.961412
1.05695
0.85094
1
1
1
0.637926
0.525799
1.1254
0.929653
1
1
1
1.0816
1
0.484119
1
0.868896
1
0.969024
1
1
1
1
1
1
1
0.845446
1.00002
1
1.09775
1
1
1
1
0.999943
1
0.888913
1.09874
0.999993
1
1
1.01839
1.08318
1
1
1
1
1
1.09977
0.812574
1
1
1
0.891044
1
1.00001
1.0972
0.950332
1
1
1.08936
1
1
1
1
1
1
1.08856
1
1
0.834454
1
1
1
1.08912
1
1
1
1
1
1.09764
1
1
1.09857
0.540019
1.01781
0.999814
1.08674
1
1
1
0.999479
1
1
1
1
1
1.10122
1
1
1
1
0.981005
1.09881
0.99996
1
1
1
0.999936
1.06154
1
1
1.09043
1
1
1
1
1
1
0.907188
1.04267
0.905295
0.808746
1
1.08665
0.910279
1.08993
1
1
1.11803
1
1.01599
0.684824
1
1
1
1
1
1
1
1
1
1.05598
1
1.09842
1
0.952774
1
1.08267
0.553883
1
1
1
1
1
1
1.09795
1
1
1
1
1.06748
1.08514
0.956581
1.08472
1
1.08841
1
1
1
1.09955
1
0.999999
1
0.860331
1.06431
1.09941
0.999985
1
0.999928
1
1.12841
1.05077
0.790395
1.08581
1
1
1
1
1
0.866715
1
1.04992
0.86567
1
1
1
1.00001
1
0.999965
1.08591
1
1.00001
1
1.10073
1.09767
1
1
1
1
1.08659
1
1
1
1
1
1
1
1
0.978603
1.00087
1
0.999977
1
1.06106
0.858626
1.09788
1
1
1.03064
1
1.0979
1
1
1
1
1
1
1
1.08509
0.911673
1
1
1
0.954844
1.00937
1
1.09794
1
1.08061
1
1
1
1
1
1.08891
1
1.0029
1
1
1.08675
1
1
1
1
1
1
1
1
1
1
1
1
1
1
1.08774
1.00084
1
0.999999
1
1.10241
0.867193
1
1.09955
1
1
1
1
1
1
0.943528
1
1
1
1.08842
1
1
1.09727
0.999998
1.0889
0.946708
0.577523
1
1
1
1
1
1
1.10519
1.09863
1.09668
1
1
0.860446
1
1
1
1
1
1.08838
1.09767
1
1
1.09736
1
1.10396
1
1.02896
1
1.09873
1
1
1.09273
1
0.999999
1
1
0.865285
1
1
0.950618
1
0.901678
1.124
1
0.999999
1.10016
1.00001
1
0.921274
1
1
1.05841
1
1
1
1.12406
1
1
1
1.0003
1.0648
1
1
1.09527
1
1
1.1191
1
1
1
0.90389
1.10129
1
1
1.06545
1
1
1
1
1
0.488798
0.891715
1
1
1
1
1
1
1
1
1.04339
1.09929
1
1.07706
1
1
1
1
1
1
1.10027
1.08775
1
0.998152
1
1
1
1
1
1
1.0464
1.10228
1
1
0.99887
1
0.879419
1
1
1.07339
1
1.0885
1.04032
1
1
1
1
1
1.05162
1
1.02705
1
1.0156
1
1
1
1
0.977425
1.09748
1.09122
1
0.999916
1
1
1
1
1
1.08728
1.09019
1
1.09838
1
1.09824
1
0.951842
1
1
1
1
1
1
1
0.848475
1
1
1
1
0.84729
1
1
1
1.10066
1
1
1
1.09931
1
1
1
1
1.09962
1
1
1.05551
1
1
1
0.590007
1.1253
1
1
1.00955
1
1.00081
0.879846
1
1
1
0.946999
1
1.0849
1
1
1.00822
1
1
0.852327
0.877981
0.925603
1.00001
1
1.09955
1
1.02495
1.02694
1
1
1.12039
1
1
1
1
0.988479
1
1
0.999999
0.977538
1
1
1.05444
0.832679
0.868794
1.0071
0.99011
0.997009
1
0.857704
1
1.08169
1
1.0545
0.999525
1.02478
1
0.938163
1
1.04976
1
1
1
1.07403
1
0.840396
1.08514
0.842911
1
1
1
1
1
1.05439
1
1
1
1
1
1
1.00001
1
1
1.08503
1
1.10056
0.859917
1
1.00001
1.08454
0.837911
1
1
1.00793
1
1.0737
1
1.1046
1
1.02043
1.08015
1
1
1
1
1.09121
1
0.836538
1
1
0.99617
1.09039
1
1
1
1
1.08941
1.10132
1.09207
1.00001
1
1
1
1
1.07229
1.07972
1.1285
1
0.566643
1
1
1
1.08936
1.07348
0.985899
1
1
1
1
1.08737
1
1
1
1
1
1
1
1
1
1
1
1.08987
1.06708
0.999999
1.09835
1
1
0.923666
1
1
1.09976
1.09738
1
1
1
1
1
1
1
1
1
1.00037
1
1
0.938676
1
1
1
1.09067
1
1
1
1.09173
1
1
1
1
1.03259
1
1
0.991087
1
1.09751
1
1.00685
1
0.952501
1
1
1
1
1.09969
1
1
1
1
1
1
1
1
1.02458
1
1
0.9989
1
1
1
1
1.09608
1.01156
1.09618
1
1
1
0.860276
1
1
1
1.119
1
1
1.1191
1.08086
1
1.00001
1
1
1
1
1
1
1
1
1
1
1
1.07661
1
1
1
1
1
1
1
1.05178
1
1
1
1
1
1
1.10437
1.09004
1
1
1.03988
1
1
1
1.09558
1.08149
1
1
1
1.05243
0.879183
1
1.0949
1
1
1.06835
1.03949
1
1.07524
1
1
1.0889
1
1.03521
0.937947
1
1.10164
1
1
1
0.913908
0.923274
1
1
1
1
1
1
1
1.09998
1.04551
1.06121
1
0.999021
1
1.05796
1
1
1
1
1
1
1
1
1
1
1
1
1
1.0581
1
0.999999
1
0.959295
1
1
1
1.055
0.958386
1.04003
1
1.03535
1
1
1
0.980684
1
1
1.00153
1
1
1.05831
1
1
1
1.03015
1
1.09813
1.10076
1.11876
0.891435
1
1.00505
1
1
1
1
1
1
1
0.893425
1.04501
1
1.08739
1
1.06725
1.0885
1
1
1
1
1
1
1.04088
1
1
1
1.00001
1.08716
1
1.04249
1
1
1.00942
1.00003
1
1
1
0.945344
1.09826
1
1
1
1
1
1.11346
1
0.977377
1.11914
1
1.00069
1
1
1
1
1
0.956773
1
1.04127
1
1
1.00005
1
1.10621
1
1
0.977318
1.07254
1
1.11605
1.09709
1
1
1
1
1
1
1
1
1
1
1
1
1
1
1.0966
1
1
1
0.965848
1.0865
1
1
1
1
1
1
1
1
1
1.10259
1
1.09263
1
1
1
1
1.11718
1
0.899159
1
1
1
1.00078
1
1
1
1.1066
1
1
1
1.06339
1
1
1.00004
1
0.979775
1.09241
1
1
1
1.11198
1
1
1
1
1
0.990118
1
1
1
1
1
1
1.08771
1.00203
1
1
1
1
1
1
1
1
1
1
1
1
1
1
1
1
1.01021
1.09813
1
1.08892
1
1
1.11857
1
1
1.00573
1
1.04662
0.990008
1
1
1
1.11794
1.02584
1
1.08993
1
1
1
1
1
1.12023
1.09099
1.0918
1
1.09173
1
0.860137
1.02717
1
0.89784
1.08987
1
1.0411
1
1
1
1
1.0153
1
1
1.10906
1.12006
1
1.11913
0.889222
1.10206
1
1
1
1.02515
1.08986
1
1.00939
1
1
1
1.06065
1
1
1
1.11851
1
1
1.11204
1.11754
1
1.08935
1
1
0.985427
1.08856
0.985855
1
1
1
1
1
1.08768
1
1.04409
1
1.03612
1
1.08806
0.92256
1
1
1.11494
1
1
1.00426
0.99407
1
1.0108
1.09161
1
1
1
1
1
1
1.11849
1.00619
1.09355
1.08704
1.01553
0.994819
1.08728
1
1.01572
1.11815
1
1
1.0227
1.11574
1.09049
1
1
0.873587
1
1
1
1.09388
1.11908
1.09914
1
1.05535
1
1
1.01186
1.0906
1
1.08918
1.00517
1.08822
1
1
1.08454
1
1
1
1
1.11812
1
1
1
1
1.0411
1.05303
1
1
1.09008
1
1
1
1.08798
1
1.11846
1.08926
1
1
1
1
1.1203
1.09063
1
1
1
1
1
1
1
1.10382
1.0873
1.08812
1.02626
1
0.94331
0.970796
1.02446
1.10171
1.08774
1
1.01277
1.00003
1
1.08941
1
1
1
1.10859
1
1
1
1
0.931327
1
1
0.999998
1
1
0.904098
1.03239
1
1
1
0.873753
1
1.07675
1.11976
1
1.05511
0.939299
1
1
1
0.848517
1
1.08796
1
1
1.09617
1.11307
1.075
1
1
1.08846
1.0482
1
1
1
1.11908
1.09639
1.03723
1.11825
1
1.08886
1
1.06624
1.08927
1
1
0.995413
1
1
1.10062
1
1
1
1.07714
1.11864
0.642887
1
1.08854
1
1
1.05736
1
1
1
1.05472
1.04963
1.11968
1
0.89361
1
1
0.93014
1.11889
1
1
1.06846
1
1
1.11867
1.11931
1.11858
1
1
1.0632
1
1.07715
1.06589
1
0.781031
1
1
1.09009
1
1
1
1
1.04327
1.11935
1
1
1
0.828866
0.786797
0.871877
1
1
0.905016
1
1
1.1211
1
1.1182
0.777494
1
1.0506
1.09557
1
1
1.11828
1.06832
0.725731
1.03602
1
1
1
0.894912
1
1
0.896017
1
1
1
1.08903
1
1.08703
1.08803
1.09273
1.09147
1
1.09198
1.09162
1.11902
1.03453
1
1
1
1
1.08714
1
1
0.860791
1
1
1
1
1
1
1
1
1.05153
1.11808
1.11872
1
1
1.08833
1
1
1
1.11239
1.09567
1
1
1
1.08716
1
1.1046
0.875717
0.876077
1.08864
1
1.0812
1
1.10101
1
1
1
0.904589
1
1.08546
1
1
1
1.05584
1.11797
1
1
1
1.11979
1.11688
1
1.08486
1
1
1.10604
1.0824
1
1
1
1
1
1.11134
1.10718
1
1
1
1
1
1.11121
1
1.11737
1.10625
1.10897
0.813042
1.10812
1.11936
1
1
1.04314
1
1
0.884755
1.094
1
1
1.1164
1.08112
1.09187
1.0921
1
1.02084
1.1173
1.11979
1
1
1.1202
1
1.11572
1
1
1.06181
1
1.0671
1
1.04652
1.11395
0.898386
1
1.11523
0.916206
1
1
1.11149
1
0.859324
1
1.11858
1.11965
0.885808
0.898323
1
1
1.08405
1.11042
1.00017
1
1
0.945051
1.06796
0.809867
0.920962
1
0.846583
1
1
1.09181
1
0.903723
1.04094
0.999648
0.849625
1
1
0.876174
1
1
1
1
1.12022
1.04693
1.11768
1
1
0.85234
1
1.09055
1
1.11809
1
1.06239
1
1
1.09025
1
1
1.00169
1
1.11002
1
1
1
1
1
1
1
1
1
0.902064
1.07021
1
1
1
1
0.760719
0.910021
1.08843
1.12082
1.05688
1
1.07758
1
1.11326
1
1.07649
0.874936
0.970416
0.965325
1
1
1
1.11318
1
1
1
1.08756
0.894098
1
1
1
1
1.11439
1.11748
1
1
1
1.09782
1
1.08776
1.08422
1.08679
1.08855
1.10966
1.08246
1
1
1.10949
1
0.786567
1.08693
1
1.10909
0.894452
1
1
1
1
1.08747
1.08488
0.999944
0.899088
1.08738
1.08722
1.09576
1.08135
1.09041
1
1.11782
1.10876
1.10922
1
1.0322
1.00051
1
1.11845
1.08712
1.08883
1
1
1
1
1.08609
0.848186
1
1.09083
1
1.10638
0.999962
0.999045
1.0901
1
1
1
1.09341
1
1
1.11845
1
1
1
0.87201
1.08782
1
1
1.08968
1
1
1
1.11977
1.08958
1
1
0.853091
0.790931
1
1
1
1
1.09029
1
1
1
1
1
1
1
1
1
1
1
1
1
1.08821
1
0.884763
1.11863
1
1
1
1
1.02414
1.08938
1
1
1
1
1
1
1
1
1
1
1
1
1.08891
1.08901
0.885025
1
1
1
1
1
1.11954
1.1194
1
0.772591
1.08872
1
0.826192
1
1
1
1
0.999886
1.08727
1.08596
1
1.08867
1.08951
1.08867
1
1
1
1.03099
1.08965
1
1
1
0.776102
1.09506
1
1
1
1
1
1.0903
1.00001
1.08718
1
1
1
1
1.08606
0.999245
1.11419
1.00001
1.09233
1
0.90104
1
1
1
1.11837
1
1
1.10069
1.08902
1
1.09217
1
1.09014
1.11898
0.83692
1.08811
0.919365
0.917655
1.08637
1
1
1
1
1
1
1.0878
0.682247
1.08613
1.11869
1
1.00492
1
1.09135
1
1
1.11941
1.0929
1.08607
1.08996
1
1
1
0.999999
1
1.09275
1.11913
1.11913
1.08554
1.08618
1.11898
1
1.11886
1
1
1.10894
1
1.08641
1
1
0.882037
1
1
1.08773
1
1
1
1
1.08765
1.08859
1
1.08896
1
1
1
0.846537
1
1
1.00001
1.11682
0.873256
1
1
1.11816
0.892917
1.11893
1
1
1.09199
1.11919
1.09049
1
1.08932
1.08053
1
0.927612
1.08462
1
1
0.912244
1.01384
1.09181
1.092
1
1
1.09059
1.08937
1.11785
1.09063
0.999887
1
1
1
1
1
1
1.10855
1.09297
1
0.531674
1
1
1
1.11809
1
1
1
0.878086
0.746025
0.899514
1
1
1.08904
1
1.11672
1
1
1
1
1
1
1
1
1.08606
1
1
1.0888
1
1.12006
1
1.08429
1.08808
0.872513
1
1.11818
1
1
1.08794
1
1.08386
1.05722
1.08797
0.564569
1
1
1
1
1
1
1
1.08448
1
1.08842
0.625847
1.09042
1.11874
1.08832
1
1
1
1
1
0.87171
0.932596
0.837262
1.06423
1
1.08312
1
0.486468
1
1
0.871435
1
1
1.08396
1
1.08556
1
1.09274
1
1.11712
1.08499
1
0.854698
1.09064
0.866417
1
1.09044
1
1.09259
0.965296
1.08829
1.09202
1.08909
1.08994
1.12085
1
1
1
1.09678
1.08569
1.08212
1.08169
1.0144
1.11831
1.06767
1.1222
0.999634
1.08986
1
1
1
0.899538
1.11411
1
1.0864
1.11984
1
1
1.08906
1
1.11066
0.934833
1
1.11877
1
1.08929
1.11108
1.11008
1
1
0.92838
1
1
0.916826
1
1.11451
1
1
1
0.868235
1.07932
1
0.943337
1
0.908657
1.08753
1.09124
1
1
1.11818
1
1
1
1.12045
1
1
1
1
1.11819
1
1
1
1.08435
1.08984
1
1
1
1
1
0.866085
1
1.12085
1
1
1
1.08869
1
1.08898
1
0.874557
1
0.874658
1
0.879179
1.08633
1
0.892775
1
1
1
1.09112
0.848477
1
1
1.08668
1.09139
1
1
1
1
1
1
1
1
1
1
0.867884
1
1
1.08376
1.10053
1.10053
1.09076
1
1
1
1
1
1
1
1
1
1
1
1
0.875154
1
1
1
1
1
0.647401
1
1
1
1.04005
1.00214
0.784389
1
1
1
1
1
1
1
1.08181
1
0.999955
1
1
0.90699
1.11681
1.11176
1
1
1.06266
1
1.10864
0.773859
0.999952
1
1.09747
1.11288
1
1.109
1
1.10846
0.887383
1
0.6965
1
1.0818
0.887983
1
1
1
1
1.09928
1.0892
1.09966
1
1
0.911701
1
1
1
0.888821
1.096
1
1.10804
1
1.08346
1
1
1
1
1
1
1
1
1
1
1
1
1
0.569452
1.10601
1
1
1.10094
1.10371
1
1
1
0.806874
1
1
1
1
1.01229
1
1
1
1
0.720806
1
0.95357
0.846975
1
1
1
0.999999
1
1
1
0.999332
1.04366
1
1.068
0.531477
1
1
1
1
1
1
1
1
1
1
1
0.941478
1
1
1.00001
0.515933
1
1
1
0.999999
1
1.12019
1
1
1.03535
1
1
1
1
0.84836
1
1
1
1
1
1
0.999587
1
1
1
1
1
1
1
0.871914
0.869235
1
1
1
1
0.999996
1
1
1
1
1.08425
1
1
1
1
0.721741
1
1
1
1
1
1
1.11942
1.12112
1.11957
1
1
1
1
1
1
1
1
1
1
1
1
1
1
1
1
1
1
1.007
0.998034
1
1
1
1
1
1
1
1
1
1.01217
1
1.05027
1
1.11855
1
1
1.00001
1
1
1
1
0.999988
0.999389
1
1
1
1
1
0.94263
1
1
1.09572
1
1.07834
1
1
1
1
1.09811
1.08642
1
1
1
1.11489
1
1
1
1
1
1
1
1
1
1
1
1
1
1
1
1
1
1
1
1
1
0.838634
1
1
1
1
1
1
1
1
1
1
1.11984
1
1
1
1.08823
1
1
1
1
1
1
1
1.03678
1
1
0.999936
1
1
1
1
0.862546
1
1.03315
1
1
0.840679
1
1
1
1
0.991739
1.12242
1
1
1
1
1
1
1.1206
1
1
1
1
1
1
1.1188
1
0.615025
1
1
1
1.09185
1.11184
1
1.09196
1
1
0.926619
1
1
1
1
0.807751
1.09558
0.864418
1
1
1.12465
1.09145
1
1.09114
1
1.09094
0.903118
1.09165
0.983326
1.12036
1
1
1
1
1
1
1
1
1
1
1
1
1
1
1
1
1.095
1
1
1.09543
1
1
1
1
1
0.517628
1.08856
1
0.824225
1
1
1
1
1
1
1
1
1.08055
0.781436
1.12061
1
1
1
1
1.09628
0.489231
1
1.00844
1.09105
1
0.851675
0.668103
1
1
1
0.862411
1
1
1
1
1.09114
1
1
1
0.872122
0.688824
1
1
0.568305
0.654646
1
1
1
1
1.09038
1
1
0.827718
1
1
1
0.690492
1.08877
1
1
1
1.02193
1
0.965901
1
1
1
1
1.08781
1.05321
1
1
1
1
1
1
1
1.08832
1
1
1
1
1
1
0.872321
0.87247
1
1
1
1
1.08528
1
1.11969
1
1
1
1
1
1
1
1
1
1
1
1
1
1
1
1
1
1
1
1.00765
1
0.947248
1.08557
1.11927
1.08734
1
1
1.09353
1
1.12065
1.0876
1.09604
1
1
1
1
1.11912
1.08482
0.999371
1
1.09594
1
1
1
1.08965
1
1
1
1.08356
1
0.869227
1
1
1.09007
1
1.08681
1
1
0.873444
1.0899
1
1.08913
1.08373
1.09017
1.08792
1.08028
1.08576
1
1
1
1.0777
1.11993
1
1
1.09074
0.843738
1
1
1
1.0905
1.0901
1.09925
1.09807
1
1
1.12083
1.12139
1.00001
1
1
1
1
1
1
1
1.09568
1.12059
0.926208
1
1
1
0.999999
1
0.866895
1
1.12128
1
1.08383
1
0.879031
1
1
1.0501
1
1
1
1.09118
1.09177
1
1.04702
1
1
1
0.863517
1.02462
1
1.08848
1
1.09236
1.09218
1
1.08699
1
1.09618
1
1
0.999983
1
1
1
1
0.93892
1
1
1
1.06947
1
0.999997
1
0.999999
1
1
1
1
1.0861
1
1
1
1
1
1
1
1
1
1
0.807359
1
1.12099
1
1
1
0.859629
1.10158
1
1
1.12106
1
1
0.880598
1
1.08608
1
1
1
1
1
1
1
1
1
1
1
1
1
1
1
1
1.10013
1
1
1
1
1
1.11958
1
1
1
1
1
1
1
1
0.815289
1
1
0.961572
1
1
1
1.08241
1
1
1.09134
1
1
1
1
1
1
1
1
1
1.1005
1
1
1
1
1
1
1
1.12025
1
1
1
1
1
1.01044
1
1
1
1
0.849233
1
1
1
1
1
0.845918
0.872398
1
1
1
1
1
1
0.862692
1
1.12044
1.00056
1
0.892141
1
1
1
1
1.0385
1
1.03145
1
1
1
1
1
1
1
1
1
1.01354
0.999936
0.856273
1
1
0.846376
0.999944
1
1.09162
1.11169
1
1
1
1
1
1.00106
1
0.999974
1
1
1
1
0.87405
1
1
1
1
1
1.03773
1
1
1
1
1
1
1
1
1
1
1
1
1
1
1
1
1.12109
1
1
1
1
1
1
0.866407
0.866956
1.09104
1
1
1
1
0.869547
1.03644
0.887171
0.744429
0.963195
1
1
1
1.08672
1
1
1
1
1
1
1
1
1.09119
1
1
1
1
1
1
1.02194
1
1.09803
0.873318
1
1
1
1
1
1
1
1
1
1
1
1
1
1
1
0.898369
1.09064
1
0.865385
1
0.910628
0.862684
1
1.11179
1
1
1
1
1
1.01581
1
1
1
1
0.867286
1.11884
0.872881
0.866752
1
1
1.10138
1
0.813954
1.11229
1.07468
1.08002
0.999954
1
1
1
0.80339
1
1
0.871596
1
1
1
1.12464
1.02833
1
1
1
1.08766
1
1
1
1.09133
1
1
1
1
1
1
1
1
1
1.08727
1.12077
1
1
1
1
1
1
1
1
1.11959
1
1
1
1
1
1
1
0.86539
1
1
1
1
1
1
1
1.03788
1
1
1
1
1
1
1.09842
1
1
0.629375
1
1
1
1
1
1
1
1
0.868812
1
1
1.09042
0.782218
1.09747
1
0.705193
0.994495
1
0.781519
1.09586
1.12149
0.874076
0.874737
1.11313
1.08423
1
1
1
1.00003
1.09517
1
1
0.867269
0.926699
1
1
1
1
1.03213
0.941928
1
1
1
1
1
1
1.09827
1
1
1
1
1
0.888795
1
1.11139
1
1
1
1
1
1
1
1.06747
1
0.852667
1
1
0.697023
1
1
1
1
1
1
1
1
1
0.939373
1
1
1
1.00785
0.944284
1
1.12078
1
1
1
1
1
0.579646
0.891374
1
1
1
1.03807
1
1
0.866371
1
0.870609
1
1
1
1.09174
0.866586
0.873329
1.12059
1
0.978903
1
1
1
1
1
1
1
1
1
1.08909
1
1
1
0.863804
1
1
1
1
1
1
1
1
1
0.881394
1
1
1
1
1
1
1
1
1
1
1
0.774953
1.12017
1.05886
1.08993
1
1.08722
1
1
1
1
1
1.12028
1.08331
1.08779
1
1
1
1
1.10095
1
1
1
1
1
1
1
0.873316
0.872966
1
1
0.866507
1
1
1
1
1
1
1
1
1
1
0.864809
1
1
1
1
1
0.555598
1
0.868881
1
1
1
1
1
1
1
0.86822
1.00052
1
1
1
1
1.07184
1.12105
1
1
0.865046
1
1
1
1
1
1
0.989521
1.12113
1
0.760688
1
1
1
1
1
1
1
1
1.08587
1
1
1
1.12013
1
1.12097
1
1
1
1
1
1
1
1
0.902953
0.856793
1
1.09364
1
1.12042
1
1
1.12281
1
0.69944
1
1
1.09516
1
1
1
1
1.00461
1
1
1
0.819076
0.868717
0.892026
1
1
1
0.826906
1
1
1
1
1
0.633809
1
0.870699
1.0651
1
1
1
1
1
0.862899
1.0325
0.808705
1
1.0637
0.863634
1
1
1
1
1
1
1
1
1
1
1
0.868656
1
1
1.047
1.11093
1
1
1
1
1
1
1
1
1
1
1
1.12207
1
1
1
1
1
1
1
1
1
0.774496
1
1
1
0.82216
1
1
1
1
1
1
1
1
1
0.937269
1
1
1
1
1
1
1
1
1
1
1
1
1
1
1
1
0.87965
1
1.08737
1
1
0.867726
1
1.11159
1.10978
1
1
1
1
1
1
1
1
1
1
0.911246
0.875215
1
1.12099
1
1
1.12131
1.09843
1
1.10815
1
1
1
1.00767
1
0.863595
1
1
1
1.12084
1.12078
0.753249
1
1
1
1
1.096
1
1.09679
1
0.872556
1
1
1
1
0.999999
1.10026
0.549178
1
1.09501
0.942711
1
1.06709
1.11155
1
1
1
1
1
1
1
1
1.12066
1
1
1
1
1
1
0.859414
1
1.10744
1
0.99989
1
1
1.12
1
0.874097
1.09716
1.12019
1
1
0.82329
1
1
0.871104
1.03051
1
1
0.863919
1
1
1
1
1.11874
0.936576
1.09817
1
0.990041
1
0.749198
1
1
1.03707
1.10695
0.963077
1.09607
1
0.868297
1
1
1
0.869966
0.869562
1
1
1
1
1.09488
0.915592
1
0.908182
1.11788
0.871831
1
1.11987
1.01647
1
1
1
0.867768
1
0.757654
1
1
1
0.8727
1
0.980755
0.903856
1.00011
1
1
1
1
1.10697
1
1
1
1
1
1
1
1
1.10744
1.11239
1
1
1
1
1
1
1
1.11662
0.673022
1
1
0.860991
1
0.969729
1
0.813923
1
1
1
1
1.12053
1.07072
1
1
1
0.872856
1
0.843216
1
1
1
1
1.01821
1.11503
0.872305
1
1.10129
1
1
1
1
1.10726
1
0.973649
1
1.10643
0.944799
0.962171
1
0.852357
1
1
0.892264
0.862316
1
1
1
1.08355
1.09552
1.12866
0.983408
1
1
1
0.863759
1
1
0.868654
0.962836
1
1.07398
1.11315
1
0.920226
1.09615
1
1.09033
1
0.785507
1
0.621213
1.06781
1
1
1
1
1
0.869029
1.12058
1
1
1
1
1
0.894624
1.09604
1
1
1
1.10525
1
1
0.860713
1
1
1
1
1.06607
0.656741
1
1
1
1
1
1.09361
1
0.992207
1.09522
1
0.927954
0.868666
0.870604
1
1.12158
1
1
1
1.09941
0.678345
1.11245
0.800186
1.10097
0.785229
0.909519
1
0.863394
1
1.09547
0.999749
1
1.03085
1
1
0.908019
1
1.10099
1.12135
0.882413
1
1
1
1
1
1.11113
0.962191
1
1
1
1
1
1.08941
0.986403
1
1
1
0.78279
1
1
1.09845
1.12072
1
1
1
1
1
1
1
1
1.11077
1
1
0.922862
1
1.04631
1
0.87126
0.998874
1
1
1
1.09906
1
0.86044
1
1
0.873963
1
1
1
1
0.917262
0.876445
1
1
1
1
1
1
1
1
1.1093
0.869573
1
1
1.12028
0.867025
1
1
1
1
1.09622
1
1
1
1
1
0.982932
1
1
1.10806
1.05348
0.837893
1.12048
1
1
1
1
1
1
1
1
1
1
1
1.10729
0.834457
1
1
1
1.09608
1
1.12028
1
1
1
1
1
1
1
1
1
1
1
1
1
1
1.10684
1
0.861136
1
0.865597
1.12097
1
1
0.866826
0.869841
1.10692
1.09609
1.10736
1
1
0.893799
1
1.03736
1
1
0.830582
1
1
1
1
1
0.86734
1.10624
1
1
1
1
1
1
1
1
1
1
0.765137
0.98978
1
1
1
1.11302
1.10495
1.10698
1.12113
1
1
1
1
1
1
1
1
1
1
1
1
1
1
1
1
1.09328
1
1.12097
1
0.737454
0.808426
1
1
0.856883
1
0.868585
0.866872
1
1
1.09585
1
1
1
0.873104
0.86296
1
1.11988
1
1
1
0.771498
0.864313
1
1
0.990449
0.867429
0.917026
1
1
1.11975
0.985728
1
1
1
1
1
1
1
1
1.04507
1
1.09911
1
1
1
1
0.758044
1
1
1
1
1
1
0.872458
1
1
1
1
1
1
1.02451
0.94002
1
1
1
1
0.862778
1
1
1
1
1
1.121
1.12053
)
;

boundaryField
{
    back
    {
        type            empty;
    }
    front
    {
        type            empty;
    }
    outlet
    {
        type            zeroGradient;
    }
    top
    {
        type            zeroGradient;
    }
    inlet
    {
        type            fixedValue;
        value           uniform 1;
    }
    bottomLeft
    {
        type            zeroGradient;
    }
    bottomRight
    {
        type            zeroGradient;
    }
}


// ************************************************************************* //
