/*--------------------------------*- C++ -*----------------------------------*\
  =========                 |
  \\      /  F ield         | OpenFOAM: The Open Source CFD Toolbox
   \\    /   O peration     | Website:  https://openfoam.org
    \\  /    A nd           | Version:  12
     \\/     M anipulation  |
\*---------------------------------------------------------------------------*/
FoamFile
{
    format      ascii;
    class       volScalarField;
    location    "12.7";
    object      p;
}
// * * * * * * * * * * * * * * * * * * * * * * * * * * * * * * * * * * * * * //

dimensions      [1 -1 -2 0 0 0 0];

internalField   nonuniform List<scalar> 
9801
(
0.652741
0.659548
0.662883
0.66618
0.668715
0.668751
0.668785
0.671092
0.674494
0.680209
0.691181
0.700844
0.706762
0.710973
0.714706
0.717975
0.718897
0.717176
0.718483
0.721625
0.726072
0.735035
0.747843
0.756658
0.762098
0.7664
0.77036
0.772495
0.769553
0.769174
0.772088
0.776306
0.783562
0.797799
0.810087
0.817291
0.822513
0.826929
0.829633
0.825993
0.823714
0.826394
0.83084
0.837685
0.852106
0.868526
0.878321
0.884528
0.889749
0.89336
0.888303
0.883569
0.885961
0.891201
0.898537
0.914738
0.935457
0.947828
0.955368
0.961581
0.966395
0.958674
0.951141
0.953838
0.960216
0.969948
0.992494
1.01768
1.03305
1.04244
1.04992
1.05482
1.04171
1.03069
1.03463
1.04406
1.06196
1.09764
1.12802
1.14589
1.15848
1.1694
1.16961
1.14542
1.13432
1.14544
1.16509
1.21076
1.2707
1.31104
1.33941
1.36691
1.38349
1.36911
1.35836
1.37842
1.44884
2.79361
10.3544
0.659324
0.666935
0.670045
0.673022
0.675288
0.675427
0.675628
0.677747
0.680728
0.685853
0.697288
0.707586
0.713594
0.717781
0.72129
0.724299
0.725202
0.723815
0.725054
0.727963
0.731792
0.740518
0.754116
0.763186
0.768618
0.772798
0.776442
0.778381
0.775834
0.775486
0.778181
0.781962
0.78852
0.803127
0.81598
0.823308
0.828406
0.832633
0.835396
0.832204
0.829981
0.83234
0.836398
0.842268
0.856655
0.873754
0.883709
0.889949
0.895045
0.898597
0.894214
0.88944
0.89145
0.896238
0.902603
0.918244
0.939701
0.952602
0.960432
0.966776
0.971549
0.964927
0.956893
0.958656
0.964423
0.972769
0.994267
1.02076
1.03698
1.04671
1.05439
1.05976
1.04832
1.03654
1.03941
1.04812
1.06181
1.09416
1.12702
1.14678
1.16079
1.1733
1.17824
1.15529
1.14101
1.14902
1.16589
1.20035
1.25582
1.29797
1.32864
1.35791
1.3779
1.36555
1.34707
1.35301
1.36601
2.61691
10.4826
0.661533
0.66932
0.67243
0.675415
0.677849
0.678448
0.67865
0.680549
0.683344
0.687788
0.698925
0.709719
0.715827
0.720044
0.72359
0.726734
0.728141
0.726977
0.728015
0.73081
0.734378
0.742331
0.756096
0.765385
0.770836
0.775031
0.77872
0.78104
0.778877
0.77834
0.780921
0.784619
0.790487
0.804556
0.817846
0.825379
0.830556
0.834911
0.838316
0.835873
0.832996
0.834997
0.83897
0.844331
0.857722
0.875153
0.885397
0.891744
0.896935
0.901092
0.897997
0.892793
0.894406
0.899117
0.905049
0.919045
0.940684
0.954195
0.96224
0.968742
0.974097
0.969512
0.960733
0.96124
0.966613
0.973932
0.990794
1.01903
1.03785
1.04829
1.0563
1.06292
1.05522
1.04182
1.04187
1.04969
1.06047
1.0865
1.12561
1.14979
1.16422
1.17657
1.1841
1.1662
1.14639
1.15006
1.16589
1.18965
1.24014
1.29281
1.3288
1.35886
1.38378
1.37619
1.35913
1.36382
1.35889
2.53293
10.502
0.664995
0.673198
0.676352
0.679387
0.68187
0.682418
0.682386
0.684083
0.686806
0.690741
0.701172
0.71284
0.719421
0.723782
0.727409
0.730659
0.732185
0.730878
0.731653
0.73434
0.737794
0.744761
0.758568
0.768605
0.77432
0.778627
0.78241
0.78496
0.78291
0.782011
0.784426
0.788084
0.793228
0.806288
0.820776
0.828963
0.834295
0.838765
0.842473
0.840352
0.836432
0.838063
0.842066
0.847081
0.858712
0.877159
0.888708
0.895424
0.900759
0.905393
0.90372
0.897367
0.897951
0.902379
0.907987
0.918879
0.940888
0.956767
0.965557
0.972262
0.978077
0.976224
0.965794
0.964076
0.969112
0.976464
0.989179
1.01752
1.04042
1.05197
1.06025
1.06777
1.06494
1.04828
1.04369
1.05101
1.06165
1.07986
1.11832
1.14881
1.16514
1.17766
1.18859
1.18139
1.15768
1.15173
1.16535
1.1852
1.21967
1.27139
1.31251
1.34451
1.37502
1.38213
1.36604
1.35686
1.32868
2.46621
10.5434
0.668325
0.676933
0.680151
0.683275
0.685817
0.686187
0.685761
0.687279
0.689965
0.693626
0.703273
0.715746
0.722879
0.727365
0.731039
0.734293
0.735793
0.734378
0.73492
0.737468
0.740831
0.746785
0.760359
0.771509
0.777576
0.781939
0.785732
0.788405
0.786654
0.785468
0.787627
0.791163
0.795673
0.807162
0.822942
0.832019
0.837459
0.841885
0.845555
0.844031
0.839969
0.841227
0.844989
0.849675
0.858994
0.87788
0.891336
0.898588
0.904014
0.908824
0.908841
0.901655
0.90033
0.904036
0.909355
0.917637
0.938457
0.958059
0.968459
0.975558
0.981716
0.983278
0.972713
0.966779
0.970516
0.977684
0.987512
1.01164
1.03894
1.05325
1.06223
1.07055
1.07388
1.05924
1.04725
1.05073
1.061
1.07416
1.10483
1.14378
1.16668
1.18089
1.1938
1.19777
1.17645
1.15916
1.16264
1.1799
1.20459
1.24906
1.29596
1.33194
1.3628
1.38646
1.38135
1.36373
1.31343
2.41853
10.5858
0.67178
0.680785
0.684009
0.687144
0.689744
0.689958
0.68909
0.690484
0.69316
0.696627
0.7055
0.718797
0.726623
0.731201
0.73482
0.738033
0.739674
0.738138
0.738371
0.740763
0.74404
0.749017
0.761905
0.774427
0.781107
0.785598
0.789431
0.792437
0.791102
0.789259
0.791054
0.794435
0.798623
0.80831
0.824732
0.834965
0.84076
0.845299
0.849252
0.848964
0.844099
0.844108
0.847537
0.852164
0.859849
0.878116
0.893828
0.902035
0.907767
0.91287
0.915209
0.907851
0.902526
0.90494
0.910314
0.917788
0.936227
0.959189
0.971825
0.979407
0.985778
0.990464
0.983284
0.971818
0.971366
0.97765
0.986038
1.00426
1.03533
1.0553
1.06568
1.07416
1.08116
1.07339
1.05604
1.05241
1.05999
1.07101
1.09013
1.1297
1.16313
1.18248
1.19691
1.20835
1.19972
1.17456
1.16584
1.1754
1.19417
1.22468
1.26917
1.30783
1.33948
1.36769
1.38169
1.37315
1.32441
2.36915
10.6349
0.675086
0.684426
0.687709
0.69085
0.693411
0.693326
0.69216
0.693552
0.696318
0.699819
0.708116
0.721538
0.729882
0.734684
0.738408
0.741722
0.743667
0.741733
0.741171
0.743354
0.746687
0.75143
0.763538
0.776864
0.784168
0.788954
0.792995
0.796511
0.795906
0.7923
0.793071
0.796339
0.800699
0.809595
0.826156
0.837636
0.84395
0.848785
0.853155
0.855133
0.849551
0.84608
0.84849
0.853098
0.860151
0.877266
0.895499
0.905079
0.911121
0.916422
0.920716
0.916067
0.906962
0.906323
0.911115
0.91769
0.932318
0.957583
0.974083
0.982473
0.98888
0.994805
0.993004
0.979324
0.974232
0.978236
0.98559
0.99704
1.02573
1.05461
1.06957
1.07888
1.08721
1.0877
1.06954
1.05716
1.05841
1.06774
1.08039
1.10921
1.15148
1.18007
1.19738
1.21162
1.21855
1.19972
1.17828
1.17577
1.18762
1.20757
1.24322
1.28485
1.31755
1.34378
1.3646
1.36888
1.33674
2.34458
10.684
0.678231
0.687858
0.691204
0.694333
0.696877
0.696718
0.695098
0.69633
0.699092
0.702682
0.710924
0.724357
0.732956
0.737946
0.741828
0.745278
0.747792
0.745873
0.743794
0.745466
0.748727
0.753496
0.765406
0.779679
0.787594
0.792522
0.796649
0.800427
0.801379
0.796582
0.795166
0.797873
0.802008
0.809966
0.826985
0.840589
0.847613
0.852585
0.857062
0.860614
0.856537
0.849996
0.850334
0.854446
0.860077
0.874402
0.895663
0.908
0.914591
0.91994
0.924857
0.924031
0.913513
0.910021
0.913263
0.918881
0.927938
0.951613
0.974584
0.985808
0.992677
0.998917
1.00149
0.989376
0.978896
0.979458
0.98578
0.994053
1.01319
1.04806
1.07159
1.0837
1.09247
1.09881
1.08724
1.06587
1.06046
1.0664
1.07685
1.09248
1.12905
1.16833
1.19272
1.20927
1.22347
1.22604
1.20341
1.18446
1.18531
1.19853
1.22088
1.25898
1.29578
1.3231
1.34317
1.35521
1.34492
2.34167
10.7253
0.681102
0.691038
0.694435
0.697531
0.700181
0.700555
0.698587
0.699331
0.701912
0.705279
0.712682
0.726614
0.736198
0.741435
0.745352
0.74879
0.751658
0.75035
0.747064
0.747934
0.750961
0.755122
0.765722
0.781733
0.791129
0.796318
0.800407
0.804152
0.80617
0.801662
0.798436
0.800088
0.803816
0.809574
0.825206
0.842402
0.851192
0.856461
0.860905
0.864841
0.863165
0.85518
0.853775
0.856805
0.86151
0.870534
0.892216
0.909533
0.91793
0.923621
0.928758
0.931093
0.922328
0.91493
0.915846
0.92053
0.926686
0.94262
0.970963
0.988105
0.99643
1.00286
1.00813
1.00172
0.986058
0.981881
0.986458
0.993961
1.00437
1.03299
1.06708
1.085
1.09491
1.10303
1.10536
1.08631
1.06896
1.06767
1.07472
1.08556
1.10638
1.14737
1.18286
1.20499
1.22094
1.23347
1.2304
1.20755
1.19187
1.19447
1.20805
1.23302
1.27199
1.30405
1.32463
1.33766
1.3441
2.35953
10.7628
0.68382
0.694113
0.697577
0.700727
0.703526
0.704637
0.702524
0.702698
0.705044
0.708192
0.713901
0.727759
0.739259
0.745037
0.748992
0.752392
0.755343
0.75492
0.751024
0.751154
0.753891
0.757579
0.765408
0.782106
0.794046
0.799964
0.804155
0.807866
0.810632
0.807348
0.802374
0.803057
0.80634
0.810763
0.822057
0.841999
0.85405
0.860142
0.864721
0.868879
0.86973
0.861932
0.857687
0.859489
0.863631
0.869313
0.88584
0.908733
0.92081
0.927369
0.93272
0.937241
0.932611
0.92118
0.918617
0.92179
0.927322
0.936127
0.961451
0.987543
0.999937
1.007
1.01302
1.01436
0.999569
0.987939
0.988029
0.993675
1.00128
1.0158
1.05148
1.08143
1.0962
1.10607
1.11491
1.11216
1.0873
1.07323
1.07504
1.08379
1.09548
1.12074
1.1617
1.19299
1.21316
1.22908
1.24015
1.23551
1.21265
1.19792
1.2008
1.21406
1.24113
1.27926
1.30641
1.32152
1.33595
2.39266
10.7988
0.68594
0.697065
0.700692
0.704018
0.706961
0.708798
0.706841
0.706269
0.708297
0.711274
0.715503
0.727574
0.741352
0.748277
0.752418
0.755837
0.758905
0.759626
0.755677
0.754853
0.75725
0.760634
0.765758
0.780367
0.795626
0.803079
0.807598
0.811401
0.814719
0.813552
0.807337
0.8065
0.809227
0.81312
0.819962
0.838677
0.855418
0.863218
0.868173
0.872481
0.875491
0.87005
0.862409
0.862371
0.865677
0.870452
0.880241
0.904247
0.922573
0.930936
0.936587
0.941545
0.942049
0.929969
0.922249
0.923583
0.928411
0.934575
0.9494
0.98039
1.00107
1.01049
1.01726
1.02302
1.01845
0.999605
0.9912
0.992852
0.99914
1.00752
1.02922
1.06904
1.09542
1.10833
1.11737
1.12427
1.11615
1.09182
1.08087
1.08336
1.09188
1.10455
1.13403
1.17382
1.20237
1.22159
1.23731
1.24584
1.23876
1.21597
1.20132
1.20348
1.21576
1.24503
1.2816
1.30396
1.32404
2.43656
10.838
0.687408
0.699978
0.703956
0.707482
0.710517
0.712949
0.711592
0.710013
0.71159
0.714432
0.717886
0.726729
0.741979
0.75095
0.755647
0.759212
0.762431
0.764432
0.761282
0.758943
0.760609
0.763672
0.767394
0.777488
0.79519
0.805489
0.810807
0.814821
0.818446
0.819702
0.813661
0.81034
0.812257
0.815821
0.820395
0.833659
0.854411
0.865621
0.871425
0.875926
0.879952
0.878694
0.868924
0.865589
0.868108
0.872441
0.878323
0.896083
0.921038
0.933767
0.940265
0.945287
0.94934
0.942637
0.929486
0.926561
0.92936
0.934812
0.942449
0.965849
0.99727
1.01338
1.02193
1.02875
1.03299
1.01905
0.999453
0.995126
0.999223
1.00639
1.01566
1.04301
1.08283
1.10542
1.11727
1.12716
1.13482
1.12288
1.09663
1.08678
1.09063
1.09999
1.1145
1.14686
1.18413
1.21006
1.22843
1.24342
1.25014
1.2411
1.21663
1.20127
1.2022
1.21329
1.24501
1.27805
1.30528
2.4884
10.8799
0.688152
0.702728
0.707409
0.711081
0.714188
0.716981
0.716727
0.71416
0.714986
0.717541
0.720645
0.726225
0.740734
0.752784
0.758645
0.762614
0.766059
0.769033
0.767797
0.763587
0.763813
0.76637
0.769794
0.775944
0.792696
0.807003
0.813727
0.818101
0.821897
0.8249
0.821328
0.815182
0.815432
0.81853
0.822483
0.829898
0.850098
0.866846
0.874413
0.879323
0.883661
0.886173
0.878426
0.870512
0.870964
0.874554
0.87929
0.888494
0.913603
0.934231
0.943097
0.948833
0.954013
0.955422
0.941981
0.930881
0.930704
0.935077
0.941223
0.952585
0.983953
1.0117
1.02378
1.03063
1.03662
1.03875
1.02137
1.00446
1.00178
1.00517
1.01209
1.02365
1.05739
1.0969
1.11802
1.12915
1.13801
1.14194
1.12627
1.10217
1.09407
1.09825
1.10768
1.12443
1.15988
1.19494
1.21808
1.23439
1.24776
1.2526
1.24164
1.21538
1.19818
1.19751
1.20859
1.24169
1.27836
2.53835
10.9205
0.688278
0.704787
0.710893
0.714777
0.717949
0.720908
0.722053
0.719089
0.718512
0.720446
0.723253
0.726977
0.738265
0.75361
0.761569
0.766056
0.769695
0.773035
0.774167
0.769176
0.767113
0.769065
0.772295
0.776474
0.788905
0.806957
0.816311
0.821329
0.825347
0.829092
0.829361
0.821992
0.819132
0.821082
0.824558
0.829123
0.843057
0.865367
0.877065
0.882891
0.887405
0.891615
0.889718
0.878461
0.87437
0.876206
0.880289
0.88571
0.901596
0.929626
0.945577
0.953195
0.958626
0.963383
0.958659
0.941503
0.934767
0.936678
0.941666
0.947815
0.963653
0.998689
1.02225
1.03306
1.04089
1.04789
1.04617
1.0233
1.00762
1.007
1.01259
1.0204
1.03331
1.06961
1.10652
1.12498
1.13567
1.14511
1.14969
1.1325
1.10813
1.10072
1.10551
1.11576
1.13532
1.17181
1.20358
1.22421
1.23919
1.25098
1.25464
1.24141
1.21285
1.19264
1.19035
1.20152
1.24302
2.57206
10.9547
0.688233
0.705572
0.714057
0.718467
0.721757
0.724776
0.72705
0.724835
0.722091
0.723063
0.725595
0.728826
0.736291
0.752859
0.764062
0.769454
0.773271
0.776703
0.779394
0.776076
0.771315
0.771996
0.774751
0.778236
0.785492
0.804122
0.818199
0.824681
0.829054
0.83301
0.836015
0.830944
0.82378
0.823509
0.82616
0.830113
0.837558
0.859205
0.878252
0.88647
0.891454
0.895892
0.898773
0.890112
0.879337
0.878356
0.881508
0.88616
0.893393
0.916968
0.943556
0.955415
0.961776
0.967193
0.971443
0.961565
0.944384
0.939723
0.941478
0.946272
0.953407
0.975976
1.01329
1.03415
1.04333
1.04956
1.05589
1.05225
1.02893
1.01548
1.01499
1.01892
1.026
1.04158
1.08082
1.11586
1.13383
1.1447
1.15349
1.15553
1.13818
1.11558
1.10831
1.11223
1.12173
1.14358
1.18121
1.21115
1.22998
1.24345
1.25354
1.2556
1.24078
1.20972
1.18562
1.17739
1.19958
2.5713
10.9825
0.68876
0.704677
0.716516
0.721993
0.72548
0.728555
0.731333
0.730914
0.72638
0.725903
0.728087
0.731125
0.735814
0.750171
0.765483
0.77263
0.776796
0.780339
0.783634
0.78343
0.777023
0.77513
0.777013
0.780165
0.784561
0.798775
0.818458
0.828013
0.832988
0.836989
0.840742
0.840146
0.830469
0.826372
0.82816
0.831655
0.836277
0.849874
0.874966
0.889189
0.895762
0.900191
0.904418
0.903276
0.889822
0.882586
0.883304
0.886633
0.891627
0.902742
0.932448
0.955544
0.965644
0.972158
0.977775
0.979184
0.962329
0.94615
0.943843
0.94735
0.952736
0.960339
0.98704
1.02356
1.04188
1.05185
1.06027
1.06669
1.0583
1.03225
1.01913
1.01988
1.0258
1.03381
1.05063
1.09002
1.12291
1.13997
1.15116
1.16064
1.16358
1.14525
1.12073
1.11243
1.1161
1.12571
1.14957
1.1881
1.21688
1.2347
1.24757
1.25563
1.25527
1.23852
1.20474
1.17383
1.1616
2.53448
11.0085
0.690302
0.702478
0.717684
0.725113
0.729037
0.732236
0.735174
0.736546
0.731991
0.729279
0.730791
0.733607
0.737057
0.746584
0.7648
0.775318
0.780358
0.784083
0.787513
0.789717
0.784333
0.778768
0.779354
0.782173
0.785829
0.793832
0.814744
0.830236
0.83681
0.840894
0.844642
0.847225
0.840204
0.831221
0.830803
0.833694
0.837549
0.843657
0.864408
0.888127
0.898469
0.904151
0.908657
0.912496
0.905875
0.890529
0.885711
0.887604
0.891793
0.8975
0.914912
0.947705
0.966751
0.974633
0.979765
0.985045
0.985084
0.966074
0.951785
0.949794
0.95203
0.957252
0.967094
1.00015
1.03699
1.0539
1.06194
1.0678
1.07268
1.06367
1.03914
1.02722
1.02733
1.03182
1.03942
1.05956
1.10122
1.1325
1.14852
1.15898
1.16716
1.16804
1.14971
1.12512
1.11591
1.11854
1.12783
1.15371
1.19399
1.22261
1.23893
1.24962
1.25487
1.25234
1.23378
1.19112
1.14917
2.46435
11.0355
0.692622
0.700421
0.716668
0.7275
0.732412
0.735816
0.738832
0.741244
0.738623
0.733529
0.733714
0.73619
0.739367
0.74466
0.76103
0.776929
0.783891
0.787844
0.791266
0.794343
0.792376
0.784094
0.782243
0.784643
0.788094
0.792404
0.80672
0.828926
0.839659
0.844772
0.848589
0.852201
0.851213
0.840089
0.834623
0.835721
0.838713
0.843003
0.853062
0.87965
0.899632
0.908142
0.913595
0.918023
0.919564
0.905974
0.892023
0.890387
0.893646
0.89827
0.904447
0.926479
0.959144
0.97536
0.983392
0.989754
0.995274
0.990443
0.967012
0.954012
0.954558
0.959746
0.965839
0.975773
1.00933
1.04359
1.0588
1.06785
1.07596
1.08168
1.07102
1.04487
1.03213
1.03302
1.03943
1.0483
1.07008
1.11004
1.13829
1.1533
1.16388
1.17245
1.17397
1.15415
1.12803
1.11821
1.12041
1.12949
1.15677
1.1975
1.22489
1.23957
1.24858
1.25175
1.24833
1.22102
1.16742
2.38803
11.069
0.695099
0.700303
0.713502
0.728734
0.735513
0.739235
0.742279
0.745078
0.745251
0.739271
0.737116
0.739022
0.742033
0.74557
0.755646
0.775318
0.786377
0.791368
0.794924
0.79823
0.799688
0.792313
0.786467
0.78743
0.790416
0.793921
0.800394
0.82138
0.840533
0.848334
0.852718
0.856435
0.859357
0.852763
0.840597
0.838034
0.840646
0.844584
0.849503
0.865106
0.893664
0.909199
0.915814
0.920552
0.925223
0.92515
0.908607
0.896972
0.896283
0.898832
0.90331
0.911266
0.939229
0.971312
0.985429
0.991914
0.996223
1.00118
0.995625
0.97351
0.962906
0.962615
0.965117
0.970332
0.982265
1.01909
1.05381
1.06913
1.07696
1.08321
1.08822
1.07845
1.05367
1.04123
1.041
1.04521
1.05321
1.0779
1.11871
1.14559
1.15964
1.16944
1.17732
1.17901
1.15992
1.13245
1.12084
1.12187
1.12983
1.15702
1.1979
1.2245
1.23804
1.24514
1.24807
1.23925
1.20613
2.34189
11.1104
0.697842
0.702091
0.710067
0.727345
0.737712
0.742373
0.745644
0.74865
0.7509
0.746879
0.741625
0.742112
0.744669
0.747768
0.752621
0.769117
0.787017
0.794652
0.79871
0.802041
0.805029
0.802432
0.793066
0.79059
0.792649
0.795962
0.799861
0.810871
0.835437
0.850445
0.856822
0.860692
0.86434
0.864918
0.85276
0.843481
0.843736
0.846755
0.850533
0.85616
0.87694
0.904752
0.917771
0.924453
0.929862
0.934422
0.929675
0.909967
0.900194
0.901322
0.905571
0.910263
0.918555
0.94852
0.978464
0.991294
0.999147
1.0058
1.01077
1.00198
0.978257
0.966446
0.966942
0.971762
0.977903
0.989586
1.02556
1.05861
1.07361
1.08306
1.09122
1.09671
1.08613
1.05954
1.04498
1.04459
1.05048
1.0598
1.08582
1.12497
1.15011
1.16424
1.17552
1.18447
1.18668
1.16537
1.13492
1.12141
1.12158
1.12864
1.15518
1.19618
1.22265
1.23528
1.2419
1.24062
1.2363
2.34312
11.157
0.700998
0.70471
0.708506
0.722462
0.738332
0.745408
0.749209
0.752421
0.755407
0.75512
0.747996
0.745459
0.747145
0.750025
0.753445
0.762119
0.782973
0.796565
0.802237
0.805744
0.809063
0.811019
0.803439
0.795371
0.795404
0.798306
0.801795
0.806267
0.8227
0.847445
0.858963
0.864552
0.868436
0.872153
0.869352
0.854731
0.84782
0.848624
0.851505
0.855628
0.86342
0.889542
0.915604
0.926518
0.932034
0.936382
0.941087
0.934929
0.915222
0.907301
0.90752
0.909993
0.914765
0.925746
0.959608
0.989319
1.00149
1.00748
1.01225
1.01775
1.0101
0.98655
0.97511
0.974253
0.976515
0.981815
0.995238
1.03427
1.06839
1.08297
1.09046
1.09672
1.10212
1.09394
1.06821
1.05278
1.05066
1.05433
1.06262
1.09064
1.13263
1.15945
1.17284
1.18178
1.189
1.19048
1.16962
1.13728
1.12149
1.12027
1.1262
1.15212
1.19357
1.21985
1.23253
1.23402
1.25064
2.37925
11.2068
0.704111
0.706971
0.709668
0.717314
0.735771
0.74781
0.75302
0.756256
0.759214
0.761446
0.756683
0.750085
0.750078
0.752637
0.755801
0.759728
0.773581
0.794786
0.804743
0.809536
0.813026
0.816445
0.815523
0.804614
0.799497
0.800648
0.803341
0.806846
0.813241
0.835334
0.857993
0.867614
0.873003
0.876956
0.880184
0.872391
0.85652
0.851785
0.853858
0.857386
0.861496
0.870914
0.900196
0.924144
0.934074
0.940479
0.946027
0.949751
0.938769
0.91763
0.9103
0.912485
0.917023
0.921927
0.932754
0.966548
0.994676
1.00687
1.01531
1.02213
1.02689
1.01707
0.991563
0.97819
0.978072
0.983013
0.989543
1.0029
1.04031
1.07182
1.08605
1.09603
1.10479
1.11021
1.10107
1.07312
1.05529
1.0529
1.05805
1.06778
1.09647
1.13761
1.16297
1.17616
1.186
1.19371
1.19504
1.17316
1.1389
1.12078
1.11817
1.12284
1.1486
1.18973
1.21599
1.22403
1.25089
2.44249
11.2596
0.707245
0.70959
0.712262
0.716231
0.729591
0.747576
0.755649
0.759653
0.76286
0.765905
0.766105
0.75809
0.754083
0.755321
0.757843
0.760897
0.766618
0.78634
0.805308
0.812947
0.817136
0.820592
0.823475
0.818001
0.80615
0.803273
0.805461
0.808825
0.812551
0.821549
0.847608
0.867408
0.875395
0.880434
0.884543
0.8871
0.876211
0.861126
0.857686
0.858986
0.862108
0.866717
0.879753
0.912027
0.934299
0.943102
0.947806
0.951975
0.956049
0.944853
0.924789
0.918441
0.918687
0.921064
0.92594
0.9393
0.976804
1.00579
1.01713
1.02283
1.02735
1.03225
1.02464
1.0003
0.987265
0.985989
0.988367
0.993581
1.00828
1.04936
1.08245
1.09637
1.10381
1.10996
1.11458
1.10694
1.08053
1.06224
1.05877
1.06173
1.06921
1.09744
1.14141
1.16914
1.18236
1.19046
1.19647
1.19774
1.1777
1.14144
1.11973
1.11517
1.11859
1.1439
1.18462
1.206
1.24143
2.51548
11.3096
0.711497
0.71245
0.714897
0.717774
0.723932
0.742334
0.757132
0.763292
0.766803
0.769896
0.772625
0.768901
0.759807
0.757903
0.759896
0.76294
0.766467
0.776025
0.799392
0.814679
0.820914
0.824489
0.827919
0.829615
0.819417
0.809134
0.808441
0.810899
0.814052
0.817977
0.830647
0.858888
0.876188
0.883643
0.888873
0.893371
0.894187
0.878357
0.863297
0.861387
0.864663
0.8688
0.873309
0.887564
0.920329
0.940593
0.949243
0.955851
0.961423
0.964173
0.94964
0.928031
0.920959
0.923236
0.928051
0.933446
0.946464
0.982441
1.0093
1.02075
1.02877
1.03568
1.04049
1.03261
1.00755
0.991745
0.990016
0.994693
1.00141
1.01624
1.055
1.08519
1.09871
1.10756
1.11552
1.12208
1.11586
1.08733
1.06556
1.06038
1.06409
1.07241
1.09967
1.14245
1.16997
1.18373
1.19275
1.19924
1.20122
1.18253
1.14376
1.11755
1.11057
1.11259
1.13885
1.17399
1.21965
2.58808
11.351
0.717317
0.715506
0.717199
0.719894
0.723328
0.734136
0.754829
0.76578
0.77055
0.773618
0.776597
0.778009
0.769715
0.762319
0.762639
0.765345
0.76852
0.772397
0.786255
0.810691
0.822986
0.828548
0.832171
0.835681
0.834592
0.820894
0.812601
0.812731
0.815417
0.819062
0.823933
0.841046
0.869687
0.884496
0.890762
0.894938
0.898913
0.899277
0.883157
0.870117
0.868559
0.870117
0.873399
0.878503
0.896123
0.930488
0.950418
0.95822
0.962452
0.966363
0.969696
0.956959
0.93643
0.929726
0.930062
0.932259
0.937059
0.951744
0.990196
1.01873
1.03002
1.03572
1.04063
1.04649
1.04202
1.01764
1.00098
0.997788
0.99885
1.00335
1.01862
1.0591
1.09288
1.10838
1.1162
1.1228
1.1285
1.12416
1.09618
1.07215
1.06543
1.06676
1.07236
1.09688
1.14196
1.17277
1.1876
1.19576
1.20111
1.2027
1.18592
1.14607
1.11468
1.10393
1.10602
1.12947
1.18644
2.64052
11.3795
0.724575
0.7191
0.719856
0.722536
0.725471
0.730071
0.746077
0.765071
0.77299
0.777051
0.780227
0.78335
0.781951
0.771135
0.766678
0.767887
0.770374
0.773531
0.778733
0.797634
0.821209
0.831478
0.836575
0.839978
0.843181
0.838004
0.822082
0.816174
0.81802
0.821672
0.8253
0.830294
0.850252
0.878372
0.891481
0.897771
0.902915
0.907427
0.905474
0.886641
0.873153
0.872352
0.875927
0.880289
0.8852
0.902663
0.93614
0.954787
0.963142
0.969751
0.975312
0.978158
0.964809
0.942386
0.932973
0.93402
0.938578
0.944196
0.957704
0.993595
1.02095
1.03328
1.04234
1.04947
1.05481
1.04988
1.02441
1.00376
0.998676
1.00185
1.00819
1.02422
1.06468
1.09794
1.11297
1.12195
1.13021
1.13623
1.13115
1.10138
1.0744
1.06558
1.0675
1.0741
1.0978
1.1422
1.17393
1.18875
1.19661
1.20158
1.20259
1.18759
1.14818
1.11156
1.09657
1.09409
1.14421
2.65517
11.398
0.733004
0.72564
0.723409
0.725271
0.727832
0.730608
0.737282
0.757884
0.774168
0.78059
0.784208
0.787339
0.789936
0.784019
0.772804
0.770535
0.772762
0.775993
0.779385
0.786237
0.808871
0.830098
0.838703
0.843682
0.847326
0.849987
0.84172
0.826726
0.822768
0.824119
0.826673
0.830371
0.836858
0.86032
0.887573
0.899628
0.905153
0.908654
0.912935
0.911759
0.893572
0.881257
0.879946
0.881211
0.88436
0.889704
0.909373
0.944398
0.964019
0.971818
0.976253
0.980983
0.985562
0.975189
0.952045
0.941817
0.941002
0.942706
0.947308
0.961303
0.999881
1.03075
1.0432
1.04924
1.05384
1.05977
1.05837
1.03425
1.01262
1.00699
1.00858
1.01348
1.02761
1.06719
1.10319
1.12
1.12793
1.13363
1.13925
1.13736
1.11036
1.08176
1.07123
1.07107
1.07538
1.0957
1.13994
1.17326
1.18858
1.19589
1.20036
1.20085
1.18807
1.15008
1.1104
1.08515
1.09944
2.62157
11.4116
0.740118
0.735985
0.728015
0.727642
0.729659
0.732445
0.736001
0.746856
0.769663
0.782665
0.787985
0.791061
0.794147
0.795399
0.78525
0.776128
0.776049
0.778581
0.781558
0.784811
0.79347
0.818829
0.838322
0.846343
0.851343
0.855372
0.85741
0.845686
0.829921
0.826519
0.829204
0.833003
0.836617
0.843081
0.867837
0.894142
0.905322
0.91168
0.917096
0.921539
0.918582
0.898609
0.884623
0.883227
0.886589
0.890971
0.895959
0.914066
0.948249
0.967763
0.97712
0.984427
0.989981
0.993441
0.982918
0.958146
0.94482
0.944219
0.948576
0.954465
0.967592
1.00345
1.03256
1.04573
1.05508
1.06272
1.06841
1.06652
1.04215
1.01776
1.00987
1.01094
1.01519
1.02751
1.06698
1.10353
1.12033
1.13073
1.13997
1.14621
1.14461
1.11769
1.08605
1.07201
1.07096
1.07509
1.09245
1.13614
1.17088
1.18665
1.19406
1.19852
1.19907
1.18793
1.15198
1.10163
1.07866
2.53913
11.4248
0.744497
0.746319
0.735983
0.731098
0.732271
0.734984
0.737924
0.742102
0.756893
0.779564
0.790294
0.795242
0.798487
0.801626
0.800016
0.786947
0.780139
0.780597
0.782957
0.786205
0.79023
0.80152
0.82827
0.845936
0.853026
0.85745
0.861209
0.863143
0.851358
0.836884
0.833883
0.834997
0.837353
0.84123
0.849371
0.876644
0.902976
0.914027
0.919175
0.922588
0.927127
0.925979
0.906953
0.893021
0.890743
0.891579
0.894468
0.899671
0.919833
0.956977
0.977765
0.985531
0.989497
0.993608
0.998508
0.991773
0.967625
0.953838
0.952117
0.953784
0.957975
0.970304
1.00808
1.04151
1.05595
1.06289
1.06795
1.07308
1.07278
1.04971
1.02377
1.01339
1.01398
1.01926
1.03156
1.06873
1.10932
1.12968
1.13817
1.14387
1.14912
1.14955
1.12635
1.09223
1.07439
1.07117
1.07428
1.08935
1.13179
1.16858
1.18563
1.19282
1.19637
1.1957
1.18636
1.14373
1.09091
2.43896
11.4534
0.747826
0.752505
0.747896
0.73788
0.735896
0.737669
0.740141
0.742975
0.748239
0.766952
0.789059
0.798505
0.802948
0.805951
0.808744
0.803407
0.788943
0.783962
0.785661
0.78887
0.792052
0.795719
0.808572
0.836396
0.852881
0.859812
0.864774
0.86917
0.87039
0.856027
0.840175
0.837082
0.839813
0.843672
0.847498
0.855092
0.882232
0.907839
0.918732
0.925572
0.931208
0.935752
0.93337
0.91306
0.896505
0.893571
0.896726
0.901373
0.906627
0.925058
0.959783
0.979395
0.988442
0.995828
1.00167
1.00611
0.999908
0.975597
0.958491
0.955508
0.959232
0.964867
0.975945
1.01022
1.04268
1.05696
1.06478
1.0716
1.07856
1.08157
1.06232
1.03398
1.02164
1.02074
1.02403
1.03273
1.06631
1.10734
1.12844
1.1392
1.14826
1.15506
1.15632
1.13397
1.09722
1.07621
1.07136
1.07341
1.08616
1.12718
1.16513
1.18274
1.18997
1.19275
1.19255
1.17613
1.13816
2.37134
11.4965
0.751294
0.756394
0.757639
0.749256
0.740713
0.740238
0.742617
0.745615
0.748746
0.755382
0.776824
0.797108
0.805545
0.810172
0.813515
0.815743
0.807271
0.793553
0.790065
0.79117
0.793318
0.796639
0.80126
0.816997
0.84505
0.86048
0.8669
0.87077
0.874247
0.87613
0.862957
0.847935
0.844728
0.845552
0.847653
0.851568
0.86047
0.88966
0.916605
0.92775
0.932831
0.936058
0.940615
0.940847
0.922499
0.905852
0.902216
0.902673
0.904923
0.909859
0.929125
0.966743
0.989077
0.997573
1.00216
1.00641
1.01173
1.00934
0.9864
0.968127
0.96374
0.963866
0.966667
0.976043
1.01044
1.04699
1.06509
1.0749
1.08287
1.08883
1.09095
1.07157
1.0398
1.02382
1.02175
1.0253
1.03192
1.06177
1.10879
1.1365
1.14729
1.15343
1.15828
1.15908
1.14085
1.10323
1.07787
1.07088
1.07205
1.08179
1.12137
1.16105
1.1795
1.18594
1.18911
1.18374
1.18102
2.36244
11.5445
0.753917
0.759946
0.762636
0.762332
0.751272
0.744998
0.745848
0.748387
0.751182
0.754186
0.761687
0.785114
0.804768
0.812997
0.817719
0.821213
0.822868
0.811601
0.796658
0.793406
0.795897
0.799452
0.802844
0.806997
0.82359
0.851816
0.866285
0.87277
0.878016
0.882575
0.883565
0.868655
0.851628
0.847536
0.850025
0.854008
0.858084
0.865893
0.893718
0.919975
0.931268
0.93837
0.944221
0.948904
0.948679
0.930505
0.910763
0.904864
0.907032
0.911668
0.917293
0.934308
0.969111
0.990755
1.00072
1.00864
1.01507
1.02009
1.01776
0.995072
0.972725
0.965285
0.967187
0.972254
0.981599
1.01308
1.05254
1.07331
1.08188
1.08681
1.09132
1.09482
1.07901
1.04723
1.02889
1.02528
1.02878
1.03589
1.06181
1.10672
1.13517
1.14734
1.15474
1.16039
1.16223
1.147
1.1086
1.07917
1.06937
1.06952
1.07786
1.11557
1.15538
1.17411
1.182
1.1793
1.20322
2.40004
11.5959
0.755056
0.764607
0.767335
0.770342
0.766492
0.753949
0.749518
0.750524
0.752717
0.75563
0.759331
0.768457
0.793008
0.811614
0.819174
0.823731
0.827288
0.828642
0.817308
0.803681
0.800856
0.801944
0.803956
0.807297
0.812433
0.83133
0.859813
0.874159
0.880178
0.883573
0.887175
0.889507
0.876948
0.86028
0.855856
0.856308
0.857912
0.861605
0.870098
0.899408
0.928106
0.940302
0.945635
0.94893
0.953543
0.956156
0.941505
0.921105
0.914381
0.91411
0.91538
0.919654
0.9351
0.971838
0.998725
1.00983
1.01526
1.01948
1.025
1.02621
1.00622
0.981936
0.973642
0.973681
0.976323
0.982802
1.01099
1.05098
1.07222
1.08216
1.09005
1.09691
1.10166
1.08984
1.05845
1.03698
1.03127
1.03168
1.03538
1.05567
1.10244
1.13632
1.15062
1.15718
1.16176
1.1643
1.15325
1.11546
1.08136
1.06824
1.06692
1.07261
1.10814
1.14817
1.16928
1.17215
1.20841
2.47148
11.6508
0.7519
0.768563
0.772276
0.775233
0.777329
0.769669
0.756692
0.753638
0.75553
0.75844
0.761183
0.764313
0.773942
0.799972
0.818266
0.825754
0.830492
0.834538
0.835905
0.82327
0.807666
0.804052
0.806471
0.810028
0.8135
0.817985
0.836511
0.864807
0.878611
0.885272
0.890827
0.89545
0.897318
0.884375
0.865325
0.858485
0.860025
0.863848
0.868135
0.87532
0.901995
0.930069
0.942843
0.950755
0.957323
0.96231
0.964452
0.950274
0.926887
0.916027
0.915885
0.919532
0.924705
0.938408
0.972904
0.999566
1.01192
1.02119
1.02839
1.03362
1.03437
1.01483
0.987791
0.975684
0.974688
0.977944
0.983822
1.0085
1.05297
1.08076
1.09278
1.09954
1.10551
1.10932
1.09935
1.06705
1.04032
1.03128
1.03262
1.03786
1.05546
1.09934
1.13536
1.15147
1.15903
1.16418
1.16692
1.15828
1.12065
1.08179
1.06483
1.06221
1.06727
1.1014
1.14192
1.15787
1.20383
2.55427
11.7033
0.741564
0.768098
0.77564
0.779787
0.782873
0.784093
0.773563
0.76168
0.759391
0.760302
0.762139
0.76526
0.769402
0.781394
0.807846
0.825097
0.832099
0.836168
0.839412
0.841208
0.830486
0.81568
0.811903
0.812549
0.814172
0.817439
0.822717
0.842805
0.872101
0.886813
0.892868
0.896282
0.900045
0.903459
0.893992
0.874868
0.867365
0.866953
0.8678
0.87099
0.878125
0.905421
0.937502
0.952516
0.958799
0.962346
0.966389
0.970391
0.960629
0.936331
0.924031
0.922604
0.924617
0.928781
0.940174
0.975111
1.00785
1.02235
1.02864
1.03227
1.03718
1.04076
1.02633
0.997184
0.981678
0.979647
0.983232
0.98976
1.01031
1.0525
1.08317
1.09669
1.10304
1.10726
1.11199
1.10927
1.07972
1.04959
1.03815
1.03632
1.03822
1.05048
1.09367
1.13478
1.15352
1.16046
1.164
1.1658
1.16005
1.12616
1.08371
1.06238
1.0578
1.06168
1.09647
1.12902
1.18548
2.63557
11.7448
0.730712
0.757277
0.775331
0.782846
0.787225
0.790448
0.790639
0.777411
0.764198
0.76224
0.764753
0.768052
0.771276
0.774991
0.787067
0.813882
0.830643
0.837568
0.842526
0.846923
0.848954
0.837147
0.819892
0.814561
0.816434
0.81993
0.823584
0.828069
0.8465
0.87545
0.890177
0.897522
0.903651
0.908409
0.911515
0.902598
0.881491
0.870126
0.869582
0.872859
0.877233
0.883615
0.907534
0.938938
0.954488
0.962769
0.969762
0.97508
0.978815
0.969812
0.944867
0.929664
0.927332
0.930403
0.934932
0.944442
0.974934
1.0073
1.02283
1.03215
1.0402
1.04599
1.04933
1.03598
1.00656
0.990127
0.98738
0.987954
0.990971
1.00562
1.04636
1.08057
1.09612
1.10633
1.1146
1.11952
1.11635
1.08666
1.05232
1.03682
1.03489
1.03831
1.04983
1.08977
1.13117
1.15011
1.15769
1.16286
1.1662
1.16267
1.13172
1.08611
1.05947
1.05218
1.0565
1.08503
1.15328
2.69706
11.7727
0.729069
0.740214
0.764608
0.781764
0.788784
0.792899
0.796039
0.795303
0.781953
0.770727
0.76943
0.770932
0.77283
0.775795
0.780019
0.793597
0.820966
0.837762
0.84458
0.848277
0.851137
0.853994
0.845077
0.828409
0.822752
0.822932
0.824099
0.827037
0.831955
0.851146
0.882231
0.898936
0.905583
0.909253
0.912764
0.916978
0.912299
0.89174
0.879213
0.877143
0.877587
0.880061
0.885706
0.909071
0.944704
0.963949
0.971704
0.976129
0.979678
0.984137
0.979221
0.955086
0.937554
0.933456
0.934411
0.937179
0.944197
0.97313
1.01224
1.03263
1.04091
1.04553
1.04993
1.05451
1.04707
1.01774
0.994263
0.986933
0.988521
0.993135
1.00558
1.04487
1.08586
1.10475
1.11217
1.11608
1.11978
1.11985
1.09593
1.06091
1.04271
1.03849
1.03979
1.04652
1.08248
1.12826
1.15166
1.15995
1.16324
1.16508
1.16251
1.13672
1.09009
1.05644
1.04575
1.04372
1.11115
2.72
11.7868
0.732066
0.736807
0.745618
0.770098
0.787155
0.794159
0.798382
0.801692
0.801904
0.789078
0.775932
0.773174
0.775499
0.778803
0.781953
0.785488
0.798234
0.825727
0.842235
0.849184
0.854482
0.859
0.861805
0.852769
0.833902
0.825411
0.826087
0.829376
0.833329
0.837772
0.85443
0.884453
0.901321
0.90945
0.916068
0.921066
0.925008
0.920974
0.899902
0.883029
0.879223
0.881791
0.886089
0.891875
0.911187
0.945295
0.965511
0.974827
0.981766
0.98759
0.992018
0.988538
0.965484
0.943979
0.936878
0.938639
0.943053
0.949848
0.973182
1.01057
1.03237
1.0431
1.05158
1.05805
1.06266
1.05706
1.02857
1.00312
0.994857
0.995455
0.998814
1.00731
1.04102
1.0813
1.10103
1.11091
1.11957
1.1255
1.12694
1.10604
1.06764
1.04388
1.03742
1.03899
1.04559
1.07847
1.12403
1.1483
1.15717
1.16153
1.16377
1.16152
1.14018
1.09402
1.05589
1.03191
1.06344
2.68853
11.7898
0.734945
0.738382
0.740907
0.749861
0.773769
0.791403
0.799007
0.803551
0.807247
0.808916
0.79809
0.784518
0.781135
0.781679
0.783013
0.785855
0.79002
0.803797
0.832007
0.849537
0.856563
0.860297
0.863247
0.866861
0.861599
0.84348
0.834268
0.833518
0.834318
0.836688
0.841
0.857234
0.889709
0.909926
0.91784
0.921883
0.92496
0.92938
0.929312
0.911023
0.892786
0.887826
0.887969
0.889535
0.893893
0.910756
0.94752
0.973011
0.983635
0.988958
0.992703
0.997117
0.99765
0.978556
0.955112
0.946252
0.944881
0.945467
0.949725
0.968994
1.01077
1.04039
1.05235
1.05791
1.06204
1.067
1.06679
1.04276
1.01268
0.99931
0.997079
0.99901
1.00472
1.03463
1.08222
1.10987
1.11996
1.12502
1.12896
1.13009
1.11362
1.07622
1.04941
1.04066
1.04013
1.0433
1.07095
1.11832
1.14607
1.1561
1.15989
1.16157
1.15952
1.14145
1.09764
1.04639
1.03865
2.60182
11.7927
0.73826
0.740048
0.740824
0.743387
0.752118
0.777753
0.797303
0.805668
0.810989
0.815141
0.816659
0.805327
0.788905
0.783744
0.785417
0.788561
0.791797
0.795283
0.807318
0.835242
0.85299
0.860687
0.866587
0.871213
0.874776
0.870091
0.850964
0.837897
0.836038
0.838744
0.842673
0.847075
0.860294
0.890747
0.911192
0.920423
0.927434
0.932952
0.93732
0.937721
0.920824
0.898963
0.890341
0.891207
0.895143
0.900218
0.913051
0.946217
0.973541
0.986145
0.994045
1.00069
1.00559
1.00676
0.989722
0.96247
0.947989
0.946267
0.949869
0.955349
0.970041
1.00746
1.03851
1.0529
1.06242
1.07028
1.07538
1.07518
1.05236
1.01935
1.00207
0.999393
1.0032
1.00975
1.03384
1.07933
1.10838
1.1198
1.12593
1.13097
1.13437
1.12302
1.08523
1.05201
1.03883
1.03753
1.04076
1.06517
1.11287
1.14268
1.15346
1.15716
1.15854
1.15599
1.14114
1.09054
1.04768
2.48962
11.8153
0.742247
0.738335
0.739525
0.742431
0.746704
0.759224
0.787079
0.805966
0.813063
0.816918
0.819708
0.821564
0.813063
0.797507
0.791808
0.791694
0.792494
0.795039
0.799046
0.811886
0.841162
0.860961
0.868659
0.872656
0.875407
0.879327
0.878559
0.861677
0.847315
0.844216
0.844567
0.845983
0.849709
0.861609
0.893495
0.91877
0.929126
0.93394
0.937083
0.941557
0.944804
0.932821
0.90986
0.899736
0.89846
0.899061
0.902217
0.912113
0.94478
0.978442
0.99433
1.00102
1.00465
1.00843
1.01225
1.00207
0.974619
0.957969
0.954053
0.953843
0.956489
0.966495
1.00325
1.04312
1.06176
1.06898
1.07241
1.07624
1.07975
1.06513
1.03241
1.01259
1.00696
1.00584
1.00828
1.02598
1.07214
1.10835
1.12362
1.13018
1.1344
1.13689
1.12762
1.09151
1.05543
1.03999
1.03701
1.03889
1.0595
1.10629
1.13797
1.14956
1.15364
1.15469
1.15333
1.13147
1.09598
2.40833
11.8574
0.745922
0.73868
0.740951
0.744111
0.748137
0.754038
0.768756
0.795217
0.811062
0.817401
0.82205
0.826311
0.829016
0.820923
0.802379
0.793938
0.794528
0.797496
0.801269
0.80511
0.815929
0.843627
0.863351
0.871893
0.878127
0.883225
0.88727
0.886971
0.870774
0.852448
0.846347
0.847809
0.851384
0.855701
0.865041
0.893399
0.918869
0.930631
0.938665
0.945294
0.950015
0.952984
0.942692
0.917806
0.902843
0.900645
0.903755
0.908354
0.91634
0.943397
0.977271
0.994491
1.00319
1.01077
1.01628
1.01986
1.01223
0.984404
0.962088
0.955514
0.957534
0.962324
0.970225
0.998753
1.03744
1.05786
1.06831
1.07781
1.08438
1.08761
1.07506
1.0396
1.01267
1.00421
1.00507
1.0093
1.02392
1.0675
1.10773
1.12498
1.13122
1.13476
1.13664
1.13132
1.10029
1.06064
1.04039
1.03571
1.0366
1.05296
1.09871
1.13298
1.14623
1.15004
1.15183
1.14407
1.14502
2.39148
11.9065
0.757463
0.744525
0.745246
0.748498
0.752977
0.757629
0.762784
0.775513
0.800596
0.817109
0.82401
0.827592
0.829236
0.831391
0.827292
0.811306
0.802616
0.802103
0.803197
0.80522
0.808742
0.818952
0.847422
0.870474
0.880059
0.884563
0.887215
0.891009
0.893483
0.881777
0.862527
0.855154
0.854602
0.855235
0.858136
0.865824
0.89379
0.925395
0.940311
0.946511
0.949908
0.953632
0.958043
0.953253
0.929747
0.912976
0.909142
0.90916
0.911014
0.916374
0.939966
0.979167
1.00226
1.01115
1.0154
1.0188
1.02358
1.02208
0.998197
0.973754
0.964895
0.962412
0.962413
0.967292
0.991439
1.03693
1.06654
1.07786
1.08292
1.08581
1.0889
1.08252
1.05086
1.02216
1.0116
1.01024
1.01238
1.02169
1.06084
1.10308
1.12247
1.13012
1.13556
1.13911
1.13656
1.10823
1.06507
1.04023
1.03334
1.03345
1.04666
1.0911
1.12724
1.14153
1.14713
1.14207
1.17256
2.42682
11.9572
0.770878
0.764776
0.75722
0.756996
0.760087
0.764105
0.766826
0.769629
0.778183
0.801657
0.819009
0.826185
0.831018
0.835462
0.839133
0.836203
0.819461
0.807044
0.804947
0.807453
0.81106
0.814668
0.822275
0.84805
0.871592
0.882031
0.888741
0.894454
0.898813
0.901446
0.891627
0.870071
0.858019
0.856932
0.859935
0.864226
0.871104
0.894348
0.924933
0.940685
0.949197
0.956688
0.962106
0.966171
0.962791
0.939799
0.918178
0.910944
0.912278
0.916362
0.922087
0.939978
0.975858
0.999911
1.01115
1.02023
1.02742
1.03218
1.0314
1.00896
0.979183
0.96495
0.963674
0.967674
0.973552
0.991496
1.03308
1.06341
1.07572
1.08373
1.09106
1.09567
1.09227
1.06278
1.02888
1.01302
1.01002
1.01224
1.01847
1.05269
1.1007
1.12558
1.13363
1.13696
1.13863
1.13752
1.11552
1.07051
1.04027
1.03072
1.02991
1.04059
1.08359
1.12048
1.13754
1.13675
1.18093
2.4991
12.0114
0.780399
0.787702
0.783826
0.773842
0.769847
0.768836
0.767873
0.768284
0.770501
0.777627
0.800949
0.821941
0.831534
0.836423
0.840243
0.844595
0.845296
0.831241
0.817003
0.813388
0.813302
0.814164
0.817196
0.824262
0.84949
0.877259
0.890251
0.895762
0.898912
0.902539
0.906605
0.902215
0.881561
0.867873
0.865292
0.865711
0.867589
0.872401
0.89236
0.927414
0.949214
0.958004
0.962344
0.965304
0.969717
0.971065
0.953429
0.92993
0.92065
0.919336
0.91978
0.92304
0.93611
0.973288
1.00631
1.02083
1.02694
1.03023
1.03481
1.03816
1.02311
0.99286
0.976809
0.972743
0.971479
0.973556
0.985477
1.02642
1.06677
1.08479
1.09155
1.09618
1.09971
1.09763
1.07188
1.03591
1.0164
1.012
1.01431
1.02073
1.04994
1.09669
1.12248
1.13138
1.13598
1.13932
1.13979
1.12097
1.07494
1.04018
1.02789
1.0261
1.03577
1.0765
1.11378
1.12456
1.17886
2.58589
12.0642
0.791119
0.804596
0.807519
0.800906
0.783605
0.771023
0.767081
0.766882
0.767796
0.769856
0.77659
0.800377
0.823956
0.835637
0.843882
0.849843
0.854033
0.854719
0.840484
0.82188
0.815093
0.816087
0.819094
0.822651
0.82823
0.849464
0.877276
0.891316
0.899076
0.905816
0.910588
0.914368
0.91138
0.89141
0.873068
0.867554
0.869276
0.873172
0.878327
0.892825
0.924791
0.947745
0.95859
0.967019
0.973832
0.978504
0.980195
0.965506
0.938746
0.923505
0.921067
0.924145
0.928844
0.938476
0.969224
1.00246
1.01897
1.02943
1.03878
1.04446
1.04743
1.03433
1.00084
0.976992
0.97045
0.972267
0.976751
0.987494
1.02387
1.0651
1.08419
1.0916
1.09624
1.10031
1.10271
1.08556
1.04816
1.02415
1.01715
1.01576
1.01763
1.04024
1.08979
1.12226
1.13349
1.13678
1.13829
1.1385
1.12536
1.08192
1.04185
1.02557
1.02226
1.02984
1.06995
1.09844
1.16349
2.67253
12.1049
0.798703
0.814137
0.816537
0.816809
0.806512
0.782025
0.768282
0.764493
0.764951
0.767396
0.771556
0.780398
0.80698
0.834632
0.84663
0.851867
0.85548
0.85825
0.860035
0.84996
0.831284
0.823248
0.822471
0.82305
0.825408
0.830269
0.849814
0.881848
0.900248
0.907474
0.911333
0.914103
0.918337
0.919546
0.904086
0.884048
0.876838
0.876052
0.876446
0.879562
0.890246
0.922609
0.953882
0.968305
0.974444
0.977645
0.98146
0.985596
0.978567
0.952722
0.934617
0.929644
0.928609
0.930221
0.936357
0.963852
1.00587
1.02993
1.03931
1.04383
1.04639
1.04928
1.04235
1.01211
0.987315
0.97952
0.979016
0.980424
0.985491
1.01484
1.05921
1.08351
1.09419
1.10237
1.10745
1.10928
1.09371
1.05369
1.02349
1.0133
1.01323
1.01643
1.03645
1.08458
1.11805
1.12968
1.13451
1.13823
1.1394
1.12941
1.08817
1.04304
1.02164
1.01665
1.02497
1.05673
1.13377
2.74045
12.1295
0.800399
0.816283
0.817659
0.815594
0.809626
0.799401
0.778092
0.766833
0.766585
0.769482
0.773883
0.77974
0.789433
0.816181
0.841132
0.851622
0.856437
0.860783
0.864738
0.86692
0.858565
0.837933
0.825958
0.824691
0.827365
0.831512
0.837003
0.852453
0.881784
0.900466
0.909178
0.916226
0.922099
0.926369
0.928079
0.914945
0.891476
0.8791
0.877968
0.88112
0.885669
0.893647
0.919693
0.951111
0.967221
0.97634
0.984699
0.990349
0.994271
0.989574
0.964098
0.939779
0.930876
0.931751
0.936143
0.942258
0.961945
1.00105
1.02668
1.03774
1.04471
1.05125
1.05597
1.05368
1.02808
0.99691
0.981085
0.978408
0.981057
0.98642
1.0111
1.0579
1.08888
1.09995
1.10401
1.1062
1.10902
1.10018
1.06307
1.03022
1.01766
1.01542
1.01665
1.03048
1.07733
1.11693
1.13205
1.13566
1.13688
1.13697
1.12966
1.09403
1.04614
1.01799
1.01076
1.01246
1.0937
2.77196
12.1416
0.787464
0.804401
0.804957
0.802385
0.798936
0.797083
0.794168
0.783314
0.776814
0.777811
0.78176
0.786574
0.791625
0.798703
0.820343
0.844992
0.856761
0.861973
0.864022
0.865198
0.868336
0.866188
0.849153
0.836182
0.833856
0.834922
0.83654
0.840024
0.85147
0.881497
0.906585
0.91779
0.922968
0.925741
0.929113
0.932819
0.92612
0.903486
0.889423
0.88652
0.886424
0.888015
0.893029
0.914715
0.952392
0.976033
0.985437
0.989973
0.99292
0.997218
0.998244
0.978727
0.952507
0.941563
0.938932
0.937908
0.941049
0.95545
0.995774
1.03106
1.04726
1.05422
1.05917
1.06362
1.06314
1.04023
1.00603
0.987925
0.984465
0.986185
0.989543
1.00732
1.05143
1.08297
1.09569
1.10421
1.11075
1.11376
1.10694
1.07211
1.03508
1.01813
1.01478
1.01617
1.02841
1.07162
1.11121
1.12659
1.13131
1.13373
1.13479
1.12976
1.09954
1.05056
1.01734
0.996302
1.04565
2.74662
12.139
0.765816
0.771461
0.78363
0.791861
0.796224
0.799374
0.803524
0.806601
0.802416
0.794647
0.79237
0.794442
0.798135
0.801076
0.804046
0.816806
0.839884
0.853908
0.86089
0.866882
0.872229
0.8763
0.875849
0.860829
0.843849
0.837548
0.838691
0.842218
0.846346
0.853928
0.8787
0.904831
0.917592
0.925182
0.93222
0.937355
0.941121
0.936893
0.914522
0.8948
0.888308
0.889628
0.893495
0.898751
0.913902
0.948169
0.973143
0.984834
0.993666
1.00106
1.00579
1.00706
0.990011
0.959322
0.941761
0.938582
0.941235
0.946149
0.957312
0.992123
1.03107
1.05033
1.05799
1.06149
1.06439
1.06736
1.05369
1.01883
0.994664
0.986762
0.986673
0.98941
1.00168
1.04572
1.0872
1.10421
1.10973
1.11301
1.11523
1.1112
1.08189
1.04253
1.02148
1.01606
1.01548
1.02152
1.0608
1.10535
1.12459
1.13041
1.13247
1.13308
1.12912
1.10354
1.05531
1.00715
1.01671
2.66285
12.1337
0.74498
0.743291
0.75552
0.776886
0.793173
0.804063
0.814812
0.824385
0.829564
0.825883
0.813822
0.806219
0.80298
0.799319
0.796983
0.798785
0.808858
0.834887
0.856985
0.867526
0.872746
0.877129
0.882508
0.885754
0.876075
0.856967
0.848126
0.846349
0.845661
0.847618
0.853092
0.874682
0.906297
0.925068
0.933148
0.937422
0.941112
0.945874
0.946909
0.929379
0.907062
0.898465
0.896748
0.896311
0.898997
0.909652
0.943638
0.97813
0.994462
1.00099
1.00403
1.00728
1.01097
1.00164
0.972529
0.953436
0.948449
0.948181
0.949536
0.955028
0.983077
1.02484
1.04744
1.05709
1.06537
1.07104
1.07377
1.06278
1.02863
1.00014
0.989483
0.989352
0.992913
1.00297
1.04036
1.08191
1.10068
1.10835
1.11297
1.11615
1.11442
1.08994
1.04715
1.02044
1.01251
1.01248
1.01894
1.05528
1.10081
1.1223
1.12867
1.13029
1.13034
1.12599
1.10497
1.04834
1.01855
2.54747
12.1498
0.730695
0.727507
0.732947
0.749578
0.781525
0.809697
0.829683
0.841705
0.847595
0.850506
0.843651
0.823689
0.805
0.795237
0.791912
0.792675
0.795605
0.804899
0.831761
0.856768
0.869924
0.880715
0.888734
0.893594
0.896267
0.887528
0.864709
0.849859
0.847074
0.84914
0.852536
0.85671
0.871275
0.901759
0.923205
0.934456
0.944013
0.950885
0.955251
0.956471
0.941307
0.915017
0.900186
0.897698
0.900428
0.904856
0.912541
0.938826
0.973391
0.991731
1.00121
1.00998
1.01603
1.01985
1.01333
0.985153
0.959053
0.948392
0.947704
0.950551
0.955145
0.977385
1.02261
1.0535
1.06467
1.06915
1.07164
1.07494
1.07112
1.04191
1.00991
0.996278
0.992723
0.992061
0.997174
1.02993
1.07746
1.1023
1.11045
1.11401
1.11705
1.11726
1.09782
1.05555
1.02536
1.01474
1.01262
1.01541
1.04782
1.09468
1.11789
1.12463
1.12676
1.12682
1.12356
1.09439
1.06104
2.45435
12.1877
0.726122
0.723623
0.730033
0.738221
0.761804
0.80768
0.838808
0.849359
0.854358
0.856521
0.85628
0.848186
0.821489
0.796772
0.790325
0.791437
0.794454
0.79934
0.808655
0.836466
0.868991
0.884077
0.890707
0.894848
0.89762
0.899251
0.894427
0.874899
0.858818
0.853868
0.85289
0.853654
0.857131
0.868512
0.901606
0.932301
0.945895
0.95174
0.954478
0.957462
0.961048
0.953697
0.928727
0.911392
0.906586
0.905367
0.906207
0.910816
0.931918
0.972716
1.00022
1.0113
1.0168
1.02045
1.024
1.02202
0.997688
0.968459
0.95504
0.953058
0.955548
0.959534
0.975665
1.01625
1.04802
1.06165
1.07043
1.07732
1.0811
1.07831
1.05053
1.01354
0.994467
0.990776
0.992851
0.998542
1.02614
1.07434
1.10303
1.11284
1.1164
1.11944
1.12013
1.1049
1.0623
1.02614
1.01177
1.00943
1.01167
1.03938
1.08775
1.1137
1.12153
1.12323
1.12392
1.11332
1.11373
2.42223
12.2345
0.730112
0.727935
0.735335
0.752448
0.77686
0.806579
0.834903
0.849382
0.854684
0.854649
0.848049
0.838851
0.828884
0.812234
0.797692
0.795446
0.798267
0.804019
0.812676
0.824009
0.847462
0.874513
0.888228
0.894257
0.898044
0.902007
0.905394
0.902838
0.88378
0.862801
0.854963
0.855707
0.859688
0.865722
0.874323
0.899894
0.929603
0.944685
0.952885
0.960341
0.965628
0.969258
0.964646
0.94015
0.916477
0.907423
0.907793
0.911688
0.916962
0.930894
0.967019
0.997352
1.01076
1.01764
1.02276
1.02734
1.0285
1.01267
0.98144
0.962315
0.957369
0.957585
0.95995
0.970198
1.00894
1.05064
1.06933
1.07549
1.07786
1.08103
1.08257
1.06271
1.02516
1.00385
0.997635
0.996973
0.999171
1.01951
1.06737
1.10024
1.11245
1.11659
1.11842
1.11848
1.10844
1.06894
1.02848
1.01073
1.0068
1.00841
1.03371
1.08115
1.10864
1.11745
1.12053
1.11365
1.14715
2.44862
12.2827
0.745531
0.747497
0.761649
0.778577
0.790038
0.798467
0.811345
0.826715
0.834087
0.833904
0.831012
0.828171
0.828272
0.829726
0.82481
0.816424
0.814429
0.817461
0.821859
0.825871
0.830134
0.845082
0.871535
0.888683
0.896389
0.899889
0.900229
0.903339
0.906314
0.897072
0.877334
0.868071
0.866932
0.866901
0.868343
0.873314
0.89414
0.929774
0.952201
0.961125
0.965173
0.967041
0.970749
0.972179
0.955087
0.929631
0.918426
0.916017
0.914982
0.916957
0.926144
0.959994
0.997667
1.01646
1.02468
1.03027
1.03502
1.03722
1.02502
0.992092
0.967265
0.95926
0.960707
0.96494
0.972944
1.00392
1.04452
1.06468
1.0745
1.08324
1.08818
1.08957
1.07253
1.03338
1.00551
0.995887
0.995206
0.99694
1.01164
1.05882
1.09624
1.10925
1.11397
1.11728
1.11874
1.11267
1.07664
1.03248
1.01085
1.00556
1.00518
1.0263
1.07339
1.10232
1.11401
1.1101
1.16011
2.51487
12.3327
0.773962
0.786119
0.79457
0.799518
0.801713
0.799307
0.79179
0.788471
0.795154
0.808853
0.819942
0.826733
0.833134
0.840775
0.848446
0.851246
0.844692
0.83519
0.83038
0.829865
0.830546
0.831255
0.836923
0.857647
0.879056
0.890312
0.898572
0.90807
0.91492
0.918296
0.91197
0.89034
0.873239
0.867958
0.869754
0.873762
0.878372
0.891771
0.92405
0.948003
0.95875
0.966832
0.974746
0.979836
0.982169
0.968106
0.939131
0.920983
0.916493
0.918487
0.922867
0.930099
0.955905
0.996073
1.02021
1.02948
1.03307
1.03564
1.03961
1.03582
1.00683
0.978615
0.968404
0.966022
0.966026
0.970275
0.996659
1.04448
1.0725
1.0821
1.08627
1.08887
1.0903
1.07837
1.04147
1.0097
0.996586
0.99469
0.997048
1.00975
1.05391
1.0953
1.1118
1.11636
1.11843
1.11981
1.11574
1.08292
1.03517
1.00869
1.00145
1.00102
1.0209
1.06628
1.09693
1.10208
1.1616
2.59872
12.3818
0.811274
0.829423
0.827998
0.821525
0.809931
0.789206
0.767995
0.759861
0.761808
0.774636
0.799358
0.821736
0.83844
0.855241
0.869372
0.87742
0.878837
0.866636
0.847744
0.835452
0.82639
0.820082
0.820092
0.825084
0.845083
0.876896
0.899079
0.910365
0.917809
0.923963
0.928698
0.927007
0.90553
0.884687
0.878146
0.87654
0.87481
0.876682
0.885351
0.915669
0.950153
0.96828
0.975527
0.97963
0.983126
0.987107
0.981302
0.954893
0.933603
0.926811
0.925744
0.926117
0.929499
0.947722
0.987784
1.01533
1.02722
1.03637
1.04314
1.04709
1.04388
1.01702
0.984334
0.96885
0.966779
0.969905
0.974869
0.994211
1.03785
1.06723
1.07864
1.08458
1.08918
1.09244
1.08642
1.05411
1.01769
1.00171
0.99841
0.998885
1.00649
1.04716
1.09167
1.11065
1.11579
1.11719
1.11735
1.11488
1.08904
1.03982
1.00844
0.998615
0.997225
1.01576
1.06041
1.08168
1.15169
2.68646
12.4237
0.844606
0.862556
0.858941
0.842931
0.809668
0.773529
0.753458
0.74812
0.749298
0.753974
0.768462
0.803061
0.84306
0.871112
0.886355
0.892958
0.895895
0.892504
0.873368
0.841509
0.823139
0.816914
0.816947
0.819433
0.824698
0.842467
0.878666
0.904961
0.919322
0.93002
0.936301
0.939821
0.937578
0.916379
0.889699
0.875851
0.873599
0.875934
0.879564
0.886455
0.912473
0.948582
0.967934
0.977255
0.986036
0.992632
0.996603
0.993119
0.967195
0.938761
0.925621
0.923747
0.925937
0.929403
0.942407
0.98405
1.02141
1.03638
1.04189
1.04448
1.04788
1.04918
1.02984
0.996702
0.978795
0.973101
0.970551
0.972045
0.986727
1.03172
1.06944
1.08513
1.09158
1.09589
1.09817
1.09411
1.06275
1.0221
1.0019
0.997223
0.998084
1.00317
1.03926
1.08567
1.10607
1.1118
1.11534
1.11733
1.11618
1.09459
1.04471
1.00774
0.994753
0.992507
1.01175
1.04563
1.1271
2.76268
12.4495
0.857341
0.874657
0.870594
0.853481
0.814104
0.773214
0.752665
0.747978
0.749187
0.7532
0.762614
0.785759
0.835876
0.877548
0.891368
0.896538
0.897191
0.891332
0.880751
0.863464
0.834152
0.81903
0.817033
0.819643
0.824478
0.832699
0.850252
0.889953
0.920964
0.932947
0.937986
0.940756
0.941982
0.940889
0.924088
0.895752
0.881607
0.879486
0.881855
0.885368
0.88987
0.908368
0.946908
0.975403
0.987397
0.993028
0.995826
0.997804
0.998039
0.979697
0.948417
0.931428
0.928164
0.930498
0.934797
0.94493
0.978966
1.01534
1.03229
1.04176
1.05003
1.05493
1.0562
1.03969
1.00334
0.978269
0.971021
0.972338
0.97663
0.987926
1.0268
1.06842
1.08744
1.09322
1.09482
1.09636
1.09538
1.06954
1.02801
1.00398
0.996619
0.996573
1.00036
1.03074
1.08069
1.10703
1.11439
1.11584
1.11594
1.11484
1.09805
1.05013
1.00772
0.989953
0.987829
1.00007
1.09089
2.80847
12.4622
0.855007
0.870268
0.853265
0.820921
0.798505
0.783266
0.766806
0.758131
0.758144
0.765079
0.783904
0.809382
0.835411
0.86347
0.881618
0.8868
0.882379
0.873494
0.867499
0.86381
0.856296
0.838934
0.829451
0.830608
0.837153
0.846307
0.856332
0.868233
0.893566
0.918312
0.929528
0.93394
0.935527
0.936004
0.938085
0.932764
0.910612
0.892131
0.886167
0.88731
0.890987
0.895606
0.908591
0.941381
0.971828
0.986184
0.993071
0.998472
1.00304
1.00548
0.992801
0.962536
0.942382
0.936446
0.935288
0.936278
0.942265
0.971714
1.01645
1.04124
1.04983
1.05299
1.05458
1.05763
1.04973
1.01678
0.989795
0.980536
0.977933
0.977655
0.983098
1.01635
1.06094
1.08154
1.08944
1.09507
1.09845
1.09873
1.07852
1.03648
1.00749
0.997627
0.996828
0.99986
1.02663
1.07556
1.10266
1.11049
1.11288
1.11385
1.11298
1.09923
1.05562
1.00985
0.986611
0.972587
1.04643
2.80113
12.4604
0.82729
0.829955
0.812682
0.802763
0.798992
0.794497
0.787379
0.781184
0.78276
0.795929
0.814066
0.825977
0.831639
0.836082
0.842725
0.849403
0.854919
0.85931
0.862773
0.865251
0.868019
0.869944
0.866083
0.859479
0.856496
0.857122
0.858843
0.859672
0.862441
0.876392
0.902328
0.921005
0.930689
0.938024
0.944841
0.949238
0.947345
0.9273
0.905022
0.895648
0.894446
0.895337
0.897357
0.904158
0.932008
0.969751
0.990718
0.999371
1.00421
1.00837
1.01189
1.0053
0.975197
0.947681
0.937548
0.93801
0.942353
0.948848
0.970055
1.01078
1.03629
1.04677
1.05504
1.06156
1.06496
1.05917
1.0269
0.992437
0.977153
0.974703
0.976412
0.980871
1.00949
1.05966
1.08761
1.0964
1.09972
1.10254
1.10324
1.08736
1.04499
1.0113
0.99935
0.996888
0.996858
1.01743
1.06802
1.09945
1.10863
1.11063
1.11121
1.11072
1.09985
1.0608
1.01358
0.975055
1.00756
2.7384
12.4494
0.785697
0.772628
0.77907
0.789561
0.796839
0.800198
0.805627
0.81771
0.832973
0.841116
0.842463
0.84043
0.831918
0.814664
0.803633
0.805497
0.820067
0.841375
0.85707
0.867505
0.880124
0.894394
0.902828
0.900934
0.886656
0.87138
0.861181
0.853186
0.847207
0.847502
0.85712
0.886636
0.918877
0.936929
0.944897
0.950348
0.956018
0.959683
0.948766
0.922826
0.90419
0.897633
0.89851
0.901727
0.905553
0.922857
0.960933
0.988692
1.00088
1.0071
1.01148
1.01528
1.01474
0.991127
0.961801
0.949986
0.947038
0.945363
0.947314
0.961269
1.0037
1.0405
1.0555
1.06088
1.06358
1.06527
1.06271
1.03618
1.00072
0.982854
0.978692
0.97981
0.98403
1.00713
1.05495
1.08563
1.09691
1.10079
1.10243
1.10309
1.09132
1.04997
1.01192
0.996193
0.993564
0.995002
1.01444
1.06292
1.0955
1.1061
1.10862
1.10908
1.10805
1.0985
1.06494
1.00561
0.997353
2.6284
12.4545
0.746971
0.735267
0.744811
0.765757
0.787233
0.804848
0.833571
0.864267
0.877921
0.879027
0.870709
0.850718
0.820856
0.791648
0.77838
0.77764
0.783467
0.804176
0.837484
0.868653
0.895929
0.916957
0.926657
0.930948
0.925426
0.900599
0.870159
0.850003
0.840372
0.838544
0.840659
0.848873
0.878696
0.91743
0.939182
0.953368
0.965126
0.971354
0.973963
0.964233
0.935266
0.912102
0.903772
0.900525
0.899383
0.902389
0.916245
0.955932
0.990162
1.0045
1.01184
1.01978
1.02429
1.02451
1.00376
0.969304
0.948854
0.943996
0.945742
0.949506
0.960869
0.998647
1.03641
1.05216
1.05857
1.06365
1.06824
1.06983
1.05006
1.01221
0.989112
0.982374
0.980884
0.982019
0.998682
1.04667
1.08226
1.09399
1.0978
1.10065
1.10204
1.09476
1.05911
1.01841
1.00001
0.995066
0.994107
1.00761
1.05511
1.09059
1.10251
1.10534
1.10624
1.10481
1.09691
1.05507
1.0246
2.51887
12.4855
0.725549
0.713913
0.717925
0.730795
0.761677
0.813804
0.868454
0.898143
0.907123
0.909079
0.901144
0.872844
0.818639
0.782239
0.771922
0.772094
0.775728
0.783411
0.803272
0.853735
0.905908
0.92763
0.935608
0.939694
0.938654
0.928347
0.89635
0.856392
0.839756
0.837664
0.839828
0.844754
0.854383
0.882495
0.930625
0.958057
0.967822
0.972585
0.975748
0.977024
0.970291
0.942262
0.913102
0.901242
0.900338
0.903117
0.908169
0.919207
0.953222
0.992671
1.01289
1.02018
1.02405
1.02634
1.02727
1.01238
0.978178
0.956331
0.950556
0.950127
0.950889
0.956646
0.988805
1.03337
1.05742
1.06698
1.07207
1.07585
1.07653
1.05916
1.01876
0.989572
0.980159
0.980016
0.982746
0.996421
1.04144
1.08039
1.09478
1.09949
1.10316
1.10497
1.09964
1.06618
1.02109
0.997232
0.990843
0.990676
1.00241
1.0479
1.08584
1.09909
1.10221
1.10278
1.10216
1.08536
1.07787
2.45844
12.5284
0.721237
0.710497
0.715435
0.721609
0.740803
0.808048
0.880875
0.904447
0.911725
0.91262
0.895659
0.856221
0.817971
0.789727
0.776558
0.774995
0.777664
0.787075
0.811337
0.851257
0.898571
0.926616
0.936016
0.937652
0.928566
0.912982
0.898184
0.878342
0.855074
0.846195
0.847241
0.85351
0.864664
0.878835
0.901331
0.937225
0.959683
0.968229
0.971298
0.970382
0.968399
0.966538
0.950715
0.924595
0.911388
0.909355
0.911224
0.914122
0.91998
0.948393
0.989851
1.01108
1.01913
1.02368
1.02775
1.03075
1.02123
0.990161
0.962053
0.950174
0.949436
0.952326
0.958566
0.986095
1.03259
1.06045
1.06993
1.073
1.07425
1.07672
1.06708
1.0297
0.997972
0.986427
0.983947
0.984627
0.993803
1.03515
1.07782
1.09605
1.10115
1.10302
1.1031
1.09929
1.07146
1.02551
0.998283
0.989901
0.988463
0.997764
1.04105
1.08024
1.09511
1.09871
1.1002
1.09173
1.12016
2.4641
12.5724
0.72864
0.717384
0.721512
0.735476
0.773675
0.822654
0.865531
0.892643
0.900817
0.891393
0.864175
0.841589
0.825879
0.809441
0.795572
0.791266
0.796186
0.814058
0.837568
0.854643
0.871267
0.894128
0.908195
0.908681
0.903487
0.899641
0.898253
0.896916
0.890163
0.878011
0.871712
0.872836
0.877381
0.882152
0.886004
0.895877
0.921688
0.946341
0.95845
0.963889
0.968708
0.973441
0.976089
0.965732
0.939085
0.920761
0.914854
0.915695
0.919542
0.924092
0.942374
0.983081
1.01213
1.02419
1.02923
1.03264
1.0356
1.03067
1.00219
0.970948
0.958026
0.956624
0.9585
0.961372
0.980411
1.02501
1.05457
1.06568
1.07329
1.0789
1.08139
1.0735
1.03808
1.00214
0.986382
0.983151
0.98416
0.989854
1.02695
1.0733
1.09251
1.09772
1.10033
1.10196
1.10112
1.07924
1.03173
0.998726
0.987871
0.985907
0.992338
1.03383
1.07477
1.09122
1.0968
1.09
1.14139
2.51304
12.618
0.74837
0.738836
0.746903
0.776891
0.808696
0.824523
0.835037
0.847854
0.852563
0.845662
0.837384
0.834701
0.835412
0.833595
0.827512
0.825281
0.834171
0.848674
0.857893
0.861744
0.860807
0.854275
0.854502
0.865844
0.880632
0.89126
0.898355
0.907321
0.916787
0.921823
0.916734
0.903758
0.893266
0.8877
0.884177
0.880613
0.8818
0.898025
0.930486
0.955439
0.966929
0.972489
0.977706
0.983794
0.983336
0.962208
0.937508
0.925431
0.921272
0.920628
0.923354
0.936255
0.974659
1.00912
1.0241
1.02994
1.0332
1.03699
1.03852
1.01858
0.983407
0.963263
0.957585
0.958298
0.961151
0.975228
1.0205
1.05872
1.07309
1.07764
1.07966
1.08065
1.07603
1.04669
1.00878
0.988543
0.983129
0.98397
0.989496
1.02227
1.06955
1.0927
1.09991
1.1029
1.10428
1.10306
1.08363
1.03529
0.998133
0.984829
0.982369
0.98888
1.02868
1.0682
1.08686
1.08554
1.14724
2.58977
12.6637
0.780724
0.778755
0.797102
0.818208
0.82705
0.829454
0.823924
0.802682
0.79087
0.795852
0.811149
0.825726
0.834925
0.843892
0.860935
0.879727
0.887599
0.885302
0.878501
0.866782
0.843998
0.821293
0.814014
0.81949
0.841305
0.872013
0.89645
0.917244
0.938664
0.952859
0.957915
0.949974
0.925646
0.901041
0.881849
0.867575
0.863069
0.865378
0.880457
0.919655
0.952415
0.969691
0.984771
0.99518
1.00039
1.00056
0.979047
0.944534
0.924788
0.919973
0.920716
0.922822
0.930372
0.963184
1.00213
1.02169
1.0324
1.04108
1.04568
1.04646
1.029
0.992691
0.968356
0.961128
0.961933
0.965267
0.975311
1.01359
1.05247
1.06829
1.07418
1.07833
1.08202
1.08218
1.05908
1.01738
0.992666
0.98579
0.984766
0.986712
1.01397
1.06524
1.09298
1.10039
1.10154
1.10111
1.10023
1.08685
1.04127
0.999543
0.983395
0.979594
0.98456
1.02245
1.06229
1.07311
1.14458
2.67476
12.7053
0.813897
0.844105
0.848905
0.847213
0.840917
0.826648
0.796349
0.764976
0.753674
0.7563
0.771776
0.799674
0.827215
0.859074
0.901945
0.926017
0.931714
0.925552
0.904468
0.868445
0.829921
0.80392
0.796116
0.79696
0.803741
0.829383
0.877955
0.92433
0.956158
0.971212
0.977501
0.978421
0.965107
0.924426
0.881964
0.86283
0.859009
0.860609
0.865615
0.880203
0.923854
0.96907
0.989375
0.997797
1.00295
1.00633
1.00548
0.986357
0.949891
0.92659
0.919308
0.92004
0.923023
0.928808
0.958686
1.00694
1.03242
1.04059
1.04394
1.04639
1.04919
1.04007
1.00598
0.977769
0.967267
0.963509
0.962831
0.968942
1.00367
1.04941
1.07225
1.08088
1.08554
1.08789
1.08711
1.06596
1.02219
0.993213
0.984223
0.984047
0.986992
1.01088
1.05988
1.08756
1.09524
1.09874
1.10087
1.1005
1.08952
1.04587
0.999822
0.979811
0.975189
0.981053
1.01903
1.04675
1.12869
2.75841
12.7353
0.850722
0.893266
0.895851
0.885742
0.862877
0.824506
0.777589
0.748219
0.740453
0.741337
0.746179
0.759569
0.795765
0.868816
0.924965
0.94351
0.94983
0.950361
0.936007
0.88964
0.829937
0.801222
0.794906
0.795951
0.800334
0.811083
0.845301
0.917933
0.962143
0.975212
0.98027
0.979605
0.967533
0.943349
0.902836
0.871147
0.86241
0.863397
0.868953
0.880467
0.899121
0.940519
0.980045
0.997355
1.00394
1.00708
1.00676
1.00252
0.98737
0.954287
0.930157
0.923156
0.924263
0.928373
0.936505
0.962086
1.00443
1.02919
1.03939
1.04716
1.0526
1.05523
1.04741
1.01178
0.976832
0.962908
0.961599
0.964422
0.970764
1.00052
1.04899
1.07557
1.08306
1.0848
1.08605
1.08756
1.0737
1.03093
0.99837
0.987237
0.984608
0.984551
1.00256
1.05377
1.08808
1.0979
1.09925
1.09857
1.0972
1.08999
1.05135
1.00248
0.97824
0.971549
0.977819
1.00594
1.09934
2.82075
12.752
0.859779
0.901892
0.905439
0.906637
0.890314
0.833611
0.775504
0.74901
0.741895
0.742708
0.747306
0.760361
0.798114
0.867169
0.921927
0.942623
0.948469
0.942591
0.913105
0.875931
0.844197
0.817036
0.805586
0.805179
0.811583
0.829095
0.858132
0.896625
0.941569
0.963503
0.968283
0.960414
0.944165
0.931126
0.920723
0.902703
0.885814
0.881335
0.885451
0.893542
0.902046
0.912143
0.942139
0.976657
0.991614
0.995404
0.993066
0.990789
0.993159
0.991858
0.969749
0.944503
0.935056
0.934848
0.936801
0.940057
0.956948
1.00079
1.03384
1.04631
1.05042
1.05062
1.05101
1.04757
1.02017
0.986352
0.971745
0.968686
0.969149
0.971425
0.994658
1.04256
1.06963
1.07934
1.08621
1.08987
1.09058
1.07705
1.03444
0.998029
0.984443
0.982808
0.984695
1.00175
1.04926
1.08254
1.09229
1.09474
1.09633
1.09648
1.09156
1.05739
1.00635
0.975444
0.966786
0.964642
1.0604
2.84465
12.7515
0.846702
0.895215
0.899309
0.889809
0.862804
0.828205
0.793723
0.766543
0.756431
0.757063
0.765886
0.788497
0.818446
0.848443
0.886921
0.91273
0.91835
0.906726
0.889445
0.878188
0.865693
0.84818
0.833192
0.829553
0.838051
0.857473
0.875077
0.884995
0.896618
0.915479
0.927062
0.929141
0.928713
0.930274
0.932593
0.93259
0.926431
0.916075
0.910207
0.909995
0.912883
0.917105
0.919163
0.926176
0.948589
0.969738
0.981153
0.989852
0.999187
1.00482
1.00583
0.98926
0.961076
0.944666
0.941013
0.943495
0.947007
0.955323
0.990237
1.0246
1.0386
1.04532
1.05181
1.05626
1.05638
1.03383
0.995782
0.973614
0.967454
0.968165
0.971026
0.990708
1.04032
1.07438
1.08458
1.08678
1.08663
1.08766
1.08026
1.0432
1.00523
0.989352
0.984883
0.983368
0.993702
1.0397
1.07904
1.09281
1.09585
1.09588
1.09522
1.09085
1.06094
1.01053
0.97548
0.951875
1.01462
2.8159
12.7401
0.80913
0.849714
0.858413
0.853866
0.844904
0.837108
0.822617
0.801934
0.788267
0.787159
0.799016
0.820619
0.835861
0.84186
0.847672
0.857569
0.865362
0.868727
0.872038
0.87585
0.87859
0.87851
0.875552
0.876811
0.882943
0.887227
0.888838
0.887129
0.873738
0.863117
0.867759
0.887796
0.911006
0.926212
0.935653
0.947201
0.95985
0.965379
0.957587
0.942058
0.929355
0.916607
0.900782
0.894507
0.90001
0.926882
0.965022
0.98885
0.99957
1.0077
1.01732
1.02273
1.01242
0.98098
0.958278
0.948226
0.940496
0.938723
0.944663
0.977393
1.02119
1.04471
1.05355
1.05823
1.06169
1.06278
1.04377
1.00469
0.979388
0.972015
0.9724
0.974745
0.989136
1.0331
1.06598
1.07763
1.08441
1.08926
1.09105
1.08509
1.0496
1.00658
0.985689
0.980886
0.981197
0.991825
1.0356
1.0757
1.08991
1.09293
1.09324
1.09297
1.08839
1.06281
1.01508
0.964742
0.988614
2.729
12.7298
0.785419
0.790737
0.79852
0.812772
0.827455
0.834908
0.837687
0.839831
0.838431
0.839601
0.843371
0.845534
0.846343
0.84371
0.826277
0.808973
0.807293
0.821001
0.845328
0.867063
0.881623
0.899429
0.921597
0.932954
0.930562
0.918579
0.901391
0.878406
0.850099
0.831644
0.82925
0.837978
0.868102
0.905867
0.936103
0.965103
0.989
0.999205
1.00035
0.984436
0.948474
0.912113
0.890652
0.882869
0.883185
0.888645
0.915764
0.961563
0.992741
1.01426
1.02966
1.03641
1.03903
1.02618
0.985618
0.949952
0.936569
0.935161
0.937329
0.942409
0.970835
1.0199
1.04757
1.05688
1.0611
1.06435
1.06668
1.05519
1.01713
0.986566
0.975221
0.97164
0.971423
0.981631
1.02553
1.06821
1.08452
1.08839
1.0893
1.08954
1.08599
1.05673
1.0136
0.990441
0.983269
0.981404
0.986787
1.02763
1.07011
1.08605
1.08958
1.09056
1.09108
1.08664
1.06384
1.00523
0.991182
2.61328
12.7436
0.766337
0.750565
0.751876
0.76509
0.79524
0.826086
0.847287
0.867324
0.887591
0.894873
0.889074
0.872509
0.854942
0.835322
0.805913
0.782004
0.776398
0.779861
0.797471
0.834042
0.877115
0.9211
0.956353
0.969797
0.972184
0.96104
0.928463
0.880794
0.84081
0.823099
0.821098
0.823907
0.832153
0.862226
0.924581
0.976897
1.00167
1.0104
1.01445
1.01077
0.984907
0.929641
0.892207
0.881688
0.881864
0.88491
0.891958
0.919434
0.981216
1.02063
1.03325
1.03831
1.04045
1.03765
1.02153
0.980042
0.947465
0.937447
0.937043
0.939694
0.945308
0.971712
1.01998
1.04902
1.06017
1.06708
1.07084
1.07179
1.06014
1.02012
0.984907
0.971696
0.970662
0.97321
0.982781
1.0215
1.06331
1.07966
1.08512
1.08946
1.09196
1.09063
1.06616
1.01952
0.989158
0.979075
0.977569
0.982109
1.02036
1.06581
1.08436
1.08846
1.08892
1.08808
1.08347
1.04969
1.03063
2.52023
12.7786
0.757452
0.736308
0.735555
0.739218
0.750663
0.785627
0.837589
0.881773
0.909605
0.921554
0.924678
0.917314
0.89036
0.841714
0.797861
0.777732
0.774364
0.776449
0.781009
0.795415
0.847936
0.925461
0.962957
0.973744
0.977962
0.976849
0.954696
0.897716
0.84686
0.82653
0.823284
0.825698
0.833052
0.850805
0.897149
0.9692
1.00165
1.01023
1.01152
0.999566
0.975651
0.947461
0.913923
0.892254
0.887197
0.889468
0.89727
0.914552
0.948688
1.00077
1.02564
1.03269
1.03173
1.02465
1.01829
1.00925
0.983141
0.955166
0.943756
0.943459
0.94722
0.952075
0.973209
1.022
1.05443
1.06498
1.06761
1.06641
1.06583
1.0599
1.02782
0.993648
0.97946
0.975072
0.973871
0.977727
1.01172
1.06017
1.08355
1.09029
1.09277
1.09425
1.09333
1.07203
1.02346
0.98897
0.977208
0.974888
0.97872
1.01576
1.06179
1.08037
1.08437
1.0851
1.0847
1.0708
1.08053
2.48329
12.8219
0.760555
0.737492
0.73732
0.740997
0.748656
0.764276
0.806049
0.872906
0.911556
0.923055
0.925991
0.91861
0.891266
0.850848
0.811607
0.787878
0.781708
0.783979
0.792419
0.808465
0.837945
0.895801
0.948352
0.966223
0.968404
0.956462
0.934389
0.908764
0.875912
0.849535
0.84068
0.842774
0.853009
0.871971
0.897042
0.93303
0.971784
0.987401
0.986255
0.975611
0.967623
0.962798
0.948048
0.921995
0.907296
0.906989
0.916957
0.931024
0.941896
0.956528
0.985553
1.00643
1.01388
1.01595
1.0179
1.01999
1.01707
0.995573
0.968351
0.956643
0.956059
0.96085
0.966097
0.976045
1.0116
1.04304
1.0551
1.06098
1.06675
1.06998
1.06712
1.03799
0.997951
0.976709
0.971819
0.972708
0.97769
1.00895
1.05893
1.08404
1.09097
1.09292
1.09346
1.09208
1.0741
1.02631
0.98874
0.975449
0.972992
0.975372
1.01006
1.0568
1.07664
1.08115
1.08226
1.07263
1.11557
2.50291
12.8633
0.783359
0.751659
0.750596
0.755166
0.763094
0.774973
0.789603
0.823815
0.875194
0.899576
0.903421
0.898363
0.887842
0.870103
0.844452
0.819852
0.807051
0.80618
0.812689
0.826804
0.843904
0.862088
0.894647
0.923563
0.932757
0.930004
0.925105
0.920148
0.909532
0.889927
0.874856
0.872286
0.879946
0.892509
0.900798
0.906141
0.918939
0.937524
0.949607
0.955685
0.959778
0.962442
0.964039
0.961496
0.953562
0.947283
0.945384
0.944866
0.940575
0.933006
0.935263
0.955059
0.985411
1.0051
1.01308
1.01593
1.02085
1.02738
1.02278
0.998988
0.979048
0.968418
0.959426
0.955765
0.962249
0.996269
1.03782
1.05914
1.06639
1.06928
1.07132
1.07127
1.04754
1.0064
0.983401
0.97672
0.975526
0.977027
1.00302
1.05432
1.08139
1.08833
1.09011
1.09093
1.0902
1.0755
1.02945
0.989021
0.973242
0.970164
0.973308
1.00759
1.05163
1.07154
1.07793
1.07039
1.13127
2.56041
12.9056
0.82367
0.789254
0.776431
0.775108
0.779622
0.789378
0.796765
0.800896
0.812794
0.842603
0.867452
0.878417
0.881891
0.883315
0.879854
0.864856
0.847187
0.838656
0.839036
0.844976
0.85058
0.853675
0.854195
0.85887
0.876396
0.89922
0.913949
0.919789
0.923645
0.927722
0.927409
0.922497
0.916512
0.912233
0.907884
0.897774
0.883814
0.881756
0.896316
0.923862
0.946694
0.960191
0.974182
0.992041
1.00121
0.996833
0.979535
0.958038
0.937383
0.921449
0.911439
0.911788
0.930171
0.969389
0.997833
1.01457
1.0336
1.04868
1.05492
1.04852
1.01506
0.976581
0.956058
0.949925
0.94909
0.953271
0.983833
1.03184
1.05612
1.06491
1.07131
1.07665
1.07889
1.05983
1.0148
0.984027
0.974188
0.973392
0.975065
0.997495
1.04978
1.0797
1.08742
1.0889
1.08908
1.08808
1.0773
1.03534
0.991776
0.973801
0.969881
0.971455
1.00306
1.04474
1.06615
1.06504
1.13453
2.63878
12.946
0.847661
0.848643
0.827723
0.808189
0.800606
0.800389
0.800915
0.792821
0.783128
0.784579
0.806784
0.845111
0.873032
0.885826
0.892157
0.899122
0.900178
0.889935
0.874964
0.863756
0.854651
0.842031
0.826853
0.819833
0.824513
0.848963
0.88793
0.915867
0.933947
0.953566
0.968855
0.971941
0.960109
0.937827
0.913704
0.885923
0.86196
0.853349
0.855472
0.872192
0.911099
0.952077
0.987311
1.01557
1.02904
1.03306
1.02433
0.992337
0.949731
0.916917
0.900002
0.896764
0.89951
0.916409
0.965256
1.01593
1.04502
1.05926
1.06532
1.06756
1.05676
1.01325
0.968773
0.94938
0.944349
0.944582
0.948831
0.979315
1.0332
1.06438
1.07692
1.08337
1.08615
1.08423
1.06304
1.01572
0.983553
0.97397
0.973459
0.975964
0.996768
1.04591
1.07651
1.08539
1.08767
1.0889
1.08828
1.07981
1.04097
0.994613
0.972688
0.967112
0.968707
0.998228
1.03797
1.04975
1.12884
2.72305
12.9764
0.861887
0.881505
0.881986
0.861411
0.831771
0.810292
0.796271
0.782176
0.768689
0.765607
0.768857
0.78809
0.834401
0.875151
0.900468
0.920674
0.933544
0.936349
0.923369
0.894927
0.865108
0.837375
0.816433
0.807831
0.808026
0.813071
0.83514
0.882851
0.931437
0.96705
0.987748
0.995497
0.996399
0.98084
0.937589
0.886873
0.858564
0.850873
0.852147
0.855698
0.867598
0.917127
0.985834
1.0226
1.03481
1.03941
1.04021
1.02676
0.978442
0.923823
0.901098
0.897132
0.898716
0.903819
0.923864
0.989722
1.04389
1.06103
1.06608
1.06707
1.06248
1.04599
0.999932
0.959015
0.944567
0.943537
0.946366
0.954307
0.989275
1.04755
1.0756
1.0823
1.08365
1.0827
1.07903
1.0607
1.01927
0.987883
0.977301
0.975845
0.976027
0.991156
1.03978
1.07483
1.08572
1.08762
1.08709
1.08575
1.08119
1.04847
0.998607
0.971491
0.963528
0.963374
0.992766
1.02076
1.11001
2.80369
12.9924
0.858987
0.887538
0.891972
0.894351
0.883123
0.846504
0.806539
0.779953
0.767756
0.76589
0.767617
0.772389
0.786872
0.834477
0.892812
0.925912
0.938004
0.942751
0.945293
0.936508
0.897158
0.846691
0.818735
0.8098
0.810047
0.813936
0.821658
0.841719
0.903586
0.965383
0.989338
0.996077
0.997126
0.986282
0.95515
0.907516
0.870629
0.856839
0.85604
0.860385
0.870721
0.893258
0.955814
1.014
1.03233
1.03681
1.03071
1.01364
0.990576
0.954243
0.919375
0.906672
0.906584
0.912911
0.928336
0.957928
1.01228
1.0463
1.05569
1.05536
1.05011
1.04382
1.03278
0.99633
0.964413
0.954625
0.956269
0.962835
0.973392
1.00313
1.04746
1.0694
1.07498
1.07614
1.07632
1.07576
1.06351
1.0252
0.990813
0.976966
0.974935
0.976431
0.990856
1.03575
1.07076
1.08189
1.08464
1.08678
1.08663
1.08286
1.05367
1.00107
0.967882
0.957346
0.957986
0.978705
1.07885
2.86299
13.0015
0.829447
0.883869
0.892773
0.895849
0.892807
0.873857
0.832509
0.795549
0.77791
0.773755
0.776087
0.782242
0.790843
0.802396
0.843944
0.903832
0.931141
0.937784
0.936411
0.926028
0.910092
0.881652
0.84525
0.826111
0.822736
0.826086
0.832857
0.844256
0.866282
0.921895
0.965855
0.978651
0.978209
0.971146
0.961671
0.941178
0.906031
0.880523
0.873393
0.876724
0.886979
0.902731
0.925282
0.967757
1.00113
1.01074
1.00818
1.00305
0.998623
0.986736
0.957493
0.933063
0.926796
0.932431
0.944332
0.953813
0.966376
0.998952
1.02662
1.03708
1.03901
1.03773
1.03496
1.0299
1.00918
0.985564
0.97529
0.973618
0.975159
0.977198
0.993425
1.03303
1.0596
1.06857
1.0706
1.07068
1.07189
1.06779
1.03641
0.999806
0.982953
0.977747
0.976251
0.983951
1.02664
1.06748
1.08284
1.08596
1.08535
1.08419
1.08175
1.05681
1.00351
0.964974
0.950515
0.941413
1.03922
2.88051
12.9946
0.783706
0.844264
0.87172
0.877221
0.87448
0.870174
0.86353
0.84148
0.813918
0.797579
0.792966
0.794912
0.800195
0.808524
0.818805
0.844625
0.886474
0.909893
0.916624
0.917916
0.91922
0.916188
0.894373
0.861624
0.844328
0.841801
0.846699
0.857182
0.865935
0.875434
0.904498
0.937691
0.953587
0.958777
0.960604
0.959982
0.948017
0.923389
0.906237
0.902083
0.905912
0.911831
0.915747
0.921982
0.941767
0.967735
0.984458
0.992642
0.996056
0.997894
0.995665
0.983963
0.970764
0.964044
0.961078
0.956686
0.949555
0.950361
0.970333
1.00218
1.02148
1.02973
1.03522
1.0434
1.04825
1.04044
1.01568
0.992522
0.978635
0.972131
0.970087
0.978132
1.01316
1.04594
1.06059
1.06945
1.07679
1.08028
1.07837
1.05039
1.00746
0.982138
0.97371
0.972496
0.978762
1.01961
1.06278
1.0781
1.08181
1.08343
1.0833
1.08101
1.05709
1.00484
0.962847
0.933622
0.996671
2.84285
12.9808
0.773002
0.782197
0.808066
0.840546
0.859172
0.867757
0.873995
0.878018
0.868437
0.842569
0.822192
0.813671
0.812616
0.814958
0.816649
0.815046
0.820856
0.85098
0.887926
0.909828
0.918456
0.922603
0.926662
0.917908
0.892569
0.874152
0.868091
0.868503
0.867537
0.858936
0.856899
0.87281
0.911307
0.941946
0.955834
0.961749
0.968446
0.971144
0.960467
0.942019
0.928501
0.91984
0.911327
0.901517
0.89773
0.908643
0.941123
0.972868
0.990479
1.00274
1.01889
1.02809
1.02361
1.00328
0.978704
0.956568
0.940105
0.929944
0.929238
0.945538
0.984608
1.01687
1.03674
1.05369
1.06916
1.07493
1.06613
1.03107
0.992972
0.969542
0.957396
0.954107
0.960772
0.998364
1.04454
1.06821
1.07797
1.08559
1.09068
1.08973
1.06177
1.01153
0.981312
0.971398
0.968473
0.972058
1.01296
1.06129
1.07935
1.08272
1.08254
1.08197
1.07805
1.05386
1.00459
0.949708
0.978238
2.74992
12.977
0.765639
0.753251
0.75499
0.777301
0.823676
0.860644
0.878405
0.888058
0.896139
0.896417
0.877835
0.850137
0.830659
0.818097
0.806433
0.796636
0.794527
0.799528
0.827908
0.877568
0.911607
0.928097
0.939991
0.948834
0.947737
0.925284
0.895882
0.874323
0.859379
0.846878
0.840047
0.841229
0.854287
0.896505
0.938802
0.964155
0.981526
0.996591
1.00215
0.992872
0.964908
0.935844
0.910304
0.889736
0.879364
0.879511
0.888998
0.924645
0.970735
1.00781
1.03449
1.05023
1.0553
1.0493
1.0187
0.975473
0.940436
0.921112
0.914855
0.916236
0.929859
0.974494
1.02594
1.06188
1.08054
1.08696
1.08831
1.07413
1.02683
0.977841
0.95546
0.950136
0.950147
0.955081
0.992737
1.04774
1.07801
1.09154
1.09649
1.09738
1.09227
1.06172
1.00748
0.974436
0.965751
0.964975
0.970403
1.01356
1.06187
1.07816
1.08071
1.08026
1.07897
1.07216
1.04941
0.990641
0.985753
2.63493
12.9962
0.760619
0.744924
0.744782
0.747991
0.764344
0.814073
0.86408
0.891692
0.908873
0.918911
0.921702
0.906582
0.866938
0.828364
0.803561
0.792688
0.790922
0.793003
0.797771
0.818684
0.872298
0.920634
0.946561
0.960301
0.966998
0.967344
0.944815
0.90134
0.865041
0.845952
0.839375
0.839973
0.842917
0.851363
0.888827
0.945063
0.985461
1.00509
1.01278
1.0164
1.00953
0.97338
0.922993
0.891412
0.879933
0.87891
0.881552
0.888042
0.923143
0.991122
1.03695
1.05254
1.05738
1.05954
1.05271
1.01223
0.954225
0.921929
0.913811
0.914436
0.917785
0.932508
0.995229
1.05925
1.08016
1.08576
1.08685
1.08233
1.06277
1.01203
0.967721
0.950787
0.948232
0.949794
0.958676
1.00966
1.07124
1.09139
1.09512
1.09508
1.09273
1.08545
1.05352
1.00126
0.971835
0.964511
0.964077
0.972488
1.01743
1.06131
1.0753
1.07684
1.07606
1.07333
1.06723
1.03214
1.02451
2.54626
13.031
0.769428
0.746046
0.746409
0.749914
0.755609
0.768527
0.813605
0.877219
0.911016
0.920998
0.925075
0.92588
0.911325
0.861569
0.81608
0.796835
0.793288
0.795198
0.800222
0.808525
0.825775
0.880871
0.938407
0.961256
0.967579
0.969053
0.962837
0.937269
0.893356
0.859801
0.84543
0.843006
0.845666
0.85089
0.859806
0.897212
0.966475
1.00283
1.01219
1.01365
1.00585
0.989388
0.957218
0.914836
0.890427
0.884371
0.886284
0.891701
0.902513
0.945022
1.01415
1.04525
1.05221
1.05146
1.04421
1.03063
0.992152
0.944232
0.923644
0.921416
0.925958
0.938696
0.967129
1.02262
1.0627
1.07434
1.07569
1.073
1.06733
1.04976
1.00173
0.965303
0.955078
0.95686
0.966796
0.986077
1.02903
1.07044
1.08375
1.08553
1.08388
1.07953
1.07282
1.04774
1.00275
0.975806
0.968619
0.969075
0.976675
1.01641
1.05555
1.0691
1.07082
1.06966
1.06688
1.05096
1.07199
2.51436
13.0703
0.799704
0.761997
0.757411
0.758862
0.761305
0.76604
0.777226
0.82154
0.883135
0.909715
0.915765
0.914183
0.907218
0.894712
0.860537
0.825058
0.809312
0.807016
0.809767
0.81499
0.823402
0.838864
0.885743
0.932829
0.949881
0.952766
0.951665
0.950208
0.937388
0.901515
0.868833
0.85562
0.855236
0.860639
0.870554
0.883624
0.91229
0.961699
0.987923
0.993998
0.994964
0.995521
0.989904
0.960227
0.919623
0.899865
0.897613
0.903268
0.913745
0.926848
0.958216
1.00569
1.0289
1.03433
1.03392
1.03065
1.02139
0.989846
0.954922
0.941807
0.943158
0.950494
0.957356
0.97384
1.01569
1.0488
1.06033
1.06222
1.05889
1.05169
1.03902
1.00936
0.986139
0.979109
0.979731
0.981161
0.985675
1.01862
1.05753
1.0724
1.07468
1.07275
1.07006
1.06694
1.05224
1.01528
0.986247
0.974952
0.972794
0.976188
1.00839
1.04564
1.06095
1.06361
1.06232
1.0503
1.1049
2.54123
13.0991
0.845257
0.800562
0.774545
0.767387
0.768756
0.777003
0.788212
0.795822
0.816475
0.85866
0.887436
0.898478
0.90206
0.90453
0.902944
0.878414
0.842688
0.825009
0.821966
0.82593
0.834557
0.839763
0.843729
0.865696
0.906482
0.933081
0.944194
0.948303
0.95083
0.945723
0.918681
0.889851
0.877431
0.875996
0.878822
0.881893
0.883971
0.896574
0.936283
0.971326
0.986975
0.992188
0.993916
0.991556
0.971442
0.941585
0.92547
0.921553
0.922788
0.92465
0.925321
0.94115
0.982424
1.01169
1.02295
1.02654
1.02842
1.02662
1.00885
0.984284
0.969889
0.963186
0.960476
0.961035
0.96518
0.99387
1.02817
1.0443
1.04889
1.05082
1.05413
1.05499
1.04135
1.01491
0.992639
0.981071
0.978752
0.980064
1.00218
1.03916
1.05864
1.06515
1.06841
1.07272
1.07574
1.06878
1.03309
0.995066
0.976169
0.969712
0.969035
0.994582
1.03378
1.05296
1.05857
1.0499
1.11828
2.60434
13.1264
0.863914
0.853942
0.822178
0.799611
0.792025
0.792901
0.794859
0.791685
0.788365
0.794571
0.827032
0.869933
0.895651
0.905342
0.908851
0.910068
0.899211
0.873232
0.853759
0.846397
0.844379
0.837853
0.828017
0.827303
0.841013
0.884632
0.924736
0.943273
0.951428
0.958789
0.962667
0.949129
0.919232
0.897138
0.885305
0.877315
0.870382
0.868431
0.876818
0.915773
0.960991
0.982755
0.991816
1.00093
1.00798
1.00094
0.971559
0.944181
0.927619
0.917802
0.912112
0.91139
0.922908
0.963431
1.00194
1.02079
1.03044
1.03979
1.04697
1.03926
1.01116
0.982871
0.963828
0.951716
0.945722
0.94809
0.972543
1.01309
1.03932
1.05355
1.06647
1.07847
1.08091
1.06465
1.02548
0.992192
0.975137
0.966063
0.96468
0.981475
1.02188
1.05192
1.06805
1.08068
1.08864
1.09069
1.08234
1.0429
0.995128
0.969279
0.959994
0.957325
0.982246
1.02583
1.04921
1.04795
1.12371
2.68269
13.1574
0.864912
0.879279
0.880055
0.858735
0.826337
0.803253
0.79106
0.784876
0.778637
0.776806
0.780334
0.804888
0.855176
0.891046
0.908342
0.922818
0.932719
0.931068
0.906499
0.87313
0.848251
0.83278
0.822291
0.817172
0.818079
0.827278
0.867967
0.919272
0.950269
0.968344
0.981007
0.985775
0.976412
0.940788
0.903752
0.878732
0.865056
0.859588
0.860183
0.866665
0.900861
0.954167
0.991014
1.01222
1.02535
1.03053
1.024
0.988762
0.947804
0.921201
0.907924
0.90214
0.901932
0.909888
0.947763
0.995943
1.0294
1.05216
1.06433
1.06773
1.05847
1.02202
0.980009
0.951971
0.938964
0.934057
0.935445
0.955373
1.00291
1.04652
1.07528
1.0904
1.09514
1.09456
1.07363
1.02418
0.980922
0.960857
0.95389
0.952671
0.965795
1.01519
1.06327
1.08664
1.09546
1.09752
1.09662
1.08649
1.04366
0.987293
0.958718
0.951222
0.949254
0.978829
1.0244
1.03677
1.12265
2.76398
13.1917
0.862285
0.891509
0.898855
0.900476
0.882695
0.839161
0.803465
0.785917
0.77793
0.775696
0.777296
0.780393
0.794225
0.842321
0.898443
0.929732
0.941944
0.947307
0.947858
0.926017
0.879165
0.84177
0.823398
0.817071
0.817583
0.820235
0.826332
0.859872
0.924773
0.969198
0.985091
0.990686
0.993666
0.987178
0.947164
0.896487
0.868846
0.860271
0.860378
0.862782
0.868107
0.897549
0.964344
1.01167
1.02694
1.03198
1.03428
1.02826
0.991365
0.942619
0.912318
0.900978
0.900071
0.902434
0.908585
0.946717
1.01496
1.05297
1.06425
1.06856
1.06951
1.06078
1.02058
0.970254
0.940495
0.931408
0.931485
0.933933
0.952706
1.01916
1.07358
1.08998
1.09431
1.0953
1.09217
1.0688
1.01258
0.96754
0.951779
0.9499
0.95101
0.969313
1.03593
1.08319
1.09452
1.09618
1.09531
1.09166
1.07978
1.03246
0.975711
0.950322
0.943684
0.948279
0.985983
1.01395
1.10888
2.83012
13.2253
0.834692
0.890909
0.899272
0.901858
0.898897
0.882188
0.84307
0.805815
0.78547
0.777917
0.77754
0.779836
0.784077
0.797705
0.849835
0.914512
0.940347
0.946713
0.947571
0.941121
0.920302
0.877743
0.840273
0.822916
0.819194
0.820947
0.824663
0.834
0.871654
0.941489
0.978757
0.988556
0.991004
0.985701
0.972516
0.938801
0.894862
0.870607
0.864661
0.865989
0.870505
0.880358
0.913048
0.978134
1.01544
1.02572
1.02769
1.02541
1.01853
0.986677
0.938116
0.909868
0.903443
0.905483
0.912525
0.927273
0.967905
1.02684
1.05427
1.06129
1.06276
1.06135
1.05393
1.01214
0.959796
0.936911
0.933973
0.937656
0.948902
0.979271
1.03986
1.07681
1.08626
1.08784
1.08653
1.08188
1.05546
0.997599
0.9622
0.954292
0.95595
0.965949
0.996261
1.05289
1.08328
1.08914
1.08845
1.08372
1.0759
1.06276
1.02116
0.971674
0.948971
0.944282
0.956308
0.98305
1.0844
2.85908
13.2414
0.787715
0.84936
0.878608
0.887607
0.890094
0.8922
0.888296
0.856983
0.813454
0.789806
0.784591
0.787293
0.795936
0.806007
0.816601
0.851474
0.904092
0.928334
0.934009
0.936235
0.937536
0.926591
0.884091
0.84344
0.828589
0.828521
0.836244
0.848663
0.858018
0.880029
0.931519
0.965246
0.974923
0.977164
0.978666
0.974934
0.943715
0.899289
0.878565
0.876155
0.882281
0.89229
0.90043
0.918871
0.967959
1.00361
1.01518
1.01824
1.01859
1.01523
0.987168
0.94426
0.923067
0.920136
0.924726
0.929679
0.935575
0.96651
1.01956
1.04686
1.05405
1.05519
1.05268
1.04346
1.00654
0.966966
0.952679
0.95319
0.957784
0.962326
0.983361
1.03507
1.06881
1.07807
1.07905
1.07556
1.06639
1.04122
1.00142
0.979146
0.974171
0.97561
0.977792
0.999571
1.04786
1.0734
1.07792
1.07471
1.06791
1.06167
1.05443
1.02641
0.983704
0.959237
0.953344
0.952398
1.05314
2.85021
13.2249
0.769421
0.782535
0.823628
0.865946
0.884326
0.889936
0.892009
0.888776
0.86677
0.831489
0.810611
0.804806
0.806063
0.808686
0.810452
0.813844
0.835842
0.885149
0.918739
0.930655
0.934352
0.933418
0.925019
0.896247
0.866288
0.853687
0.852833
0.855308
0.855994
0.857548
0.86902
0.911024
0.951167
0.968435
0.974051
0.974943
0.972103
0.95414
0.923101
0.904834
0.8996
0.898807
0.896593
0.896582
0.907058
0.948293
0.988854
1.00652
1.01221
1.01461
1.01575
1.00229
0.969838
0.945835
0.935514
0.931753
0.931379
0.933567
0.955409
1.00403
1.03394
1.04383
1.04674
1.04883
1.04738
1.02505
0.991407
0.971575
0.963591
0.961759
0.962589
0.977376
1.02287
1.05421
1.06371
1.06462
1.06428
1.06361
1.05591
1.02992
1.00157
0.984236
0.978648
0.97852
0.994462
1.03551
1.05727
1.06168
1.05932
1.05715
1.05912
1.0602
1.0465
1.00653
0.970978
0.942173
1.00568
2.812
13.1949
0.76455
0.763257
0.768892
0.803071
0.852528
0.877003
0.884746
0.891289
0.899414
0.89484
0.864101
0.831191
0.813169
0.80773
0.808407
0.808462
0.808631
0.82103
0.86607
0.906868
0.922668
0.928714
0.937964
0.94381
0.929295
0.89375
0.866565
0.855426
0.854357
0.854462
0.852516
0.857568
0.890667
0.936563
0.960237
0.970305
0.981449
0.991135
0.984945
0.951894
0.919191
0.901569
0.895056
0.892222
0.889418
0.894776
0.929935
0.977188
1.00244
1.01512
1.02727
1.0354
1.02813
0.991489
0.954992
0.93626
0.929641
0.927004
0.926581
0.941719
0.98861
1.0256
1.04259
1.05373
1.0646
1.06785
1.0479
1.0051
0.974188
0.962474
0.961139
0.9608
0.967924
1.00503
1.03961
1.05529
1.06522
1.07801
1.08415
1.07876
1.0466
1.0049
0.982788
0.97744
0.976753
0.982936
1.01232
1.03812
1.0501
1.05874
1.06958
1.07398
1.07191
1.05663
1.01521
0.956773
0.97767
2.72834
13.1771
0.762716
0.755633
0.757631
0.762131
0.787672
0.84014
0.87876
0.900568
0.911932
0.91649
0.914438
0.886421
0.845843
0.820908
0.808429
0.801416
0.799854
0.802157
0.810985
0.850266
0.90018
0.931539
0.949641
0.958876
0.962005
0.951058
0.911983
0.878141
0.860797
0.849639
0.842528
0.841979
0.846627
0.874553
0.92692
0.967027
0.992651
1.00539
1.00969
1.00456
0.970048
0.929573
0.904286
0.887923
0.879371
0.879298
0.884598
0.916114
0.971011
1.01212
1.03669
1.04634
1.04918
1.04193
1.00412
0.961651
0.935044
0.920066
0.915877
0.917839
0.931209
0.978071
1.02695
1.05838
1.07296
1.07708
1.0772
1.05832
1.01426
0.979798
0.960325
0.950255
0.948864
0.955605
0.991
1.03564
1.06746
1.08503
1.0902
1.09083
1.08573
1.05498
1.01258
0.984713
0.967248
0.959894
0.962675
0.992223
1.0354
1.06578
1.07838
1.0803
1.07923
1.07575
1.06014
1.00058
0.983457
2.61041
13.1712
0.784033
0.762106
0.761085
0.762698
0.76613
0.77999
0.825431
0.877368
0.903559
0.912834
0.916872
0.918074
0.902974
0.865962
0.831479
0.811998
0.80508
0.804794
0.807089
0.811896
0.836924
0.890878
0.934581
0.95314
0.960051
0.963537
0.96019
0.932471
0.892343
0.86276
0.848531
0.844559
0.845729
0.849034
0.865524
0.917722
0.9728
0.998159
1.00669
1.01056
1.00978
0.985814
0.940474
0.903203
0.886135
0.882434
0.883905
0.88761
0.910015
0.969737
1.0203
1.03951
1.04601
1.04906
1.0452
1.01423
0.965786
0.932979
0.921669
0.920446
0.922705
0.931562
0.973537
1.03148
1.06153
1.07126
1.07538
1.07597
1.06329
1.02358
0.980789
0.958072
0.952059
0.952333
0.9565
0.985023
1.03788
1.07192
1.08374
1.0875
1.0886
1.08528
1.06339
1.01854
0.979331
0.962172
0.958102
0.959412
0.988134
1.04193
1.06956
1.07651
1.07741
1.07662
1.07271
1.04012
1.03287
2.53355
13.1949
)
;

boundaryField
{
    back
    {
        type            empty;
    }
    outlet
    {
        type            zeroGradient;
    }
    top
    {
        type            zeroGradient;
    }
    inlet
    {
        type            fixedValue;
        value           uniform 1;
    }
    bottom
    {
        type            zeroGradient;
    }
    front
    {
        type            empty;
    }
}


// ************************************************************************* //
