/*--------------------------------*- C++ -*----------------------------------*\
  =========                 |
  \\      /  F ield         | OpenFOAM: The Open Source CFD Toolbox
   \\    /   O peration     | Website:  https://openfoam.org
    \\  /    A nd           | Version:  12
     \\/     M anipulation  |
\*---------------------------------------------------------------------------*/
FoamFile
{
    format      ascii;
    class       volScalarField;
    location    "6.1";
    object      rho;
}
// * * * * * * * * * * * * * * * * * * * * * * * * * * * * * * * * * * * * * //

dimensions      [1 -3 0 0 0 0 0];

internalField   nonuniform List<scalar> 
9801
(
1.04511
1.04698
1.05032
1.05765
1.06862
1.07572
1.07926
1.08165
1.0835
1.08464
1.08632
1.08862
1.09172
1.09654
1.10707
1.11722
1.12233
1.1252
1.12692
1.12794
1.12938
1.13158
1.13457
1.13878
1.14687
1.1593
1.16768
1.17166
1.17408
1.17478
1.17537
1.1772
1.17993
1.18358
1.18925
1.20159
1.21375
1.21967
1.2229
1.22491
1.225
1.22571
1.22798
1.23153
1.23584
1.24655
1.26205
1.27043
1.27452
1.27648
1.27687
1.27752
1.2794
1.28274
1.28721
1.29565
1.31389
1.32606
1.3311
1.33353
1.33251
1.33182
1.33409
1.33781
1.34237
1.3506
1.37044
1.38781
1.39646
1.40109
1.39759
1.39265
1.39368
1.39842
1.40509
1.41509
1.43879
1.46236
1.47451
1.48203
1.48095
1.47042
1.46797
1.47378
1.48428
1.50413
1.54448
1.57553
1.59356
1.60776
1.61302
1.60068
1.5935
1.61269
1.65104
1.73347
1.82505
2.56969
5.95032
1.0495
1.05244
1.05656
1.06569
1.07451
1.0804
1.08443
1.08753
1.08878
1.08852
1.09023
1.09312
1.09654
1.10232
1.11275
1.12114
1.12654
1.13041
1.13295
1.13264
1.13329
1.13594
1.1394
1.14356
1.15196
1.16287
1.17024
1.17506
1.17868
1.17913
1.17844
1.18074
1.18433
1.18833
1.19442
1.20623
1.21632
1.22238
1.22669
1.22867
1.22622
1.22706
1.23065
1.23508
1.23998
1.25074
1.26478
1.27324
1.27838
1.28143
1.27851
1.27702
1.28008
1.28485
1.28975
1.29806
1.31522
1.32768
1.33408
1.33852
1.3363
1.33113
1.33343
1.3385
1.34362
1.35123
1.37066
1.38838
1.39779
1.40368
1.40262
1.39349
1.39237
1.39791
1.40512
1.41534
1.43921
1.46275
1.47518
1.4836
1.48644
1.47318
1.46575
1.4729
1.48398
1.50282
1.5368
1.56542
1.58454
1.60183
1.61345
1.60367
1.59256
1.60174
1.63222
1.68582
1.74704
2.45902
5.95269
1.04876
1.05194
1.05637
1.06595
1.07487
1.08033
1.0843
1.08754
1.08908
1.08868
1.08989
1.09257
1.09597
1.10174
1.11236
1.12075
1.12614
1.13021
1.13329
1.13372
1.13381
1.13596
1.13923
1.14313
1.15102
1.16195
1.16918
1.17413
1.17813
1.17969
1.17932
1.18132
1.18477
1.18864
1.19407
1.20528
1.21506
1.22094
1.22538
1.22781
1.22608
1.22722
1.23093
1.23535
1.24016
1.25003
1.26362
1.27198
1.27724
1.2806
1.27815
1.27641
1.2793
1.28405
1.28923
1.29705
1.31332
1.32584
1.33262
1.33741
1.33637
1.33056
1.3316
1.33638
1.34189
1.3495
1.36737
1.38496
1.39475
1.40094
1.40253
1.39424
1.39009
1.39426
1.40127
1.4105
1.43193
1.45536
1.46898
1.47822
1.48469
1.47489
1.46286
1.46678
1.47771
1.49222
1.52033
1.55359
1.57704
1.59462
1.60881
1.60197
1.59087
1.59731
1.62126
1.66278
1.69983
2.40315
5.89046
1.04869
1.0521
1.05704
1.06728
1.07605
1.08117
1.08487
1.088
1.0898
1.08926
1.09001
1.09249
1.09595
1.10237
1.11318
1.12128
1.12636
1.13029
1.13356
1.13434
1.13372
1.13543
1.13864
1.1428
1.15127
1.16239
1.16943
1.1741
1.17807
1.18033
1.17921
1.17988
1.18269
1.18657
1.19236
1.204
1.21435
1.22028
1.2247
1.22785
1.22656
1.22625
1.22878
1.23264
1.23748
1.24723
1.26114
1.26991
1.27523
1.27922
1.27835
1.27526
1.2767
1.28059
1.28555
1.29343
1.30923
1.32216
1.32937
1.33457
1.33609
1.32963
1.32801
1.33146
1.3366
1.34406
1.3609
1.37946
1.39018
1.3968
1.40119
1.39485
1.38591
1.3876
1.3942
1.40263
1.42075
1.44614
1.46217
1.47191
1.47976
1.47664
1.46141
1.45847
1.46748
1.47987
1.50062
1.53272
1.55862
1.5775
1.59438
1.59871
1.58485
1.57957
1.59228
1.6244
1.65147
2.37741
5.85318
1.04873
1.05216
1.05696
1.06738
1.07609
1.08104
1.08461
1.08763
1.08964
1.08942
1.09001
1.0924
1.09566
1.10222
1.11329
1.12101
1.12569
1.12936
1.13241
1.1332
1.13263
1.13438
1.13752
1.14189
1.15118
1.16256
1.16938
1.17375
1.1773
1.1792
1.1774
1.17739
1.18005
1.18393
1.18992
1.20211
1.21334
1.2197
1.22413
1.22754
1.22674
1.22416
1.22546
1.22895
1.23357
1.24284
1.25728
1.2671
1.27291
1.27735
1.27889
1.27452
1.2735
1.27653
1.28105
1.28826
1.3035
1.31726
1.3252
1.33077
1.33476
1.33051
1.32491
1.32634
1.33099
1.3377
1.35272
1.37259
1.38461
1.39155
1.397
1.39574
1.3847
1.38176
1.38698
1.39454
1.40759
1.43278
1.45327
1.46473
1.47341
1.47819
1.46564
1.45436
1.45742
1.46827
1.48396
1.51257
1.54249
1.56453
1.58245
1.59688
1.59009
1.57878
1.57855
1.59508
1.61499
2.35999
5.83903
1.04921
1.05245
1.05657
1.06654
1.07591
1.08122
1.0849
1.08794
1.09028
1.09023
1.09011
1.09207
1.09505
1.10077
1.11209
1.12056
1.12551
1.12927
1.13245
1.13375
1.13274
1.13379
1.13656
1.14033
1.14914
1.16115
1.16842
1.1729
1.17647
1.17891
1.17748
1.17644
1.17866
1.18217
1.18785
1.20008
1.21182
1.21839
1.22276
1.22619
1.22648
1.22244
1.22251
1.22572
1.23044
1.23968
1.2545
1.26495
1.27093
1.27552
1.27882
1.27498
1.27044
1.27209
1.27628
1.28298
1.2978
1.31334
1.32215
1.32797
1.33297
1.33291
1.32475
1.32237
1.32594
1.33167
1.3432
1.36458
1.38033
1.38844
1.39443
1.39763
1.38811
1.37992
1.3816
1.38812
1.39719
1.41781
1.44427
1.46047
1.47035
1.47833
1.47507
1.45803
1.45346
1.46108
1.47307
1.49423
1.52438
1.54928
1.56877
1.58646
1.59577
1.58725
1.57673
1.57866
1.58477
2.33885
5.83695
1.04989
1.05293
1.0564
1.06533
1.07542
1.08137
1.08534
1.08856
1.09121
1.09135
1.09035
1.0918
1.09461
1.09941
1.11025
1.11988
1.1255
1.12956
1.13298
1.13528
1.13394
1.13357
1.13579
1.13911
1.14622
1.15842
1.16671
1.17182
1.1758
1.17914
1.17923
1.17699
1.17821
1.18141
1.18616
1.19734
1.20942
1.21624
1.2208
1.22461
1.22669
1.22338
1.22162
1.22432
1.22866
1.23686
1.25199
1.26326
1.26942
1.27406
1.2779
1.2764
1.27035
1.26975
1.27372
1.27938
1.29228
1.31054
1.32152
1.32773
1.33263
1.33434
1.32697
1.32162
1.32313
1.32819
1.33587
1.35488
1.37634
1.3876
1.39422
1.39946
1.39515
1.38272
1.37959
1.38418
1.39157
1.40456
1.43134
1.45453
1.46758
1.47684
1.48282
1.47213
1.45791
1.4581
1.46722
1.48097
1.50682
1.53471
1.55618
1.5739
1.59041
1.5942
1.58475
1.57306
1.56017
2.31511
5.83738
1.051
1.05394
1.05714
1.06541
1.07573
1.0819
1.08595
1.08921
1.09186
1.09208
1.09096
1.0923
1.09509
1.09949
1.1098
1.12011
1.12611
1.13023
1.1337
1.13633
1.13511
1.13365
1.13544
1.13865
1.14455
1.15668
1.16628
1.172
1.1763
1.18
1.18151
1.17857
1.17829
1.18089
1.18476
1.19387
1.20719
1.21528
1.22045
1.22485
1.22835
1.22631
1.22312
1.22476
1.2286
1.23428
1.24801
1.26155
1.26881
1.27377
1.27808
1.27935
1.2731
1.27087
1.27394
1.27883
1.28719
1.30584
1.3209
1.32828
1.33322
1.33659
1.33184
1.32345
1.32276
1.32704
1.33303
1.34515
1.36927
1.38669
1.39527
1.40135
1.40364
1.39155
1.38185
1.38298
1.38939
1.3975
1.41587
1.44394
1.46313
1.47476
1.48404
1.48717
1.47239
1.46105
1.46446
1.47463
1.49141
1.51852
1.54272
1.56171
1.57811
1.59068
1.59015
1.57711
1.55154
2.28342
5.83839
1.05261
1.05551
1.05856
1.06639
1.07686
1.08313
1.08707
1.09019
1.09272
1.09314
1.09229
1.09368
1.09647
1.10063
1.11064
1.12139
1.12746
1.1315
1.1348
1.13729
1.13621
1.13449
1.13605
1.13923
1.14449
1.15648
1.16753
1.17357
1.17787
1.18156
1.1837
1.18067
1.17878
1.18064
1.18424
1.1913
1.20591
1.21672
1.22249
1.2269
1.23083
1.23076
1.22637
1.22613
1.22877
1.2329
1.24255
1.25931
1.26971
1.27545
1.28015
1.28333
1.27897
1.27446
1.27549
1.27912
1.2841
1.29735
1.31757
1.32859
1.33431
1.33907
1.33919
1.32954
1.32503
1.32737
1.33272
1.33954
1.35781
1.38189
1.39508
1.40219
1.40768
1.40546
1.39114
1.38532
1.38842
1.39532
1.40525
1.42902
1.45541
1.47169
1.4824
1.49094
1.48981
1.4741
1.46658
1.47187
1.48253
1.50203
1.5289
1.55011
1.56623
1.57973
1.58667
1.58103
1.55542
2.2559
5.83901
1.05489
1.05773
1.06058
1.06758
1.07832
1.08486
1.08871
1.09179
1.09445
1.09532
1.09461
1.09594
1.0987
1.10235
1.11132
1.12286
1.12918
1.13301
1.1362
1.13882
1.13833
1.13661
1.13807
1.14116
1.1455
1.15649
1.16911
1.17582
1.17995
1.18341
1.1858
1.18317
1.1802
1.18179
1.18529
1.19074
1.20444
1.21835
1.2255
1.2299
1.23373
1.23535
1.23022
1.22705
1.22855
1.2323
1.2387
1.25544
1.27101
1.27865
1.28341
1.28751
1.28628
1.27899
1.27662
1.27834
1.28245
1.28993
1.31037
1.32871
1.33716
1.34238
1.34634
1.34063
1.33085
1.32929
1.33208
1.33739
1.34679
1.37075
1.39237
1.403
1.40991
1.41541
1.4077
1.39272
1.38998
1.39467
1.40212
1.41466
1.44115
1.46442
1.47848
1.48877
1.49674
1.49378
1.47773
1.47204
1.47814
1.48946
1.51122
1.53648
1.55485
1.56814
1.57783
1.57982
1.56497
2.2403
5.83861
1.05785
1.06048
1.06309
1.06843
1.07911
1.08689
1.0911
1.09434
1.0972
1.09848
1.09775
1.09881
1.10137
1.10444
1.11091
1.12308
1.13103
1.13531
1.13864
1.14152
1.14161
1.13977
1.14099
1.14399
1.14757
1.1557
1.16954
1.17792
1.18234
1.18569
1.1882
1.18661
1.18339
1.18461
1.18793
1.19208
1.20238
1.21865
1.22778
1.23258
1.23618
1.23825
1.23415
1.22924
1.23028
1.23383
1.23865
1.25127
1.27082
1.28148
1.28697
1.29107
1.29215
1.28408
1.27782
1.27878
1.28243
1.28764
1.30197
1.32583
1.33953
1.34586
1.35115
1.35176
1.3401
1.33159
1.33206
1.33625
1.34239
1.3572
1.38482
1.40305
1.41186
1.41819
1.4208
1.40893
1.39642
1.39576
1.40067
1.40819
1.42435
1.45213
1.47303
1.48599
1.49604
1.5021
1.49598
1.48082
1.4767
1.4829
1.49474
1.51822
1.54196
1.55743
1.56732
1.57242
1.57197
2.23727
5.83695
1.06141
1.06345
1.06567
1.06927
1.07882
1.08879
1.09407
1.0976
1.10062
1.10258
1.10183
1.10195
1.10378
1.10645
1.11064
1.12201
1.13271
1.1382
1.14189
1.1451
1.14635
1.14427
1.14451
1.14683
1.14972
1.15449
1.16746
1.1788
1.18449
1.18845
1.19178
1.19177
1.18823
1.18843
1.19114
1.19458
1.20024
1.21537
1.22819
1.23418
1.23819
1.24154
1.23997
1.23388
1.23366
1.237
1.24108
1.24757
1.26563
1.28156
1.28865
1.29299
1.29617
1.29212
1.28261
1.28103
1.2845
1.28946
1.29655
1.31697
1.33803
1.34779
1.35354
1.35811
1.35345
1.33909
1.33443
1.33745
1.34297
1.35007
1.36982
1.39636
1.41072
1.4183
1.42468
1.42567
1.41068
1.39956
1.40068
1.40688
1.41549
1.43488
1.46152
1.47969
1.49153
1.50125
1.50654
1.49857
1.48318
1.47971
1.48549
1.49794
1.5225
1.54434
1.55703
1.56263
1.57198
2.24791
5.83448
1.06529
1.06617
1.06791
1.07086
1.07835
1.09015
1.09708
1.10096
1.10403
1.10655
1.10637
1.10484
1.10588
1.10846
1.11195
1.12081
1.13374
1.14107
1.14521
1.1485
1.151
1.14951
1.14756
1.14852
1.15118
1.15489
1.16461
1.17909
1.18713
1.1917
1.19539
1.19765
1.19444
1.19211
1.19324
1.19575
1.19947
1.20991
1.22678
1.23612
1.2413
1.24536
1.24745
1.24205
1.23845
1.2397
1.24242
1.24625
1.25672
1.27705
1.28901
1.29505
1.29961
1.30177
1.29344
1.28699
1.28806
1.29129
1.29572
1.30533
1.32864
1.34579
1.35343
1.35867
1.36269
1.35525
1.34291
1.34096
1.3441
1.34921
1.35781
1.38129
1.40541
1.41772
1.42493
1.43029
1.42851
1.41367
1.40518
1.40723
1.41346
1.42288
1.44475
1.46967
1.48582
1.4968
1.50599
1.50978
1.50034
1.48505
1.48148
1.48642
1.49927
1.52395
1.54352
1.55233
1.56525
2.26853
5.83247
1.06894
1.0688
1.07034
1.07316
1.0788
1.09073
1.09934
1.10387
1.10714
1.10999
1.11116
1.10885
1.10888
1.1112
1.11429
1.12026
1.13331
1.14299
1.14792
1.15139
1.15443
1.15479
1.15109
1.15095
1.15348
1.15688
1.16314
1.17778
1.18927
1.19486
1.19857
1.2017
1.20073
1.19528
1.1944
1.19689
1.20055
1.2069
1.22336
1.238
1.24477
1.2491
1.25264
1.25057
1.24297
1.24052
1.24203
1.24573
1.25156
1.26861
1.28857
1.29798
1.30347
1.30771
1.30609
1.29544
1.29063
1.29127
1.29443
1.29955
1.31386
1.33908
1.35405
1.36133
1.36715
1.36952
1.35787
1.3461
1.34522
1.34897
1.3544
1.36429
1.38969
1.41192
1.42295
1.4301
1.43656
1.43412
1.418
1.41024
1.41275
1.4192
1.42987
1.45322
1.47617
1.49081
1.50131
1.51004
1.51346
1.50241
1.486
1.48177
1.48577
1.49842
1.5225
1.53792
1.55444
2.29427
5.83036
1.07248
1.07187
1.07307
1.07569
1.07975
1.09047
1.10096
1.10652
1.11023
1.11337
1.11573
1.11408
1.11266
1.1142
1.11675
1.12041
1.13112
1.1437
1.15015
1.15418
1.15756
1.15971
1.15643
1.1544
1.15627
1.15929
1.16309
1.17397
1.18908
1.19676
1.20098
1.20446
1.20612
1.20085
1.1974
1.19922
1.20274
1.2069
1.21768
1.23645
1.24693
1.25207
1.25555
1.25692
1.2497
1.24311
1.24371
1.24721
1.25176
1.26105
1.28299
1.29952
1.30676
1.31133
1.31446
1.30716
1.29491
1.29191
1.29448
1.29899
1.30567
1.32597
1.35111
1.36342
1.36946
1.37435
1.37397
1.3598
1.34955
1.34935
1.3531
1.35868
1.37177
1.40017
1.42133
1.4314
1.43803
1.4426
1.43738
1.42171
1.41477
1.41749
1.42386
1.43598
1.46108
1.48296
1.49646
1.50608
1.51383
1.51624
1.50401
1.48616
1.48048
1.48327
1.49637
1.51709
1.53824
2.31829
5.82587
1.07609
1.07525
1.07586
1.07818
1.08123
1.08976
1.10236
1.10946
1.11353
1.11683
1.11965
1.11934
1.11633
1.11644
1.11854
1.12163
1.12911
1.14367
1.15279
1.15744
1.16102
1.16405
1.16286
1.15882
1.15895
1.161
1.16394
1.17012
1.18602
1.19809
1.20383
1.20769
1.21099
1.20901
1.20299
1.20269
1.20517
1.20831
1.21327
1.22908
1.24585
1.25314
1.25762
1.26155
1.2602
1.25066
1.24797
1.25059
1.25425
1.25854
1.27074
1.29365
1.30618
1.31193
1.31623
1.31842
1.30778
1.29733
1.29755
1.30186
1.30672
1.3141
1.33724
1.35921
1.36888
1.37462
1.37976
1.37779
1.36194
1.35317
1.35468
1.35996
1.36648
1.38193
1.40963
1.42747
1.43635
1.44302
1.44775
1.44153
1.42528
1.41888
1.42198
1.42878
1.44277
1.46811
1.48838
1.50083
1.50979
1.51671
1.51838
1.50537
1.48569
1.47769
1.47981
1.49109
1.51762
2.33393
5.81983
1.07985
1.07872
1.07841
1.08048
1.08332
1.08953
1.10303
1.11231
1.11682
1.11999
1.12276
1.1234
1.11952
1.11863
1.12077
1.12384
1.12892
1.14239
1.15493
1.1609
1.16446
1.16751
1.16838
1.16324
1.16074
1.16231
1.16536
1.16951
1.18144
1.19831
1.20682
1.21137
1.21494
1.2164
1.21018
1.20566
1.20606
1.20847
1.21219
1.2207
1.24081
1.25493
1.26141
1.26584
1.26888
1.26306
1.25426
1.25311
1.25468
1.2577
1.26279
1.28001
1.30236
1.31324
1.31933
1.32427
1.32464
1.31201
1.30397
1.30434
1.30702
1.31126
1.32091
1.34617
1.36586
1.37482
1.38048
1.38522
1.38222
1.36761
1.36097
1.3626
1.36662
1.37272
1.39004
1.41663
1.43276
1.4414
1.44793
1.45181
1.44571
1.43071
1.42449
1.42683
1.43291
1.44737
1.47293
1.49263
1.50434
1.51251
1.51847
1.51949
1.5069
1.48529
1.4737
1.47237
1.49351
2.33113
5.81424
1.08347
1.08222
1.08107
1.0831
1.08593
1.09042
1.10227
1.114
1.11953
1.12277
1.12549
1.12692
1.12386
1.1219
1.12364
1.12655
1.13018
1.13971
1.15485
1.16308
1.16722
1.17026
1.1723
1.1688
1.16403
1.16474
1.1677
1.17123
1.1779
1.19483
1.20848
1.21453
1.21811
1.22089
1.21815
1.20978
1.2078
1.21017
1.21371
1.21843
1.23242
1.25362
1.26448
1.2696
1.27352
1.27387
1.26331
1.2551
1.25502
1.25789
1.26201
1.26957
1.29211
1.31312
1.32228
1.32727
1.33187
1.3287
1.31379
1.30615
1.30696
1.31068
1.3155
1.32771
1.35407
1.37242
1.38131
1.38787
1.39271
1.38795
1.37229
1.36485
1.36629
1.37089
1.37741
1.39631
1.42226
1.43735
1.44589
1.45298
1.45809
1.45202
1.43529
1.42783
1.42984
1.43563
1.45014
1.47584
1.49527
1.50664
1.51434
1.5194
1.51983
1.50783
1.48538
1.46733
1.47012
2.30898
5.80962
1.08687
1.08659
1.08465
1.08634
1.08896
1.09202
1.10001
1.1137
1.12152
1.12557
1.12866
1.13113
1.12968
1.12628
1.12687
1.12928
1.13219
1.13711
1.15123
1.16381
1.16952
1.17307
1.17621
1.17609
1.17007
1.16856
1.17077
1.17385
1.17736
1.18758
1.20586
1.21571
1.22049
1.22396
1.22585
1.21867
1.21219
1.21327
1.21671
1.2204
1.22596
1.2439
1.26253
1.27051
1.27498
1.27844
1.27647
1.264
1.25824
1.26026
1.26462
1.26937
1.27887
1.30295
1.32068
1.32843
1.33302
1.33609
1.33135
1.31631
1.31006
1.31179
1.31626
1.32203
1.33721
1.36435
1.38115
1.38869
1.39363
1.39725
1.39167
1.37577
1.3686
1.37032
1.3752
1.38284
1.40418
1.43044
1.44504
1.4527
1.45878
1.46242
1.45552
1.43901
1.43117
1.43262
1.43802
1.45194
1.47752
1.49724
1.50836
1.51509
1.51888
1.51839
1.50776
1.48112
1.4615
2.26783
5.80665
1.09024
1.09207
1.08928
1.08975
1.09169
1.09421
1.09843
1.11094
1.12312
1.12872
1.13198
1.13472
1.13557
1.13153
1.12978
1.13123
1.1338
1.13719
1.14607
1.16249
1.17201
1.17662
1.1799
1.18229
1.17826
1.17312
1.17327
1.1752
1.17814
1.18287
1.19798
1.21542
1.22343
1.22798
1.23142
1.23039
1.22105
1.21756
1.21903
1.22147
1.22487
1.23233
1.25313
1.26967
1.27696
1.282
1.28561
1.28097
1.26875
1.26555
1.26765
1.27061
1.2745
1.28544
1.30981
1.3256
1.33258
1.33772
1.34182
1.33601
1.32153
1.31697
1.31986
1.32427
1.32929
1.34394
1.36978
1.38443
1.39156
1.39712
1.40147
1.3957
1.38054
1.37444
1.37705
1.38242
1.39022
1.41135
1.43553
1.44866
1.45614
1.46228
1.46668
1.46049
1.44386
1.43496
1.43551
1.44005
1.45283
1.47786
1.4976
1.50829
1.51413
1.51675
1.51627
1.50265
1.47505
2.22753
5.80501
1.09362
1.09757
1.09509
1.09307
1.09423
1.09675
1.0997
1.10732
1.12202
1.13074
1.13481
1.13776
1.14026
1.13847
1.13394
1.13398
1.13642
1.13948
1.14392
1.15717
1.17253
1.17957
1.18318
1.1861
1.18641
1.17936
1.17566
1.17714
1.18014
1.18362
1.19093
1.20996
1.225
1.23146
1.23531
1.2379
1.23273
1.2227
1.22013
1.22218
1.22542
1.22952
1.24069
1.26382
1.27866
1.28495
1.28944
1.29234
1.28416
1.27201
1.26867
1.27024
1.27354
1.27825
1.29254
1.31799
1.33318
1.33995
1.34511
1.34891
1.3416
1.32769
1.32325
1.32425
1.327
1.33232
1.34931
1.37553
1.39045
1.39786
1.40339
1.408
1.40293
1.38824
1.3817
1.38247
1.38612
1.39305
1.41443
1.43928
1.45302
1.46088
1.46711
1.47169
1.46695
1.44987
1.43879
1.438
1.44149
1.45203
1.47635
1.4965
1.507
1.51177
1.51412
1.51084
1.50104
2.20981
5.80441
1.09702
1.10182
1.10172
1.09788
1.09745
1.09936
1.10188
1.10542
1.11718
1.13102
1.13753
1.14113
1.14423
1.14593
1.14121
1.13808
1.1394
1.14197
1.14478
1.15093
1.16769
1.18032
1.18589
1.18925
1.19224
1.18934
1.18144
1.18032
1.18278
1.18601
1.18958
1.19933
1.21979
1.23193
1.23742
1.24099
1.24285
1.23465
1.22539
1.22473
1.22786
1.23187
1.23622
1.24966
1.27278
1.28514
1.29113
1.29512
1.29695
1.28729
1.27513
1.27273
1.27564
1.28007
1.28526
1.30144
1.32651
1.34034
1.34701
1.35167
1.35466
1.3459
1.3306
1.32567
1.3281
1.33259
1.33867
1.35706
1.38298
1.3978
1.40529
1.41069
1.41492
1.40914
1.39271
1.38383
1.38444
1.38904
1.39696
1.4184
1.44381
1.45837
1.46637
1.47224
1.47634
1.47276
1.45529
1.44144
1.43877
1.44167
1.45039
1.47383
1.49467
1.50481
1.5093
1.5081
1.51603
2.21492
5.80251
1.10017
1.10553
1.10744
1.10465
1.10121
1.10166
1.1036
1.10629
1.11259
1.12841
1.1398
1.14491
1.14815
1.15105
1.14982
1.14354
1.14209
1.14353
1.14596
1.14931
1.15929
1.17805
1.18845
1.19337
1.1967
1.1985
1.19175
1.18551
1.18574
1.18771
1.19023
1.19407
1.20738
1.22824
1.23896
1.24454
1.24857
1.24907
1.23866
1.23129
1.23173
1.234
1.23682
1.24105
1.2568
1.27937
1.29057
1.29626
1.3011
1.30308
1.29259
1.28158
1.28049
1.28312
1.2865
1.29134
1.30828
1.33253
1.34486
1.35069
1.35534
1.35852
1.35111
1.33757
1.33339
1.33553
1.33988
1.34598
1.36403
1.38916
1.403
1.41005
1.41486
1.41815
1.41387
1.39847
1.38965
1.39015
1.39418
1.40161
1.42199
1.44725
1.46216
1.47017
1.4759
1.47968
1.47671
1.45993
1.44421
1.43962
1.44132
1.44842
1.47089
1.49142
1.50186
1.50312
1.51869
2.23796
5.79999
1.10318
1.10919
1.11162
1.11164
1.10614
1.10435
1.10599
1.10859
1.11209
1.12298
1.13953
1.14771
1.15155
1.15451
1.15647
1.15131
1.14546
1.14559
1.14801
1.151
1.15566
1.17051
1.18857
1.1967
1.20069
1.20372
1.20285
1.19322
1.18802
1.18874
1.19136
1.19465
1.20009
1.21784
1.23818
1.24745
1.25215
1.25589
1.25395
1.24154
1.23441
1.23416
1.23642
1.23995
1.24586
1.26536
1.28795
1.29864
1.30375
1.30845
1.30925
1.297
1.28604
1.28431
1.28629
1.28954
1.29514
1.31359
1.33768
1.34998
1.35657
1.36225
1.36586
1.35864
1.34417
1.33884
1.34038
1.34379
1.34935
1.36747
1.39203
1.40554
1.4125
1.41838
1.42366
1.42161
1.40658
1.39619
1.39508
1.3981
1.40362
1.42209
1.44865
1.46454
1.47243
1.47778
1.48195
1.48125
1.46599
1.44763
1.44022
1.44058
1.44581
1.46649
1.48695
1.4946
1.51448
2.27104
5.79694
1.10533
1.11266
1.1152
1.11717
1.11311
1.10833
1.10875
1.11094
1.11358
1.11879
1.13431
1.14839
1.15453
1.15794
1.16096
1.16046
1.15227
1.14902
1.15059
1.15338
1.15652
1.16296
1.18123
1.19678
1.20343
1.20718
1.20984
1.20557
1.1948
1.19164
1.19363
1.19702
1.20061
1.20733
1.22777
1.24589
1.25369
1.25839
1.26151
1.2578
1.24406
1.23753
1.23864
1.24218
1.2464
1.25337
1.27454
1.29554
1.30501
1.31002
1.31363
1.31413
1.30135
1.2897
1.28795
1.2909
1.29507
1.30147
1.32174
1.3461
1.3581
1.36374
1.36796
1.37121
1.36414
1.34858
1.34192
1.34316
1.34722
1.35309
1.37123
1.39765
1.41288
1.42016
1.42563
1.43041
1.42853
1.41276
1.39962
1.39718
1.40053
1.40639
1.42315
1.44933
1.46648
1.47509
1.48073
1.48499
1.48584
1.47188
1.4504
1.43961
1.43863
1.44223
1.4617
1.47822
1.50289
2.30427
5.79068
1.10658
1.1161
1.11874
1.12127
1.12042
1.11376
1.1116
1.11303
1.11544
1.1186
1.12725
1.14551
1.15679
1.16177
1.16503
1.16732
1.16219
1.15435
1.15359
1.15546
1.158
1.16128
1.17019
1.1909
1.20447
1.21036
1.21431
1.21619
1.2084
1.19862
1.19751
1.19965
1.20237
1.20559
1.21371
1.23572
1.25214
1.25896
1.26371
1.26729
1.26242
1.24917
1.24443
1.24605
1.24903
1.2525
1.2593
1.28065
1.30034
1.30877
1.31372
1.31816
1.3189
1.30672
1.29574
1.29489
1.29827
1.3026
1.30865
1.3277
1.35051
1.36123
1.36686
1.37152
1.37484
1.36941
1.35443
1.34725
1.3486
1.35301
1.35943
1.37736
1.40286
1.41753
1.42486
1.42995
1.4336
1.43309
1.41968
1.40593
1.40223
1.40418
1.40872
1.4227
1.44928
1.46866
1.47795
1.48308
1.48653
1.48721
1.47638
1.45393
1.4391
1.4356
1.4388
1.45359
1.48425
2.32736
5.78187
1.10586
1.11891
1.12216
1.1245
1.12577
1.12094
1.11539
1.11569
1.11817
1.12106
1.12519
1.13794
1.15595
1.16467
1.16875
1.17132
1.17125
1.16255
1.15662
1.15715
1.15981
1.1629
1.16719
1.17992
1.2011
1.21262
1.21775
1.22127
1.2213
1.21042
1.20154
1.20063
1.20294
1.20612
1.21022
1.22147
1.24474
1.25987
1.26627
1.27035
1.2737
1.26708
1.2535
1.24864
1.24945
1.25207
1.25611
1.26467
1.2875
1.3069
1.3155
1.32029
1.32502
1.32555
1.31333
1.30242
1.30093
1.30274
1.3059
1.31191
1.33148
1.35442
1.36592
1.37195
1.37739
1.3816
1.37722
1.36227
1.35476
1.35564
1.35883
1.36359
1.379
1.40393
1.41927
1.42691
1.43291
1.43837
1.44018
1.42783
1.4114
1.40561
1.40734
1.41167
1.42368
1.44851
1.46807
1.47764
1.48294
1.48691
1.48871
1.48081
1.45841
1.43889
1.43237
1.43149
1.46127
2.32923
5.77185
1.10198
1.11939
1.12419
1.12709
1.12956
1.12938
1.12258
1.11995
1.12177
1.12453
1.12732
1.13198
1.14719
1.16344
1.17038
1.17407
1.1767
1.17434
1.16445
1.16101
1.16294
1.16615
1.16946
1.17389
1.18837
1.20853
1.21812
1.22277
1.226
1.22528
1.21365
1.20561
1.20578
1.20896
1.21281
1.21726
1.22934
1.25218
1.26569
1.27187
1.2758
1.27833
1.27169
1.25781
1.25284
1.25461
1.25838
1.26293
1.27191
1.29448
1.31319
1.32183
1.32665
1.33044
1.33104
1.3187
1.30615
1.3038
1.30675
1.31112
1.31779
1.33728
1.36088
1.37321
1.37905
1.38343
1.38753
1.38413
1.3688
1.3588
1.35806
1.36158
1.36642
1.37977
1.40613
1.42483
1.43349
1.43874
1.44303
1.44485
1.43531
1.4191
1.4112
1.41117
1.41391
1.42132
1.4443
1.46689
1.47852
1.48413
1.48745
1.48886
1.48404
1.46361
1.44095
1.42619
1.43749
2.30736
5.76198
1.09664
1.1154
1.12591
1.13058
1.13332
1.13566
1.13249
1.12598
1.12542
1.12718
1.12926
1.13186
1.1376
1.15525
1.17073
1.17737
1.18119
1.18362
1.17819
1.1689
1.16741
1.16928
1.17149
1.17402
1.17853
1.1949
1.21456
1.2238
1.22891
1.2329
1.23157
1.2196
1.21281
1.21343
1.21573
1.21837
1.22201
1.23448
1.25705
1.26991
1.27577
1.28046
1.28391
1.27799
1.26495
1.26083
1.26244
1.26526
1.26871
1.2765
1.29848
1.317
1.32512
1.32987
1.33404
1.33545
1.32543
1.31364
1.31129
1.31395
1.31796
1.32359
1.34098
1.36438
1.37684
1.38331
1.3881
1.39164
1.39007
1.37604
1.36454
1.36319
1.3666
1.37152
1.38313
1.40755
1.42676
1.43611
1.4419
1.44714
1.45088
1.44378
1.42512
1.41346
1.41185
1.41478
1.42163
1.44242
1.46543
1.47824
1.4843
1.48736
1.48842
1.4852
1.46867
1.43929
1.42828
2.26095
5.75364
1.09523
1.10621
1.12379
1.13303
1.13703
1.13961
1.14123
1.13533
1.12948
1.12935
1.13142
1.13403
1.13705
1.14478
1.16452
1.17879
1.18491
1.18815
1.1896
1.18182
1.17257
1.17077
1.17252
1.17517
1.17826
1.18422
1.20308
1.22261
1.2315
1.23591
1.2393
1.23697
1.22419
1.21662
1.21625
1.21842
1.22142
1.22582
1.24043
1.26363
1.27698
1.28292
1.28733
1.2908
1.28417
1.27055
1.26494
1.26529
1.26776
1.2715
1.28012
1.30252
1.32161
1.3305
1.33609
1.34115
1.34319
1.33373
1.32069
1.31671
1.31797
1.32066
1.32566
1.3423
1.36654
1.38043
1.3871
1.39239
1.39723
1.39771
1.38528
1.37279
1.3697
1.37103
1.37411
1.38234
1.40621
1.42952
1.44117
1.44681
1.45098
1.45339
1.44921
1.43312
1.4198
1.41607
1.41711
1.42084
1.43783
1.46246
1.47741
1.48375
1.4863
1.48663
1.48462
1.46769
1.44213
2.21318
5.74986
1.09675
1.1013
1.11427
1.1318
1.13993
1.144
1.14685
1.14688
1.1384
1.13356
1.1342
1.13638
1.13888
1.1419
1.15115
1.17221
1.18523
1.191
1.19452
1.19531
1.18582
1.17662
1.17535
1.17755
1.18064
1.18392
1.19013
1.21026
1.22873
1.23658
1.24118
1.24447
1.24199
1.2289
1.22092
1.22082
1.22377
1.22754
1.23222
1.24707
1.27025
1.28285
1.2888
1.29261
1.29555
1.29009
1.2757
1.269
1.26983
1.27336
1.2776
1.28614
1.30856
1.32846
1.33769
1.34267
1.34645
1.34889
1.34051
1.32543
1.31947
1.32099
1.32483
1.33005
1.34583
1.37099
1.38698
1.39425
1.39893
1.40341
1.40477
1.39317
1.37755
1.37166
1.37335
1.37754
1.38561
1.40709
1.43012
1.44214
1.4481
1.45329
1.45777
1.45673
1.44113
1.42368
1.41679
1.41706
1.42024
1.43419
1.45867
1.47494
1.48166
1.48367
1.48484
1.48077
1.47453
2.19242
5.74632
1.09863
1.10193
1.10712
1.12403
1.14106
1.14823
1.15212
1.15471
1.15121
1.14109
1.13758
1.1382
1.13971
1.1421
1.14574
1.15817
1.18053
1.19261
1.19802
1.20198
1.20181
1.19058
1.18184
1.18124
1.1829
1.18501
1.18801
1.19531
1.21675
1.23447
1.24202
1.24691
1.25079
1.24824
1.23487
1.22747
1.22797
1.23045
1.23332
1.23752
1.2522
1.27445
1.28645
1.29212
1.29667
1.30042
1.29616
1.28273
1.2764
1.27743
1.28031
1.28394
1.29145
1.31235
1.33156
1.34046
1.34553
1.34976
1.35252
1.34704
1.33322
1.32676
1.32766
1.33148
1.33636
1.34908
1.37317
1.38987
1.39788
1.40286
1.40599
1.40842
1.4017
1.38688
1.37973
1.37956
1.38202
1.38677
1.40376
1.42972
1.44575
1.45278
1.45697
1.45984
1.45984
1.44836
1.43005
1.42008
1.4183
1.41984
1.42923
1.4533
1.47193
1.47962
1.48246
1.47976
1.49281
2.20048
5.74226
1.10146
1.10468
1.10761
1.11542
1.13532
1.15022
1.15629
1.15944
1.16078
1.15329
1.1423
1.13965
1.14132
1.14396
1.14699
1.15206
1.16825
1.19003
1.20051
1.20528
1.20862
1.2074
1.19395
1.18448
1.18374
1.18615
1.18911
1.19289
1.2025
1.22532
1.24224
1.24932
1.25322
1.25647
1.25357
1.23944
1.23147
1.2313
1.23377
1.237
1.24184
1.25753
1.28036
1.29304
1.29881
1.30282
1.30677
1.30298
1.28907
1.28172
1.28173
1.28402
1.28745
1.29428
1.31445
1.33473
1.34489
1.35071
1.3561
1.35997
1.35585
1.34172
1.33343
1.33324
1.33549
1.33917
1.34885
1.37176
1.39016
1.3993
1.40585
1.41181
1.41573
1.41158
1.39569
1.38397
1.38182
1.38476
1.38958
1.40389
1.42844
1.44525
1.45294
1.45792
1.46248
1.46501
1.45667
1.4362
1.42166
1.41764
1.41853
1.42534
1.44786
1.46762
1.47696
1.47692
1.49659
2.22878
5.73853
1.10573
1.10861
1.11116
1.11427
1.12348
1.14389
1.15665
1.16212
1.16516
1.16535
1.15514
1.14536
1.14463
1.14716
1.15039
1.15387
1.15922
1.17641
1.19655
1.20522
1.20924
1.21203
1.21057
1.19788
1.18932
1.18932
1.19221
1.19592
1.20002
1.20944
1.23134
1.24683
1.2532
1.257
1.2597
1.25772
1.24504
1.23678
1.2367
1.23975
1.24376
1.24895
1.26337
1.28535
1.29787
1.30391
1.30766
1.3106
1.30871
1.2958
1.28683
1.28614
1.28916
1.29324
1.29989
1.31853
1.34015
1.35157
1.35726
1.36129
1.36491
1.36332
1.3495
1.33834
1.33617
1.33884
1.34301
1.35117
1.37292
1.39506
1.40648
1.41228
1.41665
1.4202
1.41844
1.40388
1.39062
1.38718
1.38855
1.39156
1.40034
1.42434
1.44654
1.45721
1.46181
1.46509
1.46684
1.46185
1.44306
1.42509
1.41805
1.4175
1.42183
1.44183
1.46257
1.46977
1.4936
2.26643
5.73326
1.11111
1.11168
1.11354
1.11584
1.11915
1.12989
1.15096
1.16275
1.16774
1.17114
1.17086
1.15944
1.15136
1.15146
1.15356
1.15575
1.15851
1.16393
1.18217
1.20138
1.20979
1.21423
1.2181
1.21698
1.20465
1.19673
1.19691
1.19902
1.20109
1.20443
1.21341
1.23487
1.25035
1.25701
1.26161
1.26568
1.26493
1.25318
1.24489
1.24482
1.24714
1.24973
1.25344
1.26588
1.28734
1.30038
1.30646
1.31108
1.31541
1.31572
1.30448
1.29515
1.29414
1.29639
1.29939
1.30414
1.31987
1.34141
1.3535
1.35971
1.36445
1.36877
1.3695
1.35908
1.34693
1.34348
1.3454
1.34895
1.35516
1.37278
1.39498
1.40751
1.41434
1.41935
1.42388
1.42443
1.41268
1.39691
1.38978
1.39051
1.39429
1.40186
1.42296
1.44543
1.4569
1.46203
1.46579
1.46888
1.46761
1.45092
1.42884
1.41775
1.41599
1.4183
1.43642
1.45304
1.48198
2.30163
5.72436
1.11765
1.11357
1.11532
1.11802
1.12059
1.12451
1.13726
1.15784
1.16889
1.1739
1.17675
1.17559
1.16427
1.156
1.15525
1.15757
1.16031
1.16337
1.16953
1.18854
1.20761
1.21643
1.22074
1.22383
1.22257
1.21055
1.20139
1.20016
1.20244
1.20528
1.20884
1.21814
1.24009
1.25678
1.26414
1.26815
1.27175
1.27163
1.25978
1.24968
1.24761
1.24939
1.25234
1.25646
1.2689
1.29147
1.30641
1.31342
1.31797
1.32255
1.32348
1.31278
1.30126
1.29782
1.29881
1.30134
1.30579
1.31994
1.34306
1.35758
1.36492
1.37071
1.3757
1.37783
1.36878
1.35474
1.34892
1.34926
1.351
1.35538
1.36962
1.39432
1.41091
1.41886
1.42382
1.42848
1.43104
1.42248
1.40584
1.39703
1.39561
1.39674
1.40031
1.41669
1.4423
1.45801
1.46474
1.46814
1.47032
1.47014
1.45764
1.43391
1.41816
1.41372
1.41561
1.42774
1.46248
2.32378
5.71265
1.12859
1.11891
1.11841
1.12057
1.12294
1.12537
1.12885
1.14175
1.16257
1.17348
1.17858
1.18219
1.1816
1.17066
1.16221
1.1613
1.16314
1.16564
1.16856
1.17399
1.19235
1.21156
1.22025
1.22481
1.22837
1.22852
1.21759
1.2076
1.20587
1.2077
1.21061
1.21435
1.2227
1.2439
1.26106
1.26864
1.27305
1.27623
1.27699
1.26693
1.25526
1.25221
1.25442
1.25815
1.2629
1.27368
1.29555
1.31158
1.31905
1.32345
1.32664
1.3286
1.32023
1.30657
1.30136
1.30288
1.30645
1.31144
1.32365
1.34666
1.36349
1.37142
1.37608
1.37956
1.38217
1.37646
1.3612
1.35201
1.35149
1.35474
1.3596
1.37176
1.39572
1.41466
1.42391
1.42877
1.43264
1.43535
1.4303
1.41312
1.39935
1.3957
1.39755
1.4016
1.41566
1.44051
1.45763
1.46504
1.46851
1.4708
1.47164
1.46338
1.44034
1.41968
1.41171
1.40826
1.43917
2.31988
5.69924
1.13987
1.13099
1.12372
1.12336
1.12438
1.12579
1.12854
1.1327
1.14735
1.16924
1.18058
1.18555
1.18935
1.18883
1.17724
1.168
1.16641
1.16699
1.16834
1.17141
1.17754
1.19684
1.21687
1.22622
1.23137
1.23558
1.23604
1.22477
1.21365
1.21145
1.21266
1.21458
1.21813
1.22637
1.24744
1.26504
1.27272
1.27764
1.28203
1.28375
1.27457
1.26259
1.25964
1.2616
1.26436
1.26787
1.27664
1.29757
1.31398
1.32156
1.32631
1.33053
1.33355
1.32774
1.31517
1.30961
1.31064
1.31348
1.31698
1.32582
1.34665
1.36402
1.37268
1.37784
1.38218
1.38601
1.3837
1.37142
1.36155
1.35958
1.36137
1.36455
1.37211
1.39296
1.4138
1.4246
1.43018
1.43445
1.43711
1.43602
1.42282
1.40802
1.40223
1.40192
1.4037
1.4115
1.43459
1.45487
1.46451
1.46868
1.4708
1.47169
1.46737
1.44784
1.42401
1.40727
1.41853
2.29013
5.68598
1.14471
1.14694
1.13586
1.12797
1.12683
1.12863
1.13106
1.13394
1.13857
1.15508
1.17678
1.18716
1.1921
1.19539
1.19495
1.18198
1.17068
1.16873
1.17068
1.17339
1.17678
1.18386
1.20477
1.22461
1.23331
1.23759
1.24081
1.24152
1.22999
1.21721
1.21436
1.21657
1.21965
1.22357
1.23193
1.25317
1.2716
1.27987
1.28409
1.28722
1.28913
1.28115
1.26774
1.2629
1.26442
1.26771
1.27175
1.2797
1.3003
1.31902
1.32808
1.33261
1.33657
1.3401
1.33642
1.32313
1.31476
1.31391
1.31637
1.31976
1.3261
1.34525
1.36629
1.37777
1.38375
1.38861
1.39276
1.39329
1.38242
1.3687
1.36304
1.36352
1.36643
1.37105
1.38809
1.41166
1.42531
1.43201
1.43774
1.4422
1.44362
1.43315
1.41464
1.40366
1.40151
1.40349
1.40866
1.42814
1.45115
1.4634
1.46846
1.47079
1.47179
1.46976
1.45547
1.4254
1.41386
2.23759
5.67621
1.14692
1.15531
1.15509
1.14344
1.13444
1.13347
1.13492
1.13707
1.13949
1.14389
1.16096
1.18177
1.19102
1.19532
1.19847
1.19817
1.18649
1.17609
1.17493
1.17704
1.17994
1.18376
1.19092
1.21021
1.22827
1.23613
1.24024
1.24316
1.2439
1.23524
1.22397
1.22139
1.22337
1.22646
1.23064
1.23793
1.25668
1.27452
1.28286
1.28736
1.29024
1.29203
1.28731
1.27524
1.26935
1.27025
1.27366
1.27816
1.28503
1.30242
1.32164
1.33206
1.3374
1.34063
1.34332
1.34292
1.33189
1.32118
1.31859
1.32106
1.32503
1.33109
1.34617
1.36766
1.38185
1.3888
1.39305
1.39625
1.39829
1.39105
1.37599
1.36727
1.3665
1.36963
1.37434
1.38789
1.4118
1.42945
1.43752
1.44168
1.4448
1.44632
1.43961
1.42156
1.40768
1.40343
1.40406
1.40743
1.4233
1.44774
1.46304
1.46915
1.47095
1.4709
1.46992
1.45623
1.4336
2.19077
5.67059
1.14803
1.16064
1.16439
1.16294
1.14918
1.13902
1.13738
1.13791
1.13944
1.14234
1.14816
1.16658
1.18684
1.19598
1.20025
1.20399
1.20454
1.19293
1.18244
1.18124
1.1833
1.18561
1.18861
1.19493
1.21356
1.23166
1.24002
1.24431
1.2484
1.25076
1.24344
1.23188
1.22857
1.23017
1.23237
1.23519
1.24069
1.2573
1.27585
1.28533
1.29035
1.29521
1.29893
1.29663
1.28544
1.27838
1.27836
1.2804
1.28269
1.28698
1.30123
1.32119
1.33296
1.33908
1.34391
1.34832
1.35048
1.34279
1.3312
1.3271
1.32788
1.32946
1.33281
1.34352
1.36514
1.38132
1.38951
1.3947
1.39913
1.40303
1.39999
1.38634
1.37572
1.37323
1.37436
1.37707
1.38564
1.40812
1.42739
1.43671
1.44192
1.4459
1.44909
1.44655
1.4305
1.41368
1.4065
1.40557
1.40715
1.41845
1.44316
1.46069
1.46759
1.46908
1.46999
1.46639
1.46726
2.17727
5.66568
1.1457
1.16364
1.16686
1.16933
1.16747
1.15169
1.14058
1.13967
1.14187
1.14457
1.14804
1.1546
1.17314
1.19241
1.20135
1.2057
1.20852
1.20901
1.1992
1.18837
1.18595
1.18799
1.19094
1.19444
1.20051
1.21707
1.23547
1.24517
1.25009
1.25341
1.25591
1.25092
1.23904
1.23331
1.23379
1.23653
1.23983
1.2447
1.25923
1.27952
1.29152
1.29735
1.30137
1.30498
1.30499
1.29393
1.28337
1.28063
1.28237
1.28553
1.28953
1.30099
1.32271
1.33855
1.3464
1.35105
1.35554
1.35851
1.35267
1.33856
1.32983
1.32879
1.33126
1.33495
1.34251
1.36292
1.38377
1.39505
1.40105
1.40593
1.40981
1.40911
1.39609
1.38078
1.37451
1.37503
1.37825
1.3836
1.40223
1.42604
1.43981
1.44589
1.44967
1.45291
1.45298
1.44013
1.42002
1.40838
1.40573
1.40668
1.41351
1.43661
1.45704
1.46541
1.46833
1.4656
1.48321
2.19073
5.66014
1.13789
1.16009
1.16561
1.16841
1.16924
1.16682
1.15363
1.1455
1.14578
1.14844
1.15144
1.15486
1.16056
1.17684
1.19508
1.20407
1.20869
1.21277
1.21469
1.20732
1.19665
1.19368
1.19502
1.19721
1.19976
1.20377
1.21771
1.23696
1.24765
1.2532
1.25766
1.26116
1.25893
1.2479
1.24072
1.2403
1.24223
1.24502
1.24895
1.26046
1.28075
1.29439
1.3014
1.30598
1.30933
1.31074
1.30301
1.29117
1.28635
1.28715
1.29028
1.29471
1.30379
1.3237
1.34163
1.35113
1.35607
1.35911
1.36155
1.35988
1.34812
1.33714
1.33404
1.33585
1.33974
1.34634
1.3635
1.38581
1.39941
1.40572
1.40935
1.4117
1.41277
1.4043
1.38841
1.37922
1.3781
1.38101
1.38596
1.40142
1.4257
1.44188
1.4489
1.45218
1.45438
1.45488
1.44669
1.42662
1.41087
1.40549
1.40563
1.4105
1.43145
1.45295
1.46369
1.46409
1.48602
2.22224
5.65389
1.12874
1.14202
1.15597
1.16372
1.16693
1.16918
1.17036
1.16177
1.15399
1.1532
1.15496
1.15711
1.15954
1.16408
1.17914
1.19911
1.21034
1.2157
1.21963
1.22228
1.21598
1.20358
1.198
1.19766
1.19898
1.20166
1.20626
1.21976
1.24064
1.2538
1.26009
1.26456
1.26845
1.26764
1.25612
1.24643
1.24457
1.24596
1.24817
1.25178
1.26154
1.28205
1.29778
1.3054
1.31059
1.31524
1.31808
1.31245
1.29963
1.29325
1.2939
1.29604
1.29883
1.30465
1.32206
1.34164
1.35207
1.35792
1.3632
1.3674
1.36842
1.35895
1.34615
1.34167
1.34278
1.34512
1.34874
1.36071
1.3827
1.39797
1.40541
1.41051
1.41522
1.41851
1.41429
1.39908
1.38774
1.38501
1.38589
1.38829
1.39744
1.42058
1.43924
1.44754
1.45152
1.45465
1.45686
1.45316
1.43511
1.41576
1.4071
1.40568
1.40831
1.42619
1.44826
1.45647
1.48235
2.26032
5.64543
1.12396
1.12512
1.13468
1.15332
1.16614
1.17334
1.17799
1.18033
1.17388
1.16403
1.1602
1.16044
1.1624
1.16503
1.16863
1.18139
1.20298
1.21554
1.22134
1.22492
1.22741
1.22316
1.20979
1.20177
1.20147
1.20411
1.20753
1.21236
1.22431
1.24558
1.25973
1.26604
1.26976
1.27262
1.27299
1.26261
1.25069
1.24784
1.24993
1.25314
1.25731
1.26573
1.28557
1.30326
1.31187
1.31658
1.31985
1.32262
1.32012
1.30743
1.29796
1.29645
1.2989
1.30244
1.3074
1.32179
1.34357
1.35766
1.36428
1.36836
1.37165
1.37432
1.36879
1.35459
1.34573
1.34436
1.34681
1.35054
1.35849
1.37937
1.40036
1.41118
1.41621
1.41996
1.42345
1.4228
1.4091
1.39321
1.38618
1.38609
1.38871
1.39414
1.4138
1.43704
1.44915
1.45404
1.45696
1.4595
1.45904
1.44481
1.42174
1.40808
1.40495
1.40574
1.42076
1.43867
1.46986
2.29373
5.63353
1.11819
1.11661
1.12011
1.13342
1.15861
1.17571
1.18477
1.19001
1.19258
1.18613
1.17277
1.16634
1.16527
1.16559
1.1675
1.17126
1.18446
1.20675
1.21926
1.22477
1.22901
1.23241
1.22939
1.21608
1.20852
1.20859
1.21103
1.21396
1.21797
1.22831
1.24812
1.26184
1.26809
1.27192
1.27529
1.27633
1.26908
1.25888
1.25565
1.2574
1.26046
1.2642
1.27075
1.2863
1.3036
1.31317
1.31812
1.32187
1.3248
1.32532
1.31708
1.30682
1.3036
1.30523
1.30866
1.31306
1.3225
1.34176
1.35727
1.36538
1.37037
1.37448
1.37766
1.37645
1.3648
1.35316
1.34952
1.35115
1.35487
1.36097
1.37752
1.39888
1.41179
1.41851
1.42297
1.42579
1.42653
1.41757
1.4007
1.39033
1.38833
1.39041
1.39488
1.41098
1.43481
1.44977
1.45609
1.45891
1.46078
1.46126
1.45201
1.42829
1.40927
1.40284
1.40366
1.41371
1.4506
2.312
5.61853
1.11597
1.11428
1.11872
1.12569
1.14467
1.17479
1.18942
1.19487
1.19869
1.19997
1.191
1.17287
1.165
1.16532
1.16744
1.17042
1.17587
1.19041
1.2127
1.22577
1.23118
1.23433
1.23679
1.23495
1.22273
1.2137
1.21276
1.21513
1.21822
1.22252
1.2309
1.24922
1.26486
1.27251
1.27653
1.28008
1.28311
1.27888
1.26787
1.2625
1.263
1.2653
1.2675
1.27162
1.28387
1.30285
1.31525
1.32161
1.32669
1.33163
1.33436
1.3287
1.31725
1.31173
1.31165
1.31215
1.31431
1.3203
1.3378
1.35744
1.36838
1.3741
1.37966
1.38411
1.38558
1.37648
1.36304
1.3571
1.35658
1.35729
1.36039
1.37189
1.39475
1.41166
1.41952
1.42433
1.42881
1.43176
1.42709
1.41051
1.3971
1.39305
1.39321
1.39491
1.4047
1.42921
1.44774
1.45539
1.45889
1.46125
1.46239
1.45688
1.43622
1.41342
1.40304
1.39762
1.4274
2.30358
5.60282
1.11762
1.1164
1.12186
1.13129
1.14496
1.16687
1.18809
1.19657
1.19984
1.20028
1.19772
1.18805
1.1727
1.16831
1.16995
1.17318
1.17782
1.18388
1.19699
1.21679
1.22885
1.23421
1.23744
1.23925
1.23885
1.23029
1.22143
1.21936
1.2212
1.22438
1.22848
1.23434
1.24916
1.26615
1.27612
1.28152
1.28495
1.28781
1.28705
1.27774
1.26914
1.26682
1.26874
1.27201
1.27612
1.28461
1.30306
1.31944
1.32805
1.33302
1.33687
1.34025
1.33856
1.32656
1.31571
1.31286
1.31476
1.3184
1.32369
1.33739
1.3588
1.37382
1.38094
1.3854
1.3891
1.39191
1.38621
1.37012
1.35919
1.35704
1.35926
1.36305
1.37204
1.39351
1.41432
1.42486
1.42971
1.43322
1.43621
1.43444
1.41896
1.40102
1.3931
1.39262
1.39487
1.40247
1.4247
1.44604
1.45601
1.45978
1.46177
1.46324
1.46121
1.44475
1.4196
1.40019
1.41055
2.26833
5.58906
1.12771
1.12809
1.13607
1.14488
1.15204
1.15908
1.17266
1.18615
1.19136
1.19252
1.19276
1.19272
1.18945
1.18125
1.17834
1.18009
1.18338
1.18668
1.19046
1.19924
1.21639
1.22933
1.23568
1.24002
1.24439
1.24673
1.24073
1.2309
1.2275
1.22842
1.22972
1.23171
1.23554
1.24757
1.26589
1.27781
1.28437
1.28967
1.29396
1.29552
1.28836
1.27799
1.27411
1.27479
1.27651
1.27933
1.28529
1.3021
1.32008
1.33034
1.33617
1.34039
1.34405
1.34449
1.3359
1.32451
1.3204
1.32101
1.32315
1.32664
1.33651
1.3576
1.37461
1.38343
1.38837
1.39184
1.39378
1.39217
1.3801
1.36824
1.36441
1.36505
1.36744
1.37279
1.39066
1.41276
1.42559
1.43173
1.43524
1.43691
1.43703
1.42708
1.40928
1.39876
1.39624
1.39717
1.40155
1.4202
1.44331
1.45598
1.46094
1.46261
1.46315
1.46152
1.4513
1.42296
1.40901
2.21505
5.57961
1.1479
1.14984
1.15158
1.15434
1.15723
1.15832
1.15837
1.16303
1.17462
1.18483
1.19172
1.19705
1.20093
1.20153
1.19518
1.1898
1.18875
1.18985
1.19182
1.19453
1.19972
1.21455
1.23114
1.241
1.24651
1.25031
1.25308
1.25018
1.23903
1.23126
1.23022
1.23222
1.23496
1.23827
1.24781
1.26793
1.28397
1.29183
1.29623
1.3
1.30295
1.298
1.28488
1.27706
1.27652
1.27901
1.28232
1.2868
1.30042
1.32097
1.33432
1.34064
1.34492
1.34943
1.35189
1.34586
1.33193
1.3238
1.32314
1.32589
1.32958
1.33561
1.35309
1.37309
1.38402
1.38956
1.39479
1.39904
1.40027
1.39093
1.37591
1.36797
1.36731
1.36962
1.37274
1.38449
1.40727
1.42334
1.43046
1.43527
1.43975
1.4421
1.43683
1.419
1.404
1.39875
1.39868
1.40049
1.41348
1.43804
1.45356
1.45944
1.4617
1.46256
1.46327
1.45324
1.43451
2.17153
5.57357
1.16942
1.17651
1.17108
1.16467
1.15961
1.15244
1.14722
1.14731
1.15348
1.16962
1.18754
1.19993
1.20865
1.21429
1.21657
1.2111
1.2016
1.19622
1.1946
1.19447
1.19567
1.19913
1.21192
1.23145
1.24371
1.25022
1.2548
1.25847
1.25806
1.2476
1.23772
1.23541
1.23678
1.23948
1.24366
1.25184
1.26981
1.28693
1.29596
1.30083
1.30366
1.30548
1.30356
1.29273
1.28343
1.2814
1.2837
1.28749
1.29241
1.3028
1.32212
1.33781
1.34559
1.3496
1.35206
1.35403
1.35231
1.34155
1.33139
1.32832
1.33005
1.33365
1.33859
1.35183
1.37314
1.38796
1.39479
1.39881
1.40149
1.40349
1.39907
1.38467
1.37308
1.36966
1.37119
1.37434
1.38266
1.40366
1.42444
1.43508
1.43969
1.4427
1.44484
1.44288
1.42754
1.40848
1.3993
1.398
1.3996
1.40875
1.43282
1.45232
1.46072
1.46267
1.4637
1.46095
1.46647
2.16319
5.56686
1.18614
1.19786
1.19495
1.18022
1.15989
1.14576
1.14004
1.14048
1.14342
1.15187
1.17409
1.19994
1.21523
1.2232
1.22758
1.22897
1.22069
1.20465
1.19475
1.19192
1.19277
1.1955
1.20094
1.21448
1.23615
1.2501
1.25645
1.2607
1.26443
1.26529
1.25571
1.24413
1.24103
1.24299
1.24602
1.24897
1.25416
1.26947
1.28739
1.29716
1.30188
1.30601
1.31
1.31128
1.30342
1.29336
1.29034
1.29184
1.29437
1.29702
1.30271
1.31881
1.33561
1.34476
1.35024
1.35539
1.35979
1.36143
1.3539
1.34214
1.33669
1.33681
1.33873
1.34183
1.35004
1.36902
1.38562
1.39446
1.39977
1.40443
1.4082
1.408
1.39603
1.3818
1.37587
1.37575
1.37776
1.38273
1.39985
1.42171
1.4343
1.44007
1.44358
1.44632
1.44657
1.43596
1.41589
1.40298
1.39927
1.39957
1.40606
1.42889
1.45031
1.45968
1.46315
1.46089
1.47978
2.17788
5.55851
1.19191
1.20362
1.20284
1.19485
1.16882
1.14466
1.13917
1.14026
1.14359
1.15049
1.16459
1.19298
1.21744
1.22604
1.22966
1.23136
1.22999
1.21966
1.20099
1.19357
1.19466
1.19778
1.2023
1.20887
1.22174
1.24307
1.25648
1.26227
1.26538
1.26739
1.26829
1.26207
1.25118
1.24649
1.24738
1.25025
1.25366
1.25845
1.26999
1.28769
1.30058
1.30738
1.3115
1.31488
1.31764
1.3141
1.30313
1.2959
1.29457
1.29615
1.29887
1.30269
1.31474
1.33483
1.34952
1.35694
1.36149
1.36523
1.36859
1.3651
1.35177
1.34176
1.33915
1.34014
1.34243
1.34736
1.36361
1.38587
1.39968
1.40622
1.4104
1.41429
1.41574
1.4064
1.38939
1.37951
1.37775
1.37886
1.38144
1.39318
1.41779
1.43512
1.44229
1.44609
1.44944
1.45087
1.44419
1.42387
1.40663
1.40054
1.40024
1.40328
1.42306
1.44644
1.45832
1.45949
1.48216
2.20993
5.55007
1.19038
1.2008
1.19503
1.18106
1.16599
1.15266
1.14577
1.14629
1.15147
1.16244
1.17581
1.19057
1.20877
1.22116
1.22558
1.22522
1.22121
1.21662
1.21197
1.20492
1.20285
1.20535
1.20972
1.21511
1.22138
1.22972
1.24397
1.25574
1.26178
1.26535
1.26822
1.27131
1.27014
1.26224
1.25588
1.25503
1.25701
1.25972
1.26307
1.26975
1.28464
1.30006
1.30931
1.31487
1.31902
1.32234
1.32253
1.31428
1.3041
1.29935
1.29965
1.30274
1.30685
1.31512
1.33313
1.35016
1.35986
1.36542
1.3693
1.37229
1.37194
1.36137
1.3479
1.342
1.34295
1.34623
1.35104
1.36354
1.38526
1.40142
1.40954
1.41368
1.41631
1.41784
1.41272
1.39626
1.38287
1.37906
1.38053
1.38379
1.39373
1.41682
1.43669
1.44573
1.44904
1.45092
1.45195
1.44882
1.43135
1.41034
1.40054
1.39944
1.40232
1.42036
1.44362
1.45299
1.47934
2.24642
5.53966
1.17296
1.17857
1.17336
1.17082
1.17034
1.16727
1.16375
1.16429
1.17011
1.17836
1.18492
1.18898
1.19339
1.20054
1.20758
1.21206
1.215
1.21782
1.22128
1.22373
1.22186
1.21878
1.2186
1.22052
1.22243
1.22378
1.22734
1.23785
1.25253
1.26289
1.26959
1.27509
1.27961
1.28106
1.27434
1.26468
1.26084
1.26121
1.26221
1.26416
1.26864
1.28188
1.3008
1.31297
1.31908
1.32421
1.32855
1.33086
1.32484
1.31247
1.30588
1.30578
1.30706
1.3092
1.31421
1.32972
1.35001
1.36211
1.36773
1.37211
1.37629
1.37836
1.37094
1.35723
1.35044
1.34973
1.35066
1.35288
1.36015
1.38028
1.39931
1.40858
1.41339
1.4172
1.42047
1.4194
1.40632
1.39219
1.38619
1.38533
1.38652
1.39107
1.41062
1.43287
1.44344
1.44772
1.45035
1.45255
1.45226
1.44025
1.41765
1.40385
1.4007
1.40181
1.41755
1.43633
1.46729
2.2774
5.52601
1.14969
1.14728
1.15548
1.16463
1.17176
1.17952
1.18774
1.1932
1.19404
1.19306
1.19231
1.18942
1.18287
1.17995
1.18382
1.19499
1.20847
1.21956
1.22917
1.23744
1.24182
1.24062
1.23348
1.22691
1.22338
1.22243
1.22287
1.22515
1.2326
1.24961
1.26638
1.27607
1.2812
1.28479
1.28752
1.28452
1.27341
1.26471
1.2632
1.26539
1.26862
1.2731
1.28327
1.3024
1.31795
1.32534
1.32949
1.33263
1.33497
1.33257
1.32062
1.31033
1.30789
1.30993
1.31344
1.31834
1.33024
1.35071
1.36577
1.37299
1.37714
1.38043
1.38317
1.38014
1.36637
1.35456
1.35085
1.35211
1.35518
1.36074
1.37735
1.39889
1.41201
1.41825
1.42202
1.42535
1.4263
1.41661
1.39877
1.3873
1.38466
1.38628
1.38987
1.40475
1.429
1.44357
1.44935
1.45261
1.45562
1.45677
1.44888
1.42544
1.40626
1.39997
1.40113
1.41094
1.44851
2.29436
5.51042
1.12778
1.12495
1.13362
1.151
1.17227
1.19413
1.21209
1.21928
1.21992
1.21288
1.19979
1.18466
1.17222
1.16787
1.16926
1.17481
1.1907
1.21496
1.23465
1.24732
1.2536
1.25701
1.2546
1.24191
1.22874
1.22217
1.22049
1.22191
1.2252
1.23294
1.25112
1.2697
1.27966
1.2852
1.28963
1.2931
1.29178
1.28093
1.27165
1.26966
1.27152
1.2744
1.27774
1.28472
1.30163
1.31748
1.32606
1.33075
1.3341
1.33684
1.337
1.33038
1.32031
1.31642
1.31724
1.31965
1.3227
1.32953
1.34675
1.36394
1.37387
1.3792
1.38272
1.38504
1.38589
1.37726
1.36437
1.35825
1.35778
1.3596
1.36303
1.37441
1.39559
1.41215
1.42036
1.42419
1.42648
1.42807
1.42388
1.40774
1.3933
1.38813
1.38832
1.39094
1.40226
1.42602
1.44404
1.45192
1.45506
1.45685
1.45789
1.45382
1.4338
1.41058
1.40014
1.39549
1.42562
2.28855
5.49423
1.11966
1.11666
1.12118
1.13238
1.16227
1.20492
1.22392
1.23001
1.23325
1.23085
1.21568
1.18593
1.16833
1.16575
1.16757
1.17219
1.18134
1.20327
1.23553
1.25136
1.25692
1.25981
1.26051
1.25626
1.24024
1.22402
1.22068
1.22241
1.22564
1.23076
1.23851
1.25523
1.27598
1.28729
1.29216
1.29474
1.29655
1.29707
1.29013
1.27844
1.27369
1.27458
1.27769
1.28139
1.28587
1.29774
1.31567
1.32777
1.33389
1.33787
1.34281
1.34577
1.34211
1.33017
1.32186
1.32003
1.32132
1.32346
1.32738
1.34041
1.36069
1.37384
1.3803
1.38635
1.39127
1.39384
1.38841
1.37365
1.36323
1.36058
1.36111
1.36288
1.36943
1.3895
1.40925
1.41888
1.42436
1.42946
1.43265
1.43178
1.41789
1.40031
1.39224
1.39103
1.39194
1.39779
1.42017
1.44132
1.45051
1.45471
1.45767
1.45944
1.4581
1.44181
1.41701
1.39853
1.40919
2.25372
5.48031
1.12147
1.11775
1.12343
1.13982
1.17277
1.20548
1.22373
1.23084
1.23282
1.22551
1.20638
1.18686
1.17387
1.17005
1.17167
1.17803
1.19215
1.20987
1.22897
1.24634
1.25456
1.25708
1.25446
1.24913
1.24396
1.23621
1.22874
1.22808
1.23123
1.23647
1.2435
1.25139
1.26268
1.27812
1.2878
1.29248
1.29542
1.29645
1.29751
1.2964
1.28859
1.28229
1.28086
1.28261
1.28613
1.29008
1.29709
1.313
1.32911
1.33867
1.34362
1.3469
1.34984
1.35
1.34087
1.32907
1.32332
1.32348
1.32636
1.33007
1.33941
1.35977
1.37812
1.38703
1.3916
1.39492
1.39704
1.39499
1.38164
1.3669
1.36128
1.36194
1.36467
1.36989
1.38713
1.41045
1.42408
1.42978
1.43307
1.43563
1.43657
1.42557
1.40485
1.39269
1.39031
1.39188
1.39664
1.41602
1.43993
1.45277
1.45769
1.45981
1.46087
1.45996
1.44938
1.42052
1.40732
2.20167
5.47131
1.13086
1.12991
1.14193
1.16198
1.17883
1.19531
1.21059
1.21741
1.21456
1.20555
1.19903
1.19406
1.18764
1.18465
1.18759
1.19657
1.2074
1.21535
1.22105
1.22845
1.23634
1.24055
1.24208
1.24361
1.24609
1.24866
1.24846
1.24622
1.24578
1.24752
1.25044
1.25337
1.25527
1.25888
1.26855
1.28037
1.28838
1.29419
1.3008
1.30605
1.30812
1.30317
1.2943
1.28978
1.28931
1.28919
1.29067
1.29502
1.30868
1.3273
1.33893
1.34573
1.35136
1.3557
1.35787
1.3515
1.33816
1.3303
1.32913
1.33069
1.33349
1.3396
1.35781
1.37709
1.38752
1.39277
1.39621
1.39928
1.39974
1.39008
1.3755
1.36797
1.3674
1.36957
1.37311
1.386
1.40812
1.42336
1.43005
1.43362
1.43609
1.43732
1.43168
1.41301
1.39857
1.39413
1.39451
1.39735
1.41361
1.43795
1.45233
1.45822
1.46051
1.46123
1.46131
1.45088
1.43078
2.15905
5.46571
1.15231
1.15473
1.16774
1.17827
1.18317
1.18651
1.18908
1.18832
1.18762
1.1904
1.19475
1.19818
1.20274
1.2088
1.21499
1.21843
1.22004
1.2214
1.22007
1.2145
1.2121
1.21659
1.22681
1.23762
1.24653
1.25579
1.26478
1.26951
1.26867
1.26299
1.25726
1.25313
1.24953
1.24803
1.25043
1.25903
1.27606
1.29258
1.3033
1.31039
1.31543
1.31873
1.31559
1.30278
1.29178
1.28853
1.28982
1.29259
1.29611
1.30662
1.32788
1.34493
1.35302
1.35723
1.3603
1.36284
1.36003
1.34631
1.33443
1.33113
1.33276
1.33625
1.34055
1.35373
1.3755
1.39019
1.3968
1.40025
1.40342
1.4057
1.40015
1.38434
1.37319
1.37068
1.37198
1.37384
1.38099
1.40249
1.42173
1.43028
1.43464
1.43908
1.44162
1.43923
1.42265
1.40488
1.3975
1.39661
1.39773
1.40787
1.43275
1.45042
1.45774
1.46009
1.4621
1.46038
1.46405
2.14793
5.45874
1.17725
1.19047
1.19067
1.19021
1.1882
1.17925
1.16566
1.16012
1.1633
1.17292
1.18668
1.20073
1.21879
1.23583
1.24257
1.24266
1.23696
1.22708
1.21419
1.2016
1.197
1.19857
1.20521
1.22143
1.24331
1.26234
1.27609
1.28301
1.28652
1.28445
1.27217
1.25668
1.2474
1.24514
1.24683
1.25046
1.25844
1.27747
1.29906
1.31125
1.31683
1.32037
1.32231
1.31992
1.30873
1.29671
1.29259
1.29373
1.2968
1.30195
1.31042
1.3279
1.34518
1.3544
1.35916
1.36223
1.36325
1.36316
1.3553
1.34314
1.33732
1.33755
1.34071
1.34516
1.35423
1.37307
1.3899
1.39886
1.4031
1.40543
1.40748
1.40614
1.39323
1.37879
1.37278
1.37326
1.37603
1.38194
1.4003
1.42212
1.43411
1.43893
1.44174
1.44384
1.44358
1.43091
1.41009
1.39824
1.39571
1.39701
1.40519
1.42899
1.44974
1.45898
1.46277
1.46123
1.47913
2.16009
5.44874
1.20197
1.21824
1.21664
1.20802
1.19185
1.16905
1.15144
1.14689
1.14876
1.15458
1.16903
1.19779
1.23324
1.25055
1.25658
1.25942
1.25676
1.24193
1.2134
1.19698
1.1944
1.19627
1.20058
1.20912
1.23095
1.26341
1.27988
1.28599
1.28928
1.29008
1.28501
1.26796
1.2504
1.2458
1.24735
1.25081
1.25706
1.26686
1.28589
1.30532
1.31511
1.31936
1.32137
1.32313
1.32386
1.31705
1.30571
1.30086
1.30187
1.30476
1.30708
1.31096
1.32331
1.34147
1.35293
1.35845
1.36292
1.36773
1.37086
1.36724
1.35559
1.34751
1.34562
1.34537
1.34617
1.3505
1.36586
1.38547
1.3967
1.40263
1.40768
1.41172
1.41336
1.40432
1.38843
1.3798
1.37776
1.37801
1.38055
1.39449
1.41809
1.43254
1.43894
1.44259
1.44527
1.44633
1.43838
1.41805
1.40256
1.39758
1.39754
1.40325
1.42654
1.4487
1.45962
1.46102
1.48278
2.18913
5.43859
1.20994
1.22704
1.22847
1.22599
1.20546
1.16785
1.1495
1.1467
1.14816
1.15322
1.16688
1.20013
1.23444
1.25121
1.25785
1.26049
1.25406
1.23455
1.21496
1.20212
1.19807
1.19943
1.20506
1.21856
1.23673
1.25665
1.27458
1.28331
1.28619
1.28294
1.27626
1.27066
1.26328
1.25579
1.25492
1.25871
1.26511
1.27173
1.2777
1.2891
1.30463
1.31451
1.3195
1.32263
1.32462
1.32627
1.32471
1.31646
1.30888
1.30639
1.30755
1.31032
1.31399
1.3216
1.33797
1.35411
1.36348
1.36909
1.37359
1.37727
1.37773
1.36681
1.35238
1.34523
1.34439
1.34621
1.34958
1.36099
1.38378
1.40114
1.40957
1.41428
1.41797
1.42007
1.41307
1.39481
1.3805
1.37617
1.3773
1.37998
1.38973
1.41436
1.43369
1.44161
1.44518
1.44811
1.44978
1.4453
1.42567
1.4058
1.39821
1.39802
1.40239
1.42375
1.44709
1.45579
1.48098
2.22386
5.4275
1.20835
1.2259
1.22656
1.21485
1.19331
1.17358
1.15887
1.15425
1.15621
1.16555
1.18473
1.20415
1.22388
1.24036
1.24757
1.24617
1.23645
1.22806
1.22246
1.21595
1.21212
1.2141
1.22243
1.2334
1.24159
1.2477
1.25621
1.26504
1.2691
1.2695
1.27005
1.27226
1.27504
1.27584
1.27499
1.27463
1.27567
1.27767
1.28014
1.28201
1.28539
1.29422
1.30579
1.31468
1.32073
1.32594
1.33081
1.33391
1.33099
1.32225
1.31626
1.3144
1.31432
1.31572
1.31951
1.33233
1.35119
1.36463
1.37253
1.3774
1.38097
1.38288
1.37568
1.36001
1.35003
1.34765
1.34921
1.35263
1.36148
1.38259
1.40256
1.41277
1.41716
1.41939
1.42012
1.41678
1.40155
1.38527
1.3791
1.37958
1.38245
1.39089
1.41394
1.43524
1.44449
1.44762
1.4492
1.45035
1.4488
1.43279
1.41023
1.3995
1.39859
1.40247
1.42379
1.44221
1.47186
2.25504
5.41467
1.19289
1.20704
1.20315
1.19498
1.18975
1.1857
1.17894
1.17485
1.17779
1.1887
1.2007
1.20754
1.21235
1.21822
1.22187
1.2217
1.22186
1.22431
1.22728
1.23063
1.23517
1.24081
1.24451
1.24627
1.24763
1.24728
1.24244
1.2398
1.24374
1.25308
1.26318
1.27183
1.28138
1.29245
1.2986
1.29898
1.29357
1.28739
1.28259
1.27696
1.27369
1.27544
1.283
1.29881
1.31485
1.32615
1.33532
1.34208
1.34576
1.34498
1.33387
1.32121
1.31522
1.31382
1.31481
1.31796
1.32785
1.34955
1.36709
1.37552
1.3807
1.38502
1.38774
1.3836
1.36762
1.35513
1.3523
1.35361
1.35547
1.3602
1.37833
1.4001
1.41117
1.41575
1.41921
1.42219
1.42205
1.4104
1.39376
1.3857
1.38476
1.38611
1.38994
1.40901
1.43157
1.44196
1.44602
1.4488
1.45129
1.45241
1.44139
1.41767
1.40296
1.39988
1.40338
1.41951
1.45533
2.27501
5.40063
1.17266
1.17497
1.17621
1.18143
1.18707
1.19071
1.19652
1.20429
1.21072
1.21257
1.21262
1.21236
1.20754
1.19683
1.19195
1.1956
1.20525
1.2176
1.2294
1.24416
1.26111
1.26863
1.26916
1.26398
1.25515
1.24318
1.22968
1.2233
1.22431
1.23053
1.24564
1.26684
1.28775
1.30384
1.31191
1.31575
1.31471
1.30274
1.28506
1.27377
1.27022
1.27136
1.27439
1.28118
1.29895
1.32315
1.3373
1.3437
1.34759
1.3505
1.35078
1.33947
1.32181
1.31467
1.3152
1.3179
1.32209
1.33063
1.35166
1.37156
1.38073
1.38487
1.38775
1.38951
1.38733
1.37407
1.36004
1.35472
1.35515
1.35771
1.36208
1.3767
1.39925
1.41356
1.41961
1.42259
1.42492
1.4263
1.41926
1.40128
1.38849
1.38494
1.38625
1.38955
1.40391
1.4278
1.44225
1.44824
1.45162
1.45492
1.45679
1.44992
1.42627
1.40629
1.40065
1.399
1.43388
2.2745
5.38593
1.15394
1.14555
1.14977
1.16116
1.17738
1.1939
1.21392
1.23243
1.23902
1.23844
1.23047
1.21795
1.20011
1.18266
1.17687
1.17856
1.1848
1.19952
1.22506
1.25646
1.2756
1.2822
1.28516
1.28379
1.27283
1.24613
1.22538
1.22073
1.22231
1.22617
1.23362
1.25312
1.28692
1.30709
1.31423
1.31794
1.31871
1.31373
1.29753
1.27799
1.27101
1.27172
1.27499
1.28152
1.29253
1.31084
1.33094
1.34201
1.34716
1.34966
1.34888
1.34593
1.33928
1.32814
1.32269
1.32312
1.32601
1.32956
1.33536
1.35047
1.36831
1.37847
1.38337
1.38649
1.38883
1.38967
1.38389
1.37101
1.3631
1.36177
1.36338
1.36606
1.37452
1.39419
1.41091
1.41898
1.42308
1.42599
1.42838
1.42672
1.41135
1.395
1.38856
1.38818
1.3905
1.40117
1.42449
1.44218
1.45061
1.45467
1.45729
1.45913
1.45562
1.43473
1.41178
1.39793
1.4117
2.24982
5.37251
1.14695
1.13629
1.13826
1.1435
1.15455
1.18395
1.22335
1.24208
1.24783
1.25081
1.24965
1.23498
1.2015
1.18047
1.17646
1.17783
1.18238
1.19318
1.22055
1.25676
1.27587
1.28301
1.28594
1.28226
1.26629
1.24669
1.23177
1.22531
1.22591
1.23069
1.2432
1.26069
1.27937
1.29838
1.30876
1.31212
1.30972
1.30408
1.29947
1.29295
1.28423
1.28162
1.28467
1.29065
1.29628
1.30108
1.31175
1.3279
1.33841
1.34293
1.34502
1.34748
1.3503
1.34973
1.34096
1.33263
1.33002
1.33069
1.33189
1.33423
1.3432
1.36211
1.37692
1.38452
1.38982
1.3954
1.39843
1.39573
1.38213
1.36975
1.36503
1.36377
1.36416
1.36889
1.38693
1.40793
1.41913
1.42534
1.43107
1.43451
1.43454
1.42078
1.40127
1.39179
1.38983
1.39043
1.39649
1.41945
1.44126
1.45131
1.4561
1.45937
1.46151
1.45971
1.44293
1.41344
1.4075
2.20107
5.36276
1.14991
1.1386
1.14038
1.14633
1.16049
1.1879
1.21962
1.24025
1.24768
1.24965
1.24271
1.22481
1.20607
1.19043
1.18419
1.18549
1.1927
1.20828
1.2261
1.24476
1.26315
1.27217
1.27317
1.26636
1.25842
1.25302
1.2464
1.24109
1.24119
1.24761
1.25804
1.26614
1.27151
1.27871
1.28782
1.29379
1.29611
1.29782
1.30045
1.30368
1.30504
1.30349
1.30141
1.30102
1.30171
1.30324
1.30492
1.30766
1.31632
1.32935
1.34008
1.34721
1.35235
1.35641
1.35888
1.35499
1.34453
1.33589
1.3323
1.33308
1.33578
1.34137
1.35764
1.37745
1.38973
1.39555
1.39921
1.40211
1.4025
1.39102
1.37325
1.36414
1.36312
1.36511
1.36917
1.38491
1.40987
1.42514
1.4312
1.43473
1.43742
1.4385
1.42672
1.40406
1.39109
1.38878
1.39038
1.39602
1.41819
1.44261
1.45479
1.45963
1.46212
1.46318
1.46243
1.4457
1.42145
2.15391
5.35703
1.16523
1.15242
1.15479
1.16244
1.17463
1.18795
1.20384
1.22102
1.2305
1.23095
1.22518
1.22036
1.21684
1.21046
1.20513
1.20573
1.21295
1.22326
1.2305
1.23525
1.24157
1.24768
1.24999
1.25076
1.25289
1.25578
1.25905
1.263
1.26793
1.27095
1.27186
1.2723
1.27156
1.26658
1.26335
1.2668
1.27689
1.28906
1.29928
1.30844
1.31897
1.32586
1.32677
1.32122
1.31377
1.30744
1.30054
1.29547
1.29656
1.30415
1.32137
1.33855
1.35013
1.35967
1.36625
1.36986
1.36843
1.35612
1.34272
1.33695
1.33562
1.33677
1.3402
1.35421
1.37648
1.39066
1.39735
1.40138
1.4047
1.40603
1.39717
1.37968
1.36957
1.36781
1.36932
1.37214
1.38521
1.40952
1.42522
1.43185
1.43534
1.4376
1.43812
1.43057
1.41037
1.39621
1.39259
1.39354
1.3977
1.41785
1.44262
1.45552
1.46062
1.46255
1.46421
1.46139
1.455
2.13224
5.35148
1.18779
1.17791
1.17635
1.17956
1.18483
1.18902
1.19277
1.19703
1.20194
1.20683
1.21212
1.21735
1.22091
1.22577
1.23203
1.23676
1.23757
1.23671
1.23597
1.23284
1.22495
1.21991
1.22231
1.23103
1.24333
1.25534
1.26822
1.28528
1.29483
1.2968
1.29203
1.2825
1.27018
1.25654
1.24848
1.24861
1.25365
1.26811
1.2901
1.31174
1.3292
1.33856
1.34241
1.34215
1.3319
1.31236
1.29672
1.29106
1.29167
1.29447
1.30142
1.32129
1.34774
1.36287
1.36935
1.37333
1.37599
1.37471
1.36153
1.34315
1.335
1.33493
1.33762
1.34157
1.35263
1.37637
1.39432
1.40173
1.40506
1.40794
1.40989
1.40412
1.38613
1.37314
1.37016
1.37186
1.37401
1.38203
1.40538
1.42429
1.43189
1.43548
1.43901
1.44103
1.43689
1.41876
1.40197
1.39596
1.39621
1.39868
1.4144
1.43987
1.45458
1.46033
1.46337
1.46252
1.47684
2.13942
5.34364
1.20031
1.20759
1.20592
1.20031
1.19528
1.19101
1.18601
1.17934
1.17634
1.17976
1.19066
1.20641
1.22147
1.23765
1.25485
1.2628
1.26392
1.25743
1.24607
1.231
1.21478
1.20661
1.20683
1.21124
1.22285
1.24503
1.2745
1.29678
1.30605
1.31005
1.31069
1.30299
1.27896
1.25416
1.24645
1.2472
1.25049
1.25691
1.27392
1.30828
1.33191
1.34027
1.34397
1.34474
1.34037
1.32581
1.30316
1.2925
1.29218
1.2953
1.30171
1.31273
1.3336
1.35701
1.36844
1.37298
1.37476
1.37338
1.37077
1.36159
1.34614
1.339
1.33917
1.3424
1.34786
1.35723
1.37764
1.39559
1.40388
1.40723
1.40868
1.40966
1.40699
1.39279
1.37886
1.37341
1.37384
1.37646
1.38342
1.40394
1.42473
1.43477
1.43855
1.44091
1.44271
1.44166
1.42765
1.40775
1.39782
1.39654
1.39885
1.41176
1.43724
1.45425
1.46233
1.46333
1.48333
2.16258
5.33336
1.20672
1.22203
1.22575
1.22464
1.21482
1.19995
1.18426
1.17336
1.16988
1.17124
1.17488
1.1838
1.20783
1.2416
1.26073
1.26813
1.27175
1.27362
1.26617
1.23869
1.21375
1.20643
1.20691
1.21007
1.21744
1.23588
1.27071
1.29619
1.30644
1.31037
1.30932
1.29748
1.27954
1.26275
1.25249
1.25143
1.2553
1.26548
1.28076
1.29932
1.32118
1.3336
1.33743
1.33538
1.32947
1.32428
1.3182
1.30863
1.30452
1.30696
1.31259
1.31852
1.32417
1.33609
1.35207
1.36149
1.36521
1.36724
1.36972
1.37211
1.36902
1.35852
1.35125
1.34998
1.35138
1.35332
1.35663
1.37065
1.38915
1.39943
1.40432
1.40808
1.41185
1.4135
1.4044
1.38891
1.38045
1.37847
1.3788
1.38165
1.39766
1.42015
1.43254
1.43817
1.44182
1.44473
1.44609
1.43681
1.41527
1.40109
1.39746
1.3985
1.4093
1.43554
1.4547
1.46116
1.48423
2.19466
5.32264
1.20309
1.22356
1.22742
1.2292
1.22809
1.21511
1.19241
1.1765
1.17219
1.17366
1.17847
1.18915
1.20632
1.23202
1.25622
1.26695
1.27062
1.26874
1.25869
1.24401
1.22637
1.21543
1.21465
1.21908
1.22943
1.2433
1.25869
1.27927
1.29325
1.29761
1.29452
1.28874
1.285
1.27909
1.27123
1.26803
1.27149
1.27954
1.2873
1.29286
1.3005
1.3113
1.31859
1.32112
1.32244
1.32477
1.32788
1.33008
1.32878
1.32562
1.32404
1.32405
1.32453
1.32455
1.32736
1.33794
1.352
1.36224
1.36921
1.37555
1.38097
1.38214
1.374
1.36164
1.35398
1.35113
1.35079
1.35266
1.36243
1.38386
1.40047
1.40945
1.41537
1.41988
1.42167
1.41477
1.39623
1.38155
1.37674
1.37721
1.37932
1.39136
1.41676
1.43424
1.44159
1.44595
1.44917
1.45093
1.44427
1.42124
1.40238
1.39721
1.39825
1.4083
1.4355
1.45187
1.47949
2.22878
5.31156
1.18477
1.21237
1.21952
1.22224
1.22295
1.22227
1.21337
1.19627
1.18734
1.18737
1.19173
1.19826
1.20523
1.21517
1.23292
1.24844
1.25471
1.25481
1.2531
1.25196
1.24745
1.23867
1.23427
1.23634
1.24264
1.2494
1.25395
1.25956
1.2677
1.27445
1.2784
1.28207
1.2856
1.28869
1.29254
1.29542
1.29568
1.29452
1.29409
1.29352
1.28998
1.28703
1.29047
1.30049
1.31276
1.32335
1.33269
1.34334
1.35057
1.35168
1.3451
1.33518
1.32581
1.31823
1.31482
1.31668
1.32601
1.34517
1.36347
1.37625
1.38455
1.39026
1.39307
1.38767
1.37106
1.35622
1.35028
1.35028
1.35252
1.35937
1.38049
1.40316
1.41497
1.41947
1.42215
1.42357
1.41942
1.40122
1.38316
1.37726
1.37806
1.38073
1.39172
1.41798
1.43812
1.4457
1.44871
1.45085
1.45243
1.4481
1.42569
1.40402
1.39753
1.3986
1.41139
1.43451
1.46746
2.25416
5.3003
1.16867
1.18439
1.20219
1.21291
1.21801
1.22049
1.22251
1.22142
1.21418
1.20746
1.20483
1.20523
1.20723
1.20988
1.21258
1.21932
1.23025
1.24054
1.24825
1.25327
1.25808
1.26346
1.26474
1.26145
1.25781
1.25593
1.25373
1.24885
1.24444
1.24616
1.2548
1.2687
1.28233
1.2952
1.31
1.31937
1.32178
1.31699
1.30688
1.29538
1.28274
1.27379
1.27273
1.27685
1.29008
1.31186
1.33395
1.35177
1.36194
1.36634
1.36667
1.35533
1.33361
1.31706
1.31121
1.31172
1.31431
1.32247
1.34546
1.37084
1.38594
1.39369
1.3977
1.39916
1.39309
1.37279
1.35537
1.35023
1.35121
1.35375
1.35952
1.38143
1.40595
1.41663
1.42041
1.42277
1.42441
1.42167
1.40585
1.38867
1.38234
1.38268
1.3848
1.39289
1.41767
1.43728
1.44479
1.44817
1.45071
1.45298
1.45142
1.43309
1.40999
1.40098
1.40224
1.41147
1.44966
2.26256
5.28899
1.16507
1.16601
1.17207
1.18847
1.20485
1.2166
1.22634
1.23484
1.23889
1.23655
1.22664
1.21683
1.21061
1.20656
1.20269
1.20084
1.20372
1.21486
1.23368
1.25133
1.26578
1.27852
1.2856
1.2872
1.28101
1.26931
1.25656
1.24321
1.23495
1.23417
1.23731
1.24617
1.26636
1.29531
1.31664
1.32634
1.33068
1.33301
1.32931
1.30975
1.283
1.27204
1.27158
1.27402
1.2788
1.29323
1.32731
1.35339
1.36328
1.36764
1.36928
1.36569
1.34906
1.32429
1.31274
1.31177
1.31439
1.31957
1.33041
1.35766
1.38361
1.39357
1.39718
1.39799
1.39577
1.38985
1.37191
1.35593
1.35194
1.35363
1.35765
1.36469
1.38373
1.40673
1.41795
1.42207
1.42374
1.42492
1.42485
1.41334
1.39515
1.38615
1.38516
1.38742
1.39297
1.4135
1.43471
1.44454
1.44913
1.4526
1.45598
1.45691
1.44294
1.41818
1.40545
1.40137
1.42653
2.25058
5.2787
1.16509
1.16104
1.16242
1.16732
1.18163
1.20652
1.22758
1.2381
1.24315
1.2463
1.24737
1.23997
1.22473
1.20978
1.20063
1.19876
1.20064
1.20379
1.21189
1.23461
1.26416
1.28098
1.28792
1.29128
1.29329
1.28923
1.26905
1.245
1.23531
1.23502
1.23784
1.24424
1.25768
1.28491
1.31315
1.3264
1.331
1.33233
1.32678
1.31317
1.2943
1.27918
1.27569
1.27838
1.28598
1.29808
1.31484
1.33966
1.35541
1.36089
1.36079
1.35674
1.3518
1.34222
1.32808
1.32197
1.32356
1.32913
1.33721
1.34704
1.36383
1.37974
1.38672
1.38867
1.38858
1.38712
1.38587
1.37834
1.36732
1.36314
1.36426
1.36721
1.37107
1.38248
1.40215
1.41479
1.42014
1.42297
1.42477
1.42702
1.42225
1.40494
1.39201
1.38816
1.38921
1.39317
1.40957
1.43165
1.4449
1.45192
1.45619
1.45923
1.46109
1.45164
1.42758
1.40626
1.41133
2.21344
5.26945
1.17152
1.16245
1.16398
1.16827
1.17655
1.19064
1.21267
1.23221
1.24258
1.24713
1.24944
1.24977
1.24369
1.22461
1.20733
1.20216
1.20367
1.20859
1.21701
1.22773
1.24646
1.27089
1.28383
1.28809
1.28852
1.28467
1.27696
1.26161
1.24751
1.2443
1.24721
1.25357
1.26174
1.27174
1.29139
1.31075
1.31911
1.32042
1.31829
1.31589
1.3112
1.30071
1.29306
1.29308
1.2981
1.30447
1.30954
1.31733
1.3316
1.34275
1.34756
1.34945
1.3514
1.35361
1.352
1.34554
1.34113
1.34074
1.34242
1.3443
1.34464
1.35126
1.36548
1.37718
1.38348
1.38744
1.39301
1.3967
1.39444
1.38338
1.37394
1.36978
1.36726
1.36718
1.37375
1.39293
1.40976
1.41831
1.4251
1.43171
1.43508
1.43228
1.4146
1.39757
1.39089
1.38929
1.39065
1.40321
1.42851
1.44576
1.45414
1.45939
1.46309
1.46472
1.45804
1.43091
1.41225
2.16349
5.26288
1.19112
1.1759
1.175
1.17774
1.18124
1.18531
1.19253
1.20943
1.22901
1.23921
1.2425
1.24286
1.24235
1.24093
1.232
1.22114
1.21753
1.21909
1.22237
1.22592
1.23123
1.24533
1.26444
1.27484
1.27834
1.27931
1.28063
1.28074
1.2739
1.26507
1.26194
1.26334
1.26699
1.27075
1.27493
1.28353
1.29572
1.30512
1.31098
1.31471
1.31777
1.32149
1.32173
1.31711
1.31277
1.31119
1.31071
1.30851
1.30711
1.31265
1.32571
1.33904
1.34889
1.35736
1.36665
1.37136
1.36859
1.35932
1.34942
1.34148
1.33629
1.33455
1.33856
1.35335
1.37284
1.38721
1.39688
1.40504
1.40966
1.4095
1.39647
1.37765
1.3665
1.36336
1.36366
1.36767
1.38655
1.41163
1.42589
1.43262
1.43714
1.44036
1.43925
1.42073
1.39814
1.38865
1.38803
1.39018
1.40133
1.42902
1.45
1.4593
1.46354
1.4659
1.46704
1.45794
1.43587
2.1261
5.25851
1.20963
1.2039
1.19395
1.18718
1.18538
1.18713
1.19065
1.19543
1.20328
1.21666
1.22919
1.23711
1.2423
1.24802
1.2524
1.25096
1.2413
1.23226
1.22826
1.22844
1.23077
1.23269
1.2359
1.24688
1.26158
1.27283
1.28068
1.28779
1.29388
1.29457
1.28763
1.27961
1.27503
1.27225
1.26855
1.2653
1.26747
1.27824
1.29532
1.31053
1.323
1.33504
1.34275
1.34414
1.33645
1.32426
1.31317
1.30234
1.29475
1.29419
1.29929
1.31556
1.3386
1.35954
1.37482
1.38315
1.38635
1.38384
1.36887
1.348
1.33389
1.32883
1.3293
1.33286
1.34744
1.37479
1.3967
1.40814
1.41342
1.41669
1.41604
1.40107
1.37696
1.36429
1.36211
1.36381
1.36776
1.38733
1.41514
1.43027
1.43686
1.4404
1.44254
1.44018
1.42254
1.39988
1.39014
1.3894
1.3916
1.40384
1.43274
1.45321
1.46159
1.46492
1.46725
1.46567
1.46457
2.11684
5.2544
1.21666
1.22412
1.22247
1.21121
1.19958
1.19472
1.1931
1.18947
1.18816
1.19119
1.20275
1.22252
1.23988
1.25141
1.259
1.2646
1.26656
1.25946
1.24647
1.23693
1.22997
1.22418
1.22269
1.22548
1.23558
1.25639
1.27697
1.29131
1.30081
1.30742
1.31032
1.30557
1.29209
1.27746
1.26512
1.25854
1.25806
1.26084
1.27041
1.29316
1.32054
1.33888
1.34785
1.35194
1.35396
1.34844
1.32779
1.30361
1.29336
1.29306
1.29558
1.3002
1.31699
1.35179
1.3756
1.38411
1.38776
1.38926
1.38548
1.36445
1.33855
1.32869
1.32866
1.33134
1.33717
1.35517
1.38841
1.40747
1.4137
1.4164
1.41682
1.41349
1.39692
1.37383
1.36395
1.36362
1.36659
1.37126
1.3897
1.41848
1.43315
1.43826
1.44072
1.44224
1.44063
1.42502
1.40325
1.39355
1.39334
1.39596
1.40682
1.43354
1.45316
1.46131
1.46517
1.46465
1.47956
2.12916
5.24849
1.21744
1.22827
1.23121
1.23273
1.22561
1.20846
1.19365
1.18759
1.18725
1.18925
1.1923
1.19993
1.22166
1.24601
1.2605
1.26762
1.27165
1.27432
1.27207
1.25547
1.23445
1.2246
1.22337
1.22519
1.22883
1.23677
1.25784
1.28395
1.30158
1.30957
1.31316
1.31531
1.31205
1.29353
1.27026
1.25979
1.25909
1.26187
1.26759
1.27912
1.30467
1.33325
1.3476
1.3523
1.35398
1.35052
1.3385
1.3166
1.30024
1.29672
1.29911
1.30494
1.31459
1.33339
1.36237
1.37826
1.38318
1.38343
1.38016
1.37454
1.35853
1.34117
1.33617
1.3385
1.34448
1.35283
1.36769
1.39078
1.40402
1.4084
1.40927
1.40857
1.40676
1.39611
1.37911
1.37106
1.37084
1.37381
1.37931
1.39478
1.41857
1.43213
1.43745
1.43956
1.43943
1.43867
1.43044
1.41207
1.39998
1.39743
1.39934
1.40795
1.43167
1.45092
1.46075
1.46317
1.48309
2.15737
5.24057
1.20831
1.22816
1.23212
1.23455
1.23567
1.22936
1.20914
1.19397
1.19013
1.19136
1.19483
1.20048
1.20734
1.22488
1.25022
1.26544
1.27139
1.27391
1.27185
1.26582
1.25375
1.23851
1.23113
1.23088
1.23368
1.23767
1.24299
1.26008
1.28796
1.30407
1.30932
1.31004
1.30746
1.30335
1.29182
1.27581
1.26928
1.27038
1.27425
1.27929
1.28758
1.30926
1.33237
1.34201
1.34385
1.34264
1.3411
1.33655
1.32365
1.3128
1.31055
1.31342
1.31855
1.32449
1.33686
1.35638
1.3684
1.37281
1.37418
1.37526
1.37539
1.36747
1.35637
1.352
1.35273
1.35535
1.35796
1.36422
1.37986
1.3939
1.40124
1.40477
1.40704
1.40915
1.40633
1.39495
1.38518
1.38134
1.38065
1.38122
1.38916
1.41006
1.42542
1.43242
1.43688
1.44159
1.4446
1.44106
1.42313
1.40613
1.39976
1.39995
1.40548
1.42725
1.44918
1.45856
1.48207
2.19185
5.23065
1.18798
1.21507
1.22515
1.22873
1.22999
1.23073
1.22948
1.21808
1.20599
1.20152
1.20221
1.20494
1.20819
1.21229
1.22393
1.24469
1.25899
1.26494
1.26749
1.26984
1.27169
1.26579
1.25164
1.24229
1.24044
1.24244
1.24633
1.25156
1.26127
1.27982
1.29468
1.30166
1.30481
1.30724
1.30932
1.3034
1.28987
1.28261
1.28213
1.28482
1.28889
1.29319
1.30283
1.31874
1.33065
1.33715
1.34081
1.34433
1.34684
1.34084
1.33085
1.32579
1.32492
1.32584
1.32557
1.32716
1.33886
1.3553
1.3666
1.37365
1.3805
1.38676
1.38642
1.37644
1.36565
1.35879
1.35433
1.35167
1.35365
1.36607
1.38522
1.3986
1.40718
1.41575
1.42179
1.42196
1.4102
1.39231
1.38055
1.37696
1.37709
1.38188
1.40098
1.42271
1.43598
1.44326
1.44843
1.45188
1.45103
1.43297
1.4092
1.39846
1.39785
1.4025
1.42675
1.44726
1.47595
2.22629
5.22005
1.17879
1.18833
1.20336
1.21711
1.22543
1.23094
1.23529
1.23829
1.2343
1.22269
1.21423
1.2111
1.21127
1.21289
1.21358
1.21662
1.22995
1.24944
1.26394
1.27156
1.27545
1.27856
1.27819
1.26856
1.25716
1.25203
1.25138
1.25039
1.24876
1.25156
1.26467
1.28558
1.30112
1.30853
1.31213
1.31591
1.31705
1.30973
1.30006
1.29483
1.29156
1.28612
1.28423
1.28862
1.30468
1.32488
1.33867
1.34694
1.35419
1.36015
1.3601
1.34965
1.33682
1.32609
1.31739
1.31327
1.31513
1.32617
1.34866
1.36924
1.38449
1.39585
1.40186
1.40248
1.39104
1.37145
1.35481
1.3459
1.34362
1.34577
1.35683
1.38132
1.40461
1.41975
1.42749
1.43095
1.43104
1.41858
1.39432
1.37805
1.37299
1.37305
1.37672
1.39646
1.42527
1.44201
1.44921
1.45326
1.45624
1.45563
1.43703
1.40888
1.3965
1.39601
1.40434
1.4281
1.46345
2.25122
5.21046
1.17678
1.17489
1.17782
1.19073
1.21085
1.22731
1.23736
1.24361
1.24823
1.249
1.24052
1.22759
1.2181
1.21159
1.20774
1.20744
1.21024
1.22056
1.24424
1.26558
1.27683
1.28403
1.28938
1.2915
1.28522
1.26988
1.256
1.2476
1.24478
1.24537
1.24804
1.2576
1.28048
1.30134
1.31343
1.32244
1.32904
1.33185
1.32636
1.30985
1.29328
1.2839
1.28113
1.28225
1.28527
1.29754
1.3216
1.34307
1.35817
1.36828
1.37304
1.37323
1.35944
1.33485
1.3171
1.31162
1.31252
1.31517
1.32317
1.34923
1.38028
1.39777
1.40436
1.40704
1.40705
1.39464
1.36587
1.34654
1.34259
1.34416
1.34715
1.35778
1.39065
1.41827
1.42764
1.43081
1.4324
1.43125
1.41725
1.38898
1.37368
1.3719
1.37404
1.37986
1.404
1.43412
1.44752
1.45234
1.45541
1.45722
1.45549
1.43657
1.40892
1.39711
1.39855
1.40846
1.44679
2.25487
5.20431
1.17815
1.17453
1.17626
1.17909
1.18695
1.20714
1.22986
1.24467
1.25205
1.25584
1.25788
1.25327
1.23645
1.21754
1.20851
1.20799
1.21003
1.2136
1.22172
1.24411
1.27037
1.28558
1.29127
1.29393
1.29583
1.29298
1.27554
1.25477
1.24606
1.2457
1.24804
1.25193
1.25964
1.28094
1.30764
1.32356
1.32996
1.33352
1.33539
1.33118
1.31102
1.29081
1.28242
1.28203
1.28444
1.2883
1.29906
1.32843
1.35655
1.36876
1.37322
1.37449
1.37078
1.35375
1.32894
1.3155
1.31355
1.31593
1.32045
1.33079
1.36264
1.39246
1.40285
1.40558
1.40399
1.3978
1.38424
1.36076
1.34774
1.34682
1.35017
1.35769
1.37338
1.40168
1.42031
1.42601
1.42732
1.42636
1.42396
1.41214
1.38991
1.37941
1.37922
1.38289
1.38904
1.41092
1.43556
1.4463
1.45053
1.45292
1.45457
1.45444
1.44045
1.41561
1.40323
1.40131
1.43037
2.23755
5.20176
1.18994
1.17779
1.17794
1.18023
1.18298
1.18858
1.20717
1.23528
1.25098
1.25635
1.25812
1.25648
1.25139
1.23815
1.22149
1.21401
1.2141
1.21683
1.22074
1.22682
1.24583
1.27347
1.28715
1.29149
1.29263
1.29123
1.28841
1.27741
1.26112
1.25336
1.25325
1.25596
1.25962
1.26501
1.28286
1.30882
1.32256
1.32772
1.32992
1.33126
1.33007
1.31499
1.29611
1.28864
1.28939
1.29292
1.29787
1.30754
1.33331
1.35533
1.36376
1.36626
1.36712
1.36628
1.35466
1.33407
1.32343
1.32317
1.32711
1.33367
1.34419
1.36727
1.38685
1.39404
1.39565
1.3959
1.39503
1.38573
1.36772
1.35885
1.35926
1.36343
1.3675
1.37643
1.39721
1.41279
1.41867
1.42058
1.42173
1.42276
1.41719
1.40197
1.39188
1.38928
1.39068
1.39378
1.40958
1.43073
1.44215
1.448
1.45194
1.45501
1.45714
1.44947
1.42813
1.40905
1.4168
2.19793
5.19889
1.21191
1.19193
1.18438
1.18459
1.18739
1.19264
1.19831
1.20892
1.22976
1.24501
1.25078
1.253
1.25482
1.25548
1.2482
1.23251
1.2239
1.22321
1.22585
1.23105
1.23688
1.24635
1.26457
1.27882
1.28557
1.289
1.29182
1.29436
1.28896
1.27331
1.26372
1.26215
1.26444
1.26843
1.27136
1.27904
1.29869
1.31619
1.32563
1.33065
1.33379
1.33513
1.3244
1.30714
1.29951
1.29933
1.30205
1.30499
1.3089
1.32467
1.34614
1.35892
1.36456
1.36702
1.36787
1.36111
1.3466
1.33761
1.33592
1.33777
1.34035
1.34302
1.35556
1.37519
1.38765
1.39297
1.39532
1.39731
1.39532
1.38507
1.37508
1.37011
1.36822
1.36809
1.37054
1.38486
1.40283
1.4131
1.4189
1.4248
1.43062
1.43094
1.41805
1.40216
1.39348
1.39095
1.39164
1.40125
1.42204
1.4381
1.44794
1.45493
1.46027
1.46307
1.45953
1.43572
1.41695
2.14858
5.19638
1.22201
1.21903
1.20752
1.19908
1.19656
1.19718
1.1969
1.19749
1.20192
1.21814
1.23818
1.24966
1.25425
1.25631
1.25812
1.25834
1.25039
1.24061
1.23673
1.23647
1.2347
1.23354
1.23687
1.25067
1.27077
1.28502
1.29229
1.29613
1.29921
1.30017
1.29104
1.2792
1.2735
1.2706
1.26591
1.2653
1.26986
1.2882
1.31227
1.32684
1.33368
1.33754
1.34124
1.33863
1.32432
1.31247
1.30668
1.30209
1.29956
1.30186
1.31408
1.33824
1.35594
1.3645
1.36914
1.37421
1.37545
1.36563
1.35165
1.34193
1.33609
1.33379
1.33513
1.3447
1.36644
1.38423
1.39423
1.40182
1.40871
1.41107
1.40245
1.38515
1.37097
1.36284
1.35949
1.36125
1.37409
1.39689
1.41462
1.4274
1.43728
1.44283
1.4434
1.42899
1.40554
1.39029
1.38515
1.38498
1.39261
1.41668
1.4402
1.45391
1.46156
1.4659
1.46894
1.46157
1.4395
2.11156
5.19179
1.22465
1.23362
1.23463
1.22589
1.21075
1.19991
1.19647
1.19685
1.19818
1.20005
1.20874
1.22827
1.2442
1.25367
1.26358
1.2717
1.27453
1.26873
1.25304
1.23972
1.23381
1.23217
1.23241
1.23421
1.24211
1.2627
1.28258
1.29512
1.30603
1.31311
1.31526
1.30681
1.28739
1.27168
1.26524
1.26427
1.26585
1.26877
1.28166
1.30724
1.32757
1.34053
1.3493
1.35319
1.35163
1.33538
1.31431
1.30199
1.29887
1.29962
1.30179
1.30902
1.33073
1.35448
1.37114
1.38108
1.38599
1.38725
1.37728
1.35547
1.33852
1.33202
1.33099
1.33229
1.33846
1.35996
1.38599
1.40422
1.41418
1.41894
1.42058
1.41046
1.3848
1.36451
1.35747
1.35692
1.35873
1.3691
1.39776
1.42508
1.43913
1.4449
1.44779
1.44705
1.43002
1.40052
1.38446
1.3818
1.38333
1.39116
1.42118
1.44933
1.46172
1.46682
1.47013
1.46794
1.46426
2.10099
5.18638
1.22462
1.23583
1.23837
1.24032
1.23568
1.2193
1.20516
1.19913
1.19675
1.19663
1.19848
1.20417
1.22355
1.25008
1.26603
1.27345
1.27756
1.28006
1.27673
1.26
1.24299
1.23426
1.23101
1.2314
1.23368
1.23912
1.25995
1.29081
1.30769
1.31407
1.31717
1.3182
1.31067
1.28985
1.27249
1.2656
1.26489
1.2669
1.27
1.28012
1.31072
1.33881
1.34941
1.35331
1.35493
1.35247
1.33704
1.31528
1.30272
1.29938
1.30057
1.30318
1.30888
1.3315
1.36406
1.38049
1.38573
1.38819
1.38785
1.37813
1.35526
1.33675
1.33046
1.33105
1.33347
1.33948
1.36532
1.39882
1.41341
1.41807
1.41994
1.41881
1.40679
1.38017
1.36112
1.35636
1.3576
1.36077
1.37581
1.41259
1.43597
1.44319
1.44589
1.44565
1.44121
1.42253
1.39512
1.38286
1.38252
1.38623
1.40166
1.43608
1.45774
1.46497
1.46846
1.46739
1.47563
2.10714
5.18417
1.21156
1.23193
1.23642
1.23916
1.24153
1.2415
1.22793
1.20833
1.19871
1.19786
1.20004
1.20539
1.21311
1.228
1.25161
1.26747
1.27477
1.27819
1.28039
1.28056
1.26662
1.24472
1.23337
1.23235
1.23506
1.24131
1.25013
1.26758
1.29321
1.3077
1.31301
1.31504
1.31647
1.31348
1.29425
1.27391
1.26725
1.26847
1.27282
1.28143
1.29331
1.31623
1.33754
1.34644
1.34954
1.35111
1.35186
1.34149
1.31836
1.30461
1.30291
1.306
1.31298
1.32147
1.3385
1.36392
1.37767
1.38242
1.38464
1.38653
1.38057
1.35616
1.33809
1.33476
1.33761
1.34354
1.3521
1.37329
1.3988
1.41003
1.41362
1.41553
1.41602
1.40481
1.37832
1.3639
1.36272
1.36675
1.37382
1.38886
1.41631
1.43285
1.43812
1.43984
1.43959
1.43619
1.42059
1.39963
1.39178
1.39353
1.39835
1.41398
1.44063
1.45589
1.46215
1.46187
1.47992
2.13206
5.18567
1.1904
1.21344
1.22846
1.23582
1.23944
1.24113
1.24142
1.23339
1.21788
1.20965
1.20897
1.211
1.21308
1.21537
1.22363
1.24549
1.26497
1.27426
1.27817
1.27964
1.27968
1.27116
1.25406
1.24469
1.24413
1.24662
1.24921
1.2523
1.26369
1.28708
1.30372
1.31063
1.31339
1.31414
1.31244
1.30045
1.28543
1.28028
1.28168
1.28463
1.28746
1.29222
1.30892
1.33046
1.3424
1.34745
1.34985
1.35051
1.34507
1.32865
1.31723
1.31502
1.31672
1.3186
1.32097
1.33288
1.35762
1.37423
1.38098
1.38379
1.38449
1.3808
1.36424
1.34995
1.34576
1.34666
1.34857
1.35169
1.36888
1.3938
1.40656
1.41104
1.41245
1.41104
1.40466
1.38887
1.3775
1.37427
1.37521
1.37712
1.38698
1.41187
1.42769
1.43312
1.43424
1.43433
1.43558
1.43062
1.41479
1.40323
1.40114
1.40367
1.41397
1.43548
1.44949
1.4537
1.4754
2.16791
5.18236
1.18502
1.18937
1.20331
1.22119
1.23266
1.23876
1.24308
1.2471
1.24688
1.23542
1.22121
1.21367
1.21296
1.2149
1.21729
1.22153
1.2374
1.25858
1.2713
1.27704
1.28054
1.28473
1.28423
1.2708
1.25527
1.24843
1.24876
1.25113
1.25388
1.25969
1.27708
1.29606
1.3063
1.31117
1.31565
1.32035
1.31734
1.30244
1.28995
1.28552
1.28641
1.28852
1.29011
1.29937
1.32066
1.33705
1.34512
1.35091
1.35731
1.35877
1.34582
1.32786
1.31873
1.3173
1.31836
1.31928
1.32649
1.34965
1.36953
1.37859
1.3845
1.39095
1.39268
1.37936
1.35927
1.34875
1.34727
1.34904
1.35082
1.36266
1.38611
1.40055
1.40663
1.4119
1.41788
1.41808
1.40383
1.38513
1.3761
1.37571
1.37768
1.3839
1.40336
1.41927
1.42689
1.43299
1.44214
1.44711
1.44439
1.42557
1.40765
1.40168
1.40304
1.40822
1.42667
1.44109
1.4667
2.20741
5.17406
1.18325
1.18207
1.18465
1.19414
1.21457
1.23271
1.2445
1.25207
1.25641
1.25778
1.24937
1.23161
1.22042
1.21621
1.21423
1.21498
1.21825
1.22961
1.25266
1.27161
1.2831
1.28989
1.29342
1.2944
1.28393
1.26553
1.25558
1.25173
1.24952
1.25035
1.25393
1.26759
1.29045
1.30791
1.31939
1.32671
1.33089
1.33047
1.31591
1.29877
1.29009
1.28517
1.2828
1.28426
1.29135
1.31356
1.33727
1.35333
1.36296
1.36769
1.36909
1.35701
1.33531
1.32214
1.31561
1.31293
1.3144
1.32086
1.3442
1.37052
1.38742
1.39613
1.39964
1.40008
1.38779
1.36565
1.35225
1.3461
1.34417
1.34617
1.35604
1.38078
1.40231
1.41598
1.42279
1.42571
1.42572
1.41251
1.3915
1.37906
1.3729
1.37195
1.37622
1.39472
1.41793
1.43547
1.44574
1.45055
1.45315
1.45138
1.43338
1.41137
1.39855
1.39377
1.39913
1.41948
1.4551
2.24703
5.16329
1.19196
1.18415
1.18517
1.18752
1.19278
1.20784
1.22951
1.24622
1.25479
1.25844
1.26047
1.25779
1.24469
1.22897
1.21929
1.2174
1.2189
1.22185
1.22845
1.24604
1.26897
1.28463
1.29165
1.29487
1.29711
1.29376
1.27908
1.263
1.2541
1.25216
1.25364
1.25619
1.26349
1.28327
1.3073
1.32254
1.32983
1.33374
1.33583
1.32771
1.30844
1.29236
1.28548
1.28489
1.28687
1.29119
1.30863
1.33734
1.35694
1.36549
1.36932
1.37124
1.364
1.3428
1.32366
1.31593
1.3156
1.3178
1.32246
1.34176
1.37193
1.38994
1.39674
1.39991
1.40088
1.3933
1.37274
1.35406
1.34696
1.34684
1.3491
1.35562
1.37775
1.40394
1.41782
1.42345
1.42647
1.42776
1.41935
1.39695
1.37879
1.37291
1.37348
1.37656
1.3924
1.42085
1.4393
1.44731
1.45155
1.45451
1.45452
1.43918
1.41084
1.39455
1.39394
1.40026
1.4356
2.26204
5.14573
)
;

boundaryField
{
    back
    {
        type            empty;
    }
    outlet
    {
        type            calculated;
        value           nonuniform List<scalar> 
99
(
1.04511
1.0495
1.04876
1.04869
1.04873
1.04921
1.04989
1.051
1.05261
1.05489
1.05785
1.06141
1.06529
1.06894
1.07248
1.07609
1.07985
1.08347
1.08687
1.09024
1.09362
1.09702
1.10017
1.10318
1.10533
1.10658
1.10586
1.10198
1.09664
1.09523
1.09675
1.09863
1.10146
1.10573
1.11111
1.11765
1.12859
1.13987
1.14471
1.14692
1.14803
1.1457
1.13789
1.12874
1.12396
1.11819
1.11597
1.11762
1.12771
1.1479
1.16942
1.18614
1.19191
1.19038
1.17296
1.14969
1.12778
1.11966
1.12147
1.13086
1.15231
1.17725
1.20197
1.20994
1.20835
1.19289
1.17266
1.15394
1.14695
1.14991
1.16523
1.18779
1.20031
1.20672
1.20309
1.18477
1.16867
1.16507
1.16509
1.17152
1.19112
1.20963
1.21666
1.21744
1.20831
1.18798
1.17879
1.17678
1.17815
1.18994
1.21191
1.22201
1.22465
1.22462
1.21156
1.1904
1.18502
1.18325
1.19196
)
;
    }
    top
    {
        type            calculated;
        value           nonuniform List<scalar> 
99
(
1.19196
1.18415
1.18517
1.18752
1.19278
1.20784
1.22951
1.24622
1.25479
1.25844
1.26047
1.25779
1.24469
1.22897
1.21929
1.2174
1.2189
1.22185
1.22845
1.24604
1.26897
1.28463
1.29165
1.29487
1.29711
1.29376
1.27908
1.263
1.2541
1.25216
1.25364
1.25619
1.26349
1.28327
1.3073
1.32254
1.32983
1.33374
1.33583
1.32771
1.30844
1.29236
1.28548
1.28489
1.28687
1.29119
1.30863
1.33734
1.35694
1.36549
1.36932
1.37124
1.364
1.3428
1.32366
1.31593
1.3156
1.3178
1.32246
1.34176
1.37193
1.38994
1.39674
1.39991
1.40088
1.3933
1.37274
1.35406
1.34696
1.34684
1.3491
1.35562
1.37775
1.40394
1.41782
1.42345
1.42647
1.42776
1.41935
1.39695
1.37879
1.37291
1.37348
1.37656
1.3924
1.42085
1.4393
1.44731
1.45155
1.45451
1.45452
1.43918
1.41084
1.39455
1.39394
1.40026
1.4356
2.26204
5.14573
)
;
    }
    inlet
    {
        type            calculated;
        value           uniform 1.40001;
    }
    bottom
    {
        type            calculated;
        value           nonuniform List<scalar> 
99
(
1.04511
1.04698
1.05032
1.05765
1.06862
1.07572
1.07926
1.08165
1.0835
1.08464
1.08632
1.08862
1.09172
1.09654
1.10707
1.11722
1.12233
1.1252
1.12692
1.12794
1.12938
1.13158
1.13457
1.13878
1.14687
1.1593
1.16768
1.17166
1.17408
1.17478
1.17537
1.1772
1.17993
1.18358
1.18925
1.20159
1.21375
1.21967
1.2229
1.22491
1.225
1.22571
1.22798
1.23153
1.23584
1.24655
1.26205
1.27043
1.27452
1.27648
1.27687
1.27752
1.2794
1.28274
1.28721
1.29565
1.31389
1.32606
1.3311
1.33353
1.33251
1.33182
1.33409
1.33781
1.34237
1.3506
1.37044
1.38781
1.39646
1.40109
1.39759
1.39265
1.39368
1.39842
1.40509
1.41509
1.43879
1.46236
1.47451
1.48203
1.48095
1.47042
1.46797
1.47378
1.48428
1.50413
1.54448
1.57553
1.59356
1.60776
1.61302
1.60068
1.5935
1.61269
1.65104
1.73347
1.82505
2.56969
5.95032
)
;
    }
    front
    {
        type            empty;
    }
}


// ************************************************************************* //
