/*--------------------------------*- C++ -*----------------------------------*\
  =========                 |
  \\      /  F ield         | OpenFOAM: The Open Source CFD Toolbox
   \\    /   O peration     | Website:  https://openfoam.org
    \\  /    A nd           | Version:  12
     \\/     M anipulation  |
\*---------------------------------------------------------------------------*/
FoamFile
{
    format      ascii;
    class       volScalarField;
    location    "4.3";
    object      rho;
}
// * * * * * * * * * * * * * * * * * * * * * * * * * * * * * * * * * * * * * //

dimensions      [1 -3 0 0 0 0 0];

internalField   nonuniform List<scalar> 
9801
(
1.0905
1.09555
1.10299
1.10796
1.11169
1.11488
1.11726
1.11866
1.12009
1.1227
1.12714
1.13512
1.14343
1.14876
1.15265
1.15546
1.15718
1.15755
1.15902
1.16218
1.16753
1.17674
1.18582
1.19205
1.19644
1.20005
1.20231
1.20074
1.20107
1.20375
1.20816
1.21703
1.22737
1.23457
1.2395
1.24381
1.24744
1.24598
1.24519
1.24809
1.25211
1.2598
1.27135
1.2798
1.2849
1.2894
1.29256
1.29064
1.291
1.29413
1.29858
1.30688
1.31945
1.32882
1.33463
1.339
1.34131
1.33661
1.33635
1.34026
1.34597
1.35571
1.37107
1.3818
1.38794
1.39286
1.39402
1.38678
1.38613
1.39049
1.39671
1.41088
1.42947
1.44204
1.44976
1.45552
1.45535
1.44468
1.44314
1.44998
1.46102
1.48461
1.50863
1.52322
1.53357
1.54287
1.5399
1.52514
1.5264
1.54065
1.56766
1.61264
1.65095
1.68404
1.72168
1.75515
1.76543
2.34966
5.24414
1.09586
1.10032
1.1077
1.11307
1.11699
1.12026
1.12303
1.1254
1.12742
1.13001
1.13385
1.14148
1.14905
1.15345
1.15663
1.15928
1.16166
1.16329
1.16536
1.16854
1.17333
1.18282
1.19188
1.19737
1.201
1.20367
1.2046
1.20395
1.2054
1.20844
1.21289
1.22236
1.23334
1.24054
1.24539
1.24932
1.25144
1.2487
1.24818
1.25102
1.25492
1.26311
1.27589
1.2849
1.29039
1.29499
1.29803
1.29576
1.29459
1.29672
1.30053
1.30808
1.32167
1.332
1.33817
1.34283
1.34576
1.34211
1.34082
1.34376
1.34846
1.35689
1.3727
1.38411
1.39058
1.39568
1.39789
1.39195
1.39025
1.39357
1.39883
1.41156
1.43057
1.44343
1.45129
1.4572
1.45849
1.44916
1.44642
1.45232
1.46115
1.48114
1.50587
1.52174
1.53287
1.54325
1.54499
1.53097
1.52936
1.54214
1.5632
1.60138
1.63554
1.66489
1.6968
1.71888
1.70323
2.27032
5.23121
1.09499
1.09823
1.10622
1.11299
1.11753
1.12147
1.12515
1.12861
1.13102
1.13306
1.136
1.14146
1.14689
1.15129
1.15549
1.15933
1.16295
1.16589
1.16815
1.17128
1.17557
1.18405
1.19134
1.19528
1.19815
1.20092
1.20295
1.20398
1.20639
1.21001
1.21453
1.22418
1.23538
1.24176
1.24559
1.2483
1.24833
1.246
1.24697
1.25033
1.25452
1.26324
1.2768
1.28636
1.29201
1.29645
1.29883
1.2949
1.29208
1.2941
1.29807
1.30542
1.31997
1.33161
1.33816
1.34302
1.34669
1.34356
1.34025
1.34216
1.34626
1.35316
1.36898
1.38201
1.38914
1.39452
1.39818
1.39349
1.39003
1.39237
1.397
1.40601
1.42459
1.43978
1.44841
1.45473
1.45827
1.45028
1.44535
1.44962
1.45727
1.4709
1.49737
1.5174
1.52948
1.53981
1.54478
1.53148
1.52532
1.53611
1.5532
1.58449
1.6209
1.65031
1.67904
1.70319
1.6812
2.23008
5.18994
1.09433
1.09888
1.10803
1.11501
1.11967
1.12365
1.12721
1.13052
1.13174
1.13221
1.1344
1.13966
1.14713
1.1531
1.15757
1.16137
1.16501
1.16789
1.16952
1.17171
1.17452
1.18096
1.18886
1.19379
1.19803
1.20191
1.20496
1.20602
1.20827
1.21162
1.2155
1.22308
1.23344
1.2395
1.24316
1.2462
1.24766
1.24699
1.24821
1.25162
1.25562
1.26324
1.27684
1.2861
1.29103
1.2945
1.29579
1.29245
1.29078
1.29336
1.29751
1.30426
1.31902
1.33197
1.33861
1.34323
1.34644
1.3427
1.33766
1.33894
1.34314
1.34932
1.3647
1.37997
1.38797
1.39347
1.39783
1.39452
1.38791
1.38832
1.39274
1.39984
1.41707
1.43589
1.44573
1.45207
1.45709
1.45202
1.44258
1.44417
1.45137
1.46117
1.48363
1.50786
1.52195
1.53227
1.54069
1.53402
1.52143
1.52604
1.54091
1.56261
1.5955
1.62534
1.65162
1.67642
1.67002
2.20905
5.15372
1.09401
1.10247
1.11163
1.11779
1.12199
1.12546
1.1288
1.13045
1.12865
1.12938
1.13223
1.13965
1.15041
1.15673
1.16083
1.16433
1.16743
1.16857
1.16787
1.16863
1.17113
1.17678
1.18787
1.19621
1.20104
1.20476
1.20805
1.20945
1.20997
1.2113
1.21345
1.2177
1.22787
1.23673
1.24203
1.24613
1.24957
1.25014
1.25055
1.25292
1.25626
1.2611
1.27224
1.28209
1.28734
1.29132
1.29432
1.29322
1.29155
1.29384
1.29787
1.30332
1.31607
1.32903
1.33578
1.34015
1.34332
1.34107
1.33588
1.33691
1.34113
1.34678
1.36041
1.37672
1.38547
1.39096
1.3955
1.39427
1.386
1.38433
1.38831
1.39464
1.40815
1.4293
1.44196
1.44889
1.45478
1.45408
1.44293
1.43957
1.44528
1.45351
1.46913
1.49559
1.51474
1.5268
1.53705
1.53989
1.52538
1.51999
1.53045
1.54758
1.57607
1.60627
1.62928
1.65185
1.65778
2.20484
5.12887
1.09417
1.10673
1.11646
1.12101
1.12446
1.12788
1.13004
1.12726
1.12553
1.12732
1.13066
1.13947
1.15276
1.16009
1.16388
1.16677
1.16891
1.16834
1.16571
1.16626
1.16901
1.17415
1.1867
1.19795
1.20352
1.20727
1.21045
1.212
1.20988
1.20892
1.21077
1.21428
1.2233
1.23546
1.24288
1.24756
1.25148
1.25385
1.25246
1.2524
1.25461
1.25827
1.26657
1.2782
1.28542
1.29033
1.2944
1.29589
1.29334
1.29416
1.29756
1.30192
1.31157
1.32472
1.33244
1.33742
1.3416
1.34252
1.33752
1.33653
1.34017
1.34498
1.35529
1.3724
1.38309
1.389
1.39385
1.39523
1.38775
1.38287
1.38549
1.39128
1.40059
1.42146
1.4394
1.44839
1.45467
1.45752
1.44773
1.43942
1.44165
1.44899
1.45926
1.48164
1.50582
1.52119
1.53266
1.54229
1.53786
1.52333
1.52425
1.53684
1.55729
1.58673
1.61139
1.63083
1.64329
2.21137
5.11202
1.09442
1.10797
1.11997
1.12533
1.1286
1.13097
1.1299
1.12577
1.1255
1.1278
1.13088
1.13828
1.15247
1.16122
1.16562
1.1688
1.17086
1.16973
1.16708
1.16778
1.17047
1.17462
1.18556
1.19793
1.20442
1.20839
1.21146
1.21295
1.21023
1.20863
1.21068
1.21427
1.22238
1.23534
1.24365
1.24854
1.25231
1.2549
1.25294
1.25096
1.25283
1.25652
1.26384
1.27694
1.28631
1.29166
1.29574
1.29871
1.29651
1.29451
1.29637
1.30006
1.30692
1.32097
1.3315
1.33746
1.34205
1.34524
1.34176
1.33822
1.34001
1.34404
1.3504
1.36581
1.38073
1.38832
1.39347
1.39688
1.39181
1.38464
1.38527
1.39042
1.39667
1.41153
1.43399
1.44735
1.45467
1.46026
1.45749
1.44491
1.44143
1.44633
1.45437
1.46928
1.49467
1.51484
1.52843
1.53984
1.54671
1.53679
1.52652
1.53171
1.54521
1.5687
1.59534
1.61412
1.62753
2.22053
5.09952
1.09625
1.10893
1.12131
1.12684
1.13006
1.13198
1.13085
1.12794
1.12796
1.13011
1.133
1.1386
1.15108
1.16081
1.16588
1.16936
1.17203
1.17248
1.17032
1.17084
1.17338
1.17677
1.18558
1.19734
1.20416
1.20835
1.21153
1.21362
1.2117
1.21035
1.21256
1.21609
1.22356
1.23616
1.24448
1.2492
1.25271
1.25535
1.25386
1.2512
1.25283
1.25661
1.26333
1.27714
1.28802
1.29395
1.29811
1.30129
1.29943
1.29484
1.29501
1.29841
1.3038
1.31719
1.33204
1.33975
1.34439
1.34841
1.34747
1.34161
1.34035
1.34298
1.34768
1.3581
1.37727
1.3894
1.39548
1.4
1.39949
1.39096
1.38771
1.39005
1.39522
1.40336
1.42392
1.44419
1.45477
1.46157
1.46609
1.45733
1.44574
1.44611
1.45271
1.46191
1.48164
1.50541
1.52204
1.53471
1.54627
1.55068
1.5388
1.53121
1.53799
1.55185
1.57583
1.59686
1.61172
2.23215
5.08694
1.09934
1.11072
1.12139
1.12684
1.13014
1.13237
1.13299
1.13139
1.13138
1.13332
1.13601
1.14019
1.15049
1.16034
1.16615
1.17019
1.17359
1.17548
1.17367
1.17367
1.17561
1.1785
1.18548
1.19684
1.20409
1.20879
1.21259
1.21554
1.2143
1.21297
1.21503
1.2184
1.22427
1.23644
1.24528
1.25001
1.25383
1.2572
1.25667
1.25374
1.25497
1.25853
1.26367
1.27632
1.28938
1.29573
1.29967
1.30263
1.30211
1.29735
1.29653
1.29938
1.30383
1.31401
1.3315
1.34212
1.34726
1.35112
1.35209
1.34543
1.34139
1.34284
1.34715
1.35372
1.37113
1.38953
1.39819
1.40361
1.40692
1.40034
1.39123
1.39049
1.39414
1.40004
1.41292
1.43701
1.45367
1.46239
1.46878
1.47041
1.45802
1.44972
1.4522
1.45912
1.47049
1.49342
1.51482
1.52977
1.54184
1.55231
1.55293
1.54003
1.53443
1.54102
1.55517
1.57659
1.59455
2.24214
5.07262
1.1035
1.11296
1.12161
1.12678
1.13035
1.13321
1.13528
1.13478
1.13464
1.13639
1.13905
1.14262
1.15214
1.16264
1.16858
1.17269
1.17624
1.17868
1.17663
1.17497
1.17658
1.1796
1.18581
1.19819
1.20664
1.21145
1.21528
1.21849
1.21793
1.21618
1.21723
1.2197
1.2236
1.23471
1.24647
1.25263
1.25682
1.26046
1.26101
1.25817
1.25883
1.26152
1.26499
1.27275
1.28766
1.29657
1.30121
1.30507
1.3065
1.30196
1.29985
1.30243
1.30646
1.31185
1.32705
1.34222
1.34908
1.35308
1.3558
1.35155
1.3445
1.34456
1.34847
1.35363
1.36449
1.38585
1.39979
1.40638
1.41126
1.41091
1.39902
1.39287
1.39498
1.40011
1.40732
1.4255
1.44863
1.46178
1.46939
1.47555
1.47426
1.45973
1.45384
1.45802
1.46572
1.4802
1.50363
1.5223
1.53599
1.54777
1.55654
1.55444
1.54068
1.53535
1.5406
1.55337
1.57485
2.24842
5.05758
1.10726
1.11521
1.12306
1.12828
1.13219
1.13526
1.13765
1.13763
1.13681
1.13843
1.14142
1.14562
1.15551
1.16659
1.17247
1.17631
1.17975
1.18105
1.17687
1.17533
1.17754
1.18097
1.187
1.20008
1.21055
1.21559
1.21931
1.22257
1.22256
1.21883
1.21792
1.22008
1.22366
1.23264
1.24765
1.25655
1.26118
1.26494
1.2672
1.26429
1.26202
1.26251
1.26474
1.26919
1.28266
1.29702
1.3043
1.30878
1.31238
1.31051
1.30603
1.30618
1.30842
1.31166
1.31986
1.3378
1.34913
1.35491
1.35959
1.36048
1.3527
1.34955
1.35207
1.35565
1.3607
1.37594
1.39641
1.40642
1.41185
1.41619
1.41275
1.40111
1.39826
1.40168
1.40725
1.41633
1.43813
1.45839
1.46917
1.4761
1.48078
1.47561
1.46228
1.45918
1.4642
1.47263
1.48991
1.51255
1.52922
1.54165
1.55249
1.55907
1.5549
1.54013
1.53298
1.53536
1.55351
2.24471
5.04251
1.10986
1.11613
1.12531
1.13151
1.13499
1.13785
1.1399
1.13949
1.13938
1.14143
1.14442
1.14869
1.15838
1.17036
1.17692
1.18061
1.18246
1.18101
1.17804
1.17777
1.18014
1.1835
1.18899
1.20168
1.21371
1.21978
1.2234
1.22609
1.22528
1.21977
1.21899
1.22169
1.22544
1.23239
1.24806
1.25995
1.26575
1.26945
1.27232
1.26957
1.26296
1.26191
1.26471
1.26891
1.279
1.29698
1.30789
1.31345
1.3174
1.31897
1.31292
1.30824
1.30806
1.31076
1.31557
1.33053
1.34904
1.35839
1.36396
1.36791
1.3647
1.35604
1.35395
1.35522
1.35864
1.36578
1.38634
1.40501
1.4137
1.41954
1.42368
1.41663
1.40536
1.40425
1.40797
1.41352
1.42427
1.44753
1.46501
1.47425
1.48086
1.48581
1.4793
1.46622
1.46455
1.46996
1.47915
1.49824
1.51942
1.53454
1.54606
1.55575
1.5605
1.55455
1.53893
1.52582
1.53314
2.22748
5.02855
1.11287
1.11726
1.12584
1.13435
1.13857
1.14104
1.14253
1.14248
1.14293
1.14539
1.14852
1.15256
1.16074
1.17186
1.17848
1.18178
1.18365
1.18377
1.18134
1.18148
1.18423
1.1877
1.19218
1.20232
1.21515
1.22222
1.22619
1.22869
1.22772
1.22333
1.22225
1.22491
1.22862
1.2342
1.24762
1.26192
1.26876
1.27286
1.27545
1.27275
1.26565
1.26421
1.26692
1.2708
1.27784
1.29567
1.31049
1.31686
1.3213
1.32402
1.31878
1.30975
1.3084
1.31117
1.31538
1.32507
1.3468
1.36167
1.36798
1.3727
1.3743
1.36471
1.35549
1.35466
1.35758
1.36242
1.37462
1.39923
1.41536
1.42229
1.42752
1.42969
1.41924
1.40915
1.40856
1.41184
1.41753
1.43204
1.45654
1.47258
1.48136
1.4879
1.49083
1.48199
1.47
1.46928
1.47475
1.48455
1.50514
1.52538
1.53928
1.54957
1.55756
1.56006
1.55307
1.53322
1.52045
2.19855
5.0159
1.11575
1.11906
1.12454
1.13435
1.14021
1.14352
1.14634
1.14789
1.14845
1.15067
1.15366
1.15663
1.16083
1.16938
1.17743
1.18189
1.18513
1.18807
1.188
1.18746
1.18965
1.1927
1.19581
1.2011
1.21271
1.22167
1.22616
1.22946
1.23183
1.22936
1.22772
1.22998
1.23331
1.23698
1.24512
1.25999
1.26888
1.27323
1.27623
1.27716
1.27147
1.2687
1.27128
1.27525
1.28006
1.29187
1.30916
1.31842
1.32301
1.32588
1.3244
1.31499
1.31112
1.31391
1.31854
1.3245
1.33923
1.35959
1.36975
1.37501
1.37849
1.37613
1.36282
1.35703
1.35935
1.36401
1.37007
1.38729
1.41113
1.42322
1.42938
1.43418
1.43368
1.41966
1.41092
1.41243
1.41723
1.4239
1.44224
1.46547
1.47897
1.48691
1.49326
1.49551
1.48491
1.47319
1.47313
1.47878
1.48959
1.51086
1.53011
1.54265
1.55144
1.55696
1.55788
1.54628
1.5254
2.16704
5.00348
1.11911
1.12116
1.12368
1.1316
1.14156
1.14713
1.15056
1.15355
1.15528
1.15621
1.15783
1.15945
1.16111
1.16516
1.17511
1.18361
1.18824
1.1916
1.1943
1.19407
1.1943
1.19598
1.19815
1.20083
1.20818
1.22078
1.22823
1.23235
1.23577
1.23678
1.23394
1.23415
1.23638
1.23915
1.24304
1.25469
1.26811
1.27483
1.27898
1.28228
1.28081
1.27591
1.2763
1.279
1.28221
1.28705
1.30167
1.31604
1.32248
1.32669
1.33033
1.32622
1.31888
1.3192
1.32225
1.32573
1.33143
1.34923
1.36648
1.37392
1.37857
1.38238
1.37765
1.36631
1.36451
1.36806
1.37249
1.37899
1.39846
1.41894
1.4285
1.43399
1.43786
1.43532
1.42241
1.4167
1.41931
1.42455
1.43235
1.45214
1.47277
1.48422
1.4915
1.49725
1.49824
1.48736
1.47706
1.47748
1.48274
1.49384
1.51502
1.533
1.54394
1.55066
1.55437
1.55141
1.54087
2.1492
4.99056
1.12261
1.12264
1.12439
1.12938
1.14154
1.15074
1.15517
1.15841
1.16131
1.16242
1.16115
1.16048
1.16171
1.16456
1.17254
1.18478
1.19168
1.19536
1.19851
1.20034
1.19869
1.198
1.19944
1.20216
1.20675
1.21884
1.23045
1.23596
1.23932
1.24201
1.24044
1.23726
1.23784
1.24046
1.2439
1.25068
1.26585
1.27709
1.28241
1.28616
1.2883
1.28383
1.27993
1.28021
1.2821
1.28559
1.2933
1.31118
1.32401
1.33024
1.33459
1.3366
1.32979
1.32394
1.32362
1.32523
1.32887
1.33724
1.35815
1.37382
1.38098
1.38623
1.38932
1.38161
1.37173
1.37071
1.37312
1.37704
1.38483
1.40584
1.42414
1.43286
1.4387
1.44387
1.44067
1.42774
1.42295
1.42526
1.42984
1.43808
1.45818
1.47699
1.48763
1.49483
1.50092
1.50291
1.49232
1.4818
1.48159
1.48618
1.49633
1.51673
1.53343
1.54268
1.54794
1.54777
1.55177
2.14654
4.97657
1.12585
1.12408
1.12589
1.12985
1.14137
1.15339
1.15916
1.16263
1.16559
1.16766
1.16524
1.16239
1.1632
1.16565
1.17118
1.18429
1.19393
1.19861
1.20195
1.20484
1.20426
1.20135
1.20196
1.20451
1.20784
1.21581
1.2299
1.23789
1.24186
1.24504
1.24655
1.24275
1.24106
1.243
1.24628
1.2502
1.26046
1.27626
1.28453
1.28871
1.29183
1.29172
1.28523
1.28232
1.28379
1.2868
1.29116
1.30367
1.32329
1.33356
1.33834
1.342
1.34076
1.33048
1.32507
1.32622
1.32956
1.33428
1.34676
1.36964
1.38309
1.389
1.39332
1.3948
1.38427
1.3745
1.37375
1.37713
1.38176
1.39192
1.41526
1.43299
1.44092
1.44597
1.4498
1.44516
1.43202
1.4268
1.42884
1.43328
1.44209
1.46344
1.4825
1.4933
1.50053
1.50626
1.50796
1.49752
1.48588
1.48433
1.4882
1.49696
1.5162
1.53168
1.54006
1.5412
1.55368
2.15763
4.96219
1.12881
1.12637
1.12817
1.13168
1.14191
1.15556
1.16253
1.16621
1.16916
1.17149
1.16972
1.16535
1.16527
1.16733
1.17095
1.18238
1.19548
1.20183
1.2056
1.20882
1.21033
1.20673
1.20543
1.20705
1.20943
1.21323
1.22542
1.23834
1.24458
1.24846
1.25183
1.25151
1.24715
1.24684
1.24883
1.2514
1.25565
1.26972
1.28404
1.29052
1.29453
1.29791
1.29506
1.28776
1.28692
1.28958
1.29313
1.29811
1.31428
1.33164
1.33935
1.34376
1.34707
1.34332
1.33252
1.32986
1.33293
1.33726
1.34214
1.35631
1.37748
1.38815
1.39368
1.39785
1.39855
1.38728
1.37885
1.37964
1.38387
1.38906
1.40083
1.42382
1.43902
1.44628
1.45144
1.45466
1.4484
1.43485
1.43008
1.43271
1.43773
1.448
1.46955
1.48783
1.49817
1.50514
1.51061
1.51231
1.50217
1.48923
1.48598
1.48877
1.49616
1.51396
1.52856
1.53341
1.54952
2.17697
4.94664
1.13122
1.1295
1.13135
1.13435
1.14273
1.15707
1.16542
1.16957
1.17262
1.17514
1.17406
1.16865
1.16729
1.1691
1.1721
1.18026
1.19593
1.20538
1.20985
1.21325
1.21597
1.2137
1.20916
1.20835
1.20968
1.21248
1.22007
1.23683
1.24786
1.25325
1.25691
1.25968
1.25577
1.25061
1.2496
1.25079
1.25374
1.2614
1.27997
1.29276
1.29892
1.3028
1.30507
1.29839
1.2922
1.29238
1.2943
1.29703
1.30321
1.32221
1.33841
1.34586
1.35098
1.35454
1.34899
1.33896
1.33725
1.33892
1.34166
1.34619
1.36231
1.38319
1.39365
1.3993
1.40421
1.40497
1.39367
1.38651
1.38734
1.39038
1.39485
1.40708
1.4296
1.44358
1.45013
1.4548
1.45804
1.45263
1.44042
1.43617
1.43856
1.44326
1.453
1.47398
1.49191
1.50205
1.50875
1.51409
1.51613
1.5067
1.49229
1.48684
1.48819
1.49397
1.51079
1.52111
1.54032
2.19764
4.92944
1.13408
1.13292
1.13496
1.13781
1.14372
1.15785
1.16828
1.173
1.17605
1.1786
1.17779
1.17138
1.16928
1.1713
1.1744
1.1801
1.19515
1.20822
1.21414
1.21757
1.22034
1.21962
1.2121
1.20871
1.21029
1.21351
1.2186
1.23343
1.25021
1.25766
1.26183
1.26483
1.26361
1.2544
1.24976
1.25097
1.25429
1.25898
1.27299
1.29281
1.3025
1.3075
1.31116
1.3101
1.30006
1.29404
1.29374
1.29616
1.30008
1.31011
1.3326
1.34783
1.3544
1.35944
1.36184
1.35325
1.34216
1.33929
1.3409
1.34432
1.35076
1.37072
1.39175
1.40193
1.40754
1.41245
1.41128
1.39864
1.3907
1.39065
1.39356
1.3982
1.41162
1.43418
1.44779
1.45471
1.46027
1.46438
1.45947
1.44621
1.44072
1.44242
1.44666
1.4554
1.47643
1.49525
1.50553
1.51212
1.51717
1.51946
1.51128
1.49498
1.48661
1.48614
1.49096
1.50312
1.5263
2.21269
4.91101
1.13725
1.13657
1.13871
1.14164
1.14548
1.1571
1.17026
1.17643
1.17977
1.18168
1.18012
1.17473
1.17294
1.175
1.17804
1.18204
1.19313
1.20911
1.21728
1.22138
1.22407
1.22383
1.21626
1.21133
1.21275
1.21587
1.21997
1.23014
1.24919
1.26049
1.26547
1.26876
1.26959
1.261
1.25302
1.25348
1.25669
1.26076
1.26792
1.28658
1.30308
1.3103
1.31461
1.31758
1.31153
1.29903
1.29587
1.29826
1.30186
1.30671
1.32146
1.34435
1.35606
1.36148
1.36551
1.36638
1.35419
1.34339
1.34288
1.34633
1.35073
1.3595
1.38203
1.40087
1.40907
1.41377
1.41747
1.4152
1.40127
1.39321
1.39407
1.39798
1.40295
1.41807
1.44161
1.45499
1.46116
1.46571
1.46894
1.46382
1.44975
1.44351
1.44556
1.45023
1.45912
1.47969
1.49873
1.50911
1.51528
1.51958
1.52113
1.51447
1.49748
1.48506
1.48291
1.48412
1.50969
2.21494
4.89109
1.14148
1.14093
1.14304
1.14596
1.14893
1.15561
1.16919
1.17752
1.18115
1.18337
1.18412
1.18014
1.17784
1.17959
1.18249
1.18553
1.19101
1.20554
1.21718
1.22203
1.22498
1.22691
1.22331
1.21706
1.21753
1.2207
1.22435
1.22952
1.24303
1.25852
1.26543
1.26888
1.27146
1.27048
1.2617
1.25888
1.26121
1.26445
1.26802
1.27692
1.29672
1.30939
1.3147
1.31818
1.31977
1.31191
1.3027
1.3026
1.30588
1.30967
1.31514
1.33162
1.3515
1.36053
1.36522
1.3685
1.36808
1.35681
1.34948
1.35074
1.35462
1.3592
1.36914
1.39033
1.40601
1.41297
1.4176
1.42104
1.41729
1.40408
1.39817
1.4003
1.40478
1.41067
1.42555
1.44686
1.45869
1.46477
1.46941
1.47173
1.46688
1.45462
1.44894
1.45082
1.45521
1.46343
1.48264
1.50081
1.51081
1.51635
1.52002
1.52114
1.51633
1.50027
1.4851
1.47539
1.4923
2.20009
4.87098
1.14719
1.14664
1.14774
1.15011
1.15256
1.15543
1.16425
1.17651
1.18248
1.18572
1.18815
1.18784
1.18409
1.18385
1.18586
1.18828
1.19115
1.19903
1.21437
1.22334
1.22736
1.23017
1.23111
1.22595
1.22333
1.22514
1.22793
1.23092
1.23613
1.25133
1.26513
1.27114
1.27485
1.27758
1.27316
1.26545
1.2646
1.26657
1.26935
1.27356
1.28524
1.30462
1.31546
1.32044
1.32453
1.3254
1.31569
1.30852
1.30909
1.31158
1.3148
1.32091
1.33908
1.35724
1.36551
1.37022
1.37474
1.3737
1.36226
1.35625
1.35752
1.36065
1.36476
1.37485
1.39604
1.41062
1.41734
1.42157
1.42539
1.42231
1.41045
1.40535
1.40685
1.41013
1.41457
1.42813
1.44874
1.46084
1.46704
1.47174
1.47592
1.47378
1.46266
1.4561
1.45671
1.46034
1.46622
1.48233
1.50009
1.51029
1.51569
1.51881
1.52027
1.51775
1.50452
1.48314
1.48191
2.16631
4.85209
1.15277
1.15416
1.15259
1.15338
1.15478
1.15676
1.16054
1.17184
1.18316
1.18841
1.19146
1.19394
1.19255
1.18884
1.18883
1.19092
1.19372
1.19727
1.20753
1.22212
1.22954
1.23321
1.23609
1.23619
1.23076
1.22866
1.23009
1.23292
1.23622
1.24352
1.26043
1.27267
1.27812
1.28111
1.28232
1.27551
1.26885
1.2691
1.27214
1.27564
1.28024
1.2935
1.31247
1.32239
1.3272
1.33067
1.33016
1.31899
1.3123
1.3134
1.31688
1.32083
1.32823
1.34721
1.36435
1.37238
1.37672
1.38018
1.37841
1.36691
1.36083
1.36222
1.36604
1.3708
1.38106
1.40088
1.4154
1.42281
1.42741
1.43069
1.42809
1.41648
1.4096
1.41003
1.4136
1.41853
1.43062
1.45088
1.46495
1.47241
1.4774
1.48131
1.48142
1.47181
1.46253
1.46048
1.46294
1.46722
1.47979
1.49769
1.50929
1.51531
1.51837
1.51923
1.51806
1.50431
1.48873
2.12798
4.83397
1.15712
1.16129
1.15913
1.15718
1.15754
1.15919
1.16133
1.16633
1.17988
1.1901
1.19472
1.1977
1.20001
1.19737
1.194
1.19449
1.1964
1.19861
1.20223
1.21452
1.22902
1.23602
1.23985
1.24292
1.24165
1.23557
1.23405
1.2358
1.23847
1.24161
1.24938
1.26655
1.27744
1.28264
1.28641
1.28803
1.28082
1.27542
1.27625
1.27876
1.2816
1.28566
1.29957
1.31757
1.32617
1.3306
1.33425
1.33422
1.32449
1.31944
1.32117
1.32472
1.32836
1.33479
1.35223
1.36808
1.37547
1.38009
1.38418
1.38352
1.37379
1.36854
1.36954
1.3722
1.37594
1.38493
1.40438
1.41919
1.42642
1.43096
1.43443
1.43342
1.42363
1.41605
1.41547
1.41811
1.42279
1.43326
1.45288
1.4681
1.47636
1.48181
1.48604
1.48749
1.48016
1.46871
1.46367
1.46441
1.46768
1.47734
1.49496
1.50827
1.51486
1.51716
1.51779
1.51353
1.51137
2.11036
4.81535
1.16077
1.16621
1.16715
1.16355
1.16098
1.16127
1.16275
1.1652
1.17314
1.18876
1.19755
1.20171
1.20477
1.2066
1.20261
1.19884
1.19847
1.19957
1.20179
1.20676
1.22265
1.2373
1.24399
1.2477
1.25048
1.24709
1.24067
1.23925
1.23997
1.24121
1.24412
1.25381
1.27293
1.28487
1.291
1.29507
1.29565
1.28711
1.28109
1.28074
1.28189
1.28409
1.28845
1.30357
1.32226
1.33207
1.33796
1.34238
1.34258
1.33327
1.32751
1.3275
1.32862
1.33087
1.33673
1.35491
1.37227
1.38113
1.38708
1.39181
1.39237
1.38287
1.37495
1.37376
1.37547
1.37873
1.38671
1.40612
1.42207
1.43005
1.43538
1.43993
1.4412
1.43238
1.42257
1.4202
1.42202
1.42574
1.4339
1.45334
1.47073
1.47996
1.4853
1.48995
1.49329
1.48803
1.47474
1.46702
1.46606
1.46796
1.47456
1.49167
1.50641
1.5128
1.51515
1.51209
1.5242
2.1131
4.79619
1.1642
1.17074
1.17318
1.17213
1.16573
1.16302
1.16366
1.16567
1.16939
1.18288
1.19885
1.20598
1.20943
1.21238
1.21262
1.20557
1.20085
1.20076
1.2026
1.20552
1.21355
1.23348
1.24676
1.2526
1.25606
1.25783
1.25141
1.24322
1.24052
1.24113
1.24356
1.24755
1.26145
1.28295
1.29401
1.29922
1.30296
1.3022
1.29166
1.28399
1.28265
1.28392
1.28661
1.29181
1.30996
1.3309
1.34117
1.34685
1.35126
1.35085
1.33971
1.33024
1.32797
1.3296
1.33313
1.34081
1.36176
1.38094
1.3899
1.39493
1.39936
1.39946
1.38811
1.37754
1.37553
1.37802
1.38183
1.38979
1.41078
1.42905
1.43721
1.44169
1.4457
1.4475
1.43887
1.4267
1.42261
1.42486
1.429
1.43588
1.45433
1.47415
1.48482
1.49039
1.49461
1.49744
1.49431
1.48097
1.46992
1.4669
1.46787
1.47207
1.48752
1.5028
1.51017
1.50897
1.52577
2.13084
4.77898
1.16672
1.175
1.17751
1.17886
1.17252
1.16547
1.16488
1.16682
1.16974
1.17726
1.19604
1.20878
1.21391
1.21687
1.21918
1.21456
1.205
1.20255
1.20416
1.2069
1.21093
1.22445
1.24562
1.25587
1.26049
1.26366
1.26303
1.25158
1.24311
1.24269
1.24509
1.24832
1.25377
1.27222
1.29241
1.30124
1.30597
1.30936
1.30727
1.29433
1.28593
1.28553
1.28804
1.29161
1.29895
1.32104
1.34085
1.34889
1.35331
1.35701
1.35537
1.34051
1.33127
1.33177
1.33517
1.3396
1.34913
1.37149
1.38871
1.39608
1.40039
1.40348
1.40271
1.39038
1.38026
1.37988
1.38335
1.38815
1.39649
1.41611
1.43327
1.4414
1.44618
1.44933
1.45051
1.44343
1.43132
1.42705
1.42938
1.43373
1.44051
1.4578
1.47746
1.48836
1.49381
1.49758
1.49985
1.49804
1.48644
1.47325
1.46779
1.46762
1.47018
1.48331
1.49822
1.5024
1.52232
2.15508
4.7611
1.16792
1.17854
1.18098
1.18299
1.17972
1.16997
1.1673
1.16902
1.17168
1.17593
1.18943
1.20834
1.21708
1.22095
1.22332
1.22301
1.21297
1.20594
1.20655
1.20923
1.21248
1.21868
1.2371
1.2553
1.26299
1.26723
1.26975
1.26522
1.25162
1.24631
1.24768
1.25058
1.25408
1.26181
1.28249
1.29987
1.30719
1.31165
1.31526
1.31075
1.29519
1.28914
1.29077
1.29425
1.29887
1.30973
1.33206
1.34734
1.35344
1.35695
1.35839
1.35559
1.34411
1.33839
1.33993
1.34339
1.34771
1.3574
1.37689
1.39159
1.3984
1.40264
1.40605
1.40576
1.39639
1.38836
1.38796
1.39062
1.3939
1.40001
1.41755
1.43455
1.44293
1.44755
1.4516
1.45462
1.45036
1.44009
1.43554
1.43691
1.44037
1.44487
1.45784
1.47686
1.4886
1.49436
1.498
1.50085
1.50119
1.49311
1.47886
1.46991
1.4679
1.46837
1.47837
1.48826
1.51174
2.17443
4.74011
1.16648
1.18079
1.18433
1.18647
1.18594
1.17721
1.17157
1.17252
1.17506
1.17798
1.18408
1.20152
1.2172
1.22372
1.22745
1.22988
1.22453
1.21277
1.21027
1.2124
1.21527
1.21863
1.22696
1.24762
1.26253
1.26847
1.2723
1.27499
1.26697
1.25355
1.25099
1.25312
1.25605
1.25993
1.27007
1.29237
1.3072
1.3133
1.31675
1.31821
1.31156
1.29897
1.29601
1.2985
1.30208
1.30653
1.31718
1.33722
1.35031
1.35597
1.36007
1.36396
1.36145
1.35022
1.34475
1.34603
1.3493
1.3532
1.36107
1.3795
1.3951
1.40281
1.40719
1.41097
1.41197
1.40328
1.39341
1.39136
1.39403
1.39784
1.40376
1.41828
1.43574
1.44648
1.45243
1.45659
1.46019
1.45961
1.45071
1.44295
1.44137
1.44375
1.44742
1.45583
1.47367
1.48803
1.49534
1.49933
1.50239
1.5046
1.50078
1.48594
1.47209
1.46642
1.46579
1.46858
1.49573
2.18297
4.71582
1.16233
1.18128
1.18675
1.18973
1.19115
1.18647
1.17802
1.17655
1.1785
1.18114
1.18425
1.19276
1.21177
1.2242
1.22901
1.23161
1.23243
1.2249
1.21633
1.21585
1.21835
1.22135
1.22526
1.23632
1.25662
1.26854
1.27358
1.27631
1.27654
1.26777
1.25794
1.25718
1.26001
1.26365
1.26846
1.27908
1.29821
1.31014
1.31525
1.31847
1.32071
1.31614
1.30659
1.30349
1.30506
1.30811
1.31256
1.32285
1.34198
1.35552
1.3619
1.36555
1.36816
1.36644
1.35658
1.35072
1.35155
1.35493
1.35917
1.36675
1.38331
1.39883
1.40696
1.41127
1.41366
1.41493
1.40988
1.40125
1.39825
1.39985
1.40309
1.40784
1.41946
1.4368
1.44945
1.45671
1.4614
1.46505
1.46658
1.46049
1.4505
1.44581
1.44656
1.44961
1.45587
1.47122
1.48766
1.49743
1.50201
1.50452
1.50594
1.50429
1.49242
1.47487
1.46456
1.45754
1.47716
2.1738
4.68949
1.15838
1.17625
1.18685
1.19106
1.19324
1.19416
1.18804
1.18208
1.18253
1.18508
1.1879
1.19124
1.20084
1.21842
1.2288
1.23329
1.23642
1.2371
1.2291
1.22258
1.22289
1.22537
1.22826
1.23223
1.24332
1.261
1.27121
1.27575
1.27904
1.28079
1.27383
1.26636
1.26615
1.26844
1.27069
1.27387
1.28272
1.30073
1.31346
1.31978
1.32393
1.32741
1.32374
1.31402
1.31041
1.31186
1.31501
1.3192
1.32726
1.34388
1.35727
1.36401
1.36837
1.37257
1.37318
1.36515
1.35911
1.35944
1.36232
1.36558
1.37011
1.38307
1.39888
1.40765
1.41266
1.41749
1.42124
1.41938
1.41044
1.40522
1.40555
1.40774
1.41111
1.41884
1.43618
1.45151
1.45981
1.4649
1.46934
1.47285
1.46978
1.459
1.45184
1.45092
1.45255
1.45619
1.46823
1.48601
1.49738
1.50242
1.50493
1.50622
1.50564
1.49705
1.47895
1.46041
1.46639
2.14251
4.66416
1.15834
1.16578
1.18156
1.19164
1.1961
1.19881
1.19929
1.19257
1.18866
1.18959
1.19152
1.1934
1.19634
1.20574
1.22373
1.23464
1.23955
1.24256
1.24281
1.23459
1.22892
1.22925
1.23141
1.23367
1.23665
1.24562
1.26361
1.27574
1.28168
1.28553
1.28747
1.28081
1.27226
1.27021
1.27213
1.27513
1.27872
1.28635
1.30423
1.31868
1.32587
1.33001
1.33333
1.3318
1.32301
1.3184
1.31858
1.3197
1.3222
1.32799
1.3441
1.3607
1.37002
1.37536
1.38005
1.38187
1.37529
1.36758
1.36525
1.36553
1.36691
1.37045
1.38169
1.40042
1.413
1.41908
1.42326
1.42732
1.428
1.42033
1.41186
1.40901
1.41065
1.41403
1.41985
1.43578
1.45372
1.46439
1.47032
1.47484
1.47869
1.47786
1.46745
1.45694
1.45334
1.4544
1.45703
1.46467
1.48234
1.49676
1.50297
1.50493
1.50547
1.50494
1.50033
1.48054
1.46915
2.10108
4.64175
1.15938
1.16249
1.17077
1.18781
1.19827
1.20303
1.20587
1.20577
1.19861
1.19403
1.19374
1.19538
1.19773
1.20107
1.21099
1.22955
1.24056
1.24588
1.24913
1.24966
1.24221
1.23593
1.23437
1.23474
1.23652
1.2397
1.24904
1.26838
1.28158
1.28778
1.29151
1.2937
1.28834
1.27912
1.27627
1.27735
1.27919
1.28203
1.28867
1.3071
1.32321
1.33155
1.33761
1.34178
1.34051
1.32987
1.32175
1.32036
1.32246
1.32586
1.33145
1.34764
1.36659
1.37682
1.38198
1.386
1.38912
1.3847
1.37351
1.36719
1.36733
1.37005
1.37372
1.38371
1.40289
1.41697
1.42448
1.42934
1.43367
1.43535
1.42741
1.41594
1.41201
1.414
1.4178
1.42282
1.43701
1.45692
1.46919
1.47522
1.47913
1.48168
1.4818
1.47362
1.46178
1.45609
1.45607
1.45828
1.46409
1.48016
1.49544
1.5025
1.5044
1.50412
1.50349
1.49777
1.49147
2.07665
4.62133
1.16227
1.16383
1.16643
1.17584
1.19488
1.20577
1.21062
1.21342
1.21239
1.2035
1.19815
1.19809
1.19972
1.20161
1.20455
1.21546
1.23582
1.24764
1.25353
1.25754
1.25788
1.24842
1.23913
1.23688
1.23813
1.24027
1.24322
1.25272
1.27354
1.28735
1.29416
1.2991
1.30187
1.29605
1.28438
1.27913
1.27949
1.28189
1.28538
1.29337
1.31464
1.33205
1.33938
1.34347
1.34674
1.34629
1.33499
1.32552
1.32471
1.32749
1.33126
1.33699
1.35269
1.37168
1.3818
1.3871
1.39103
1.39401
1.38912
1.37605
1.37024
1.3714
1.37465
1.37856
1.38697
1.40672
1.42252
1.42981
1.43412
1.43618
1.43649
1.43203
1.42289
1.41847
1.42008
1.42408
1.42969
1.44088
1.45769
1.46972
1.47592
1.47956
1.48209
1.48358
1.48048
1.47062
1.46285
1.46094
1.46187
1.46422
1.47548
1.49091
1.49914
1.5014
1.50201
1.4986
1.51012
2.07721
4.60052
1.16589
1.16523
1.16684
1.16997
1.18276
1.20327
1.21355
1.2182
1.22085
1.21854
1.20801
1.20195
1.20097
1.20192
1.20441
1.20853
1.22315
1.24495
1.25597
1.26093
1.2642
1.26371
1.25263
1.24272
1.24025
1.24099
1.24335
1.24724
1.25981
1.28285
1.29606
1.30166
1.30546
1.30819
1.30105
1.28688
1.28239
1.28433
1.2877
1.29221
1.30092
1.32064
1.33584
1.34278
1.34732
1.35152
1.35155
1.33981
1.33113
1.33106
1.33378
1.33689
1.34187
1.35723
1.37659
1.38639
1.39107
1.39413
1.39584
1.39164
1.38103
1.3762
1.37738
1.38072
1.38535
1.39301
1.40825
1.42208
1.42947
1.43383
1.43784
1.44206
1.44176
1.43442
1.42895
1.42887
1.43071
1.43315
1.43856
1.45242
1.46745
1.47623
1.48097
1.48522
1.48907
1.48974
1.48131
1.46961
1.46348
1.46234
1.463
1.46848
1.48351
1.49464
1.49936
1.49757
1.5145
2.09317
4.57948
1.16925
1.16622
1.16788
1.1704
1.17483
1.19155
1.21218
1.22134
1.22589
1.22858
1.22369
1.20979
1.20334
1.20401
1.2064
1.20942
1.21469
1.23194
1.25227
1.26148
1.2662
1.26987
1.26952
1.25536
1.24418
1.24331
1.24577
1.24916
1.25433
1.26869
1.28993
1.30094
1.30608
1.3095
1.31127
1.3043
1.29274
1.28993
1.29178
1.29418
1.29747
1.30593
1.32618
1.34201
1.3492
1.35328
1.35624
1.35567
1.34509
1.3366
1.33609
1.3389
1.34291
1.3491
1.3618
1.3777
1.38736
1.39244
1.39576
1.39835
1.39745
1.39086
1.38611
1.38585
1.38783
1.39026
1.39405
1.40432
1.42033
1.4327
1.43967
1.44399
1.44803
1.4507
1.44587
1.4365
1.43172
1.43228
1.43527
1.43969
1.45012
1.46661
1.47936
1.48599
1.48974
1.49267
1.49463
1.48952
1.4754
1.46457
1.46106
1.46103
1.46433
1.478
1.49146
1.49462
1.51427
2.11633
4.55684
1.17583
1.16868
1.16989
1.17232
1.17522
1.18208
1.20308
1.22147
1.22864
1.2323
1.23412
1.22604
1.21204
1.2082
1.20957
1.21179
1.21464
1.22079
1.24005
1.2593
1.26749
1.27147
1.27365
1.27085
1.2577
1.24989
1.25035
1.25279
1.25541
1.25993
1.27457
1.29479
1.30518
1.30983
1.31325
1.31597
1.3095
1.29755
1.29428
1.29647
1.29981
1.30471
1.314
1.3312
1.34496
1.35163
1.35563
1.35846
1.35872
1.3523
1.34588
1.34502
1.34707
1.34943
1.3526
1.36071
1.37581
1.38792
1.39519
1.40005
1.40408
1.40663
1.40264
1.3951
1.39057
1.39038
1.39309
1.39709
1.40474
1.42008
1.43507
1.44381
1.44898
1.45285
1.4558
1.45424
1.44556
1.43895
1.43764
1.43881
1.44176
1.44919
1.46554
1.48024
1.48796
1.49223
1.49514
1.49676
1.49375
1.4816
1.46827
1.46179
1.46036
1.46206
1.47506
1.4845
1.50715
2.13562
4.53174
1.18671
1.17475
1.17372
1.17579
1.17842
1.18194
1.19126
1.21251
1.22732
1.23292
1.23611
1.23812
1.22909
1.21568
1.21275
1.21474
1.2176
1.22117
1.22858
1.24686
1.26337
1.27035
1.27375
1.27679
1.27514
1.26267
1.25495
1.25494
1.25763
1.26092
1.26668
1.28116
1.29949
1.30964
1.31455
1.31725
1.3183
1.31421
1.30582
1.30317
1.30514
1.30814
1.31118
1.31667
1.33106
1.34571
1.35385
1.35865
1.36297
1.3658
1.36226
1.3541
1.34969
1.35026
1.35322
1.35707
1.36236
1.37414
1.38916
1.3999
1.40549
1.40907
1.41226
1.4116
1.40389
1.39682
1.39566
1.39776
1.40101
1.40618
1.41933
1.4359
1.44618
1.45174
1.45654
1.46113
1.46297
1.45565
1.44539
1.44132
1.44216
1.44448
1.44854
1.46201
1.47954
1.48948
1.49364
1.49627
1.49855
1.49839
1.48921
1.47306
1.46298
1.46052
1.46155
1.46815
1.49407
2.14389
4.50523
1.19813
1.18706
1.17934
1.18004
1.18221
1.18462
1.18815
1.1983
1.21908
1.23215
1.23724
1.23989
1.24059
1.23231
1.22209
1.22035
1.22222
1.22455
1.22738
1.23385
1.25096
1.26706
1.27451
1.27814
1.27995
1.27849
1.26947
1.26296
1.26292
1.26545
1.26856
1.27297
1.28356
1.30037
1.31137
1.31693
1.32163
1.32505
1.32345
1.31529
1.30974
1.30918
1.31138
1.31475
1.31941
1.332
1.34917
1.35945
1.36413
1.36726
1.36991
1.37007
1.36387
1.35781
1.35658
1.35735
1.3595
1.36324
1.37347
1.39087
1.40303
1.40911
1.41321
1.41687
1.41861
1.41277
1.40384
1.40057
1.40207
1.40514
1.40877
1.41812
1.43609
1.45041
1.45765
1.46211
1.46589
1.46808
1.46287
1.45159
1.44487
1.44439
1.44683
1.45044
1.46166
1.4793
1.49145
1.49667
1.49883
1.49974
1.4995
1.49409
1.47915
1.4649
1.45962
1.45675
1.48061
2.13627
4.47714
1.20183
1.20205
1.18996
1.1848
1.18589
1.18857
1.19121
1.19458
1.20411
1.22321
1.23547
1.24039
1.24358
1.24565
1.23885
1.22851
1.22574
1.22748
1.23031
1.23331
1.23825
1.25241
1.26867
1.27699
1.28162
1.28565
1.28639
1.27865
1.27107
1.26961
1.27054
1.27232
1.27623
1.28556
1.30376
1.31752
1.32377
1.32741
1.33056
1.33105
1.32377
1.3157
1.31409
1.31616
1.31946
1.32368
1.33385
1.35012
1.36088
1.36692
1.37195
1.3762
1.37828
1.37204
1.36164
1.35816
1.35995
1.3631
1.36697
1.37509
1.39138
1.40546
1.41299
1.41749
1.42148
1.42505
1.42206
1.41182
1.40581
1.40604
1.40912
1.41317
1.42148
1.43803
1.45239
1.46029
1.46504
1.46868
1.47062
1.46766
1.45962
1.45246
1.45042
1.45167
1.45401
1.46072
1.47686
1.49024
1.49616
1.4983
1.49905
1.49914
1.49705
1.48595
1.4703
1.45833
1.46954
2.10903
4.44907
1.20229
1.2093
1.20759
1.19784
1.19317
1.19355
1.19462
1.19602
1.19917
1.2085
1.22741
1.24004
1.24541
1.24842
1.25026
1.24583
1.23674
1.23358
1.23387
1.23434
1.23668
1.24128
1.25537
1.27379
1.2836
1.28807
1.29122
1.29276
1.28688
1.27705
1.2736
1.27524
1.2783
1.28251
1.29034
1.30706
1.32068
1.3273
1.33154
1.3354
1.33726
1.3315
1.32257
1.31991
1.32152
1.32403
1.32735
1.33529
1.35236
1.3664
1.37314
1.37706
1.37956
1.38111
1.37692
1.36793
1.36428
1.36538
1.36808
1.37139
1.37786
1.3931
1.40844
1.4174
1.42277
1.42676
1.42964
1.42752
1.4185
1.41255
1.41277
1.41592
1.41947
1.4238
1.43571
1.45151
1.4617
1.46708
1.47031
1.47357
1.4752
1.47032
1.46106
1.45535
1.45466
1.45666
1.46002
1.47092
1.48571
1.49429
1.4977
1.49927
1.50048
1.49989
1.49323
1.47421
1.46932
2.07012
4.42286
1.20189
1.21302
1.21585
1.21488
1.2045
1.19735
1.19697
1.19919
1.20146
1.20425
1.21175
1.22992
1.24337
1.24969
1.25441
1.25768
1.2542
1.24238
1.23604
1.23657
1.23896
1.24183
1.24613
1.25908
1.2774
1.28704
1.29201
1.2961
1.29884
1.29415
1.28406
1.28095
1.28227
1.28426
1.28713
1.29352
1.30976
1.32467
1.33207
1.33634
1.34033
1.34354
1.33924
1.32799
1.32388
1.32566
1.32886
1.33343
1.34048
1.35421
1.3671
1.37423
1.37852
1.38239
1.386
1.38491
1.37637
1.37073
1.37084
1.37372
1.37732
1.38189
1.39289
1.40816
1.41864
1.42454
1.42852
1.43217
1.43379
1.42918
1.4228
1.41963
1.42019
1.42333
1.42761
1.43574
1.44957
1.46225
1.47011
1.47422
1.47704
1.47972
1.47928
1.47162
1.46223
1.45771
1.45741
1.45922
1.46575
1.48093
1.49377
1.49955
1.50127
1.50144
1.50169
1.4949
1.48541
2.04179
4.39845
1.19522
1.21409
1.21897
1.22207
1.22137
1.21129
1.20421
1.20327
1.20357
1.20457
1.20747
1.21565
1.23549
1.25021
1.25642
1.26003
1.26261
1.25945
1.24768
1.2421
1.24238
1.24352
1.24552
1.24978
1.26337
1.28268
1.29318
1.2981
1.30196
1.30522
1.30107
1.2891
1.28422
1.28564
1.28847
1.29238
1.2991
1.31423
1.32909
1.3369
1.34138
1.34435
1.34599
1.34334
1.3353
1.33174
1.33317
1.33595
1.33865
1.34254
1.35308
1.36824
1.37855
1.38399
1.38743
1.39012
1.39052
1.38506
1.37927
1.37763
1.37884
1.38151
1.38505
1.39186
1.40541
1.41869
1.42766
1.43323
1.43706
1.44053
1.44
1.43426
1.42886
1.42728
1.4274
1.4288
1.43302
1.44459
1.46037
1.47084
1.47678
1.48176
1.48556
1.48732
1.48135
1.46837
1.46014
1.45802
1.45868
1.46245
1.47756
1.49363
1.5005
1.50195
1.50242
1.49963
1.50566
2.03483
4.37424
1.18373
1.20878
1.21995
1.22559
1.22955
1.22923
1.21694
1.20652
1.20513
1.2071
1.20937
1.21271
1.22142
1.24072
1.25421
1.26021
1.26447
1.26802
1.26545
1.252
1.2449
1.2455
1.24794
1.25098
1.25623
1.26989
1.28843
1.29854
1.30335
1.30637
1.30803
1.30455
1.29529
1.29141
1.29274
1.29554
1.29904
1.30427
1.31588
1.32973
1.33829
1.34318
1.34722
1.35113
1.35133
1.34411
1.33802
1.33729
1.33972
1.34318
1.34749
1.35449
1.36727
1.37885
1.38565
1.39038
1.39487
1.39797
1.39637
1.38947
1.3842
1.38315
1.38484
1.3878
1.3922
1.40297
1.41922
1.43149
1.43801
1.44207
1.44586
1.4487
1.44538
1.43541
1.42843
1.42808
1.43083
1.4344
1.44368
1.46161
1.47572
1.48243
1.48603
1.48884
1.49078
1.48662
1.47268
1.46192
1.45908
1.45983
1.46264
1.47701
1.49342
1.50017
1.50205
1.49957
1.5138
2.04285
4.35089
1.17791
1.19428
1.21726
1.22752
1.23187
1.23458
1.23315
1.22076
1.21177
1.21115
1.21256
1.21427
1.21738
1.22632
1.24615
1.26011
1.26606
1.26926
1.27076
1.26747
1.25686
1.25168
1.25253
1.25494
1.25775
1.26216
1.27403
1.29073
1.30021
1.30498
1.30873
1.3125
1.31214
1.30461
1.29933
1.29901
1.30085
1.30336
1.30689
1.31521
1.33013
1.34216
1.34864
1.3523
1.35488
1.3565
1.35323
1.34727
1.34542
1.34656
1.34729
1.34898
1.35309
1.36391
1.37911
1.39013
1.39591
1.39955
1.40273
1.40382
1.39927
1.39171
1.38787
1.38888
1.39225
1.39655
1.40499
1.41994
1.43365
1.44171
1.44654
1.45026
1.4529
1.4512
1.44107
1.43335
1.4329
1.43571
1.43931
1.44647
1.46225
1.47624
1.48337
1.48724
1.49006
1.49224
1.49058
1.4798
1.46817
1.46315
1.46286
1.46425
1.47468
1.48968
1.49772
1.49834
1.51441
2.06221
4.32723
1.17973
1.18516
1.20291
1.22236
1.23106
1.23504
1.23835
1.238
1.22574
1.21588
1.215
1.21724
1.22003
1.22414
1.23256
1.24943
1.26213
1.26779
1.27115
1.27448
1.27376
1.26443
1.25805
1.25763
1.25965
1.26253
1.26707
1.27601
1.2914
1.30388
1.31075
1.31468
1.31778
1.3187
1.31354
1.30661
1.3038
1.30512
1.3082
1.31181
1.31691
1.32886
1.34214
1.35001
1.3554
1.36041
1.36377
1.3634
1.35621
1.34923
1.34758
1.34922
1.35205
1.35559
1.36414
1.37981
1.39212
1.3987
1.40298
1.40728
1.4109
1.40895
1.39971
1.39428
1.39505
1.39778
1.4008
1.40589
1.41889
1.43492
1.44436
1.44913
1.45269
1.45662
1.45759
1.44938
1.44133
1.43969
1.44136
1.44366
1.44675
1.45818
1.47435
1.48438
1.48946
1.49261
1.49524
1.49565
1.4877
1.47369
1.46503
1.46342
1.4648
1.47226
1.486
1.49262
1.51109
2.08204
4.2997
1.18383
1.18625
1.19151
1.20822
1.22765
1.2364
1.23996
1.24185
1.24028
1.2304
1.22302
1.22272
1.22469
1.22656
1.22926
1.23564
1.25125
1.26549
1.2726
1.27616
1.27845
1.27864
1.27256
1.26601
1.2643
1.26561
1.26837
1.27267
1.27921
1.29213
1.30596
1.31397
1.31863
1.32223
1.32484
1.32271
1.31544
1.3112
1.31118
1.31203
1.31417
1.318
1.3285
1.34492
1.35607
1.36138
1.36485
1.36756
1.36861
1.36275
1.35449
1.35205
1.35359
1.35645
1.35996
1.36637
1.38023
1.39482
1.40368
1.4086
1.4123
1.41506
1.41448
1.40662
1.39947
1.39877
1.40161
1.40557
1.4109
1.42113
1.43593
1.44699
1.45357
1.45781
1.46115
1.46303
1.45885
1.45043
1.44465
1.44336
1.44526
1.44852
1.45757
1.47334
1.48582
1.49243
1.49525
1.49672
1.49717
1.49346
1.48089
1.46913
1.46508
1.46513
1.47068
1.48104
1.50246
2.09456
4.26841
1.18788
1.18976
1.1927
1.19843
1.2127
1.22962
1.23787
1.2416
1.24476
1.24602
1.23873
1.22966
1.22715
1.22887
1.23162
1.23499
1.23969
1.25121
1.26568
1.27433
1.27978
1.28425
1.28677
1.2827
1.27438
1.27107
1.27221
1.2746
1.27729
1.28125
1.29196
1.30772
1.31802
1.32347
1.32744
1.33108
1.33138
1.32273
1.31419
1.31321
1.31549
1.31862
1.32312
1.33191
1.34655
1.35743
1.36329
1.36714
1.37089
1.37393
1.37062
1.36195
1.35811
1.35909
1.36184
1.36514
1.37014
1.38196
1.39588
1.4048
1.41017
1.41405
1.41761
1.41974
1.41527
1.40905
1.40759
1.40943
1.41171
1.41381
1.41924
1.43276
1.44709
1.45583
1.46101
1.4646
1.46722
1.46663
1.46031
1.45254
1.44938
1.44952
1.45128
1.45602
1.46939
1.48379
1.49148
1.49521
1.49777
1.49964
1.49914
1.48935
1.47467
1.4666
1.46503
1.46481
1.49115
2.09742
4.23594
1.1963
1.19509
1.19666
1.19818
1.20201
1.21368
1.23156
1.24213
1.24678
1.24961
1.25103
1.24634
1.23783
1.23498
1.23563
1.23627
1.23793
1.24147
1.25164
1.26891
1.28077
1.28641
1.28998
1.29267
1.29109
1.28263
1.27636
1.2757
1.27778
1.28069
1.28471
1.29442
1.31127
1.32306
1.32867
1.33222
1.33468
1.33483
1.32759
1.32026
1.31953
1.32172
1.32442
1.3276
1.33343
1.34637
1.35983
1.36786
1.37227
1.37546
1.37801
1.37728
1.37057
1.36531
1.36495
1.36743
1.37103
1.37482
1.38086
1.39227
1.40447
1.41301
1.41862
1.42272
1.42645
1.42636
1.42049
1.41448
1.41218
1.41344
1.41667
1.42143
1.43145
1.44633
1.45746
1.46351
1.46763
1.47159
1.47424
1.47119
1.46157
1.45371
1.45126
1.45212
1.45465
1.46449
1.48175
1.49329
1.4983
1.50099
1.50309
1.50358
1.496
1.47906
1.46722
1.46071
1.47508
2.08525
4.20622
1.20827
1.19862
1.19808
1.2002
1.20264
1.2066
1.21662
1.23381
1.24489
1.25047
1.25489
1.25809
1.25597
1.24557
1.23833
1.23773
1.23972
1.24232
1.24606
1.25492
1.27197
1.28412
1.29033
1.29484
1.29863
1.299
1.28967
1.28109
1.28023
1.28242
1.2856
1.2904
1.29934
1.31419
1.32525
1.33083
1.33422
1.33735
1.33939
1.33458
1.32656
1.32407
1.32565
1.32871
1.33302
1.33857
1.34772
1.35948
1.3682
1.37373
1.37779
1.38131
1.38304
1.37972
1.37475
1.37235
1.37245
1.37439
1.37752
1.38202
1.39047
1.40418
1.41648
1.42378
1.4278
1.43105
1.43313
1.4308
1.42387
1.41938
1.41892
1.41971
1.42223
1.42857
1.44356
1.45903
1.46793
1.47249
1.476
1.47928
1.47889
1.4679
1.45603
1.45227
1.45353
1.45597
1.46481
1.48278
1.49576
1.50134
1.5038
1.50491
1.50495
1.49942
1.4828
1.46452
1.46831
2.05698
4.18043
1.22159
1.21235
1.20451
1.20398
1.20538
1.20735
1.21051
1.219
1.23696
1.25056
1.25674
1.26046
1.26344
1.26229
1.25153
1.24388
1.24333
1.24476
1.24673
1.25002
1.25819
1.276
1.28992
1.29641
1.30018
1.30309
1.30341
1.29566
1.2882
1.2872
1.28931
1.29213
1.29567
1.30196
1.31502
1.32749
1.33446
1.33826
1.34048
1.34152
1.33956
1.33477
1.33249
1.33365
1.33635
1.3387
1.34081
1.34533
1.35552
1.3675
1.37612
1.38162
1.38616
1.38991
1.39061
1.38599
1.3803
1.37797
1.3787
1.38059
1.38393
1.38985
1.40329
1.41751
1.42577
1.43106
1.43619
1.44032
1.44117
1.43299
1.42285
1.41998
1.42218
1.42545
1.43111
1.44488
1.4611
1.47083
1.47599
1.4796
1.48182
1.48121
1.47253
1.46108
1.45669
1.45745
1.45942
1.46531
1.48226
1.49629
1.50232
1.50461
1.50523
1.50462
1.50167
1.48522
1.47361
2.02147
4.15702
1.22688
1.23048
1.21945
1.21015
1.20811
1.20911
1.21121
1.21479
1.22341
1.24139
1.25451
1.26046
1.26423
1.26766
1.2681
1.25734
1.24787
1.24676
1.24882
1.25177
1.25631
1.26469
1.2802
1.29282
1.29922
1.30298
1.30595
1.30805
1.30383
1.29602
1.29291
1.29404
1.29689
1.30138
1.30711
1.3158
1.32641
1.33397
1.33841
1.34213
1.34629
1.34835
1.34582
1.341
1.33837
1.33868
1.34043
1.3431
1.34682
1.35429
1.36761
1.38008
1.38716
1.39128
1.39455
1.39691
1.39528
1.38841
1.38266
1.38184
1.38419
1.38724
1.39111
1.40181
1.41882
1.43103
1.43727
1.44142
1.44477
1.44596
1.43875
1.42889
1.42613
1.42794
1.43103
1.43465
1.44401
1.46041
1.47207
1.47765
1.48085
1.48363
1.48463
1.47843
1.46688
1.46061
1.46029
1.46238
1.46707
1.48123
1.49523
1.50197
1.50439
1.5049
1.50588
1.50294
1.49743
1.99912
4.13314
1.22843
1.23544
1.23565
1.2249
1.21445
1.21242
1.21386
1.21618
1.21988
1.22767
1.24478
1.25871
1.26521
1.26884
1.27095
1.26997
1.26199
1.25512
1.25429
1.25632
1.25898
1.26213
1.26793
1.28127
1.2948
1.30252
1.30689
1.30973
1.31134
1.30996
1.30492
1.30156
1.30197
1.30432
1.30601
1.30823
1.31327
1.32394
1.33557
1.34328
1.34778
1.35092
1.35335
1.35367
1.35
1.34543
1.34392
1.34485
1.34699
1.3501
1.3556
1.36764
1.38108
1.38922
1.39414
1.39838
1.40252
1.40389
1.3969
1.38806
1.38562
1.38763
1.39087
1.39531
1.40473
1.42064
1.43292
1.43961
1.44391
1.44773
1.45085
1.44693
1.43709
1.43189
1.43188
1.43454
1.4381
1.44572
1.46057
1.47345
1.48036
1.48374
1.48506
1.48588
1.48419
1.47606
1.46812
1.46545
1.46612
1.46834
1.47695
1.4915
1.50114
1.50539
1.50731
1.50665
1.51634
1.9985
4.10641
1.22557
1.23509
1.23776
1.23833
1.23031
1.22117
1.21852
1.2195
1.22159
1.225
1.23256
1.24806
1.2607
1.2668
1.27
1.2727
1.27496
1.27107
1.2637
1.26017
1.26075
1.26331
1.26741
1.27321
1.28274
1.29461
1.30333
1.30844
1.31239
1.31635
1.31845
1.31566
1.30967
1.30616
1.30664
1.30892
1.31191
1.31554
1.32284
1.33458
1.34391
1.34988
1.35479
1.35907
1.36197
1.36018
1.35312
1.34856
1.34891
1.35126
1.3537
1.35723
1.36659
1.38213
1.39345
1.39953
1.40355
1.40652
1.40782
1.40282
1.39487
1.39224
1.39405
1.39734
1.40074
1.40571
1.41853
1.4339
1.44362
1.44881
1.45226
1.45462
1.45306
1.44615
1.43985
1.43818
1.43936
1.4414
1.44515
1.45678
1.47136
1.47957
1.48361
1.48758
1.49094
1.49219
1.48617
1.4753
1.46878
1.46686
1.46777
1.47314
1.48924
1.50212
1.50779
1.50798
1.52222
2.00797
4.07903
1.21794
1.23465
1.23885
1.24223
1.24435
1.23867
1.22857
1.22464
1.2253
1.22738
1.23052
1.23592
1.24815
1.26153
1.26975
1.27426
1.27711
1.27927
1.27826
1.27258
1.26824
1.26824
1.27052
1.27287
1.2757
1.2814
1.29313
1.3056
1.31356
1.3178
1.3207
1.32303
1.323
1.31784
1.31274
1.31208
1.31327
1.31483
1.31733
1.3222
1.3337
1.34718
1.35567
1.36033
1.3638
1.36675
1.36702
1.36042
1.35345
1.35238
1.35475
1.35791
1.36231
1.36973
1.38249
1.394
1.40092
1.40526
1.40893
1.41253
1.41191
1.40528
1.40009
1.39901
1.40099
1.40459
1.4094
1.41886
1.43314
1.44426
1.4505
1.45436
1.45774
1.46
1.45703
1.44914
1.44268
1.44095
1.4426
1.4459
1.45475
1.47061
1.48267
1.4883
1.49152
1.4943
1.49662
1.49414
1.48168
1.47074
1.46742
1.46791
1.47359
1.49018
1.50286
1.50684
1.52327
2.02526
4.05229
1.20755
1.229
1.23875
1.24362
1.24645
1.24816
1.24493
1.23616
1.23083
1.23013
1.23178
1.235
1.23993
1.24864
1.26053
1.27012
1.27629
1.28124
1.28524
1.28706
1.28327
1.27599
1.27247
1.27376
1.27656
1.28007
1.28457
1.2935
1.30624
1.31514
1.32019
1.32418
1.32789
1.33015
1.32617
1.31759
1.31421
1.31565
1.31823
1.32182
1.32631
1.33503
1.34784
1.35699
1.36243
1.36641
1.36995
1.37219
1.36797
1.36162
1.35997
1.36163
1.3641
1.36616
1.3699
1.37923
1.39328
1.40407
1.4103
1.4141
1.41712
1.41842
1.41507
1.40917
1.4064
1.40726
1.40853
1.41082
1.41618
1.42921
1.44397
1.45338
1.45882
1.4629
1.46665
1.46667
1.45772
1.4476
1.44421
1.44473
1.44706
1.45357
1.47011
1.48376
1.49025
1.49428
1.49785
1.50049
1.49911
1.48596
1.47327
1.46943
1.46978
1.47483
1.49104
1.50128
1.51958
2.04084
4.02565
1.20333
1.21271
1.22919
1.24009
1.24592
1.25028
1.2536
1.2531
1.2446
1.23692
1.23542
1.23702
1.23959
1.24288
1.2484
1.25969
1.27316
1.28236
1.28712
1.2901
1.29216
1.29097
1.28434
1.27954
1.27984
1.28211
1.28457
1.28754
1.29376
1.30686
1.31899
1.32527
1.32882
1.33133
1.33282
1.33043
1.32357
1.32058
1.3218
1.32423
1.32657
1.32917
1.33468
1.34672
1.35861
1.3661
1.37084
1.37442
1.37792
1.37768
1.37168
1.36626
1.36477
1.36646
1.3697
1.37378
1.37976
1.39143
1.40401
1.4121
1.41731
1.42133
1.42452
1.42499
1.41994
1.41257
1.40923
1.41061
1.41377
1.41788
1.42836
1.44526
1.45738
1.46338
1.46726
1.4707
1.47242
1.46334
1.44994
1.44548
1.44682
1.44947
1.45454
1.46966
1.486
1.49446
1.49849
1.50132
1.50356
1.50201
1.48852
1.47488
1.47082
1.47172
1.48018
1.49214
1.51107
2.04673
3.99817
1.20308
1.20629
1.21502
1.23113
1.24493
1.25193
1.25532
1.2575
1.25768
1.25165
1.24345
1.24032
1.24147
1.24416
1.24792
1.25264
1.26154
1.27481
1.28443
1.28969
1.29361
1.29726
1.29905
1.29384
1.28599
1.28391
1.2857
1.28862
1.29258
1.29802
1.3082
1.31933
1.32592
1.32977
1.33287
1.33621
1.33739
1.33237
1.32677
1.32537
1.32715
1.32989
1.33349
1.33831
1.34704
1.35903
1.36903
1.37547
1.37926
1.38189
1.38323
1.38081
1.37562
1.37265
1.37283
1.37343
1.37479
1.37866
1.38822
1.40348
1.41538
1.42182
1.4259
1.42969
1.4327
1.42913
1.41941
1.41501
1.41596
1.41852
1.42143
1.4294
1.44543
1.45876
1.46601
1.47063
1.47433
1.47522
1.46543
1.45343
1.44923
1.45014
1.45272
1.45778
1.47265
1.48911
1.49789
1.50194
1.50394
1.50443
1.5019
1.49211
1.47938
1.47577
1.47806
1.48464
1.50328
2.03918
3.96913
1.20689
1.20881
1.21341
1.22043
1.23303
1.24613
1.25333
1.25718
1.26031
1.26304
1.26052
1.2516
1.24699
1.24775
1.25023
1.25326
1.25663
1.26273
1.27562
1.28804
1.29476
1.2985
1.30114
1.30289
1.30044
1.29378
1.29106
1.29245
1.29495
1.2974
1.30025
1.30676
1.31834
1.3281
1.33373
1.33713
1.33967
1.34126
1.33933
1.33478
1.33273
1.33375
1.33574
1.33752
1.34019
1.34553
1.35701
1.36914
1.37665
1.38176
1.38648
1.39008
1.39121
1.38616
1.37792
1.37416
1.37531
1.37844
1.38226
1.38907
1.40389
1.41841
1.42603
1.43046
1.43428
1.4378
1.43675
1.42693
1.41997
1.41952
1.42174
1.42432
1.42951
1.44479
1.46082
1.46923
1.47349
1.47618
1.47703
1.47046
1.46041
1.45573
1.45613
1.4584
1.46131
1.47155
1.48812
1.49822
1.50217
1.50396
1.50549
1.505
1.49858
1.48712
1.48216
1.48204
1.49656
2.02249
3.938
1.21521
1.21461
1.21677
1.21942
1.22338
1.23291
1.24712
1.25688
1.26173
1.26468
1.26686
1.26649
1.25981
1.25374
1.25281
1.25473
1.25768
1.26148
1.2665
1.27657
1.28848
1.29576
1.3002
1.30432
1.30802
1.30902
1.30359
1.29762
1.29618
1.29799
1.30066
1.30409
1.30869
1.31715
1.32714
1.33394
1.33861
1.34325
1.34707
1.34852
1.34506
1.33967
1.3369
1.33757
1.34
1.34312
1.34687
1.35566
1.37021
1.38151
1.38747
1.39115
1.39391
1.3961
1.39388
1.38547
1.38071
1.3812
1.38349
1.38625
1.39123
1.4048
1.41967
1.42875
1.43434
1.43874
1.44235
1.44197
1.43264
1.42453
1.42289
1.42499
1.4284
1.434
1.44664
1.46148
1.47072
1.47569
1.47851
1.47909
1.47605
1.46946
1.46275
1.45946
1.46021
1.46345
1.47108
1.48665
1.49911
1.50459
1.50666
1.50864
1.5102
1.50705
1.49724
1.48707
1.48934
1.99712
3.90674
1.2277
1.21968
1.21904
1.22097
1.22416
1.22812
1.23439
1.24637
1.25702
1.26306
1.26728
1.27119
1.27358
1.26949
1.26222
1.25985
1.26122
1.26338
1.26558
1.26839
1.27535
1.28831
1.29942
1.30571
1.30945
1.31225
1.31387
1.31071
1.30474
1.30249
1.30347
1.30492
1.3064
1.30922
1.31513
1.32601
1.33702
1.34425
1.34843
1.35135
1.35343
1.35268
1.34785
1.34323
1.34238
1.34426
1.34721
1.35118
1.35761
1.36999
1.38173
1.38863
1.3933
1.39802
1.4021
1.4025
1.39364
1.38548
1.38438
1.3868
1.39013
1.3942
1.40417
1.42043
1.43213
1.43829
1.44196
1.44493
1.44598
1.44022
1.433
1.43052
1.43142
1.43278
1.4355
1.44394
1.45921
1.47038
1.47599
1.479
1.48205
1.48354
1.48006
1.47128
1.46487
1.46331
1.46479
1.4695
1.48449
1.49986
1.50686
1.5103
1.51351
1.51545
1.51357
1.50113
1.49018
1.97252
3.87939
1.23988
1.23528
1.22746
1.22592
1.22714
1.22833
1.23027
1.23407
1.24478
1.25901
1.26825
1.27307
1.27627
1.27907
1.27806
1.2709
1.26513
1.2642
1.26605
1.26881
1.27246
1.27832
1.28945
1.30092
1.30787
1.31206
1.31537
1.31817
1.31828
1.31282
1.30687
1.30537
1.30709
1.3098
1.31327
1.31786
1.32591
1.33676
1.34499
1.35024
1.35457
1.35867
1.36129
1.35816
1.3513
1.34866
1.35025
1.35265
1.35472
1.35839
1.36833
1.3829
1.39321
1.39897
1.40289
1.40582
1.40674
1.40038
1.39236
1.38984
1.39132
1.39464
1.3994
1.40725
1.42089
1.43327
1.44086
1.44556
1.44893
1.45158
1.44972
1.44195
1.43478
1.43283
1.43469
1.43798
1.44392
1.45689
1.47016
1.47816
1.48278
1.48665
1.48991
1.4893
1.47878
1.46768
1.46447
1.46587
1.46975
1.4852
1.50309
1.51136
1.51505
1.51745
1.51889
1.51347
1.50078
1.95597
3.85604
1.24366
1.24918
1.24376
1.23362
1.22868
1.22901
1.23099
1.23388
1.23801
1.24727
1.26153
1.27163
1.27706
1.28049
1.28314
1.28341
1.27691
1.27023
1.26898
1.27079
1.2736
1.27687
1.28094
1.28937
1.30188
1.31141
1.31627
1.319
1.3207
1.32112
1.31818
1.31318
1.31149
1.31285
1.31523
1.31735
1.31987
1.32474
1.33542
1.34742
1.35522
1.36
1.36362
1.36666
1.36642
1.35973
1.35401
1.35344
1.35566
1.35871
1.36284
1.3697
1.38232
1.39374
1.40058
1.40535
1.40972
1.41243
1.40925
1.40107
1.39732
1.39837
1.40044
1.40272
1.40722
1.41868
1.43403
1.44421
1.44914
1.45199
1.45464
1.45576
1.44988
1.4408
1.43751
1.43756
1.43896
1.44273
1.45503
1.47148
1.48162
1.48708
1.49113
1.4948
1.49528
1.48283
1.46966
1.4663
1.46777
1.47166
1.48836
1.50708
1.5156
1.51903
1.52077
1.51966
1.51458
1.94849
3.83415
1.24488
1.25133
1.25259
1.24816
1.23792
1.23299
1.23351
1.23565
1.2387
1.24257
1.24959
1.26289
1.27432
1.28017
1.2832
1.28501
1.28632
1.28359
1.27713
1.27422
1.27522
1.27788
1.28162
1.28617
1.29206
1.30131
1.31048
1.3159
1.31916
1.32214
1.32535
1.32654
1.3225
1.3176
1.31631
1.3181
1.3207
1.32376
1.32731
1.33475
1.3471
1.35663
1.36257
1.36706
1.37087
1.37277
1.36827
1.36203
1.36058
1.3618
1.36286
1.36479
1.36916
1.38046
1.39574
1.40577
1.41069
1.41385
1.41598
1.41542
1.40978
1.40316
1.4012
1.4032
1.40663
1.41105
1.41943
1.43358
1.44477
1.45038
1.45433
1.45833
1.46145
1.45677
1.44481
1.43872
1.4393
1.44186
1.44553
1.45697
1.47422
1.48528
1.49138
1.49564
1.49891
1.49781
1.48525
1.47277
1.46913
1.47086
1.47552
1.49194
1.50979
1.51846
1.52172
1.52136
1.52527
1.95125
3.81152
1.24125
1.25037
1.25199
1.25366
1.25263
1.24491
1.23935
1.23889
1.24077
1.24364
1.24804
1.25456
1.26505
1.27495
1.2807
1.28392
1.28602
1.28766
1.2885
1.28591
1.28289
1.28294
1.28522
1.28781
1.28978
1.29223
1.29791
1.30801
1.31721
1.32287
1.32647
1.32929
1.33159
1.33047
1.32545
1.32287
1.32371
1.32509
1.32609
1.32844
1.3338
1.34662
1.35963
1.36739
1.37213
1.37621
1.3792
1.37781
1.37038
1.36433
1.36324
1.36539
1.36884
1.37316
1.38148
1.3957
1.40675
1.41244
1.41572
1.41872
1.42049
1.41837
1.4121
1.40859
1.40897
1.41039
1.41271
1.41793
1.43199
1.44641
1.45416
1.45879
1.46268
1.46626
1.46223
1.44949
1.44375
1.44389
1.44518
1.44783
1.45818
1.47625
1.48832
1.4947
1.49876
1.50129
1.49949
1.4894
1.47792
1.4738
1.47584
1.48066
1.49369
1.51016
1.52002
1.52194
1.52823
1.96398
3.78627
1.23165
1.24619
1.25032
1.25308
1.25462
1.25587
1.25339
1.24892
1.24755
1.24895
1.25163
1.25463
1.25768
1.26221
1.26958
1.27732
1.28336
1.28854
1.294
1.29737
1.29752
1.29328
1.28927
1.28846
1.29004
1.29221
1.29464
1.29802
1.30594
1.31657
1.32388
1.32895
1.33401
1.33796
1.33937
1.33438
1.3277
1.32534
1.32658
1.329
1.33222
1.33695
1.34769
1.36188
1.37179
1.37711
1.38037
1.38257
1.38226
1.37713
1.37124
1.36971
1.37093
1.37261
1.37544
1.38105
1.39441
1.40832
1.41579
1.41973
1.42315
1.42667
1.42739
1.4204
1.41267
1.41078
1.41284
1.41599
1.42069
1.43259
1.44782
1.45727
1.46291
1.46703
1.47029
1.46652
1.45373
1.44635
1.44571
1.44772
1.45113
1.46159
1.47896
1.49135
1.49809
1.50189
1.50278
1.50086
1.49465
1.48499
1.48017
1.48191
1.48644
1.49446
1.50884
1.51941
1.5276
1.98053
3.75769
1.22281
1.23241
1.2417
1.24909
1.25483
1.2606
1.26427
1.26536
1.26225
1.25789
1.25546
1.25445
1.25428
1.25572
1.259
1.26613
1.27787
1.28891
1.29575
1.29997
1.30316
1.30505
1.30165
1.29529
1.29274
1.29338
1.29467
1.29635
1.29892
1.30501
1.3173
1.32864
1.3352
1.3392
1.34213
1.34368
1.34003
1.33322
1.33045
1.3315
1.33387
1.33653
1.34
1.34822
1.36286
1.37359
1.3789
1.38205
1.38497
1.38748
1.38593
1.37876
1.37345
1.37337
1.37611
1.3798
1.38476
1.39498
1.40926
1.41878
1.42366
1.42693
1.42983
1.43254
1.42847
1.41981
1.4168
1.41764
1.41892
1.42165
1.43112
1.44765
1.45916
1.46564
1.47023
1.47337
1.46979
1.45843
1.45144
1.45046
1.45245
1.45563
1.46441
1.48074
1.49315
1.49987
1.50315
1.5032
1.50268
1.50054
1.49426
1.48857
1.48828
1.49091
1.49461
1.50494
1.52238
1.99558
3.72752
1.2198
1.22198
1.22795
1.24037
1.25422
1.26343
1.26867
1.27224
1.27456
1.27263
1.26438
1.25653
1.25468
1.25621
1.25897
1.263
1.26946
1.28143
1.29282
1.29986
1.30425
1.30747
1.30995
1.30885
1.30109
1.29536
1.29508
1.29707
1.29964
1.30322
1.30879
1.3193
1.33026
1.33711
1.3413
1.34448
1.34736
1.34724
1.3409
1.33535
1.33489
1.33736
1.34068
1.34481
1.35142
1.36335
1.37474
1.38164
1.38549
1.3878
1.38961
1.39135
1.38799
1.38205
1.3806
1.38219
1.3843
1.38691
1.39353
1.40755
1.41887
1.4252
1.43069
1.43576
1.439
1.43607
1.42535
1.41891
1.41851
1.42065
1.42376
1.4313
1.44821
1.46215
1.46911
1.47295
1.47573
1.47429
1.4649
1.45653
1.45443
1.45635
1.45989
1.46669
1.48136
1.49446
1.50114
1.50399
1.5048
1.50593
1.50633
1.50293
1.49683
1.49367
1.49311
1.49258
1.50904
1.99836
3.69807
1.22059
1.22128
1.22594
1.23343
1.24694
1.26252
1.27022
1.27388
1.27624
1.27714
1.27414
1.26485
1.25929
1.2594
1.26161
1.26534
1.26937
1.27372
1.28261
1.29469
1.30305
1.30755
1.31041
1.3119
1.31101
1.30538
1.30082
1.30067
1.30271
1.30543
1.30829
1.31167
1.31876
1.33027
1.33961
1.34485
1.34788
1.34938
1.35019
1.34824
1.3443
1.34305
1.34472
1.34763
1.35077
1.35463
1.36135
1.37145
1.38018
1.38578
1.39126
1.39669
1.40016
1.39817
1.38949
1.38406
1.3839
1.38583
1.38838
1.39317
1.40719
1.42285
1.43151
1.43621
1.43961
1.44237
1.44067
1.43061
1.42312
1.42208
1.42401
1.42734
1.43414
1.44963
1.46415
1.47201
1.47591
1.47777
1.47699
1.47154
1.46333
1.45963
1.46055
1.46359
1.46947
1.48334
1.49623
1.50273
1.50545
1.5071
1.50932
1.51076
1.50953
1.50314
1.49691
1.49257
1.49868
1.98463
3.6723
1.22464
1.22439
1.22998
1.23848
1.24668
1.25577
1.26527
1.27053
1.27252
1.27259
1.27303
1.27445
1.27203
1.26858
1.268
1.26944
1.27175
1.27455
1.2782
1.28419
1.29358
1.30179
1.30677
1.31003
1.31307
1.31568
1.31463
1.30987
1.30682
1.30688
1.30912
1.3123
1.31602
1.32024
1.32785
1.33718
1.3436
1.34822
1.35357
1.35793
1.35958
1.35618
1.35197
1.35104
1.35181
1.35223
1.35404
1.35824
1.36893
1.38287
1.39228
1.39786
1.40196
1.40519
1.40492
1.39621
1.38833
1.38675
1.38863
1.3917
1.39658
1.40922
1.42503
1.43388
1.43869
1.44265
1.44563
1.44502
1.43589
1.42771
1.4265
1.42874
1.43168
1.43644
1.44977
1.46497
1.47298
1.47672
1.47921
1.48156
1.47941
1.47024
1.46456
1.46473
1.46731
1.47186
1.4845
1.49719
1.50395
1.50744
1.51043
1.51333
1.51558
1.51405
1.50713
1.49722
1.49678
1.96177
3.6514
1.23466
1.23468
1.2396
1.24396
1.24717
1.25026
1.25409
1.25899
1.26371
1.26796
1.27248
1.27766
1.28136
1.28257
1.28041
1.27748
1.27661
1.27759
1.27878
1.27979
1.28234
1.28864
1.29877
1.30813
1.31425
1.31775
1.32024
1.32158
1.31943
1.31555
1.31426
1.31525
1.31562
1.31614
1.31862
1.32425
1.33539
1.34714
1.35517
1.36035
1.36434
1.36745
1.36648
1.35969
1.35349
1.35247
1.35435
1.35718
1.361
1.37003
1.38463
1.39517
1.40139
1.40602
1.4098
1.41084
1.40223
1.39277
1.39103
1.39313
1.3958
1.3994
1.41016
1.42786
1.43862
1.44307
1.44584
1.44729
1.44684
1.44115
1.43291
1.43026
1.43237
1.43597
1.44134
1.45152
1.46459
1.47369
1.4789
1.48236
1.48578
1.48587
1.47687
1.46917
1.46822
1.47043
1.4743
1.48535
1.49791
1.50564
1.51034
1.51406
1.5173
1.51929
1.51879
1.50888
1.49952
1.9395
3.63325
1.24624
1.25136
1.25079
1.24986
1.24933
1.24837
1.24645
1.24682
1.25047
1.25776
1.26776
1.27772
1.28524
1.29027
1.29266
1.29175
1.28673
1.2814
1.27868
1.27863
1.27995
1.28232
1.28678
1.29691
1.30886
1.31643
1.32165
1.32603
1.32907
1.32937
1.3241
1.31743
1.31489
1.31601
1.31849
1.32162
1.32626
1.33712
1.35076
1.35991
1.36542
1.36933
1.37252
1.37228
1.3646
1.35801
1.35707
1.35862
1.3607
1.36359
1.37039
1.38591
1.39962
1.40661
1.41043
1.41308
1.41357
1.4063
1.39685
1.39426
1.39641
1.39977
1.40484
1.41485
1.42987
1.43958
1.44376
1.44626
1.44811
1.44941
1.44681
1.44021
1.43747
1.4389
1.44159
1.44415
1.44976
1.46213
1.47387
1.48108
1.48631
1.49108
1.49298
1.48411
1.47446
1.47233
1.47371
1.476
1.48437
1.49821
1.50771
1.5138
1.51865
1.52223
1.52439
1.52197
1.51081
1.92084
3.61336
1.25485
1.26499
1.26579
1.26225
1.25563
1.24819
1.24323
1.24276
1.24477
1.24838
1.25659
1.27212
1.28583
1.29231
1.2955
1.29789
1.29828
1.29278
1.28364
1.27952
1.27977
1.28167
1.28484
1.28965
1.29871
1.313
1.32298
1.32761
1.33049
1.33255
1.3329
1.32721
1.32006
1.31854
1.32036
1.32345
1.32709
1.33077
1.3389
1.35316
1.36335
1.36867
1.37196
1.3748
1.37672
1.37196
1.36371
1.36028
1.36143
1.36434
1.3681
1.374
1.3874
1.40107
1.40811
1.41165
1.41419
1.41545
1.41089
1.40363
1.40126
1.40309
1.40626
1.40947
1.41552
1.4286
1.43953
1.44476
1.44762
1.45013
1.45334
1.45413
1.44818
1.44277
1.44204
1.44395
1.44643
1.45027
1.46123
1.47599
1.48591
1.4919
1.49645
1.49888
1.48994
1.47842
1.47464
1.47533
1.47775
1.48551
1.4999
1.5113
1.51895
1.52384
1.52716
1.52833
1.52572
1.91393
3.58948
1.25669
1.26788
1.27004
1.27135
1.26658
1.25227
1.24374
1.2433
1.24514
1.24864
1.25456
1.26455
1.28029
1.29152
1.29643
1.299
1.30015
1.2995
1.29394
1.28453
1.2819
1.28334
1.28658
1.29212
1.29862
1.30621
1.31662
1.32422
1.32796
1.32959
1.33094
1.33336
1.33314
1.3287
1.32629
1.32714
1.32956
1.33263
1.33609
1.34086
1.3518
1.36334
1.37054
1.37487
1.37777
1.3799
1.37823
1.37152
1.36743
1.36782
1.36963
1.37182
1.37563
1.38649
1.40105
1.40943
1.41341
1.41586
1.41834
1.41853
1.41275
1.40729
1.4068
1.40954
1.41301
1.41775
1.42721
1.43877
1.44608
1.4503
1.45367
1.45705
1.45945
1.45538
1.44905
1.44682
1.44679
1.4473
1.44994
1.46055
1.47848
1.49031
1.49678
1.50106
1.50278
1.49388
1.4823
1.47769
1.47801
1.48085
1.48843
1.50325
1.51634
1.52459
1.52935
1.53112
1.53526
1.91462
3.56185
1.25446
1.26716
1.26914
1.26841
1.26442
1.25879
1.25156
1.24875
1.25004
1.25372
1.25939
1.26504
1.27157
1.28261
1.29139
1.29517
1.29585
1.29468
1.29376
1.29338
1.29162
1.29153
1.29394
1.29748
1.30071
1.30356
1.30697
1.31232
1.31881
1.32471
1.33008
1.33556
1.33968
1.34169
1.3398
1.33602
1.33453
1.33494
1.33498
1.3361
1.33951
1.34893
1.36284
1.37208
1.3772
1.38158
1.3849
1.38596
1.38021
1.37277
1.37058
1.37244
1.37538
1.37873
1.38566
1.39838
1.40909
1.4155
1.41944
1.42283
1.42523
1.42175
1.41482
1.41262
1.4135
1.4148
1.4176
1.42525
1.43874
1.44818
1.45322
1.45768
1.4619
1.46471
1.4616
1.45327
1.44781
1.44698
1.44889
1.45215
1.46314
1.48238
1.49477
1.50074
1.50439
1.50509
1.49823
1.48783
1.48192
1.48174
1.48505
1.49262
1.50749
1.52132
1.52942
1.53292
1.53893
1.92066
3.53426
1.24683
1.25857
1.26155
1.26205
1.26186
1.26294
1.26363
1.26149
1.2605
1.26206
1.26498
1.26792
1.27045
1.2735
1.27802
1.28285
1.28696
1.2905
1.29386
1.29935
1.3047
1.30682
1.30581
1.30409
1.3035
1.3032
1.30229
1.30265
1.3059
1.31326
1.32404
1.33427
1.34214
1.34828
1.35151
1.35122
1.34487
1.3377
1.33522
1.33633
1.3388
1.34197
1.349
1.36362
1.37615
1.38204
1.38541
1.38821
1.39037
1.38769
1.38006
1.37645
1.37631
1.37712
1.37945
1.38462
1.39736
1.4112
1.41938
1.42445
1.42897
1.43199
1.42941
1.41956
1.41381
1.41418
1.41667
1.41978
1.42687
1.44106
1.45238
1.45826
1.46201
1.46521
1.46705
1.46501
1.45816
1.45209
1.45065
1.45225
1.45537
1.46587
1.48548
1.49767
1.50306
1.50594
1.50595
1.50291
1.4951
1.48786
1.48651
1.48922
1.49613
1.51062
1.52452
1.53149
1.53933
1.93162
3.50925
1.2416
1.24602
1.24958
1.25393
1.25896
1.26344
1.26787
1.27307
1.27622
1.27644
1.27463
1.27303
1.27158
1.26897
1.26693
1.26838
1.27349
1.28251
1.29275
1.30281
1.3124
1.31781
1.31983
1.31722
1.31088
1.30461
1.30039
1.29941
1.30113
1.30443
1.31155
1.32645
1.34167
1.34947
1.35314
1.35594
1.35676
1.3501
1.34128
1.33841
1.33934
1.34167
1.34506
1.35213
1.36649
1.37834
1.3845
1.38845
1.39215
1.39509
1.39393
1.38375
1.37693
1.37732
1.37979
1.38331
1.38859
1.40072
1.41589
1.42507
1.42975
1.43296
1.43516
1.43234
1.42252
1.41714
1.41762
1.42018
1.42322
1.42897
1.44276
1.45473
1.46052
1.46398
1.46683
1.46886
1.46886
1.46406
1.45674
1.45413
1.45595
1.45942
1.46963
1.48712
1.49786
1.5029
1.50556
1.50761
1.5089
1.5036
1.4943
1.49062
1.49218
1.49781
1.51243
1.52559
1.53682
1.94424
3.48754
1.23982
1.23723
1.238
1.24158
1.2493
1.25933
1.26962
1.27947
1.28592
1.28879
1.28868
1.28345
1.27476
1.26693
1.26378
1.26463
1.26707
1.2718
1.28263
1.3013
1.3143
1.31989
1.32288
1.32497
1.32294
1.31162
1.30147
1.29955
1.30138
1.30438
1.30891
1.31725
1.33379
1.34723
1.35328
1.35636
1.35845
1.35973
1.355
1.3447
1.34111
1.34254
1.34563
1.35022
1.35632
1.36865
1.38172
1.38861
1.39227
1.39456
1.39518
1.39345
1.38672
1.38265
1.38357
1.38651
1.39002
1.39373
1.40274
1.41665
1.42575
1.43077
1.43423
1.43721
1.43699
1.42855
1.42188
1.42122
1.42353
1.42684
1.43217
1.44423
1.45621
1.46275
1.4661
1.4682
1.47012
1.47254
1.47106
1.46319
1.45934
1.46064
1.46351
1.47092
1.48625
1.49746
1.50359
1.50769
1.51144
1.51491
1.51104
1.4992
1.4931
1.49365
1.49875
1.51428
1.53225
1.95471
3.4688
1.24266
1.23647
1.23687
1.23918
1.24207
1.24937
1.26618
1.28073
1.28721
1.29033
1.29243
1.29207
1.28326
1.26948
1.26453
1.26527
1.26775
1.27299
1.28221
1.2955
1.31022
1.31877
1.32246
1.32358
1.32214
1.31911
1.31104
1.30501
1.30515
1.30802
1.31252
1.31801
1.32453
1.33733
1.34921
1.35485
1.35757
1.35834
1.35763
1.3556
1.35051
1.34845
1.34997
1.35306
1.35783
1.36322
1.37101
1.38081
1.38704
1.39053
1.39347
1.39674
1.39899
1.39591
1.39177
1.39095
1.39199
1.39385
1.39632
1.40146
1.41392
1.42641
1.434
1.43817
1.44087
1.44154
1.43539
1.42803
1.42603
1.42761
1.43021
1.43386
1.44308
1.4552
1.46261
1.46659
1.47039
1.47455
1.47816
1.47763
1.46836
1.46284
1.46372
1.46649
1.47242
1.48605
1.49825
1.50594
1.51136
1.51609
1.52016
1.51636
1.50237
1.49489
1.49553
1.50015
1.52467
1.95967
3.45156
1.2497
1.23871
1.23814
1.24028
1.24402
1.25081
1.26056
1.27419
1.28381
1.28793
1.28908
1.28759
1.28464
1.2796
1.27353
1.2724
1.27487
1.27935
1.28449
1.28995
1.29855
1.30914
1.31574
1.31841
1.31947
1.32058
1.32157
1.31883
1.31544
1.31543
1.31775
1.32106
1.32484
1.32905
1.33598
1.34433
1.35009
1.35363
1.35692
1.36131
1.36441
1.36322
1.36004
1.35963
1.36152
1.36256
1.36332
1.36696
1.3759
1.38562
1.3928
1.39812
1.40275
1.40637
1.40641
1.40188
1.39755
1.39495
1.39465
1.39643
1.40035
1.41164
1.42714
1.43677
1.44159
1.44487
1.44686
1.44322
1.43431
1.4294
1.42972
1.4322
1.43538
1.4422
1.45488
1.46503
1.47044
1.47437
1.47848
1.48256
1.48249
1.47227
1.46643
1.46723
1.46939
1.47358
1.48664
1.50039
1.50936
1.51585
1.52134
1.52525
1.52049
1.50554
1.49764
1.49798
1.51177
1.95185
3.43587
1.25663
1.2494
1.24577
1.2468
1.25004
1.25435
1.25842
1.26365
1.27148
1.27814
1.28168
1.28336
1.2849
1.28702
1.28808
1.28671
1.28542
1.28591
1.28773
1.29019
1.29324
1.29654
1.30209
1.30958
1.31588
1.32049
1.32487
1.32939
1.33138
1.32968
1.32689
1.32619
1.32683
1.32625
1.32602
1.32908
1.33728
1.34803
1.35724
1.36464
1.37117
1.37514
1.37532
1.36951
1.36425
1.36183
1.3607
1.36126
1.36412
1.37291
1.38627
1.39701
1.4046
1.41036
1.41382
1.41467
1.40907
1.39996
1.39506
1.39578
1.39854
1.40224
1.41196
1.4299
1.44161
1.44587
1.44838
1.45026
1.44862
1.43942
1.43241
1.43217
1.43469
1.43771
1.44341
1.45622
1.46744
1.47361
1.47846
1.48291
1.48691
1.4857
1.47474
1.46906
1.46973
1.47188
1.4762
1.48964
1.50411
1.5138
1.52083
1.52642
1.52978
1.52462
1.50986
1.50059
1.50535
1.93267
3.41994
1.25813
1.26124
1.26054
1.25902
1.25816
1.25857
1.25977
1.26042
1.26009
1.26238
1.26846
1.27635
1.28366
1.2903
1.2968
1.30075
1.30103
1.29756
1.29412
1.29225
1.29089
1.28979
1.29105
1.29547
1.3054
1.31703
1.32685
1.33453
1.33978
1.34269
1.34168
1.33553
1.32865
1.32394
1.3225
1.32393
1.32707
1.33516
1.3503
1.36445
1.37301
1.37799
1.38165
1.38293
1.37607
1.36596
1.36075
1.36071
1.36295
1.36616
1.37453
1.39111
1.40437
1.41097
1.41458
1.41705
1.41724
1.41096
1.40133
1.39717
1.3985
1.4017
1.40603
1.41655
1.43418
1.44479
1.44858
1.45087
1.45259
1.45172
1.44236
1.43483
1.43473
1.43749
1.44059
1.44584
1.45934
1.4717
1.47815
1.48262
1.48684
1.49048
1.4879
1.47754
1.47276
1.47335
1.47554
1.48013
1.49351
1.50806
1.5181
1.52536
1.53052
1.53333
1.52908
1.51406
1.50584
1.90656
3.40198
1.25773
1.26627
1.27085
1.27266
1.27077
1.2662
1.26188
1.25834
1.25584
1.2558
1.25813
1.26403
1.27576
1.28951
1.29936
1.30512
1.30831
1.30989
1.30702
1.29952
1.29178
1.28892
1.28985
1.29234
1.29623
1.30615
1.32333
1.33569
1.34127
1.34453
1.34739
1.34765
1.33763
1.32571
1.32289
1.32437
1.32714
1.33188
1.34093
1.3581
1.37185
1.37858
1.38238
1.38491
1.38489
1.37572
1.365
1.36223
1.36395
1.36733
1.37184
1.3799
1.39606
1.40772
1.41291
1.41545
1.41632
1.41659
1.41355
1.40604
1.40239
1.40394
1.40754
1.41161
1.42004
1.43578
1.44586
1.44963
1.45156
1.45328
1.4537
1.44585
1.43887
1.43872
1.44139
1.4449
1.451
1.46338
1.47403
1.48023
1.48485
1.48911
1.49292
1.49119
1.48266
1.47792
1.47758
1.47979
1.48437
1.49683
1.51169
1.52223
1.52934
1.53364
1.53613
1.53224
1.51763
1.88304
3.38265
1.25262
1.26742
1.27307
1.27677
1.27867
1.27791
1.27099
1.26127
1.25623
1.25636
1.25845
1.26199
1.26822
1.28037
1.29551
1.30493
1.30907
1.31153
1.31305
1.31019
1.29954
1.29154
1.29106
1.29332
1.2971
1.30324
1.31457
1.3306
1.34011
1.3443
1.34657
1.34629
1.34305
1.3351
1.32899
1.32888
1.3317
1.33626
1.34129
1.34792
1.36118
1.37274
1.37847
1.38121
1.38249
1.38279
1.37785
1.37103
1.36928
1.37104
1.37419
1.37828
1.3849
1.39671
1.40664
1.41192
1.4147
1.41646
1.41776
1.41778
1.41354
1.40952
1.40988
1.41275
1.4166
1.42312
1.43485
1.44436
1.44895
1.45177
1.45476
1.45686
1.4523
1.44634
1.44544
1.44731
1.44927
1.45258
1.46303
1.47423
1.48156
1.48732
1.49258
1.49675
1.49678
1.48895
1.48273
1.48129
1.4835
1.48811
1.49949
1.5149
1.52623
1.53288
1.5367
1.53841
1.53403
1.87417
3.36312
1.24611
1.25996
1.26941
1.27489
1.27755
1.27915
1.27954
1.2739
1.26493
1.26155
1.26265
1.26512
1.26779
1.27158
1.28153
1.29664
1.30554
1.30908
1.31111
1.31271
1.31156
1.30362
1.2986
1.29908
1.30199
1.30595
1.31049
1.31874
1.3305
1.33772
1.34079
1.34209
1.34365
1.34505
1.34252
1.33923
1.33915
1.3412
1.34392
1.34674
1.35051
1.35875
1.36874
1.37566
1.38029
1.38359
1.38668
1.38636
1.38106
1.37785
1.37799
1.37976
1.38163
1.3845
1.39225
1.40329
1.41117
1.41577
1.41945
1.42303
1.42531
1.42284
1.41752
1.41604
1.41698
1.41817
1.4213
1.43048
1.44211
1.44936
1.45432
1.45951
1.46355
1.46197
1.45426
1.44944
1.44853
1.4497
1.45258
1.46279
1.47623
1.48572
1.49209
1.49703
1.50088
1.50107
1.49396
1.48679
1.48444
1.4866
1.49119
1.50136
1.51769
1.53007
1.53647
1.53958
1.54198
1.87535
3.34453
1.24426
1.24798
1.25682
1.26782
1.27466
1.27826
1.28063
1.28276
1.28141
1.27415
1.26848
1.26732
1.26885
1.27133
1.27512
1.28309
1.2958
1.30474
1.30931
1.31209
1.31426
1.31594
1.3132
1.30917
1.30811
1.30938
1.31165
1.3142
1.31716
1.3233
1.33119
1.33788
1.34307
1.3477
1.35227
1.3541
1.35193
1.34911
1.34795
1.34769
1.34724
1.3483
1.35306
1.3636
1.37507
1.38379
1.38974
1.39402
1.39568
1.392
1.38595
1.38168
1.37995
1.38029
1.3827
1.38876
1.40127
1.41312
1.42061
1.42571
1.42984
1.43294
1.43148
1.42331
1.41735
1.41629
1.41765
1.4202
1.42796
1.44214
1.45363
1.4609
1.46594
1.46965
1.46847
1.45808
1.45007
1.4491
1.45104
1.45422
1.46485
1.47996
1.49006
1.49638
1.50108
1.50421
1.5032
1.49725
1.49021
1.48748
1.48969
1.49412
1.50354
1.52093
1.53378
1.53953
1.54493
1.88353
3.32875
1.24477
1.24636
1.24784
1.25285
1.26407
1.27451
1.28113
1.28534
1.2885
1.28956
1.28372
1.27578
1.27285
1.27372
1.27571
1.27773
1.28151
1.29104
1.30183
1.30948
1.31514
1.31993
1.32347
1.32397
1.31998
1.31586
1.31341
1.31152
1.31085
1.31256
1.31769
1.32862
1.34026
1.34936
1.35616
1.36118
1.36367
1.3619
1.35599
1.34992
1.34638
1.34614
1.34791
1.35156
1.36143
1.37722
1.38994
1.39688
1.40083
1.40317
1.40045
1.39021
1.38138
1.37921
1.3807
1.38345
1.38896
1.40286
1.41816
1.4268
1.43141
1.43493
1.43765
1.43545
1.42414
1.417
1.41695
1.41922
1.42222
1.42989
1.44708
1.45993
1.46597
1.46983
1.47237
1.46915
1.45763
1.45076
1.45075
1.45334
1.45739
1.46951
1.48513
1.49457
1.49993
1.50373
1.50467
1.50357
1.5003
1.49409
1.49118
1.49349
1.49786
1.50789
1.52559
1.53677
1.5453
1.89649
3.31484
1.24807
1.24524
1.24533
1.24706
1.2514
1.26381
1.27838
1.28627
1.28974
1.29222
1.29413
1.29122
1.2829
1.27695
1.27521
1.2763
1.27848
1.28191
1.28944
1.30203
1.31383
1.32167
1.32644
1.32986
1.33176
1.32835
1.31941
1.31223
1.31082
1.31252
1.31521
1.31939
1.33017
1.34537
1.35638
1.36205
1.36529
1.36764
1.36717
1.35952
1.35009
1.34665
1.34794
1.35072
1.35457
1.36535
1.38504
1.397
1.40143
1.40419
1.40561
1.40182
1.38833
1.38059
1.38103
1.38372
1.38748
1.39407
1.41032
1.42532
1.43151
1.43483
1.43729
1.43819
1.43337
1.42278
1.41877
1.42021
1.42344
1.42843
1.43723
1.45182
1.46207
1.46706
1.46996
1.47143
1.46877
1.45991
1.45452
1.45509
1.45828
1.46256
1.47446
1.48887
1.49677
1.50119
1.5037
1.50439
1.5054
1.50453
1.49979
1.49671
1.49843
1.50297
1.51363
1.52932
1.54145
1.9079
3.30143
1.25425
1.24576
1.24596
1.24785
1.25097
1.25628
1.26745
1.28082
1.28859
1.29252
1.29518
1.29725
1.29655
1.28805
1.27968
1.27785
1.27942
1.28228
1.28675
1.29349
1.30527
1.31833
1.32648
1.33048
1.33266
1.33268
1.32917
1.32105
1.31534
1.31519
1.31763
1.32087
1.32489
1.33399
1.34885
1.35907
1.36364
1.36616
1.36804
1.36895
1.36237
1.35296
1.3509
1.35312
1.35688
1.36215
1.37285
1.38886
1.39753
1.40094
1.40259
1.40315
1.40001
1.39064
1.38622
1.38747
1.39068
1.39523
1.40222
1.41526
1.42597
1.431
1.43366
1.43542
1.43619
1.43355
1.42764
1.4256
1.42736
1.43051
1.43373
1.43928
1.45087
1.46076
1.46619
1.46934
1.4717
1.47133
1.46542
1.4607
1.46074
1.46359
1.46771
1.47823
1.48994
1.49654
1.50045
1.50314
1.50621
1.50996
1.51204
1.50803
1.50263
1.50289
1.50725
1.51757
1.5349
1.91494
3.2888
1.26361
1.25517
1.25159
1.25241
1.25449
1.25701
1.26016
1.26758
1.28024
1.28927
1.29352
1.29562
1.29648
1.29664
1.29287
1.28725
1.28559
1.28716
1.29
1.29324
1.29731
1.3055
1.3172
1.32508
1.32894
1.33152
1.33408
1.33473
1.3291
1.32281
1.32155
1.32328
1.32597
1.32903
1.33543
1.3485
1.35882
1.36385
1.36669
1.36875
1.37041
1.36733
1.36069
1.35905
1.36099
1.36401
1.3672
1.37375
1.38568
1.39449
1.39938
1.40255
1.40541
1.40535
1.39855
1.39418
1.39447
1.39688
1.39982
1.40377
1.41333
1.42382
1.43017
1.43381
1.4366
1.43928
1.43939
1.43595
1.43309
1.43247
1.43331
1.43524
1.4389
1.44809
1.45917
1.46636
1.47077
1.47423
1.47704
1.47399
1.46787
1.466
1.46765
1.47043
1.47771
1.4883
1.49573
1.50112
1.50615
1.51227
1.51804
1.52072
1.5146
1.50677
1.50535
1.5086
1.52455
1.91682
3.27774
1.26696
1.26934
1.26495
1.25974
1.25754
1.25835
1.26052
1.26387
1.26887
1.27745
1.28611
1.29182
1.29569
1.29928
1.30235
1.30268
1.29845
1.29421
1.29311
1.29448
1.29677
1.29891
1.30273
1.31249
1.32377
1.33126
1.33551
1.33852
1.34087
1.33834
1.33115
1.3275
1.32765
1.32934
1.33139
1.3348
1.3451
1.35677
1.36373
1.3682
1.3727
1.37655
1.37688
1.37119
1.36705
1.366
1.3658
1.36641
1.37
1.38061
1.39296
1.40155
1.40716
1.41109
1.41288
1.40801
1.40175
1.39874
1.39848
1.4001
1.40309
1.41098
1.42297
1.43186
1.43736
1.44133
1.4446
1.44623
1.4439
1.43853
1.43462
1.43388
1.43497
1.43789
1.4458
1.45854
1.46845
1.47506
1.48047
1.48448
1.48254
1.47326
1.46805
1.46822
1.47021
1.47604
1.48761
1.498
1.50628
1.51376
1.52041
1.52548
1.52632
1.51654
1.50699
1.50548
1.51395
1.91167
3.26837
1.26771
1.27462
1.2766
1.27477
1.26849
1.26425
1.26377
1.26427
1.26448
1.2664
1.27176
1.28214
1.29281
1.30055
1.30537
1.30882
1.31089
1.30861
1.30247
1.29832
1.29702
1.29739
1.29887
1.30167
1.30968
1.32346
1.33386
1.33969
1.34393
1.34731
1.34697
1.33933
1.33263
1.33013
1.32999
1.33122
1.33393
1.34239
1.35611
1.3671
1.37483
1.38064
1.3845
1.3854
1.37879
1.37009
1.36493
1.36419
1.36587
1.36927
1.37895
1.3948
1.40687
1.41319
1.41679
1.41877
1.41519
1.40608
1.39976
1.39906
1.40096
1.40392
1.41026
1.42341
1.43543
1.44258
1.44645
1.4492
1.4511
1.44939
1.44128
1.43496
1.43427
1.43628
1.43889
1.44578
1.46079
1.47384
1.48125
1.48634
1.49035
1.48702
1.47415
1.46798
1.46886
1.47113
1.47694
1.49099
1.50452
1.51377
1.52077
1.52636
1.52995
1.52663
1.51388
1.50542
1.50888
1.89947
3.25953
1.26398
1.2764
1.27974
1.28214
1.2826
1.27684
1.26831
1.26387
1.26393
1.26568
1.26822
1.27217
1.28189
1.29571
1.30528
1.31022
1.31335
1.31585
1.31585
1.30875
1.30087
1.2981
1.29916
1.3013
1.3043
1.31128
1.32618
1.33872
1.345
1.34863
1.35165
1.35264
1.34429
1.33385
1.3302
1.33117
1.33325
1.33623
1.34347
1.35976
1.37399
1.38126
1.3852
1.38799
1.38895
1.38112
1.36926
1.3648
1.36592
1.36871
1.37279
1.38251
1.39991
1.41225
1.41716
1.41962
1.42054
1.41708
1.40779
1.40097
1.40091
1.40358
1.4069
1.41351
1.42952
1.44199
1.44638
1.44886
1.45087
1.45246
1.45064
1.4418
1.43583
1.43606
1.43853
1.44152
1.44976
1.46788
1.47998
1.48584
1.49007
1.49241
1.48495
1.47259
1.46921
1.47089
1.4741
1.48226
1.49834
1.51103
1.51896
1.52495
1.52955
1.5311
1.52385
1.51131
1.50868
1.88377
3.25089
1.25582
1.27358
1.28001
1.28308
1.28512
1.28584
1.28071
1.27091
1.26641
1.26694
1.26909
1.27237
1.27687
1.28527
1.29848
1.30827
1.31293
1.3156
1.31756
1.31873
1.313
1.30448
1.30191
1.30322
1.30574
1.309
1.31473
1.32862
1.34155
1.34783
1.3512
1.35334
1.3536
1.34582
1.33614
1.33326
1.33469
1.33753
1.342
1.3498
1.3649
1.3776
1.38347
1.38635
1.38762
1.38675
1.38103
1.37238
1.36954
1.37133
1.37461
1.37838
1.3866
1.40243
1.41337
1.4174
1.41921
1.42056
1.41944
1.41073
1.4043
1.40503
1.40825
1.41316
1.42171
1.43504
1.44333
1.44657
1.44848
1.45051
1.45284
1.4522
1.44433
1.43974
1.44096
1.44397
1.44823
1.45665
1.47124
1.48092
1.48607
1.48983
1.4914
1.48444
1.47608
1.47473
1.47712
1.48076
1.48788
1.50203
1.51352
1.52109
1.52667
1.53053
1.53111
1.52268
1.51269
1.86742
3.24257
1.2496
1.26073
1.2731
1.27972
1.28276
1.28467
1.28676
1.28545
1.2777
1.27304
1.27327
1.27542
1.278
1.28086
1.28621
1.29755
1.30766
1.31309
1.31631
1.31869
1.32074
1.31824
1.31131
1.30828
1.30898
1.31105
1.31359
1.31774
1.32873
1.34088
1.34759
1.35118
1.35365
1.35553
1.35087
1.34251
1.33979
1.3412
1.3439
1.34685
1.35217
1.36522
1.37702
1.38282
1.38566
1.38774
1.38912
1.38622
1.37931
1.37593
1.37674
1.37941
1.38271
1.38894
1.40175
1.41224
1.41706
1.41955
1.421
1.42078
1.4153
1.41113
1.41205
1.41514
1.4185
1.42442
1.43454
1.44188
1.44569
1.44852
1.45127
1.45444
1.45603
1.45085
1.44661
1.44676
1.44841
1.45045
1.45722
1.47057
1.48012
1.486
1.49039
1.49298
1.48991
1.48373
1.48089
1.48116
1.48382
1.48957
1.50292
1.51486
1.52272
1.52812
1.53214
1.53259
1.52404
1.85527
3.23419
1.24954
1.25316
1.2596
1.26994
1.27885
1.28425
1.28751
1.28995
1.29129
1.28683
1.28088
1.27863
1.27924
1.28108
1.28334
1.28604
1.29397
1.3054
1.31348
1.31853
1.32241
1.32561
1.32611
1.32048
1.31519
1.31392
1.31492
1.31637
1.31823
1.32499
1.3379
1.3479
1.35339
1.35647
1.35911
1.35837
1.35138
1.34605
1.34511
1.34692
1.34959
1.35313
1.36296
1.37547
1.38351
1.38775
1.39043
1.39304
1.39303
1.38705
1.38165
1.38094
1.38285
1.38545
1.38878
1.39835
1.40997
1.41648
1.42003
1.42396
1.42723
1.42464
1.4189
1.4171
1.41815
1.41992
1.42292
1.43141
1.44019
1.44559
1.4498
1.45507
1.4602
1.46273
1.45767
1.45076
1.44842
1.44918
1.4509
1.45654
1.46948
1.48065
1.48872
1.49497
1.49879
1.49758
1.48941
1.48325
1.48262
1.48577
1.49118
1.50302
1.51607
1.52518
1.53131
1.53542
1.53641
1.85243
3.22476
1.25162
1.25186
1.25402
1.25797
1.26699
1.27826
1.28617
1.29148
1.2952
1.2975
1.29575
1.28891
1.28411
1.28219
1.28182
1.28325
1.28583
1.29199
1.30421
1.31543
1.32325
1.3286
1.33186
1.33327
1.32844
1.3208
1.31643
1.31486
1.31587
1.31844
1.3239
1.33687
1.34923
1.35699
1.36186
1.36475
1.36546
1.35905
1.35149
1.34848
1.34827
1.35018
1.35354
1.36178
1.37528
1.38546
1.39168
1.39528
1.39775
1.39858
1.39332
1.38657
1.38375
1.38348
1.38526
1.3883
1.39627
1.40957
1.41988
1.42646
1.43079
1.43375
1.43185
1.42401
1.41893
1.41745
1.41875
1.42163
1.42954
1.44031
1.44901
1.45613
1.46135
1.46515
1.46735
1.46183
1.45298
1.44836
1.44776
1.44988
1.45622
1.47142
1.48596
1.49499
1.4997
1.50217
1.5001
1.49222
1.48581
1.48463
1.48699
1.49209
1.50361
1.5196
1.53083
1.53667
1.54111
1.85638
3.21731
1.26005
1.25535
1.25598
1.25787
1.26079
1.26649
1.27653
1.28697
1.29402
1.29801
1.30057
1.30154
1.29746
1.29045
1.28578
1.28523
1.28678
1.28921
1.29344
1.30335
1.31669
1.32637
1.33146
1.33436
1.33647
1.33472
1.32695
1.31996
1.31825
1.31963
1.3221
1.32621
1.33657
1.35052
1.35984
1.36423
1.36686
1.36859
1.36538
1.35726
1.35209
1.35202
1.35409
1.35723
1.36335
1.37572
1.38758
1.39375
1.39708
1.39965
1.40138
1.39896
1.39194
1.38701
1.38655
1.38852
1.39119
1.39669
1.40972
1.42257
1.42941
1.43343
1.4366
1.43619
1.42765
1.42058
1.41956
1.42133
1.42379
1.42954
1.44092
1.45188
1.45922
1.46421
1.46783
1.46973
1.46334
1.45256
1.44876
1.45005
1.45299
1.46051
1.47728
1.48995
1.49655
1.5006
1.50206
1.49961
1.4948
1.48897
1.48755
1.4909
1.49623
1.50836
1.52371
1.53263
1.53946
1.86699
3.2125
)
;

boundaryField
{
    back
    {
        type            empty;
    }
    outlet
    {
        type            calculated;
        value           nonuniform List<scalar> 
99
(
1.09053
1.09579
1.09471
1.09418
1.09409
1.09448
1.09472
1.09647
1.0995
1.10357
1.10726
1.10977
1.11278
1.11558
1.11886
1.12212
1.12512
1.12799
1.13049
1.13341
1.13663
1.14087
1.14669
1.15256
1.15699
1.16071
1.16433
1.16706
1.1686
1.1677
1.16379
1.15908
1.15832
1.15925
1.16208
1.16543
1.1684
1.17436
1.18501
1.19729
1.2016
1.20239
1.20274
1.19704
1.18533
1.17821
1.17973
1.18365
1.18756
1.19539
1.20648
1.22064
1.22673
1.22843
1.22606
1.21946
1.2089
1.20335
1.20293
1.2066
1.2144
1.2262
1.23944
1.24367
1.24502
1.24191
1.23285
1.22297
1.21951
1.22015
1.22399
1.23407
1.24629
1.25557
1.2576
1.25558
1.24769
1.24161
1.23929
1.2414
1.24796
1.25598
1.25802
1.25822
1.25386
1.24679
1.24426
1.24467
1.24736
1.25267
1.2627
1.26693
1.2681
1.26512
1.25719
1.24986
1.24951
1.25113
1.25897
)
;
    }
    top
    {
        type            calculated;
        value           nonuniform List<scalar> 
99
(
1.26005
1.25535
1.25598
1.25787
1.26079
1.26649
1.27653
1.28697
1.29402
1.29801
1.30057
1.30154
1.29746
1.29045
1.28578
1.28523
1.28678
1.28921
1.29344
1.30335
1.31669
1.32637
1.33146
1.33436
1.33647
1.33472
1.32695
1.31996
1.31825
1.31963
1.3221
1.32621
1.33657
1.35052
1.35984
1.36423
1.36686
1.36859
1.36538
1.35726
1.35209
1.35202
1.35409
1.35723
1.36335
1.37572
1.38758
1.39375
1.39708
1.39965
1.40138
1.39896
1.39194
1.38701
1.38655
1.38852
1.39119
1.39669
1.40972
1.42257
1.42941
1.43343
1.4366
1.43619
1.42765
1.42058
1.41956
1.42133
1.42379
1.42954
1.44092
1.45188
1.45922
1.46421
1.46783
1.46973
1.46334
1.45256
1.44876
1.45005
1.45299
1.46051
1.47728
1.48995
1.49655
1.5006
1.50206
1.49961
1.4948
1.48897
1.48755
1.4909
1.49623
1.50836
1.52371
1.53263
1.53946
1.86699
3.2125
)
;
    }
    inlet
    {
        type            calculated;
        value           uniform 1.40001;
    }
    bottom
    {
        type            calculated;
        value           nonuniform List<scalar> 
99
(
1.0905
1.09555
1.10299
1.10796
1.11169
1.11488
1.11726
1.11866
1.12009
1.1227
1.12714
1.13512
1.14343
1.14876
1.15265
1.15546
1.15718
1.15755
1.15902
1.16218
1.16753
1.17674
1.18582
1.19205
1.19644
1.20005
1.20231
1.20074
1.20107
1.20375
1.20816
1.21703
1.22737
1.23457
1.2395
1.24381
1.24744
1.24598
1.24519
1.24809
1.25211
1.2598
1.27135
1.2798
1.2849
1.2894
1.29256
1.29064
1.291
1.29413
1.29858
1.30688
1.31945
1.32882
1.33463
1.339
1.34131
1.33661
1.33635
1.34026
1.34597
1.35571
1.37107
1.3818
1.38794
1.39286
1.39402
1.38678
1.38613
1.39049
1.39671
1.41088
1.42947
1.44204
1.44976
1.45552
1.45535
1.44468
1.44314
1.44998
1.46102
1.48461
1.50863
1.52322
1.53357
1.54287
1.5399
1.52514
1.5264
1.54065
1.56766
1.61264
1.65095
1.68404
1.72168
1.75515
1.76543
2.34966
5.24414
)
;
    }
    front
    {
        type            empty;
    }
}


// ************************************************************************* //
