/*--------------------------------*- C++ -*----------------------------------*\
  =========                 |
  \\      /  F ield         | OpenFOAM: The Open Source CFD Toolbox
   \\    /   O peration     | Website:  https://openfoam.org
    \\  /    A nd           | Version:  12
     \\/     M anipulation  |
\*---------------------------------------------------------------------------*/
FoamFile
{
    format      ascii;
    class       volScalarField;
    location    "13.1";
    object      p;
}
// * * * * * * * * * * * * * * * * * * * * * * * * * * * * * * * * * * * * * //

dimensions      [1 -1 -2 0 0 0 0];

internalField   nonuniform List<scalar> 
9801
(
0.608696
0.610928
0.614378
0.622116
0.635168
0.64369
0.64697
0.648761
0.649549
0.649751
0.650688
0.65245
0.65495
0.658043
0.663671
0.67535
0.686956
0.69249
0.695182
0.696821
0.697267
0.697835
0.699448
0.701941
0.704991
0.709297
0.718741
0.732834
0.741707
0.745672
0.748119
0.748201
0.747536
0.748775
0.751177
0.75441
0.758661
0.767363
0.783969
0.796102
0.8011
0.803855
0.803248
0.801282
0.801924
0.804684
0.808453
0.812985
0.821832
0.840831
0.855645
0.862091
0.865674
0.86509
0.861588
0.861496
0.864576
0.868539
0.87363
0.883367
0.906034
0.924988
0.934256
0.939591
0.938865
0.930892
0.928707
0.931934
0.937839
0.945158
0.95903
0.98856
1.01073
1.02227
1.02954
1.0285
1.01479
1.00882
1.01321
1.02246
1.03588
1.07009
1.11136
1.13401
1.14765
1.15733
1.15083
1.12929
1.12209
1.13325
1.15654
1.21665
1.29098
1.34576
1.39733
1.44983
1.44763
2.26094
9.49849
0.614722
0.617569
0.621172
0.6298
0.640178
0.647325
0.651933
0.655222
0.657193
0.656032
0.656068
0.65819
0.661089
0.664268
0.66993
0.681111
0.690741
0.696696
0.700693
0.70373
0.703791
0.702541
0.704186
0.707206
0.710613
0.714702
0.724055
0.736765
0.745054
0.75013
0.753968
0.75522
0.752107
0.752466
0.755438
0.759291
0.763501
0.771199
0.786511
0.79852
0.804905
0.809298
0.810732
0.805788
0.804796
0.807981
0.812335
0.816973
0.824478
0.841868
0.857682
0.865797
0.87088
0.872855
0.865922
0.863015
0.866358
0.871119
0.876565
0.88537
0.907465
0.927001
0.937086
0.943394
0.945645
0.935719
0.929606
0.932876
0.939623
0.947073
0.961154
0.990648
1.01361
1.02535
1.03359
1.03566
1.02041
1.00996
1.01478
1.02494
1.03886
1.07108
1.10817
1.13079
1.14599
1.16056
1.16203
1.1359
1.12407
1.13874
1.16182
1.20522
1.26641
1.31628
1.36305
1.40458
1.38216
2.16306
9.64613
0.617319
0.620475
0.624137
0.632638
0.642633
0.64909
0.653578
0.657074
0.659562
0.659372
0.659201
0.661083
0.663926
0.667111
0.672337
0.683198
0.692628
0.698418
0.702646
0.706117
0.707339
0.706075
0.707176
0.709868
0.713166
0.716996
0.725771
0.73859
0.746785
0.751999
0.756194
0.758464
0.756009
0.755889
0.758552
0.762222
0.7662
0.772812
0.787443
0.799486
0.806169
0.81104
0.813788
0.81033
0.808981
0.81174
0.815642
0.81995
0.826081
0.841797
0.858006
0.866813
0.872517
0.876066
0.871236
0.866991
0.869197
0.873796
0.879421
0.887356
0.907224
0.926964
0.937668
0.94447
0.948683
0.941859
0.933623
0.934998
0.941325
0.948849
0.961294
0.988763
1.01167
1.02454
1.03367
1.0398
1.0288
1.01478
1.01669
1.02652
1.03861
1.06336
1.10249
1.13169
1.14998
1.16507
1.17168
1.14884
1.13049
1.13894
1.16188
1.19508
1.252
1.30502
1.3505
1.39334
1.376
2.15165
9.65495
0.620671
0.62395
0.627779
0.63631
0.645909
0.652014
0.656262
0.659756
0.662833
0.664055
0.663289
0.66445
0.66698
0.670195
0.675395
0.686291
0.695931
0.701644
0.705809
0.709459
0.711796
0.71005
0.709949
0.712203
0.715563
0.719785
0.728996
0.74203
0.750167
0.755229
0.759426
0.762509
0.760314
0.758928
0.760915
0.764339
0.768444
0.775153
0.789945
0.802436
0.809261
0.814235
0.818219
0.816281
0.812514
0.813644
0.816931
0.82133
0.827398
0.842895
0.860416
0.869984
0.876008
0.880869
0.878509
0.871025
0.870859
0.874714
0.880305
0.888069
0.906801
0.928144
0.940298
0.947627
0.953369
0.950478
0.938612
0.936573
0.942102
0.949627
0.960268
0.985667
1.01183
1.02686
1.03683
1.04526
1.04118
1.02312
1.0181
1.02624
1.03796
1.05607
1.09326
1.12779
1.14837
1.16353
1.17604
1.16659
1.14358
1.1391
1.15671
1.1831
1.22447
1.2753
1.3182
1.35902
1.36476
2.18888
9.68738
0.623569
0.626866
0.630704
0.639751
0.64912
0.654899
0.659048
0.66256
0.665771
0.6676
0.666643
0.66736
0.669705
0.67282
0.678276
0.689767
0.699318
0.704781
0.70881
0.712414
0.714693
0.712811
0.712584
0.714893
0.718196
0.722558
0.732663
0.745805
0.753562
0.758345
0.762369
0.765259
0.762931
0.761524
0.763703
0.767171
0.771242
0.778104
0.793023
0.805535
0.812285
0.817102
0.821105
0.819811
0.81489
0.815628
0.819312
0.82406
0.830392
0.845475
0.862964
0.872718
0.878797
0.883707
0.88367
0.874912
0.8724
0.875996
0.881735
0.889332
0.906539
0.928917
0.942335
0.950134
0.956297
0.958239
0.946611
0.938681
0.942032
0.949333
0.958637
0.97977
1.00938
1.02765
1.03827
1.04727
1.0515
1.03569
1.02189
1.02431
1.03566
1.04993
1.07892
1.11883
1.14661
1.16476
1.1804
1.18543
1.16479
1.14865
1.15212
1.17311
1.20394
1.25045
1.29146
1.32524
1.34165
2.22131
9.71344
0.626897
0.630249
0.63388
0.643339
0.652918
0.658444
0.662347
0.665707
0.668811
0.670434
0.669418
0.670179
0.67261
0.67573
0.681278
0.693511
0.703324
0.708553
0.712349
0.715726
0.717468
0.715247
0.714912
0.717272
0.720698
0.725126
0.735654
0.749466
0.757312
0.761964
0.765852
0.768563
0.766147
0.763668
0.765515
0.769189
0.773549
0.780575
0.795595
0.808423
0.815307
0.820142
0.824269
0.824508
0.818753
0.817517
0.820813
0.825601
0.832017
0.846625
0.864543
0.874871
0.881198
0.886427
0.889401
0.882274
0.875248
0.876849
0.882313
0.889449
0.904512
0.92834
0.944185
0.952635
0.959118
0.964475
0.957948
0.944475
0.942517
0.948718
0.957159
0.972652
1.00328
1.02843
1.04168
1.05096
1.05856
1.05097
1.03125
1.02581
1.03333
1.0454
1.06441
1.10157
1.1372
1.16052
1.17837
1.19341
1.18881
1.16626
1.15664
1.16483
1.18589
1.22037
1.26206
1.29456
1.31234
2.25698
9.74171
0.629372
0.632804
0.636631
0.646465
0.656869
0.662449
0.666111
0.669267
0.672176
0.673273
0.671511
0.672021
0.67452
0.677856
0.683643
0.696426
0.707219
0.712616
0.716228
0.71933
0.721197
0.718824
0.716874
0.718721
0.722117
0.726692
0.737037
0.752014
0.761017
0.765905
0.769661
0.772766
0.772021
0.76761
0.76701
0.770071
0.774433
0.781594
0.796772
0.81097
0.818659
0.823774
0.828192
0.830987
0.825744
0.820587
0.821699
0.825834
0.831624
0.845038
0.864853
0.877208
0.884157
0.889653
0.894414
0.89137
0.881124
0.878903
0.883121
0.88927
0.900089
0.923995
0.944969
0.955457
0.962198
0.968433
0.967923
0.953488
0.946533
0.949809
0.957143
0.966975
0.990976
1.02355
1.04299
1.05407
1.0632
1.06617
1.04872
1.03337
1.03263
1.04185
1.05487
1.08108
1.12065
1.15214
1.17371
1.19119
1.20196
1.19058
1.17105
1.16542
1.17537
1.19674
1.23273
1.26788
1.28754
2.28365
9.77248
0.631656
0.634845
0.638414
0.648157
0.660121
0.666599
0.670383
0.67347
0.676234
0.677372
0.675107
0.674607
0.676705
0.679794
0.684891
0.697417
0.709663
0.716068
0.720075
0.723383
0.726088
0.724754
0.721157
0.721524
0.724295
0.728007
0.73617
0.751924
0.763207
0.76917
0.773428
0.777214
0.778992
0.773789
0.770589
0.771944
0.775479
0.780787
0.794657
0.811735
0.821379
0.827076
0.831792
0.836017
0.834165
0.825656
0.823649
0.826641
0.831442
0.841318
0.862455
0.879193
0.887592
0.893332
0.898586
0.899902
0.88926
0.882845
0.884557
0.889758
0.896711
0.915032
0.94211
0.957686
0.965775
0.972401
0.976787
0.966938
0.953684
0.95152
0.956633
0.964524
0.978212
1.01045
1.04024
1.05624
1.06684
1.07565
1.07133
1.04794
1.03708
1.04062
1.05127
1.06625
1.09764
1.13507
1.16233
1.18253
1.20018
1.20726
1.19494
1.17611
1.17121
1.18024
1.20135
1.2374
1.2632
2.31439
9.80304
0.634714
0.637464
0.6405
0.64869
0.661607
0.669376
0.673704
0.676993
0.679818
0.681549
0.679472
0.678183
0.67987
0.682711
0.686713
0.697349
0.710467
0.717934
0.722617
0.726345
0.729613
0.730632
0.726445
0.725367
0.727402
0.730577
0.735867
0.749952
0.76379
0.771219
0.776172
0.780322
0.783781
0.781395
0.775099
0.774858
0.777613
0.781675
0.791255
0.810338
0.823513
0.830287
0.835177
0.83955
0.840654
0.832095
0.827083
0.828664
0.832992
0.839196
0.856684
0.879063
0.890848
0.897196
0.902396
0.906003
0.899033
0.888138
0.88681
0.890559
0.896338
0.906608
0.933294
0.957534
0.969318
0.976655
0.982964
0.981076
0.964292
0.954735
0.956116
0.962945
0.971761
0.992913
1.02953
1.0549
1.0684
1.07825
1.085
1.07327
1.05117
1.04447
1.04945
1.06012
1.07787
1.11243
1.14711
1.17207
1.19119
1.20764
1.21024
1.1971
1.17803
1.17134
1.17811
1.20186
1.23434
2.34185
9.8332
0.63814
0.640593
0.643395
0.649867
0.662625
0.671564
0.676364
0.679852
0.682858
0.685285
0.684124
0.682091
0.683344
0.685966
0.689305
0.697583
0.711186
0.719865
0.724978
0.728936
0.732438
0.735044
0.732216
0.729254
0.73053
0.73344
0.737452
0.748374
0.764174
0.773359
0.778759
0.783033
0.786897
0.787734
0.780721
0.777993
0.780084
0.78389
0.790132
0.807229
0.824534
0.833055
0.838281
0.842712
0.84571
0.839748
0.831678
0.831763
0.835382
0.840324
0.850609
0.874382
0.892109
0.900356
0.905803
0.910548
0.909358
0.896522
0.890231
0.892109
0.89734
0.903946
0.921317
0.951846
0.97084
0.98015
0.986848
0.991836
0.981564
0.963352
0.958862
0.963025
0.970653
0.980662
1.00805
1.04426
1.06564
1.078
1.08806
1.09377
1.07778
1.05584
1.05116
1.05769
1.06925
1.08998
1.12518
1.1563
1.17909
1.19724
1.2111
1.21123
1.19661
1.17554
1.16622
1.17193
1.19784
2.35838
9.86369
0.641784
0.643967
0.646602
0.651531
0.663466
0.673608
0.678921
0.682648
0.68581
0.688631
0.68875
0.686164
0.686681
0.689012
0.692046
0.698014
0.711628
0.722182
0.727803
0.731915
0.735476
0.7386
0.737544
0.733116
0.733346
0.736031
0.739663
0.74767
0.764167
0.775671
0.781615
0.78596
0.789786
0.792141
0.786713
0.781639
0.782992
0.786482
0.79108
0.803314
0.823582
0.835218
0.841103
0.845646
0.849633
0.848065
0.838428
0.835379
0.837781
0.842145
0.848069
0.865684
0.890049
0.902522
0.909022
0.914271
0.917751
0.909106
0.896558
0.89488
0.898598
0.904401
0.91289
0.937846
0.966639
0.980923
0.988826
0.995539
0.998636
0.983146
0.967316
0.965116
0.969179
0.976632
0.989528
1.02276
1.05744
1.07695
1.0887
1.09824
1.09973
1.08101
1.06193
1.05907
1.06601
1.07819
1.10205
1.13705
1.16502
1.18501
1.20127
1.21154
1.20982
1.19344
1.16977
1.15522
1.15787
2.34743
9.89572
0.645558
0.647351
0.649785
0.653368
0.663608
0.675556
0.681762
0.685672
0.68893
0.691907
0.69314
0.690315
0.689714
0.69167
0.694607
0.698922
0.711166
0.724376
0.731002
0.735167
0.738729
0.741991
0.742338
0.737331
0.73625
0.738542
0.741968
0.747515
0.762799
0.77765
0.784704
0.789046
0.792829
0.795962
0.793056
0.7864
0.786134
0.789118
0.793118
0.80019
0.819462
0.83646
0.844205
0.848959
0.853174
0.855431
0.847405
0.839684
0.839934
0.843416
0.848275
0.857577
0.882362
0.903087
0.912442
0.918184
0.92311
0.922609
0.908235
0.899408
0.899868
0.904079
0.910182
0.922534
0.953802
0.979469
0.991646
0.999666
1.00675
1.00505
0.98355
0.969751
0.970026
0.975985
0.984198
0.999613
1.03546
1.06747
1.08477
1.09606
1.10579
1.107
1.08686
1.06824
1.06616
1.07356
1.08655
1.11346
1.14699
1.17171
1.18978
1.20436
1.21119
1.20688
1.18767
1.15858
1.13304
2.30915
9.92555
0.649313
0.650453
0.652641
0.655587
0.663126
0.676827
0.68492
0.689077
0.692376
0.695354
0.697298
0.694707
0.692728
0.69418
0.69694
0.700411
0.709595
0.725398
0.734307
0.738731
0.742256
0.745505
0.74695
0.742285
0.739485
0.741134
0.744246
0.748239
0.759504
0.77773
0.787578
0.792488
0.796308
0.799832
0.799867
0.792615
0.789566
0.791363
0.794882
0.799457
0.81268
0.834698
0.8467
0.852524
0.856894
0.860876
0.858113
0.846632
0.842801
0.845034
0.849315
0.85474
0.870407
0.898158
0.913968
0.921207
0.926586
0.931126
0.925309
0.908619
0.902179
0.903906
0.909151
0.916082
0.935179
0.970327
0.992234
1.00212
1.00861
1.01414
1.00911
0.987319
0.976145
0.976934
0.982284
0.990584
1.00972
1.04764
1.07743
1.09396
1.10528
1.1136
1.11156
1.09144
1.0741
1.07237
1.07965
1.09365
1.12339
1.15595
1.17826
1.19384
1.20561
1.20906
1.20244
1.17409
1.1302
2.2523
9.9554
0.652919
0.653244
0.655195
0.658008
0.663034
0.67653
0.68769
0.692801
0.696038
0.698913
0.701241
0.699695
0.696266
0.696823
0.699264
0.702385
0.708088
0.723722
0.736735
0.74258
0.746083
0.74923
0.751494
0.748217
0.743419
0.74381
0.74647
0.749934
0.75634
0.774264
0.789408
0.796126
0.800173
0.803787
0.806156
0.800545
0.793669
0.793617
0.796442
0.80042
0.807313
0.82783
0.847332
0.855983
0.861006
0.86525
0.867512
0.858085
0.848208
0.847394
0.850149
0.854787
0.862158
0.885556
0.911765
0.923952
0.930748
0.936419
0.939249
0.925631
0.909442
0.906701
0.910385
0.916189
0.923575
0.947496
0.982105
1.00018
1.00949
1.01748
1.02378
1.01423
0.990566
0.980876
0.983254
0.99009
0.999147
1.02044
1.05763
1.08463
1.09995
1.11118
1.11945
1.11703
1.09615
1.07872
1.0769
1.08417
1.09916
1.13104
1.16246
1.18263
1.19632
1.20411
1.20599
1.19116
1.14838
2.20065
9.98688
0.656742
0.656152
0.657801
0.660491
0.664009
0.674673
0.688803
0.695813
0.699552
0.702539
0.705237
0.705462
0.701022
0.699803
0.701719
0.704616
0.708363
0.719883
0.736857
0.745321
0.749679
0.752965
0.755866
0.755238
0.748929
0.746891
0.748834
0.75196
0.755909
0.767994
0.788143
0.798714
0.803834
0.80763
0.81109
0.809884
0.800515
0.796748
0.798477
0.801851
0.8062
0.818161
0.842802
0.857756
0.864353
0.868972
0.873181
0.871563
0.857851
0.850538
0.851589
0.855447
0.860572
0.872133
0.901192
0.923277
0.932538
0.938219
0.943497
0.944557
0.928386
0.914736
0.912977
0.91548
0.920797
0.930171
0.959929
0.994179
1.01095
1.01937
1.02591
1.03044
1.01923
0.997494
0.989208
0.990939
0.996657
1.00578
1.03038
1.06714
1.09197
1.10656
1.11761
1.1248
1.12118
1.10012
1.08237
1.07976
1.08641
1.10239
1.13612
1.16676
1.18496
1.19593
1.201
1.19796
1.17487
2.17376
10.0198
0.661108
0.659491
0.660539
0.662988
0.665882
0.672812
0.687925
0.69793
0.702762
0.706075
0.70899
0.710946
0.707416
0.703559
0.704449
0.707062
0.710248
0.716815
0.733789
0.746784
0.75264
0.756423
0.759723
0.761848
0.756932
0.75117
0.751458
0.75409
0.757444
0.763376
0.781943
0.799455
0.806994
0.811374
0.815117
0.817706
0.811082
0.801988
0.800918
0.803289
0.807094
0.812854
0.831831
0.855805
0.867092
0.873112
0.877679
0.881087
0.873243
0.858673
0.854967
0.85722
0.861448
0.866846
0.882823
0.91381
0.932549
0.941282
0.947729
0.953382
0.950439
0.93006
0.91746
0.9173
0.921657
0.9276
0.937701
0.969371
1.00187
1.01712
1.02637
1.03466
1.03941
1.02568
1.00235
0.993742
0.99646
1.00346
1.01383
1.04048
1.0755
1.09823
1.11222
1.12313
1.13008
1.12577
1.10277
1.08402
1.08093
1.08687
1.10337
1.13828
1.168
1.18427
1.19322
1.19473
1.19345
2.17921
10.0556
0.666017
0.663549
0.663418
0.665499
0.668199
0.672503
0.685481
0.698942
0.70529
0.709084
0.712212
0.715056
0.714687
0.709034
0.70777
0.709792
0.712702
0.716476
0.728511
0.745996
0.754781
0.759413
0.763037
0.766331
0.765973
0.758047
0.754791
0.756372
0.759332
0.763057
0.773854
0.795978
0.809022
0.814831
0.818822
0.822556
0.82231
0.811016
0.804397
0.805447
0.808754
0.812928
0.821446
0.846044
0.866597
0.875088
0.88025
0.884824
0.887313
0.875602
0.86225
0.859931
0.861998
0.866216
0.872784
0.894896
0.926612
0.94278
0.950029
0.954901
0.959951
0.955857
0.935376
0.92429
0.923536
0.926307
0.932016
0.94472
0.98045
1.013
1.02774
1.03561
1.04188
1.04461
1.03088
1.00923
1.00102
1.00294
1.00923
1.02049
1.0504
1.08463
1.10548
1.11811
1.12807
1.13423
1.12927
1.10512
1.08496
1.08081
1.08572
1.10244
1.13829
1.16711
1.18219
1.18652
1.20095
2.21358
10.0969
0.670847
0.668538
0.666578
0.668209
0.670781
0.673913
0.68264
0.698253
0.70729
0.711841
0.715276
0.71839
0.720598
0.71646
0.71199
0.712667
0.715075
0.718122
0.724529
0.74209
0.756088
0.762282
0.766229
0.769691
0.772458
0.767667
0.759721
0.75897
0.761419
0.764764
0.76978
0.787005
0.80818
0.817712
0.822646
0.826383
0.829596
0.824145
0.811944
0.808846
0.810786
0.814086
0.818538
0.831285
0.858756
0.875927
0.883588
0.889071
0.893839
0.893045
0.876429
0.864684
0.864256
0.867731
0.87237
0.879445
0.90494
0.935427
0.949696
0.95775
0.964399
0.969502
0.961012
0.93781
0.927023
0.928259
0.933536
0.940061
0.952934
0.988451
1.0186
1.03206
1.04044
1.04831
1.0523
1.0377
1.0146
1.00578
1.00811
1.01521
1.02802
1.0592
1.09138
1.11062
1.1231
1.13304
1.13943
1.13328
1.10654
1.08467
1.07959
1.08334
1.10038
1.13658
1.16446
1.17566
1.19759
2.26751
10.1427
0.67506
0.674618
0.670574
0.671243
0.673474
0.676189
0.680986
0.695337
0.708647
0.714714
0.718435
0.721659
0.724649
0.724045
0.717439
0.715616
0.717455
0.720374
0.724147
0.736077
0.755031
0.7647
0.769396
0.77298
0.776386
0.776817
0.76771
0.76262
0.763856
0.766827
0.770304
0.778081
0.800575
0.818321
0.825553
0.830021
0.833886
0.835788
0.825514
0.814404
0.812944
0.815293
0.818967
0.824358
0.842906
0.870916
0.88498
0.891203
0.89566
0.900251
0.89786
0.880219
0.870343
0.869771
0.872081
0.876655
0.886039
0.916587
0.946728
0.95974
0.966047
0.970586
0.975061
0.966453
0.944815
0.935625
0.935872
0.938885
0.944604
0.959452
0.996987
1.0269
1.04048
1.04836
1.05495
1.05769
1.04409
1.02179
1.01212
1.01296
1.01864
1.03211
1.06611
1.09894
1.11781
1.12913
1.13772
1.14303
1.13627
1.10826
1.08403
1.0774
1.07989
1.09708
1.13367
1.157
1.18631
2.32858
10.1877
0.678781
0.680934
0.675652
0.674354
0.675964
0.678538
0.681765
0.691258
0.70813
0.717334
0.721705
0.724948
0.727951
0.729839
0.72454
0.719415
0.720135
0.722789
0.725933
0.731598
0.749349
0.765667
0.772549
0.776436
0.779892
0.782899
0.778583
0.768791
0.76672
0.768605
0.771665
0.775679
0.78842
0.813341
0.827587
0.833928
0.838155
0.841943
0.840515
0.825907
0.817185
0.817609
0.820724
0.824614
0.830882
0.853788
0.880635
0.892746
0.899295
0.904718
0.909088
0.901891
0.881632
0.872942
0.874401
0.87881
0.883661
0.893189
0.924352
0.952431
0.964612
0.97261
0.979454
0.983744
0.972767
0.949685
0.93919
0.940119
0.945229
0.951821
0.966941
1.0033
1.03145
1.04468
1.0537
1.06168
1.06528
1.05061
1.02564
1.01446
1.01559
1.02222
1.03736
1.07226
1.10413
1.122
1.13315
1.14171
1.14662
1.13915
1.1097
1.08244
1.07357
1.07469
1.0932
1.12632
1.16459
2.38751
10.2228
0.682274
0.686151
0.681856
0.6779
0.678673
0.681076
0.68392
0.688706
0.703851
0.718489
0.724757
0.728257
0.731353
0.7342
0.732696
0.725181
0.723275
0.725111
0.727945
0.731317
0.741234
0.762445
0.77483
0.780166
0.783637
0.786931
0.788111
0.778625
0.770587
0.770673
0.773531
0.777005
0.781989
0.80021
0.824613
0.835751
0.841267
0.845323
0.848983
0.844534
0.828859
0.822178
0.822731
0.825317
0.829538
0.838275
0.865667
0.891025
0.901548
0.906797
0.910767
0.914976
0.90701
0.887764
0.880498
0.880583
0.882948
0.887738
0.899811
0.934231
0.962656
0.974358
0.980357
0.985095
0.989447
0.980073
0.95776
0.947339
0.94701
0.950087
0.9559
0.973296
1.01231
1.04044
1.05286
1.06032
1.06671
1.06976
1.05618
1.03141
1.01967
1.01955
1.02474
1.03937
1.07567
1.10875
1.12681
1.13711
1.14449
1.14844
1.14087
1.11114
1.08024
1.06772
1.06851
1.086
1.13329
2.42864
10.2477
0.685658
0.690156
0.688869
0.683124
0.681806
0.683542
0.686094
0.689047
0.697663
0.716261
0.727173
0.73197
0.735143
0.738074
0.739731
0.733452
0.727194
0.72741
0.729879
0.733019
0.737436
0.753006
0.773808
0.783117
0.787533
0.790737
0.793885
0.791214
0.778978
0.774301
0.775807
0.778761
0.782226
0.788934
0.811853
0.83424
0.843757
0.849258
0.853752
0.856903
0.847304
0.830198
0.825327
0.827742
0.831708
0.835898
0.845526
0.874643
0.897975
0.907722
0.914245
0.919816
0.923303
0.911543
0.890578
0.883121
0.885136
0.889801
0.894997
0.906584
0.940026
0.966743
0.978362
0.986305
0.993143
0.997408
0.987078
0.963297
0.951049
0.951147
0.956328
0.963317
0.98135
1.01844
1.04387
1.05585
1.06469
1.07253
1.0766
1.06245
1.03565
1.02205
1.0215
1.02693
1.04153
1.07741
1.11079
1.1288
1.13887
1.14573
1.14907
1.14182
1.11268
1.07824
1.06116
1.05767
1.0946
2.43514
10.265
0.688831
0.693851
0.69537
0.690752
0.685604
0.685849
0.687999
0.69081
0.694975
0.709366
0.727308
0.735099
0.738838
0.741787
0.744548
0.743071
0.73387
0.730501
0.732152
0.735074
0.738199
0.744334
0.764827
0.783355
0.790826
0.794905
0.79817
0.800641
0.793041
0.781022
0.77845
0.780363
0.783491
0.787377
0.797129
0.823497
0.843225
0.851117
0.85567
0.859471
0.862083
0.851002
0.835619
0.832125
0.833339
0.836195
0.840727
0.853286
0.884959
0.907537
0.916519
0.921188
0.925178
0.928815
0.917925
0.898218
0.891449
0.891666
0.893942
0.898731
0.912327
0.948538
0.976222
0.987413
0.993271
0.998113
1.00275
0.994903
0.971897
0.959407
0.958211
0.960742
0.966378
0.986115
1.02552
1.05198
1.06382
1.07108
1.07778
1.08204
1.06951
1.042
1.02641
1.02432
1.0282
1.04063
1.07678
1.1118
1.13026
1.13987
1.1461
1.1487
1.14194
1.11369
1.07674
1.05146
1.05503
2.40075
10.2788
0.692025
0.697414
0.699723
0.699054
0.691577
0.688821
0.690413
0.693127
0.696083
0.702649
0.721577
0.736216
0.742182
0.745492
0.748501
0.750762
0.744815
0.736005
0.734926
0.736843
0.739668
0.743176
0.752767
0.776503
0.792175
0.798611
0.802467
0.805792
0.806491
0.794194
0.783443
0.782829
0.785793
0.789283
0.793194
0.805223
0.833122
0.850655
0.857978
0.86311
0.867741
0.868852
0.853836
0.8382
0.835509
0.838559
0.842678
0.847087
0.859872
0.891467
0.912487
0.921522
0.928273
0.933903
0.936895
0.924072
0.902631
0.894269
0.89576
0.900397
0.905965
0.918995
0.953179
0.979159
0.990664
0.998781
1.00563
1.01027
1.0022
0.977946
0.962601
0.96066
0.965058
0.972212
0.992582
1.03024
1.05503
1.06731
1.077
1.08479
1.089
1.07515
1.04517
1.02728
1.02441
1.02853
1.0405
1.0761
1.11191
1.13073
1.13996
1.14539
1.14718
1.14055
1.11341
1.06793
1.03869
2.32883
10.2953
0.693957
0.700437
0.70291
0.705211
0.700998
0.693997
0.69348
0.695478
0.698078
0.701291
0.711875
0.732974
0.744372
0.74929
0.752424
0.755386
0.755647
0.745565
0.738527
0.739007
0.741792
0.745014
0.748908
0.762186
0.786747
0.799811
0.805643
0.809655
0.813039
0.811386
0.797158
0.788719
0.788756
0.790865
0.794113
0.798685
0.814272
0.842877
0.858805
0.86534
0.869213
0.87294
0.874152
0.859438
0.845258
0.842773
0.843841
0.846711
0.851446
0.867013
0.900612
0.921933
0.930218
0.934658
0.938674
0.942436
0.932032
0.911245
0.902884
0.902764
0.904802
0.909382
0.923457
0.960073
0.98796
0.999332
1.00516
1.01014
1.01543
1.01024
0.986253
0.969981
0.967001
0.969097
0.97464
0.994738
1.03522
1.06337
1.07563
1.08251
1.08815
1.0921
1.08051
1.05105
1.03153
1.02713
1.02971
1.03988
1.07413
1.11043
1.12966
1.13861
1.14349
1.14412
1.13803
1.10442
1.0538
2.245
10.3233
0.695044
0.703606
0.706277
0.709212
0.710065
0.702443
0.697147
0.697785
0.700167
0.702969
0.707398
0.722999
0.74314
0.751913
0.756056
0.758989
0.761891
0.758913
0.746997
0.742813
0.744322
0.746983
0.749923
0.754392
0.77171
0.795933
0.807402
0.813044
0.817259
0.8207
0.816292
0.799728
0.791988
0.793162
0.796596
0.800049
0.804482
0.821726
0.850227
0.86469
0.871348
0.876732
0.881345
0.880934
0.863639
0.848349
0.845922
0.849074
0.853446
0.858104
0.872917
0.905355
0.925415
0.93433
0.941199
0.946858
0.950195
0.93966
0.917415
0.906161
0.906163
0.91045
0.916181
0.92966
0.963993
0.990271
1.00212
1.01066
1.01757
1.02254
1.01709
0.992524
0.973548
0.969224
0.972588
0.979135
0.998397
1.03701
1.06384
1.07629
1.08552
1.09354
1.09851
1.08843
1.05764
1.03444
1.02772
1.02951
1.03753
1.07026
1.10779
1.12753
1.13628
1.14025
1.14127
1.12933
1.09628
2.19144
10.3618
0.694384
0.706702
0.709655
0.712578
0.715227
0.712859
0.703655
0.701093
0.702768
0.705398
0.708203
0.714127
0.733626
0.751719
0.759078
0.763028
0.766105
0.768399
0.760975
0.749264
0.74672
0.748456
0.751398
0.754834
0.760797
0.781411
0.804324
0.814242
0.819194
0.8231
0.826414
0.821133
0.805233
0.798713
0.799103
0.800973
0.804445
0.809975
0.830361
0.859058
0.872969
0.878864
0.882298
0.886332
0.887161
0.870998
0.856463
0.853756
0.854503
0.857006
0.86178
0.878555
0.913109
0.934413
0.942695
0.947114
0.951296
0.955958
0.948585
0.926213
0.914422
0.913184
0.914973
0.919317
0.932897
0.969942
0.998997
1.01083
1.01682
1.02169
1.02742
1.02475
1.0007
0.980255
0.974839
0.97598
0.980406
0.997049
1.03801
1.07064
1.08558
1.09296
1.09903
1.10285
1.09363
1.06239
1.03588
1.02697
1.02801
1.03529
1.06663
1.10472
1.12518
1.13329
1.13728
1.13379
1.13132
2.18883
10.4047
0.690484
0.708356
0.71281
0.715866
0.718715
0.720738
0.714288
0.706424
0.70586
0.707618
0.710015
0.713137
0.721623
0.744164
0.760195
0.766585
0.770126
0.773071
0.773873
0.7625
0.752059
0.751294
0.753912
0.7571
0.760316
0.766927
0.790032
0.811873
0.82098
0.826087
0.830526
0.833765
0.825757
0.807982
0.801551
0.803306
0.806925
0.810599
0.815763
0.836533
0.864527
0.877607
0.884374
0.890033
0.894665
0.894161
0.876667
0.860015
0.856211
0.858901
0.863208
0.868206
0.883737
0.916549
0.937031
0.946295
0.953455
0.959119
0.963121
0.955946
0.933078
0.91823
0.916175
0.919993
0.925654
0.938955
0.973404
1.00051
1.01311
1.02209
1.0293
1.0348
1.03161
1.00705
0.983964
0.976601
0.97881
0.984604
1.00038
1.03894
1.07199
1.08749
1.09556
1.1014
1.10457
1.09755
1.06795
1.03875
1.02751
1.02705
1.03254
1.06224
1.10032
1.1207
1.12987
1.12904
1.14851
2.22425
10.4489
0.684065
0.706975
0.715482
0.719485
0.722346
0.725149
0.724843
0.714939
0.709221
0.709925
0.712446
0.715252
0.718854
0.730244
0.753661
0.767378
0.773293
0.777191
0.780355
0.779025
0.765603
0.757179
0.75698
0.758784
0.761732
0.765412
0.774234
0.799323
0.81958
0.827795
0.832171
0.835364
0.838389
0.831034
0.814728
0.809099
0.80951
0.811238
0.814662
0.820817
0.843972
0.872902
0.886227
0.891824
0.89509
0.899083
0.900473
0.884972
0.868256
0.86397
0.86461
0.866914
0.871509
0.887965
0.923225
0.945764
0.954531
0.959007
0.963176
0.968237
0.964489
0.942237
0.926408
0.923319
0.924444
0.928255
0.940536
0.977117
1.00876
1.02227
1.02865
1.03337
1.03903
1.03914
1.01692
0.992257
0.983446
0.983105
0.986065
0.997773
1.03553
1.07137
1.08824
1.09646
1.103
1.10767
1.10354
1.07426
1.04117
1.02652
1.02467
1.02855
1.05649
1.09446
1.11642
1.12132
1.15124
2.28705
10.4957
0.67982
0.698549
0.715655
0.722574
0.725938
0.728559
0.731076
0.72706
0.716228
0.713431
0.715114
0.717691
0.720368
0.724131
0.73824
0.762294
0.774919
0.780632
0.78457
0.787669
0.784069
0.768286
0.760267
0.761198
0.764477
0.767897
0.77123
0.780422
0.806478
0.825511
0.833208
0.838365
0.842995
0.845954
0.836484
0.818439
0.811808
0.813377
0.817017
0.820817
0.826432
0.84878
0.876784
0.889694
0.896579
0.902396
0.907085
0.907925
0.892599
0.873483
0.866975
0.868703
0.872902
0.877912
0.89244
0.925357
0.94721
0.957343
0.964909
0.970893
0.975461
0.971804
0.949544
0.930533
0.925607
0.928439
0.933789
0.945605
0.979173
1.00927
1.02342
1.03304
1.04107
1.04676
1.04646
1.02422
0.996215
0.983766
0.983209
0.987523
0.998633
1.03378
1.07238
1.09254
1.10113
1.10641
1.10978
1.10674
1.07914
1.04261
1.02428
1.02093
1.0242
1.05126
1.08919
1.10664
1.14512
2.36005
10.5415
0.680535
0.688244
0.707928
0.723266
0.729434
0.732649
0.735328
0.736818
0.728491
0.71895
0.717721
0.719455
0.722051
0.725148
0.73005
0.746875
0.770243
0.781329
0.786368
0.790129
0.793091
0.788821
0.77401
0.767501
0.76778
0.769289
0.772064
0.776011
0.787448
0.814525
0.833098
0.840612
0.844635
0.847584
0.850729
0.84314
0.826009
0.819611
0.819709
0.821024
0.824347
0.830613
0.854497
0.884279
0.898227
0.904044
0.90748
0.911714
0.914715
0.902508
0.882614
0.875184
0.874768
0.876226
0.88043
0.895336
0.930763
0.955886
0.965829
0.970736
0.974876
0.98017
0.979747
0.959065
0.938738
0.932709
0.932957
0.936005
0.945407
0.979158
1.01546
1.03274
1.04006
1.04461
1.04961
1.05219
1.03403
1.00472
0.990359
0.987995
0.990381
0.998985
1.03178
1.07141
1.09264
1.10184
1.10718
1.11026
1.10817
1.0836
1.04504
1.0226
1.01704
1.01909
1.04693
1.07849
1.12658
2.43108
10.5769
0.682375
0.686601
0.695209
0.716788
0.73083
0.736469
0.739382
0.742002
0.741914
0.730525
0.722247
0.722272
0.724898
0.72791
0.730817
0.735415
0.753932
0.777047
0.787495
0.792597
0.796663
0.799793
0.79416
0.777662
0.770239
0.771368
0.774626
0.778101
0.781714
0.792857
0.819964
0.837798
0.845278
0.850698
0.855404
0.858459
0.84983
0.830961
0.822299
0.822952
0.826365
0.830453
0.836153
0.857973
0.886879
0.901016
0.908522
0.914688
0.919466
0.92199
0.910123
0.888054
0.877749
0.878059
0.882029
0.88726
0.900548
0.932707
0.956761
0.967999
0.97635
0.982806
0.987783
0.987124
0.966747
0.943383
0.93468
0.93601
0.940783
0.949756
0.979307
1.01432
1.03203
1.04197
1.05074
1.05688
1.05912
1.04195
1.01064
0.992881
0.989289
0.991824
0.997811
1.02712
1.06872
1.09178
1.10131
1.10675
1.11058
1.11007
1.08823
1.04768
1.02021
1.01162
1.01423
1.03766
1.09618
2.48275
10.6003
0.684832
0.688407
0.691424
0.701864
0.72418
0.737334
0.74321
0.746853
0.749761
0.747277
0.734192
0.72777
0.728111
0.72968
0.732081
0.735326
0.741328
0.761651
0.783868
0.793757
0.798564
0.802
0.804639
0.799219
0.784149
0.777706
0.778004
0.779465
0.782159
0.786101
0.798531
0.826567
0.845187
0.852759
0.856761
0.860057
0.863866
0.858175
0.839669
0.830539
0.829688
0.830699
0.833671
0.839414
0.862006
0.893655
0.909398
0.915541
0.918787
0.922945
0.927216
0.919616
0.898223
0.88734
0.885645
0.88645
0.889986
0.90185
0.935851
0.964845
0.977078
0.982669
0.986605
0.991834
0.994299
0.977201
0.952494
0.942401
0.941082
0.942857
0.948856
0.975685
1.01693
1.04067
1.05003
1.05529
1.05956
1.06252
1.04948
1.01788
0.996206
0.99006
0.99185
0.997643
1.02398
1.06623
1.09216
1.10284
1.1075
1.11027
1.1097
1.09169
1.05144
1.0183
1.00577
1.0029
1.057
2.49871
10.6144
0.687832
0.69022
0.692169
0.695456
0.708196
0.732045
0.745012
0.7506
0.75417
0.756802
0.752427
0.737924
0.731096
0.731914
0.734753
0.737735
0.740678
0.746405
0.767525
0.789524
0.799093
0.804288
0.808695
0.811871
0.806048
0.789298
0.780943
0.781389
0.784455
0.787812
0.791379
0.802589
0.83037
0.849115
0.857258
0.863302
0.867971
0.871421
0.865647
0.846003
0.833703
0.832456
0.835543
0.839838
0.845128
0.864814
0.894874
0.910497
0.918819
0.926059
0.931319
0.935014
0.927437
0.904483
0.889754
0.887536
0.890904
0.89605
0.906454
0.936588
0.964668
0.978062
0.98724
0.994671
0.999994
1.00183
0.985398
0.958003
0.943971
0.942767
0.946729
0.953462
0.976207
1.01532
1.03955
1.05033
1.05814
1.06456
1.0683
1.05734
1.02557
1.00148
0.993339
0.993409
0.997592
1.02073
1.06292
1.09001
1.10111
1.1063
1.10927
1.10871
1.0939
1.05484
1.01785
0.994344
1.01483
2.46634
10.6194
0.690449
0.691053
0.693333
0.696413
0.700922
0.716567
0.739866
0.751388
0.756676
0.760458
0.763015
0.757652
0.743518
0.737652
0.737865
0.739086
0.741478
0.745008
0.752098
0.774196
0.79619
0.806029
0.810824
0.814166
0.817022
0.812946
0.7971
0.788476
0.787802
0.788778
0.79125
0.795204
0.807887
0.837364
0.857432
0.865157
0.86898
0.871773
0.87587
0.873799
0.855637
0.842544
0.840072
0.840522
0.842768
0.847662
0.867545
0.901442
0.920497
0.927897
0.932247
0.935334
0.938687
0.934363
0.913733
0.898454
0.895067
0.89555
0.898382
0.906519
0.936727
0.971244
0.987704
0.994492
0.998425
1.00312
1.00727
0.995893
0.96834
0.952663
0.949332
0.950137
0.953946
0.971631
1.01346
1.04464
1.05785
1.0638
1.06852
1.07197
1.06515
1.03503
1.0061
0.994719
0.993821
0.996484
1.01556
1.05817
1.08797
1.10002
1.10489
1.10739
1.10674
1.0943
1.05791
1.00994
0.994956
2.38524
10.6251
0.695073
0.693184
0.695613
0.69879
0.701917
0.706833
0.723663
0.746598
0.757699
0.762906
0.76673
0.769528
0.763461
0.74746
0.740204
0.741106
0.744052
0.747362
0.750669
0.75695
0.779048
0.801379
0.811039
0.816421
0.820984
0.82452
0.820284
0.802673
0.791592
0.790947
0.793914
0.797739
0.80135
0.811631
0.839528
0.859295
0.867911
0.874204
0.879345
0.883414
0.88151
0.863404
0.846804
0.84246
0.844732
0.849014
0.8543
0.87118
0.902895
0.921637
0.930103
0.936146
0.941676
0.94628
0.943987
0.922968
0.903175
0.897209
0.899389
0.903976
0.911595
0.93728
0.970099
0.987192
0.996859
1.00524
1.01117
1.0148
1.00474
0.97621
0.955779
0.950411
0.952793
0.957979
0.97218
1.00983
1.04283
1.05796
1.06603
1.07196
1.07578
1.07098
1.04194
1.00943
0.994631
0.992407
0.995052
1.01186
1.05336
1.08483
1.09777
1.10272
1.10514
1.10404
1.09387
1.05134
1.0062
2.28691
10.648
0.704788
0.697394
0.69896
0.70148
0.703961
0.707001
0.712412
0.730587
0.752851
0.763264
0.768053
0.771351
0.773461
0.767933
0.753563
0.747295
0.747703
0.749314
0.751744
0.755096
0.76208
0.785054
0.807785
0.817635
0.822321
0.825084
0.828699
0.827641
0.812208
0.800872
0.79888
0.798795
0.80027
0.803888
0.814966
0.844338
0.866918
0.876004
0.880401
0.883377
0.887686
0.889004
0.873915
0.856398
0.851162
0.850936
0.852012
0.856006
0.870611
0.903534
0.927525
0.93803
0.94338
0.947588
0.951799
0.952286
0.934082
0.9129
0.905583
0.904858
0.906272
0.91146
0.934346
0.972991
0.996221
1.0054
1.01006
1.01397
1.01861
1.01424
0.988035
0.964972
0.957149
0.955947
0.957874
0.967728
1.00491
1.04419
1.06274
1.06999
1.07453
1.07778
1.07406
1.04859
1.01459
0.99681
0.992794
0.993953
1.00711
1.04762
1.08124
1.09532
1.10046
1.10202
1.10149
1.08473
1.05192
2.21939
10.6849
0.718849
0.7063
0.70272
0.704426
0.707398
0.710245
0.712989
0.717449
0.73525
0.757377
0.767622
0.772587
0.776619
0.779692
0.775322
0.760011
0.751507
0.751517
0.754367
0.757573
0.760469
0.766132
0.788063
0.810942
0.821123
0.82747
0.832609
0.836523
0.83541
0.818399
0.803132
0.799758
0.801865
0.805542
0.809986
0.820012
0.846776
0.868567
0.878343
0.885347
0.891277
0.895714
0.896849
0.882284
0.861349
0.852354
0.852538
0.855898
0.860656
0.873737
0.906028
0.93144
0.942562
0.948845
0.954688
0.959439
0.96006
0.943007
0.918621
0.90724
0.906988
0.910967
0.91685
0.935135
0.970741
0.994399
1.00571
1.01455
1.02142
1.02593
1.02248
0.996511
0.968844
0.957331
0.957292
0.961463
0.970703
1.00305
1.04266
1.06287
1.07077
1.07518
1.07917
1.07926
1.05721
1.01977
0.997256
0.991141
0.9918
1.00248
1.04156
1.07681
1.09192
1.09677
1.09926
1.09355
1.0947
2.21022
10.7284
0.730057
0.726558
0.71383
0.71036
0.711289
0.712404
0.714268
0.71715
0.722042
0.739388
0.761724
0.772883
0.778076
0.781769
0.785064
0.783094
0.768931
0.759802
0.758457
0.758728
0.760508
0.763768
0.770505
0.793782
0.818495
0.829307
0.833988
0.836472
0.83923
0.839843
0.826296
0.811669
0.808122
0.808941
0.810449
0.813609
0.821892
0.848746
0.875117
0.887133
0.892549
0.895639
0.899234
0.902461
0.892528
0.87101
0.8607
0.860052
0.862701
0.866385
0.875655
0.905447
0.9347
0.948612
0.954744
0.958224
0.962213
0.965577
0.954194
0.929392
0.916485
0.913972
0.914301
0.917498
0.930955
0.968304
1.00039
1.01421
1.02014
1.02377
1.02831
1.02958
1.00895
0.979618
0.965906
0.962647
0.962782
0.967772
0.995283
1.0381
1.06299
1.07327
1.07829
1.08159
1.08185
1.06319
1.02446
0.997865
0.989632
0.989488
0.997902
1.03505
1.07141
1.08756
1.09418
1.09068
1.11692
2.24614
10.7751
0.735415
0.74186
0.734778
0.720098
0.714186
0.714871
0.71719
0.719107
0.720956
0.724957
0.742373
0.766291
0.778358
0.784413
0.789246
0.79292
0.790905
0.774772
0.762271
0.760619
0.763066
0.766565
0.769769
0.775032
0.796531
0.820326
0.831
0.837289
0.842933
0.847278
0.848703
0.836871
0.818911
0.810964
0.811455
0.81468
0.818666
0.82582
0.849433
0.875888
0.888764
0.896158
0.902718
0.907555
0.910615
0.901853
0.87963
0.866349
0.863891
0.864853
0.867612
0.87536
0.903439
0.93415
0.949022
0.957541
0.964944
0.970056
0.973203
0.963665
0.937562
0.919416
0.915077
0.917683
0.922391
0.933038
0.965001
0.997046
1.01257
1.02251
1.03087
1.03601
1.03693
1.01714
0.983691
0.964529
0.960439
0.962613
0.968064
0.992002
1.03568
1.06382
1.07455
1.07922
1.08217
1.0827
1.06825
1.02985
0.998972
0.987976
0.986803
0.993254
1.02859
1.06506
1.08357
1.08504
1.12262
2.31377
10.823
0.73864
0.747607
0.748859
0.741076
0.726716
0.720574
0.719337
0.718997
0.72087
0.724208
0.729986
0.749066
0.773635
0.785731
0.790855
0.793727
0.796725
0.796708
0.782894
0.770948
0.768724
0.768809
0.769333
0.771951
0.777573
0.798577
0.825433
0.839626
0.846021
0.850438
0.854466
0.856686
0.845366
0.825513
0.817254
0.817256
0.818859
0.821566
0.827308
0.849527
0.880524
0.897257
0.904384
0.908727
0.912482
0.916619
0.91116
0.888367
0.871056
0.866339
0.868472
0.872741
0.879705
0.903913
0.938515
0.957711
0.965303
0.969204
0.97281
0.977257
0.973477
0.949619
0.929313
0.922984
0.921994
0.923714
0.930421
0.960013
0.999988
1.02122
1.0293
1.0332
1.03626
1.03883
1.02537
0.99317
0.972038
0.965911
0.966177
0.96943
0.9884
1.03128
1.06164
1.07353
1.07869
1.08238
1.08421
1.07357
1.03564
1.00025
0.98585
0.983462
0.98869
1.02216
1.05906
1.07227
1.11901
2.39228
10.8684
0.740095
0.750058
0.752066
0.754192
0.747252
0.728837
0.720069
0.720492
0.723024
0.726543
0.730359
0.735453
0.753159
0.777289
0.789107
0.79532
0.800558
0.804448
0.803992
0.788802
0.773262
0.768702
0.770237
0.773166
0.776866
0.782838
0.802251
0.829738
0.844139
0.850388
0.854478
0.857679
0.860673
0.854225
0.83499
0.822443
0.820385
0.823229
0.827255
0.832462
0.850376
0.880703
0.898565
0.906573
0.911916
0.916488
0.920806
0.919922
0.900308
0.880954
0.875261
0.875937
0.878643
0.883434
0.902698
0.935993
0.956278
0.966129
0.974394
0.980623
0.984955
0.982405
0.959547
0.934512
0.924121
0.924199
0.928279
0.934568
0.957337
0.995188
1.01732
1.02742
1.03574
1.04208
1.04555
1.03561
1.00324
0.97678
0.967047
0.966626
0.969251
0.98309
1.02543
1.06081
1.07542
1.08031
1.08282
1.08408
1.07669
1.0416
1.00197
0.983324
0.9794
0.983581
1.01708
1.04624
1.10289
2.46957
10.9031
0.733319
0.748321
0.751188
0.753388
0.753455
0.746997
0.731891
0.726073
0.727093
0.729547
0.731768
0.734798
0.740026
0.758606
0.78427
0.797183
0.802609
0.805755
0.807592
0.807648
0.79503
0.779582
0.775377
0.777058
0.780181
0.783373
0.787257
0.802683
0.830397
0.846959
0.854435
0.860348
0.865067
0.868446
0.863345
0.844246
0.830907
0.828392
0.828854
0.830348
0.834279
0.84977
0.882175
0.90434
0.913939
0.919377
0.925221
0.929473
0.929032
0.910206
0.887884
0.87884
0.878584
0.880968
0.884637
0.899369
0.935198
0.963178
0.974865
0.98015
0.983398
0.987767
0.989666
0.972515
0.946008
0.933166
0.929741
0.929021
0.932445
0.951151
0.993681
1.02471
1.03715
1.04259
1.04684
1.04967
1.04242
1.01139
0.981508
0.968783
0.967303
0.970106
0.982185
1.0212
1.05753
1.07328
1.07911
1.08219
1.08376
1.07866
1.04724
1.00435
0.98065
0.974408
0.979454
1.0064
1.07385
2.52678
10.9246
0.715155
0.736238
0.745107
0.749211
0.751677
0.754794
0.753446
0.741165
0.732933
0.732242
0.73487
0.738865
0.742581
0.746664
0.761883
0.785413
0.79798
0.804127
0.809052
0.813337
0.815389
0.806312
0.789828
0.782469
0.781941
0.783234
0.785777
0.789748
0.804133
0.833964
0.854074
0.862328
0.86683
0.87022
0.873844
0.87216
0.854614
0.837053
0.830826
0.832052
0.835776
0.840597
0.851951
0.881821
0.908229
0.920706
0.926294
0.929478
0.932434
0.934923
0.920785
0.896843
0.884249
0.882328
0.885325
0.890068
0.90131
0.932077
0.960264
0.973954
0.983021
0.990734
0.995748
0.997504
0.982446
0.95237
0.933748
0.929904
0.932756
0.938062
0.952444
0.990662
1.0234
1.03712
1.04304
1.0471
1.05065
1.04925
1.02322
0.989756
0.973462
0.969755
0.969864
0.976665
1.01295
1.05386
1.07261
1.07888
1.08153
1.08273
1.07919
1.05252
1.00839
0.978378
0.969577
0.967804
1.03551
2.54728
10.9332
0.70042
0.710599
0.731362
0.746173
0.754219
0.760059
0.7646
0.765038
0.753709
0.743731
0.742286
0.743302
0.743967
0.745227
0.748116
0.760568
0.785507
0.802808
0.811381
0.816469
0.820735
0.8237
0.816812
0.798466
0.787414
0.785789
0.788408
0.79237
0.795964
0.805884
0.833312
0.854642
0.863817
0.869137
0.873719
0.878066
0.879977
0.867269
0.847747
0.839796
0.839206
0.83992
0.842941
0.851093
0.878718
0.907556
0.920898
0.927516
0.93267
0.937356
0.941098
0.932695
0.909068
0.893497
0.889707
0.889484
0.891636
0.898933
0.927439
0.963782
0.98276
0.99014
0.993673
0.997345
1.00144
0.993609
0.965059
0.944848
0.938709
0.937081
0.938131
0.946975
0.982405
1.01984
1.03716
1.04548
1.05232
1.05593
1.05452
1.0296
0.992877
0.972256
0.967157
0.96831
0.975236
1.00872
1.05017
1.07056
1.07743
1.08012
1.08134
1.07891
1.05713
1.01287
0.978415
0.95675
0.991922
2.5186
10.9325
0.692022
0.694857
0.708891
0.734785
0.754816
0.766314
0.773737
0.777866
0.778344
0.765916
0.750974
0.744275
0.743034
0.743817
0.746005
0.749491
0.761314
0.788237
0.808372
0.817195
0.821976
0.825538
0.829238
0.827109
0.810258
0.797103
0.794302
0.794068
0.794464
0.797322
0.805562
0.831515
0.856752
0.869269
0.87613
0.881978
0.886187
0.888237
0.87713
0.85436
0.841792
0.840112
0.842315
0.845931
0.852153
0.87573
0.908764
0.92727
0.93544
0.940612
0.945625
0.949014
0.942984
0.919022
0.89816
0.891196
0.892701
0.89685
0.903129
0.924856
0.959427
0.979674
0.99012
0.99945
1.00568
1.00938
1.00271
0.973288
0.946257
0.936005
0.935906
0.939311
0.947213
0.97869
1.02052
1.04226
1.04934
1.05228
1.05461
1.05561
1.03796
1.00159
0.977671
0.969956
0.969254
0.972511
1.00157
1.04498
1.06793
1.07566
1.07841
1.07937
1.07713
1.05927
1.01754
0.970258
0.968606
2.43702
10.9312
0.689767
0.692582
0.700995
0.717085
0.750544
0.77069
0.77823
0.782683
0.786055
0.786396
0.772894
0.753731
0.745162
0.744853
0.747176
0.750075
0.753758
0.763288
0.789217
0.811134
0.821481
0.828748
0.83422
0.837919
0.836363
0.817987
0.799683
0.793795
0.794935
0.797818
0.801608
0.808904
0.832064
0.860939
0.876153
0.882378
0.885521
0.888437
0.892103
0.886795
0.865497
0.850251
0.846458
0.847994
0.85145
0.856424
0.874221
0.907843
0.930611
0.940387
0.94479
0.947403
0.951562
0.95172
0.932719
0.909713
0.900539
0.898411
0.898325
0.901973
0.919259
0.958782
0.987892
0.99968
1.00481
1.00755
1.01023
1.00761
0.983277
0.955499
0.943983
0.94221
0.943847
0.947835
0.973186
1.01402
1.0364
1.04615
1.05398
1.05903
1.06033
1.04512
1.00747
0.978411
0.967875
0.967015
0.970108
0.99543
1.03939
1.06463
1.07303
1.0759
1.07708
1.07473
1.06011
1.01157
0.975657
2.33206
10.9502
0.691233
0.695964
0.707444
0.719471
0.738123
0.765502
0.779627
0.785041
0.787561
0.788317
0.787876
0.775366
0.756264
0.748845
0.749062
0.751167
0.753713
0.757352
0.766325
0.794118
0.819964
0.830737
0.835547
0.838217
0.839417
0.839053
0.82541
0.806976
0.800453
0.801258
0.804209
0.807583
0.812378
0.831272
0.859988
0.876021
0.884017
0.891378
0.896751
0.90048
0.896525
0.876016
0.857639
0.852312
0.853119
0.854368
0.857752
0.870663
0.902951
0.928062
0.939377
0.94811
0.955014
0.959384
0.960048
0.943292
0.916241
0.901671
0.899594
0.902781
0.907695
0.919708
0.953944
0.983876
0.997138
1.00436
1.01118
1.01595
1.01649
0.996881
0.965497
0.947037
0.941775
0.942702
0.945913
0.966125
1.01148
1.04248
1.05322
1.05703
1.05937
1.05996
1.04929
1.01437
0.982108
0.968758
0.966182
0.96799
0.989363
1.0336
1.06124
1.07067
1.07352
1.07403
1.07243
1.05076
1.02007
2.25488
10.9872
0.703183
0.712226
0.722277
0.729319
0.73436
0.745053
0.765658
0.777716
0.781895
0.783439
0.784038
0.785349
0.780609
0.763672
0.7543
0.753773
0.756604
0.761818
0.767523
0.774699
0.796162
0.819616
0.830526
0.836004
0.84048
0.844775
0.846676
0.836401
0.817236
0.807417
0.805925
0.807261
0.809771
0.813846
0.82993
0.862245
0.884248
0.893582
0.898591
0.902298
0.906088
0.905479
0.88718
0.865264
0.855529
0.854653
0.856958
0.860443
0.869572
0.900457
0.933684
0.949048
0.955085
0.957911
0.96113
0.964575
0.955101
0.928843
0.912356
0.907463
0.905417
0.906679
0.914708
0.947107
0.985454
1.00545
1.01333
1.018
1.02189
1.0232
1.00643
0.972647
0.950171
0.943791
0.945269
0.949645
0.965987
1.00698
1.03799
1.04963
1.0551
1.05936
1.06177
1.05546
1.02281
0.985986
0.968593
0.964697
0.965528
0.983314
1.02709
1.05659
1.06705
1.06989
1.07147
1.06397
1.06664
2.2367
11.0296
0.727352
0.73063
0.732965
0.73506
0.734131
0.733407
0.737331
0.753299
0.769416
0.777636
0.781892
0.785614
0.789964
0.790474
0.778684
0.768095
0.766392
0.767917
0.768725
0.770309
0.774503
0.792198
0.818629
0.834733
0.842563
0.847263
0.851106
0.85393
0.84778
0.82857
0.81442
0.810259
0.812005
0.816024
0.820226
0.830495
0.85913
0.883192
0.894362
0.900436
0.905008
0.909203
0.911866
0.900708
0.877112
0.863128
0.860329
0.862311
0.865837
0.873226
0.898046
0.930133
0.946649
0.955316
0.963511
0.969227
0.972666
0.965023
0.936829
0.913473
0.905846
0.906767
0.910784
0.918125
0.944376
0.983875
1.0066
1.01527
1.01938
1.02223
1.02534
1.01712
0.985237
0.959429
0.95052
0.948066
0.94846
0.958926
0.998987
1.03731
1.05374
1.05924
1.06218
1.06409
1.05949
1.02917
0.988948
0.967892
0.962547
0.962876
0.977528
1.0201
1.05161
1.0633
1.06785
1.06278
1.09346
2.26753
11.0731
0.757043
0.753084
0.743037
0.736044
0.72804
0.721993
0.720821
0.725781
0.744435
0.766682
0.780173
0.78977
0.79836
0.804149
0.805957
0.795658
0.779848
0.771431
0.769739
0.770864
0.773038
0.776256
0.789132
0.816606
0.836481
0.845331
0.850371
0.854733
0.85909
0.859281
0.843818
0.826013
0.819684
0.818514
0.817923
0.820416
0.827697
0.853543
0.882988
0.898722
0.906713
0.9134
0.918336
0.921169
0.9123
0.88682
0.869907
0.866046
0.866916
0.867743
0.872038
0.891595
0.929265
0.954493
0.964462
0.968994
0.971309
0.974317
0.971835
0.948738
0.924676
0.915636
0.914079
0.914499
0.91764
0.936471
0.976274
1.00302
1.01424
1.0226
1.0286
1.0316
1.02415
0.991518
0.960254
0.947552
0.946366
0.949319
0.958946
0.995004
1.03528
1.05373
1.05948
1.06162
1.06226
1.06015
1.0358
0.993658
0.968111
0.960679
0.960105
0.9725
1.01372
1.04571
1.06015
1.05869
1.10223
2.33329
11.119
0.781543
0.779642
0.753439
0.731623
0.718013
0.711738
0.711771
0.714161
0.720889
0.742767
0.77384
0.794191
0.805632
0.812711
0.817155
0.818842
0.80894
0.78881
0.776524
0.772983
0.772396
0.773768
0.776667
0.786386
0.812778
0.836431
0.849057
0.858022
0.864761
0.868778
0.869525
0.854509
0.831164
0.819712
0.818365
0.820565
0.824242
0.829984
0.850721
0.884173
0.90543
0.914084
0.918314
0.920929
0.924449
0.922115
0.900562
0.877653
0.867912
0.868002
0.871272
0.876636
0.892105
0.926701
0.952515
0.963441
0.970588
0.977606
0.982094
0.981852
0.961549
0.932359
0.916293
0.912762
0.914566
0.918078
0.932805
0.973426
1.00757
1.0212
1.0263
1.02857
1.03056
1.02746
1.00104
0.969359
0.954998
0.951256
0.951425
0.955516
0.986166
1.02891
1.04943
1.05616
1.06057
1.06313
1.06266
1.04233
0.998866
0.968579
0.958581
0.957
0.967487
1.00705
1.04023
1.04884
1.10142
2.4125
11.1626
0.789205
0.792353
0.770344
0.737924
0.714792
0.70934
0.710224
0.713245
0.71881
0.728613
0.753253
0.790798
0.810022
0.817335
0.821108
0.823567
0.824528
0.815843
0.790074
0.773439
0.770237
0.772015
0.774874
0.778449
0.786483
0.814459
0.84572
0.860084
0.865847
0.868985
0.870435
0.87175
0.862965
0.841271
0.827866
0.825144
0.826587
0.829421
0.833446
0.848841
0.8817
0.904599
0.914769
0.92215
0.928371
0.932496
0.931739
0.911612
0.886434
0.876427
0.875606
0.876404
0.878648
0.887812
0.920261
0.954927
0.971924
0.978677
0.98285
0.985929
0.987106
0.972025
0.94188
0.923094
0.918254
0.919625
0.922733
0.932822
0.96769
1.00185
1.01672
1.0245
1.03152
1.03562
1.0348
1.01201
0.97583
0.954383
0.948502
0.949434
0.953217
0.979329
1.02535
1.05158
1.05952
1.0617
1.06284
1.06261
1.04723
1.00406
0.968502
0.955212
0.952969
0.962965
1.00224
1.02683
1.08912
2.49167
11.1966
0.785774
0.774599
0.754204
0.739143
0.723283
0.714459
0.714268
0.718125
0.727355
0.740414
0.75494
0.77557
0.802638
0.81605
0.82112
0.822293
0.819158
0.815236
0.809844
0.792028
0.777952
0.775127
0.777077
0.781384
0.788264
0.797172
0.818909
0.84624
0.86025
0.866515
0.871588
0.876367
0.879575
0.87369
0.851715
0.83425
0.828931
0.82965
0.831944
0.83523
0.846091
0.879029
0.909611
0.923397
0.929032
0.931972
0.934534
0.936204
0.923454
0.897548
0.880634
0.876023
0.877902
0.881777
0.889776
0.917527
0.953331
0.971744
0.979309
0.983868
0.988209
0.991791
0.983749
0.955468
0.931322
0.922398
0.920557
0.921435
0.928163
0.960299
1.00285
1.02479
1.03207
1.03574
1.03825
1.03804
1.01929
0.98221
0.95817
0.950776
0.950705
0.953835
0.976146
1.02046
1.04777
1.05676
1.06007
1.06186
1.06184
1.05003
1.0094
0.969426
0.952408
0.948603
0.959667
0.990358
1.06347
2.55609
11.2177
0.757711
0.751488
0.749189
0.747297
0.740761
0.733135
0.731637
0.736942
0.74646
0.756088
0.762963
0.767548
0.775964
0.792061
0.803723
0.807887
0.80941
0.810778
0.813271
0.81519
0.807433
0.79443
0.789521
0.790645
0.792814
0.794794
0.798642
0.814512
0.844035
0.86405
0.873153
0.877739
0.880689
0.883437
0.882097
0.863727
0.84352
0.834507
0.833724
0.836747
0.841152
0.848661
0.874644
0.906171
0.921891
0.929595
0.93614
0.941199
0.943932
0.934701
0.908007
0.88866
0.883393
0.884009
0.885676
0.889535
0.909895
0.948354
0.973489
0.984412
0.99076
0.995862
0.999026
0.993668
0.965366
0.935734
0.922915
0.922136
0.925703
0.932153
0.957957
0.999905
1.02302
1.031
1.03462
1.03743
1.03975
1.02866
0.99246
0.963436
0.953101
0.951443
0.951894
0.967861
1.01309
1.0452
1.0559
1.05892
1.0603
1.06083
1.05246
1.01543
0.97181
0.948997
0.944253
0.94888
1.02777
2.58847
11.2265
0.724844
0.7341
0.74428
0.74946
0.755038
0.761511
0.766768
0.768695
0.768518
0.768217
0.766987
0.762417
0.757405
0.758616
0.771111
0.789775
0.802889
0.811447
0.819728
0.827469
0.832058
0.82834
0.81335
0.801212
0.796411
0.796798
0.798968
0.801423
0.809746
0.836006
0.860447
0.871834
0.877898
0.882854
0.887568
0.890506
0.880195
0.858068
0.845092
0.841972
0.840959
0.842184
0.847001
0.868226
0.904597
0.927598
0.936596
0.940597
0.943091
0.946636
0.944595
0.922919
0.898263
0.886467
0.884571
0.887034
0.891139
0.907131
0.944926
0.97591
0.989289
0.994283
0.996562
0.999739
1.00011
0.977954
0.946924
0.932643
0.929061
0.928027
0.930407
0.94969
0.992486
1.02077
1.03165
1.03815
1.04264
1.04435
1.03436
0.998292
0.965048
0.951212
0.949211
0.950932
0.965589
1.0085
1.04226
1.05483
1.05843
1.05951
1.05965
1.0534
1.02111
0.975274
0.947635
0.930601
0.984149
2.56994
11.2224
0.695963
0.709283
0.73238
0.751443
0.773029
0.793347
0.803622
0.804632
0.796708
0.782519
0.766931
0.750719
0.740503
0.738322
0.741838
0.756981
0.784892
0.809308
0.825626
0.837927
0.846084
0.85095
0.848975
0.830687
0.811401
0.802408
0.797633
0.795079
0.796793
0.803398
0.828268
0.858557
0.875549
0.885001
0.893178
0.898442
0.901274
0.893525
0.868643
0.84856
0.842395
0.843564
0.847036
0.851293
0.864714
0.897846
0.923721
0.93538
0.943581
0.95047
0.954653
0.954161
0.934946
0.907081
0.892674
0.890112
0.891733
0.894298
0.903599
0.937159
0.970765
0.985979
0.994766
1.00231
1.00667
1.00688
0.986929
0.952284
0.931416
0.926214
0.927543
0.930748
0.946351
0.988894
1.02346
1.03623
1.03998
1.04142
1.04308
1.03831
1.00744
0.971639
0.955187
0.950869
0.950252
0.959497
1.00088
1.03834
1.0526
1.05653
1.05771
1.05758
1.05214
1.02464
0.979571
0.938066
0.954251
2.49963
11.2153
0.677389
0.682371
0.709596
0.753271
0.795398
0.819549
0.828219
0.831527
0.826115
0.80349
0.767603
0.742674
0.731999
0.730533
0.732608
0.738234
0.755783
0.794925
0.828425
0.846021
0.855174
0.860419
0.862692
0.858875
0.836281
0.807428
0.794791
0.793264
0.795303
0.798638
0.804704
0.825768
0.861503
0.885035
0.894418
0.899157
0.902306
0.904495
0.90113
0.880737
0.859405
0.851161
0.849142
0.848411
0.850738
0.860283
0.89298
0.928141
0.944423
0.95053
0.953521
0.956234
0.958777
0.947823
0.919669
0.899211
0.892189
0.892224
0.894868
0.90128
0.93132
0.972667
0.993895
1.00131
1.00455
1.00647
1.0078
0.994
0.960754
0.938479
0.931844
0.931746
0.933609
0.944504
0.983456
1.01769
1.03141
1.03838
1.04385
1.04636
1.04239
1.01334
0.974384
0.953318
0.9477
0.947918
0.956657
0.995447
1.03391
1.04935
1.05344
1.05487
1.05524
1.05034
1.02694
0.973114
0.952307
2.39427
11.226
0.674754
0.676821
0.695046
0.743519
0.805456
0.827514
0.834214
0.835746
0.829219
0.809002
0.776989
0.744724
0.731469
0.730546
0.73311
0.739435
0.752759
0.776013
0.818557
0.847741
0.858115
0.861951
0.862208
0.857971
0.850727
0.831928
0.806677
0.797144
0.797097
0.799995
0.804751
0.811582
0.830488
0.865004
0.887786
0.896974
0.901695
0.905974
0.909698
0.909107
0.8916
0.865383
0.851676
0.849595
0.85215
0.856618
0.864615
0.890625
0.924756
0.942464
0.950765
0.957861
0.963001
0.965796
0.957813
0.929629
0.90499
0.895814
0.895972
0.899212
0.904985
0.927801
0.966817
0.989448
0.99841
1.00471
1.00977
1.01288
1.00404
0.972765
0.944979
0.933617
0.932003
0.933633
0.94043
0.976019
1.01807
1.03676
1.0418
1.04336
1.04473
1.04376
1.02178
0.981627
0.956534
0.948716
0.947491
0.952201
0.987626
1.02874
1.04649
1.05139
1.05288
1.05256
1.04882
1.0183
0.987298
2.30159
11.258
0.67818
0.687737
0.722804
0.761533
0.796489
0.820043
0.828252
0.824479
0.8057
0.787383
0.774878
0.760978
0.746021
0.741427
0.745022
0.756877
0.77241
0.785598
0.799496
0.825307
0.844294
0.850094
0.849306
0.845992
0.843504
0.842006
0.834863
0.818833
0.809467
0.808684
0.811819
0.816052
0.819915
0.831669
0.862532
0.888829
0.900738
0.905676
0.906831
0.908385
0.910703
0.9017
0.877501
0.862327
0.85896
0.85933
0.860834
0.864856
0.884393
0.922755
0.948242
0.957867
0.961805
0.963763
0.966919
0.965492
0.943085
0.915609
0.903682
0.901124
0.90064
0.903483
0.921209
0.963523
0.994678
1.007
1.01177
1.01522
1.01804
1.01197
0.982451
0.95057
0.935618
0.933096
0.935289
0.94181
0.971808
1.01206
1.03114
1.03887
1.0449
1.04803
1.04738
1.02776
0.985748
0.955999
0.945668
0.944453
0.948922
0.98148
1.0238
1.04331
1.04896
1.05032
1.05057
1.03946
1.03716
2.26256
11.2989
0.699511
0.726593
0.752994
0.765773
0.773642
0.784861
0.790005
0.786001
0.780462
0.778783
0.779798
0.777918
0.772653
0.769161
0.772997
0.781612
0.788931
0.793399
0.795835
0.797294
0.805225
0.819556
0.830956
0.837872
0.843105
0.848398
0.852833
0.852659
0.841034
0.827804
0.821919
0.821857
0.824734
0.827555
0.831849
0.851508
0.879387
0.894816
0.902654
0.90977
0.914944
0.918311
0.913279
0.890739
0.870319
0.862155
0.862301
0.865534
0.869929
0.882866
0.9167
0.943751
0.955348
0.963011
0.969486
0.973408
0.973123
0.953311
0.922154
0.905157
0.901966
0.904553
0.909347
0.92252
0.959779
0.993627
1.00799
1.01326
1.01563
1.01797
1.01743
0.994506
0.959508
0.941385
0.936464
0.935348
0.937946
0.963111
1.00991
1.03624
1.04369
1.0459
1.04661
1.04616
1.03244
0.991944
0.958122
0.945451
0.943166
0.945691
0.975555
1.01848
1.03962
1.04576
1.04815
1.04162
1.07093
2.28038
11.3382
0.741967
0.763697
0.771186
0.773031
0.76559
0.746925
0.737876
0.742922
0.756989
0.770404
0.778836
0.787136
0.79982
0.812117
0.816222
0.812837
0.806585
0.799839
0.789782
0.777556
0.772981
0.778764
0.798719
0.823151
0.840214
0.851911
0.863525
0.872917
0.876467
0.867194
0.847987
0.835012
0.828586
0.822488
0.820244
0.823325
0.839291
0.873855
0.899439
0.90979
0.914614
0.91863
0.923431
0.924934
0.908477
0.884003
0.872225
0.868877
0.867518
0.869406
0.878286
0.910567
0.94573
0.962331
0.96837
0.971002
0.974162
0.977235
0.965409
0.935073
0.916248
0.911095
0.909549
0.910049
0.917222
0.950415
0.988039
1.00513
1.01288
1.01928
1.02273
1.02222
1.00128
0.963854
0.940915
0.934775
0.93563
0.939674
0.961347
1.00516
1.0314
1.03987
1.04426
1.04731
1.04795
1.03737
0.998038
0.960092
0.944226
0.940977
0.942359
0.969533
1.01258
1.03486
1.0434
1.03883
1.08564
2.33575
11.3802
0.787742
0.791722
0.786726
0.772987
0.740995
0.713057
0.704983
0.708205
0.722461
0.747871
0.773181
0.801151
0.833228
0.850059
0.854298
0.848584
0.829599
0.803216
0.778951
0.761467
0.755549
0.75663
0.763371
0.788333
0.82668
0.856456
0.876925
0.88827
0.893709
0.895327
0.884247
0.856251
0.830696
0.819256
0.81735
0.819045
0.822913
0.83638
0.869679
0.896725
0.910607
0.921986
0.930139
0.934452
0.935073
0.91966
0.890315
0.872448
0.868425
0.870307
0.873926
0.880024
0.90439
0.939226
0.958036
0.968037
0.977083
0.982451
0.985124
0.975358
0.943981
0.9179
0.90819
0.907732
0.910177
0.915929
0.944689
0.988053
1.01058
1.01736
1.01986
1.02191
1.02354
1.0096
0.973199
0.947945
0.939717
0.937357
0.937696
0.953135
0.998743
1.03229
1.04349
1.0461
1.04714
1.04736
1.04011
1.00376
0.961911
0.942478
0.93806
0.939134
0.964824
1.0062
1.03032
1.03292
1.08827
2.41166
11.4221
0.825248
0.828103
0.80378
0.764099
0.719619
0.69709
0.692813
0.694554
0.699788
0.714436
0.752476
0.815109
0.855035
0.867646
0.87284
0.871647
0.85852
0.823348
0.777744
0.756166
0.752158
0.753684
0.758558
0.768921
0.799061
0.852368
0.881856
0.89165
0.896271
0.897959
0.89633
0.885077
0.852824
0.825379
0.817464
0.818101
0.821281
0.826662
0.837869
0.871238
0.908245
0.92455
0.93091
0.934213
0.935482
0.935367
0.926487
0.901316
0.882066
0.875549
0.873537
0.873672
0.877687
0.898225
0.940004
0.967494
0.977668
0.982031
0.984491
0.986631
0.981733
0.953782
0.924847
0.913301
0.911739
0.91345
0.917595
0.941579
0.982527
1.00538
1.01495
1.02212
1.02638
1.02769
1.01541
0.978712
0.948309
0.936987
0.935973
0.938195
0.951783
0.9938
1.02839
1.04052
1.04418
1.04597
1.04666
1.0412
1.00926
0.964951
0.941669
0.935436
0.935652
0.959981
1.00105
1.01726
1.08204
2.49182
11.4573
0.837834
0.847417
0.820534
0.764629
0.717349
0.698055
0.693907
0.695038
0.699725
0.712691
0.753628
0.817591
0.855763
0.868922
0.873516
0.867404
0.844249
0.814129
0.786445
0.764982
0.757605
0.758429
0.765319
0.782229
0.805806
0.836027
0.869827
0.886897
0.892661
0.892106
0.885251
0.877215
0.868872
0.849971
0.831284
0.826049
0.828084
0.833623
0.842676
0.854413
0.878402
0.908406
0.923591
0.929647
0.933296
0.937111
0.940117
0.935136
0.910597
0.885478
0.875238
0.875086
0.878928
0.884726
0.899421
0.936005
0.964268
0.975905
0.982058
0.987312
0.990876
0.989152
0.964894
0.932994
0.917242
0.913728
0.914437
0.916933
0.934893
0.97976
1.01103
1.02111
1.02415
1.02552
1.02739
1.02124
0.988248
0.95529
0.941833
0.938077
0.937246
0.945135
0.985767
1.02562
1.04045
1.04403
1.04519
1.04591
1.04266
1.01475
0.967944
0.939896
0.931829
0.931719
0.957308
0.987827
1.06262
2.56524
11.4789
0.834354
0.831711
0.788777
0.755794
0.730779
0.71175
0.704753
0.705245
0.713916
0.740716
0.774345
0.80486
0.834677
0.850595
0.85132
0.837755
0.822749
0.813203
0.802826
0.788825
0.779348
0.779608
0.789637
0.803836
0.814306
0.821803
0.836372
0.857488
0.869358
0.871718
0.870025
0.868566
0.869719
0.87206
0.867574
0.855446
0.847982
0.847367
0.849485
0.851065
0.85459
0.869184
0.898151
0.919293
0.929148
0.933251
0.934883
0.938863
0.940793
0.924935
0.899006
0.887122
0.884407
0.88311
0.884627
0.893841
0.928737
0.965568
0.982582
0.988483
0.991915
0.994746
0.994244
0.974539
0.940894
0.920557
0.915181
0.916732
0.920681
0.935641
0.975425
1.00566
1.0173
1.02438
1.02924
1.03127
1.0258
0.994156
0.956988
0.939192
0.935688
0.936888
0.944947
0.981913
1.02203
1.03896
1.04354
1.04424
1.04398
1.04165
1.01906
0.972253
0.939294
0.92791
0.928375
0.946754
1.0316
2.61463
11.4924
0.798383
0.787493
0.771796
0.762523
0.750755
0.736454
0.727934
0.729725
0.748722
0.77553
0.790769
0.796359
0.801315
0.8053
0.80473
0.804637
0.807551
0.81071
0.813241
0.814024
0.814628
0.819321
0.824312
0.825846
0.825955
0.823948
0.818389
0.815296
0.823121
0.839902
0.85448
0.864281
0.874347
0.885814
0.893666
0.894887
0.883369
0.867197
0.856888
0.852671
0.85101
0.849931
0.855486
0.880163
0.907987
0.923157
0.934125
0.944053
0.949855
0.952274
0.939351
0.909801
0.889468
0.883261
0.884258
0.887524
0.894761
0.924217
0.962943
0.982053
0.988615
0.991941
0.994606
0.997062
0.985836
0.952714
0.928994
0.921811
0.920329
0.921047
0.930303
0.969294
1.00791
1.02315
1.02718
1.02811
1.02962
1.02858
1.00329
0.964679
0.944522
0.938428
0.936972
0.940128
0.972936
1.01626
1.03518
1.04007
1.04176
1.04274
1.04163
1.02331
0.977683
0.939295
0.923495
0.914954
0.992586
2.61951
11.4897
0.74787
0.74773
0.756889
0.762176
0.764003
0.7638
0.766337
0.781186
0.796271
0.801435
0.80228
0.796899
0.775663
0.757621
0.755642
0.766636
0.786466
0.803698
0.816278
0.83423
0.85478
0.865432
0.864777
0.855076
0.840589
0.821261
0.797827
0.785869
0.78593
0.797085
0.824787
0.855442
0.878533
0.89665
0.911161
0.919252
0.920839
0.906414
0.88014
0.859949
0.845344
0.837206
0.837455
0.843316
0.869482
0.910657
0.936176
0.946306
0.951644
0.956227
0.95981
0.951834
0.921765
0.897878
0.890145
0.888863
0.889311
0.892901
0.915625
0.955668
0.978946
0.988416
0.995796
1.00061
1.00269
0.993213
0.960551
0.931937
0.921231
0.920837
0.923537
0.931353
0.964291
1.00145
1.01751
1.02517
1.03114
1.03382
1.03264
1.00956
0.968448
0.942613
0.934603
0.934191
0.937877
0.967604
1.01224
1.03431
1.04051
1.04161
1.04159
1.04051
1.02513
0.982323
0.940864
0.911349
0.952284
2.57527
11.4788
0.705746
0.710144
0.730877
0.752876
0.767954
0.790123
0.819267
0.833976
0.834508
0.825771
0.809052
0.783043
0.749339
0.729118
0.725818
0.730245
0.747836
0.779856
0.817891
0.858267
0.888028
0.898488
0.9008
0.891283
0.86034
0.818059
0.788622
0.776674
0.775621
0.778455
0.789617
0.823647
0.871122
0.904648
0.92269
0.930545
0.934477
0.932045
0.913109
0.870629
0.842811
0.83578
0.836544
0.839729
0.847014
0.873596
0.917608
0.942905
0.953657
0.960202
0.964914
0.966592
0.958943
0.928847
0.900176
0.888379
0.887377
0.889764
0.893282
0.910981
0.953432
0.98447
0.995149
0.998959
1.00093
1.00332
0.999664
0.971493
0.940773
0.92777
0.923595
0.922391
0.926232
0.955732
1.00076
1.02351
1.02975
1.03148
1.03261
1.03336
1.01681
0.975673
0.946207
0.935989
0.933897
0.935522
0.962215
1.00818
1.03185
1.03828
1.03964
1.03987
1.03829
1.02435
0.985612
0.932572
0.9369
2.48142
11.4778
0.682835
0.680847
0.693061
0.721892
0.766875
0.818999
0.855575
0.867166
0.868843
0.860308
0.833415
0.780588
0.737817
0.722155
0.720781
0.723331
0.728694
0.745135
0.800462
0.870624
0.898144
0.906084
0.908834
0.904648
0.881144
0.832383
0.791081
0.777219
0.776218
0.779085
0.787106
0.804882
0.850576
0.903941
0.925317
0.932143
0.933913
0.92777
0.912253
0.889995
0.859489
0.843569
0.841162
0.84439
0.851224
0.860207
0.881609
0.924243
0.951742
0.961099
0.96428
0.964869
0.963878
0.959245
0.935359
0.907082
0.893979
0.891695
0.893735
0.897269
0.912026
0.950324
0.980509
0.992686
0.999755
1.00537
1.00819
1.00527
0.978828
0.943499
0.925502
0.921921
0.923514
0.927845
0.952379
0.995222
1.01831
1.02686
1.03286
1.03613
1.0364
1.02148
0.980077
0.946719
0.934376
0.932368
0.933814
0.957478
1.00353
1.02871
1.03556
1.03683
1.0374
1.03521
1.0233
0.976877
0.951407
2.37503
11.4996
0.681183
0.67733
0.683767
0.697002
0.747924
0.826159
0.860243
0.869999
0.873095
0.863956
0.825726
0.779252
0.744995
0.727587
0.724242
0.726275
0.734477
0.757618
0.803318
0.859262
0.892658
0.903072
0.902942
0.883767
0.857346
0.83487
0.811657
0.793311
0.78841
0.791887
0.803718
0.82315
0.84561
0.878018
0.90768
0.918445
0.91717
0.908185
0.901011
0.897449
0.888994
0.87089
0.858966
0.857224
0.861099
0.867397
0.874835
0.888918
0.920515
0.9442
0.952693
0.955206
0.956476
0.958389
0.960724
0.948495
0.919764
0.901826
0.897387
0.898222
0.900358
0.909071
0.944251
0.981878
0.998524
1.00367
1.00543
1.00783
1.00836
0.987978
0.951791
0.931916
0.925688
0.923538
0.924832
0.944642
0.992647
1.02363
1.03252
1.03475
1.03551
1.03518
1.02458
0.986254
0.9497
0.934612
0.931424
0.932048
0.952483
0.99817
1.0249
1.03252
1.0342
1.03453
1.03312
1.01245
0.998282
2.30391
11.5355
0.688593
0.686414
0.698727
0.721774
0.757317
0.801848
0.840838
0.85514
0.853918
0.837413
0.814753
0.78983
0.765479
0.748442
0.742515
0.745638
0.7597
0.784318
0.806306
0.828513
0.855056
0.869086
0.866467
0.855818
0.849092
0.845001
0.836953
0.824136
0.815908
0.817906
0.828941
0.842108
0.850267
0.854766
0.864559
0.877732
0.886618
0.891593
0.89567
0.900314
0.905353
0.906109
0.897366
0.886004
0.879838
0.878051
0.877527
0.87639
0.879452
0.899386
0.928089
0.945292
0.954514
0.962459
0.968142
0.970824
0.962382
0.934491
0.911286
0.902314
0.901873
0.904396
0.90941
0.936776
0.974726
0.993425
1.00241
1.00904
1.01254
1.01267
0.993992
0.9559
0.930696
0.923495
0.923974
0.927394
0.945308
0.989584
1.01964
1.02912
1.03284
1.0356
1.03637
1.02819
0.991893
0.952114
0.934101
0.929761
0.929895
0.947841
0.99242
1.02064
1.02955
1.03149
1.03224
1.02351
1.04223
2.29315
11.5736
0.713296
0.711338
0.725004
0.747552
0.763205
0.773961
0.790905
0.807556
0.813029
0.809942
0.806117
0.802912
0.794627
0.782125
0.775544
0.779533
0.79288
0.805829
0.811616
0.814524
0.814346
0.813693
0.819601
0.831088
0.841195
0.846046
0.84991
0.855506
0.861502
0.864147
0.862769
0.860478
0.85688
0.844505
0.830727
0.829415
0.842554
0.866524
0.887059
0.90076
0.913423
0.927114
0.934726
0.930595
0.913088
0.89455
0.879516
0.866413
0.859827
0.861905
0.87951
0.91749
0.947481
0.961115
0.967482
0.97426
0.980437
0.978253
0.95163
0.921791
0.908008
0.902288
0.900679
0.90415
0.929508
0.975464
1.00046
1.00767
1.00991
1.01172
1.01359
1.00162
0.965066
0.938297
0.929566
0.927574
0.927582
0.939372
0.983223
1.01945
1.03176
1.03444
1.03527
1.035
1.02912
0.997246
0.955382
0.933909
0.928147
0.927429
0.94234
0.986305
1.01635
1.02639
1.0297
1.0228
1.06718
2.32758
11.6098
0.752646
0.746366
0.753614
0.761758
0.765794
0.765929
0.756792
0.750042
0.757832
0.777828
0.794672
0.80278
0.808277
0.817891
0.827498
0.830626
0.827393
0.823048
0.816697
0.800948
0.780091
0.77071
0.774856
0.793354
0.821127
0.842798
0.86159
0.886713
0.904166
0.908301
0.900286
0.881999
0.857786
0.829602
0.808794
0.803118
0.805837
0.822062
0.85719
0.892809
0.922733
0.946517
0.957681
0.96189
0.9552
0.925709
0.887828
0.863064
0.853607
0.852689
0.85529
0.870499
0.912816
0.948694
0.968128
0.982019
0.988824
0.992059
0.987072
0.956601
0.918805
0.901987
0.900009
0.901933
0.907127
0.92914
0.970712
0.995173
1.00506
1.01238
1.01661
1.01789
1.0071
0.971575
0.940214
0.928044
0.926684
0.928592
0.938754
0.977273
1.0136
1.02697
1.03098
1.03298
1.03395
1.03092
1.00338
0.959173
0.93331
0.92554
0.924368
0.938567
0.981054
1.01113
1.02373
1.02021
1.07595
2.39299
11.6483
0.796653
0.796075
0.783817
0.773265
0.762724
0.748774
0.729113
0.718724
0.720335
0.73487
0.76623
0.795514
0.821707
0.852617
0.872361
0.876613
0.86755
0.847152
0.821772
0.790564
0.762328
0.75124
0.751338
0.757432
0.779314
0.821533
0.869297
0.908529
0.927926
0.934121
0.933607
0.917253
0.87402
0.825928
0.803055
0.7985
0.800352
0.805054
0.819037
0.867229
0.925756
0.953906
0.963398
0.967717
0.967046
0.954787
0.9157
0.872082
0.854225
0.851759
0.853549
0.858766
0.875824
0.925915
0.968779
0.98335
0.988677
0.99109
0.990908
0.984152
0.953975
0.920267
0.906338
0.904214
0.905161
0.907349
0.924366
0.969559
1.0021
1.01235
1.01523
1.01617
1.01752
1.01244
0.981471
0.947645
0.932762
0.927865
0.925997
0.931377
0.967559
1.0093
1.02662
1.03138
1.03322
1.03423
1.0328
1.01012
0.963816
0.933189
0.923459
0.921261
0.933821
0.975439
1.00664
1.01232
1.07657
2.4698
11.6828
0.825495
0.837527
0.825246
0.798916
0.769102
0.739635
0.718406
0.710832
0.71119
0.714391
0.724582
0.75966
0.820175
0.865593
0.885616
0.89248
0.894804
0.886153
0.849771
0.792244
0.759431
0.750335
0.750597
0.754162
0.762314
0.788372
0.858622
0.912982
0.930579
0.936425
0.936328
0.920049
0.881908
0.838115
0.810341
0.802043
0.802589
0.807275
0.819816
0.848303
0.906442
0.948993
0.961887
0.964996
0.957535
0.9427
0.925944
0.899059
0.870678
0.859903
0.860399
0.867177
0.880565
0.90157
0.939852
0.970122
0.981256
0.98418
0.98382
0.982261
0.97895
0.957266
0.925778
0.909206
0.905764
0.908124
0.913504
0.928911
0.967928
0.997953
1.00911
1.01487
1.01946
1.02151
1.0172
0.987395
0.948489
0.928749
0.924339
0.925075
0.930828
0.963928
1.00745
1.02746
1.0332
1.03505
1.03575
1.03382
1.01426
0.966845
0.931329
0.919212
0.917129
0.93098
0.972285
0.992907
1.06657
2.54706
11.7117
0.828168
0.842446
0.841024
0.828841
0.787299
0.744161
0.721434
0.713774
0.714235
0.719069
0.730203
0.749992
0.796341
0.857958
0.885716
0.892375
0.891678
0.875255
0.843312
0.807495
0.774885
0.760805
0.759686
0.764889
0.777306
0.799799
0.835875
0.887398
0.915761
0.922549
0.91705
0.901538
0.884778
0.862531
0.836416
0.821125
0.818879
0.825311
0.840742
0.85992
0.881103
0.912515
0.934561
0.939521
0.936084
0.931975
0.929589
0.924732
0.906973
0.887653
0.881395
0.884444
0.890321
0.894645
0.902592
0.9291
0.957106
0.970276
0.974684
0.975691
0.976744
0.97848
0.967851
0.940079
0.92217
0.917101
0.915935
0.916466
0.923881
0.959369
0.996636
1.01269
1.01716
1.01796
1.01965
1.01929
0.995909
0.955664
0.934137
0.927616
0.92618
0.928622
0.958941
1.00546
1.02764
1.03338
1.03409
1.03336
1.03172
1.01639
0.969587
0.930348
0.916332
0.913585
0.929792
0.960515
1.0441
2.611
11.7279
0.810503
0.829125
0.824925
0.816824
0.802414
0.773749
0.744895
0.731834
0.730718
0.735428
0.744727
0.757643
0.774446
0.811272
0.851151
0.865382
0.864193
0.856185
0.846381
0.83143
0.809346
0.789614
0.782559
0.785522
0.798094
0.815443
0.827896
0.842346
0.867243
0.883995
0.887888
0.886039
0.883782
0.881127
0.871872
0.858349
0.851497
0.854096
0.8617
0.867386
0.870505
0.873317
0.882281
0.89891
0.914122
0.922779
0.926733
0.929682
0.933814
0.934056
0.924016
0.911266
0.902401
0.897268
0.894286
0.893884
0.906893
0.936247
0.958234
0.969666
0.978897
0.986373
0.990231
0.985222
0.959289
0.932748
0.919314
0.915869
0.916589
0.920485
0.948319
0.987422
1.00605
1.01506
1.0216
1.02449
1.02405
1.00227
0.959952
0.933448
0.92535
0.924899
0.927238
0.954918
1.00196
1.02444
1.02978
1.03123
1.03154
1.03055
1.01764
0.972326
0.92992
0.91252
0.910183
0.92084
1.01209
2.64634
11.7325
0.763508
0.797869
0.805333
0.808521
0.809919
0.806849
0.787391
0.765053
0.755625
0.755912
0.761977
0.77079
0.775284
0.778884
0.790972
0.814707
0.832888
0.841696
0.845237
0.847426
0.846079
0.834284
0.822195
0.818848
0.822241
0.826668
0.828809
0.82389
0.818272
0.825613
0.847418
0.867718
0.87857
0.8846
0.89454
0.902658
0.902714
0.894144
0.884059
0.874761
0.863524
0.849446
0.842732
0.849133
0.87413
0.903022
0.920982
0.935259
0.954516
0.967006
0.968034
0.951903
0.925555
0.903253
0.886053
0.875398
0.875113
0.886862
0.923071
0.95884
0.978192
0.989083
1.00005
1.00665
1.00375
0.975313
0.940045
0.92096
0.911711
0.908131
0.91089
0.938727
0.987835
1.01366
1.02064
1.02297
1.02466
1.02551
1.00828
0.965064
0.935288
0.925471
0.924208
0.92573
0.950704
0.998986
1.02398
1.03019
1.03057
1.02985
1.02856
1.0167
0.975258
0.93159
0.910013
0.897273
0.973457
2.63617
11.7259
0.722672
0.73907
0.771913
0.797198
0.808549
0.81448
0.820503
0.817371
0.802207
0.788554
0.782377
0.780784
0.776253
0.762388
0.754789
0.759268
0.782828
0.817069
0.841247
0.853535
0.862563
0.872168
0.874186
0.863995
0.849095
0.835683
0.822234
0.805512
0.790822
0.788836
0.798423
0.829212
0.863436
0.889358
0.913362
0.934436
0.942443
0.938552
0.918648
0.891259
0.861728
0.835569
0.822991
0.82247
0.829692
0.858786
0.902541
0.942184
0.970997
0.985353
0.990481
0.988304
0.963212
0.91898
0.884687
0.870675
0.867827
0.869239
0.878809
0.917702
0.963983
0.992966
1.00876
1.01499
1.01711
1.01032
0.975546
0.931424
0.910148
0.906367
0.907519
0.911639
0.938513
0.986181
1.01132
1.01996
1.02548
1.02818
1.02772
1.01103
0.967715
0.935765
0.924985
0.923748
0.925837
0.950183
0.995736
1.01989
1.02609
1.02689
1.02646
1.02554
1.01506
0.978999
0.935948
0.900572
0.93908
2.57763
11.7135
0.704846
0.703588
0.718507
0.7595
0.79913
0.823502
0.840206
0.850075
0.850774
0.834097
0.808457
0.787307
0.769036
0.751964
0.741762
0.740731
0.745143
0.766828
0.809777
0.847261
0.874387
0.895902
0.905893
0.906763
0.891153
0.860238
0.826879
0.798563
0.7832
0.780532
0.782685
0.790025
0.819552
0.873289
0.920076
0.945139
0.954735
0.958976
0.955172
0.928047
0.872971
0.834361
0.821797
0.821452
0.824189
0.830987
0.863564
0.932399
0.974318
0.987457
0.992157
0.993181
0.985635
0.95156
0.900612
0.87299
0.866405
0.867407
0.871211
0.884722
0.936571
0.990932
1.00873
1.01389
1.01477
1.01134
1.00181
0.967067
0.927686
0.910913
0.908197
0.909893
0.913357
0.938224
0.990657
1.01971
1.0267
1.0281
1.02827
1.02626
1.0113
0.972104
0.939547
0.927575
0.92554
0.925474
0.94381
0.988728
1.01541
1.02274
1.02391
1.02379
1.02323
1.01499
0.984309
0.929534
0.931008
2.47559
11.7165
0.702162
0.699925
0.704712
0.716887
0.759803
0.816179
0.845521
0.855981
0.860377
0.86227
0.852968
0.81875
0.776389
0.751841
0.742444
0.74151
0.743972
0.749487
0.766007
0.816805
0.872857
0.899788
0.90839
0.912019
0.911485
0.894167
0.846723
0.804542
0.785802
0.782173
0.784493
0.790622
0.802616
0.838999
0.906753
0.944706
0.954936
0.957345
0.950535
0.928294
0.89267
0.852514
0.831279
0.827154
0.829965
0.83813
0.856696
0.901202
0.957172
0.980439
0.986169
0.98365
0.97424
0.960914
0.932489
0.893855
0.876298
0.874679
0.880552
0.894576
0.917431
0.95721
0.990678
1.00206
1.00388
1.00222
0.998998
0.992783
0.965594
0.931082
0.915271
0.912751
0.915853
0.924365
0.947744
0.991141
1.01619
1.02304
1.02445
1.02455
1.02403
1.01418
0.978952
0.943316
0.926986
0.923282
0.923604
0.940132
0.982962
1.01158
1.02068
1.02267
1.02327
1.02254
1.01604
0.974732
0.953882
2.37471
11.7396
0.707295
0.705246
0.714169
0.724699
0.739122
0.775716
0.828493
0.853803
0.860627
0.861536
0.850811
0.830417
0.80221
0.771384
0.754543
0.750601
0.752909
0.758717
0.767606
0.783044
0.831108
0.880678
0.898625
0.901595
0.896584
0.885822
0.870048
0.837791
0.80841
0.797464
0.797988
0.803435
0.813236
0.828644
0.862727
0.911578
0.933895
0.937102
0.932502
0.925145
0.913876
0.888691
0.85976
0.846459
0.846417
0.854388
0.867521
0.882576
0.912108
0.946593
0.961857
0.964164
0.961008
0.955916
0.949599
0.933002
0.909192
0.898745
0.900177
0.906037
0.910165
0.918013
0.945593
0.975143
0.988398
0.992163
0.99177
0.990661
0.989559
0.975728
0.949251
0.933386
0.92887
0.927975
0.927954
0.939856
0.979052
1.00809
1.0181
1.02064
1.02155
1.02245
1.01836
0.988086
0.948696
0.928953
0.922891
0.921058
0.933202
0.97641
1.00883
1.01954
1.02175
1.02191
1.02118
1.00351
1.00035
2.31783
11.7699
0.730297
0.723652
0.728359
0.732815
0.739144
0.747727
0.776001
0.817876
0.837427
0.840318
0.838723
0.837997
0.832556
0.813215
0.78673
0.771144
0.767854
0.771108
0.779079
0.788254
0.796976
0.823017
0.857782
0.875484
0.880841
0.882617
0.883895
0.877147
0.851079
0.826378
0.817766
0.819369
0.82707
0.835132
0.840566
0.854847
0.885196
0.907299
0.916404
0.919503
0.920956
0.918296
0.903378
0.884425
0.87572
0.875718
0.879124
0.882017
0.88376
0.892
0.914702
0.936009
0.946887
0.951004
0.95424
0.958146
0.956558
0.943833
0.92894
0.9185
0.91202
0.908785
0.908355
0.922607
0.952794
0.973764
0.983365
0.990734
0.999201
1.00396
0.998436
0.971999
0.944496
0.928943
0.923431
0.923008
0.930391
0.965355
0.999573
1.01419
1.0206
1.02553
1.0277
1.02506
0.997127
0.95252
0.926677
0.918696
0.917033
0.927517
0.971962
1.00656
1.01756
1.01945
1.02011
1.01035
1.03833
2.31615
11.8012
0.768134
0.746239
0.742079
0.742359
0.746366
0.749604
0.7513
0.757468
0.783001
0.812054
0.829371
0.836843
0.840888
0.844147
0.83625
0.814721
0.797639
0.790857
0.79074
0.792444
0.789068
0.786084
0.7956
0.828124
0.860783
0.878084
0.884366
0.888201
0.890277
0.878766
0.859128
0.847468
0.843526
0.841649
0.833204
0.825255
0.829129
0.85534
0.889632
0.910411
0.920658
0.928775
0.9367
0.935536
0.920032
0.902434
0.88989
0.879051
0.867242
0.860187
0.864495
0.889698
0.924256
0.946172
0.959135
0.973677
0.986402
0.988186
0.971794
0.943215
0.918632
0.900775
0.889738
0.888925
0.901432
0.9374
0.971059
0.991425
1.00609
1.01907
1.02448
1.01811
0.984745
0.946278
0.925127
0.915015
0.911466
0.916778
0.952051
0.995767
1.01737
1.0252
1.02914
1.03133
1.02991
1.00372
0.954092
0.924227
0.91539
0.913617
0.92388
0.969477
1.00362
1.01438
1.01696
1.00882
1.05908
2.35208
11.8359
0.807953
0.794178
0.773734
0.761852
0.756089
0.747211
0.733395
0.728456
0.732705
0.757629
0.800639
0.830879
0.845733
0.856567
0.865331
0.865685
0.847835
0.821156
0.801146
0.787778
0.777349
0.769607
0.769369
0.776886
0.810361
0.854799
0.881169
0.89549
0.908316
0.915774
0.910844
0.887578
0.86198
0.840802
0.823314
0.8116
0.808912
0.813094
0.837451
0.880617
0.914749
0.938097
0.956601
0.965685
0.965009
0.944838
0.913493
0.883997
0.860488
0.847309
0.844917
0.849309
0.873993
0.918307
0.957133
0.986284
1.00353
1.00921
1.00805
0.984297
0.93879
0.90148
0.884993
0.880357
0.88091
0.889946
0.9286
0.978271
1.01156
1.02793
1.03347
1.03465
1.02418
0.982335
0.934875
0.911706
0.906156
0.905747
0.91077
0.949671
1.00105
1.02371
1.03118
1.03411
1.03415
1.02973
1.00244
0.951409
0.92026
0.911677
0.910441
0.923528
0.967859
0.999225
1.01074
1.00527
1.0659
2.41451
11.8743
0.8281
0.837519
0.823519
0.793627
0.764213
0.74055
0.726456
0.721826
0.722756
0.726822
0.746418
0.794098
0.83794
0.863235
0.878473
0.886192
0.887548
0.869994
0.830163
0.794723
0.774755
0.766898
0.766667
0.769188
0.775182
0.801942
0.853738
0.895114
0.917577
0.928297
0.932927
0.928932
0.899912
0.85632
0.825583
0.81165
0.808569
0.810172
0.813849
0.831522
0.882415
0.93507
0.961773
0.970877
0.974655
0.974657
0.955506
0.906666
0.86495
0.847321
0.844428
0.846264
0.850767
0.874415
0.938595
0.987814
1.00463
1.00998
1.01214
1.00761
0.975961
0.922046
0.888665
0.878802
0.878964
0.881648
0.893487
0.948727
1.00828
1.02746
1.0322
1.03253
1.02827
1.01453
0.969838
0.924903
0.907415
0.9048
0.906361
0.916695
0.964714
1.01481
1.03071
1.03301
1.03228
1.02974
1.02373
0.997593
0.948724
0.918353
0.910235
0.909361
0.926294
0.966772
0.994434
0.996815
1.06497
2.48607
11.9109
0.831454
0.843758
0.845796
0.837875
0.79834
0.750824
0.728696
0.723477
0.72454
0.728311
0.734883
0.750303
0.800021
0.855985
0.880373
0.887397
0.890424
0.887646
0.86733
0.821118
0.785105
0.770726
0.768547
0.770736
0.775496
0.783734
0.809051
0.870902
0.914914
0.92821
0.931737
0.928052
0.914945
0.887185
0.849302
0.822836
0.813256
0.813234
0.816669
0.822861
0.84126
0.90133
0.953118
0.96891
0.972669
0.969164
0.957743
0.934888
0.892947
0.860861
0.850971
0.851795
0.857095
0.868724
0.901328
0.961947
0.994931
1.00328
1.00368
0.999039
0.990104
0.959595
0.911804
0.888288
0.884696
0.888946
0.902144
0.92707
0.972613
1.00927
1.02051
1.02208
1.02029
1.0157
1.00272
0.962293
0.926524
0.914816
0.915383
0.920822
0.933355
0.974985
1.01336
1.02508
1.02614
1.02408
1.02079
1.01689
0.996864
0.951821
0.922069
0.913304
0.91182
0.927667
0.963475
0.977675
1.05364
2.55917
11.9341
0.820536
0.842095
0.840731
0.831945
0.816576
0.787481
0.753928
0.737894
0.735038
0.737088
0.741085
0.74837
0.76375
0.808744
0.855828
0.873585
0.876943
0.874722
0.869943
0.857945
0.82432
0.794013
0.782265
0.781971
0.786519
0.794866
0.806319
0.827644
0.872717
0.903981
0.913045
0.914256
0.914948
0.912918
0.892205
0.854052
0.829166
0.823005
0.825879
0.833913
0.845047
0.862088
0.904994
0.94139
0.953027
0.954648
0.954473
0.952122
0.933971
0.896108
0.870967
0.865396
0.869274
0.877265
0.886805
0.911938
0.956421
0.981386
0.988256
0.988372
0.984972
0.977366
0.953595
0.921448
0.907402
0.907767
0.913466
0.917486
0.928275
0.963873
0.996832
1.00922
1.01155
1.00924
1.00427
0.995726
0.970161
0.944481
0.932933
0.93004
0.930658
0.934956
0.967198
1.00273
1.01577
1.01778
1.01656
1.01479
1.01328
1.00136
0.961728
0.928082
0.914305
0.910514
0.922449
0.945808
1.03061
2.62356
11.9413
0.777067
0.816914
0.822337
0.82464
0.826132
0.824114
0.802708
0.768847
0.750698
0.747439
0.750965
0.761292
0.769092
0.774087
0.793886
0.830041
0.853556
0.863267
0.866722
0.869007
0.865444
0.840655
0.813228
0.801726
0.800867
0.804798
0.809113
0.811989
0.81948
0.849259
0.884479
0.90328
0.910304
0.912545
0.911832
0.899416
0.871441
0.85173
0.845555
0.846202
0.848725
0.850211
0.854691
0.883914
0.922309
0.942058
0.949114
0.951669
0.952268
0.941436
0.915262
0.895849
0.888516
0.887372
0.888585
0.889619
0.899432
0.933715
0.962668
0.974877
0.978787
0.980964
0.9817
0.971227
0.950239
0.93385
0.923669
0.917989
0.917312
0.920465
0.945156
0.978059
0.994338
0.999316
1.00131
1.00528
1.00893
0.99743
0.968348
0.943899
0.93151
0.928096
0.92894
0.951832
0.986774
1.00461
1.01063
1.01408
1.01717
1.01814
1.0101
0.973449
0.932142
0.909944
0.903172
0.903229
0.995875
2.66685
11.9317
0.730236
0.761112
0.797453
0.819532
0.82736
0.830383
0.831043
0.819309
0.793941
0.776785
0.77181
0.772821
0.772281
0.764476
0.761597
0.770172
0.803678
0.841009
0.861255
0.869582
0.874491
0.878263
0.868189
0.843475
0.825248
0.81653
0.810874
0.803192
0.798448
0.801435
0.825697
0.869084
0.89652
0.907661
0.916224
0.925116
0.924675
0.902531
0.874922
0.857879
0.847707
0.84006
0.836505
0.839687
0.864633
0.908773
0.936244
0.947714
0.955012
0.963789
0.964753
0.944522
0.916848
0.898092
0.88579
0.877374
0.874736
0.8819
0.914273
0.951787
0.972623
0.983542
0.993715
1.00194
0.998597
0.97483
0.944683
0.922992
0.910555
0.90386
0.904702
0.92458
0.961934
0.987489
1.00295
1.01823
1.02873
1.03061
1.01545
0.976067
0.941739
0.924243
0.916369
0.915191
0.933196
0.973533
1.0008
1.01338
1.02083
1.02494
1.0253
1.01749
0.980444
0.931679
0.902707
0.881053
0.950514
2.66422
11.9108
0.713147
0.716009
0.739845
0.784675
0.81514
0.828854
0.839806
0.849095
0.848315
0.827041
0.798336
0.778227
0.766978
0.75846
0.751388
0.750631
0.755738
0.784876
0.831529
0.863063
0.881494
0.895701
0.902037
0.896742
0.868635
0.836781
0.814113
0.79935
0.789841
0.786725
0.7892
0.808373
0.85704
0.899879
0.925255
0.940873
0.948264
0.948084
0.924411
0.884798
0.854643
0.83821
0.830621
0.828758
0.831186
0.850619
0.897437
0.937264
0.962599
0.978502
0.985322
0.984489
0.961405
0.92251
0.891925
0.875316
0.867935
0.866263
0.870425
0.898801
0.944694
0.980113
1.00362
1.01632
1.02024
1.01529
0.98508
0.942372
0.911805
0.897512
0.891995
0.892481
0.90864
0.954003
0.998847
1.02503
1.03642
1.04
1.03937
1.0207
0.973593
0.931072
0.91169
0.905406
0.904455
0.921548
0.9723
1.01043
1.02483
1.02947
1.02991
1.02851
1.01727
0.976775
0.925272
0.881296
0.920119
2.60974
11.8909
0.712223
0.711764
0.715867
0.729385
0.771104
0.817881
0.846462
0.860276
0.866871
0.867785
0.847895
0.806946
0.774918
0.75854
0.750867
0.749745
0.751753
0.755442
0.775254
0.828705
0.878395
0.901193
0.909607
0.913756
0.911014
0.881678
0.835998
0.80355
0.788643
0.785326
0.78699
0.790456
0.805299
0.861179
0.919368
0.942569
0.949575
0.95312
0.952944
0.93069
0.883089
0.846687
0.830875
0.827636
0.829312
0.832782
0.848021
0.903697
0.958039
0.978926
0.985219
0.988282
0.986524
0.964191
0.919954
0.884174
0.867277
0.863541
0.865121
0.869125
0.896824
0.961123
1.00349
1.01616
1.02039
1.02154
1.01609
0.98274
0.932365
0.899923
0.890017
0.889851
0.891814
0.909571
0.97287
1.02183
1.03566
1.0388
1.03918
1.03573
1.0144
0.961353
0.918296
0.90407
0.902063
0.903735
0.929883
0.991176
1.02297
1.029
1.02902
1.02777
1.02193
1.00544
0.964984
0.905473
0.913643
2.517
11.8934
0.716816
0.713106
0.715904
0.720262
0.730937
0.772499
0.831378
0.859766
0.867409
0.869444
0.865325
0.845524
0.806675
0.773298
0.756395
0.751349
0.752396
0.755325
0.76102
0.781494
0.843236
0.893529
0.908763
0.912659
0.911267
0.902604
0.873162
0.827459
0.798027
0.789538
0.790295
0.79536
0.805299
0.82439
0.876463
0.926752
0.944663
0.949159
0.949086
0.943864
0.922215
0.877289
0.843479
0.832333
0.832504
0.836956
0.847306
0.868167
0.918869
0.962796
0.97803
0.981991
0.982432
0.98025
0.960843
0.913256
0.877668
0.866914
0.867455
0.873084
0.885217
0.918363
0.97524
1.00548
1.01334
1.01503
1.01397
1.00872
0.973378
0.921505
0.897005
0.893292
0.896399
0.906796
0.936108
0.991686
1.0236
1.0312
1.03216
1.03047
1.02465
0.99999
0.948827
0.916127
0.90798
0.909417
0.918113
0.952226
1.00212
1.02168
1.0242
1.02253
1.01689
1.009
0.993297
0.94233
0.936819
2.42457
11.9226
0.734629
0.721024
0.723572
0.729017
0.73659
0.745595
0.775707
0.824407
0.84921
0.855495
0.85717
0.858881
0.851089
0.816079
0.778135
0.761401
0.759441
0.763706
0.77295
0.782797
0.79803
0.842566
0.88254
0.895617
0.89822
0.89905
0.89706
0.874985
0.83456
0.810219
0.804648
0.807354
0.812544
0.817874
0.830082
0.873469
0.918108
0.935148
0.938663
0.938534
0.936722
0.921126
0.882252
0.85434
0.846897
0.849397
0.855114
0.859736
0.871651
0.913859
0.955329
0.971115
0.974957
0.97468
0.970984
0.954542
0.915829
0.88918
0.882769
0.88557
0.890001
0.89494
0.919383
0.969565
0.998513
1.00654
1.00774
1.00525
0.996604
0.965221
0.927366
0.912012
0.911397
0.915225
0.919381
0.940081
0.987308
1.01591
1.02304
1.02281
1.0174
1.0082
0.989504
0.955327
0.931936
0.924212
0.923617
0.926629
0.955501
0.995249
1.01027
1.01117
1.0072
1.00175
0.997372
0.974136
0.977199
2.36682
11.9643
0.772444
0.741847
0.737344
0.738078
0.741007
0.74379
0.746452
0.76081
0.802326
0.837408
0.851764
0.856288
0.8579
0.852525
0.826739
0.796073
0.781517
0.778782
0.78072
0.783275
0.784793
0.790879
0.823145
0.865264
0.886528
0.89405
0.896878
0.897888
0.885701
0.854859
0.831329
0.821987
0.820159
0.821531
0.824434
0.829735
0.855885
0.897324
0.921412
0.930576
0.934012
0.936329
0.930522
0.903857
0.878079
0.865714
0.861364
0.860615
0.862116
0.867361
0.897803
0.939132
0.959695
0.966589
0.96957
0.972607
0.966537
0.937624
0.910272
0.897472
0.893027
0.892296
0.893667
0.911226
0.956114
0.985637
0.99532
0.997838
0.999382
0.998557
0.981327
0.951051
0.930845
0.92162
0.91887
0.919275
0.934537
0.976413
1.00159
1.00789
1.00712
1.00641
1.00669
1.00414
0.982314
0.950228
0.931215
0.92639
0.926646
0.946578
0.979797
0.994716
0.99723
0.995141
0.99259
0.980615
1.02371
2.37192
12.0081
0.818037
0.791869
0.763768
0.750003
0.744602
0.74101
0.736432
0.735819
0.744761
0.784004
0.827768
0.846877
0.853145
0.859868
0.865809
0.855472
0.823898
0.798117
0.785528
0.781231
0.780187
0.777768
0.780282
0.804052
0.850603
0.881121
0.893726
0.900405
0.907263
0.906863
0.882529
0.851695
0.834404
0.827089
0.822315
0.816338
0.816835
0.835592
0.881414
0.915942
0.931514
0.940762
0.950202
0.952228
0.930484
0.895583
0.872943
0.862695
0.857539
0.853445
0.855682
0.881283
0.928108
0.957395
0.971022
0.980949
0.989492
0.98767
0.957845
0.91975
0.898662
0.891481
0.890027
0.889318
0.900364
0.941269
0.976363
0.992884
1.00337
1.01355
1.01728
1.0025
0.963952
0.932491
0.919778
0.91806
0.918029
0.925703
0.958964
0.986951
0.999492
1.00866
1.02143
1.02658
1.02255
0.994093
0.953086
0.930469
0.923932
0.922304
0.929682
0.958056
0.980689
0.990893
0.99594
0.988477
1.04848
2.41925
12.0043
0.83616
0.839745
0.813981
0.778425
0.754545
0.739306
0.731315
0.730061
0.7322
0.738372
0.76985
0.818995
0.851216
0.869683
0.879048
0.882453
0.875725
0.843068
0.809363
0.789204
0.777017
0.770564
0.769766
0.772824
0.790545
0.837747
0.878509
0.903724
0.919329
0.925585
0.925523
0.903175
0.865752
0.838441
0.819523
0.808956
0.806839
0.809412
0.823725
0.869228
0.914678
0.944488
0.961099
0.967126
0.967536
0.947251
0.907021
0.875705
0.855057
0.845177
0.844303
0.847926
0.870395
0.921064
0.962805
0.987942
0.998788
1.00212
0.999124
0.968882
0.926882
0.899901
0.885001
0.879654
0.880879
0.891132
0.931393
0.97653
1.00646
1.02068
1.02471
1.02508
1.01117
0.972249
0.938521
0.919091
0.907997
0.905633
0.912042
0.94464
0.984514
1.0131
1.02777
1.0316
1.03158
1.0272
1.00089
0.959637
0.929947
0.911364
0.903791
0.908633
0.9439
0.982432
1.00325
0.99812
1.06371
2.47993
12.0116
0.830478
0.841754
0.842725
0.829998
0.797476
0.764964
0.744817
0.736632
0.735601
0.737367
0.741186
0.759963
0.808177
0.852891
0.872824
0.879964
0.883339
0.882232
0.861526
0.826023
0.796028
0.779391
0.773862
0.774324
0.776916
0.786159
0.823956
0.878104
0.910855
0.922332
0.926788
0.928743
0.917045
0.882442
0.844858
0.821117
0.812266
0.811664
0.814092
0.822069
0.85967
0.917722
0.951632
0.963014
0.967559
0.969211
0.956831
0.917926
0.876853
0.854733
0.848637
0.849197
0.852158
0.867519
0.918695
0.969902
0.991427
0.998453
1.00177
1.00014
0.976514
0.931984
0.898386
0.885536
0.883612
0.885355
0.892367
0.927828
0.980551
1.00939
1.01893
1.02272
1.02333
1.01451
0.981125
0.939609
0.915291
0.908128
0.907777
0.911377
0.939926
0.989466
1.01786
1.02671
1.02892
1.02909
1.0263
1.00835
0.963906
0.922517
0.905087
0.90037
0.906966
0.947267
0.985523
0.990717
1.06396
2.55683
12.0379
)
;

boundaryField
{
    back
    {
        type            empty;
    }
    outlet
    {
        type            zeroGradient;
    }
    top
    {
        type            zeroGradient;
    }
    inlet
    {
        type            fixedValue;
        value           uniform 1;
    }
    bottom
    {
        type            zeroGradient;
    }
    front
    {
        type            empty;
    }
}


// ************************************************************************* //
