/*--------------------------------*- C++ -*----------------------------------*\
  =========                 |
  \\      /  F ield         | OpenFOAM: The Open Source CFD Toolbox
   \\    /   O peration     | Website:  https://openfoam.org
    \\  /    A nd           | Version:  12
     \\/     M anipulation  |
\*---------------------------------------------------------------------------*/
FoamFile
{
    format      ascii;
    class       volScalarField;
    location    "9.4";
    object      p;
}
// * * * * * * * * * * * * * * * * * * * * * * * * * * * * * * * * * * * * * //

dimensions      [1 -1 -2 0 0 0 0];

internalField   nonuniform List<scalar> 
9801
(
0.637776
0.643946
0.653968
0.661167
0.665912
0.669838
0.673243
0.675996
0.675973
0.675803
0.677988
0.681295
0.68784
0.698183
0.706176
0.711324
0.715456
0.71925
0.722337
0.722154
0.7219
0.724181
0.727746
0.734323
0.745494
0.754571
0.760427
0.764891
0.768977
0.772029
0.770901
0.770983
0.773749
0.777785
0.78469
0.797053
0.807217
0.81345
0.818106
0.822664
0.824271
0.821348
0.822367
0.826192
0.830885
0.840418
0.855439
0.866204
0.872806
0.87776
0.881874
0.87942
0.875432
0.878034
0.882952
0.889391
0.903724
0.921634
0.933042
0.940231
0.94624
0.949206
0.942
0.937433
0.941024
0.94766
0.958681
0.980643
1.00147
1.0132
1.02099
1.02814
1.02704
1.01341
1.0107
1.01753
1.02853
1.05307
1.08489
1.10543
1.1183
1.12869
1.13494
1.11977
1.10451
1.11067
1.12646
1.15959
1.21236
1.25208
1.27913
1.30446
1.32436
1.31826
1.31028
1.33033
1.3949
2.50506
8.30846
0.64375
0.650529
0.661487
0.66877
0.673115
0.676485
0.679295
0.681353
0.681434
0.681892
0.68416
0.687284
0.693844
0.70518
0.713486
0.718549
0.722408
0.72571
0.728034
0.727451
0.727388
0.729655
0.733015
0.739537
0.751851
0.761525
0.76738
0.771696
0.775422
0.777831
0.776348
0.776115
0.778579
0.782232
0.789001
0.802541
0.813463
0.819883
0.824614
0.828846
0.830316
0.827374
0.827738
0.83089
0.835051
0.843819
0.859647
0.871262
0.878174
0.883315
0.887615
0.886202
0.882156
0.883761
0.887925
0.89337
0.906377
0.925054
0.937268
0.944856
0.950932
0.954615
0.948591
0.943444
0.946163
0.952125
0.961356
0.982823
1.0045
1.01656
1.0246
1.03193
1.0324
1.01996
1.01614
1.0221
1.03144
1.05143
1.08332
1.10589
1.12004
1.13154
1.14103
1.12948
1.11205
1.11526
1.12918
1.15393
1.20094
1.24126
1.26971
1.29626
1.31826
1.31353
1.29852
1.30499
1.3208
2.36402
8.4038
0.646695
0.655056
0.665463
0.671208
0.674966
0.678082
0.680774
0.682729
0.683253
0.684539
0.687153
0.690322
0.696855
0.708584
0.716676
0.721307
0.724834
0.727823
0.729656
0.728959
0.729489
0.732058
0.735524
0.742143
0.75502
0.764798
0.770343
0.774396
0.777891
0.77986
0.777877
0.777618
0.780205
0.783957
0.79089
0.805115
0.816535
0.822975
0.827666
0.831797
0.833396
0.829798
0.829258
0.832198
0.836369
0.844517
0.860749
0.873531
0.880886
0.886253
0.891053
0.891745
0.886641
0.886297
0.889771
0.89475
0.905667
0.925055
0.938843
0.946993
0.953278
0.958097
0.954457
0.947778
0.949102
0.954428
0.961778
0.979272
1.00313
1.01728
1.02604
1.03381
1.03719
1.02665
1.02033
1.02459
1.03318
1.04671
1.07833
1.10687
1.12287
1.13458
1.14492
1.13885
1.11887
1.1173
1.13039
1.14871
1.18735
1.2348
1.26887
1.2962
1.32189
1.32185
1.30708
1.31178
1.31198
2.29668
8.40611
0.650296
0.658093
0.668048
0.674229
0.678143
0.681363
0.684189
0.686181
0.686825
0.688324
0.690927
0.694018
0.700049
0.711534
0.719631
0.724332
0.727957
0.731072
0.732948
0.732352
0.733107
0.735757
0.739175
0.745306
0.758
0.767842
0.773335
0.777409
0.78098
0.78301
0.781006
0.780803
0.783535
0.787352
0.793885
0.808196
0.820167
0.82662
0.831217
0.835179
0.83666
0.832737
0.831871
0.834986
0.839434
0.846699
0.862997
0.87752
0.885325
0.890695
0.89542
0.896511
0.889766
0.887827
0.891271
0.896547
0.905855
0.925895
0.942369
0.951227
0.957531
0.962778
0.961122
0.951874
0.950804
0.95592
0.963014
0.976855
1.00306
1.02071
1.03021
1.03807
1.04378
1.03597
1.02409
1.02563
1.03418
1.04509
1.07036
1.10395
1.12375
1.13615
1.14737
1.14979
1.13113
1.12103
1.13036
1.14735
1.17331
1.21694
1.25486
1.28438
1.31263
1.32536
1.31382
1.3069
1.28533
2.24338
8.43271
0.653343
0.660516
0.670855
0.67758
0.681713
0.685071
0.688026
0.690317
0.690835
0.691723
0.693977
0.696932
0.702167
0.713558
0.722609
0.727671
0.731403
0.734617
0.736895
0.736443
0.736652
0.738915
0.742101
0.746965
0.758936
0.77026
0.776409
0.780661
0.784318
0.786701
0.785059
0.784447
0.786925
0.790576
0.795806
0.808795
0.822073
0.829207
0.833929
0.837871
0.839924
0.836797
0.835688
0.838618
0.842949
0.848945
0.863638
0.879319
0.887631
0.892987
0.897512
0.89934
0.893454
0.890844
0.894159
0.899508
0.907282
0.925603
0.944066
0.953854
0.960328
0.965853
0.967006
0.95725
0.953024
0.957279
0.964275
0.974967
0.999525
1.02149
1.03267
1.04075
1.0479
1.04567
1.03108
1.02665
1.03361
1.04368
1.0609
1.09544
1.12328
1.1389
1.1511
1.16019
1.14913
1.13037
1.1293
1.14339
1.16337
1.19937
1.24116
1.27388
1.30139
1.32562
1.32584
1.31192
1.27209
2.20256
8.45687
0.656197
0.662807
0.673468
0.680934
0.685364
0.688873
0.691955
0.694532
0.69485
0.694938
0.696853
0.699743
0.704384
0.715417
0.725541
0.731173
0.735132
0.738493
0.741217
0.740912
0.740258
0.742097
0.74516
0.749265
0.759814
0.772575
0.779702
0.784258
0.788018
0.79102
0.789992
0.78835
0.790182
0.79361
0.798085
0.809153
0.823655
0.831984
0.837158
0.84141
0.844765
0.842917
0.839872
0.841637
0.845601
0.850764
0.863183
0.879949
0.889555
0.895453
0.900496
0.904275
0.900521
0.895235
0.897005
0.901939
0.908368
0.923817
0.944397
0.956034
0.962923
0.968814
0.972955
0.965795
0.957275
0.958786
0.965209
0.973654
0.993669
1.02053
1.03582
1.04459
1.05201
1.05484
1.04158
1.03133
1.03386
1.04279
1.0546
1.0815
1.1167
1.13875
1.15309
1.16533
1.16713
1.14642
1.13421
1.14011
1.15635
1.18111
1.21952
1.25439
1.28283
1.30833
1.3246
1.31933
1.27935
2.16061
8.48179
0.658973
0.66528
0.676334
0.684526
0.689127
0.692662
0.695771
0.698314
0.698238
0.697787
0.699567
0.702483
0.707089
0.717941
0.728472
0.73435
0.738433
0.741904
0.744858
0.744822
0.743408
0.744912
0.747948
0.752059
0.761805
0.774853
0.782498
0.787253
0.791183
0.794634
0.79476
0.791972
0.792824
0.795993
0.800284
0.809861
0.824895
0.834356
0.839979
0.844572
0.84877
0.849416
0.844597
0.84391
0.847071
0.851726
0.861616
0.879509
0.891496
0.898267
0.903729
0.908712
0.908547
0.901138
0.899779
0.903465
0.90885
0.919557
0.941567
0.957456
0.965549
0.971727
0.977367
0.97465
0.963873
0.961927
0.966803
0.973751
0.986069
1.01353
1.0363
1.04793
1.0559
1.06223
1.05561
1.03986
1.03585
1.04195
1.05168
1.0681
1.10248
1.13378
1.15238
1.16586
1.1767
1.16949
1.14811
1.14267
1.15163
1.16866
1.19848
1.2357
1.26545
1.2891
1.30895
1.31487
1.28798
2.1391
8.50569
0.661749
0.66759
0.679013
0.688161
0.692959
0.696436
0.699421
0.70175
0.701393
0.700614
0.702311
0.70524
0.709605
0.720311
0.731574
0.737777
0.741866
0.745267
0.748284
0.748782
0.746727
0.747582
0.750495
0.75441
0.763397
0.777009
0.785477
0.790559
0.794603
0.798245
0.79965
0.796138
0.795352
0.798065
0.80207
0.809949
0.825719
0.837325
0.843639
0.848331
0.852584
0.854797
0.849643
0.846356
0.848424
0.852755
0.860147
0.878001
0.894394
0.902852
0.908371
0.913299
0.915411
0.90807
0.903014
0.904502
0.909226
0.916423
0.93577
0.957924
0.96931
0.976118
0.982234
0.983932
0.973333
0.966353
0.967801
0.97366
0.98166
1.00182
1.03205
1.05013
1.06005
1.06789
1.07032
1.0541
1.04144
1.04258
1.05083
1.06125
1.08392
1.12021
1.14646
1.16316
1.17678
1.18542
1.17332
1.15301
1.15101
1.16191
1.18067
1.21352
1.24702
1.27198
1.29053
1.30255
1.29519
2.13478
8.52643
0.664753
0.669974
0.68113
0.691279
0.696403
0.699879
0.70277
0.705076
0.704974
0.704015
0.70545
0.708245
0.712016
0.721592
0.73401
0.740971
0.745216
0.7487
0.751855
0.753126
0.75078
0.750745
0.753229
0.756734
0.763958
0.778207
0.788349
0.793846
0.798005
0.801773
0.804231
0.801016
0.798675
0.800545
0.804236
0.810106
0.825078
0.839788
0.847266
0.852109
0.856355
0.859458
0.855307
0.849861
0.850772
0.854757
0.860241
0.874686
0.895175
0.906414
0.912442
0.917265
0.920505
0.914962
0.906548
0.906428
0.91041
0.916231
0.929034
0.954601
0.972114
0.980606
0.986839
0.990887
0.983818
0.971402
0.969222
0.973632
0.980556
0.991812
1.02057
1.04824
1.06226
1.07101
1.07821
1.07411
1.05483
1.0467
1.05006
1.05862
1.07112
1.10056
1.13554
1.15859
1.17431
1.18757
1.19162
1.17583
1.15853
1.15894
1.17055
1.19164
1.22616
1.25562
1.27483
1.28713
1.2948
2.14802
8.54607
0.667975
0.672677
0.682691
0.693814
0.699513
0.7031
0.706021
0.708534
0.70905
0.707933
0.709044
0.711599
0.714781
0.722027
0.735249
0.743805
0.74852
0.752197
0.755522
0.757561
0.755329
0.754362
0.756342
0.75947
0.764546
0.777901
0.790649
0.79713
0.801427
0.805201
0.808271
0.806284
0.802552
0.803674
0.806908
0.811289
0.822828
0.840448
0.850273
0.855563
0.859838
0.863474
0.861426
0.854686
0.854291
0.857604
0.862193
0.870986
0.891827
0.907656
0.914959
0.919954
0.924087
0.922584
0.912845
0.909755
0.91294
0.918366
0.925664
0.946302
0.970928
0.983336
0.990182
0.995544
0.996032
0.982328
0.973721
0.975253
0.981171
0.988366
1.00496
1.0379
1.06085
1.07257
1.08115
1.08766
1.07702
1.05664
1.05206
1.05782
1.06751
1.08323
1.11613
1.14739
1.16758
1.18247
1.19502
1.19692
1.17912
1.16342
1.16497
1.17657
1.19974
1.2338
1.2591
1.27302
1.28716
2.1745
8.5657
0.671397
0.675613
0.683685
0.695457
0.702104
0.706129
0.709339
0.712198
0.713692
0.712407
0.712717
0.714859
0.717674
0.722427
0.73494
0.746017
0.751734
0.755699
0.759166
0.761943
0.760564
0.758168
0.759425
0.762266
0.766002
0.776273
0.791539
0.800032
0.804815
0.808709
0.812188
0.811972
0.807265
0.806993
0.809735
0.813418
0.820427
0.83812
0.852206
0.858904
0.863407
0.867434
0.868217
0.861525
0.858604
0.860686
0.864476
0.869663
0.884912
0.90618
0.917067
0.922944
0.927952
0.930843
0.923389
0.916129
0.916888
0.920573
0.925815
0.936224
0.962373
0.982886
0.992354
0.998862
1.00443
0.999971
0.984277
0.979145
0.981699
0.987618
0.996036
1.01966
1.05308
1.07232
1.0826
1.09063
1.09407
1.07928
1.06208
1.0602
1.06627
1.0762
1.09565
1.12967
1.15753
1.17601
1.1903
1.20135
1.20032
1.18154
1.16677
1.16819
1.17902
1.20429
1.23698
1.25701
1.2761
2.2097
8.58715
0.674862
0.678642
0.684369
0.69637
0.704596
0.709229
0.712744
0.715822
0.718297
0.717498
0.716352
0.717734
0.720367
0.723936
0.734047
0.747577
0.754883
0.759196
0.762741
0.765878
0.765985
0.762386
0.762452
0.764954
0.76831
0.775037
0.790759
0.802443
0.808199
0.812249
0.815885
0.817641
0.813079
0.810473
0.812246
0.815605
0.820164
0.833542
0.852157
0.861728
0.867045
0.871361
0.874579
0.870132
0.863365
0.863089
0.865922
0.870258
0.878601
0.900457
0.9185
0.926904
0.932281
0.937091
0.935804
0.924494
0.919513
0.920825
0.925272
0.931519
0.949123
0.978306
0.994967
1.00311
1.00965
1.01355
1.00093
0.985349
0.983233
0.987822
0.994739
1.00509
1.03372
1.06494
1.08109
1.09076
1.09942
1.10227
1.08389
1.06753
1.06717
1.07443
1.08509
1.10778
1.14088
1.16572
1.18292
1.19687
1.20655
1.20346
1.1828
1.16774
1.16837
1.17792
1.20516
1.23362
1.25876
2.25007
8.60869
0.678204
0.681577
0.685424
0.696592
0.707063
0.712498
0.716209
0.719403
0.722262
0.722445
0.71984
0.720494
0.723038
0.726319
0.733706
0.748233
0.757677
0.76255
0.766177
0.769394
0.7709
0.767221
0.76567
0.767688
0.770898
0.775408
0.788448
0.803789
0.811355
0.815753
0.819447
0.822489
0.819849
0.814445
0.814699
0.817703
0.821681
0.82964
0.849015
0.863699
0.870498
0.875061
0.879098
0.879005
0.870023
0.865953
0.867968
0.871948
0.87716
0.892004
0.916608
0.930142
0.936783
0.941785
0.944785
0.935876
0.923803
0.922195
0.925888
0.931506
0.940188
0.965538
0.992719
1.00529
1.012
1.01727
1.01885
1.0033
0.9903
0.98974
0.994137
1.00113
1.01443
1.04765
1.07716
1.09204
1.10112
1.10841
1.1071
1.08778
1.07384
1.07431
1.08161
1.09314
1.11947
1.15183
1.1744
1.18996
1.20276
1.21038
1.20518
1.18275
1.16623
1.16533
1.17455
1.20188
1.23467
2.28613
8.62675
0.68128
0.684328
0.68731
0.696478
0.709008
0.715764
0.719652
0.722871
0.725787
0.726879
0.72396
0.723678
0.725945
0.729016
0.734094
0.747593
0.759812
0.765691
0.769456
0.772687
0.775114
0.772707
0.769447
0.770651
0.77366
0.777321
0.785735
0.802969
0.813909
0.819178
0.82298
0.826454
0.826778
0.820168
0.81787
0.820203
0.823848
0.828521
0.84259
0.862935
0.873214
0.878584
0.882767
0.885897
0.879972
0.871224
0.870771
0.873987
0.878506
0.885908
0.907906
0.929649
0.939152
0.944711
0.949305
0.949205
0.935571
0.927631
0.929178
0.93333
0.938578
0.949538
0.979185
1.00266
1.01309
1.02059
1.02734
1.0255
1.00588
0.994688
0.995809
1.0014
1.00886
1.02484
1.05965
1.08586
1.09885
1.10797
1.11603
1.11386
1.09278
1.07928
1.08063
1.08852
1.10191
1.13075
1.16119
1.18152
1.19589
1.20756
1.21361
1.20607
1.18174
1.1625
1.15992
1.16798
1.20434
2.30866
8.63984
0.68437
0.687046
0.689664
0.696235
0.70979
0.71864
0.723039
0.726341
0.72929
0.731168
0.728724
0.727229
0.728994
0.731877
0.735567
0.745794
0.760667
0.768442
0.772628
0.77595
0.778934
0.778767
0.774348
0.774006
0.776502
0.779793
0.78449
0.79903
0.814967
0.82235
0.826595
0.830308
0.832978
0.828308
0.822483
0.822958
0.825861
0.8297
0.837135
0.857574
0.874313
0.881633
0.886331
0.890555
0.890875
0.880368
0.874689
0.876273
0.87998
0.884746
0.896189
0.922172
0.939802
0.947759
0.953357
0.958028
0.95431
0.939194
0.932965
0.93403
0.937851
0.943768
0.96022
0.993033
1.01393
1.02332
1.02987
1.03506
1.02984
1.01048
1.0014
1.00276
1.00769
1.01519
1.03535
1.07107
1.09506
1.10749
1.11642
1.12276
1.11823
1.09818
1.08594
1.08699
1.09419
1.10881
1.13997
1.16944
1.18815
1.20091
1.21103
1.21523
1.20624
1.18046
1.15766
1.14844
1.16854
2.30073
8.65025
0.68753
0.689734
0.692243
0.696735
0.709198
0.72091
0.726451
0.729874
0.732838
0.735277
0.733985
0.731158
0.732093
0.734702
0.737858
0.744022
0.759165
0.770513
0.775803
0.779418
0.782714
0.784803
0.780944
0.777884
0.779117
0.781857
0.785383
0.794253
0.81319
0.824957
0.830485
0.834322
0.837842
0.837329
0.829123
0.826024
0.82796
0.831432
0.835936
0.849117
0.871773
0.884226
0.89033
0.894613
0.898231
0.893089
0.881729
0.879151
0.881459
0.88541
0.890889
0.907904
0.935406
0.9503
0.957505
0.963086
0.966946
0.95699
0.94041
0.93622
0.939373
0.944649
0.951362
0.971666
1.00408
1.02185
1.03053
1.03765
1.04345
1.03533
1.01459
1.0063
1.00889
1.01529
1.02362
1.04556
1.0798
1.10139
1.1132
1.12242
1.12978
1.1254
1.10354
1.09032
1.09114
1.09845
1.11455
1.14689
1.17527
1.19264
1.20446
1.21309
1.21554
1.20548
1.17821
1.14864
1.1392
2.26364
8.66047
0.690997
0.692584
0.69502
0.698415
0.707671
0.721839
0.729375
0.733266
0.736276
0.739019
0.73965
0.736117
0.735453
0.737465
0.74029
0.743939
0.755279
0.771083
0.778993
0.783187
0.786674
0.789835
0.788727
0.782639
0.781613
0.783884
0.787227
0.792168
0.807767
0.825682
0.83375
0.838155
0.841788
0.844378
0.838521
0.830709
0.830638
0.83372
0.837525
0.843514
0.86289
0.8837
0.892803
0.898084
0.902445
0.904672
0.894644
0.884311
0.883494
0.886401
0.890796
0.898102
0.92138
0.947335
0.958996
0.964983
0.96961
0.972607
0.960867
0.945806
0.943111
0.945612
0.950478
0.958259
0.982876
1.01486
1.03116
1.03914
1.04498
1.04988
1.04171
1.02202
1.01432
1.01581
1.02083
1.02943
1.05505
1.08957
1.1101
1.1213
1.12992
1.13558
1.12988
1.10858
1.09509
1.09498
1.10141
1.11785
1.15126
1.17956
1.19603
1.20653
1.2132
1.21398
1.2031
1.16842
1.13268
2.20191
8.67218
0.69518
0.695801
0.698009
0.700899
0.706423
0.720349
0.731175
0.736243
0.739657
0.742703
0.745095
0.742689
0.739374
0.74008
0.742437
0.745505
0.751987
0.768829
0.781388
0.787076
0.790623
0.793869
0.795525
0.789508
0.785051
0.786438
0.789607
0.793255
0.801595
0.821722
0.835498
0.84154
0.84543
0.849028
0.848856
0.83929
0.834608
0.836039
0.839135
0.843188
0.852639
0.876553
0.894063
0.901797
0.9068
0.911019
0.909238
0.894822
0.88759
0.889041
0.892785
0.897131
0.905736
0.932673
0.956398
0.96663
0.97327
0.979161
0.980497
0.963875
0.949116
0.947659
0.951655
0.957259
0.965297
0.991473
1.02217
1.03719
1.04601
1.05362
1.0584
1.04761
1.02607
1.01802
1.02086
1.02751
1.03772
1.06508
1.09747
1.11593
1.12661
1.13545
1.14232
1.13665
1.11303
1.09796
1.09723
1.10332
1.11981
1.15366
1.18172
1.19726
1.20654
1.21126
1.21143
1.19374
1.15308
2.14373
8.68796
0.700264
0.699424
0.700953
0.703427
0.706646
0.716884
0.731656
0.739225
0.74323
0.746502
0.749511
0.749768
0.744474
0.742921
0.744813
0.747759
0.751706
0.764017
0.781454
0.789823
0.794109
0.797478
0.800457
0.798292
0.790813
0.789712
0.7921
0.795338
0.799492
0.813275
0.834108
0.844194
0.849241
0.852941
0.856086
0.851326
0.840792
0.83857
0.841018
0.844693
0.849272
0.863513
0.889148
0.903241
0.909683
0.914383
0.918309
0.913283
0.898617
0.893344
0.894331
0.897403
0.902226
0.914825
0.945328
0.966826
0.975811
0.981139
0.985677
0.985731
0.968973
0.95586
0.954467
0.957121
0.962131
0.971731
1.00243
1.03337
1.04712
1.05413
1.05966
1.06345
1.05301
1.03309
1.02572
1.02754
1.03299
1.04347
1.07338
1.10582
1.12374
1.13392
1.14206
1.14752
1.14109
1.11743
1.10126
1.09947
1.10457
1.12031
1.15416
1.18206
1.19682
1.20454
1.20841
1.20401
1.18607
2.11711
8.70781
0.705838
0.703183
0.703373
0.70557
0.708438
0.714494
0.729897
0.741554
0.746874
0.750242
0.753241
0.755333
0.751162
0.746677
0.747561
0.750231
0.753426
0.75997
0.777549
0.791383
0.797428
0.801098
0.8044
0.806128
0.799466
0.793794
0.794528
0.797375
0.800876
0.807096
0.826416
0.844809
0.852599
0.856926
0.860556
0.8621
0.852314
0.843623
0.843679
0.846605
0.85028
0.855635
0.874546
0.899849
0.911983
0.918368
0.923415
0.926548
0.916149
0.900262
0.896723
0.899742
0.904085
0.909028
0.923665
0.954845
0.973741
0.982101
0.988752
0.994516
0.992417
0.972925
0.959716
0.959378
0.964124
0.969965
0.980109
1.01088
1.03873
1.05103
1.05895
1.06643
1.0712
1.06001
1.03864
1.03004
1.03218
1.03855
1.05033
1.0807
1.11164
1.12856
1.13857
1.14699
1.15353
1.1475
1.12227
1.10397
1.10091
1.10497
1.11923
1.1527
1.1805
1.19437
1.20167
1.20148
1.20703
2.12597
8.73061
0.710775
0.707582
0.706307
0.708427
0.711229
0.71496
0.726378
0.742071
0.74965
0.753542
0.756585
0.759322
0.758404
0.752091
0.750789
0.752852
0.755803
0.759568
0.770969
0.790067
0.799946
0.804652
0.807994
0.811111
0.80938
0.800308
0.79766
0.799805
0.803147
0.80678
0.816091
0.838806
0.853976
0.860499
0.864668
0.868321
0.866705
0.854031
0.847709
0.848638
0.851574
0.855559
0.862871
0.886455
0.910073
0.920245
0.925619
0.92977
0.932081
0.920634
0.906526
0.903801
0.905309
0.908829
0.914457
0.933542
0.965688
0.983362
0.990884
0.995683
1.00012
0.998218
0.980196
0.968149
0.967146
0.969388
0.97412
0.985967
1.0195
1.0476
1.06004
1.06721
1.07336
1.07732
1.06712
1.04598
1.03661
1.03739
1.04236
1.05349
1.08559
1.11816
1.1358
1.14565
1.15334
1.15852
1.15294
1.12716
1.10604
1.10098
1.10408
1.11669
1.14978
1.17726
1.19153
1.19415
1.21395
2.16316
8.75666
0.714926
0.713536
0.710391
0.711774
0.714317
0.717195
0.723303
0.739279
0.751406
0.756676
0.759887
0.762722
0.764453
0.759612
0.754955
0.755793
0.758497
0.761629
0.76688
0.783342
0.800241
0.807442
0.811408
0.814811
0.817206
0.810838
0.802933
0.802699
0.805126
0.808338
0.812558
0.826461
0.850285
0.862787
0.868693
0.872748
0.875952
0.869632
0.855494
0.851597
0.854096
0.857889
0.861872
0.870348
0.896476
0.9182
0.927387
0.933331
0.93854
0.939713
0.924089
0.90923
0.907484
0.911144
0.915898
0.921571
0.941217
0.972256
0.988459
0.996492
1.00325
1.00867
1.00562
0.985685
0.971706
0.970642
0.975138
0.981248
0.994363
1.02725
1.05315
1.06507
1.07317
1.08058
1.0851
1.07406
1.05096
1.03993
1.04088
1.04672
1.05892
1.09044
1.12248
1.14012
1.15015
1.1578
1.16291
1.15776
1.13146
1.10744
1.10027
1.10214
1.1135
1.14576
1.17319
1.18362
1.21099
2.21715
8.78417
0.718843
0.720755
0.715849
0.715284
0.717189
0.719814
0.723061
0.733481
0.750479
0.758961
0.76303
0.766168
0.769106
0.768574
0.761599
0.759493
0.761283
0.76404
0.76713
0.775008
0.795293
0.809223
0.815139
0.818717
0.82204
0.821881
0.811751
0.806111
0.807239
0.810393
0.813952
0.819297
0.837653
0.860293
0.870503
0.875871
0.879888
0.882299
0.873187
0.860606
0.858269
0.85993
0.862934
0.867257
0.878829
0.907317
0.92736
0.935618
0.94029
0.944191
0.945009
0.929916
0.916739
0.914966
0.916641
0.920434
0.92682
0.949786
0.981797
0.997591
1.00443
1.00891
1.01363
1.01233
0.993727
0.980021
0.978429
0.981084
0.986229
1.00045
1.03519
1.06173
1.07348
1.08014
1.08578
1.09053
1.08186
1.05886
1.04669
1.04628
1.05034
1.06022
1.09145
1.12561
1.14436
1.15424
1.16122
1.16588
1.16173
1.13595
1.10882
1.09886
1.09933
1.10917
1.14137
1.16375
1.19852
2.27479
8.80696
0.722658
0.726766
0.722893
0.71909
0.71986
0.722153
0.72483
0.729437
0.744745
0.759987
0.766594
0.770157
0.773226
0.775644
0.771134
0.764321
0.763853
0.765969
0.768947
0.772889
0.785287
0.806637
0.817637
0.822614
0.825901
0.828928
0.82474
0.813465
0.810655
0.812805
0.816064
0.819541
0.826079
0.847901
0.869062
0.878234
0.883554
0.887833
0.888995
0.876169
0.863445
0.862142
0.865409
0.869275
0.873558
0.88634
0.915513
0.933722
0.941557
0.947665
0.952838
0.95208
0.933938
0.919839
0.918679
0.922561
0.927587
0.933979
0.956608
0.986732
1.00144
1.00948
1.01639
1.02186
1.01974
0.999848
0.984296
0.982082
0.986034
0.992211
1.00679
1.03997
1.06497
1.07687
1.08572
1.09318
1.09814
1.08909
1.06407
1.04936
1.04814
1.0529
1.0631
1.0931
1.12758
1.14695
1.15687
1.16354
1.16799
1.16543
1.14083
1.10998
1.09625
1.09476
1.10496
1.13242
1.17552
2.32331
8.81945
0.726313
0.731148
0.730817
0.724922
0.723027
0.724442
0.726858
0.729824
0.737785
0.756755
0.768915
0.774043
0.777124
0.78006
0.780517
0.772241
0.767439
0.768609
0.771444
0.774538
0.779264
0.795737
0.816258
0.825478
0.83016
0.833553
0.835538
0.826875
0.816743
0.815605
0.817777
0.82098
0.824917
0.833744
0.858045
0.877309
0.885377
0.890149
0.893997
0.894431
0.881287
0.870284
0.869052
0.870631
0.873844
0.878787
0.895113
0.925456
0.942692
0.949739
0.953938
0.957683
0.957249
0.940925
0.928197
0.926536
0.928145
0.931758
0.938697
0.964119
0.995726
1.0107
1.01738
1.022
1.02687
1.02631
1.00756
0.991497
0.988419
0.990841
0.995756
1.00956
1.04498
1.07322
1.08563
1.09237
1.09781
1.10296
1.0967
1.07237
1.05622
1.05355
1.0568
1.06484
1.09249
1.12777
1.14851
1.15894
1.16548
1.16952
1.16775
1.1453
1.11141
1.09228
1.08938
1.09629
1.14499
2.34943
8.82669
0.729841
0.735004
0.73704
0.733355
0.72736
0.72714
0.72934
0.73215
0.735905
0.748311
0.767414
0.776479
0.780763
0.783825
0.786718
0.783653
0.77436
0.772248
0.773975
0.776526
0.779643
0.785992
0.806363
0.825452
0.833487
0.837834
0.841055
0.84116
0.829079
0.820174
0.82037
0.823512
0.82701
0.830732
0.840864
0.866734
0.884685
0.892327
0.897545
0.902075
0.901245
0.8849
0.873016
0.872771
0.876385
0.880604
0.885361
0.90211
0.931578
0.947344
0.954694
0.96085
0.965901
0.964821
0.947068
0.932202
0.929865
0.933495
0.938528
0.945897
0.970302
0.999865
1.0142
1.02227
1.02922
1.03493
1.03386
1.01418
0.996309
0.9924
0.996007
1.00185
1.01545
1.04848
1.07528
1.088
1.09717
1.10515
1.11073
1.10517
1.07986
1.06047
1.05594
1.05885
1.06544
1.0907
1.1275
1.14987
1.16036
1.16627
1.16975
1.1683
1.14893
1.11341
1.08955
1.07701
1.10835
2.33682
8.82704
0.732936
0.738833
0.741386
0.741982
0.734896
0.730993
0.73213
0.734485
0.737094
0.742025
0.75906
0.776695
0.784073
0.787993
0.791117
0.793023
0.785486
0.776909
0.776315
0.778743
0.781885
0.785383
0.793936
0.816483
0.833367
0.840585
0.845159
0.848609
0.846555
0.833208
0.826182
0.826479
0.828476
0.831773
0.83623
0.849414
0.876215
0.892722
0.899669
0.903832
0.907249
0.906333
0.891282
0.880913
0.880114
0.881662
0.884968
0.89037
0.909655
0.939965
0.95584
0.962468
0.966504
0.970703
0.971586
0.955965
0.94094
0.937963
0.939278
0.942707
0.949841
0.97585
1.00779
1.02313
1.03002
1.03471
1.03999
1.041
1.02339
1.00481
0.999796
1.00122
1.00533
1.01661
1.05061
1.0824
1.0973
1.10463
1.11044
1.11517
1.11071
1.0864
1.06504
1.05866
1.06063
1.06677
1.09004
1.12639
1.14954
1.16008
1.16562
1.16877
1.16765
1.15121
1.11591
1.08161
1.08066
2.28513
8.82476
0.734881
0.74272
0.7453
0.747757
0.744812
0.736618
0.734765
0.73634
0.738936
0.742132
0.75001
0.77051
0.785624
0.791736
0.795119
0.79811
0.797627
0.786781
0.780723
0.781643
0.784333
0.787311
0.79084
0.801435
0.825714
0.841452
0.848248
0.85272
0.856013
0.851653
0.836159
0.829257
0.830833
0.834498
0.838266
0.842391
0.856529
0.883559
0.898674
0.905357
0.910743
0.915264
0.913277
0.895851
0.883949
0.883583
0.887207
0.891613
0.896816
0.915322
0.944491
0.959673
0.967312
0.973686
0.978747
0.979122
0.963068
0.94566
0.941099
0.944065
0.949021
0.956511
0.980641
1.01073
1.02609
1.03494
1.04255
1.04839
1.04919
1.03138
1.01007
1.00287
1.00522
1.01071
1.0216
1.05241
1.08355
1.09876
1.10707
1.11387
1.1197
1.11769
1.0954
1.07185
1.06286
1.06327
1.06739
1.08676
1.12311
1.14776
1.15887
1.1643
1.16717
1.16575
1.15211
1.11084
1.07895
2.20488
8.83034
0.735162
0.746336
0.748928
0.751393
0.752552
0.745427
0.738794
0.739201
0.741812
0.744793
0.748349
0.758809
0.780478
0.793335
0.798939
0.802252
0.805086
0.801073
0.789144
0.785187
0.786401
0.788932
0.792237
0.796676
0.810118
0.834629
0.848512
0.854548
0.858773
0.861696
0.856317
0.842053
0.83675
0.837594
0.839629
0.842933
0.847892
0.864788
0.892163
0.906596
0.912728
0.916338
0.919736
0.918807
0.903406
0.89233
0.891153
0.892583
0.895714
0.901202
0.921838
0.95279
0.968467
0.974899
0.978744
0.982927
0.985459
0.972204
0.954325
0.949027
0.949848
0.952955
0.959435
0.984166
1.0182
1.0356
1.04307
1.04781
1.0526
1.05533
1.04136
1.01952
1.01078
1.01055
1.01334
1.0211
1.05034
1.08593
1.10484
1.11362
1.12
1.12578
1.12569
1.10457
1.07686
1.06409
1.06312
1.06682
1.08326
1.11925
1.1458
1.15747
1.16262
1.16449
1.16364
1.14544
1.11017
2.13846
8.84601
0.731247
0.747878
0.751761
0.754486
0.75715
0.756304
0.747354
0.743792
0.745218
0.747655
0.750236
0.753961
0.766976
0.789403
0.800994
0.806227
0.809423
0.811537
0.803819
0.791767
0.789439
0.791904
0.795278
0.798531
0.802543
0.81736
0.842074
0.855008
0.860931
0.865434
0.868855
0.862522
0.846506
0.840173
0.841911
0.845611
0.84943
0.853954
0.87095
0.897668
0.911118
0.917635
0.923193
0.927732
0.926338
0.909663
0.896205
0.894474
0.897845
0.902331
0.908045
0.927362
0.95629
0.971216
0.978903
0.985422
0.990681
0.9929
0.97966
0.959665
0.952189
0.954144
0.959014
0.966231
0.988695
1.02036
1.03745
1.0464
1.05401
1.0601
1.063
1.04971
1.0253
1.01304
1.01278
1.0175
1.02565
1.05138
1.0875
1.10907
1.11877
1.12461
1.12913
1.12891
1.11072
1.08192
1.06631
1.0636
1.06617
1.07994
1.11507
1.14275
1.15504
1.1596
1.16194
1.15656
1.15052
2.11852
8.86699
0.722984
0.74574
0.754355
0.758588
0.761468
0.764086
0.759884
0.750427
0.748225
0.749743
0.752323
0.755139
0.759722
0.775599
0.797466
0.807967
0.813182
0.816787
0.817867
0.807298
0.796989
0.795983
0.797658
0.800039
0.803381
0.808437
0.825509
0.849638
0.861767
0.867356
0.871132
0.874019
0.868612
0.854079
0.848285
0.848789
0.85047
0.853648
0.858839
0.877817
0.905188
0.919033
0.924992
0.928588
0.932687
0.933518
0.918735
0.905057
0.902514
0.903498
0.906268
0.911694
0.931923
0.963034
0.979636
0.986524
0.990586
0.995055
0.999151
0.989248
0.9689
0.960678
0.960746
0.963131
0.968544
0.989108
1.02414
1.04515
1.0539
1.05875
1.06344
1.06823
1.0601
1.03603
1.02192
1.01957
1.02136
1.02635
1.04809
1.08616
1.10987
1.11982
1.12574
1.13062
1.1325
1.11826
1.08839
1.06882
1.06398
1.0654
1.07601
1.10948
1.13836
1.15121
1.15687
1.1542
1.17284
2.13947
8.88914
0.717581
0.735546
0.754335
0.76227
0.766007
0.76886
0.770308
0.762108
0.753596
0.752915
0.75493
0.757553
0.760297
0.765264
0.783378
0.805318
0.815343
0.820362
0.823846
0.823891
0.811598
0.800782
0.799895
0.802827
0.806266
0.809382
0.813857
0.831604
0.855811
0.867355
0.873104
0.877969
0.881578
0.875746
0.859241
0.851463
0.852478
0.855987
0.859748
0.864385
0.882326
0.909304
0.923024
0.930177
0.936109
0.940743
0.941018
0.925454
0.909058
0.905233
0.908022
0.912421
0.918276
0.936355
0.965387
0.981861
0.990564
0.997884
1.00333
1.00673
0.996796
0.974707
0.963613
0.96388
0.968272
0.974395
0.991599
1.02369
1.0449
1.05578
1.065
1.0719
1.07629
1.06878
1.04308
1.02466
1.02047
1.02342
1.02905
1.04743
1.08387
1.11003
1.12193
1.12864
1.13402
1.13708
1.12623
1.09493
1.07063
1.06308
1.06354
1.07152
1.10328
1.13266
1.14752
1.14871
1.17887
2.19088
8.91553
0.718443
0.725862
0.74579
0.762818
0.769726
0.773368
0.776185
0.775571
0.764571
0.75782
0.757811
0.75961
0.762159
0.765342
0.771628
0.791548
0.812391
0.821577
0.826473
0.83025
0.829986
0.817662
0.808061
0.807064
0.808143
0.810201
0.813608
0.819504
0.839467
0.86351
0.874702
0.879801
0.883
0.88619
0.882714
0.867579
0.859587
0.859153
0.860301
0.863284
0.868534
0.88851
0.917486
0.931773
0.937663
0.941038
0.944533
0.946586
0.93435
0.918176
0.913594
0.91437
0.916769
0.921545
0.939113
0.971478
0.991032
0.998883
1.00316
1.00696
1.01147
1.00566
0.984614
0.97243
0.970749
0.972269
0.976345
0.9904
1.02554
1.05329
1.06509
1.07102
1.07527
1.07939
1.07605
1.05343
1.03293
1.02646
1.02701
1.03065
1.04406
1.0805
1.11193
1.12627
1.13243
1.13638
1.13852
1.13095
1.10118
1.07269
1.06178
1.06084
1.06689
1.09635
1.12687
1.13794
1.17615
2.25573
8.94158
0.720898
0.725214
0.733801
0.755414
0.770879
0.777304
0.780871
0.78351
0.780042
0.767163
0.761652
0.762674
0.76533
0.768081
0.771056
0.777164
0.798522
0.819524
0.828546
0.833208
0.837111
0.836875
0.82303
0.811081
0.809826
0.81268
0.816156
0.819667
0.825161
0.845273
0.868688
0.879231
0.884983
0.889951
0.893803
0.890109
0.872801
0.86226
0.862256
0.86557
0.869685
0.875149
0.894068
0.921085
0.934568
0.941382
0.947226
0.951966
0.954106
0.94243
0.923982
0.916853
0.918393
0.922617
0.928216
0.943659
0.973416
0.992255
1.00147
1.00884
1.01484
1.01923
1.01424
0.992602
0.976636
0.973709
0.977213
0.982712
0.994682
1.02551
1.05237
1.06524
1.07359
1.08093
1.0862
1.08461
1.06246
1.0382
1.02873
1.02937
1.03374
1.04565
1.07898
1.11092
1.12603
1.13256
1.13685
1.13968
1.13493
1.10744
1.07515
1.06005
1.05751
1.06207
1.09088
1.11499
1.16166
2.32012
8.96005
0.724109
0.728007
0.731154
0.741286
0.763991
0.778477
0.784612
0.788221
0.790483
0.783945
0.771129
0.767205
0.767975
0.769668
0.772536
0.776222
0.784221
0.807008
0.826634
0.834716
0.839058
0.84202
0.841331
0.828799
0.818366
0.817156
0.818559
0.820636
0.8241
0.830587
0.852334
0.876141
0.886715
0.891514
0.894403
0.89773
0.896264
0.881052
0.870826
0.869901
0.871251
0.873996
0.879158
0.898421
0.927265
0.942456
0.948752
0.952334
0.955939
0.959777
0.952097
0.933732
0.925586
0.92533
0.926984
0.931048
0.944698
0.976525
1.00009
1.00998
1.01506
1.0188
1.0238
1.02344
1.00493
0.987552
0.982583
0.982376
0.984792
0.993033
1.02253
1.0563
1.07338
1.08059
1.08512
1.08937
1.09081
1.07398
1.04853
1.03615
1.03437
1.03616
1.04268
1.0723
1.10766
1.12576
1.13325
1.1374
1.14018
1.13821
1.11467
1.07912
1.05872
1.05347
1.05753
1.07972
1.13526
2.36649
8.9683
0.728159
0.73118
0.73335
0.736755
0.748309
0.771674
0.785128
0.79108
0.794859
0.797062
0.788453
0.774153
0.770557
0.772718
0.775939
0.779032
0.782346
0.790179
0.813247
0.831733
0.839135
0.84365
0.847794
0.84857
0.836071
0.823076
0.820616
0.823216
0.826798
0.830368
0.836222
0.857142
0.880056
0.890222
0.895998
0.90103
0.905117
0.903655
0.887666
0.874906
0.87309
0.875994
0.88007
0.885662
0.902539
0.929355
0.944507
0.952206
0.95868
0.963862
0.967423
0.960448
0.940282
0.928778
0.928398
0.932192
0.937417
0.949148
0.977116
1.00015
1.01157
1.02017
1.02744
1.03253
1.03252
1.0143
0.992113
0.983639
0.984971
0.989591
0.997567
1.02228
1.05508
1.07305
1.08252
1.09083
1.09672
1.09878
1.08353
1.05456
1.03697
1.03327
1.03581
1.04207
1.06802
1.10478
1.12564
1.13425
1.13846
1.14094
1.14015
1.12115
1.08407
1.05694
1.04851
1.04653
1.10122
2.37876
8.96867
0.733045
0.733905
0.735556
0.737943
0.741611
0.753947
0.777064
0.789876
0.795177
0.79884
0.801219
0.793308
0.781035
0.778501
0.779669
0.781057
0.783406
0.787106
0.796388
0.819656
0.837653
0.845311
0.849403
0.852318
0.853582
0.84404
0.831752
0.828836
0.829683
0.831264
0.834493
0.840847
0.862817
0.886977
0.897786
0.902615
0.905451
0.908928
0.910074
0.897206
0.884128
0.881332
0.882368
0.884628
0.889041
0.904357
0.93346
0.952098
0.959914
0.964014
0.967539
0.971985
0.96938
0.95094
0.938388
0.936382
0.937517
0.940723
0.949237
0.976646
1.00612
1.02071
1.02724
1.03105
1.03522
1.03817
1.02529
1.00295
0.992878
0.991514
0.993141
0.997945
1.01796
1.05539
1.08003
1.08994
1.09492
1.09818
1.10037
1.09047
1.06303
1.04297
1.03707
1.03774
1.04201
1.06394
1.10158
1.12524
1.13459
1.13831
1.14018
1.13929
1.12521
1.08931
1.0576
1.03776
1.06483
2.34856
8.95816
0.73937
0.736038
0.737547
0.739762
0.741503
0.744829
0.758071
0.782106
0.795759
0.801725
0.806081
0.808558
0.799982
0.785942
0.781774
0.783605
0.786629
0.789551
0.792821
0.800865
0.823729
0.841957
0.849641
0.854602
0.859038
0.861342
0.851977
0.836917
0.831739
0.833448
0.836805
0.840545
0.846445
0.866574
0.889738
0.900571
0.906693
0.912179
0.916655
0.917906
0.905607
0.889783
0.884526
0.886404
0.890254
0.894994
0.907076
0.933871
0.953078
0.962471
0.969939
0.975614
0.979817
0.977669
0.959478
0.943287
0.939262
0.941954
0.946614
0.953731
0.975778
1.00433
1.02007
1.02927
1.03718
1.04299
1.0461
1.03534
1.01077
0.996029
0.993936
0.997596
1.00303
1.01792
1.05131
1.07651
1.08764
1.09479
1.10107
1.10529
1.09966
1.073
1.04872
1.03964
1.0394
1.04226
1.05968
1.09642
1.12186
1.13195
1.1359
1.13823
1.13812
1.12776
1.09532
1.05216
1.04794
2.27231
8.94931
0.750346
0.739349
0.738333
0.739608
0.742151
0.745644
0.750616
0.765798
0.790176
0.803213
0.808615
0.812163
0.813733
0.805813
0.793295
0.789526
0.790143
0.791097
0.793258
0.797022
0.806096
0.829652
0.848531
0.85642
0.860402
0.86319
0.866052
0.860205
0.845808
0.839925
0.840197
0.841607
0.84456
0.85017
0.870149
0.895489
0.90808
0.913654
0.91708
0.920842
0.924161
0.91604
0.8997
0.893016
0.892591
0.893829
0.897548
0.90826
0.937548
0.961608
0.971648
0.976471
0.979388
0.983457
0.985038
0.971017
0.95377
0.947852
0.94725
0.9486
0.953424
0.972647
1.00694
1.02873
1.03767
1.04239
1.04606
1.05002
1.04504
1.02304
1.00633
1.00137
1.00029
1.00235
1.01243
1.04563
1.07897
1.09497
1.10143
1.1059
1.10931
1.10671
1.08366
1.05546
1.04184
1.03972
1.04148
1.05324
1.08884
1.11783
1.13003
1.13446
1.13671
1.13647
1.12965
1.09313
1.05908
2.18388
8.95759
0.762814
0.747369
0.741136
0.742391
0.745248
0.74904
0.752907
0.75786
0.773293
0.796189
0.807919
0.813318
0.817464
0.820333
0.813899
0.799032
0.792226
0.793029
0.795887
0.799089
0.802539
0.810216
0.833227
0.852152
0.860244
0.86578
0.870263
0.873475
0.868023
0.851613
0.843032
0.843423
0.846576
0.850463
0.855883
0.87296
0.897185
0.910341
0.917623
0.923981
0.928825
0.931994
0.924661
0.90587
0.8959
0.896014
0.899739
0.9048
0.913428
0.938274
0.96142
0.972596
0.979999
0.986673
0.99157
0.99344
0.980499
0.959462
0.949678
0.949947
0.954062
0.959899
0.974804
1.00553
1.0276
1.03819
1.04633
1.05327
1.05783
1.05449
1.03123
1.00843
1.0004
1.00162
1.00614
1.01567
1.04466
1.07841
1.09603
1.10383
1.10882
1.11219
1.11107
1.09178
1.0606
1.04257
1.0383
1.03983
1.04933
1.0824
1.11417
1.12847
1.13341
1.13475
1.13496
1.12295
1.10318
2.12886
8.97366
0.765777
0.76584
0.754215
0.749735
0.75109
0.753776
0.756411
0.75909
0.763223
0.778073
0.801187
0.813586
0.819086
0.822581
0.824725
0.819693
0.806033
0.799509
0.799476
0.800562
0.802833
0.8065
0.815493
0.840176
0.859936
0.867731
0.871669
0.874003
0.876879
0.874991
0.860994
0.851793
0.850871
0.852131
0.854581
0.859059
0.874932
0.902003
0.918232
0.925166
0.928875
0.932116
0.936302
0.933924
0.917283
0.906532
0.904766
0.904917
0.907428
0.91384
0.936858
0.965546
0.980602
0.98715
0.990657
0.994392
0.99849
0.991991
0.972042
0.960761
0.958567
0.958668
0.961516
0.971815
1.00246
1.03216
1.04633
1.05252
1.05583
1.05934
1.06034
1.04355
1.0206
1.01084
1.00926
1.01063
1.015
1.03761
1.07452
1.09658
1.10531
1.10963
1.11307
1.11363
1.0987
1.06753
1.0462
1.03973
1.03959
1.04599
1.07613
1.10929
1.12528
1.13028
1.13269
1.1278
1.14016
2.13159
8.99492
0.769493
0.776734
0.775787
0.764552
0.757952
0.757537
0.759291
0.761561
0.763845
0.767406
0.781533
0.80497
0.817223
0.82269
0.826949
0.830499
0.827766
0.813142
0.803418
0.802985
0.805835
0.809752
0.813713
0.821638
0.843731
0.862149
0.87025
0.87556
0.880467
0.884343
0.883198
0.868664
0.856284
0.85407
0.856732
0.860699
0.865137
0.877073
0.901997
0.918648
0.927229
0.934839
0.940715
0.944961
0.942928
0.924099
0.908308
0.905213
0.907938
0.912426
0.919282
0.938021
0.964588
0.980018
0.988835
0.997378
1.00341
1.00745
1.00246
0.980604
0.963243
0.959114
0.961829
0.966587
0.974915
0.999539
1.02896
1.04455
1.05355
1.06204
1.06762
1.06981
1.05659
1.03015
1.01311
1.00885
1.01095
1.01539
1.03368
1.06995
1.095
1.10535
1.1103
1.11446
1.11693
1.10777
1.077
1.0501
1.0399
1.03881
1.04197
1.06791
1.10255
1.12025
1.12765
1.1248
1.15649
2.17105
9.02017
0.771432
0.784802
0.788873
0.788137
0.775873
0.766039
0.763728
0.763882
0.764743
0.766836
0.770942
0.785641
0.809187
0.822149
0.827809
0.831373
0.834824
0.834805
0.822465
0.813015
0.812123
0.813274
0.814644
0.817584
0.824882
0.846439
0.86714
0.876922
0.881749
0.884621
0.888086
0.890009
0.879532
0.866484
0.862755
0.86264
0.863705
0.86725
0.877758
0.904516
0.926705
0.93672
0.941898
0.944743
0.947208
0.947281
0.932764
0.917933
0.914446
0.915473
0.917319
0.92118
0.935107
0.965427
0.98829
0.998554
1.00381
1.00681
1.01019
1.00949
0.992105
0.974016
0.968009
0.967275
0.968395
0.973296
0.993792
1.02991
1.05304
1.06255
1.06774
1.07168
1.07422
1.06527
1.03916
1.01894
1.01261
1.01307
1.01586
1.02782
1.06339
1.09458
1.10855
1.11411
1.1174
1.11939
1.11386
1.08515
1.05326
1.03861
1.03605
1.03817
1.06052
1.09514
1.11599
1.11939
1.15928
2.23463
9.04632
0.770612
0.791428
0.796402
0.799529
0.796895
0.781082
0.76771
0.764288
0.765534
0.767811
0.770471
0.774668
0.788319
0.811734
0.825784
0.833027
0.83891
0.84299
0.842795
0.829802
0.816811
0.813627
0.81579
0.81891
0.822694
0.829008
0.847491
0.868311
0.879053
0.885828
0.89191
0.89634
0.898485
0.888434
0.871407
0.864467
0.865612
0.869247
0.873995
0.882178
0.905115
0.927051
0.937663
0.944122
0.950418
0.955403
0.957236
0.94603
0.927646
0.918366
0.918317
0.921834
0.926814
0.936865
0.963083
0.986797
0.998523
1.00604
1.01319
1.01835
1.01959
1.00418
0.980971
0.969793
0.969326
0.973116
0.978734
0.994008
1.02675
1.0512
1.06241
1.06864
1.07316
1.07658
1.07221
1.04912
1.02492
1.01487
1.0146
1.018
1.02822
1.06035
1.0935
1.10928
1.11514
1.11801
1.11929
1.1162
1.09245
1.05757
1.03858
1.03377
1.03484
1.0546
1.08922
1.10498
1.15314
2.30315
9.06723
0.766835
0.794199
0.799018
0.801215
0.802245
0.798574
0.781732
0.768804
0.766719
0.76823
0.770609
0.77407
0.779544
0.794587
0.820435
0.835089
0.840994
0.844469
0.846677
0.846935
0.836404
0.823678
0.820489
0.821826
0.823779
0.826486
0.831316
0.84866
0.873202
0.887019
0.893189
0.896705
0.899746
0.90321
0.897675
0.881611
0.874263
0.874128
0.874769
0.876965
0.882523
0.902356
0.929065
0.94543
0.953448
0.95873
0.963386
0.966432
0.956714
0.936322
0.926266
0.925292
0.925297
0.927522
0.934389
0.958647
0.989828
1.00744
1.01493
1.01952
1.02295
1.02475
1.01518
0.993558
0.980505
0.977308
0.976666
0.978692
0.988476
1.01977
1.05073
1.06579
1.07233
1.07713
1.08137
1.08125
1.06208
1.03541
1.02237
1.01971
1.02057
1.02505
1.05191
1.088
1.10639
1.11299
1.11651
1.11907
1.1189
1.10051
1.06407
1.03954
1.03196
1.03131
1.04979
1.07666
1.13335
2.36311
9.07606
0.76218
0.784525
0.793446
0.796295
0.796097
0.79509
0.793667
0.78365
0.773433
0.772029
0.774393
0.778735
0.784684
0.790579
0.801904
0.823229
0.836551
0.842883
0.847593
0.851816
0.85391
0.846393
0.832228
0.82527
0.825471
0.828385
0.832091
0.836467
0.849883
0.873836
0.888458
0.896216
0.903303
0.908544
0.91196
0.906931
0.889119
0.876557
0.874572
0.877238
0.881048
0.886951
0.903722
0.931576
0.950145
0.958845
0.963825
0.966721
0.969686
0.965674
0.946178
0.930071
0.926202
0.928377
0.932543
0.939434
0.959601
0.990303
1.00892
1.01749
1.02336
1.02899
1.03286
1.02674
1.00306
0.983224
0.97671
0.977793
0.981659
0.989859
1.01646
1.05059
1.07
1.07806
1.08246
1.08629
1.0878
1.07215
1.04228
1.0231
1.01787
1.01929
1.02336
1.04473
1.08264
1.10596
1.11458
1.11799
1.12009
1.12077
1.10806
1.07208
1.04086
1.02839
1.02763
1.03892
1.10305
2.39835
9.07917
0.758672
0.762232
0.770902
0.782591
0.788449
0.791189
0.794371
0.798022
0.795903
0.788048
0.785802
0.78765
0.789849
0.791337
0.793817
0.801831
0.822721
0.84027
0.849355
0.854565
0.858444
0.861421
0.855458
0.840148
0.832565
0.832404
0.83342
0.835342
0.839008
0.851103
0.877495
0.896884
0.905567
0.910468
0.914161
0.917332
0.914561
0.896863
0.883675
0.881901
0.884619
0.888209
0.891674
0.902225
0.92837
0.950029
0.960341
0.966674
0.972164
0.976318
0.975134
0.958266
0.941538
0.936334
0.936543
0.93838
0.941895
0.954882
0.985397
1.01075
1.02291
1.02834
1.03147
1.03492
1.03477
1.0168
0.995157
0.986283
0.985048
0.986997
0.99158
1.0117
1.04695
1.07033
1.08009
1.08486
1.0875
1.08898
1.07923
1.05086
1.0284
1.02089
1.02074
1.02365
1.04129
1.07846
1.10451
1.11479
1.11837
1.11988
1.12036
1.11206
1.08018
1.04366
1.02543
1.0154
1.06705
2.38924
9.0696
0.751451
0.744475
0.74664
0.759523
0.777827
0.790736
0.800933
0.809312
0.814475
0.813328
0.803033
0.794954
0.791953
0.792181
0.793855
0.796351
0.802599
0.822651
0.8432
0.853516
0.859051
0.862977
0.86624
0.864237
0.849756
0.837666
0.835378
0.837632
0.841298
0.845644
0.854701
0.87803
0.897906
0.907424
0.912988
0.917395
0.921358
0.921557
0.908806
0.893883
0.88808
0.88771
0.889514
0.892741
0.900797
0.927035
0.954781
0.968411
0.97441
0.978489
0.983075
0.984586
0.972175
0.952032
0.939977
0.937547
0.939874
0.943547
0.952035
0.97977
1.00806
1.0217
1.02989
1.0379
1.04306
1.04444
1.02981
1.00471
0.990068
0.986789
0.988383
0.991253
1.00487
1.03974
1.06743
1.07881
1.08432
1.08939
1.09277
1.08814
1.0624
1.03606
1.02491
1.02333
1.02443
1.03535
1.071
1.10047
1.11244
1.11652
1.1187
1.11942
1.11407
1.08741
1.04894
1.0181
1.03729
2.33352
9.05166
0.739579
0.731272
0.73355
0.73882
0.757557
0.787534
0.808404
0.820489
0.826816
0.830717
0.828283
0.813003
0.79934
0.794324
0.793499
0.79458
0.796993
0.802457
0.822057
0.845081
0.856998
0.863409
0.868785
0.87286
0.873162
0.860823
0.847597
0.844184
0.844857
0.845993
0.848873
0.855486
0.875913
0.899018
0.912049
0.919336
0.924787
0.929573
0.931522
0.921145
0.902913
0.892894
0.891517
0.894511
0.89922
0.905899
0.926281
0.954445
0.97099
0.979335
0.984456
0.988377
0.991281
0.984126
0.962669
0.946788
0.942258
0.94366
0.947446
0.954084
0.977119
1.00999
1.02948
1.03788
1.04268
1.04591
1.04844
1.03952
1.01405
0.994602
0.988124
0.98923
0.992683
1.00301
1.03499
1.06822
1.08419
1.09013
1.09397
1.0973
1.09525
1.07238
1.04176
1.02529
1.02158
1.02288
1.03015
1.06249
1.09618
1.11093
1.11553
1.11736
1.11839
1.11526
1.0946
1.04716
1.03195
2.24206
9.04625
0.734088
0.726972
0.730544
0.736352
0.747026
0.774419
0.810839
0.826853
0.832643
0.836204
0.837275
0.833021
0.813919
0.795887
0.791266
0.792304
0.794673
0.798729
0.805782
0.826555
0.85264
0.866337
0.872165
0.875995
0.879677
0.881017
0.870194
0.853127
0.846217
0.84705
0.849964
0.853714
0.859291
0.87555
0.900683
0.917458
0.925723
0.930213
0.932972
0.936461
0.933548
0.917034
0.904043
0.901007
0.90096
0.901942
0.905856
0.920901
0.950489
0.97185
0.981314
0.986525
0.990835
0.994813
0.993908
0.977124
0.957693
0.950154
0.95051
0.953179
0.957234
0.973277
1.00459
1.02677
1.03693
1.04292
1.04772
1.05199
1.04832
1.02689
1.00413
0.995179
0.994729
0.997214
1.00416
1.03088
1.06555
1.08421
1.09188
1.09571
1.09761
1.09671
1.07995
1.0485
1.02811
1.0219
1.02203
1.0276
1.05643
1.09167
1.10908
1.11481
1.1168
1.11692
1.11502
1.09111
1.06081
2.16164
9.05832
0.736667
0.729807
0.733241
0.743368
0.761121
0.782469
0.806723
0.825672
0.833638
0.836517
0.834808
0.829605
0.822776
0.808686
0.795706
0.794267
0.797026
0.801845
0.808292
0.815946
0.834139
0.858377
0.871174
0.877016
0.880128
0.881445
0.882934
0.877613
0.862819
0.854667
0.854342
0.856607
0.859607
0.863484
0.874471
0.898382
0.917896
0.927773
0.935395
0.941934
0.946058
0.94505
0.927675
0.908307
0.900739
0.901372
0.904628
0.908618
0.918669
0.946005
0.972165
0.985111
0.992342
0.998977
1.00367
1.00464
0.989614
0.966476
0.954591
0.95268
0.954058
0.956886
0.967637
0.999267
1.02889
1.04283
1.04952
1.05518
1.05917
1.05869
1.03989
1.01299
0.999772
0.997677
0.998994
1.0023
1.02249
1.05933
1.08182
1.09012
1.09451
1.0983
1.09981
1.08873
1.05797
1.03298
1.02388
1.02267
1.02518
1.04886
1.08576
1.10594
1.1127
1.11459
1.11588
1.10896
1.1078
2.13276
9.07781
0.74718
0.744217
0.752158
0.767322
0.78008
0.788071
0.794809
0.806213
0.817109
0.821082
0.821057
0.819875
0.819386
0.820225
0.816082
0.809345
0.808867
0.812408
0.81694
0.821186
0.825781
0.836278
0.855875
0.869988
0.876849
0.882124
0.88717
0.890853
0.887771
0.8726
0.86105
0.858333
0.859557
0.861402
0.86469
0.872677
0.89735
0.923433
0.936643
0.942653
0.94605
0.948189
0.949309
0.937617
0.917329
0.907814
0.907227
0.909819
0.913419
0.920513
0.94402
0.974478
0.991598
0.998877
1.00314
1.00558
1.00784
0.999088
0.975732
0.959756
0.955863
0.95821
0.962698
0.971541
0.997696
1.02965
1.04735
1.0545
1.05854
1.06148
1.06252
1.04848
1.02071
1.00284
0.997912
0.999242
1.00306
1.01894
1.05493
1.08267
1.09414
1.09852
1.10136
1.10307
1.09599
1.0668
1.03675
1.02336
1.02089
1.02251
1.04111
1.07872
1.1019
1.10984
1.11323
1.10904
1.137
2.15288
9.09762
0.766533
0.775135
0.783114
0.788781
0.792195
0.793741
0.789893
0.784663
0.785882
0.795406
0.807118
0.815549
0.822548
0.82992
0.836102
0.837114
0.830417
0.825125
0.823795
0.823466
0.823397
0.825104
0.83128
0.849735
0.869866
0.88174
0.888022
0.89191
0.895433
0.896425
0.885
0.869602
0.862825
0.8633
0.866464
0.870429
0.875918
0.894966
0.921354
0.93596
0.943157
0.948781
0.953774
0.957071
0.950191
0.930214
0.916782
0.914181
0.916405
0.919654
0.924092
0.941136
0.970237
0.98934
0.997944
1.00327
1.00814
1.01243
1.00913
0.989341
0.971954
0.966102
0.96605
0.967567
0.97134
0.990157
1.0231
1.04369
1.05254
1.05784
1.06217
1.06524
1.05812
1.0337
1.01204
1.00454
1.00409
1.00602
1.01625
1.04888
1.07995
1.09413
1.09923
1.10136
1.10229
1.09953
1.07629
1.04232
1.02397
1.01952
1.02018
1.03535
1.07183
1.09684
1.1082
1.10687
1.14657
2.20561
9.12089
0.790851
0.813039
0.814765
0.8111
0.803825
0.793094
0.776438
0.765556
0.763681
0.768565
0.784196
0.80647
0.825871
0.841766
0.853043
0.859204
0.859761
0.849131
0.834932
0.825855
0.821702
0.820485
0.821547
0.82596
0.843069
0.867949
0.883162
0.891773
0.898777
0.903467
0.906236
0.898826
0.881626
0.87232
0.870562
0.870151
0.871754
0.875949
0.891606
0.921121
0.942017
0.95127
0.956148
0.96004
0.963962
0.961156
0.941945
0.924655
0.918797
0.919199
0.921053
0.924135
0.935661
0.965515
0.991703
1.00452
1.01102
1.01599
1.02053
1.01967
1.00233
0.978999
0.966899
0.964964
0.967096
0.970212
0.982989
1.01687
1.0442
1.0566
1.06348
1.06917
1.07245
1.06895
1.04541
1.01883
1.00691
1.00488
1.00552
1.01079
1.03929
1.07458
1.0913
1.09727
1.10179
1.10439
1.1039
1.08506
1.04888
1.02566
1.01886
1.01831
1.02979
1.0648
1.09237
1.0996
1.14698
2.27378
9.14293
0.815013
0.84026
0.842678
0.836672
0.815338
0.78551
0.763924
0.754545
0.754082
0.756676
0.76437
0.78722
0.824627
0.851326
0.865099
0.871534
0.875034
0.872403
0.855009
0.831716
0.819627
0.816117
0.817158
0.820243
0.826782
0.844969
0.874887
0.894371
0.90283
0.907756
0.91216
0.914538
0.909216
0.889866
0.874607
0.871283
0.873216
0.876979
0.882213
0.893588
0.919425
0.942548
0.954184
0.96015
0.963883
0.966288
0.967015
0.954424
0.934415
0.923773
0.922531
0.925548
0.929944
0.938373
0.96237
0.991202
1.00793
1.0157
1.01941
1.02179
1.02364
1.01333
0.988937
0.972618
0.968322
0.970078
0.973884
0.983936
1.01378
1.04542
1.06159
1.06785
1.07116
1.0734
1.07247
1.05378
1.02443
1.00772
1.0038
1.00517
1.0102
1.03425
1.07218
1.09412
1.10115
1.10351
1.105
1.10519
1.09227
1.05608
1.02697
1.01676
1.01556
1.02518
1.05956
1.08076
1.13653
2.34238
9.15655
0.82438
0.847468
0.849269
0.845914
0.827412
0.789097
0.760658
0.75295
0.753384
0.756496
0.764196
0.781106
0.814433
0.853185
0.869161
0.874816
0.876683
0.874031
0.866257
0.847866
0.82472
0.817456
0.818744
0.822639
0.828926
0.837473
0.853872
0.882374
0.900968
0.908905
0.912727
0.91384
0.913921
0.912326
0.899306
0.885013
0.88054
0.881566
0.883499
0.886062
0.892085
0.912437
0.938698
0.954018
0.96125
0.967135
0.972045
0.97495
0.968513
0.948827
0.93515
0.931927
0.93206
0.93298
0.937093
0.954816
0.985535
1.00579
1.01468
1.02112
1.02642
1.02993
1.02499
1.00236
0.982769
0.976484
0.97639
0.978219
0.982994
1.00617
1.0398
1.05805
1.06549
1.0702
1.07408
1.07608
1.06362
1.03536
1.01518
1.00904
1.00869
1.0111
1.02912
1.06646
1.09045
1.09908
1.10262
1.10453
1.10518
1.09726
1.06412
1.02984
1.01541
1.01266
1.02255
1.04897
1.11332
2.39396
9.16158
0.82194
0.843369
0.842984
0.825311
0.803335
0.786023
0.770755
0.761496
0.761052
0.767001
0.78327
0.803212
0.820616
0.840102
0.858585
0.86616
0.865467
0.859959
0.854157
0.849383
0.842194
0.832462
0.830145
0.833635
0.839414
0.845241
0.850518
0.859785
0.881207
0.898837
0.906663
0.910786
0.915062
0.919386
0.921469
0.91157
0.893818
0.88419
0.88269
0.884902
0.888321
0.892682
0.907341
0.936932
0.959191
0.969316
0.974721
0.979089
0.983182
0.980451
0.960624
0.940003
0.931475
0.931498
0.934364
0.938245
0.950537
0.98264
1.01071
1.02311
1.02873
1.03296
1.0371
1.03485
1.01419
0.98948
0.977658
0.975912
0.978011
0.981339
0.9991
1.03607
1.06058
1.07057
1.07598
1.08028
1.08218
1.07414
1.04537
1.01956
1.00966
1.00855
1.00955
1.02095
1.0578
1.0874
1.09831
1.10197
1.10469
1.10617
1.10159
1.07296
1.035
1.01427
1.01007
1.01302
1.08146
2.41353
9.15748
0.80273
0.813931
0.806617
0.797982
0.794585
0.793267
0.788506
0.783647
0.784765
0.79493
0.808947
0.818699
0.823665
0.826209
0.829235
0.834421
0.840662
0.845841
0.849735
0.85314
0.857069
0.858998
0.855906
0.852144
0.851328
0.852402
0.853723
0.854974
0.858478
0.871594
0.8917
0.906131
0.914234
0.91872
0.921729
0.925299
0.923261
0.908218
0.894628
0.890135
0.891056
0.894152
0.897695
0.906665
0.932941
0.95918
0.97282
0.979267
0.982641
0.984811
0.9853
0.971711
0.949318
0.938111
0.936945
0.93966
0.943656
0.952815
0.979918
1.00977
1.02528
1.0324
1.03595
1.03786
1.0382
1.02377
0.997611
0.982431
0.979052
0.981133
0.985409
0.999681
1.03354
1.06195
1.07433
1.07864
1.0809
1.08241
1.07794
1.05257
1.02357
1.00988
1.00765
1.00947
1.01946
1.05351
1.0858
1.09977
1.1038
1.10522
1.10607
1.10343
1.08112
1.04115
1.01487
0.999693
1.04451
2.39052
9.14112
0.782441
0.767352
0.767805
0.777006
0.787577
0.794268
0.801542
0.81334
0.825817
0.831261
0.831409
0.83008
0.825606
0.813435
0.802497
0.801117
0.809433
0.826481
0.843111
0.855628
0.868635
0.880105
0.885843
0.883437
0.87339
0.86367
0.857215
0.851961
0.848579
0.849717
0.858926
0.881133
0.901875
0.914095
0.924089
0.932308
0.937353
0.938481
0.925886
0.906928
0.897929
0.896615
0.896695
0.89882
0.904666
0.92666
0.956112
0.972349
0.97929
0.984986
0.989687
0.992478
0.98437
0.96249
0.947972
0.944692
0.945083
0.946287
0.951008
0.972237
1.00439
1.02337
1.03077
1.03554
1.03992
1.043
1.03498
1.0108
0.992657
0.986911
0.986476
0.987562
0.99494
1.02481
1.05607
1.06991
1.07551
1.07946
1.08276
1.08252
1.06373
1.03356
1.01629
1.01144
1.01109
1.01557
1.04526
1.08043
1.0966
1.10192
1.10421
1.10516
1.1033
1.0867
1.04909
1.0098
1.02308
2.31791
9.1239
0.755012
0.736209
0.739068
0.750345
0.770519
0.792799
0.82045
0.850397
0.863414
0.865395
0.857961
0.841464
0.819048
0.796603
0.78367
0.781918
0.784983
0.796376
0.822894
0.855481
0.881405
0.89816
0.905472
0.908811
0.90304
0.882608
0.859762
0.846227
0.840719
0.841071
0.844331
0.853944
0.880032
0.911213
0.929096
0.93802
0.943745
0.948245
0.949118
0.937226
0.913184
0.89855
0.896287
0.898473
0.901869
0.90687
0.923742
0.955575
0.978103
0.987398
0.9919
0.995316
0.99885
0.995086
0.974065
0.953961
0.945806
0.945632
0.948337
0.95251
0.967739
1.00024
1.02569
1.03718
1.04265
1.04699
1.05025
1.04548
1.02228
0.997296
0.986017
0.984646
0.987002
0.991976
1.01644
1.0526
1.07218
1.08011
1.08538
1.08864
1.08883
1.07348
1.04016
1.01657
1.00891
1.00892
1.01182
1.03633
1.07446
1.0942
1.10029
1.10267
1.10476
1.10416
1.09227
1.04832
1.02703
2.22315
9.12607
0.738726
0.722161
0.724082
0.729905
0.743167
0.778487
0.838914
0.8706
0.879816
0.883908
0.881379
0.863592
0.822599
0.788844
0.778401
0.778313
0.781407
0.787996
0.803621
0.843759
0.887739
0.904259
0.91018
0.912614
0.91133
0.901761
0.876139
0.849103
0.841108
0.842076
0.845787
0.85273
0.863896
0.889477
0.921904
0.938517
0.945217
0.94836
0.948734
0.947506
0.940862
0.922239
0.907584
0.903704
0.905281
0.908807
0.913672
0.924844
0.952174
0.976936
0.989065
0.994917
0.998157
1.00054
1.00173
0.98853
0.9665
0.954706
0.952189
0.95347
0.95663
0.966271
0.995054
1.02478
1.03995
1.04608
1.04877
1.05105
1.05123
1.03396
1.00614
0.991038
0.987777
0.989567
0.993909
1.01343
1.04978
1.07419
1.08355
1.08668
1.08809
1.08845
1.07848
1.04733
1.02002
1.00939
1.00796
1.01033
1.03172
1.07022
1.09326
1.10113
1.10348
1.10424
1.10389
1.08708
1.06588
2.15469
9.13974
0.736835
0.721574
0.723627
0.729716
0.746736
0.792133
0.842766
0.870503
0.880664
0.88363
0.874157
0.846823
0.817499
0.795482
0.783776
0.782432
0.785593
0.797664
0.821206
0.849531
0.878849
0.899239
0.907137
0.907801
0.899173
0.887459
0.877336
0.865684
0.854501
0.852528
0.856954
0.864844
0.873034
0.881043
0.896723
0.920167
0.934804
0.940988
0.944227
0.947222
0.950647
0.950523
0.93687
0.919718
0.912651
0.912799
0.91413
0.916004
0.921773
0.943596
0.971936
0.988067
0.995775
1.00318
1.00836
1.01084
1.00199
0.978257
0.961018
0.956062
0.956083
0.957282
0.962749
0.986845
1.01979
1.03742
1.045
1.05168
1.05614
1.05779
1.04491
1.01629
0.997903
0.992662
0.992275
0.993647
1.0066
1.04264
1.06968
1.07977
1.08438
1.08799
1.09005
1.0847
1.05697
1.02589
1.01202
1.00924
1.00993
1.02591
1.06462
1.09014
1.09906
1.1016
1.10351
1.09831
1.10913
2.14235
9.15841
0.74601
0.730981
0.733955
0.747718
0.77662
0.80475
0.829398
0.852331
0.862847
0.859712
0.845238
0.833021
0.82434
0.812297
0.802852
0.80124
0.808843
0.825354
0.84061
0.850119
0.85898
0.871465
0.880327
0.881804
0.880163
0.880238
0.882367
0.883199
0.8813
0.878177
0.877605
0.878981
0.880832
0.882244
0.883914
0.889671
0.906431
0.926144
0.939031
0.946427
0.9514
0.955165
0.957852
0.951712
0.93366
0.919988
0.91517
0.915619
0.918451
0.922771
0.938089
0.96929
0.992892
1.00324
1.00831
1.01158
1.01451
1.01092
0.988806
0.966266
0.956972
0.956415
0.958934
0.963284
0.982245
1.01854
1.04296
1.05218
1.05636
1.05953
1.0615
1.05265
1.02392
0.99978
0.991136
0.990957
0.993474
1.00316
1.03645
1.06963
1.08389
1.0885
1.09104
1.09278
1.08981
1.0655
1.0308
1.01214
1.00761
1.00839
1.02058
1.05777
1.0858
1.09638
1.10092
1.09725
1.13279
2.1717
9.1777
0.766388
0.756884
0.762974
0.78376
0.80375
0.813169
0.817087
0.821172
0.821947
0.819588
0.820083
0.823549
0.826866
0.829638
0.831101
0.83661
0.845823
0.851671
0.854067
0.854963
0.850463
0.841673
0.839976
0.848103
0.861899
0.874316
0.883842
0.894509
0.905587
0.911606
0.909691
0.90106
0.891742
0.884809
0.879385
0.875969
0.877743
0.889799
0.914016
0.934615
0.946603
0.955188
0.962466
0.967865
0.96751
0.951322
0.93183
0.922852
0.921233
0.922448
0.925038
0.934197
0.962872
0.989705
1.00216
1.00858
1.01324
1.01727
1.01677
1.00048
0.976437
0.964203
0.962417
0.96459
0.968168
0.981489
1.01419
1.04033
1.05115
1.05603
1.05924
1.06089
1.05793
1.03513
1.00844
0.996856
0.994938
0.996497
1.00359
1.03212
1.06637
1.08314
1.08877
1.09079
1.09147
1.09081
1.07375
1.03787
1.01404
1.00703
1.00677
1.01646
1.05145
1.08084
1.09511
1.0953
1.13978
2.2295
9.19797
0.786798
0.799416
0.81156
0.817983
0.819522
0.819921
0.81136
0.791745
0.779894
0.781605
0.792841
0.809583
0.825083
0.841167
0.863502
0.8794
0.883641
0.879992
0.870261
0.856479
0.834794
0.816436
0.811958
0.815547
0.829677
0.854782
0.881517
0.906483
0.926724
0.935623
0.938794
0.932943
0.913414
0.890603
0.874752
0.866799
0.866041
0.869207
0.880061
0.908953
0.939808
0.958025
0.969168
0.976275
0.979995
0.979384
0.963694
0.938864
0.925253
0.921765
0.921469
0.923874
0.931254
0.95825
0.990819
1.00768
1.01465
1.01931
1.02335
1.02478
1.0125
0.986607
0.970702
0.967015
0.967187
0.968562
0.976334
1.00614
1.03697
1.05089
1.05699
1.06274
1.06606
1.06563
1.04678
1.0174
1.00176
0.997982
0.997553
1.00007
1.0225
1.05995
1.07967
1.08598
1.0903
1.0932
1.09388
1.08152
1.04555
1.0167
1.00676
1.00541
1.01269
1.04576
1.07693
1.08657
1.13854
2.29755
9.21534
0.810203
0.848312
0.855655
0.852416
0.839165
0.820666
0.795566
0.768028
0.756735
0.756784
0.762883
0.780565
0.812862
0.854708
0.891012
0.906704
0.911644
0.909966
0.895534
0.86298
0.824257
0.807151
0.805068
0.807504
0.81302
0.827053
0.864931
0.913603
0.935235
0.942631
0.946313
0.946167
0.937498
0.909603
0.877139
0.866031
0.865926
0.868655
0.874298
0.885888
0.916734
0.954144
0.970986
0.97733
0.980505
0.982074
0.981097
0.968257
0.941285
0.92542
0.922695
0.925005
0.929774
0.937591
0.958942
0.990743
1.01066
1.0189
1.02253
1.02457
1.02638
1.02023
0.996406
0.975661
0.96799
0.968373
0.971514
0.977991
1.00205
1.03598
1.05506
1.06188
1.06533
1.0678
1.06877
1.05534
1.02451
1.00302
0.996404
0.996836
1.00006
1.01836
1.05604
1.08124
1.09004
1.09267
1.09397
1.09474
1.08749
1.0539
1.01938
1.00548
1.00347
1.0095
1.04219
1.06603
1.12609
2.36472
9.22501
0.823932
0.870718
0.877755
0.879281
0.872205
0.841243
0.789896
0.760554
0.753196
0.753987
0.757677
0.765565
0.793052
0.856359
0.89813
0.910578
0.915334
0.915047
0.899217
0.861693
0.828328
0.811134
0.807511
0.80932
0.816289
0.835319
0.86745
0.905501
0.932192
0.942228
0.945255
0.939295
0.925533
0.911143
0.893977
0.877573
0.87314
0.875731
0.883059
0.894888
0.909186
0.930881
0.95658
0.969654
0.97438
0.975172
0.972855
0.971235
0.967756
0.952297
0.938409
0.934594
0.935887
0.938822
0.9418
0.953601
0.98234
1.00563
1.01586
1.02096
1.02507
1.02904
1.02813
1.01019
0.987056
0.976436
0.974273
0.974801
0.977535
0.994705
1.02907
1.05129
1.06032
1.06523
1.06881
1.07135
1.06431
1.03576
1.01034
1.00087
0.998932
0.999625
1.01199
1.04965
1.078
1.08844
1.09219
1.09425
1.09529
1.09075
1.06152
1.0233
1.00472
1.00088
1.00774
1.03338
1.10223
2.41195
9.22833
0.821583
0.869672
0.877627
0.877925
0.86286
0.827314
0.792976
0.768524
0.759023
0.758919
0.763928
0.781906
0.813894
0.849797
0.884263
0.901785
0.905719
0.897046
0.877996
0.860777
0.843361
0.828921
0.823368
0.826271
0.838725
0.856648
0.870953
0.884864
0.905046
0.918876
0.921092
0.916906
0.913977
0.913857
0.912881
0.906149
0.897618
0.895554
0.898961
0.904157
0.90834
0.912129
0.92187
0.940637
0.95642
0.964456
0.968902
0.974765
0.980637
0.98206
0.970521
0.952124
0.941505
0.938135
0.938383
0.940623
0.947601
0.973948
1.00425
1.01988
1.02728
1.03294
1.03701
1.03774
1.02233
0.994134
0.977157
0.972541
0.973388
0.975587
0.987727
1.02377
1.05293
1.0648
1.07026
1.07443
1.07657
1.07109
1.04266
1.01221
0.998836
0.996819
0.998486
1.00681
1.04211
1.07606
1.08921
1.09273
1.09418
1.09534
1.09317
1.06902
1.02897
1.0044
0.998891
0.999573
1.07079
2.42423
9.22014
0.803873
0.845693
0.855301
0.852326
0.839545
0.825019
0.808691
0.791432
0.781181
0.780696
0.79008
0.811804
0.830137
0.840083
0.851246
0.864324
0.869652
0.866709
0.862244
0.861365
0.861215
0.856854
0.853675
0.857515
0.866631
0.873818
0.877517
0.879741
0.877667
0.876984
0.884109
0.895917
0.906268
0.913731
0.921824
0.930274
0.934607
0.931149
0.922839
0.915636
0.910742
0.906719
0.903051
0.905344
0.920161
0.945019
0.964714
0.976387
0.984424
0.990818
0.994632
0.988806
0.968094
0.949568
0.941726
0.941221
0.943765
0.947994
0.966951
1.00051
1.02301
1.03235
1.03622
1.0385
1.04021
1.03053
1.00272
0.981242
0.974705
0.975794
0.979146
0.9894
1.02144
1.05379
1.0682
1.07262
1.07395
1.07456
1.07243
1.0502
1.01828
1.00159
0.997847
0.998927
1.00633
1.03872
1.07333
1.08817
1.0927
1.09419
1.09514
1.09378
1.07562
1.03657
1.00751
0.990334
1.03473
2.39465
9.20338
0.78826
0.802757
0.813109
0.818431
0.820432
0.821499
0.823015
0.821331
0.817052
0.81773
0.825553
0.833961
0.837909
0.839683
0.833425
0.822679
0.821896
0.832375
0.84671
0.857756
0.866263
0.879688
0.894427
0.901083
0.899052
0.893054
0.885008
0.871223
0.852932
0.845035
0.847789
0.861929
0.886822
0.909883
0.929898
0.949509
0.961452
0.96545
0.959221
0.940349
0.919414
0.902237
0.891273
0.889178
0.892319
0.906591
0.939264
0.968078
0.984912
0.996664
1.00342
1.00726
1.00346
0.981127
0.957145
0.946574
0.943109
0.94247
0.945541
0.961053
0.996384
1.02154
1.03138
1.0369
1.04158
1.04443
1.03867
1.01312
0.990384
0.982321
0.980996
0.981391
0.986337
1.01367
1.04775
1.06308
1.069
1.07371
1.07674
1.07684
1.05966
1.02703
1.00687
1.00112
1.00065
1.00318
1.02986
1.0673
1.08519
1.09075
1.09311
1.09488
1.09473
1.08143
1.04541
1.00382
1.01675
2.31626
9.18822
0.782147
0.769135
0.767045
0.777162
0.795987
0.813616
0.826883
0.840531
0.856986
0.865541
0.863975
0.855945
0.844995
0.83225
0.811892
0.79421
0.791041
0.79645
0.814959
0.841627
0.87047
0.903322
0.927106
0.935092
0.934744
0.922044
0.896302
0.864969
0.841918
0.833933
0.834418
0.838597
0.853691
0.89013
0.932462
0.960166
0.972567
0.978115
0.979506
0.970885
0.940605
0.903592
0.889121
0.887774
0.890178
0.895418
0.90913
0.947824
0.984914
1.0006
1.00664
1.01047
1.01212
1.00816
0.984948
0.954333
0.941651
0.941071
0.943685
0.948286
0.96095
0.994907
1.02529
1.03787
1.04238
1.04534
1.04759
1.04509
1.02242
0.994318
0.981131
0.979274
0.981185
0.985534
1.00774
1.04489
1.06648
1.07384
1.07674
1.07881
1.07978
1.06775
1.03446
1.00841
0.999159
0.998495
1.00139
1.02449
1.06271
1.08395
1.09114
1.09366
1.09524
1.09487
1.08589
1.0447
1.02327
2.22295
9.19306
0.774444
0.750869
0.745583
0.748054
0.759399
0.785664
0.820168
0.855267
0.883071
0.894616
0.89702
0.889689
0.868759
0.834523
0.800917
0.786494
0.785337
0.787921
0.7931
0.809927
0.859
0.913109
0.934529
0.940999
0.943944
0.941282
0.918483
0.871826
0.841563
0.833888
0.834694
0.838994
0.848778
0.871268
0.921333
0.960653
0.97401
0.978648
0.976817
0.964249
0.945053
0.920993
0.899817
0.893227
0.894811
0.901272
0.91266
0.928515
0.961693
0.991894
1.00381
1.0081
1.00736
1.00202
0.996693
0.983464
0.961148
0.950158
0.949215
0.952299
0.957094
0.966128
0.992849
1.02274
1.03704
1.04266
1.04575
1.04664
1.04601
1.03174
1.00447
0.98848
0.984385
0.985394
0.988131
1.00399
1.03891
1.06329
1.0727
1.07673
1.07926
1.08064
1.07434
1.04436
1.01412
1.00176
0.998997
0.99994
1.01839
1.0575
1.08181
1.09034
1.09358
1.09512
1.09587
1.08081
1.06382
2.15944
9.20874
0.778605
0.749281
0.745599
0.747359
0.750607
0.760996
0.79527
0.854105
0.88636
0.896683
0.900468
0.89857
0.880124
0.840932
0.808012
0.79147
0.788554
0.790982
0.799229
0.819981
0.856501
0.901384
0.929199
0.938281
0.938491
0.924848
0.903962
0.882563
0.859425
0.846893
0.84625
0.852968
0.867215
0.885153
0.905044
0.935077
0.955441
0.960737
0.956479
0.949811
0.946404
0.942194
0.92909
0.915981
0.912661
0.916635
0.923641
0.930325
0.938024
0.956925
0.978609
0.989354
0.992981
0.995261
0.998412
1.00194
0.997116
0.978617
0.964551
0.960219
0.959998
0.960545
0.964143
0.98381
1.01595
1.03404
1.0408
1.04539
1.05074
1.05343
1.04431
1.01673
0.995415
0.987598
0.985292
0.985638
0.995831
1.03145
1.06193
1.07363
1.07843
1.08268
1.08464
1.08021
1.05237
1.01759
1.00099
0.997483
0.99838
1.01265
1.05238
1.08003
1.09
1.0932
1.09567
1.09108
1.10518
2.14948
9.22525
0.794622
0.759173
0.752812
0.755252
0.761829
0.775535
0.794853
0.826595
0.865658
0.883132
0.886347
0.881406
0.870723
0.854583
0.830605
0.812592
0.806837
0.809917
0.82053
0.837361
0.853409
0.871792
0.895077
0.908815
0.909492
0.903564
0.899355
0.896226
0.888183
0.877327
0.873359
0.878
0.887522
0.895399
0.899865
0.904612
0.914434
0.925495
0.933498
0.939592
0.944275
0.948332
0.953066
0.953793
0.948017
0.941063
0.9373
0.935701
0.93266
0.929764
0.935868
0.956154
0.977886
0.991816
1.0007
1.00801
1.01359
1.01424
0.999859
0.97871
0.965257
0.96093
0.961548
0.963965
0.975117
1.00614
1.03279
1.04587
1.052
1.05609
1.05906
1.05356
1.02507
0.996924
0.985438
0.984548
0.98688
0.995563
1.02773
1.06212
1.07738
1.08172
1.08373
1.08446
1.08159
1.05849
1.02142
1.00118
0.996295
0.997011
1.01016
1.04893
1.07786
1.08885
1.09393
1.09048
1.12748
2.17718
9.24348
0.820337
0.790895
0.776652
0.775228
0.779791
0.788991
0.797834
0.805898
0.821315
0.843829
0.85754
0.862062
0.862181
0.861405
0.85688
0.846066
0.838184
0.837724
0.843036
0.850131
0.854649
0.857755
0.859217
0.862269
0.871311
0.883909
0.893518
0.89857
0.905401
0.913954
0.91795
0.91476
0.909462
0.905281
0.899187
0.887061
0.879262
0.882225
0.897449
0.919851
0.938137
0.952676
0.969408
0.982254
0.98605
0.977989
0.960125
0.941503
0.925231
0.915059
0.913301
0.918446
0.940345
0.972355
0.995704
1.01001
1.02117
1.02848
1.03096
1.01843
0.99077
0.970651
0.961131
0.956507
0.957274
0.966184
0.999334
1.03328
1.04871
1.05515
1.05892
1.06122
1.05846
1.03451
1.00466
0.991269
0.987893
0.987355
0.991621
1.02098
1.05902
1.0753
1.08003
1.08243
1.08398
1.08297
1.06441
1.02703
1.00341
0.99733
0.997192
1.00798
1.04495
1.07402
1.08783
1.08781
1.13442
2.23389
9.26256
0.830027
0.830842
0.818297
0.805317
0.79902
0.798809
0.800609
0.799758
0.797131
0.799093
0.812599
0.834009
0.850701
0.860485
0.867184
0.876571
0.881616
0.878777
0.870896
0.863493
0.856361
0.846261
0.833003
0.827398
0.831825
0.849461
0.875772
0.898581
0.921248
0.943597
0.953388
0.953481
0.940983
0.921218
0.898655
0.875937
0.862171
0.860289
0.864717
0.881949
0.916143
0.95277
0.981413
0.997731
1.00409
1.00551
0.993249
0.95963
0.926915
0.911696
0.908975
0.910962
0.915982
0.935757
0.976966
1.0105
1.02711
1.03441
1.03821
1.03763
1.02374
0.987727
0.961788
0.955227
0.955872
0.958795
0.967304
0.999367
1.03529
1.05168
1.05791
1.06212
1.0645
1.06243
1.04008
1.00638
0.989039
0.98578
0.987224
0.992589
1.0191
1.05679
1.07546
1.08114
1.08299
1.08422
1.08465
1.07121
1.034
1.0061
0.997412
0.996871
1.00637
1.04051
1.07024
1.07912
1.13323
2.30103
9.27839
0.835921
0.852767
0.85702
0.849381
0.829386
0.811779
0.802115
0.796513
0.787964
0.781644
0.783001
0.7935
0.820736
0.850651
0.875084
0.895773
0.909653
0.913855
0.907973
0.889273
0.865899
0.841361
0.822346
0.815814
0.816786
0.821813
0.838109
0.879478
0.926285
0.951971
0.961765
0.966306
0.967197
0.954999
0.915653
0.875253
0.860402
0.859334
0.861795
0.868092
0.886874
0.937633
0.982864
0.999581
1.0053
1.00736
1.00239
0.982898
0.943839
0.917103
0.909822
0.910866
0.915158
0.924551
0.949642
0.997157
1.02485
1.03306
1.03521
1.03211
1.02563
1.01291
0.985806
0.965225
0.959752
0.961257
0.965225
0.971963
1.00043
1.03795
1.05543
1.06042
1.0615
1.06061
1.05925
1.04461
1.01429
0.995643
0.99069
0.990856
0.992826
1.01164
1.05026
1.07349
1.08111
1.08336
1.08418
1.0846
1.0769
1.04292
1.01
0.997539
0.995996
1.00336
1.03689
1.05958
1.12127
2.36802
9.28606
0.830569
0.857845
0.862346
0.865224
0.863615
0.845997
0.820938
0.800665
0.786722
0.78114
0.782054
0.784948
0.792441
0.818807
0.865743
0.898913
0.912791
0.918175
0.920969
0.917278
0.890113
0.847336
0.823452
0.817243
0.818597
0.823689
0.836513
0.862173
0.910129
0.948152
0.961686
0.965965
0.964059
0.948628
0.922783
0.892492
0.871368
0.866488
0.869545
0.879156
0.895443
0.919748
0.959515
0.986857
0.995543
0.995123
0.987693
0.978704
0.966798
0.943134
0.926366
0.923469
0.928562
0.938621
0.950847
0.968412
0.996822
1.01474
1.02015
1.02101
1.02163
1.02242
1.01643
0.994694
0.975926
0.970143
0.971276
0.97547
0.980829
0.999101
1.03041
1.0479
1.05416
1.05818
1.06221
1.06378
1.0538
1.02429
1.00071
0.991763
0.991137
0.993435
1.00808
1.0445
1.07013
1.07911
1.08273
1.08613
1.08756
1.08305
1.05215
1.01371
0.996248
0.993241
1.00143
1.02809
1.098
2.41849
9.28714
0.80409
0.848103
0.859616
0.863629
0.865474
0.864991
0.852674
0.821326
0.795847
0.786672
0.787286
0.792356
0.801226
0.812417
0.834568
0.876373
0.903351
0.911641
0.912657
0.907546
0.896574
0.873349
0.844788
0.8325
0.832663
0.838572
0.847993
0.858932
0.878042
0.914537
0.940135
0.947535
0.945423
0.938971
0.93228
0.920399
0.902068
0.890341
0.889809
0.896676
0.906703
0.915351
0.926675
0.948739
0.966527
0.973144
0.974092
0.97424
0.975574
0.97391
0.962988
0.95197
0.948786
0.95044
0.953079
0.954325
0.95848
0.97618
0.997417
1.00992
1.0158
1.01851
1.02144
1.02492
1.01722
0.99846
0.98536
0.97904
0.975394
0.975781
0.987557
1.0196
1.04547
1.0571
1.06145
1.06383
1.06645
1.06316
1.03739
1.00885
0.995923
0.991761
0.991017
0.999557
1.03563
1.06877
1.08213
1.08603
1.08749
1.08832
1.08585
1.05954
1.01787
0.994695
0.990294
0.99329
1.06799
2.4382
9.27795
0.776503
0.807497
0.839107
0.853554
0.858114
0.858671
0.857045
0.850394
0.829836
0.811059
0.804496
0.805476
0.809208
0.813682
0.819256
0.834717
0.866232
0.888439
0.896301
0.897716
0.897931
0.896704
0.88422
0.865593
0.85617
0.855544
0.859464
0.865006
0.87023
0.878704
0.896785
0.915159
0.925414
0.930355
0.933236
0.936348
0.937065
0.931272
0.923609
0.919425
0.91854
0.918984
0.916129
0.912141
0.918432
0.93734
0.956162
0.968198
0.97736
0.989193
0.996932
0.995148
0.981824
0.967198
0.956171
0.948264
0.941953
0.941679
0.954485
0.981063
1.00197
1.01565
1.03055
1.04174
1.04598
1.0391
1.01364
0.98812
0.975247
0.972366
0.972676
0.978717
1.00672
1.03841
1.05427
1.06399
1.0715
1.07482
1.07275
1.04704
1.0108
0.992333
0.988652
0.989403
0.997096
1.03223
1.06768
1.08151
1.08556
1.08762
1.08897
1.08719
1.06411
1.02193
0.995179
0.980719
1.03324
2.41447
9.26233
0.773348
0.778768
0.793365
0.82122
0.841554
0.851164
0.855819
0.861104
0.864299
0.855515
0.835808
0.821856
0.816639
0.816746
0.818807
0.820235
0.824101
0.841643
0.867216
0.885393
0.895369
0.901911
0.909265
0.909877
0.897965
0.883921
0.876301
0.873341
0.870317
0.862918
0.859877
0.867718
0.889831
0.914522
0.932272
0.945055
0.958574
0.967046
0.965742
0.952364
0.935693
0.920346
0.903876
0.890797
0.888747
0.895508
0.920197
0.952383
0.979112
1.00026
1.01595
1.02249
1.0208
1.00177
0.972522
0.947513
0.931999
0.927278
0.929345
0.941075
0.97538
1.01316
1.03614
1.04811
1.05436
1.05734
1.05103
1.02102
0.988593
0.972012
0.965381
0.964948
0.970424
1.00022
1.04291
1.06521
1.0723
1.07537
1.07687
1.07419
1.05078
1.01402
0.994472
0.989739
0.989705
0.994222
1.02753
1.06642
1.08216
1.08632
1.08766
1.08861
1.08631
1.06692
1.02773
0.990098
1.01289
2.34379
9.25033
0.774884
0.768795
0.768354
0.775932
0.801955
0.833927
0.855891
0.868774
0.877794
0.882444
0.878655
0.857215
0.835215
0.823456
0.817584
0.812808
0.809318
0.811099
0.822957
0.853806
0.885734
0.906679
0.91955
0.928965
0.932742
0.924933
0.904985
0.885969
0.868791
0.853918
0.846103
0.846514
0.853192
0.877296
0.914536
0.946598
0.968664
0.982272
0.987815
0.98713
0.969528
0.935286
0.902845
0.887401
0.885126
0.887429
0.892765
0.91523
0.963265
1.00299
1.02105
1.02747
1.0306
1.02803
1.00346
0.957728
0.932754
0.927457
0.928552
0.932264
0.944624
0.987967
1.03163
1.05006
1.05593
1.05883
1.05836
1.04843
1.01359
0.97772
0.965481
0.964635
0.967288
0.975232
1.0082
1.05056
1.0691
1.07428
1.07609
1.07655
1.07409
1.05341
1.01603
0.993837
0.988437
0.989228
0.995866
1.02819
1.06491
1.08008
1.08425
1.08587
1.08714
1.08527
1.07096
1.02656
1.01527
2.25114
9.25595
0.776616
0.763394
0.763274
0.765956
0.771992
0.794249
0.836649
0.867401
0.879965
0.88509
0.88838
0.888808
0.873794
0.846364
0.824276
0.81151
0.807938
0.809614
0.812722
0.820825
0.849827
0.892531
0.919872
0.93198
0.937355
0.940627
0.938839
0.917253
0.880838
0.855133
0.846718
0.84705
0.850535
0.85769
0.880288
0.927766
0.967302
0.983318
0.988693
0.990726
0.986226
0.960031
0.917587
0.893102
0.887399
0.889161
0.89476
0.906089
0.934163
0.987637
1.01763
1.02598
1.02779
1.02008
1.00467
0.981373
0.951443
0.936491
0.934651
0.938315
0.946739
0.962813
1.00392
1.0382
1.04952
1.05167
1.04757
1.04049
1.03105
1.00811
0.983167
0.974642
0.975419
0.979737
0.985984
1.01196
1.04946
1.06765
1.07282
1.07396
1.07269
1.07005
1.05518
1.02315
1.00076
0.994244
0.994155
0.996928
1.02273
1.05923
1.07683
1.08251
1.08482
1.08607
1.08646
1.06784
1.05022
2.17906
9.27258
0.791785
0.766468
0.76596
0.769097
0.776117
0.786537
0.803768
0.839185
0.870568
0.884188
0.889119
0.891763
0.891448
0.879087
0.847219
0.822074
0.813573
0.81394
0.818357
0.825508
0.833976
0.85429
0.895276
0.924696
0.934862
0.937979
0.936734
0.929377
0.90821
0.877356
0.859949
0.85691
0.859833
0.865417
0.872583
0.890593
0.935617
0.968415
0.978394
0.979495
0.975512
0.968393
0.949494
0.920692
0.905219
0.90337
0.90801
0.916655
0.929311
0.952393
0.986508
1.00483
1.00848
1.00666
1.00485
1.00101
0.983977
0.960983
0.950978
0.951895
0.959031
0.967607
0.976481
0.99842
1.02218
1.03283
1.03571
1.03696
1.03825
1.03615
1.0206
1.00016
0.989727
0.987014
0.988213
0.990668
1.00652
1.03879
1.05821
1.06501
1.06752
1.06984
1.07163
1.06468
1.03554
1.00764
0.99567
0.993447
0.995674
1.01641
1.05276
1.07369
1.08163
1.08477
1.08761
1.08284
1.09433
2.1588
9.28818
0.82045
0.792276
0.782873
0.782001
0.784587
0.78817
0.792895
0.804298
0.834863
0.865726
0.87898
0.882469
0.881783
0.879753
0.876212
0.859686
0.839415
0.829449
0.827938
0.830006
0.833159
0.837466
0.852862
0.888995
0.915528
0.924879
0.926797
0.927657
0.928497
0.919066
0.894636
0.876147
0.870785
0.872327
0.876856
0.884274
0.897305
0.926726
0.951888
0.962636
0.966133
0.967713
0.96839
0.960111
0.940585
0.927124
0.923752
0.926239
0.930326
0.933962
0.942768
0.962899
0.982408
0.994342
1.00014
1.00257
1.00418
1.00003
0.988706
0.979532
0.975259
0.972179
0.965735
0.964177
0.975481
1.00139
1.02199
1.03261
1.03841
1.04441
1.04942
1.04403
1.02273
1.00272
0.991248
0.985378
0.983934
0.992785
1.02299
1.04979
1.06271
1.06977
1.07545
1.07875
1.07515
1.04791
1.01364
0.996491
0.991485
0.991154
1.00741
1.04627
1.07167
1.0816
1.08708
1.08386
1.12087
2.17996
9.30166
0.840788
0.836251
0.813871
0.798093
0.793255
0.794449
0.799853
0.80408
0.806616
0.817657
0.843124
0.863853
0.874995
0.883157
0.890408
0.89289
0.882461
0.85929
0.843558
0.838216
0.838698
0.841558
0.842964
0.845495
0.865867
0.896308
0.915613
0.926465
0.934994
0.94022
0.93731
0.916023
0.895391
0.886923
0.885954
0.887784
0.88653
0.886337
0.901256
0.930399
0.952585
0.965036
0.973801
0.980886
0.981557
0.968186
0.950466
0.939063
0.932471
0.927231
0.921944
0.922875
0.938259
0.967077
0.989119
1.00256
1.01661
1.02742
1.02915
1.01715
0.995425
0.974419
0.959298
0.950564
0.948852
0.956985
0.985516
1.01588
1.03627
1.05292
1.06519
1.06974
1.06443
1.03714
1.00395
0.983129
0.975116
0.973533
0.979544
1.01008
1.04671
1.06743
1.07775
1.08338
1.08573
1.08324
1.0563
1.0146
0.992222
0.987229
0.987271
1.00261
1.0441
1.07143
1.08392
1.0832
1.1305
2.22773
9.31788
0.844325
0.849912
0.851127
0.840663
0.822954
0.812751
0.808216
0.80003
0.792402
0.792529
0.7992
0.824598
0.859978
0.883033
0.892487
0.897253
0.901755
0.901757
0.885652
0.864752
0.851845
0.841708
0.831221
0.829062
0.832635
0.850406
0.889445
0.921623
0.936255
0.942315
0.947226
0.950586
0.940163
0.917279
0.898916
0.884816
0.874907
0.871733
0.87436
0.887238
0.921342
0.954942
0.975098
0.986994
0.996109
1.00004
0.991816
0.968408
0.944443
0.924517
0.911555
0.908187
0.911125
0.925448
0.961094
0.998124
1.02317
1.03812
1.04513
1.04655
1.03295
0.997719
0.964041
0.946378
0.941398
0.942197
0.94855
0.978917
1.02545
1.05688
1.07011
1.07518
1.07746
1.07128
1.03716
0.994025
0.973772
0.969704
0.970548
0.975623
1.00847
1.05518
1.07776
1.08411
1.0866
1.08684
1.08312
1.05641
1.01215
0.989026
0.984597
0.985636
1.00468
1.04555
1.07234
1.07807
1.13187
2.2857
9.33582
0.838247
0.859566
0.869523
0.872613
0.864738
0.837803
0.810814
0.79712
0.791924
0.791866
0.794106
0.798109
0.816262
0.854458
0.883023
0.899787
0.913023
0.919114
0.919852
0.903158
0.867954
0.841426
0.831842
0.830404
0.832119
0.83628
0.849316
0.884595
0.920259
0.940789
0.954063
0.961785
0.964903
0.956723
0.924978
0.891889
0.876212
0.87289
0.874377
0.878247
0.887832
0.917542
0.958064
0.98664
1.00018
1.00543
1.0084
1.00356
0.972827
0.93259
0.913198
0.909276
0.910898
0.91507
0.927427
0.969502
1.01727
1.03931
1.04577
1.04866
1.04664
1.02817
0.983958
0.951251
0.941521
0.941914
0.945442
0.955159
0.994838
1.04689
1.06887
1.07423
1.07533
1.07116
1.05894
1.02381
0.986276
0.971739
0.970197
0.973006
0.983627
1.02292
1.06601
1.08162
1.08509
1.08518
1.08285
1.07792
1.05386
1.01219
0.989826
0.985987
0.988049
1.01101
1.04762
1.06292
1.12339
2.34408
9.34981
0.824249
0.862559
0.870916
0.874572
0.875532
0.8685
0.840277
0.810917
0.797101
0.793372
0.794543
0.79726
0.801103
0.814298
0.857919
0.899175
0.914349
0.91967
0.920883
0.916396
0.898932
0.867135
0.844784
0.836838
0.83632
0.838714
0.842007
0.850085
0.883437
0.93134
0.954675
0.961633
0.963156
0.957406
0.94619
0.922617
0.896176
0.882736
0.880026
0.882038
0.88523
0.891242
0.919305
0.96984
0.996813
1.00416
1.00509
0.998287
0.987737
0.964532
0.93431
0.920018
0.918139
0.920767
0.925458
0.938456
0.983431
1.024
1.03729
1.03933
1.03648
1.03129
1.01633
0.980976
0.956989
0.952023
0.955108
0.962099
0.973801
1.00812
1.04611
1.06047
1.06274
1.06124
1.05823
1.05067
1.02259
0.99388
0.98361
0.984502
0.988737
0.995694
1.02746
1.06243
1.07564
1.07815
1.07683
1.07488
1.07331
1.0572
1.02025
0.997007
0.991974
0.992907
1.01334
1.03734
1.10318
2.39315
9.35576
0.792908
0.838808
0.858219
0.86466
0.866792
0.867852
0.86753
0.850306
0.821131
0.803632
0.799703
0.801797
0.807029
0.816592
0.831132
0.863404
0.893432
0.905253
0.908565
0.909999
0.911667
0.905772
0.879986
0.853489
0.842732
0.84243
0.846454
0.856329
0.86798
0.890012
0.924043
0.942718
0.948617
0.951107
0.953691
0.953157
0.935578
0.906302
0.889908
0.887201
0.890453
0.898895
0.908553
0.926802
0.961895
0.983584
0.990276
0.992826
0.99505
0.993899
0.973797
0.943472
0.929779
0.928789
0.933887
0.942289
0.951918
0.979181
1.00943
1.02303
1.02722
1.02862
1.02832
1.01861
0.992864
0.974221
0.969086
0.970838
0.974426
0.978903
0.999749
1.0304
1.04656
1.05193
1.05311
1.05282
1.05127
1.03739
1.01512
1.00071
0.994979
0.994944
0.996751
1.01757
1.04878
1.06395
1.06883
1.07069
1.073
1.07485
1.06742
1.03516
1.00534
0.993053
0.992398
1.00129
1.07415
2.42516
9.34687
0.783068
0.793421
0.819639
0.846614
0.861126
0.86746
0.87042
0.872311
0.862152
0.835984
0.819295
0.815468
0.817782
0.821253
0.823724
0.827126
0.844884
0.875453
0.897519
0.908284
0.912555
0.914572
0.911189
0.893474
0.872006
0.862083
0.861585
0.864272
0.865603
0.865787
0.874417
0.903584
0.934037
0.949807
0.955151
0.957176
0.95648
0.946285
0.924332
0.909187
0.905388
0.906587
0.905635
0.904759
0.912809
0.943298
0.975161
0.991052
0.996312
0.998679
0.998285
0.986029
0.963722
0.950654
0.947196
0.945844
0.940956
0.941833
0.958895
0.992001
1.01419
1.02373
1.02829
1.03323
1.03364
1.01829
0.997515
0.984552
0.976997
0.971245
0.969322
0.980473
1.01086
1.03435
1.04548
1.05348
1.06331
1.06773
1.0602
1.03419
1.00907
0.994861
0.988771
0.987736
1.0006
1.0324
1.05551
1.06676
1.07461
1.08118
1.08406
1.07897
1.04844
1.01035
0.990416
0.977873
1.03407
2.42394
9.32534
0.778258
0.776606
0.780775
0.803465
0.837779
0.859731
0.868881
0.87242
0.875919
0.877083
0.863459
0.843158
0.830057
0.822323
0.816703
0.814517
0.816462
0.828096
0.860401
0.891169
0.905792
0.912007
0.919906
0.925824
0.920588
0.898893
0.877878
0.865267
0.859161
0.855827
0.856026
0.86179
0.88859
0.925966
0.945538
0.953628
0.963227
0.970816
0.969499
0.949288
0.923827
0.907326
0.899577
0.896178
0.896514
0.90229
0.930689
0.968443
0.988074
0.997058
1.00724
1.01386
1.00954
0.986427
0.961141
0.943391
0.934374
0.930947
0.93184
0.944883
0.980439
1.01115
1.02857
1.0403
1.05005
1.05306
1.04082
1.01166
0.983965
0.965883
0.958347
0.957376
0.965541
0.997304
1.0323
1.05544
1.07049
1.08004
1.08318
1.07659
1.04485
1.00742
0.985447
0.977116
0.975442
0.985393
1.02283
1.05863
1.07665
1.08505
1.08931
1.09126
1.08597
1.05377
1.00971
0.97512
1.00316
2.38136
9.30262
0.780637
0.776869
0.778542
0.780938
0.79228
0.824162
0.854367
0.873021
0.886556
0.894768
0.897111
0.885852
0.856253
0.830309
0.81766
0.814373
0.814793
0.816582
0.821668
0.845325
0.883068
0.911603
0.928596
0.938464
0.942802
0.939962
0.915097
0.881584
0.861564
0.854876
0.854212
0.855987
0.859353
0.877506
0.918055
0.952399
0.970851
0.980161
0.984764
0.98386
0.96133
0.925205
0.902785
0.895413
0.894985
0.897048
0.900831
0.921333
0.963384
0.997056
1.01436
1.02244
1.02624
1.02277
0.995557
0.958669
0.936952
0.92959
0.92927
0.931185
0.939185
0.97178
1.01427
1.0425
1.05576
1.06086
1.06252
1.05062
1.01102
0.973819
0.958156
0.955458
0.956735
0.961999
0.992706
1.04175
1.07162
1.08222
1.08546
1.08644
1.07888
1.04113
0.99582
0.976171
0.972782
0.973542
0.983888
1.02967
1.07141
1.08617
1.09059
1.0927
1.09067
1.08059
1.04852
0.995239
0.994063
2.3037
9.29942
0.794889
0.779601
0.777402
0.777748
0.780063
0.788011
0.819478
0.863942
0.887398
0.895393
0.898958
0.899091
0.890256
0.863178
0.835205
0.820214
0.814957
0.814662
0.816846
0.82097
0.840068
0.888732
0.925567
0.938506
0.94309
0.944391
0.940278
0.918076
0.884072
0.862259
0.854926
0.85465
0.857045
0.861142
0.877787
0.925934
0.965682
0.979469
0.983966
0.984703
0.980395
0.960424
0.926678
0.903695
0.895977
0.895872
0.898395
0.902826
0.922629
0.973024
1.00928
1.02095
1.02454
1.02357
1.01719
0.994188
0.958941
0.936083
0.929305
0.929971
0.932623
0.941241
0.98016
1.03167
1.05334
1.05878
1.05898
1.05409
1.04122
1.00584
0.970725
0.957371
0.956384
0.958672
0.96771
1.00978
1.06032
1.07864
1.08247
1.0818
1.07698
1.06477
1.02866
0.989611
0.975316
0.974349
0.978131
0.999435
1.04944
1.07985
1.0873
1.08887
1.08699
1.0821
1.07269
1.03198
1.01462
2.22759
9.31635
0.822559
0.788045
0.779182
0.779601
0.78408
0.79329
0.802982
0.82401
0.860506
0.883083
0.891179
0.894164
0.896679
0.896005
0.874604
0.839382
0.820015
0.816851
0.819594
0.827887
0.838427
0.85295
0.888745
0.920732
0.933102
0.936972
0.939117
0.939964
0.924893
0.887934
0.863651
0.858466
0.861014
0.869865
0.880905
0.894009
0.92679
0.959219
0.972212
0.976043
0.978295
0.979409
0.966199
0.930241
0.905705
0.900261
0.90323
0.912583
0.922037
0.934926
0.9708
1.0019
1.01285
1.01614
1.01868
1.01847
0.998781
0.959945
0.938521
0.9354
0.940135
0.949182
0.959008
0.987329
1.02705
1.04461
1.04898
1.05113
1.05202
1.04115
1.00259
0.972337
0.964809
0.96788
0.975767
0.986871
1.01849
1.05486
1.06888
1.07188
1.07212
1.06955
1.0581
1.02598
0.997229
0.987718
0.989076
0.993242
1.0114
1.05025
1.07198
1.07762
1.07757
1.0748
1.07352
1.05862
1.05464
2.18374
9.34352
0.847045
0.824995
0.803613
0.796019
0.796501
0.798824
0.800342
0.802716
0.814928
0.848056
0.877181
0.889962
0.894433
0.895539
0.893706
0.880236
0.853304
0.837162
0.834373
0.836666
0.839216
0.841347
0.848397
0.87682
0.911515
0.928987
0.935123
0.937141
0.935468
0.925783
0.900696
0.882146
0.877621
0.879644
0.882389
0.884177
0.889467
0.914059
0.948591
0.967323
0.974044
0.976139
0.974741
0.967259
0.944346
0.925221
0.919462
0.919971
0.920058
0.920818
0.927865
0.958826
0.993889
1.00962
1.0144
1.01476
1.01306
1.00293
0.976501
0.957861
0.952539
0.952265
0.952335
0.955608
0.979174
1.01886
1.0397
1.04584
1.04637
1.04393
1.0382
1.01567
0.992645
0.982756
0.980692
0.980914
0.983846
1.01037
1.04591
1.06064
1.06382
1.06144
1.06001
1.05895
1.04483
1.01884
1.0015
0.996319
0.996957
1.00753
1.039
1.05949
1.0662
1.06685
1.06695
1.06139
1.09506
2.1952
9.37214
0.853067
0.86067
0.851311
0.826102
0.80624
0.798774
0.799524
0.801569
0.803222
0.808022
0.832676
0.866109
0.883354
0.889942
0.895969
0.902637
0.900956
0.878986
0.85324
0.840063
0.838223
0.840395
0.842664
0.845562
0.863205
0.8977
0.920253
0.928982
0.934293
0.942188
0.944378
0.927595
0.900985
0.884909
0.880916
0.882555
0.884342
0.885816
0.900241
0.934588
0.95847
0.968182
0.975877
0.985585
0.987847
0.970232
0.941282
0.923354
0.918363
0.918595
0.918997
0.92196
0.945386
0.98223
1.00119
1.00937
1.01941
1.0272
1.02416
0.996705
0.966255
0.952483
0.950858
0.952377
0.953662
0.969506
1.00661
1.02938
1.03755
1.04553
1.05447
1.05603
1.0364
1.00379
0.983927
0.979328
0.980206
0.981994
1.00003
1.03121
1.04758
1.05411
1.06325
1.07412
1.07663
1.06325
1.0291
1.00368
0.995627
0.995659
0.999542
1.02111
1.0453
1.05852
1.06664
1.06651
1.11439
2.24025
9.36482
0.857167
0.871912
0.874936
0.870141
0.84429
0.818259
0.806166
0.799951
0.796448
0.797325
0.801321
0.820143
0.85741
0.885477
0.90167
0.910961
0.915505
0.915852
0.897917
0.867321
0.849467
0.841873
0.837109
0.836386
0.839322
0.851702
0.886157
0.918664
0.938638
0.950665
0.957127
0.959215
0.946314
0.915424
0.894207
0.884739
0.878168
0.875191
0.877244
0.888572
0.923678
0.958797
0.981373
0.994578
1.00051
1.00208
0.986666
0.953121
0.930388
0.918811
0.911313
0.909998
0.913543
0.934155
0.976297
1.00865
1.02693
1.03496
1.03803
1.03504
1.00813
0.97478
0.956976
0.947466
0.943694
0.94555
0.959459
0.998518
1.03242
1.05234
1.06145
1.06477
1.06444
1.04671
1.01244
0.989656
0.97738
0.971
0.971683
0.985857
1.02054
1.05028
1.07016
1.07998
1.08289
1.08306
1.07155
1.03815
1.00883
0.991304
0.981772
0.982554
1.00472
1.04243
1.06919
1.07454
1.12776
2.29688
9.36365
0.837993
0.867671
0.873426
0.876607
0.876888
0.861949
0.834085
0.811886
0.80174
0.800072
0.801578
0.804697
0.815181
0.846297
0.882761
0.90387
0.912676
0.916607
0.918812
0.911189
0.885935
0.859793
0.844599
0.839974
0.840703
0.843406
0.849889
0.87455
0.913551
0.941289
0.953607
0.958718
0.961667
0.957061
0.933264
0.904232
0.885458
0.878453
0.878155
0.880512
0.886748
0.91429
0.958018
0.986054
0.997097
1.00167
1.0041
0.99649
0.96668
0.934273
0.916913
0.912594
0.913685
0.916578
0.930623
0.972706
1.01184
1.02856
1.03488
1.03802
1.03715
1.01783
0.982164
0.956367
0.947329
0.946703
0.948875
0.95816
0.99359
1.034
1.05354
1.06074
1.06419
1.06475
1.05382
1.02187
0.989891
0.974953
0.972001
0.973209
0.981763
1.01584
1.05457
1.07318
1.07944
1.08172
1.0824
1.07663
1.04819
1.00764
0.984463
0.978831
0.98034
1.00667
1.04791
1.06354
1.12502
2.36643
9.36869
)
;

boundaryField
{
    back
    {
        type            empty;
    }
    outlet
    {
        type            zeroGradient;
    }
    top
    {
        type            zeroGradient;
    }
    inlet
    {
        type            fixedValue;
        value           uniform 1;
    }
    bottom
    {
        type            zeroGradient;
    }
    front
    {
        type            empty;
    }
}


// ************************************************************************* //
