/*--------------------------------*- C++ -*----------------------------------*\
  =========                 |
  \\      /  F ield         | OpenFOAM: The Open Source CFD Toolbox
   \\    /   O peration     | Website:  https://openfoam.org
    \\  /    A nd           | Version:  12
     \\/     M anipulation  |
\*---------------------------------------------------------------------------*/
FoamFile
{
    format      ascii;
    class       volScalarField;
    location    "9.4";
    object      T;
}
// * * * * * * * * * * * * * * * * * * * * * * * * * * * * * * * * * * * * * //

dimensions      [0 0 0 1 0 0 0];

internalField   nonuniform List<scalar> 
9801
(
0.835327
0.835771
0.836585
0.837843
0.840186
0.844054
0.846868
0.848324
0.849228
0.849865
0.850358
0.850792
0.851446
0.852261
0.853407
0.855581
0.859514
0.862609
0.864158
0.86509
0.865736
0.866086
0.866497
0.867166
0.868011
0.869117
0.871403
0.875571
0.87879
0.880321
0.881203
0.881626
0.881821
0.882247
0.882943
0.883884
0.885111
0.887691
0.892263
0.895469
0.896893
0.897651
0.897816
0.897848
0.898122
0.898934
0.899988
0.901295
0.90458
0.909935
0.913015
0.91427
0.914792
0.914352
0.914128
0.914533
0.915502
0.916642
0.918317
0.923046
0.929005
0.931773
0.933048
0.93314
0.931333
0.930815
0.931563
0.932802
0.934591
0.937771
0.944475
0.949955
0.952333
0.953722
0.953026
0.949599
0.948834
0.950077
0.952181
0.955487
0.963416
0.971605
0.975827
0.978188
0.97881
0.975248
0.971424
0.971552
0.974734
0.980318
0.993351
1.00506
1.01323
1.02046
1.02401
1.0234
1.01792
1.13802
1.51505
0.838422
0.839173
0.840127
0.841445
0.844281
0.847951
0.850244
0.851728
0.852833
0.853554
0.85347
0.853625
0.85442
0.855463
0.856675
0.859062
0.862975
0.865665
0.867259
0.868439
0.869202
0.868845
0.868936
0.869792
0.870898
0.872123
0.87438
0.878434
0.881419
0.8831
0.884311
0.884943
0.884206
0.884293
0.885218
0.886444
0.887775
0.890182
0.894641
0.897861
0.899516
0.900675
0.90088
0.899649
0.899764
0.900878
0.902237
0.90368
0.906702
0.911766
0.91504
0.916722
0.91784
0.917273
0.915609
0.915926
0.917201
0.918592
0.920279
0.924673
0.930545
0.933586
0.935276
0.936245
0.934151
0.932244
0.932966
0.93451
0.93637
0.939432
0.946292
0.951821
0.9545
0.956174
0.956168
0.952362
0.950799
0.952253
0.954474
0.957826
0.965607
0.973232
0.977395
0.98008
0.982455
0.980274
0.974572
0.974796
0.978272
0.983528
0.993588
1.00411
1.01249
1.02035
1.02471
1.02305
1.01228
1.13415
1.53192
0.842037
0.842779
0.843739
0.845072
0.847966
0.851709
0.853926
0.855356
0.85651
0.857352
0.857308
0.857285
0.857933
0.858963
0.860202
0.862622
0.866601
0.869251
0.870821
0.872066
0.872962
0.87272
0.872627
0.873322
0.874397
0.875643
0.877817
0.881866
0.884836
0.886539
0.887867
0.888724
0.888133
0.888019
0.888793
0.889966
0.891282
0.893518
0.89794
0.901204
0.902968
0.904326
0.904799
0.903634
0.903623
0.904608
0.905921
0.907352
0.910039
0.914981
0.918364
0.920233
0.92165
0.921574
0.919809
0.919795
0.920945
0.92246
0.924229
0.92824
0.933925
0.937133
0.93908
0.940459
0.939305
0.936976
0.937211
0.938697
0.940659
0.943496
0.949877
0.955585
0.958595
0.960716
0.961845
0.959089
0.956639
0.957545
0.959837
0.962744
0.96914
0.97752
0.983157
0.986758
0.989758
0.989411
0.98362
0.982035
0.985755
0.990918
0.999206
1.01056
1.02001
1.02865
1.03593
1.03623
1.02514
1.14256
1.54776
0.84645
0.847118
0.848033
0.849411
0.85241
0.856149
0.858387
0.859804
0.860949
0.861889
0.86195
0.861756
0.862313
0.863305
0.864614
0.8672
0.871166
0.873831
0.875417
0.876653
0.877652
0.877584
0.877231
0.877757
0.878761
0.880074
0.882416
0.886548
0.889602
0.891343
0.892681
0.893703
0.893278
0.89281
0.893382
0.894461
0.895838
0.898225
0.902784
0.906214
0.908052
0.909465
0.91026
0.909251
0.908843
0.909553
0.910711
0.912176
0.914889
0.920062
0.923772
0.92576
0.927275
0.927781
0.925979
0.925406
0.926364
0.927806
0.929687
0.933668
0.939524
0.943115
0.945263
0.946929
0.946815
0.944113
0.943498
0.944837
0.946871
0.949557
0.955593
0.96215
0.965828
0.968282
0.970314
0.96901
0.965146
0.964831
0.967102
0.970012
0.975144
0.98411
0.991155
0.995319
0.9985
1.00025
0.996426
0.992755
0.994607
0.999859
1.00647
1.01646
1.02618
1.03489
1.04334
1.04709
1.03984
1.15036
1.5618
0.851083
0.851716
0.85261
0.85396
0.857047
0.860845
0.863116
0.864567
0.865721
0.866683
0.866904
0.866648
0.867149
0.868115
0.86937
0.872019
0.876077
0.878792
0.880426
0.881681
0.882727
0.882896
0.882395
0.882825
0.88382
0.885093
0.887466
0.891753
0.894946
0.896753
0.898095
0.899169
0.898991
0.89832
0.89884
0.899945
0.901288
0.903616
0.908198
0.91183
0.913814
0.915265
0.916313
0.915578
0.914677
0.915306
0.916548
0.918074
0.920728
0.925856
0.92984
0.932034
0.933636
0.934655
0.933268
0.93187
0.932564
0.934038
0.935937
0.93963
0.945624
0.949758
0.952189
0.953999
0.954992
0.952769
0.950704
0.951452
0.953448
0.955912
0.961119
0.968564
0.97317
0.975849
0.978084
0.978653
0.974805
0.972487
0.973934
0.976902
0.980842
0.988763
0.997449
1.00302
1.00674
1.00999
1.0093
1.00429
1.00271
1.0061
1.01177
1.02016
1.03013
1.0386
1.046
1.05159
1.0469
1.1558
1.56985
0.856001
0.856555
0.857435
0.85872
0.861743
0.865689
0.868053
0.869553
0.870751
0.871782
0.872227
0.871929
0.872278
0.873187
0.874359
0.876796
0.881003
0.883892
0.885601
0.886907
0.888041
0.888483
0.887908
0.888155
0.889108
0.890334
0.892502
0.896856
0.900274
0.902201
0.903599
0.90478
0.904974
0.904016
0.904247
0.905302
0.906654
0.908861
0.913406
0.917288
0.919492
0.921072
0.922384
0.922363
0.920754
0.920699
0.921849
0.923431
0.926044
0.931163
0.935499
0.937957
0.939729
0.941213
0.941001
0.938688
0.938182
0.939405
0.941234
0.944379
0.950549
0.955656
0.958442
0.960352
0.961985
0.961214
0.95791
0.957151
0.958804
0.961064
0.965011
0.972708
0.978901
0.982222
0.984545
0.986256
0.983969
0.979988
0.979505
0.981834
0.984979
0.99059
0.999777
1.00688
1.01152
1.01532
1.01764
1.01458
1.01014
1.01022
1.01407
1.01988
1.02876
1.03743
1.04433
1.04964
1.04934
1.16078
1.57416
0.860693
0.861169
0.861991
0.863168
0.865946
0.870077
0.8726
0.874122
0.875329
0.876413
0.877072
0.876767
0.876943
0.877809
0.878978
0.881221
0.885459
0.888547
0.890305
0.891621
0.892785
0.893452
0.892858
0.892828
0.893714
0.894972
0.897076
0.901379
0.904983
0.907003
0.908442
0.909689
0.910358
0.909353
0.908904
0.909746
0.91109
0.913254
0.917769
0.921946
0.924304
0.925934
0.927336
0.92813
0.926626
0.925533
0.926252
0.927693
0.92997
0.935004
0.940004
0.942732
0.944502
0.946051
0.946916
0.944779
0.943063
0.943636
0.945301
0.947714
0.953318
0.959676
0.963229
0.9652
0.966878
0.967263
0.964116
0.962152
0.962931
0.9649
0.967507
0.973693
0.981543
0.986144
0.98887
0.991066
0.991242
0.987018
0.984284
0.984894
0.987472
0.991086
0.998631
1.00752
1.01357
1.01766
1.02111
1.02194
1.01757
1.01444
1.0155
1.01926
1.02549
1.03419
1.04117
1.04607
1.04863
1.1653
1.57694
0.864945
0.865349
0.866112
0.86722
0.869612
0.873786
0.876566
0.878201
0.879452
0.880565
0.881362
0.881038
0.880972
0.881742
0.882863
0.884861
0.889074
0.892434
0.894306
0.895666
0.896854
0.897763
0.897309
0.896846
0.897513
0.898672
0.90051
0.904731
0.908716
0.910914
0.912417
0.913707
0.914757
0.914124
0.913022
0.913413
0.914574
0.916289
0.920485
0.925314
0.92804
0.929743
0.931172
0.932364
0.931537
0.929769
0.929848
0.931019
0.932687
0.936774
0.942727
0.94632
0.94824
0.949768
0.950986
0.94967
0.947187
0.947053
0.948395
0.950213
0.954013
0.961139
0.96608
0.96857
0.970308
0.971544
0.969608
0.966433
0.965963
0.967341
0.969413
0.973075
0.981136
0.987955
0.991588
0.994129
0.996042
0.993984
0.988911
0.987594
0.989095
0.991848
0.996302
1.00496
1.01281
1.0179
1.02163
1.02475
1.0247
1.02009
1.01744
1.01883
1.02252
1.02907
1.03699
1.04285
1.04702
1.1704
1.57931
0.86858
0.868883
0.869595
0.87066
0.872692
0.876834
0.8799
0.881631
0.88292
0.884036
0.884915
0.884652
0.88438
0.885028
0.886082
0.887742
0.891734
0.895518
0.897568
0.898977
0.900188
0.901222
0.901031
0.900247
0.900642
0.901665
0.903102
0.906775
0.911401
0.914002
0.91558
0.916886
0.918047
0.917923
0.916442
0.916416
0.917347
0.91869
0.921836
0.927309
0.93084
0.932717
0.934166
0.935475
0.935412
0.933255
0.93272
0.933547
0.934958
0.937549
0.943615
0.948539
0.951
0.952608
0.953992
0.953684
0.950848
0.949863
0.950716
0.952248
0.954385
0.960298
0.967204
0.970755
0.97278
0.974436
0.974434
0.970706
0.968481
0.968917
0.970686
0.972961
0.97851
0.987361
0.99288
0.995819
0.998053
0.999175
0.995407
0.991136
0.990783
0.992527
0.995338
1.00092
1.0098
1.01685
1.02153
1.02505
1.02752
1.02644
1.02195
1.01957
1.02102
1.02455
1.0317
1.03903
1.04478
1.17568
1.58148
0.871511
0.871711
0.872351
0.873376
0.87509
0.879139
0.882571
0.884384
0.88566
0.886761
0.887682
0.887604
0.887161
0.887672
0.888659
0.889994
0.893447
0.897761
0.900145
0.901611
0.902821
0.903899
0.904036
0.903006
0.903111
0.90401
0.905222
0.907921
0.912973
0.916294
0.918034
0.919348
0.920527
0.920906
0.919345
0.918772
0.919484
0.920685
0.92271
0.927932
0.93262
0.934967
0.936462
0.937772
0.938341
0.936352
0.934988
0.935518
0.936752
0.93842
0.943016
0.949385
0.952839
0.954699
0.956179
0.956994
0.954697
0.952378
0.952431
0.953569
0.955211
0.958627
0.96637
0.972026
0.974773
0.976625
0.978037
0.975841
0.971572
0.97061
0.971679
0.973616
0.976314
0.983581
0.992001
0.996442
0.999133
1.0015
1.00205
0.997051
0.9932
0.993464
0.995574
0.998753
1.00526
1.01363
1.0198
1.02412
1.02756
1.02955
1.02798
1.02337
1.021
1.02204
1.02561
1.03325
1.04102
1.18141
1.5835
0.873882
0.873989
0.874549
0.875538
0.87695
0.88064
0.884502
0.886529
0.887843
0.888948
0.889922
0.890082
0.88945
0.889741
0.89062
0.89175
0.894378
0.899099
0.902071
0.90367
0.904908
0.906014
0.906518
0.905421
0.905069
0.9058
0.906915
0.908728
0.913451
0.91776
0.919902
0.921285
0.922489
0.923297
0.922065
0.920772
0.921198
0.922276
0.923707
0.927588
0.933392
0.936605
0.938311
0.939649
0.94068
0.939498
0.93725
0.937163
0.938163
0.93956
0.94212
0.94869
0.953986
0.956475
0.958057
0.959376
0.958699
0.955211
0.953908
0.954642
0.956136
0.958081
0.963596
0.971594
0.975874
0.978067
0.979725
0.980534
0.976987
0.97323
0.972843
0.973998
0.975962
0.979631
0.98837
0.99615
1.00013
1.00261
1.00458
1.00382
0.99865
0.995717
0.996329
0.998515
1.00209
1.00933
1.01711
1.02256
1.02647
1.02972
1.03113
1.02922
1.02426
1.02127
1.02188
1.02594
1.03531
1.18587
1.58501
0.875917
0.875962
0.8764
0.877337
0.878496
0.881501
0.885814
0.888259
0.889669
0.8908
0.891812
0.892261
0.891508
0.891455
0.892195
0.893245
0.895087
0.899684
0.903533
0.905418
0.906685
0.907795
0.908592
0.907759
0.906861
0.907346
0.908366
0.909681
0.913243
0.918517
0.92142
0.922973
0.924201
0.925253
0.924754
0.922881
0.922746
0.923652
0.924891
0.92714
0.932983
0.937712
0.939943
0.941339
0.942556
0.942602
0.940014
0.938797
0.939371
0.940589
0.942175
0.94667
0.953832
0.957797
0.959841
0.961292
0.962126
0.959395
0.956245
0.956046
0.957096
0.958647
0.961236
0.968571
0.975789
0.979194
0.981374
0.983206
0.98296
0.977825
0.974676
0.974989
0.976591
0.978774
0.983422
0.992636
0.99941
1.00279
1.00522
1.00737
1.00625
1.00072
0.998069
0.998923
1.00133
1.00547
1.01315
1.02023
1.02507
1.02865
1.03157
1.03256
1.03006
1.02431
1.02047
1.02065
1.02774
1.18742
1.58575
0.877827
0.877846
0.87806
0.878899
0.879911
0.882067
0.886568
0.889698
0.891314
0.892501
0.893534
0.894232
0.89353
0.893033
0.893625
0.894634
0.895999
0.899747
0.904448
0.906888
0.908281
0.909428
0.910427
0.910183
0.908792
0.908826
0.909689
0.91083
0.913042
0.918452
0.922539
0.924499
0.92581
0.926973
0.927355
0.925422
0.924387
0.924958
0.926053
0.927469
0.931627
0.93792
0.941224
0.942933
0.944247
0.94525
0.943567
0.940856
0.940634
0.941606
0.942983
0.945216
0.951767
0.95815
0.961025
0.962735
0.964165
0.964217
0.960388
0.957903
0.958031
0.959171
0.960906
0.964806
0.973493
0.979731
0.98253
0.98432
0.985843
0.984702
0.979516
0.977164
0.977639
0.979119
0.981388
0.987167
0.996518
1.00268
1.00595
1.00835
1.00989
1.00786
1.00271
1.00051
1.00141
1.00387
1.00868
1.01671
1.02322
1.02742
1.03051
1.03297
1.03348
1.03039
1.02376
1.01871
1.0194
1.18473
1.58582
0.879678
0.879773
0.879612
0.880308
0.881267
0.882781
0.886899
0.890914
0.892874
0.894101
0.89514
0.895994
0.895648
0.894748
0.8951
0.896022
0.897151
0.899648
0.904748
0.908136
0.909812
0.911025
0.912113
0.912532
0.911037
0.910358
0.910976
0.91203
0.913448
0.917667
0.923138
0.925904
0.927393
0.928594
0.929551
0.928428
0.926352
0.926278
0.927174
0.928406
0.930595
0.936738
0.942086
0.94454
0.945998
0.947236
0.947227
0.944064
0.942348
0.942757
0.943864
0.945331
0.948932
0.956733
0.961896
0.964313
0.966004
0.967387
0.965764
0.961083
0.959491
0.960217
0.961647
0.963489
0.968638
0.977603
0.98274
0.985287
0.987449
0.989061
0.986595
0.980994
0.979102
0.979991
0.981789
0.984357
0.990844
0.999812
1.00527
1.00822
1.01057
1.01223
1.01006
1.00472
1.00257
1.00353
1.0061
1.01153
1.01964
1.02552
1.0292
1.0321
1.03406
1.03395
1.03006
1.02147
1.01514
1.17797
1.58551
0.88144
0.881796
0.881179
0.881723
0.882651
0.883833
0.886978
0.891682
0.894252
0.895623
0.896708
0.897685
0.897927
0.896814
0.896679
0.897397
0.898403
0.899931
0.904424
0.909051
0.911289
0.912608
0.91373
0.914605
0.913657
0.91213
0.912326
0.91326
0.914435
0.916892
0.922771
0.926956
0.928909
0.930191
0.931351
0.931514
0.929052
0.927843
0.928396
0.929474
0.930816
0.934637
0.941645
0.945616
0.947515
0.948852
0.950002
0.948555
0.945007
0.9441
0.944811
0.946078
0.947865
0.953372
0.961275
0.965258
0.967168
0.96861
0.96972
0.967145
0.962828
0.961801
0.96239
0.963733
0.965922
0.972682
0.98174
0.98635
0.988524
0.990151
0.991229
0.988269
0.983188
0.981705
0.982494
0.984159
0.986954
0.994394
1.00303
1.008
1.01086
1.01316
1.0143
1.01175
1.00658
1.00439
1.00521
1.00775
1.01373
1.02188
1.02732
1.03062
1.03327
1.03456
1.03404
1.02751
1.01664
1.16945
1.58518
0.883121
0.883929
0.882985
0.883245
0.884068
0.885089
0.887085
0.891841
0.895416
0.897139
0.898324
0.899371
0.900123
0.899225
0.898318
0.898719
0.899647
0.900827
0.903857
0.909371
0.912597
0.914177
0.915321
0.916355
0.91638
0.914434
0.913842
0.914534
0.915604
0.916987
0.92137
0.927338
0.930289
0.931821
0.93303
0.934003
0.932566
0.929993
0.929715
0.930521
0.931699
0.933514
0.939336
0.945879
0.948914
0.950669
0.951981
0.952517
0.949239
0.946203
0.94612
0.94712
0.948432
0.950618
0.95765
0.964927
0.968198
0.970213
0.971909
0.972482
0.968201
0.964035
0.963621
0.964792
0.966332
0.968711
0.976264
0.984668
0.988488
0.990723
0.992868
0.994015
0.990248
0.985022
0.983742
0.984834
0.986782
0.989973
0.99769
1.00562
1.01012
1.01289
1.01519
1.01647
1.01366
1.00805
1.00569
1.00644
1.00896
1.01525
1.02332
1.02841
1.03156
1.03383
1.0348
1.03233
1.02349
1.16315
1.58529
0.884818
0.8861
0.885106
0.884843
0.885447
0.886371
0.887653
0.891502
0.896265
0.898646
0.899951
0.90104
0.902013
0.901796
0.900246
0.900167
0.900984
0.902053
0.903762
0.908743
0.913434
0.915599
0.916879
0.917997
0.918814
0.917429
0.915694
0.915854
0.916748
0.917885
0.920132
0.926334
0.931231
0.933403
0.934694
0.935863
0.936078
0.933177
0.931331
0.931684
0.932707
0.933969
0.936791
0.944097
0.949552
0.951886
0.953416
0.95472
0.954451
0.950408
0.94807
0.948194
0.949098
0.950526
0.953753
0.962084
0.968592
0.971363
0.972958
0.974306
0.97444
0.969975
0.966468
0.96614
0.966867
0.968311
0.971258
0.979843
0.98804
0.991709
0.993678
0.995325
0.995975
0.992252
0.987517
0.986336
0.987124
0.988831
0.992435
1.00081
1.00834
1.01249
1.01511
1.01725
1.01822
1.01517
1.00939
1.00684
1.00741
1.00976
1.01616
1.02412
1.02903
1.03203
1.03407
1.03392
1.03066
1.16153
1.58611
0.886544
0.888101
0.887443
0.886492
0.886797
0.887646
0.888706
0.891158
0.896441
0.899903
0.901538
0.902668
0.903693
0.904199
0.902715
0.90184
0.902358
0.903302
0.904442
0.907571
0.913466
0.91685
0.918484
0.919649
0.920716
0.92059
0.918138
0.917281
0.917918
0.918989
0.920269
0.924159
0.930948
0.93461
0.936367
0.937546
0.938605
0.93731
0.933929
0.933106
0.933812
0.934908
0.936267
0.940512
0.948361
0.952783
0.95491
0.956474
0.957717
0.955911
0.951098
0.949514
0.95029
0.951575
0.95299
0.956864
0.965642
0.971292
0.973819
0.975793
0.977428
0.97671
0.971185
0.96776
0.967881
0.969228
0.970889
0.974109
0.982837
0.990266
0.993526
0.995692
0.997792
0.998534
0.994327
0.989205
0.987937
0.989024
0.991087
0.995178
1.0036
1.01053
1.01441
1.01697
1.01909
1.02017
1.01677
1.01047
1.00771
1.00814
1.01028
1.01652
1.02432
1.02916
1.03223
1.03332
1.03504
1.16432
1.58766
0.888201
0.889877
0.889802
0.888454
0.888261
0.888965
0.889938
0.891379
0.895815
0.900663
0.902955
0.904229
0.905308
0.906235
0.905607
0.903825
0.903717
0.904467
0.905504
0.907142
0.912298
0.91759
0.919961
0.92124
0.922326
0.923107
0.921383
0.91916
0.919214
0.920131
0.921236
0.922889
0.928581
0.934871
0.937646
0.939188
0.940368
0.94096
0.938107
0.935155
0.934965
0.935816
0.936977
0.938728
0.94465
0.952219
0.95575
0.957483
0.958784
0.959782
0.95728
0.952987
0.951957
0.95243
0.953473
0.955106
0.960262
0.969424
0.974599
0.976767
0.978133
0.979382
0.978488
0.973321
0.970432
0.970439
0.971302
0.972851
0.976656
0.98604
0.993281
0.996397
0.998243
0.999785
1.00022
0.996298
0.991479
0.990173
0.990912
0.992689
0.997123
1.00601
1.01288
1.01663
1.01904
1.02091
1.02167
1.01813
1.01157
1.00844
1.00862
1.01037
1.01639
1.02407
1.02922
1.03149
1.03662
1.17093
1.58974
0.889763
0.891513
0.891974
0.890811
0.889862
0.890277
0.891162
0.892253
0.895009
0.900644
0.904112
0.905762
0.906882
0.907898
0.908262
0.906325
0.905207
0.905703
0.906687
0.907836
0.91073
0.917026
0.920959
0.922736
0.923876
0.924953
0.924874
0.922039
0.920757
0.921216
0.922167
0.923322
0.925966
0.93306
0.938367
0.940652
0.94205
0.943198
0.942755
0.938683
0.936566
0.936974
0.93807
0.939245
0.941333
0.948389
0.955354
0.958366
0.960174
0.96172
0.962365
0.958407
0.954063
0.95349
0.954568
0.955903
0.957541
0.963234
0.972079
0.976487
0.978664
0.98063
0.982141
0.980632
0.97494
0.97193
0.972209
0.973606
0.975396
0.979455
0.988538
0.995008
0.997866
0.99991
1.00189
1.00251
0.998292
0.99303
0.991467
0.992394
0.994414
0.999245
1.00808
1.01468
1.01829
1.02064
1.02242
1.02314
1.01951
1.0126
1.00894
1.00872
1.01002
1.01582
1.02369
1.02832
1.03618
1.17906
1.59193
0.891195
0.893066
0.893787
0.893319
0.891698
0.891658
0.892451
0.893464
0.894986
0.899621
0.904711
0.907061
0.908326
0.909382
0.910266
0.909338
0.907211
0.907084
0.907888
0.908926
0.910314
0.914938
0.921114
0.923997
0.92547
0.926567
0.927452
0.925836
0.922831
0.922392
0.923221
0.924355
0.925634
0.929588
0.937134
0.941391
0.943344
0.944695
0.945723
0.944198
0.940059
0.938679
0.939103
0.940009
0.941284
0.944244
0.952221
0.958529
0.961166
0.962648
0.963828
0.964146
0.960123
0.956456
0.955982
0.95651
0.957657
0.959649
0.966455
0.975283
0.979493
0.981362
0.982699
0.983922
0.982618
0.977375
0.974637
0.974654
0.975497
0.977075
0.981688
0.991267
0.997639
1.0004
1.00216
1.00377
1.00442
1.00058
0.99531
0.99353
0.994042
0.995716
1.00046
1.00952
1.01635
1.01999
1.02214
1.02363
1.02424
1.02086
1.0137
1.00921
1.00837
1.00917
1.01529
1.0225
1.03288
1.18713
1.59376
0.892512
0.894524
0.895256
0.895577
0.894088
0.893298
0.893827
0.894743
0.895782
0.898326
0.904167
0.907993
0.909739
0.910841
0.911839
0.912179
0.910024
0.908689
0.9091
0.910016
0.911091
0.913199
0.919353
0.924643
0.926882
0.928111
0.92917
0.929436
0.926385
0.924191
0.924444
0.925406
0.926504
0.927964
0.933267
0.940674
0.94424
0.946071
0.947465
0.948291
0.945372
0.941033
0.940195
0.941129
0.942351
0.943603
0.946961
0.955317
0.960949
0.963349
0.965149
0.966704
0.966524
0.961469
0.957637
0.957484
0.958691
0.960132
0.962172
0.969061
0.977256
0.981008
0.983108
0.985061
0.986476
0.984832
0.979191
0.976062
0.976187
0.977568
0.979481
0.984317
0.993301
0.999102
1.00191
1.00422
1.00616
1.00684
1.00269
0.996784
0.994616
0.995189
0.996913
1.00154
1.01055
1.0175
1.02115
1.02322
1.02459
1.0252
1.0222
1.01484
1.00918
1.00741
1.00813
1.01395
1.02686
1.19322
1.59481
0.893297
0.895731
0.896605
0.897529
0.897076
0.895382
0.895244
0.895935
0.896888
0.898184
0.902391
0.908178
0.910909
0.912262
0.913284
0.914209
0.913435
0.910922
0.910462
0.911179
0.912196
0.913313
0.916437
0.923369
0.927667
0.929574
0.930734
0.93176
0.930893
0.927247
0.925901
0.926387
0.927348
0.928503
0.930495
0.937048
0.943851
0.946801
0.948377
0.949609
0.950137
0.946848
0.943187
0.942655
0.943176
0.944138
0.945589
0.949959
0.958638
0.963887
0.96607
0.967369
0.968516
0.968335
0.963713
0.96039
0.960106
0.960677
0.961852
0.964133
0.971776
0.980097
0.983817
0.985559
0.986843
0.98815
0.987046
0.981779
0.978694
0.978534
0.979369
0.980981
0.986125
0.995765
1.00188
1.00455
1.00625
1.00774
1.00831
1.00448
0.998676
0.996229
0.996486
0.997883
1.00208
1.0112
1.01851
1.02219
1.02404
1.02524
1.02582
1.02334
1.01598
1.00878
1.00595
1.00598
1.01856
1.19561
1.59508
0.893882
0.897095
0.898055
0.8991
0.899701
0.898102
0.896813
0.89719
0.898103
0.899112
0.901001
0.906584
0.911465
0.913578
0.914745
0.915791
0.916435
0.914337
0.912306
0.91242
0.913192
0.914163
0.915494
0.919915
0.926992
0.930569
0.932275
0.933357
0.934193
0.932016
0.928316
0.927619
0.928442
0.929575
0.930686
0.933036
0.940361
0.946582
0.949219
0.950855
0.952233
0.952393
0.94807
0.944344
0.944121
0.945211
0.946455
0.947853
0.952521
0.961115
0.965773
0.967917
0.969743
0.971201
0.970608
0.96543
0.961729
0.961535
0.962712
0.964192
0.966522
0.973923
0.981604
0.98508
0.987225
0.989168
0.99058
0.989321
0.983806
0.980203
0.979981
0.981253
0.983141
0.988161
0.997243
1.0029
1.00557
1.00753
1.00941
1.01048
1.00681
1.00044
0.997466
0.997537
0.998823
1.00269
1.01158
1.01903
1.02267
1.0244
1.0256
1.02617
1.02429
1.01701
1.00856
1.00342
1.0087
1.19243
1.59423
0.893832
0.898404
0.899534
0.900583
0.901546
0.901296
0.899156
0.898695
0.899323
0.900201
0.901163
0.903975
0.91052
0.914558
0.916309
0.917393
0.918403
0.918129
0.915068
0.913752
0.914222
0.915203
0.916249
0.917835
0.923398
0.930164
0.933224
0.934866
0.936012
0.936433
0.933211
0.930081
0.929825
0.930484
0.93144
0.932675
0.93584
0.943678
0.949332
0.951696
0.953081
0.954198
0.954137
0.949988
0.946855
0.946601
0.947121
0.948138
0.949786
0.95543
0.964153
0.968629
0.970482
0.971647
0.972762
0.972492
0.967914
0.964479
0.964073
0.964598
0.965739
0.968198
0.97627
0.984325
0.98782
0.98951
0.990789
0.992183
0.991598
0.98644
0.982641
0.982014
0.9825
0.983924
0.988904
0.998476
1.00497
1.00799
1.00979
1.01137
1.0122
1.00906
1.00269
0.999037
0.998609
0.99955
1.00269
1.01147
1.01927
1.02289
1.02455
1.02582
1.02646
1.02494
1.01769
1.0066
1.00289
1.18318
1.59259
0.892833
0.899191
0.901022
0.902142
0.903158
0.903965
0.902499
0.900479
0.900369
0.90102
0.901963
0.903272
0.907668
0.914313
0.9175
0.918959
0.919956
0.920837
0.919281
0.916148
0.915572
0.916221
0.917134
0.918142
0.920143
0.926824
0.933224
0.935948
0.937486
0.938584
0.938474
0.934422
0.931451
0.931478
0.932519
0.933621
0.934799
0.938287
0.946407
0.951579
0.95379
0.955449
0.956864
0.956453
0.951528
0.948095
0.94807
0.949207
0.950481
0.952052
0.957725
0.96595
0.969963
0.972002
0.973809
0.975282
0.974912
0.970016
0.965946
0.965377
0.96646
0.967958
0.97057
0.978145
0.985491
0.988896
0.991098
0.993019
0.994493
0.99376
0.988217
0.983633
0.98274
0.983777
0.985548
0.990463
0.999907
1.00652
1.00952
1.01136
1.01311
1.0142
1.01125
1.00423
0.99981
0.99902
0.999951
1.00294
1.0114
1.01925
1.02291
1.02461
1.02598
1.02646
1.02513
1.01586
1.00465
1.17141
1.59149
0.891453
0.898858
0.902228
0.903763
0.904791
0.905773
0.905806
0.903046
0.901637
0.902057
0.902972
0.903966
0.905709
0.911477
0.9176
0.920249
0.921645
0.922681
0.923132
0.920203
0.91739
0.91717
0.917898
0.918928
0.920113
0.922866
0.930227
0.93593
0.938313
0.939828
0.940958
0.940377
0.936172
0.933737
0.933736
0.934294
0.935274
0.936689
0.941089
0.949382
0.954246
0.956299
0.957523
0.958631
0.958365
0.953939
0.950876
0.950584
0.950993
0.951965
0.953751
0.960025
0.968449
0.972624
0.974428
0.975587
0.97685
0.977106
0.97278
0.968676
0.967891
0.968341
0.969389
0.971837
0.979759
0.987823
0.9915
0.99323
0.994406
0.995945
0.996027
0.991027
0.986324
0.98515
0.985614
0.986958
0.991279
1.00063
1.00788
1.01122
1.01291
1.01425
1.01516
1.01308
1.00644
1.00133
0.999985
1.00054
1.00289
1.01084
1.01876
1.02252
1.02446
1.02584
1.02643
1.0233
1.0145
1.16335
1.59128
0.891039
0.89675
0.902633
0.90512
0.906329
0.907281
0.908082
0.906613
0.903747
0.903344
0.904
0.904891
0.90592
0.908343
0.91526
0.920789
0.923067
0.924317
0.925287
0.924883
0.920938
0.918735
0.919005
0.919973
0.921026
0.922157
0.925395
0.933259
0.938544
0.940782
0.942263
0.943448
0.942377
0.937439
0.93487
0.93522
0.936337
0.937481
0.938771
0.943375
0.951655
0.95609
0.958131
0.959848
0.96123
0.960706
0.955626
0.951975
0.951745
0.952804
0.954136
0.95597
0.961945
0.969911
0.973877
0.976008
0.977851
0.979293
0.979378
0.974899
0.970145
0.969011
0.969911
0.971383
0.973906
0.98115
0.988647
0.99237
0.994871
0.997018
0.998577
0.998528
0.993489
0.987996
0.986197
0.986686
0.987948
0.991482
1.00052
1.0081
1.01157
1.01362
1.01553
1.01687
1.01536
1.00842
1.00227
1.00033
1.00075
1.00271
1.00991
1.01782
1.02192
1.02411
1.02572
1.02553
1.02383
1.1623
1.59204
0.891834
0.89454
0.900974
0.905753
0.907713
0.908767
0.909679
0.909912
0.907098
0.904936
0.905055
0.905887
0.906886
0.908054
0.911395
0.918815
0.923551
0.925596
0.926863
0.92777
0.926325
0.922178
0.920684
0.921013
0.921733
0.922785
0.924192
0.928362
0.936306
0.940979
0.942956
0.94425
0.94523
0.94405
0.939546
0.937435
0.937511
0.938057
0.93905
0.940645
0.946121
0.954487
0.958767
0.960547
0.961595
0.962545
0.962383
0.958088
0.954717
0.954291
0.954768
0.95574
0.957524
0.963894
0.972433
0.976571
0.978311
0.979374
0.980575
0.981233
0.977601
0.972871
0.971504
0.97178
0.972756
0.974843
0.982253
0.990999
0.995367
0.997358
0.998738
1.00005
1.00037
0.995836
0.98981
0.987357
0.98759
0.988865
0.99191
1.00051
1.00926
1.01358
1.01546
1.01688
1.0178
1.01667
1.01032
1.00345
1.00082
1.00087
1.0023
1.0086
1.01662
1.02123
1.0241
1.02477
1.02923
1.16669
1.59375
0.893012
0.894469
0.897685
0.90456
0.908493
0.910166
0.911105
0.912004
0.91131
0.907856
0.906561
0.907046
0.907948
0.908925
0.910199
0.914278
0.921888
0.926192
0.92811
0.929344
0.930065
0.927704
0.923288
0.922081
0.922819
0.923955
0.925035
0.926315
0.930853
0.938828
0.943085
0.94497
0.946449
0.947658
0.946193
0.941033
0.938568
0.938963
0.940119
0.941331
0.942832
0.948285
0.956209
0.960034
0.961914
0.9636
0.964973
0.964819
0.960395
0.956384
0.95564
0.956582
0.95791
0.959651
0.96553
0.973466
0.977418
0.979535
0.981418
0.982918
0.983541
0.980036
0.974763
0.972783
0.973313
0.9747
0.976789
0.983203
0.991573
0.995968
0.998262
1.00002
1.00162
1.00225
0.998224
0.992089
0.989235
0.989279
0.990421
0.992943
1.00058
1.00928
1.01377
1.01597
1.01755
1.01867
1.01816
1.01222
1.00462
1.00115
1.00077
1.00168
1.00721
1.01524
1.0208
1.02298
1.03109
1.17525
1.59601
0.894236
0.895356
0.896493
0.900742
0.907606
0.911046
0.912628
0.913615
0.914373
0.912387
0.908988
0.908338
0.90893
0.909815
0.910797
0.912295
0.917125
0.924619
0.928495
0.930287
0.931564
0.932145
0.929269
0.925354
0.924575
0.92502
0.925717
0.926761
0.928371
0.933677
0.941486
0.945452
0.947186
0.948262
0.949169
0.948004
0.94351
0.941369
0.941426
0.941915
0.942873
0.944547
0.950443
0.958484
0.962528
0.964274
0.965365
0.96654
0.967059
0.963397
0.959205
0.958142
0.958309
0.959085
0.960784
0.966889
0.975524
0.98001
0.981918
0.983101
0.984392
0.985522
0.983043
0.977735
0.975348
0.975009
0.975407
0.977016
0.983101
0.992458
0.997962
1.00042
1.00193
1.00346
1.0045
1.00152
0.99503
0.991305
0.990672
0.991255
0.992812
0.99944
1.00901
1.0146
1.01716
1.01852
1.01931
1.01918
1.01419
1.00603
1.0015
1.00048
1.00082
1.00545
1.01403
1.01915
1.03048
1.18501
1.59827
0.89554
0.896176
0.896937
0.898423
0.903656
0.910559
0.913709
0.915157
0.916121
0.916536
0.913524
0.910502
0.910249
0.910988
0.911934
0.912839
0.914233
0.919512
0.927106
0.930811
0.932547
0.933835
0.93436
0.931105
0.926829
0.925938
0.926772
0.927906
0.928961
0.93037
0.935788
0.943436
0.947068
0.948848
0.950421
0.951645
0.950395
0.945364
0.94258
0.942716
0.94378
0.945016
0.946629
0.95201
0.959687
0.963684
0.965798
0.967618
0.969062
0.969495
0.965548
0.960447
0.958996
0.959737
0.961068
0.962967
0.968399
0.976287
0.98072
0.983156
0.985263
0.986882
0.987902
0.985348
0.979191
0.975766
0.975615
0.976784
0.978584
0.983899
0.993038
0.999231
1.00228
1.00404
1.00546
1.00649
1.00385
0.996788
0.992007
0.990983
0.991843
0.993532
0.999442
1.00886
1.01499
1.01778
1.01912
1.01984
1.01994
1.01594
1.00759
1.00173
0.999689
0.999523
1.00417
1.01193
1.02625
1.19391
1.59985
0.896686
0.896992
0.897839
0.898814
0.90062
0.906681
0.9133
0.916241
0.917769
0.918844
0.918753
0.915013
0.912427
0.912274
0.912712
0.913472
0.914545
0.916376
0.922295
0.929532
0.932918
0.934553
0.935788
0.936262
0.933163
0.929362
0.928567
0.928845
0.929398
0.930441
0.932223
0.938299
0.945901
0.949518
0.951118
0.952129
0.953066
0.952447
0.948133
0.945386
0.94517
0.945569
0.946422
0.94798
0.95344
0.961697
0.966163
0.968058
0.969088
0.970191
0.971126
0.968225
0.963458
0.961837
0.961971
0.96262
0.96404
0.968936
0.977654
0.983166
0.985523
0.986732
0.987838
0.989175
0.987906
0.982263
0.978627
0.977928
0.97834
0.979554
0.983789
0.993218
1.00042
1.00358
1.00518
1.00631
1.00733
1.00609
0.999893
0.994637
0.993016
0.993125
0.994088
0.998625
1.00817
1.0152
1.01832
1.01951
1.02008
1.02031
1.01748
1.00946
1.00211
0.998617
0.998207
1.00206
1.01876
1.19977
1.60069
0.898472
0.897965
0.898723
0.89965
0.900639
0.902807
0.909688
0.916193
0.918948
0.920386
0.921353
0.920626
0.916186
0.913556
0.913665
0.914591
0.915583
0.916576
0.918308
0.924585
0.931771
0.935006
0.936649
0.938031
0.938631
0.935195
0.930639
0.92956
0.930315
0.931429
0.932562
0.934265
0.940224
0.94752
0.950877
0.952646
0.954241
0.955491
0.954962
0.950331
0.946735
0.946264
0.947183
0.948376
0.949852
0.954636
0.96253
0.966922
0.96925
0.971244
0.972727
0.973534
0.970763
0.965376
0.962915
0.963197
0.96438
0.965933
0.969828
0.977791
0.983263
0.986151
0.988662
0.990548
0.991865
0.990838
0.985031
0.980166
0.978898
0.979576
0.980922
0.984208
0.99252
1.00003
1.00373
1.00597
1.00799
1.00928
1.0087
1.00277
0.996204
0.993477
0.993437
0.994344
0.997971
1.00731
1.01494
1.01828
1.01947
1.02013
1.02057
1.01885
1.01154
1.00251
0.997391
0.995174
1.00881
1.1995
1.60017
0.901485
0.899329
0.8997
0.900536
0.901499
0.902627
0.905359
0.912763
0.918696
0.921172
0.922613
0.923532
0.92219
0.917711
0.915697
0.915831
0.916302
0.917109
0.918296
0.92059
0.927423
0.93427
0.93723
0.938678
0.939629
0.939993
0.937066
0.9331
0.932142
0.932526
0.933144
0.934173
0.936024
0.942253
0.949723
0.953273
0.954847
0.955767
0.956751
0.957008
0.95322
0.949481
0.948685
0.948883
0.949583
0.950979
0.955991
0.964833
0.96995
0.972019
0.973271
0.974281
0.975098
0.973135
0.968214
0.965615
0.965236
0.965469
0.966534
0.969916
0.978819
0.986165
0.989397
0.991088
0.992381
0.993653
0.993218
0.987908
0.982579
0.980734
0.98076
0.981542
0.983713
0.991647
1.0012
1.0061
1.00805
1.00931
1.01028
1.00997
1.00495
0.998025
0.9945
0.993948
0.994602
0.997174
1.00598
1.01454
1.0183
1.01949
1.02021
1.0207
1.01976
1.01336
1.00299
0.994964
0.999195
1.19296
1.59813
0.905921
0.902247
0.90129
0.901907
0.902852
0.903751
0.904791
0.907567
0.915232
0.920938
0.923237
0.924625
0.925635
0.924151
0.919212
0.916882
0.917247
0.918301
0.919412
0.920526
0.9227
0.929557
0.935972
0.938631
0.940151
0.941548
0.942341
0.9395
0.934872
0.933395
0.934025
0.935158
0.936323
0.9379
0.943545
0.950793
0.954309
0.956181
0.957838
0.959157
0.959409
0.955585
0.951007
0.949739
0.95046
0.951793
0.953433
0.957773
0.965805
0.970659
0.972959
0.974605
0.976141
0.977359
0.976001
0.970649
0.966804
0.966177
0.967149
0.968759
0.971731
0.979529
0.986679
0.990212
0.992198
0.993702
0.995126
0.995321
0.99068
0.984494
0.981786
0.981916
0.983152
0.985347
0.992078
1.0012
1.00616
1.00837
1.00973
1.01096
1.01134
1.0073
1.00003
0.995473
0.994307
0.994773
0.996982
1.00525
1.01403
1.01796
1.0192
1.02009
1.02079
1.02033
1.01464
1.00145
0.995841
1.18048
1.59603
0.910122
0.908216
0.904265
0.903645
0.904025
0.904534
0.90536
0.90661
0.909966
0.91762
0.922869
0.925001
0.92626
0.927176
0.925762
0.921319
0.919515
0.919795
0.920357
0.921097
0.922246
0.924709
0.931665
0.937975
0.940762
0.942137
0.943027
0.943728
0.941885
0.937778
0.936198
0.936323
0.936749
0.937671
0.939308
0.94501
0.952707
0.956636
0.958342
0.959299
0.960429
0.961365
0.958739
0.954254
0.952827
0.952941
0.953282
0.954393
0.957971
0.966025
0.972037
0.974856
0.976434
0.977629
0.978951
0.978877
0.97432
0.97014
0.969089
0.969038
0.969612
0.971537
0.978462
0.986847
0.991462
0.993598
0.995006
0.996442
0.997372
0.994216
0.988049
0.98476
0.984148
0.984296
0.985378
0.99057
1.00023
1.00665
1.00938
1.0108
1.01204
1.0129
1.01016
1.0027
0.996983
0.995144
0.995238
0.996515
1.00377
1.0129
1.01723
1.0188
1.02006
1.02082
1.0206
1.01315
1.00174
1.16809
1.59492
0.912447
0.913776
0.909356
0.905557
0.904987
0.905658
0.90651
0.90731
0.908384
0.911672
0.919428
0.924621
0.926757
0.928142
0.929276
0.928123
0.923477
0.92103
0.921234
0.922227
0.923274
0.924316
0.926313
0.932871
0.939206
0.941994
0.943653
0.945144
0.946224
0.944644
0.939923
0.93741
0.937585
0.938596
0.939786
0.941124
0.945756
0.953149
0.957265
0.959553
0.961609
0.963085
0.963988
0.961269
0.955817
0.953247
0.953344
0.954351
0.95564
0.958732
0.966414
0.972972
0.976104
0.978304
0.980238
0.981562
0.981634
0.976789
0.971119
0.96899
0.969256
0.970354
0.972057
0.978018
0.987097
0.992771
0.995505
0.997438
0.998988
0.999867
0.997209
0.990167
0.985127
0.983927
0.984578
0.985855
0.990224
0.999788
1.00733
1.01069
1.01221
1.01335
1.01417
1.01223
1.00476
0.997681
0.994964
0.994938
0.996138
1.00221
1.01143
1.01637
1.01848
1.01992
1.021
1.01914
1.0142
1.16229
1.59498
0.913619
0.915741
0.915134
0.910441
0.90725
0.906973
0.907265
0.907729
0.908652
0.910099
0.913991
0.921752
0.926762
0.92885
0.93009
0.930989
0.930143
0.926161
0.923843
0.92373
0.923994
0.924532
0.925641
0.927848
0.934488
0.941139
0.944195
0.945676
0.946657
0.947834
0.947364
0.943232
0.940552
0.940114
0.940122
0.940696
0.941985
0.946637
0.954996
0.96009
0.962214
0.963458
0.964236
0.965123
0.963549
0.958339
0.955535
0.955455
0.956359
0.95757
0.960072
0.967343
0.974893
0.978603
0.980318
0.981307
0.982179
0.982756
0.979435
0.973721
0.97126
0.971282
0.972207
0.973667
0.978461
0.987643
0.99433
0.997299
0.998691
0.999486
1.00035
0.999082
0.992876
0.987575
0.985961
0.986218
0.987115
0.990355
0.999353
1.00754
1.01127
1.01287
1.01394
1.01448
1.01329
1.00672
0.998942
0.995487
0.99504
0.995897
1.00097
1.00986
1.01536
1.01804
1.01995
1.01991
1.02295
1.16444
1.59634
0.913336
0.915814
0.916331
0.916304
0.911636
0.908231
0.908032
0.908838
0.90985
0.910908
0.912331
0.916183
0.923661
0.928493
0.93056
0.932026
0.933252
0.932798
0.928461
0.925048
0.92463
0.925437
0.926461
0.927531
0.929284
0.935436
0.942185
0.945421
0.947547
0.949256
0.950478
0.949958
0.945254
0.941205
0.940489
0.941273
0.942457
0.944045
0.94818
0.955917
0.96077
0.963046
0.964845
0.966451
0.967619
0.966673
0.961682
0.958026
0.957575
0.958328
0.959231
0.960935
0.967081
0.974603
0.978612
0.980842
0.982805
0.984357
0.985324
0.983103
0.977234
0.973722
0.973242
0.973837
0.9748
0.977875
0.986214
0.993456
0.996828
0.998774
1.00059
1.00198
1.00184
0.996614
0.990385
0.98755
0.98724
0.987919
0.989904
0.99774
1.00653
1.01083
1.01264
1.01401
1.01503
1.01485
1.00931
1.00074
0.99619
0.995374
0.99568
0.999244
1.00781
1.01399
1.01786
1.019
1.02688
1.17202
1.59856
0.909994
0.914794
0.915822
0.91668
0.91691
0.913363
0.910618
0.91059
0.911324
0.912168
0.913125
0.914388
0.91808
0.925684
0.930656
0.932725
0.933838
0.934625
0.934529
0.931006
0.927704
0.927039
0.92724
0.927751
0.928794
0.930741
0.937413
0.944909
0.948314
0.94985
0.950796
0.951597
0.951467
0.947376
0.943646
0.943069
0.943585
0.944177
0.945281
0.948631
0.956576
0.962828
0.96578
0.967384
0.968705
0.969978
0.969409
0.964142
0.959724
0.958458
0.958824
0.959776
0.961185
0.96672
0.975641
0.981284
0.983785
0.985316
0.986704
0.987882
0.986211
0.97994
0.975112
0.973653
0.974089
0.97509
0.977246
0.985192
0.994491
0.999379
1.00143
1.0028
1.00407
1.00422
0.999464
0.992188
0.98804
0.987277
0.988086
0.989522
0.995978
1.00571
1.01145
1.01391
1.01519
1.01598
1.01599
1.01139
1.00232
0.996508
0.994944
0.995005
0.997536
1.00573
1.01318
1.01646
1.02801
1.18214
1.60097
0.903528
0.911784
0.915726
0.917857
0.919209
0.919762
0.916809
0.913684
0.913087
0.913681
0.914585
0.915395
0.91634
0.919301
0.926775
0.931805
0.933936
0.935475
0.936749
0.937078
0.933606
0.929252
0.928041
0.928722
0.929918
0.931225
0.932961
0.938713
0.945582
0.948895
0.950697
0.952293
0.953641
0.953884
0.950343
0.945748
0.944036
0.944501
0.945576
0.947062
0.950122
0.957407
0.963968
0.967185
0.968906
0.969958
0.970745
0.971032
0.96714
0.961975
0.960015
0.960392
0.961637
0.963327
0.967669
0.976069
0.982219
0.985211
0.986847
0.98773
0.988581
0.988185
0.982991
0.977287
0.975235
0.975525
0.976769
0.978936
0.985486
0.994735
1.00013
1.00249
1.00371
1.00438
1.00484
1.00163
0.994378
0.989502
0.988298
0.988817
0.990096
0.995558
1.00527
1.01176
1.01451
1.01562
1.01602
1.01597
1.01277
1.00422
0.997291
0.994641
0.99408
0.995937
1.00438
1.01103
1.02605
1.19234
1.60298
0.899018
0.905173
0.914225
0.918867
0.921249
0.922818
0.923597
0.921078
0.917211
0.915819
0.915513
0.91554
0.916118
0.91727
0.920777
0.928621
0.93393
0.936069
0.9372
0.937997
0.938677
0.936408
0.932312
0.931104
0.931409
0.93176
0.932481
0.933981
0.93914
0.946478
0.950874
0.953095
0.954565
0.95582
0.956409
0.953168
0.948186
0.946445
0.946927
0.947871
0.948782
0.950578
0.956731
0.963979
0.96782
0.969844
0.97163
0.973008
0.973705
0.970896
0.96553
0.963177
0.963161
0.963515
0.964326
0.967044
0.974653
0.981828
0.985363
0.987244
0.988922
0.990297
0.990828
0.986885
0.980855
0.978207
0.977977
0.97829
0.979324
0.983912
0.992999
0.999321
1.00201
1.00368
1.00517
1.00622
1.00452
0.99771
0.991992
0.990086
0.990012
0.99059
0.994273
1.00368
1.01093
1.01399
1.0152
1.01586
1.01621
1.01434
1.00658
0.998405
0.994281
0.992906
0.994707
1.00208
1.01996
1.20011
1.60412
0.898548
0.901637
0.910002
0.919027
0.923124
0.925057
0.926427
0.926765
0.923247
0.917705
0.915588
0.915823
0.916613
0.917607
0.919168
0.922722
0.92982
0.934829
0.937144
0.938891
0.94036
0.94128
0.939023
0.934127
0.9319
0.932089
0.932997
0.934072
0.935709
0.940114
0.947496
0.952367
0.954662
0.956057
0.957043
0.958006
0.956377
0.951597
0.94865
0.948063
0.948533
0.949463
0.950987
0.956673
0.965295
0.970356
0.972572
0.973957
0.975289
0.976301
0.974021
0.968007
0.964102
0.963237
0.963816
0.964864
0.966787
0.973783
0.982776
0.987677
0.989847
0.991321
0.992749
0.993442
0.990074
0.983175
0.978719
0.977772
0.978428
0.979535
0.982785
0.992082
1.00037
1.00417
1.00586
1.00714
1.00817
1.00699
1.00051
0.9934
0.990207
0.989855
0.990377
0.992741
1.00168
1.01051
1.0146
1.01581
1.01618
1.0165
1.01559
1.00921
0.999856
0.993531
0.99146
0.992095
1.01097
1.20335
1.60423
0.899603
0.903784
0.909026
0.916707
0.923423
0.925866
0.926899
0.927336
0.926939
0.923265
0.918176
0.916888
0.917424
0.918403
0.919427
0.920852
0.923995
0.931247
0.937005
0.939586
0.940905
0.941618
0.942414
0.941291
0.936801
0.934344
0.934389
0.935198
0.93615
0.937178
0.940191
0.947467
0.953176
0.955963
0.957891
0.959525
0.960641
0.959555
0.954432
0.950396
0.949428
0.950135
0.951366
0.952934
0.957311
0.965633
0.971321
0.974023
0.97548
0.976312
0.977182
0.976405
0.971131
0.96631
0.964942
0.965434
0.966588
0.968488
0.974171
0.983072
0.988697
0.991286
0.992584
0.99335
0.994079
0.992343
0.985871
0.980734
0.979305
0.979758
0.980981
0.983788
0.992005
1.00064
1.005
1.00686
1.00779
1.00836
1.00784
1.00253
0.99495
0.990913
0.99004
0.990456
0.992534
1.00089
1.0102
1.01464
1.01585
1.01617
1.01651
1.01612
1.01136
1.00121
0.992985
0.988244
1
1.20034
1.60272
0.904817
0.909174
0.911639
0.914071
0.919112
0.923334
0.924858
0.925259
0.925248
0.9252
0.923718
0.920456
0.919181
0.91961
0.92064
0.922083
0.923491
0.925755
0.931885
0.93766
0.940439
0.942268
0.943953
0.945069
0.944237
0.939951
0.936692
0.93594
0.936083
0.936652
0.937769
0.940568
0.948174
0.955105
0.958373
0.959908
0.96083
0.961811
0.961949
0.958016
0.953443
0.952087
0.952273
0.952667
0.953711
0.956847
0.964728
0.971314
0.974346
0.976185
0.977897
0.97918
0.979247
0.974998
0.969614
0.967624
0.967717
0.968146
0.969153
0.972974
0.98148
0.988069
0.991005
0.99273
0.994313
0.995545
0.995122
0.989655
0.98391
0.981768
0.981627
0.98205
0.983443
0.99003
0.999211
1.00427
1.0063
1.00756
1.00864
1.0091
1.0053
0.997738
0.992765
0.991167
0.991103
0.992043
0.999199
1.00914
1.01402
1.01523
1.01573
1.01641
1.01641
1.01291
1.00248
0.990955
0.992829
1.19
1.60009
0.910367
0.912201
0.912789
0.912739
0.913053
0.915616
0.920034
0.923038
0.924765
0.926041
0.927272
0.927355
0.924854
0.923004
0.923024
0.923536
0.92395
0.924781
0.926543
0.9323
0.93912
0.942893
0.944785
0.946058
0.947097
0.947016
0.942956
0.938373
0.936928
0.937431
0.938495
0.939797
0.941976
0.948492
0.955458
0.958956
0.961021
0.9629
0.964256
0.964704
0.960937
0.955118
0.952593
0.952641
0.953523
0.954688
0.956974
0.96436
0.972621
0.976854
0.978719
0.979997
0.981267
0.981932
0.978318
0.971932
0.968349
0.967814
0.968548
0.969651
0.972266
0.980502
0.989057
0.993292
0.995155
0.996462
0.997756
0.997709
0.992875
0.98585
0.981991
0.981417
0.982115
0.983256
0.988396
0.998418
1.00507
1.00778
1.00914
1.01031
1.01079
1.00811
1.00026
0.99353
0.990869
0.990726
0.99154
0.997439
1.00766
1.01311
1.01459
1.01538
1.01652
1.01687
1.01414
1.00139
0.992951
1.17589
1.59827
0.91618
0.914239
0.912004
0.909852
0.908653
0.909131
0.912468
0.918859
0.924054
0.927441
0.930034
0.931757
0.93234
0.92981
0.926234
0.924696
0.924883
0.925561
0.926261
0.927346
0.931956
0.939398
0.943637
0.945596
0.946899
0.948122
0.948901
0.946082
0.941487
0.93979
0.939805
0.94012
0.940937
0.942613
0.948504
0.956646
0.96123
0.963196
0.964236
0.964854
0.965487
0.963476
0.958191
0.954984
0.954635
0.955515
0.95677
0.958613
0.964424
0.972731
0.977645
0.979921
0.981208
0.98192
0.982646
0.980987
0.975092
0.97065
0.969574
0.97018
0.971368
0.973573
0.980361
0.989125
0.994093
0.996307
0.997436
0.998082
0.998521
0.995326
0.988249
0.983715
0.982589
0.983064
0.984207
0.988486
0.997993
1.00551
1.00874
1.0099
1.01069
1.01113
1.00947
1.00227
0.994573
0.99111
0.990553
0.991284
0.996222
1.00618
1.01229
1.01438
1.01563
1.01669
1.0172
1.01229
1.00329
1.16537
1.59759
0.922797
0.915661
0.909437
0.906192
0.905342
0.90587
0.90723
0.911869
0.921076
0.928429
0.932541
0.934902
0.93634
0.936797
0.933565
0.928744
0.926568
0.925636
0.925383
0.926019
0.927415
0.932026
0.939955
0.944912
0.947364
0.949298
0.950717
0.951523
0.949057
0.943631
0.940735
0.940701
0.941594
0.94285
0.944381
0.948633
0.956289
0.96115
0.963485
0.965407
0.966999
0.968084
0.967059
0.962093
0.958017
0.957147
0.95756
0.95804
0.959129
0.963091
0.971231
0.977197
0.97992
0.981783
0.98352
0.984722
0.984245
0.979191
0.97394
0.972179
0.972227
0.972564
0.973679
0.97853
0.987422
0.993386
0.995902
0.997469
0.998894
0.999962
0.998355
0.991863
0.986442
0.98457
0.984488
0.984956
0.987422
0.996139
1.00446
1.00802
1.0095
1.01061
1.01148
1.01079
1.0047
0.996193
0.991729
0.990908
0.991334
0.995112
1.00453
1.01105
1.01378
1.01545
1.01683
1.0162
1.01495
1.16334
1.59817
0.926965
0.919779
0.908653
0.904732
0.90446
0.9052
0.906917
0.909807
0.916395
0.927659
0.934236
0.936556
0.937864
0.938562
0.93844
0.934806
0.927956
0.925252
0.925459
0.926343
0.927451
0.929164
0.933464
0.942021
0.947719
0.949991
0.951216
0.95197
0.952467
0.951149
0.946771
0.943846
0.943346
0.943463
0.943813
0.94489
0.948271
0.956408
0.963104
0.966206
0.967803
0.969001
0.970131
0.970121
0.965474
0.959972
0.957734
0.957785
0.958589
0.959665
0.962395
0.970498
0.978573
0.982463
0.984243
0.985532
0.986777
0.98707
0.982524
0.975958
0.972553
0.972127
0.972825
0.97391
0.97733
0.986576
0.994498
0.99808
0.999707
1.00098
1.00206
1.00106
0.995032
0.987984
0.984637
0.984231
0.984924
0.986549
0.994155
1.00373
1.00853
1.01036
1.01157
1.01241
1.01229
1.00728
0.997985
0.992275
0.991073
0.991346
0.993758
1.00229
1.00949
1.01308
1.01556
1.01592
1.02228
1.16783
1.59988
0.923379
0.915926
0.910138
0.906367
0.905684
0.906533
0.909089
0.913788
0.919357
0.926119
0.933181
0.936656
0.938024
0.93804
0.936707
0.935246
0.932829
0.92842
0.926932
0.927524
0.928746
0.930428
0.932511
0.935931
0.942949
0.948153
0.950454
0.951848
0.953203
0.954432
0.95428
0.95014
0.945629
0.94403
0.944416
0.945498
0.946853
0.94914
0.955898
0.963138
0.966936
0.968888
0.970152
0.971053
0.971617
0.968756
0.962966
0.959762
0.959362
0.960167
0.96134
0.963484
0.970195
0.978605
0.983292
0.985437
0.986643
0.987375
0.987981
0.985341
0.97884
0.97456
0.973641
0.97425
0.975432
0.97824
0.986287
0.994736
0.998981
1.00078
1.00168
1.00232
1.00212
0.997314
0.989793
0.985708
0.984809
0.98538
0.986945
0.993427
1.00323
1.00894
1.01114
1.01215
1.01272
1.01272
1.00892
0.999648
0.992802
0.990869
0.99094
0.992579
1.00018
1.00796
1.01306
1.01485
1.0252
1.17685
1.60216
0.917037
0.915766
0.913859
0.911507
0.910898
0.912563
0.916096
0.919762
0.922397
0.924364
0.927141
0.930865
0.932991
0.933617
0.933924
0.934481
0.935372
0.935439
0.93313
0.931379
0.931423
0.932268
0.933073
0.933827
0.935821
0.94202
0.948423
0.951842
0.953584
0.954638
0.955431
0.956099
0.953804
0.949155
0.947018
0.946845
0.946904
0.947561
0.949093
0.954595
0.962673
0.96757
0.969843
0.971676
0.973161
0.974082
0.972347
0.966682
0.962519
0.961613
0.961912
0.962428
0.963683
0.968652
0.977343
0.983042
0.985501
0.987237
0.988779
0.989836
0.988556
0.982584
0.977508
0.975977
0.976019
0.976435
0.977879
0.984303
0.993277
0.998254
1.00024
1.0016
1.00281
1.00345
1.00018
0.992849
0.987885
0.986548
0.986705
0.987478
0.991974
1.00154
1.00804
1.01072
1.01196
1.01252
1.01265
1.01025
1.00186
0.994084
0.991153
0.990585
0.991524
0.998441
1.00714
1.01149
1.02554
1.18721
1.60439
0.911934
0.914778
0.916608
0.918627
0.920872
0.922528
0.923385
0.923978
0.924348
0.92349
0.92179
0.921732
0.924536
0.928914
0.932467
0.935212
0.937792
0.939923
0.94087
0.939048
0.935825
0.934074
0.93372
0.934129
0.934872
0.936186
0.940997
0.947961
0.952123
0.954375
0.956463
0.958016
0.958973
0.957296
0.951705
0.947838
0.947105
0.94769
0.948712
0.95006
0.954226
0.962851
0.969462
0.972346
0.973797
0.97483
0.975843
0.975252
0.969737
0.96405
0.962017
0.962259
0.963203
0.964408
0.968012
0.976861
0.984488
0.987859
0.989371
0.990495
0.991576
0.991185
0.985655
0.979117
0.97611
0.97589
0.976687
0.977907
0.982737
0.992572
0.999253
1.00201
1.0034
1.0046
1.00526
1.00306
0.995837
0.989309
0.986844
0.98668
0.987172
0.990043
0.999404
1.0074
1.0108
1.01213
1.01288
1.01311
1.01182
1.00456
0.995776
0.991371
0.989927
0.990071
0.996996
1.00471
1.02208
1.19707
1.60597
0.905539
0.913086
0.920119
0.927256
0.931453
0.932618
0.931512
0.928699
0.925117
0.919953
0.916207
0.915534
0.916742
0.920949
0.928255
0.934952
0.939941
0.943563
0.945599
0.94661
0.944697
0.939625
0.936147
0.934985
0.934573
0.934833
0.935785
0.939489
0.9475
0.953868
0.956784
0.958257
0.959269
0.960338
0.959901
0.955216
0.950699
0.949356
0.949712
0.950682
0.951951
0.954725
0.962252
0.969465
0.972944
0.974608
0.975648
0.976258
0.976532
0.973083
0.967322
0.964486
0.964311
0.965189
0.966386
0.96887
0.976265
0.984297
0.988377
0.990205
0.991197
0.991822
0.992151
0.98864
0.981939
0.978085
0.977362
0.977989
0.97923
0.982994
0.991975
0.999425
1.00281
1.0042
1.00498
1.00549
1.00446
0.99805
0.990689
0.987301
0.986795
0.987372
0.989751
0.998226
1.00718
1.01162
1.01291
1.01311
1.01315
1.01259
1.00694
0.99741
0.991087
0.988607
0.988847
0.994797
1.01501
1.2038
1.60692
0.898859
0.910097
0.925325
0.934744
0.938417
0.93991
0.93953
0.93494
0.925186
0.916518
0.913258
0.913155
0.914076
0.916132
0.921255
0.932067
0.941556
0.946159
0.948397
0.949779
0.94997
0.947316
0.940153
0.935005
0.933601
0.933827
0.934583
0.936083
0.939923
0.948173
0.954661
0.95772
0.959828
0.961604
0.962772
0.962671
0.958496
0.953256
0.951214
0.951381
0.951896
0.952685
0.954465
0.960638
0.968587
0.973017
0.975027
0.976868
0.978358
0.979204
0.977061
0.971291
0.967333
0.966441
0.966579
0.96699
0.968386
0.974153
0.982748
0.987859
0.990078
0.991902
0.993403
0.994276
0.99221
0.985678
0.980782
0.979401
0.979374
0.979772
0.981807
0.989609
0.998004
1.00198
1.00368
1.00491
1.00591
1.00596
1.00105
0.993512
0.989231
0.987999
0.987954
0.988923
0.996235
1.00605
1.01106
1.01253
1.01281
1.01296
1.01279
1.00904
0.999688
0.991092
0.987302
0.986072
1.00551
1.20492
1.60639
0.897833
0.908428
0.927567
0.937024
0.939948
0.941205
0.940733
0.936083
0.925963
0.916634
0.913295
0.913325
0.914324
0.916654
0.921516
0.929493
0.94057
0.946966
0.94923
0.950121
0.949981
0.948601
0.945831
0.939152
0.934616
0.934208
0.935149
0.936609
0.938594
0.941931
0.949574
0.957082
0.960569
0.962152
0.963082
0.963723
0.964275
0.961733
0.956065
0.952745
0.952155
0.952781
0.953849
0.955252
0.959814
0.968377
0.97462
0.97742
0.978942
0.980048
0.981024
0.980328
0.974687
0.968969
0.966669
0.966665
0.967482
0.96867
0.972869
0.982121
0.989408
0.992514
0.994018
0.995117
0.99614
0.994956
0.988468
0.981917
0.979152
0.979013
0.979782
0.981177
0.987693
0.997498
1.00302
1.00531
1.00668
1.00761
1.00768
1.0038
0.995476
0.989505
0.987487
0.987471
0.988029
0.993965
1.00464
1.01061
1.01209
1.01241
1.0131
1.01351
1.0111
1.00176
0.991335
0.984629
0.994669
1.19933
1.60418
0.903928
0.917218
0.926961
0.934609
0.938271
0.938757
0.934841
0.92903
0.924676
0.920644
0.917222
0.916613
0.91824
0.92253
0.927651
0.931808
0.936367
0.942466
0.946027
0.946839
0.946118
0.944959
0.944025
0.943452
0.940951
0.938548
0.938506
0.939728
0.941536
0.943731
0.945747
0.949989
0.956191
0.959912
0.96175
0.962931
0.963891
0.964971
0.964594
0.960154
0.956008
0.954672
0.954924
0.955818
0.956894
0.959543
0.967158
0.974356
0.977956
0.979793
0.981016
0.981904
0.982179
0.978281
0.971998
0.968771
0.968345
0.969081
0.970151
0.973129
0.981412
0.989361
0.99324
0.994946
0.995837
0.996373
0.996198
0.991392
0.984232
0.980671
0.980144
0.980819
0.982139
0.987395
0.997117
1.0037
1.00624
1.00708
1.00744
1.00767
1.00517
0.997375
0.990537
0.987687
0.987247
0.987828
0.993136
1.00389
1.01058
1.01232
1.01261
1.01327
1.01371
1.01224
1.00358
0.989512
0.988965
1.18727
1.60159
0.914596
0.921551
0.923899
0.926411
0.928166
0.927667
0.926005
0.925243
0.925621
0.925639
0.924838
0.924889
0.927053
0.930139
0.932395
0.933694
0.934311
0.934599
0.936116
0.938805
0.941343
0.943176
0.944744
0.946585
0.948136
0.948009
0.945857
0.944344
0.944231
0.94441
0.944129
0.944587
0.947166
0.953471
0.959205
0.96248
0.964694
0.966818
0.968189
0.968349
0.964577
0.959297
0.956722
0.956323
0.956342
0.956986
0.95885
0.96541
0.973815
0.978498
0.980695
0.982553
0.983906
0.984577
0.981867
0.975294
0.971015
0.970089
0.970199
0.970746
0.972509
0.979488
0.988276
0.992944
0.994834
0.99639
0.997559
0.998046
0.994592
0.987407
0.982987
0.981897
0.981921
0.982357
0.985756
0.99513
1.00237
1.00514
1.00636
1.00733
1.00814
1.00705
1.00032
0.992555
0.988724
0.987872
0.988115
0.992054
1.00252
1.00939
1.01128
1.01205
1.01327
1.01399
1.01293
1.00207
0.99225
1.17326
1.60007
0.922453
0.924042
0.923508
0.918808
0.914721
0.914873
0.91809
0.922119
0.925261
0.928511
0.933226
0.937317
0.938764
0.93817
0.936802
0.934889
0.931265
0.927789
0.926938
0.928866
0.934074
0.940396
0.945426
0.949654
0.953321
0.95542
0.955643
0.952436
0.947751
0.94459
0.943212
0.942749
0.94324
0.945011
0.951152
0.959517
0.964787
0.967262
0.968773
0.969955
0.97078
0.968577
0.962212
0.957744
0.956705
0.957251
0.958266
0.959785
0.964818
0.973959
0.980237
0.982837
0.984185
0.985101
0.985864
0.984428
0.978002
0.972327
0.97036
0.970573
0.971512
0.972968
0.978461
0.988002
0.99429
0.996745
0.997921
0.998803
0.999455
0.99709
0.989792
0.983732
0.98151
0.981553
0.982299
0.98469
0.993395
1.00237
1.00635
1.00778
1.00872
1.00953
1.00884
1.00284
0.993821
0.988687
0.987546
0.987933
0.990624
1.00025
1.00798
1.01063
1.01202
1.01343
1.01463
1.01152
1.00471
1.16441
1.59968
0.929316
0.925987
0.918206
0.909184
0.905406
0.905701
0.90864
0.915132
0.923491
0.933208
0.942845
0.947405
0.948726
0.94738
0.9423
0.934547
0.92756
0.923141
0.922262
0.922989
0.92552
0.93295
0.943815
0.951939
0.956851
0.959254
0.960567
0.960235
0.955501
0.948077
0.94359
0.942243
0.942522
0.943429
0.945363
0.950888
0.959837
0.965633
0.968432
0.970111
0.971416
0.972244
0.970868
0.965501
0.960635
0.959106
0.959365
0.960204
0.961278
0.964875
0.972979
0.979713
0.982761
0.984243
0.985335
0.986032
0.985984
0.981695
0.975704
0.972988
0.972734
0.973479
0.974503
0.977966
0.986639
0.993717
0.99686
0.998266
0.998985
0.999574
0.998926
0.993069
0.986113
0.98303
0.982608
0.983266
0.985165
0.992513
1.00178
1.00654
1.00819
1.00885
1.00927
1.00916
1.00475
0.995459
0.989152
0.98743
0.98765
0.99006
0.99875
1.00672
1.01033
1.01236
1.01406
1.01385
1.01571
1.16467
1.60059
0.937786
0.929499
0.912502
0.904035
0.902098
0.902586
0.904013
0.907416
0.917303
0.936174
0.947418
0.95073
0.952218
0.952275
0.948929
0.938648
0.92661
0.921965
0.921614
0.922429
0.924453
0.9287
0.938752
0.952079
0.958158
0.960287
0.961292
0.961194
0.959584
0.954506
0.946596
0.942813
0.94245
0.943222
0.944636
0.946727
0.951262
0.960912
0.967975
0.970801
0.971936
0.972641
0.973569
0.973353
0.968664
0.962789
0.960429
0.960455
0.961148
0.961846
0.963919
0.970976
0.978919
0.983016
0.984964
0.986865
0.988242
0.988825
0.985663
0.979119
0.975028
0.973945
0.97376
0.974157
0.976321
0.984198
0.992488
0.996543
0.998424
1.00019
1.00125
1.00129
0.9965
0.988958
0.984862
0.98377
0.983564
0.98431
0.990073
0.99992
1.00537
1.00728
1.00868
1.0097
1.01002
1.00696
0.997791
0.990325
0.988104
0.988039
0.989238
0.996695
1.00508
1.00957
1.01267
1.01347
1.0217
1.17074
1.60249
0.938684
0.926373
0.911326
0.904665
0.902689
0.902973
0.904623
0.910098
0.922699
0.936983
0.94651
0.950554
0.951918
0.949997
0.943226
0.935555
0.929119
0.924569
0.923538
0.924488
0.928131
0.934297
0.940652
0.947794
0.955034
0.958377
0.959117
0.957938
0.956089
0.954784
0.952677
0.947913
0.945139
0.945186
0.946495
0.948814
0.951844
0.955287
0.96187
0.968141
0.971151
0.972537
0.972904
0.972915
0.973259
0.971295
0.966041
0.962586
0.961616
0.962145
0.963217
0.964818
0.969964
0.978513
0.984328
0.986939
0.988379
0.989334
0.990163
0.988479
0.981865
0.975987
0.973769
0.973762
0.974602
0.976274
0.982854
0.992612
0.998284
1.00036
1.00143
1.00229
1.00269
0.998881
0.990489
0.984634
0.982942
0.983181
0.984116
0.988708
0.998865
1.00601
1.00872
1.00986
1.01055
1.01082
1.00848
0.999681
0.991055
0.987914
0.98768
0.988354
0.994641
1.00345
1.00957
1.01197
1.02405
1.18037
1.60475
0.931748
0.922221
0.914567
0.90902
0.90687
0.907474
0.91166
0.920203
0.927682
0.933493
0.939835
0.943736
0.943709
0.940397
0.937566
0.936145
0.934089
0.931414
0.930297
0.931962
0.936005
0.94002
0.942425
0.943878
0.946196
0.949447
0.951762
0.952887
0.953624
0.954323
0.955083
0.95541
0.954218
0.952767
0.952427
0.952948
0.953696
0.953965
0.95458
0.957765
0.963818
0.968219
0.970503
0.972332
0.974218
0.97573
0.97559
0.971128
0.966329
0.964458
0.964153
0.964426
0.965226
0.96841
0.97661
0.983576
0.986845
0.988523
0.989723
0.990722
0.990407
0.985336
0.978763
0.975887
0.975544
0.976179
0.977298
0.982114
0.991609
0.99787
1.0004
1.00163
1.00236
1.00273
1.00076
0.993185
0.986597
0.984352
0.98431
0.984976
0.988375
0.997711
1.00543
1.00878
1.01007
1.01032
1.01028
1.00893
1.00156
0.992398
0.988242
0.987307
0.987606
0.993293
1.00279
1.00804
1.02386
1.19075
1.60684
0.922927
0.921194
0.920003
0.917566
0.915981
0.917594
0.923029
0.928313
0.930922
0.932082
0.932584
0.931305
0.930381
0.93157
0.93388
0.93574
0.937151
0.939152
0.941981
0.944046
0.944583
0.944531
0.944264
0.94245
0.939341
0.938337
0.940541
0.945571
0.95042
0.953686
0.956901
0.960798
0.963372
0.963445
0.960552
0.956862
0.954196
0.952056
0.950407
0.950581
0.953121
0.96026
0.967931
0.972718
0.975674
0.977999
0.979341
0.979451
0.975324
0.968756
0.96494
0.963957
0.964112
0.964846
0.967117
0.974959
0.983586
0.987861
0.989838
0.991515
0.992669
0.992858
0.988561
0.981235
0.97722
0.976432
0.97658
0.977172
0.980459
0.989814
0.997266
1.00029
1.00188
1.0033
1.00402
1.00296
0.996104
0.988625
0.985508
0.984941
0.984972
0.986648
0.99514
1.00404
1.00799
1.00942
1.01012
1.0103
1.00977
1.00404
0.994587
0.988992
0.986909
0.986538
0.99229
1.00062
1.01961
1.19998
1.60816
0.914925
0.919018
0.921355
0.924389
0.929119
0.933291
0.934436
0.93422
0.933702
0.931053
0.924272
0.919384
0.919049
0.921896
0.927691
0.933907
0.94008
0.948243
0.953874
0.955473
0.954279
0.950415
0.945143
0.93902
0.933434
0.931489
0.932021
0.935087
0.942683
0.951779
0.959471
0.965596
0.968805
0.970245
0.969838
0.96478
0.956906
0.951253
0.948955
0.948948
0.949808
0.952141
0.959591
0.969804
0.975814
0.978224
0.979528
0.980486
0.980856
0.977796
0.970549
0.965653
0.964564
0.965142
0.966261
0.968272
0.974669
0.983994
0.98943
0.991473
0.99255
0.993249
0.993546
0.990671
0.983442
0.978318
0.976745
0.977029
0.978025
0.980673
0.988912
0.997572
1.00167
1.00318
1.00405
1.0046
1.00407
0.998284
0.990002
0.985445
0.984418
0.984753
0.986279
0.993762
1.00361
1.00882
1.01038
1.01056
1.01052
1.01044
1.00647
0.996893
0.989204
0.985722
0.985474
0.990384
1.01196
1.20581
1.60879
0.905481
0.913159
0.922061
0.932608
0.942372
0.94593
0.945868
0.942291
0.936217
0.927342
0.917731
0.913103
0.912753
0.914085
0.918108
0.927874
0.942583
0.954685
0.959684
0.961432
0.961713
0.958989
0.950509
0.937939
0.931377
0.930135
0.930733
0.932312
0.935582
0.944806
0.959573
0.967406
0.970067
0.971348
0.971595
0.970037
0.963567
0.953761
0.949409
0.949101
0.950039
0.951995
0.955287
0.962372
0.971553
0.976888
0.97909
0.980184
0.980851
0.981003
0.978839
0.973201
0.968532
0.967103
0.967396
0.968249
0.969345
0.973934
0.982684
0.988508
0.990886
0.992136
0.993139
0.993935
0.992903
0.987292
0.981385
0.979095
0.97883
0.979284
0.980526
0.98696
0.996017
1.00082
1.00274
1.00373
1.00442
1.00478
1.00122
0.992929
0.987423
0.985622
0.985306
0.985897
0.992115
1.0025
1.00847
1.01026
1.01043
1.01038
1.01051
1.00819
0.999414
0.989657
0.984667
0.982614
1.00205
1.20579
1.60792
0.89967
0.902849
0.917103
0.937225
0.946949
0.949691
0.950904
0.950272
0.943487
0.927717
0.915925
0.912403
0.912321
0.913361
0.91607
0.92398
0.941626
0.955149
0.960005
0.961778
0.96165
0.957024
0.948156
0.939715
0.933603
0.931531
0.931847
0.933719
0.938625
0.946556
0.95643
0.965296
0.969205
0.970424
0.969133
0.966042
0.963173
0.959599
0.954811
0.952732
0.953225
0.955026
0.956891
0.958423
0.962509
0.971076
0.977113
0.979581
0.980525
0.981027
0.981777
0.98147
0.976639
0.97081
0.968249
0.968044
0.968765
0.969651
0.972391
0.980652
0.988158
0.991672
0.993486
0.995107
0.99616
0.995871
0.990687
0.983353
0.979562
0.978682
0.978868
0.979568
0.984545
0.994382
1.0006
1.0032
1.00497
1.00605
1.00638
1.00366
0.995277
0.988158
0.985363
0.985017
0.98526
0.989938
1.00094
1.00786
1.00959
1.00981
1.01041
1.01112
1.00986
1.00167
0.990272
0.982168
0.991737
1.19905
1.6055
0.900394
0.905741
0.920703
0.935985
0.945956
0.949432
0.950209
0.946666
0.937478
0.92778
0.919685
0.915327
0.914802
0.916494
0.92226
0.931072
0.939455
0.948944
0.955193
0.95704
0.955295
0.951001
0.947423
0.944074
0.940089
0.937563
0.937754
0.940662
0.945225
0.949051
0.952089
0.956683
0.961325
0.963235
0.963138
0.962905
0.96342
0.964003
0.963384
0.961219
0.959375
0.958692
0.958868
0.959898
0.961394
0.963361
0.968464
0.974535
0.978185
0.980056
0.980971
0.981582
0.982363
0.980442
0.97498
0.971
0.969581
0.96987
0.97092
0.972822
0.979298
0.987813
0.992802
0.994861
0.995812
0.996501
0.996807
0.993211
0.985467
0.98035
0.978899
0.979219
0.98012
0.984071
0.993894
1.0018
1.00483
1.00575
1.00621
1.00646
1.00473
0.997069
0.988988
0.985271
0.984577
0.984922
0.989077
1.00001
1.00768
1.00978
1.01008
1.01081
1.01156
1.01085
1.00342
0.988544
0.987102
1.18619
1.60305
0.907063
0.913909
0.92157
0.929253
0.937119
0.941283
0.941058
0.937634
0.934469
0.931739
0.927375
0.923601
0.922763
0.925545
0.931462
0.936345
0.938748
0.940706
0.943792
0.945903
0.94608
0.945932
0.946384
0.947213
0.947592
0.947584
0.94853
0.95002
0.951001
0.951622
0.951811
0.950242
0.94932
0.951495
0.955919
0.96002
0.962963
0.96568
0.968748
0.970606
0.97
0.96674
0.963609
0.962097
0.960858
0.959485
0.959704
0.963247
0.97057
0.976291
0.979418
0.98221
0.984611
0.986046
0.985421
0.980013
0.974301
0.972019
0.971443
0.971324
0.972071
0.976743
0.985936
0.991958
0.994479
0.996084
0.997336
0.998109
0.995794
0.988319
0.982536
0.980658
0.980514
0.980908
0.983447
0.992629
1.00078
1.00395
1.0051
1.00587
1.00647
1.00562
0.999528
0.990859
0.986167
0.985075
0.985186
0.98843
0.998989
1.0068
1.00898
1.0097
1.01099
1.01194
1.01146
1.00155
0.991665
1.17263
1.6017
0.915912
0.920217
0.922831
0.924397
0.926012
0.92766
0.92884
0.930275
0.932125
0.933243
0.934124
0.934615
0.936337
0.938556
0.939417
0.939762
0.93971
0.936498
0.932436
0.931682
0.934553
0.939505
0.944218
0.948064
0.953045
0.958448
0.961071
0.960717
0.958201
0.954625
0.949831
0.943741
0.940748
0.941175
0.944719
0.952417
0.960483
0.967351
0.973211
0.976629
0.978039
0.977133
0.971858
0.964722
0.959461
0.956633
0.955993
0.956746
0.959968
0.968941
0.978315
0.983655
0.986592
0.988452
0.989597
0.988919
0.983169
0.97545
0.971118
0.970094
0.970404
0.971195
0.97529
0.98555
0.993567
0.996766
0.998066
0.999026
0.999615
0.997829
0.990603
0.983433
0.980497
0.980244
0.980871
0.982499
0.990691
1.00026
1.00448
1.00584
1.00666
1.00739
1.00711
1.00179
0.992287
0.9865
0.985098
0.985334
0.987614
0.997129
1.00535
1.00814
1.00954
1.01111
1.01251
1.01033
1.00428
1.16483
1.60149
0.925564
0.924816
0.924306
0.921435
0.91676
0.914673
0.916121
0.920657
0.927293
0.933243
0.938654
0.945882
0.950277
0.95092
0.948427
0.943981
0.938763
0.931532
0.924965
0.923243
0.924185
0.92852
0.937057
0.947686
0.958326
0.965996
0.968904
0.969674
0.967518
0.960273
0.949281
0.940998
0.938496
0.938824
0.940045
0.943329
0.952894
0.966823
0.975116
0.978396
0.979938
0.980533
0.979196
0.972595
0.961855
0.956662
0.955937
0.956588
0.958004
0.961201
0.970963
0.981857
0.986898
0.988723
0.989673
0.989947
0.989188
0.983964
0.975477
0.971279
0.970711
0.971523
0.973123
0.976818
0.985747
0.993793
0.997341
0.998628
0.998962
0.999038
0.99849
0.992843
0.985264
0.981576
0.980914
0.981483
0.983172
0.990081
0.999676
1.00466
1.00624
1.0068
1.00719
1.00731
1.00377
0.994382
0.987197
0.985048
0.985169
0.987098
0.995396
1.00382
1.00766
1.00985
1.01192
1.0121
1.01511
1.1658
1.60246
0.936311
0.931336
0.924938
0.918364
0.911673
0.908886
0.909166
0.911142
0.916757
0.927719
0.941224
0.951638
0.956219
0.957797
0.957706
0.954178
0.943303
0.929727
0.923296
0.922297
0.92298
0.924513
0.928936
0.942427
0.959888
0.967414
0.96977
0.970858
0.97016
0.964293
0.951893
0.942498
0.93931
0.939312
0.940439
0.943621
0.950511
0.962521
0.973794
0.978317
0.979837
0.979645
0.976723
0.972524
0.967403
0.961287
0.958465
0.95852
0.959959
0.96243
0.966014
0.974117
0.982781
0.986652
0.987882
0.988097
0.987622
0.986698
0.983993
0.978392
0.974629
0.973838
0.974311
0.974968
0.976539
0.983516
0.992017
0.996102
0.997566
0.998739
0.999743
0.99999
0.995971
0.988505
0.983889
0.982518
0.982252
0.982694
0.987678
0.997456
1.00316
1.00525
1.00684
1.00799
1.00837
1.00581
0.99657
0.988196
0.985481
0.985379
0.986498
0.993552
1.00231
1.00716
1.01067
1.01181
1.02092
1.17225
1.60437
0.94132
0.941521
0.931632
0.918891
0.911244
0.908978
0.90919
0.910406
0.913147
0.920686
0.938158
0.951554
0.956347
0.957813
0.957437
0.952341
0.94263
0.932632
0.925885
0.924063
0.924614
0.927413
0.933856
0.943083
0.954549
0.963959
0.967564
0.96792
0.964953
0.960141
0.955321
0.949209
0.944769
0.943813
0.945377
0.949344
0.954024
0.958422
0.965318
0.971767
0.974173
0.973776
0.972787
0.972548
0.972285
0.969742
0.965572
0.963531
0.963852
0.965391
0.967167
0.968853
0.972926
0.979308
0.983541
0.985504
0.986475
0.987507
0.988611
0.987883
0.982766
0.977387
0.974925
0.974522
0.97505
0.976336
0.981567
0.990843
0.996675
0.99905
1.00026
1.00119
1.00186
0.998945
0.990831
0.984098
0.981646
0.98155
0.982193
0.985772
0.995941
1.00379
1.0068
1.00796
1.00854
1.00874
1.00718
0.998682
0.989277
0.985629
0.985182
0.985687
0.99178
1.00101
1.00753
1.01027
1.02323
1.18182
1.60652
0.939168
0.938798
0.933104
0.925194
0.91612
0.912334
0.912465
0.914481
0.918583
0.923969
0.930929
0.942455
0.950138
0.952279
0.951476
0.948637
0.944835
0.939249
0.933834
0.931156
0.931537
0.934703
0.939908
0.943926
0.947135
0.95249
0.957473
0.959176
0.958603
0.957848
0.957745
0.956933
0.954533
0.953033
0.953701
0.955566
0.95715
0.958145
0.958776
0.959966
0.96305
0.966825
0.969775
0.97175
0.973135
0.974663
0.975447
0.974144
0.971739
0.969961
0.968852
0.967748
0.966754
0.967881
0.973234
0.980161
0.984908
0.987659
0.989412
0.990681
0.991194
0.987821
0.981481
0.977368
0.976045
0.975866
0.97643
0.979614
0.988476
0.995936
0.999382
1.00091
1.00171
1.00225
1.00083
0.993249
0.985372
0.982335
0.982009
0.982555
0.985464
0.994854
1.00319
1.00677
1.00821
1.00869
1.00879
1.00769
1.00036
0.990302
0.985661
0.984709
0.984971
0.990736
1.00067
1.00622
1.0229
1.19194
1.60851
0.934037
0.935788
0.935519
0.933641
0.927664
0.921951
0.920228
0.921239
0.923839
0.926723
0.928834
0.931644
0.937046
0.941989
0.944286
0.944936
0.945217
0.945361
0.94431
0.942583
0.941962
0.942794
0.94411
0.945038
0.945297
0.94381
0.943293
0.946026
0.950957
0.955059
0.957606
0.960129
0.96381
0.96602
0.965421
0.963107
0.960653
0.957919
0.954023
0.951193
0.951499
0.955468
0.962787
0.969014
0.973574
0.978506
0.982494
0.983932
0.982376
0.977222
0.971271
0.966104
0.962743
0.962063
0.963275
0.969022
0.978803
0.985693
0.989393
0.992563
0.994549
0.995373
0.992458
0.984548
0.97844
0.975812
0.974739
0.974878
0.977291
0.986432
0.995453
0.999406
1.00125
1.00267
1.00335
1.00249
0.995571
0.987104
0.983341
0.982626
0.982594
0.984072
0.992831
1.00277
1.00719
1.00843
1.00857
1.00853
1.0078
1.00188
0.991959
0.986258
0.984371
0.984178
0.990365
0.998875
1.01868
1.20086
1.60974
0.925445
0.933022
0.935067
0.93604
0.937114
0.936259
0.932871
0.929968
0.928818
0.928926
0.928765
0.92655
0.925269
0.927248
0.933018
0.939367
0.944113
0.947764
0.951793
0.95478
0.955119
0.952682
0.94908
0.945822
0.942416
0.937377
0.934357
0.934795
0.93893
0.947371
0.955709
0.963652
0.971136
0.974826
0.975771
0.973406
0.967121
0.958979
0.951532
0.947323
0.94667
0.947646
0.951687
0.961577
0.972974
0.981322
0.985866
0.987784
0.988502
0.986274
0.977397
0.96697
0.962293
0.961554
0.9622
0.963543
0.968444
0.980212
0.989878
0.994067
0.995803
0.996881
0.996996
0.993818
0.98435
0.976663
0.974354
0.974427
0.975193
0.977378
0.986459
0.996842
1.00147
1.00291
1.00363
1.00406
1.00333
0.997072
0.987849
0.983113
0.982248
0.982628
0.984338
0.992341
1.00226
1.00707
1.00833
1.00835
1.00821
1.00811
1.00411
0.994302
0.986796
0.983583
0.983468
0.988884
1.01119
1.20639
1.61027
0.912746
0.92351
0.932152
0.938056
0.942116
0.944998
0.945585
0.942147
0.936082
0.931319
0.927621
0.923549
0.920283
0.919978
0.92177
0.928137
0.938398
0.948157
0.955868
0.96101
0.963112
0.963117
0.959093
0.951285
0.942141
0.934971
0.93237
0.932614
0.933701
0.936858
0.94756
0.963758
0.972906
0.976141
0.977425
0.978013
0.975511
0.964815
0.952108
0.947109
0.946613
0.94736
0.949348
0.954245
0.967514
0.980918
0.986188
0.987917
0.988375
0.986565
0.981637
0.972701
0.965092
0.962424
0.962505
0.963633
0.966093
0.972184
0.984862
0.992943
0.995505
0.996329
0.995669
0.994126
0.99143
0.98438
0.97787
0.975901
0.976217
0.977357
0.979557
0.987073
0.996586
1.00119
1.00271
1.0032
1.00303
1.0028
0.998808
0.990293
0.985095
0.983618
0.983471
0.983837
0.990102
1.00081
1.00663
1.00822
1.00832
1.00828
1.00848
1.00605
0.997052
0.987468
0.982771
0.980901
1.00123
1.20647
1.60941
0.908942
0.911483
0.921773
0.935287
0.943065
0.946195
0.947646
0.948417
0.946858
0.939729
0.930437
0.923412
0.920267
0.920022
0.920847
0.9227
0.928271
0.94238
0.955773
0.961707
0.96373
0.964565
0.963937
0.958086
0.94565
0.936456
0.933305
0.933376
0.934835
0.938505
0.945431
0.957994
0.970343
0.975364
0.976863
0.97616
0.972257
0.966275
0.958163
0.951322
0.949428
0.950274
0.952984
0.957326
0.963177
0.973323
0.981599
0.984444
0.984482
0.982863
0.981404
0.97951
0.973486
0.967797
0.966199
0.967279
0.969922
0.972919
0.976769
0.984286
0.99013
0.99225
0.992809
0.99324
0.993737
0.992856
0.987179
0.981131
0.978796
0.978685
0.979248
0.979971
0.984872
0.994258
0.999693
1.00158
1.00282
1.00378
1.0041
1.00122
0.99284
0.986045
0.983332
0.983008
0.983572
0.989039
0.999811
1.00625
1.00785
1.008
1.00849
1.00927
1.00807
0.999693
0.988178
0.980064
0.990463
1.20057
1.60719
0.91024
0.913296
0.918033
0.924946
0.936463
0.943862
0.946505
0.947342
0.947233
0.94568
0.938551
0.928641
0.923364
0.922569
0.923731
0.92626
0.929632
0.934448
0.946149
0.956814
0.960646
0.961342
0.960346
0.958098
0.953143
0.944829
0.939673
0.938744
0.94017
0.943038
0.946576
0.951039
0.959605
0.967366
0.970357
0.97019
0.968984
0.96802
0.96603
0.961347
0.957405
0.956683
0.958222
0.960817
0.963018
0.965235
0.970277
0.975589
0.97829
0.97934
0.979968
0.980558
0.980745
0.978682
0.975441
0.973807
0.973543
0.973565
0.973221
0.974058
0.978758
0.985539
0.989856
0.99198
0.99302
0.993846
0.994738
0.992314
0.986236
0.981609
0.979528
0.979272
0.979922
0.983179
0.992354
0.999751
1.00276
1.00365
1.00409
1.00462
1.00343
0.995944
0.987847
0.984137
0.983018
0.982978
0.986989
0.998336
1.00586
1.00781
1.00821
1.00912
1.01017
1.00944
1.00126
0.986004
0.985673
1.18815
1.60485
0.915239
0.916361
0.917412
0.918623
0.923192
0.933591
0.941354
0.944226
0.944981
0.944996
0.944534
0.940566
0.933669
0.929624
0.928885
0.929746
0.931264
0.933101
0.93608
0.943672
0.951639
0.955429
0.956645
0.956912
0.957037
0.955322
0.950936
0.947543
0.946634
0.947291
0.948621
0.949862
0.951107
0.954073
0.958775
0.96311
0.966063
0.967654
0.968876
0.970418
0.970101
0.967678
0.965542
0.964647
0.96424
0.962732
0.960959
0.96218
0.967472
0.973652
0.977839
0.98086
0.984638
0.987224
0.987254
0.983609
0.978621
0.974513
0.971729
0.96998
0.969773
0.973086
0.981096
0.987776
0.991745
0.995325
0.998332
0.999612
0.997725
0.990488
0.983485
0.98021
0.978835
0.978646
0.980682
0.98947
0.998229
1.00203
1.00406
1.00559
1.00637
1.00562
0.998316
0.988355
0.983284
0.982242
0.982526
0.986416
0.997818
1.00561
1.00759
1.0083
1.00975
1.01074
1.00996
0.998674
0.989079
1.17449
1.60343
0.921118
0.917656
0.91746
0.918195
0.919177
0.920927
0.927756
0.936309
0.941371
0.943878
0.945736
0.947692
0.947446
0.942497
0.936748
0.933871
0.933309
0.933746
0.933811
0.933608
0.93637
0.943718
0.950716
0.954999
0.957704
0.960404
0.962018
0.960708
0.956833
0.95339
0.951214
0.94926
0.946651
0.944907
0.945949
0.95123
0.959659
0.966499
0.971268
0.97581
0.978919
0.979347
0.975993
0.970539
0.965204
0.959715
0.955513
0.954625
0.956078
0.962455
0.972362
0.98101
0.987329
0.991557
0.99342
0.993466
0.988777
0.979922
0.97216
0.967579
0.96614
0.966645
0.969702
0.979524
0.990536
0.997203
1.00046
1.00201
1.00265
1.00037
0.991721
0.98237
0.977907
0.97688
0.977029
0.978864
0.988067
0.999386
1.0044
1.00575
1.00646
1.00688
1.00603
0.999302
0.989002
0.983516
0.98244
0.982712
0.986171
0.997242
1.00491
1.00704
1.00836
1.01006
1.01129
1.00768
1.00088
1.16587
1.60298
0.93242
0.923458
0.920058
0.918724
0.917124
0.916109
0.916883
0.92173
0.932127
0.941458
0.947235
0.950639
0.95283
0.95359
0.949984
0.942709
0.937272
0.934089
0.931713
0.929736
0.929629
0.931538
0.938853
0.949559
0.957758
0.962838
0.966459
0.968421
0.968202
0.963733
0.956926
0.950297
0.944653
0.941653
0.94143
0.942647
0.947708
0.958925
0.97036
0.977816
0.981884
0.9837
0.984231
0.980841
0.970847
0.959929
0.954761
0.953946
0.954633
0.956036
0.961731
0.975895
0.987635
0.992553
0.994242
0.995014
0.99443
0.988431
0.975803
0.968024
0.966237
0.966505
0.967658
0.971244
0.983447
0.995769
1.0005
1.00189
1.00238
1.00195
0.999458
0.990276
0.980678
0.977125
0.976906
0.977674
0.98016
0.989914
1.00073
1.0049
1.00597
1.00654
1.00665
1.00597
1.00006
0.989513
0.983571
0.982467
0.983056
0.986441
0.996325
1.00359
1.00642
1.00831
1.01022
1.01016
1.01181
1.16576
1.6037
0.941231
0.936522
0.926716
0.919705
0.915959
0.915149
0.915725
0.916877
0.920291
0.930914
0.943952
0.950907
0.953576
0.954827
0.955669
0.954157
0.946998
0.938317
0.932142
0.929605
0.929602
0.930442
0.932181
0.9381
0.950864
0.9618
0.967163
0.969253
0.970358
0.970724
0.966901
0.955597
0.94572
0.942026
0.941847
0.942907
0.945053
0.950092
0.963306
0.97641
0.982004
0.983708
0.98426
0.982558
0.976027
0.965084
0.957321
0.95509
0.955442
0.957032
0.96028
0.967526
0.982294
0.990937
0.993391
0.993743
0.99172
0.988316
0.982764
0.97427
0.969493
0.96884
0.970031
0.972553
0.976844
0.987144
0.996107
0.999321
0.999943
0.999593
0.998553
0.996379
0.989542
0.982381
0.979678
0.9797
0.980681
0.982257
0.990085
0.999972
1.00413
1.00527
1.00567
1.0056
1.00515
1.00107
0.991404
0.984949
0.983583
0.983875
0.986204
0.994602
1.00204
1.00582
1.00879
1.00966
1.01851
1.17155
1.60547
0.942333
0.943272
0.937749
0.926404
0.918474
0.916419
0.916791
0.918387
0.921382
0.92508
0.932642
0.944469
0.951858
0.9545
0.955509
0.955792
0.954579
0.947733
0.938055
0.932813
0.931769
0.932626
0.934367
0.936526
0.940459
0.952034
0.963416
0.967916
0.96914
0.968987
0.967218
0.963031
0.954145
0.947333
0.945559
0.946282
0.947892
0.950048
0.954138
0.966048
0.97654
0.980067
0.980542
0.979575
0.977879
0.973663
0.966058
0.96092
0.959835
0.961044
0.96371
0.9674
0.972769
0.981483
0.986936
0.988474
0.988387
0.988166
0.987596
0.983922
0.977679
0.974363
0.974136
0.975399
0.976873
0.978648
0.985111
0.992486
0.995934
0.996996
0.997235
0.997474
0.997098
0.993115
0.986947
0.983305
0.982151
0.982374
0.983256
0.98859
0.997552
1.00233
1.00409
1.00509
1.00605
1.00639
1.0036
0.994377
0.986721
0.984269
0.984068
0.985267
0.992521
1.00051
1.00612
1.00851
1.02141
1.18113
1.60768
0.939539
0.940165
0.938379
0.936177
0.929894
0.924017
0.921885
0.922132
0.923125
0.924294
0.926064
0.931678
0.942533
0.949905
0.952524
0.953051
0.952861
0.952703
0.95011
0.943411
0.938021
0.936153
0.936348
0.937364
0.938793
0.941825
0.950967
0.960426
0.964502
0.965662
0.966059
0.966696
0.965457
0.959078
0.952651
0.950305
0.950472
0.951728
0.953697
0.956719
0.96397
0.971556
0.975263
0.976612
0.977238
0.977619
0.97633
0.971941
0.967977
0.966623
0.967014
0.967957
0.968541
0.969646
0.974407
0.980786
0.984881
0.986828
0.987699
0.988529
0.988556
0.985881
0.982047
0.979434
0.97787
0.976679
0.976229
0.979333
0.98681
0.99257
0.995524
0.997517
0.999634
1.00084
0.999015
0.992444
0.986308
0.983129
0.981931
0.981865
0.985075
0.993916
1.00084
1.00442
1.00639
1.00748
1.00783
1.00607
0.997343
0.988144
0.984352
0.983372
0.983703
0.990598
1.00033
1.00543
1.02232
1.1917
1.60988
0.933208
0.937862
0.939411
0.941282
0.941577
0.937309
0.930349
0.926435
0.925466
0.926164
0.927567
0.9283
0.929347
0.935436
0.94406
0.949425
0.952429
0.955045
0.956652
0.956069
0.950136
0.94345
0.940361
0.939778
0.940328
0.94097
0.941065
0.944752
0.953579
0.960868
0.964993
0.967665
0.969665
0.97014
0.96581
0.959345
0.955927
0.955047
0.955151
0.954439
0.953825
0.956896
0.96481
0.971844
0.975995
0.978829
0.981413
0.982512
0.98023
0.975198
0.971
0.968216
0.966182
0.964232
0.964171
0.968041
0.976522
0.983419
0.98775
0.991902
0.995175
0.996061
0.993099
0.986295
0.979547
0.974517
0.971738
0.971433
0.974124
0.982897
0.991793
0.997612
1.0018
1.00459
1.0056
1.0039
0.995856
0.986535
0.981335
0.979554
0.979254
0.981526
0.991022
1.00063
1.00563
1.00802
1.00883
1.00892
1.00756
0.99934
0.988748
0.983622
0.982055
0.982224
0.990427
0.999222
1.01975
1.2012
1.61136
0.921466
0.934398
0.939877
0.94221
0.943379
0.944555
0.944085
0.939026
0.933424
0.930517
0.928223
0.92489
0.92381
0.924705
0.92968
0.941016
0.950899
0.955526
0.95734
0.958709
0.959786
0.957382
0.950707
0.945233
0.941479
0.937932
0.936524
0.937134
0.940378
0.950275
0.961383
0.967772
0.970553
0.972392
0.973782
0.972299
0.966185
0.960058
0.955194
0.951465
0.94983
0.950229
0.952866
0.961531
0.971851
0.978935
0.983255
0.986389
0.987831
0.986659
0.980415
0.972432
0.965749
0.961594
0.960369
0.961063
0.964601
0.974693
0.985924
0.993552
0.997659
0.999462
0.999989
0.996529
0.986086
0.975637
0.971034
0.970258
0.970729
0.972612
0.981686
0.994652
1.0025
1.00553
1.00668
1.00707
1.00514
0.995466
0.984
0.979019
0.97822
0.978509
0.980528
0.991125
1.00289
1.0079
1.00895
1.00897
1.00872
1.0073
0.999559
0.988694
0.982546
0.980549
0.981772
0.990011
1.01338
1.20705
1.61197
0.913588
0.920598
0.932134
0.939599
0.944351
0.948692
0.950567
0.950626
0.945241
0.935137
0.927638
0.924629
0.923956
0.924446
0.92545
0.928702
0.939256
0.950439
0.956658
0.960844
0.963492
0.964488
0.962582
0.953564
0.943187
0.938236
0.937101
0.93743
0.938509
0.94092
0.949027
0.961015
0.969218
0.97368
0.976096
0.977337
0.976551
0.969706
0.958902
0.952204
0.950191
0.950362
0.95136
0.953429
0.960786
0.973154
0.982811
0.987191
0.988723
0.989627
0.988875
0.981032
0.96868
0.96208
0.960608
0.961034
0.962224
0.965662
0.977999
0.991836
0.997759
0.999411
1
0.999188
0.994133
0.98237
0.973292
0.970511
0.970604
0.971621
0.974749
0.986595
0.999913
1.00505
1.00631
1.00647
1.00522
1.00195
0.992298
0.982346
0.978715
0.978368
0.979134
0.982562
0.994343
1.00475
1.00812
1.00847
1.00804
1.00715
1.00598
0.999828
0.989214
0.981776
0.979785
0.98124
1.00467
1.20732
1.61125
0.913265
0.914558
0.919731
0.932579
0.944457
0.94927
0.950974
0.951564
0.950769
0.945433
0.935099
0.927945
0.925331
0.925131
0.92589
0.926959
0.929205
0.938984
0.953956
0.961384
0.963632
0.96441
0.96342
0.960112
0.952463
0.944148
0.94011
0.9392
0.93973
0.940709
0.942228
0.948606
0.963152
0.973041
0.976117
0.976958
0.975828
0.973073
0.967796
0.959495
0.953966
0.952393
0.952755
0.953728
0.955157
0.961842
0.976459
0.985392
0.987917
0.988279
0.986794
0.984231
0.977995
0.968663
0.963991
0.96338
0.964274
0.96603
0.969908
0.982103
0.992998
0.996571
0.997128
0.996591
0.995568
0.991703
0.981795
0.974901
0.973394
0.974469
0.97669
0.980079
0.989687
0.999252
1.00274
1.00326
1.00283
1.00195
0.999799
0.99235
0.984744
0.981937
0.982046
0.982829
0.98508
0.995016
1.00384
1.00655
1.00658
1.00593
1.00571
1.00559
1.00172
0.991533
0.983004
0.978323
0.994213
1.20289
1.60927
0.915142
0.916228
0.918523
0.92274
0.933701
0.943299
0.947056
0.948167
0.94857
0.949037
0.947106
0.938763
0.930516
0.927279
0.927255
0.928438
0.931236
0.935135
0.942305
0.952899
0.958474
0.96026
0.960859
0.961482
0.961276
0.95634
0.947619
0.942373
0.941294
0.942091
0.944466
0.947723
0.952033
0.961857
0.969603
0.972347
0.973209
0.973992
0.974341
0.971052
0.962526
0.956329
0.954762
0.955438
0.957649
0.960427
0.964798
0.974534
0.981653
0.984187
0.985012
0.985647
0.985485
0.98025
0.971571
0.967471
0.967107
0.968464
0.970478
0.973125
0.980791
0.989096
0.992874
0.994103
0.994446
0.99424
0.991975
0.985471
0.98034
0.978809
0.979076
0.979911
0.981057
0.987057
0.995187
0.999293
1.00058
1.00068
1.00068
1.00038
0.996856
0.990667
0.986316
0.984386
0.984163
0.985125
0.992705
1.00108
1.00436
1.00492
1.00513
1.00609
1.00707
1.00501
0.995119
0.982471
0.987083
1.19204
1.60695
0.919526
0.919013
0.920536
0.921503
0.922692
0.928344
0.937985
0.94467
0.947846
0.949148
0.94986
0.948965
0.942948
0.936002
0.933101
0.93308
0.934053
0.934862
0.935359
0.938174
0.946551
0.955001
0.959779
0.961679
0.9625
0.962365
0.959393
0.953026
0.948458
0.947213
0.947706
0.948127
0.947714
0.948839
0.955816
0.966013
0.972116
0.974261
0.975055
0.975107
0.973282
0.967415
0.96215
0.960338
0.960422
0.960201
0.959628
0.961177
0.969002
0.978579
0.983802
0.985728
0.986528
0.986812
0.984093
0.977992
0.973799
0.97227
0.971625
0.970373
0.970402
0.97506
0.984057
0.990036
0.992726
0.994422
0.996274
0.996554
0.992614
0.986663
0.982625
0.980245
0.978556
0.978165
0.981741
0.990239
0.99628
0.999144
1.00144
1.00398
1.00507
1.00279
0.995333
0.988086
0.984058
0.98254
0.982777
0.988496
0.997943
1.003
1.00482
1.00628
1.00846
1.0098
1.00816
0.994418
0.987131
1.17846
1.60563
0.929174
0.92374
0.922082
0.91978
0.918667
0.919348
0.923268
0.933563
0.942994
0.94753
0.949289
0.950782
0.952306
0.950725
0.944514
0.938732
0.935246
0.933327
0.932393
0.932401
0.934015
0.941311
0.952126
0.95859
0.961144
0.963435
0.96593
0.966218
0.961549
0.954447
0.949323
0.946516
0.945124
0.944748
0.945699
0.95157
0.963239
0.970719
0.973617
0.976259
0.978823
0.979287
0.974685
0.967081
0.961514
0.958541
0.957229
0.957093
0.958315
0.965337
0.976472
0.983169
0.986298
0.989047
0.991032
0.990421
0.984547
0.977171
0.971507
0.968259
0.966988
0.967225
0.970977
0.981027
0.989762
0.994855
0.998238
1.00087
1.0017
0.998438
0.990199
0.982169
0.976991
0.974821
0.974591
0.977449
0.986986
0.996546
1.00248
1.00612
1.00824
1.00905
1.00693
0.997705
0.987115
0.981288
0.979557
0.979647
0.985037
0.996762
1.00383
1.00651
1.0087
1.01099
1.01219
1.00577
0.996402
1.16805
1.6049
0.941077
0.931602
0.923488
0.920033
0.919072
0.91934
0.920042
0.921665
0.929029
0.940159
0.948178
0.953145
0.956257
0.957673
0.956968
0.950159
0.940629
0.934506
0.932252
0.931842
0.932215
0.933098
0.937573
0.948679
0.959126
0.965508
0.969074
0.970819
0.971206
0.966725
0.956523
0.948324
0.944973
0.944296
0.944746
0.94562
0.949339
0.960588
0.971872
0.978219
0.981279
0.982768
0.983091
0.978336
0.96798
0.960164
0.957143
0.956654
0.957215
0.958157
0.963071
0.974833
0.985088
0.990683
0.993205
0.994374
0.993881
0.987232
0.976384
0.969219
0.96674
0.966563
0.967183
0.969571
0.979022
0.991043
0.998787
1.00223
1.00351
1.0039
1.00064
0.989574
0.979021
0.974652
0.973929
0.974306
0.976371
0.986736
1.00001
1.00653
1.00861
1.0095
1.00964
1.0072
0.996085
0.983575
0.978781
0.978407
0.979241
0.985329
0.998548
1.00568
1.00838
1.01069
1.01207
1.01011
1.00637
1.16433
1.60485
0.944315
0.94255
0.933472
0.925412
0.921219
0.919707
0.919508
0.92014
0.921451
0.927013
0.941065
0.952262
0.956455
0.957963
0.958509
0.957668
0.951941
0.942288
0.935262
0.932343
0.931828
0.932478
0.933509
0.936993
0.949417
0.96326
0.969025
0.97085
0.971577
0.97111
0.966923
0.957063
0.948545
0.945054
0.944549
0.945159
0.946301
0.949945
0.9625
0.975843
0.981023
0.982601
0.983038
0.982158
0.977729
0.968299
0.960454
0.957295
0.956954
0.957641
0.958829
0.963712
0.977576
0.988945
0.992772
0.993868
0.993687
0.992077
0.986328
0.976197
0.969038
0.966791
0.966886
0.96765
0.970263
0.981913
0.996088
1.00157
1.00292
1.00287
1.00146
0.997658
0.987554
0.977779
0.974343
0.974227
0.975015
0.978709
0.992185
1.00409
1.00765
1.00848
1.0082
1.00689
1.00321
0.992361
0.981652
0.978566
0.978808
0.981043
0.990042
1.00147
1.00637
1.0088
1.01027
1.00917
1.01282
1.16587
1.6054
0.942908
0.944463
0.944108
0.937814
0.927305
0.921387
0.920312
0.921108
0.923532
0.926805
0.930971
0.941221
0.951141
0.955286
0.956613
0.957297
0.957867
0.954841
0.944493
0.935743
0.933128
0.933557
0.935585
0.938897
0.942577
0.951129
0.962231
0.967555
0.969178
0.969829
0.970356
0.968309
0.958646
0.949326
0.946311
0.946663
0.948832
0.952132
0.955646
0.963882
0.974263
0.979095
0.980492
0.98114
0.981674
0.979301
0.969653
0.961159
0.958696
0.959257
0.961664
0.964441
0.967907
0.977722
0.987126
0.990582
0.991556
0.992247
0.992291
0.987276
0.976233
0.969646
0.968554
0.969865
0.972553
0.975639
0.98415
0.994765
0.999135
1.00017
1.00071
1.00072
0.997105
0.98638
0.978572
0.976818
0.977862
0.980079
0.983699
0.993631
1.00221
1.005
1.00559
1.00544
1.00455
1.00114
0.992066
0.98429
0.982351
0.983234
0.985067
0.992041
1.00002
1.00429
1.00654
1.00595
1.01582
1.17304
1.60698
0.9408
0.944131
0.944514
0.94405
0.940244
0.932298
0.927234
0.926221
0.926848
0.927596
0.928198
0.93002
0.937891
0.948672
0.954588
0.956691
0.957413
0.957239
0.955338
0.948136
0.941298
0.939072
0.939452
0.940354
0.941128
0.942407
0.948478
0.959301
0.966142
0.968694
0.969551
0.969376
0.967915
0.961731
0.954935
0.952378
0.95252
0.95332
0.953893
0.954933
0.960697
0.971167
0.977702
0.980107
0.980899
0.980649
0.97922
0.973377
0.967027
0.964515
0.964302
0.964362
0.964571
0.966321
0.974851
0.985111
0.989813
0.991211
0.991343
0.990816
0.988105
0.980801
0.975363
0.973746
0.973662
0.973758
0.974824
0.982034
0.992649
0.997782
0.999226
0.999195
0.998467
0.996682
0.99058
0.984533
0.981788
0.981173
0.981255
0.982769
0.991461
0.999779
1.00265
1.0031
1.0025
1.00249
1.00225
0.997828
0.990108
0.985838
0.985198
0.985552
0.989641
0.996503
1.00118
1.00215
1.01559
1.18383
1.60886
0.932078
0.941243
0.943285
0.945278
0.947448
0.947202
0.941039
0.933002
0.928574
0.927753
0.92833
0.929012
0.929734
0.934312
0.944912
0.952541
0.955454
0.956956
0.959149
0.960204
0.956311
0.948067
0.942363
0.940663
0.941109
0.941894
0.942545
0.94563
0.95505
0.963384
0.966982
0.968694
0.971039
0.972543
0.969619
0.961728
0.955692
0.953497
0.953579
0.953996
0.954256
0.957426
0.967213
0.975284
0.97862
0.98071
0.983584
0.984753
0.980866
0.972268
0.966172
0.964152
0.964141
0.964373
0.965111
0.971457
0.982027
0.987602
0.989855
0.992463
0.994612
0.993953
0.986545
0.977952
0.973951
0.973468
0.973883
0.974381
0.979415
0.98946
0.995071
0.997081
0.999219
1.00168
1.00198
0.996506
0.987591
0.982166
0.981001
0.981357
0.98225
0.988294
0.99574
0.99925
1.00115
1.00439
1.00695
1.00715
1.00245
0.992932
0.986892
0.985073
0.984645
0.985974
0.992733
0.997128
1.01465
1.19647
1.61113
0.919904
0.9328
0.941928
0.947208
0.950294
0.951793
0.952111
0.947349
0.938003
0.932006
0.929332
0.927702
0.927406
0.92823
0.931398
0.941548
0.951945
0.958125
0.96165
0.963598
0.964403
0.961932
0.953208
0.945986
0.942784
0.940978
0.940099
0.940602
0.942725
0.951278
0.962124
0.969265
0.973568
0.975886
0.976836
0.97489
0.966475
0.958839
0.955069
0.952714
0.951485
0.951889
0.954404
0.964044
0.975015
0.982117
0.986148
0.987956
0.988521
0.985246
0.975814
0.968416
0.964674
0.962403
0.961888
0.962847
0.968514
0.98047
0.989602
0.99467
0.996837
0.997689
0.9969
0.989739
0.980454
0.975349
0.972576
0.971529
0.972126
0.976606
0.987425
0.996143
1.00127
1.00375
1.00466
1.00452
0.999476
0.990072
0.983834
0.980505
0.978882
0.979224
0.983927
0.993275
1.00125
1.00675
1.00897
1.00909
1.00863
1.00496
0.996176
0.988639
0.983407
0.980084
0.980991
0.988939
1.01242
1.20944
1.61319
0.917352
0.919867
0.929494
0.941188
0.948193
0.951034
0.952269
0.953001
0.951159
0.943906
0.935628
0.930496
0.928787
0.92889
0.929622
0.93139
0.938364
0.950048
0.958578
0.962464
0.964073
0.964971
0.96442
0.95868
0.950249
0.94418
0.941564
0.941234
0.941857
0.943029
0.948389
0.960021
0.969981
0.974621
0.976433
0.977363
0.976988
0.971339
0.962343
0.955602
0.952758
0.952374
0.953007
0.954487
0.961666
0.974666
0.983425
0.986863
0.988231
0.988916
0.987348
0.979457
0.969823
0.964302
0.962783
0.963027
0.963837
0.967773
0.979623
0.990518
0.995114
0.996858
0.997688
0.997482
0.992354
0.982619
0.975253
0.972634
0.972432
0.973075
0.976017
0.986182
0.996776
1.00188
1.00377
1.00455
1.00468
1.0015
0.99269
0.984063
0.98001
0.979064
0.979207
0.98226
0.993105
1.0035
1.00767
1.00841
1.00843
1.00858
1.00707
0.999729
0.988763
0.980507
0.978074
0.979733
1.00584
1.21625
1.6132
)
;

boundaryField
{
    back
    {
        type            empty;
    }
    outlet
    {
        type            zeroGradient;
    }
    top
    {
        type            zeroGradient;
    }
    inlet
    {
        type            fixedValue;
        value           uniform 1;
    }
    bottom
    {
        type            zeroGradient;
    }
    front
    {
        type            empty;
    }
}


// ************************************************************************* //
