/*--------------------------------*- C++ -*----------------------------------*\
  =========                 |
  \\      /  F ield         | OpenFOAM: The Open Source CFD Toolbox
   \\    /   O peration     | Website:  https://openfoam.org
    \\  /    A nd           | Version:  12
     \\/     M anipulation  |
\*---------------------------------------------------------------------------*/
FoamFile
{
    format      ascii;
    class       volScalarField;
    location    "4.6";
    object      p;
}
// * * * * * * * * * * * * * * * * * * * * * * * * * * * * * * * * * * * * * //

dimensions      [1 -1 -2 0 0 0 0];

internalField   nonuniform List<scalar> 
9801
(
0.668762
0.671175
0.67701
0.684955
0.690725
0.693814
0.695579
0.696245
0.696693
0.697685
0.69961
0.702166
0.706578
0.714985
0.723717
0.728204
0.730584
0.731888
0.731883
0.73235
0.733916
0.736181
0.73963
0.74714
0.757656
0.764005
0.767109
0.768826
0.769363
0.769495
0.77064
0.772836
0.775718
0.781855
0.793141
0.801092
0.804955
0.807269
0.808383
0.80919
0.81022
0.812259
0.815166
0.820783
0.832487
0.841596
0.845524
0.847508
0.84875
0.849514
0.850865
0.853357
0.856594
0.862508
0.876318
0.886963
0.891567
0.893103
0.892165
0.8922
0.894113
0.896082
0.900158
0.907746
0.924107
0.937288
0.943057
0.945078
0.941609
0.939478
0.940973
0.944679
0.949796
0.959768
0.980538
0.996149
1.00377
1.00777
1.00178
0.994736
0.99636
1.00206
1.01085
1.03023
1.06108
1.08078
1.09171
1.09812
1.09109
1.07926
1.08082
1.09555
1.12592
1.18335
1.23566
1.28944
1.33189
1.87402
5.61942
0.673419
0.676143
0.682215
0.690594
0.695958
0.699386
0.701808
0.70275
0.701948
0.702801
0.705025
0.707674
0.712027
0.720606
0.728068
0.732564
0.735702
0.73754
0.736496
0.736787
0.739008
0.741795
0.745414
0.753185
0.76215
0.767856
0.771596
0.774082
0.77315
0.772469
0.77454
0.777614
0.781076
0.787924
0.798222
0.805293
0.809644
0.812622
0.811962
0.810675
0.812415
0.815613
0.819339
0.825485
0.836755
0.845701
0.850461
0.853636
0.852933
0.850491
0.852094
0.855696
0.859744
0.865868
0.878725
0.889746
0.895605
0.898943
0.897188
0.893581
0.895301
0.898323
0.90291
0.90988
0.925355
0.939028
0.94598
0.950056
0.947285
0.940639
0.941402
0.946061
0.951523
0.961109
0.982111
0.998652
1.00652
1.01182
1.00763
0.996668
0.996804
1.00372
1.01274
1.03222
1.05991
1.07815
1.08991
1.10104
1.10062
1.08437
1.084
1.09968
1.12393
1.16712
1.20856
1.25089
1.27754
1.80611
5.65702
0.675377
0.678206
0.68397
0.692371
0.697772
0.70124
0.703844
0.705439
0.705109
0.70565
0.707653
0.710264
0.714419
0.722745
0.72989
0.734205
0.737448
0.739706
0.739447
0.739723
0.741778
0.744588
0.748132
0.755612
0.764291
0.769658
0.773416
0.776122
0.775656
0.775032
0.777059
0.780194
0.783798
0.790576
0.800864
0.807727
0.812059
0.815171
0.814579
0.812856
0.814355
0.817574
0.821469
0.827564
0.839121
0.848284
0.85332
0.856857
0.856325
0.85309
0.854076
0.857368
0.861454
0.867313
0.879972
0.891619
0.897947
0.901772
0.901337
0.89718
0.897549
0.90033
0.905236
0.912039
0.926309
0.940045
0.947505
0.952147
0.95186
0.944757
0.943297
0.947397
0.953037
0.961886
0.981497
0.998231
1.00744
1.01385
1.01365
1.00254
0.998985
1.00486
1.01351
1.02819
1.0547
1.0777
1.09281
1.10493
1.10934
1.0933
1.08704
1.10078
1.12253
1.15796
1.19917
1.2378
1.26155
1.79705
5.64775
0.678401
0.681435
0.687033
0.695291
0.700678
0.704152
0.706844
0.708943
0.708929
0.70891
0.710621
0.713201
0.717571
0.725897
0.732911
0.737145
0.740331
0.742916
0.743273
0.742867
0.744377
0.747048
0.75079
0.758523
0.767251
0.772581
0.776212
0.779058
0.779361
0.778199
0.779525
0.782307
0.786019
0.793215
0.80363
0.810508
0.814735
0.817946
0.818221
0.815898
0.816668
0.819515
0.823441
0.830035
0.841901
0.851119
0.85615
0.859724
0.86008
0.856169
0.856014
0.858893
0.863099
0.869465
0.882354
0.894342
0.900926
0.904949
0.906378
0.901387
0.899178
0.90108
0.905786
0.912752
0.926933
0.941553
0.949814
0.955035
0.957851
0.950737
0.945467
0.948111
0.953617
0.961702
0.979736
0.998973
1.00976
1.01685
1.02122
1.012
1.00235
1.00514
1.01345
1.02476
1.04804
1.07407
1.09108
1.10349
1.11366
1.10637
1.09296
1.09759
1.11648
1.14252
1.17969
1.21544
1.23512
1.80835
5.63585
0.681455
0.684752
0.690359
0.698455
0.703503
0.706763
0.709393
0.711532
0.71165
0.711599
0.713287
0.715804
0.720277
0.729123
0.736272
0.740434
0.74351
0.746015
0.746376
0.745201
0.746377
0.748915
0.752716
0.760934
0.770227
0.775792
0.779437
0.782366
0.783342
0.781438
0.781906
0.784332
0.78776
0.794766
0.805487
0.812844
0.817308
0.82076
0.822375
0.819958
0.819757
0.822238
0.825746
0.831871
0.843359
0.852571
0.857825
0.861651
0.863693
0.860355
0.859033
0.861671
0.865747
0.87203
0.884537
0.896222
0.90283
0.906939
0.909881
0.906006
0.901246
0.902408
0.906952
0.91372
0.927636
0.943385
0.952305
0.957716
0.962003
0.958077
0.949415
0.94915
0.954024
0.960963
0.975602
0.997357
1.01114
1.01888
1.02518
1.02253
1.00941
1.00595
1.01252
1.02211
1.03969
1.06698
1.08837
1.10319
1.11596
1.12046
1.10612
1.09973
1.10995
1.13092
1.16147
1.19387
1.21128
1.81917
5.62757
0.684152
0.687364
0.692838
0.701557
0.706835
0.710028
0.712617
0.714735
0.714891
0.714564
0.716037
0.718466
0.722597
0.73166
0.739456
0.743772
0.746802
0.749227
0.749769
0.748335
0.749109
0.751506
0.754916
0.762901
0.772938
0.778939
0.78269
0.785585
0.786977
0.785013
0.784601
0.786724
0.789925
0.796355
0.807352
0.815241
0.819972
0.823653
0.826307
0.824498
0.82269
0.824436
0.82766
0.833039
0.844304
0.854186
0.859954
0.864219
0.867645
0.866233
0.862596
0.863716
0.867284
0.872552
0.884293
0.89705
0.904276
0.908777
0.91284
0.912278
0.905812
0.904497
0.90839
0.9139
0.925413
0.943207
0.95448
0.960404
0.965297
0.965443
0.955855
0.95146
0.95464
0.960609
0.970687
0.992325
1.01156
1.02187
1.02889
1.03221
1.02089
1.01087
1.01283
1.0211
1.03282
1.05632
1.08139
1.0989
1.11283
1.1253
1.12315
1.10885
1.10776
1.1195
1.14102
1.17136
1.1896
1.83181
5.62345
0.686524
0.689188
0.693813
0.703272
0.709872
0.713506
0.716202
0.718442
0.719059
0.718154
0.718951
0.721099
0.724469
0.732752
0.74128
0.746065
0.74932
0.751956
0.753469
0.752418
0.75258
0.754744
0.75782
0.764731
0.774682
0.780931
0.784838
0.787844
0.789952
0.788764
0.787587
0.78941
0.792508
0.798196
0.809234
0.817691
0.822631
0.826371
0.829429
0.828724
0.825426
0.826141
0.829209
0.834085
0.845308
0.856802
0.863242
0.867577
0.871213
0.871819
0.866718
0.865302
0.868099
0.872525
0.882499
0.897726
0.906995
0.911981
0.916286
0.91833
0.912104
0.907981
0.9102
0.914687
0.921934
0.939468
0.955473
0.963388
0.96862
0.971632
0.964349
0.956021
0.956176
0.961293
0.967951
0.983504
1.00729
1.02237
1.03083
1.03738
1.03554
1.02112
1.01602
1.0205
1.02924
1.04529
1.07129
1.09275
1.10852
1.12203
1.13122
1.12416
1.1122
1.11365
1.12497
1.14874
1.16937
1.83893
5.61673
0.68945
0.691575
0.695049
0.704008
0.712209
0.716625
0.719588
0.722022
0.723321
0.722171
0.72225
0.724044
0.726764
0.7336
0.742593
0.748116
0.751799
0.754805
0.757165
0.756749
0.756296
0.758016
0.760746
0.766414
0.776166
0.782818
0.786908
0.790224
0.793044
0.792967
0.791142
0.792287
0.795193
0.800061
0.81075
0.820095
0.825291
0.829048
0.832228
0.832764
0.829017
0.828479
0.83121
0.835336
0.845285
0.858776
0.866365
0.870783
0.874326
0.875874
0.870951
0.867531
0.869121
0.873132
0.880184
0.896461
0.909802
0.916009
0.920335
0.923673
0.919396
0.912363
0.911748
0.915215
0.920231
0.932799
0.95358
0.965981
0.972274
0.976863
0.974917
0.963805
0.959511
0.962009
0.96762
0.975984
0.997243
1.01932
1.03152
1.03939
1.04504
1.03755
1.02313
1.02166
1.02821
1.0382
1.05844
1.08296
1.10125
1.1158
1.1291
1.13492
1.12546
1.11404
1.1153
1.12605
1.14713
1.84184
5.60749
0.692784
0.69466
0.697537
0.705473
0.714157
0.719091
0.72235
0.724976
0.726822
0.726074
0.725485
0.726936
0.72937
0.735056
0.744398
0.750595
0.754583
0.757802
0.760489
0.760736
0.759604
0.760696
0.763085
0.767427
0.777217
0.785188
0.789728
0.793194
0.796237
0.797009
0.794789
0.795296
0.797806
0.801509
0.810783
0.821944
0.828003
0.831794
0.835006
0.836531
0.833185
0.831785
0.833857
0.837381
0.844371
0.858604
0.868556
0.873481
0.876993
0.879289
0.875787
0.870996
0.871747
0.875248
0.880211
0.893197
0.91057
0.91934
0.924008
0.927527
0.925981
0.917045
0.913854
0.916216
0.920711
0.928017
0.947417
0.966312
0.975282
0.980777
0.98415
0.975827
0.964878
0.96365
0.967471
0.973456
0.985989
1.01111
1.02993
1.04012
1.04746
1.05042
1.03858
1.02732
1.02865
1.03587
1.04779
1.0708
1.09305
1.10919
1.12236
1.13409
1.13612
1.12507
1.11221
1.11111
1.12275
1.83211
5.59686
0.696141
0.698033
0.70068
0.707826
0.716386
0.721524
0.724927
0.727649
0.729798
0.729505
0.728467
0.729682
0.732064
0.736962
0.746654
0.753655
0.757716
0.760853
0.763562
0.764342
0.762541
0.762936
0.765185
0.768731
0.77787
0.787734
0.793007
0.79651
0.799537
0.801004
0.798655
0.798052
0.799927
0.802967
0.809529
0.822187
0.830511
0.834913
0.838273
0.840661
0.838214
0.835608
0.836875
0.839743
0.843869
0.85546
0.86903
0.875779
0.879827
0.883278
0.882271
0.876518
0.875873
0.878709
0.882383
0.889098
0.906323
0.920002
0.926223
0.930305
0.932369
0.92508
0.918016
0.918586
0.922515
0.9275
0.939167
0.961591
0.976107
0.983145
0.988205
0.988597
0.975474
0.967364
0.968927
0.974125
0.980975
0.998227
1.02291
1.03805
1.04691
1.05398
1.05519
1.04134
1.03229
1.03538
1.04342
1.05797
1.08132
1.10068
1.1152
1.12734
1.13639
1.1358
1.12315
1.10774
1.10217
1.80955
5.58685
0.699105
0.701038
0.70352
0.710266
0.719123
0.72437
0.727784
0.730535
0.732805
0.73266
0.731231
0.732248
0.734575
0.738719
0.748565
0.756789
0.760967
0.763992
0.766621
0.767639
0.765463
0.765316
0.767404
0.77049
0.777944
0.789522
0.796204
0.799829
0.802765
0.804829
0.802813
0.80067
0.801906
0.804698
0.809141
0.820872
0.832354
0.838076
0.841708
0.844769
0.844309
0.840134
0.839477
0.841331
0.844505
0.851612
0.867221
0.878002
0.883446
0.887283
0.88941
0.884362
0.88022
0.88082
0.883294
0.887235
0.898413
0.917343
0.927854
0.933314
0.93742
0.936327
0.926667
0.923084
0.925039
0.928742
0.934156
0.950541
0.972279
0.983422
0.989402
0.994119
0.991337
0.977967
0.97303
0.975662
0.980884
0.989107
1.01001
1.03255
1.04558
1.05397
1.06039
1.05836
1.04435
1.038
1.04204
1.05049
1.06725
1.09018
1.1074
1.12014
1.13077
1.13649
1.1337
1.1167
1.09487
1.77748
5.57775
0.701706
0.703562
0.705888
0.711906
0.72183
0.727722
0.731093
0.733765
0.735973
0.735757
0.733949
0.734719
0.736931
0.740235
0.749206
0.759225
0.764211
0.767248
0.769845
0.771186
0.769045
0.768187
0.769932
0.77257
0.777523
0.789361
0.798391
0.80282
0.80594
0.808514
0.807613
0.804108
0.804394
0.806846
0.810169
0.81866
0.832759
0.840773
0.844997
0.848261
0.849954
0.845439
0.84196
0.843162
0.846068
0.8505
0.863512
0.879217
0.886769
0.891145
0.894445
0.892521
0.884685
0.881996
0.883557
0.887176
0.893335
0.910799
0.928567
0.936609
0.941628
0.944744
0.938819
0.928745
0.926669
0.92875
0.93289
0.940475
0.961571
0.981453
0.990847
0.996879
1.00158
0.994874
0.980963
0.977914
0.981522
0.987283
0.997451
1.02027
1.04026
1.05167
1.05971
1.06597
1.06279
1.04836
1.04307
1.04751
1.05633
1.07489
1.0967
1.11213
1.1234
1.13189
1.13497
1.12723
1.10354
1.74691
5.56878
0.704201
0.705945
0.708247
0.713226
0.723798
0.731265
0.734668
0.737145
0.739158
0.73892
0.736767
0.737138
0.739178
0.741956
0.748909
0.760455
0.767168
0.770679
0.773428
0.775341
0.773602
0.771445
0.772263
0.774447
0.777756
0.787622
0.79957
0.805668
0.809258
0.81226
0.813156
0.809021
0.807378
0.809083
0.811922
0.816965
0.830679
0.842411
0.847879
0.851396
0.854258
0.852028
0.846052
0.845645
0.848277
0.851724
0.859141
0.876452
0.888501
0.893991
0.897595
0.899176
0.892187
0.885355
0.885541
0.888851
0.893322
0.903343
0.924575
0.938647
0.944951
0.949144
0.950066
0.939299
0.930147
0.929851
0.933278
0.938249
0.949735
0.974136
0.991414
0.999176
1.00425
1.00661
0.996652
0.984621
0.983262
0.987141
0.993095
1.00606
1.03022
1.04818
1.05866
1.06648
1.07126
1.06587
1.05195
1.04752
1.05193
1.06068
1.08039
1.10144
1.11527
1.12457
1.13047
1.12999
1.1185
1.73099
5.55929
0.707098
0.708722
0.710949
0.714891
0.724598
0.733521
0.737875
0.740426
0.742364
0.742489
0.740051
0.739759
0.741539
0.744105
0.749071
0.760721
0.769614
0.77401
0.776874
0.779181
0.778422
0.774627
0.774219
0.776277
0.779292
0.78631
0.799875
0.808331
0.812644
0.815772
0.818017
0.814895
0.810736
0.811163
0.813614
0.817102
0.827069
0.842388
0.85035
0.854518
0.857816
0.858784
0.852575
0.84926
0.850672
0.853337
0.857107
0.869197
0.886882
0.895594
0.900363
0.904056
0.903012
0.893518
0.890171
0.892225
0.895507
0.899803
0.913529
0.934756
0.94532
0.950569
0.954823
0.953638
0.940651
0.934326
0.936343
0.940654
0.945606
0.959641
0.983931
0.997622
1.00428
1.00975
1.0116
0.999531
0.988702
0.988673
0.993407
1.00019
1.01572
1.03891
1.0545
1.06401
1.07157
1.07619
1.06969
1.0553
1.05099
1.05506
1.06373
1.08382
1.1039
1.11606
1.1235
1.1258
1.1279
1.73075
5.54955
0.710846
0.711978
0.713979
0.716821
0.724306
0.734317
0.739791
0.742963
0.745394
0.7467
0.744427
0.74296
0.744343
0.746776
0.750457
0.760273
0.771139
0.776579
0.779751
0.782149
0.782623
0.778606
0.777064
0.778937
0.781785
0.786487
0.798757
0.810139
0.815545
0.818862
0.821526
0.820671
0.814965
0.813629
0.815739
0.818822
0.824462
0.839667
0.852191
0.857833
0.861284
0.864046
0.860695
0.85376
0.852459
0.854217
0.857341
0.863421
0.881006
0.896899
0.903903
0.908425
0.911315
0.905528
0.896204
0.894442
0.895912
0.898977
0.904731
0.923611
0.94332
0.952146
0.957414
0.961796
0.957914
0.945206
0.940911
0.942338
0.945577
0.951146
0.968815
0.992095
1.00435
1.0109
1.01589
1.01592
1.00399
0.99489
0.995225
0.99944
1.00629
1.024
1.04654
1.06075
1.06965
1.07679
1.08032
1.07289
1.05853
1.05389
1.05728
1.06536
1.0853
1.10411
1.11502
1.11868
1.12919
1.74496
5.54027
0.715213
0.715449
0.716858
0.71899
0.723622
0.734099
0.741501
0.745388
0.748179
0.750357
0.749571
0.747014
0.747674
0.749827
0.752512
0.759203
0.770985
0.77813
0.78188
0.784706
0.786606
0.783994
0.781156
0.782281
0.784754
0.787806
0.796071
0.809775
0.817308
0.82124
0.824369
0.825927
0.821044
0.817246
0.818354
0.821116
0.824572
0.834604
0.851373
0.860208
0.864568
0.867744
0.868299
0.860437
0.855224
0.856168
0.859176
0.863017
0.87339
0.893818
0.906232
0.911827
0.915761
0.916497
0.905636
0.897108
0.896975
0.89977
0.903774
0.912675
0.935191
0.952501
0.960165
0.965007
0.96857
0.960704
0.947178
0.943597
0.946239
0.950533
0.957424
0.977719
0.99944
1.01022
1.01667
1.02238
1.02183
1.00806
0.998751
0.999511
1.00435
1.01224
1.0317
1.0531
1.06602
1.07438
1.0812
1.08482
1.07697
1.06158
1.05584
1.05835
1.06554
1.08469
1.1023
1.11019
1.1248
1.7686
5.53149
0.719549
0.718788
0.719426
0.721475
0.724614
0.733487
0.742971
0.747777
0.75073
0.753162
0.754249
0.75177
0.751157
0.752689
0.754915
0.758631
0.769351
0.779471
0.784378
0.787528
0.79018
0.78994
0.785981
0.785404
0.787024
0.789516
0.793982
0.806951
0.818723
0.824149
0.827528
0.830369
0.828549
0.822366
0.821365
0.823324
0.826172
0.830962
0.846006
0.860955
0.86743
0.871125
0.873818
0.869907
0.861033
0.859705
0.862332
0.865546
0.869587
0.883374
0.902921
0.912063
0.916636
0.920102
0.918844
0.906785
0.900807
0.902535
0.906507
0.910905
0.922188
0.945218
0.959586
0.966249
0.970206
0.972039
0.962704
0.950566
0.948577
0.951711
0.956489
0.965449
0.988048
1.00795
1.01744
1.02291
1.02676
1.02476
1.01155
1.00343
1.00447
1.00918
1.01785
1.0384
1.05924
1.07152
1.07933
1.08542
1.08838
1.08036
1.06406
1.05674
1.05816
1.06427
1.08285
1.09691
1.11527
1.79517
5.52123
0.723407
0.722788
0.722783
0.724644
0.726939
0.732717
0.743353
0.749825
0.753172
0.755782
0.757953
0.756915
0.754585
0.755263
0.757373
0.760087
0.767395
0.779866
0.78691
0.790478
0.793119
0.794719
0.791136
0.788011
0.789107
0.791687
0.79485
0.803263
0.818282
0.826762
0.830903
0.83381
0.834951
0.828973
0.82452
0.825308
0.827941
0.831179
0.839125
0.857215
0.869187
0.874422
0.87776
0.879006
0.871244
0.864701
0.864713
0.866473
0.869349
0.874726
0.892362
0.910606
0.918746
0.923743
0.927488
0.923307
0.91099
0.907418
0.909306
0.912136
0.916225
0.929353
0.951767
0.964325
0.970194
0.975135
0.977416
0.967001
0.956249
0.955594
0.959209
0.963823
0.972585
0.994763
1.0125
1.02076
1.02648
1.03167
1.03016
1.01655
1.00852
1.00958
1.01417
1.02303
1.04356
1.06358
1.0753
1.08271
1.08835
1.09118
1.08381
1.06641
1.05672
1.05636
1.06205
1.07768
1.10029
1.81534
5.50767
0.727369
0.72753
0.726378
0.727622
0.729541
0.732524
0.742071
0.751472
0.755929
0.758836
0.761369
0.762195
0.759072
0.758381
0.760064
0.762468
0.76623
0.777397
0.788115
0.792983
0.795878
0.798432
0.79759
0.792641
0.792103
0.794308
0.797155
0.801151
0.813494
0.827111
0.833165
0.836461
0.839187
0.837353
0.830075
0.828251
0.830226
0.833228
0.836844
0.848183
0.866849
0.87656
0.881243
0.884292
0.882848
0.872508
0.866897
0.867721
0.870552
0.874278
0.882361
0.903387
0.919896
0.92677
0.930832
0.933796
0.926286
0.914133
0.910694
0.912472
0.915876
0.920965
0.937664
0.960438
0.972209
0.977699
0.982321
0.983223
0.971614
0.961671
0.960676
0.962995
0.967214
0.977697
1.00135
1.01878
1.02747
1.03322
1.03749
1.0354
1.02245
1.01404
1.01423
1.0182
1.02605
1.04635
1.06663
1.07836
1.08548
1.09074
1.09347
1.08721
1.06888
1.05544
1.0534
1.05659
1.0815
1.82282
5.49051
0.73132
0.732412
0.729314
0.729299
0.730885
0.733391
0.740267
0.7524
0.759251
0.762468
0.765052
0.767042
0.764834
0.76205
0.762622
0.764395
0.766776
0.773295
0.787073
0.795391
0.799427
0.802243
0.804061
0.800027
0.796431
0.797195
0.799209
0.801661
0.8074
0.823144
0.834708
0.839883
0.843013
0.845036
0.839545
0.833226
0.83308
0.835121
0.837814
0.842209
0.857343
0.875244
0.883161
0.887447
0.890093
0.886066
0.874802
0.871351
0.873769
0.877474
0.881142
0.890522
0.91215
0.925822
0.931731
0.935644
0.937796
0.928924
0.917279
0.915302
0.91842
0.922835
0.928734
0.946752
0.96774
0.978006
0.983738
0.987821
0.987466
0.974925
0.964851
0.964358
0.968167
0.973254
0.985222
1.00833
1.02451
1.03269
1.03841
1.04323
1.04171
1.02779
1.01774
1.01731
1.02124
1.02893
1.04846
1.06915
1.08114
1.08791
1.09256
1.09468
1.08963
1.07142
1.05439
1.04556
1.06068
1.81012
5.471
0.734922
0.736926
0.732704
0.731486
0.732913
0.735164
0.739195
0.751004
0.761508
0.766131
0.768769
0.7711
0.771019
0.766341
0.764614
0.765783
0.768056
0.771629
0.783193
0.796791
0.802942
0.806153
0.808739
0.808016
0.801729
0.799259
0.800306
0.802664
0.805927
0.815897
0.833475
0.842766
0.847073
0.850041
0.849704
0.840995
0.836074
0.83668
0.839131
0.84218
0.848326
0.866645
0.882666
0.88946
0.893801
0.896624
0.890719
0.880249
0.878174
0.879675
0.881874
0.885441
0.896997
0.918635
0.930904
0.936433
0.940899
0.9432
0.933895
0.924024
0.923325
0.925741
0.928807
0.934423
0.952936
0.972641
0.98199
0.987064
0.991628
0.992063
0.981154
0.972126
0.971527
0.974293
0.979177
0.991493
1.01433
1.02997
1.03789
1.0433
1.04709
1.04576
1.03302
1.0226
1.02134
1.0246
1.0314
1.05009
1.07073
1.08269
1.08899
1.09304
1.09458
1.09059
1.07395
1.05093
1.04558
1.77564
5.45175
0.73843
0.741403
0.737829
0.734672
0.735292
0.737265
0.739911
0.747892
0.761613
0.768847
0.772165
0.774594
0.776173
0.772303
0.767638
0.767868
0.769996
0.772709
0.779087
0.794457
0.804921
0.809403
0.812094
0.813995
0.809392
0.802885
0.802454
0.804709
0.807597
0.811952
0.826251
0.842783
0.850041
0.853723
0.85622
0.852355
0.842461
0.839484
0.841086
0.843891
0.847054
0.855099
0.875775
0.890394
0.896501
0.900474
0.902661
0.893739
0.882678
0.880292
0.882261
0.885419
0.889882
0.904999
0.926961
0.93856
0.943699
0.948146
0.94917
0.938178
0.928012
0.926204
0.928229
0.931773
0.938715
0.958929
0.978361
0.987662
0.993483
0.998457
0.998975
0.98753
0.976971
0.975641
0.978573
0.98309
0.995211
1.01786
1.03334
1.041
1.04653
1.05179
1.05228
1.03958
1.02759
1.02513
1.02775
1.03297
1.04993
1.07065
1.08269
1.08879
1.09238
1.09343
1.09061
1.07181
1.04903
1.73049
5.43517
0.741766
0.745688
0.744381
0.739208
0.737975
0.739356
0.741559
0.745825
0.758665
0.770146
0.775128
0.777857
0.780185
0.779342
0.772898
0.77084
0.772298
0.774632
0.777804
0.788294
0.804043
0.811697
0.815545
0.818264
0.818177
0.81019
0.806188
0.807345
0.809752
0.812411
0.818322
0.836033
0.850493
0.856636
0.860312
0.861965
0.854599
0.845368
0.843873
0.845521
0.848233
0.852001
0.863522
0.884826
0.896713
0.901947
0.905306
0.906175
0.896251
0.885943
0.884762
0.887661
0.891615
0.897041
0.913864
0.93454
0.944438
0.949355
0.952601
0.952905
0.941423
0.931193
0.93026
0.933559
0.937876
0.946132
0.967439
0.986024
0.994564
0.999349
1.00313
1.00359
0.992027
0.980803
0.979034
0.982179
0.986808
0.998715
1.02208
1.03915
1.04735
1.05258
1.05673
1.05702
1.04561
1.03204
1.02775
1.02953
1.03404
1.04884
1.0696
1.08228
1.08816
1.09088
1.09187
1.0867
1.07195
1.7021
5.42064
0.744555
0.749014
0.749709
0.745027
0.741119
0.741751
0.743815
0.746535
0.754707
0.769366
0.777337
0.781075
0.783523
0.784937
0.779993
0.774646
0.774633
0.7764
0.77889
0.783855
0.798841
0.81305
0.818911
0.822244
0.82444
0.820028
0.811521
0.809646
0.810924
0.813403
0.816818
0.826065
0.845846
0.858109
0.863379
0.866908
0.866971
0.856298
0.847694
0.84754
0.850365
0.853556
0.857545
0.870731
0.891203
0.901587
0.906559
0.910859
0.911714
0.900982
0.892184
0.892137
0.894674
0.897701
0.90279
0.919998
0.939046
0.94768
0.952342
0.956542
0.9573
0.946541
0.937824
0.937899
0.941172
0.945003
0.952689
0.972551
0.989606
0.997418
1.00234
1.00674
1.00754
0.996976
0.985907
0.984228
0.987721
0.992595
1.00382
1.02574
1.04236
1.05061
1.05589
1.06006
1.06063
1.05095
1.03685
1.03076
1.03132
1.03471
1.04752
1.06768
1.0807
1.08636
1.08906
1.0873
1.09081
1.70029
5.40753
0.74596
0.751169
0.752932
0.751597
0.746211
0.745159
0.746786
0.749048
0.752979
0.765186
0.778005
0.783515
0.786395
0.788419
0.787114
0.779961
0.777422
0.778984
0.781534
0.784465
0.792294
0.809535
0.820844
0.825671
0.828273
0.828605
0.820035
0.813016
0.813237
0.815818
0.818761
0.822737
0.835118
0.854362
0.864351
0.869088
0.872469
0.87077
0.85921
0.852776
0.853149
0.855044
0.857946
0.862766
0.879269
0.899525
0.909017
0.913314
0.916872
0.916522
0.904731
0.896321
0.895486
0.897571
0.901064
0.907527
0.926447
0.945391
0.954243
0.958966
0.963435
0.963509
0.952385
0.943436
0.942454
0.944408
0.947911
0.955667
0.976267
0.993855
1.00228
1.00735
1.01223
1.01417
1.00467
0.993596
0.991147
0.993014
0.996415
1.00477
1.02588
1.04395
1.05296
1.05815
1.06246
1.06495
1.05794
1.04276
1.03395
1.03305
1.03512
1.04435
1.06396
1.07749
1.08398
1.08401
1.09717
1.71692
5.39514
0.74694
0.753523
0.755753
0.757285
0.753265
0.749576
0.750152
0.752012
0.75422
0.760051
0.774369
0.784254
0.788418
0.790998
0.792871
0.788459
0.782424
0.782551
0.784759
0.787252
0.79021
0.799996
0.817431
0.826477
0.830644
0.833281
0.8319
0.822125
0.817886
0.819265
0.821785
0.824484
0.828401
0.842356
0.860988
0.869832
0.874131
0.87756
0.875312
0.862851
0.856463
0.857591
0.860851
0.864634
0.870328
0.88749
0.905628
0.913714
0.918192
0.921108
0.920043
0.908097
0.900015
0.900118
0.903363
0.907456
0.914859
0.934081
0.951897
0.960193
0.964688
0.967932
0.968027
0.956967
0.94688
0.94566
0.948832
0.953125
0.961269
0.981634
0.999959
1.00903
1.01393
1.01805
1.0202
1.0118
0.998529
0.993554
0.99527
0.999294
1.00722
1.02672
1.04621
1.05669
1.06224
1.06622
1.06856
1.06422
1.04852
1.03609
1.03292
1.03423
1.0411
1.0591
1.07378
1.07859
1.09626
1.74662
5.38309
0.747468
0.756313
0.758577
0.760845
0.760101
0.754785
0.753329
0.754449
0.756246
0.758804
0.767078
0.782483
0.790837
0.794545
0.797018
0.797108
0.79012
0.786507
0.787245
0.788803
0.791065
0.794851
0.807555
0.824931
0.833122
0.837141
0.839813
0.83579
0.825636
0.822561
0.82365
0.825616
0.828589
0.833725
0.849641
0.867021
0.875022
0.879052
0.882041
0.879249
0.868061
0.863613
0.865009
0.867296
0.869887
0.875051
0.89234
0.909448
0.917088
0.921423
0.925439
0.92508
0.914139
0.907449
0.908033
0.910802
0.914079
0.920224
0.938244
0.955072
0.962733
0.967152
0.971132
0.972333
0.963485
0.954274
0.952961
0.95555
0.959467
0.966628
0.985527
1.0037
1.0127
1.01791
1.02156
1.02372
1.01814
1.0056
0.999602
1.00032
1.00349
1.00989
1.02748
1.04753
1.05894
1.06474
1.06851
1.0707
1.06825
1.05419
1.03901
1.0331
1.03292
1.03736
1.05448
1.06659
1.08881
1.77893
5.36865
0.74611
0.758204
0.761124
0.763533
0.765294
0.761936
0.757308
0.757017
0.758632
0.760764
0.764105
0.775407
0.790548
0.79745
0.800505
0.802557
0.800204
0.792323
0.789731
0.791114
0.793489
0.796105
0.800839
0.816187
0.832497
0.839703
0.843332
0.84502
0.839092
0.828848
0.826386
0.828336
0.83115
0.833883
0.838659
0.855302
0.872505
0.880199
0.884437
0.887984
0.884578
0.872839
0.867331
0.867618
0.869852
0.872925
0.879299
0.897862
0.915336
0.9236
0.928056
0.932282
0.931391
0.920316
0.912804
0.911954
0.913355
0.916416
0.922873
0.941227
0.95901
0.967817
0.973189
0.978058
0.980069
0.97196
0.961129
0.958068
0.959645
0.962601
0.968333
0.985806
1.00487
1.01491
1.02049
1.0256
1.02969
1.02696
1.01425
1.00571
1.00481
1.00718
1.01135
1.02568
1.04675
1.05954
1.06555
1.06933
1.07257
1.0727
1.06073
1.04258
1.03286
1.03077
1.03388
1.04657
1.07353
1.80176
5.34991
0.742223
0.758322
0.764236
0.767168
0.76949
0.769839
0.763864
0.760548
0.76123
0.763036
0.765057
0.768965
0.782956
0.79727
0.80344
0.806713
0.808666
0.803727
0.795784
0.794614
0.796282
0.798479
0.800833
0.805962
0.822959
0.838134
0.844441
0.848433
0.850475
0.843902
0.834557
0.832548
0.833301
0.83482
0.837768
0.844192
0.862621
0.878951
0.886075
0.889863
0.892523
0.88921
0.877472
0.871519
0.872027
0.874928
0.878556
0.885504
0.904447
0.921545
0.929406
0.933758
0.937162
0.936705
0.92536
0.916257
0.915101
0.917793
0.921562
0.928091
0.946833
0.965821
0.97503
0.979693
0.983291
0.985699
0.978536
0.965623
0.960591
0.96207
0.965746
0.971211
0.987561
1.00936
1.0217
1.02731
1.03152
1.03532
1.03411
1.02151
1.00993
1.0069
1.00897
1.01272
1.024
1.0454
1.06105
1.06831
1.07195
1.07425
1.07481
1.06637
1.04718
1.03242
1.02787
1.02731
1.05427
1.80408
5.32642
0.738998
0.753949
0.766241
0.77122
0.773695
0.775691
0.772641
0.765649
0.763867
0.764587
0.766124
0.768435
0.774084
0.791259
0.804989
0.81057
0.813804
0.814818
0.806951
0.799552
0.798535
0.799233
0.800954
0.803879
0.811021
0.830519
0.845178
0.851025
0.854682
0.856529
0.848114
0.837139
0.834944
0.837042
0.839769
0.842866
0.849595
0.868394
0.88375
0.890209
0.894846
0.898366
0.89513
0.883146
0.877652
0.878637
0.881165
0.884129
0.890586
0.909132
0.925379
0.932652
0.937103
0.941054
0.941288
0.931192
0.922389
0.921642
0.924262
0.927828
0.933978
0.951147
0.969367
0.978231
0.983153
0.987044
0.989285
0.984186
0.971799
0.966069
0.967507
0.971451
0.976913
0.991162
1.01209
1.02477
1.03116
1.03542
1.03802
1.03775
1.02745
1.01484
1.01056
1.0119
1.01516
1.02458
1.04494
1.06138
1.06916
1.07273
1.07479
1.07536
1.07008
1.0522
1.03395
1.02263
1.03476
1.78303
5.30004
0.739596
0.747165
0.763606
0.773527
0.777539
0.779749
0.780613
0.773789
0.767029
0.766266
0.767878
0.770146
0.773092
0.781669
0.800546
0.812388
0.817348
0.82014
0.819482
0.80917
0.801513
0.801057
0.80304
0.805545
0.808949
0.81888
0.839265
0.851546
0.856706
0.859922
0.860696
0.851322
0.841883
0.840535
0.84166
0.843585
0.847051
0.855774
0.876269
0.891101
0.897175
0.900741
0.903807
0.899925
0.887435
0.881684
0.882039
0.884231
0.887621
0.89494
0.914148
0.93064
0.93828
0.942709
0.947042
0.947823
0.937744
0.928185
0.926686
0.928503
0.931301
0.936578
0.952792
0.971786
0.981739
0.986915
0.991606
0.995298
0.992117
0.980338
0.973803
0.974077
0.976342
0.979897
0.990403
1.01098
1.02552
1.0323
1.03658
1.04069
1.043
1.03595
1.02302
1.01651
1.01626
1.01825
1.02346
1.04113
1.05919
1.06819
1.07196
1.07404
1.07525
1.07267
1.05819
1.03348
1.02724
1.73728
5.27469
0.741409
0.744977
0.755206
0.771792
0.779991
0.7836
0.785721
0.784133
0.774473
0.769656
0.770348
0.772441
0.774832
0.778075
0.788955
0.808067
0.818072
0.822546
0.825428
0.823428
0.812018
0.805845
0.806366
0.808529
0.811074
0.814573
0.825813
0.845305
0.855816
0.860344
0.863919
0.865259
0.855217
0.844936
0.843751
0.846318
0.849501
0.853517
0.862843
0.882538
0.895719
0.901479
0.905113
0.907526
0.903763
0.89138
0.885631
0.886707
0.889816
0.893781
0.901446
0.920187
0.936375
0.944045
0.948318
0.951425
0.952437
0.943402
0.932564
0.929937
0.932262
0.935882
0.94122
0.956375
0.976347
0.987913
0.993344
0.997004
1.00045
0.999431
0.987764
0.977854
0.975995
0.978673
0.982657
0.991191
1.01053
1.02826
1.03728
1.04198
1.04595
1.04869
1.0446
1.03065
1.01994
1.01724
1.01888
1.02242
1.03628
1.05571
1.06711
1.07193
1.07415
1.07486
1.07409
1.05976
1.03833
1.69051
5.25388
0.743382
0.745885
0.749865
0.763499
0.779624
0.786597
0.789807
0.791637
0.786407
0.77635
0.773759
0.774738
0.776414
0.778788
0.782814
0.796595
0.815411
0.82417
0.828019
0.831023
0.827992
0.815929
0.810651
0.811105
0.81262
0.814996
0.819188
0.832497
0.851585
0.861293
0.865567
0.868312
0.86827
0.859031
0.851101
0.850814
0.852815
0.855039
0.858354
0.867717
0.886744
0.899136
0.904374
0.908019
0.911467
0.908709
0.897877
0.893032
0.894251
0.897055
0.900183
0.90618
0.922881
0.938545
0.946119
0.950548
0.954353
0.956369
0.950092
0.940162
0.937155
0.938996
0.942508
0.947011
0.958969
0.97821
0.990319
0.996475
1.00078
1.00357
1.00422
0.995915
0.985326
0.982073
0.983774
0.987264
0.994044
1.0112
1.02993
1.04029
1.04543
1.04873
1.05079
1.04918
1.03761
1.02466
1.01953
1.01968
1.02214
1.03287
1.05244
1.066
1.07189
1.0737
1.07455
1.07123
1.06627
1.67229
5.23642
0.746388
0.748735
0.750979
0.756089
0.77176
0.786234
0.792339
0.795411
0.796073
0.788271
0.778786
0.777129
0.779014
0.781553
0.784214
0.788991
0.804668
0.821888
0.829336
0.833027
0.835359
0.831581
0.819411
0.814182
0.815251
0.817915
0.820882
0.825396
0.838877
0.856443
0.865008
0.869024
0.872406
0.873517
0.864565
0.855776
0.854469
0.856809
0.859762
0.86333
0.872272
0.89087
0.903998
0.910034
0.913627
0.917236
0.915235
0.904501
0.898505
0.898415
0.900083
0.902783
0.90828
0.924035
0.941183
0.950378
0.955607
0.960362
0.963607
0.959023
0.948227
0.943394
0.943915
0.945668
0.949081
0.958276
0.977298
0.991639
0.998772
1.00395
1.00871
1.01152
1.00591
0.994265
0.988597
0.988835
0.990974
0.994842
1.00814
1.02813
1.04019
1.04581
1.04986
1.05358
1.05492
1.04599
1.03101
1.023
1.02164
1.02263
1.02933
1.04801
1.06336
1.06989
1.07248
1.07064
1.082
1.68005
5.22027
0.750832
0.751865
0.753667
0.755724
0.761085
0.777628
0.791124
0.796602
0.799903
0.800569
0.791898
0.783743
0.783143
0.784915
0.787026
0.789354
0.794028
0.810009
0.825884
0.832494
0.836095
0.83906
0.835723
0.824988
0.820877
0.821838
0.823756
0.826037
0.829827
0.843069
0.860481
0.869472
0.873863
0.876707
0.877823
0.870609
0.862241
0.860659
0.862262
0.864674
0.868075
0.876858
0.895038
0.908495
0.914927
0.91869
0.921606
0.920915
0.911013
0.902973
0.901933
0.904421
0.907781
0.91281
0.927289
0.945916
0.956518
0.961786
0.965442
0.968592
0.966426
0.954914
0.946882
0.946123
0.948769
0.952514
0.9602
0.978956
0.996641
1.00544
1.01007
1.01382
1.01718
1.01412
1.00127
0.991771
0.990081
0.992614
0.996469
1.00635
1.02662
1.04277
1.05046
1.05438
1.05738
1.05905
1.05379
1.03803
1.02567
1.02191
1.02238
1.02602
1.04206
1.05895
1.06778
1.06859
1.0853
1.70605
5.20594
0.756273
0.754156
0.755047
0.756573
0.75917
0.766005
0.783694
0.797029
0.802436
0.805472
0.805734
0.796468
0.78845
0.787324
0.788477
0.789976
0.792521
0.798364
0.815365
0.831288
0.838325
0.841845
0.844828
0.841422
0.830102
0.824581
0.824665
0.826624
0.829089
0.83319
0.846617
0.864054
0.873192
0.878224
0.882546
0.884548
0.877199
0.867378
0.864938
0.866759
0.869563
0.872664
0.879696
0.897459
0.911602
0.918017
0.922208
0.926143
0.92698
0.918102
0.909687
0.908512
0.910454
0.913148
0.917236
0.929766
0.948105
0.959015
0.964615
0.968767
0.972317
0.971989
0.962611
0.953789
0.952147
0.954498
0.958184
0.964347
0.980295
0.998066
1.00794
1.01346
1.01746
1.01975
1.01893
1.00885
0.997976
0.994741
0.996463
0.999989
1.00784
1.02621
1.04355
1.05244
1.05671
1.05933
1.06068
1.05812
1.04445
1.02906
1.02234
1.02166
1.02388
1.03741
1.05496
1.06235
1.08309
1.7396
5.19028
0.764618
0.757511
0.757556
0.759334
0.761362
0.764034
0.771455
0.789721
0.802339
0.807625
0.810644
0.810538
0.801493
0.793131
0.791354
0.792707
0.795022
0.797917
0.803847
0.821132
0.836654
0.843372
0.847026
0.849447
0.846327
0.835022
0.828832
0.828688
0.830726
0.833504
0.837852
0.851522
0.86992
0.879782
0.884414
0.887584
0.889282
0.883238
0.873321
0.869648
0.870249
0.872514
0.875774
0.883198
0.901514
0.917027
0.924342
0.928293
0.932075
0.933702
0.925582
0.915328
0.912444
0.913817
0.916324
0.92006
0.930713
0.949696
0.962525
0.968823
0.97341
0.977842
0.979496
0.971565
0.961187
0.958206
0.959578
0.961723
0.965758
0.978111
0.997068
1.00918
1.01518
1.0196
1.02385
1.02573
1.01835
1.00648
1.00124
1.00145
1.00342
1.00715
1.02146
1.04085
1.05183
1.05656
1.05943
1.0619
1.06211
1.05188
1.03481
1.02455
1.02174
1.02208
1.0331
1.04724
1.07219
1.76729
5.16995
0.776076
0.766003
0.761781
0.762447
0.763891
0.76548
0.767772
0.775949
0.795152
0.807527
0.812654
0.816234
0.816678
0.807125
0.798224
0.796804
0.798107
0.799896
0.802307
0.808231
0.825932
0.840852
0.847078
0.851093
0.854438
0.851884
0.840288
0.833752
0.833717
0.835763
0.838549
0.843063
0.855943
0.873565
0.883244
0.888262
0.892422
0.895201
0.889542
0.877833
0.87338
0.874632
0.877596
0.881461
0.888493
0.905338
0.921298
0.929193
0.93347
0.936388
0.937889
0.931217
0.920184
0.916332
0.917963
0.921153
0.925395
0.934674
0.953178
0.967732
0.974705
0.978813
0.982095
0.984328
0.979262
0.967606
0.961646
0.962109
0.965073
0.969126
0.979136
0.997965
1.01309
1.02063
1.02489
1.02826
1.03083
1.02683
1.01395
1.00448
1.00249
1.00455
1.008
1.01898
1.03829
1.05231
1.05873
1.06167
1.06375
1.06524
1.05965
1.04201
1.02667
1.02055
1.02018
1.02607
1.05515
1.78006
5.14459
0.783816
0.78022
0.768603
0.764643
0.764753
0.76615
0.7684
0.771797
0.782242
0.802214
0.813962
0.818779
0.821691
0.821635
0.811216
0.801578
0.799493
0.800656
0.802644
0.805712
0.813203
0.831935
0.846918
0.853257
0.856563
0.859184
0.856677
0.844772
0.838248
0.838361
0.840186
0.842752
0.847286
0.86024
0.878809
0.889244
0.893976
0.896903
0.898704
0.894539
0.884456
0.880227
0.88128
0.883672
0.886518
0.892112
0.907974
0.923902
0.931313
0.935185
0.938389
0.940946
0.937522
0.928321
0.924115
0.925249
0.928065
0.931332
0.937951
0.953786
0.968453
0.976127
0.980702
0.984518
0.987309
0.985843
0.976795
0.969827
0.968935
0.971125
0.974331
0.980947
0.996966
1.0132
1.02235
1.02753
1.03115
1.03321
1.03247
1.02285
1.01194
1.00778
1.00795
1.0099
1.01705
1.03499
1.05161
1.06004
1.06344
1.06527
1.06623
1.0635
1.04939
1.03044
1.01999
1.01461
1.0352
1.7705
5.11556
0.78588
0.789842
0.783148
0.77174
0.767958
0.769126
0.771479
0.773911
0.777158
0.787872
0.80733
0.817774
0.822114
0.824937
0.82523
0.815673
0.805792
0.803847
0.805602
0.8082
0.81166
0.819024
0.836756
0.850782
0.856683
0.860036
0.862227
0.86023
0.84961
0.842939
0.843159
0.845726
0.848986
0.853505
0.864455
0.881624
0.89186
0.896767
0.90065
0.904014
0.901488
0.890655
0.884585
0.884988
0.887875
0.891268
0.896252
0.908738
0.924581
0.934155
0.939371
0.943534
0.947279
0.946242
0.936945
0.930375
0.929778
0.931697
0.934158
0.938441
0.951236
0.968038
0.978312
0.984068
0.989366
0.993741
0.994901
0.987386
0.977914
0.97442
0.974846
0.976398
0.980235
0.992638
1.01088
1.02273
1.02881
1.0338
1.03799
1.03989
1.03301
1.01961
1.01167
1.01036
1.01183
1.01544
1.03003
1.04896
1.05912
1.0631
1.0653
1.06685
1.06643
1.05619
1.03601
1.01797
1.02238
1.73384
5.08555
0.785902
0.793307
0.795081
0.788434
0.777362
0.774448
0.775091
0.775948
0.777455
0.780938
0.792795
0.812045
0.822196
0.826388
0.829709
0.830653
0.821391
0.811868
0.810421
0.811805
0.813479
0.816067
0.822677
0.839606
0.853468
0.859486
0.863079
0.866549
0.865909
0.856376
0.850385
0.85047
0.851999
0.853852
0.857455
0.867405
0.885182
0.896762
0.902031
0.905114
0.907398
0.906829
0.898658
0.892125
0.891407
0.893008
0.895384
0.899179
0.909838
0.92704
0.938807
0.944641
0.948332
0.951322
0.952259
0.945459
0.936546
0.933365
0.934734
0.937816
0.941822
0.952046
0.96998
0.98359
0.990374
0.994685
0.99808
1.00062
0.996351
0.984332
0.97674
0.976068
0.97853
0.982174
0.991813
1.01078
1.02666
1.03439
1.03849
1.04159
1.04384
1.04013
1.02644
1.01503
1.01153
1.01253
1.01521
1.02541
1.04513
1.05899
1.06451
1.06644
1.06735
1.06711
1.06177
1.03981
1.02371
1.68369
5.05988
0.783337
0.795838
0.79848
0.800097
0.792945
0.7808
0.776614
0.77768
0.779836
0.782093
0.786093
0.79878
0.817621
0.827474
0.831673
0.834367
0.835145
0.826202
0.816107
0.81346
0.81497
0.817372
0.820463
0.826884
0.843291
0.858017
0.864922
0.868469
0.871314
0.871327
0.862377
0.854498
0.853617
0.856098
0.859063
0.862645
0.870361
0.886577
0.898591
0.904552
0.909182
0.913178
0.914387
0.906574
0.897281
0.894831
0.896807
0.900031
0.903615
0.911382
0.927597
0.940234
0.94686
0.951413
0.955569
0.958266
0.953808
0.944402
0.940049
0.94072
0.943163
0.946399
0.953956
0.970203
0.984623
0.992458
0.997181
1.00099
1.0034
1.00199
0.992467
0.983798
0.98191
0.983815
0.986923
0.993581
1.00982
1.02627
1.03515
1.03987
1.0432
1.04547
1.04429
1.03406
1.02089
1.01473
1.01428
1.01614
1.02371
1.04236
1.05747
1.06412
1.06655
1.06719
1.06741
1.06166
1.04776
1.65058
5.03915
0.774995
0.794724
0.799614
0.802315
0.803624
0.796229
0.78502
0.781738
0.782839
0.784782
0.787103
0.791104
0.803357
0.821174
0.830458
0.834593
0.83743
0.83867
0.831904
0.82207
0.819139
0.820285
0.822419
0.825358
0.83075
0.845502
0.860482
0.867846
0.871976
0.875114
0.875992
0.869162
0.861721
0.860515
0.861498
0.862775
0.865607
0.872371
0.889086
0.903617
0.910581
0.914388
0.917127
0.918655
0.913592
0.904631
0.901181
0.90185
0.903481
0.906225
0.912375
0.92836
0.944169
0.952712
0.957271
0.960787
0.964248
0.962756
0.953273
0.946008
0.944951
0.946866
0.949337
0.954089
0.967556
0.984446
0.994573
0.999854
1.00434
1.00843
1.00991
1.00254
0.991786
0.987476
0.987904
0.98953
0.993028
1.00486
1.02348
1.03546
1.04103
1.04488
1.04857
1.05021
1.04325
1.0288
1.01964
1.01738
1.01789
1.02072
1.0358
1.05366
1.06266
1.06557
1.06694
1.06524
1.07196
1.649
5.01981
0.765461
0.785533
0.797945
0.80269
0.805295
0.80731
0.801307
0.790133
0.786329
0.787086
0.788828
0.790838
0.794731
0.806668
0.824578
0.83453
0.839098
0.842712
0.84486
0.838651
0.827878
0.824241
0.824843
0.826129
0.828708
0.833605
0.847795
0.863719
0.872094
0.876668
0.880596
0.882758
0.87649
0.866116
0.862675
0.864315
0.867065
0.870609
0.876582
0.89099
0.905161
0.912623
0.917226
0.921472
0.924618
0.921624
0.910973
0.90479
0.904981
0.907677
0.911382
0.917101
0.930123
0.946235
0.956333
0.961883
0.965494
0.968192
0.968692
0.961259
0.951612
0.948315
0.949974
0.953219
0.957706
0.968339
0.985825
0.998865
1.00522
1.00911
1.01224
1.01473
1.01079
0.998786
0.990671
0.989509
0.991778
0.99527
1.0045
1.02266
1.03785
1.04534
1.04897
1.0517
1.05356
1.05027
1.03617
1.02248
1.01711
1.01712
1.0194
1.0314
1.05011
1.06125
1.06614
1.06549
1.08002
1.66543
5.00102
0.764347
0.771505
0.78767
0.800508
0.806094
0.808831
0.810559
0.806431
0.795996
0.791221
0.791496
0.793645
0.796136
0.799884
0.811317
0.829513
0.839806
0.844268
0.847013
0.84882
0.843946
0.832514
0.827478
0.828349
0.830736
0.833711
0.838507
0.851888
0.868678
0.877637
0.881868
0.88463
0.886214
0.881898
0.872735
0.86948
0.870551
0.872355
0.874661
0.879044
0.892053
0.908526
0.91798
0.922597
0.925479
0.927193
0.926275
0.918729
0.912528
0.912101
0.914148
0.916545
0.920062
0.929819
0.946524
0.95813
0.963725
0.967316
0.970635
0.972698
0.969084
0.960478
0.956166
0.956707
0.959098
0.962182
0.968987
0.984314
0.998455
1.00617
1.01078
1.0145
1.01741
1.01665
1.00794
0.999082
0.996236
0.996769
0.998753
1.00385
1.01945
1.03631
1.04558
1.05028
1.0533
1.05473
1.05396
1.04418
1.02889
1.02042
1.01829
1.01891
1.02748
1.04637
1.05975
1.06335
1.08096
1.69486
4.98235
0.766505
0.767807
0.772075
0.78812
0.802817
0.809587
0.814073
0.816941
0.813978
0.803044
0.797473
0.797575
0.799077
0.80107
0.804391
0.814878
0.832208
0.842123
0.846628
0.84991
0.852706
0.848844
0.838196
0.833626
0.83434
0.836485
0.839105
0.843295
0.854832
0.870482
0.879561
0.884357
0.888421
0.89173
0.889515
0.879457
0.873386
0.873674
0.87627
0.879716
0.884267
0.893885
0.908798
0.918825
0.924169
0.928346
0.93231
0.933887
0.927519
0.918558
0.915538
0.91727
0.92038
0.924318
0.931327
0.94534
0.958707
0.966507
0.971144
0.975543
0.979199
0.978906
0.970499
0.962858
0.960916
0.962197
0.964048
0.967877
0.979717
0.996435
1.00726
1.0132
1.01836
1.02279
1.02475
1.01856
1.00694
0.999849
0.998563
1.00008
1.00282
1.01357
1.03223
1.04489
1.05066
1.05441
1.05752
1.05882
1.0527
1.03592
1.02269
1.01853
1.01861
1.0237
1.04193
1.05409
1.07594
1.72616
4.96106
0.766482
0.766306
0.768411
0.774651
0.792919
0.809555
0.816382
0.819749
0.822606
0.819941
0.808038
0.801051
0.800539
0.801988
0.8039
0.807519
0.817756
0.835565
0.846733
0.851694
0.854581
0.857146
0.854823
0.844349
0.838408
0.838503
0.840471
0.842798
0.846493
0.856442
0.873325
0.884558
0.889771
0.892932
0.895026
0.894363
0.887013
0.881219
0.880998
0.882536
0.88405
0.886919
0.894082
0.909454
0.922757
0.929541
0.933245
0.935631
0.937492
0.935017
0.927303
0.92304
0.923343
0.925268
0.927845
0.932323
0.944355
0.960401
0.971079
0.976503
0.980125
0.983247
0.984934
0.979249
0.96911
0.963832
0.964019
0.966602
0.970097
0.97893
0.996199
1.01106
1.01874
1.02305
1.02627
1.02836
1.0257
1.0143
1.00346
0.999878
1.00109
1.00385
1.01206
1.03052
1.04693
1.05461
1.05768
1.05942
1.06046
1.05751
1.04277
1.02602
1.01854
1.0174
1.02192
1.03704
1.06437
1.74753
4.93617
0.769062
0.767791
0.769838
0.773298
0.781484
0.800515
0.815039
0.820967
0.824266
0.82656
0.823879
0.812785
0.805484
0.804851
0.806684
0.809124
0.813132
0.822077
0.838171
0.849571
0.855001
0.858376
0.860428
0.859357
0.850841
0.843936
0.843123
0.84515
0.847994
0.852076
0.859646
0.874091
0.885527
0.891567
0.895901
0.89986
0.901798
0.896315
0.88739
0.883892
0.885312
0.888173
0.891862
0.897071
0.909018
0.922494
0.930299
0.935261
0.940087
0.943777
0.944154
0.936623
0.928694
0.926657
0.928711
0.932075
0.935721
0.9444
0.960197
0.971999
0.978301
0.982463
0.986132
0.989053
0.986267
0.977141
0.970622
0.969675
0.971321
0.973973
0.979934
0.995049
1.01065
1.0194
1.02423
1.02775
1.03079
1.0306
1.02228
1.01054
1.00539
1.00552
1.00739
1.01236
1.02826
1.04536
1.05387
1.05749
1.05948
1.06108
1.06061
1.05006
1.03211
1.0206
1.01787
1.01817
1.04773
1.74885
4.90748
0.774746
0.771431
0.773628
0.77656
0.780337
0.788463
0.805816
0.818857
0.824185
0.826823
0.829357
0.82866
0.818625
0.811479
0.811032
0.812677
0.814429
0.817113
0.824179
0.839517
0.851693
0.857314
0.8609
0.864432
0.865534
0.858532
0.851113
0.850009
0.851286
0.852723
0.855386
0.861002
0.874948
0.889459
0.897385
0.901398
0.904129
0.906014
0.903224
0.895205
0.89122
0.891602
0.892815
0.894734
0.898318
0.908121
0.92409
0.935602
0.941387
0.944988
0.947788
0.949331
0.944642
0.936345
0.932842
0.933633
0.935873
0.938458
0.943869
0.958185
0.973254
0.981856
0.986524
0.990353
0.994147
0.994595
0.98666
0.977221
0.973688
0.974575
0.97681
0.980219
0.990956
1.00884
1.02136
1.02747
1.03104
1.03458
1.03676
1.03188
1.01882
1.01004
1.00825
1.00956
1.01201
1.02251
1.04125
1.0532
1.05809
1.06041
1.06242
1.06358
1.05797
1.04022
1.02468
1.01613
1.02888
1.7274
4.8772
0.785733
0.77914
0.779793
0.781905
0.784305
0.787284
0.793721
0.80854
0.82098
0.827009
0.830483
0.832549
0.832414
0.824527
0.816644
0.814805
0.816244
0.818516
0.821642
0.82757
0.841327
0.855034
0.862372
0.866206
0.868952
0.870695
0.865625
0.856452
0.852816
0.854124
0.856809
0.860386
0.865399
0.876848
0.891305
0.89965
0.904143
0.90791
0.911224
0.911227
0.902885
0.894963
0.893628
0.895913
0.89909
0.903167
0.910423
0.924482
0.936603
0.943297
0.947613
0.951696
0.955114
0.953532
0.944684
0.93796
0.936962
0.939236
0.942434
0.947361
0.958955
0.974799
0.985643
0.991232
0.994776
0.997281
0.998649
0.994464
0.984253
0.977636
0.97709
0.979672
0.983531
0.991951
1.00842
1.02331
1.03126
1.03504
1.03757
1.03976
1.03809
1.02616
1.01405
1.0098
1.01056
1.0128
1.02063
1.03834
1.05302
1.06001
1.06274
1.06438
1.06541
1.0628
1.04897
1.02664
1.02226
1.68304
4.84789
0.798557
0.795745
0.790196
0.788622
0.789365
0.790616
0.792084
0.794981
0.805866
0.819667
0.827749
0.832247
0.835606
0.837471
0.832886
0.824405
0.821202
0.821951
0.823639
0.826089
0.830246
0.841692
0.856241
0.864642
0.869033
0.872213
0.874527
0.871735
0.863386
0.859468
0.860399
0.862609
0.864956
0.868335
0.877252
0.892756
0.903797
0.909101
0.912157
0.914178
0.914846
0.909365
0.902324
0.900736
0.902412
0.904336
0.906517
0.910774
0.92287
0.938193
0.947682
0.952591
0.956002
0.958495
0.958789
0.953288
0.946363
0.944233
0.945508
0.947729
0.950548
0.95763
0.972368
0.984812
0.991671
0.99583
0.99913
1.00211
1.00148
0.993599
0.985894
0.98393
0.98492
0.986996
0.991112
1.00441
1.02123
1.03081
1.03557
1.03901
1.04204
1.04278
1.03411
1.02155
1.01515
1.01374
1.01443
1.01845
1.03429
1.05146
1.06013
1.06363
1.06555
1.06638
1.06579
1.05302
1.03386
1.63853
4.82268
0.807247
0.81279
0.808674
0.799742
0.794595
0.791704
0.789429
0.78987
0.792703
0.803538
0.821148
0.832504
0.83851
0.84282
0.845321
0.841707
0.831406
0.825901
0.825403
0.826264
0.828547
0.832505
0.842851
0.858467
0.868275
0.872999
0.876532
0.879607
0.879217
0.870813
0.864041
0.863307
0.865661
0.868607
0.872388
0.879864
0.893646
0.904525
0.910101
0.913806
0.917671
0.920739
0.91825
0.910011
0.904874
0.90491
0.907327
0.910332
0.914597
0.923719
0.937753
0.948078
0.954012
0.958582
0.963108
0.966114
0.963764
0.955342
0.949142
0.947859
0.949382
0.952134
0.956439
0.96827
0.98408
0.994513
0.999971
1.00373
1.0075
1.00946
1.00392
0.992825
0.986441
0.985833
0.988209
0.991346
1.00033
1.01829
1.0319
1.03842
1.04228
1.04603
1.04808
1.04274
1.02867
1.01776
1.01424
1.0149
1.01717
1.02937
1.04883
1.06019
1.06461
1.06627
1.06812
1.06655
1.06155
1.62021
4.79995
0.811567
0.820541
0.821896
0.815939
0.801603
0.791451
0.788544
0.789222
0.791506
0.796345
0.809375
0.829115
0.840198
0.844673
0.847417
0.849596
0.847308
0.835611
0.828196
0.828143
0.830346
0.833404
0.837736
0.846628
0.861643
0.872576
0.877749
0.880724
0.882807
0.883198
0.87739
0.870638
0.869192
0.871017
0.87373
0.87676
0.881243
0.892281
0.905844
0.914386
0.918812
0.921837
0.924145
0.924068
0.918514
0.912861
0.911901
0.913218
0.914693
0.916864
0.922244
0.93554
0.950305
0.959357
0.964138
0.967395
0.969745
0.970076
0.964061
0.95546
0.951419
0.952263
0.95541
0.959507
0.968192
0.983754
0.997067
1.0042
1.00795
1.01057
1.01281
1.01044
1.00003
0.991281
0.989138
0.990897
0.99385
1.00055
1.01742
1.03374
1.04208
1.04581
1.04846
1.04946
1.04686
1.03555
1.02203
1.01578
1.01535
1.01715
1.02743
1.04738
1.06099
1.06643
1.06878
1.06808
1.07707
1.62493
4.77753
0.812635
0.822166
0.823449
0.822495
0.813998
0.796979
0.790531
0.791219
0.793739
0.79842
0.805677
0.819366
0.835888
0.844508
0.848325
0.850487
0.851313
0.848333
0.839144
0.833937
0.834173
0.836481
0.83931
0.843044
0.849955
0.86249
0.872882
0.878752
0.88268
0.886583
0.889425
0.886631
0.879224
0.875391
0.875562
0.87765
0.880568
0.884515
0.892332
0.904948
0.91457
0.920205
0.924772
0.929214
0.931926
0.929146
0.92156
0.916118
0.915408
0.917557
0.920705
0.92555
0.935797
0.950199
0.960233
0.965856
0.969819
0.973451
0.976014
0.972986
0.96373
0.958186
0.958067
0.959859
0.962388
0.967315
0.981032
0.996087
1.00427
1.00891
1.0128
1.01656
1.01748
1.00935
0.999232
0.995283
0.995568
0.997129
1.00043
1.01385
1.03147
1.04111
1.04564
1.04864
1.051
1.05115
1.04335
1.02897
1.01976
1.01761
1.01839
1.02507
1.04461
1.06004
1.06703
1.06788
1.08184
1.6455
4.75675
0.806265
0.817773
0.817809
0.815957
0.812636
0.807606
0.800675
0.799029
0.801293
0.805208
0.809269
0.813765
0.8235
0.83719
0.845072
0.848405
0.850007
0.851846
0.852935
0.847024
0.840939
0.839791
0.841533
0.844116
0.847252
0.851358
0.861007
0.874041
0.883097
0.888207
0.891749
0.894653
0.894324
0.887768
0.881728
0.880749
0.882363
0.884153
0.886474
0.891564
0.904054
0.917719
0.92597
0.930558
0.933836
0.936389
0.936239
0.929605
0.922616
0.921298
0.923032
0.925103
0.927945
0.934445
0.948771
0.962766
0.970683
0.974857
0.977767
0.980788
0.980784
0.972008
0.962978
0.960211
0.961654
0.964518
0.968152
0.977997
0.994891
1.00743
1.01384
1.01769
1.02113
1.02339
1.01831
1.00659
0.998381
0.996485
0.998036
1.00087
1.00989
1.02813
1.04208
1.04861
1.05171
1.05368
1.05525
1.05131
1.03631
1.02275
1.01819
1.01874
1.02358
1.04139
1.059
1.06543
1.0821
1.67352
4.73588
0.792984
0.803076
0.807824
0.811423
0.813707
0.81616
0.817214
0.81449
0.812017
0.811965
0.81362
0.816042
0.818649
0.823215
0.832703
0.841852
0.847997
0.852338
0.855529
0.857915
0.855914
0.849944
0.846681
0.846794
0.848804
0.851608
0.854534
0.860553
0.873203
0.884389
0.89094
0.895223
0.898714
0.900217
0.896165
0.888823
0.884801
0.885308
0.887646
0.890914
0.895586
0.90496
0.91799
0.927194
0.932561
0.936306
0.939519
0.941579
0.93797
0.929852
0.92534
0.925884
0.928736
0.932562
0.937936
0.948808
0.96293
0.972326
0.977572
0.980917
0.98308
0.984389
0.979604
0.970639
0.965836
0.965747
0.968057
0.971469
0.978669
0.993714
1.00787
1.01597
1.02063
1.02372
1.02541
1.02405
1.01509
1.00439
0.999902
1.00062
1.0033
1.01015
1.02615
1.04167
1.05001
1.05367
1.05531
1.05646
1.05585
1.04408
1.02771
1.02019
1.01958
1.02264
1.03979
1.05591
1.0768
1.70082
4.71304
0.783681
0.784553
0.792951
0.804891
0.814555
0.822169
0.828497
0.83152
0.829628
0.824092
0.820564
0.818956
0.816856
0.816081
0.81839
0.826414
0.839223
0.849743
0.856981
0.862914
0.866447
0.866661
0.860499
0.854319
0.852797
0.853001
0.853642
0.85574
0.860615
0.872869
0.886746
0.894916
0.899151
0.902616
0.905472
0.904344
0.896708
0.891387
0.891446
0.893355
0.895272
0.898032
0.904047
0.916529
0.928692
0.935922
0.93999
0.942977
0.945886
0.94533
0.938454
0.933347
0.933101
0.934909
0.936486
0.939071
0.945597
0.95959
0.971595
0.97785
0.98208
0.986626
0.990105
0.98891
0.980337
0.97323
0.971838
0.972522
0.973475
0.97691
0.988955
1.00544
1.01586
1.02137
1.02599
1.02961
1.031
1.02438
1.01207
1.00547
1.00454
1.00538
1.00845
1.02092
1.03879
1.04904
1.05338
1.05661
1.05926
1.06056
1.05247
1.03437
1.02314
1.02054
1.02294
1.03617
1.0646
1.71978
4.68766
0.778449
0.776085
0.779204
0.789897
0.809234
0.82592
0.836239
0.841432
0.844104
0.841374
0.830931
0.819914
0.813942
0.812729
0.814196
0.817665
0.826569
0.843996
0.858729
0.865937
0.869923
0.873112
0.873739
0.867
0.85672
0.853104
0.854243
0.85644
0.859752
0.864628
0.875438
0.890069
0.899308
0.903794
0.906664
0.908772
0.909622
0.90447
0.897233
0.894494
0.89592
0.898765
0.902293
0.90695
0.916311
0.929247
0.938438
0.943623
0.94702
0.950171
0.952641
0.949033
0.940988
0.936465
0.936429
0.938499
0.941365
0.945902
0.957576
0.972707
0.98239
0.987452
0.991147
0.99425
0.995398
0.989625
0.979208
0.973297
0.972926
0.975071
0.978399
0.987642
1.00501
1.01944
1.02662
1.03037
1.03299
1.0352
1.03181
1.01774
1.00697
1.00469
1.00643
1.00944
1.01921
1.03764
1.05128
1.05721
1.05992
1.06203
1.06392
1.05937
1.04189
1.02636
1.02163
1.02068
1.0475
1.71773
4.65922
0.778653
0.775453
0.778454
0.784177
0.799113
0.825053
0.839008
0.843884
0.846542
0.847471
0.843089
0.828015
0.815319
0.813673
0.815309
0.818659
0.824816
0.835239
0.853077
0.865659
0.87121
0.874093
0.8749
0.873543
0.867829
0.860137
0.857846
0.859231
0.86196
0.865846
0.870616
0.878532
0.890313
0.899697
0.904965
0.908146
0.910694
0.912547
0.910894
0.905286
0.90189
0.90237
0.90439
0.906449
0.909104
0.914935
0.927058
0.938732
0.946288
0.950929
0.954288
0.956981
0.956152
0.949741
0.943606
0.941824
0.942617
0.944441
0.947617
0.956552
0.971491
0.983075
0.989688
0.993849
0.997175
0.998905
0.996488
0.987131
0.979482
0.977854
0.979405
0.98209
0.988562
1.00372
1.01931
1.0279
1.03221
1.03501
1.03695
1.03592
1.02433
1.01295
1.00947
1.00984
1.0116
1.01844
1.03616
1.05117
1.05822
1.06183
1.06444
1.06606
1.06381
1.05017
1.03274
1.02214
1.03195
1.69043
4.62931
0.783375
0.779761
0.783206
0.791123
0.802931
0.818778
0.834643
0.842219
0.844774
0.842871
0.837469
0.831322
0.824504
0.820729
0.821946
0.826086
0.831942
0.837959
0.844711
0.855843
0.865069
0.869342
0.871036
0.872336
0.874478
0.874063
0.869036
0.865734
0.866134
0.868545
0.871587
0.874334
0.878161
0.887241
0.898605
0.905966
0.910238
0.914215
0.918255
0.920029
0.915714
0.90903
0.906173
0.906633
0.908385
0.910508
0.914045
0.923889
0.938431
0.948204
0.953388
0.957854
0.961953
0.96391
0.959235
0.950183
0.945182
0.945214
0.947015
0.949381
0.954793
0.968759
0.983992
0.99251
0.996827
1.00036
1.00345
1.00401
0.995831
0.985422
0.981605
0.982439
0.984556
0.988047
0.999541
1.01765
1.02863
1.03331
1.03701
1.04044
1.04129
1.03196
1.01859
1.01245
1.01201
1.01344
1.01685
1.03218
1.05016
1.05924
1.06328
1.06591
1.06819
1.06787
1.05895
1.03792
1.02994
1.64419
4.6007
0.79452
0.791729
0.795688
0.801829
0.807629
0.81303
0.820857
0.829115
0.833062
0.833573
0.834011
0.835758
0.83677
0.835922
0.835499
0.836675
0.838664
0.841063
0.843479
0.845824
0.850595
0.858435
0.865646
0.87115
0.875669
0.879163
0.881295
0.880191
0.87595
0.873312
0.873281
0.875233
0.877653
0.880202
0.885345
0.896331
0.907725
0.915203
0.919558
0.922792
0.925422
0.923613
0.916681
0.91092
0.909428
0.911037
0.913663
0.917146
0.924787
0.93929
0.951875
0.958598
0.962533
0.965277
0.96684
0.965191
0.957384
0.949756
0.947833
0.949968
0.953327
0.958383
0.969123
0.984423
0.995229
1.00063
1.00368
1.00578
1.0075
1.00295
0.99169
0.985077
0.984708
0.987327
0.990756
0.999747
1.01738
1.03096
1.03703
1.04021
1.0428
1.04353
1.03764
1.02508
1.01582
1.01303
1.01415
1.01738
1.03112
1.05007
1.06123
1.06625
1.06889
1.07021
1.07128
1.06259
1.04544
1.60547
4.57505
0.808401
0.812333
0.812677
0.812629
0.81339
0.813738
0.811472
0.810558
0.814743
0.822701
0.830686
0.837775
0.845159
0.85087
0.853188
0.851661
0.847923
0.845013
0.842746
0.840805
0.840838
0.84399
0.852054
0.863432
0.873239
0.881066
0.887757
0.891353
0.892122
0.887233
0.88116
0.878872
0.878314
0.87863
0.880571
0.884424
0.89505
0.908964
0.917606
0.922594
0.926537
0.930141
0.930914
0.924862
0.91726
0.914963
0.916261
0.918532
0.92113
0.925964
0.938216
0.951226
0.958926
0.963516
0.966862
0.970002
0.971578
0.966479
0.958402
0.95543
0.956145
0.957913
0.960452
0.966714
0.980934
0.993524
1.00032
1.00472
1.00851
1.01179
1.01059
1.00075
0.992728
0.990665
0.991087
0.992418
0.997207
1.01339
1.02895
1.03645
1.04063
1.04419
1.04667
1.04431
1.03355
1.02178
1.01655
1.0161
1.01795
1.02871
1.04923
1.06254
1.06826
1.07082
1.0728
1.07195
1.06857
1.59328
4.55157
0.822046
0.832917
0.833016
0.828066
0.82071
0.811637
0.802584
0.799131
0.800587
0.806355
0.819497
0.836816
0.851312
0.860594
0.864882
0.866775
0.863095
0.852901
0.843177
0.838101
0.837572
0.83956
0.843444
0.851486
0.867605
0.883025
0.890878
0.894993
0.898168
0.899369
0.894481
0.883394
0.877771
0.878212
0.880404
0.883371
0.887581
0.896732
0.91131
0.922082
0.927739
0.931175
0.933598
0.935233
0.932545
0.924667
0.919547
0.919201
0.92126
0.92421
0.927785
0.935606
0.949534
0.961097
0.967636
0.971495
0.974635
0.977531
0.975997
0.966879
0.959497
0.957659
0.959201
0.961894
0.965876
0.977267
0.993483
1.00417
1.00971
1.01342
1.01705
1.01795
1.00957
0.997436
0.991313
0.991152
0.993143
0.99675
1.00972
1.0282
1.03942
1.04451
1.04775
1.04997
1.05021
1.04162
1.02625
1.01767
1.01662
1.01864
1.02808
1.04908
1.06418
1.07039
1.07336
1.07366
1.0812
1.59809
4.52934
0.829354
0.843326
0.845648
0.844612
0.835596
0.814271
0.799844
0.797619
0.799248
0.80301
0.810625
0.829428
0.852955
0.863216
0.867142
0.869373
0.869672
0.863483
0.848
0.838886
0.838479
0.840476
0.844497
0.851845
0.862472
0.878189
0.890305
0.896052
0.899052
0.899641
0.89699
0.892194
0.885134
0.882015
0.883056
0.885737
0.889675
0.894666
0.90106
0.911694
0.922112
0.928388
0.932211
0.935071
0.936956
0.937623
0.933686
0.927653
0.924877
0.925477
0.928099
0.931667
0.936928
0.947647
0.960942
0.969867
0.975034
0.978233
0.980675
0.981662
0.975456
0.96636
0.962267
0.962466
0.964812
0.968275
0.976612
0.992598
1.00573
1.01278
1.01661
1.01939
1.02067
1.01605
1.0044
0.996059
0.994358
0.995736
0.998685
1.00909
1.02738
1.04039
1.04653
1.04963
1.05124
1.05228
1.04785
1.03277
1.02151
1.01898
1.02044
1.02797
1.04864
1.0651
1.07269
1.07443
1.08626
1.61544
4.50894
0.829701
0.844534
0.846981
0.84507
0.832911
0.815882
0.804473
0.801207
0.802418
0.807079
0.81778
0.831946
0.847244
0.859506
0.865091
0.866547
0.863637
0.858695
0.853828
0.847765
0.845432
0.847478
0.852627
0.858892
0.864207
0.869984
0.87972
0.888128
0.891975
0.893122
0.894212
0.896546
0.897949
0.895806
0.893002
0.89261
0.89432
0.896809
0.898363
0.900852
0.907455
0.918735
0.927803
0.93322
0.937774
0.942699
0.945592
0.944293
0.93711
0.932028
0.931679
0.932519
0.933299
0.93611
0.944258
0.959226
0.970405
0.976239
0.980995
0.985233
0.987871
0.984231
0.973854
0.967368
0.966748
0.967673
0.969401
0.974434
0.98967
1.00524
1.01312
1.01762
1.02183
1.02476
1.02303
1.01169
1.00089
0.99791
0.998792
1.00059
1.00684
1.02414
1.03954
1.04661
1.05045
1.05379
1.05626
1.05439
1.03983
1.02551
1.02122
1.02239
1.02837
1.04799
1.06578
1.07259
1.0873
1.64056
4.48943
0.823245
0.837991
0.839077
0.833769
0.826326
0.82084
0.815544
0.812647
0.814054
0.819874
0.827465
0.833454
0.838926
0.846377
0.852694
0.855151
0.85534
0.856237
0.858422
0.86024
0.860518
0.861605
0.863592
0.865438
0.867328
0.869075
0.870041
0.872508
0.878251
0.885475
0.892161
0.898176
0.903751
0.907702
0.909016
0.905893
0.901059
0.898562
0.898758
0.899956
0.901747
0.905424
0.915399
0.928943
0.938387
0.943669
0.947309
0.950336
0.951488
0.946232
0.937378
0.932931
0.933188
0.935391
0.938298
0.944266
0.958676
0.973548
0.981615
0.985854
0.98889
0.991133
0.989892
0.980347
0.970668
0.967796
0.969068
0.971733
0.976298
0.98951
1.00701
1.01714
1.02171
1.02468
1.02663
1.02656
1.01773
1.00491
0.999632
1.0004
1.00311
1.00877
1.02396
1.04089
1.05013
1.0542
1.0567
1.05873
1.05898
1.04716
1.03061
1.02406
1.02469
1.02945
1.04836
1.0644
1.08304
1.66715
4.46846
0.812689
0.820689
0.82194
0.821394
0.822247
0.824217
0.826629
0.829692
0.83331
0.835213
0.836258
0.83734
0.837816
0.835596
0.834759
0.838261
0.845101
0.85257
0.859733
0.867825
0.875524
0.879252
0.879408
0.876426
0.872527
0.868138
0.863421
0.862196
0.864567
0.870909
0.882609
0.895808
0.906062
0.913002
0.917182
0.919616
0.916948
0.908897
0.902873
0.900705
0.901003
0.903025
0.906445
0.91517
0.929846
0.940596
0.946858
0.950897
0.954179
0.956277
0.952361
0.94347
0.938026
0.93742
0.939177
0.941693
0.946066
0.958457
0.973409
0.982376
0.987067
0.990216
0.993026
0.993581
0.987622
0.978152
0.973824
0.974106
0.976072
0.97897
0.988474
1.00493
1.01629
1.02176
1.02499
1.02779
1.02956
1.02448
1.01254
1.00597
1.00532
1.00684
1.00978
1.02157
1.03939
1.05019
1.05538
1.05874
1.06171
1.06352
1.05542
1.03776
1.02801
1.02707
1.03083
1.04674
1.07259
1.68571
4.44401
0.806673
0.799567
0.800793
0.806889
0.815703
0.824783
0.835158
0.847214
0.852841
0.853572
0.850089
0.844137
0.835918
0.827165
0.823476
0.824796
0.829951
0.841046
0.857056
0.87299
0.884317
0.889527
0.892172
0.891362
0.882958
0.869221
0.861017
0.860243
0.862417
0.866064
0.872357
0.887064
0.905578
0.91497
0.919203
0.921914
0.923775
0.922163
0.912282
0.9026
0.900857
0.902699
0.905756
0.909629
0.915792
0.929832
0.943896
0.951311
0.955049
0.957043
0.958979
0.958853
0.951171
0.942934
0.940643
0.942168
0.944945
0.947939
0.955785
0.971301
0.98345
0.989556
0.993108
0.996687
0.999269
0.996473
0.985768
0.97817
0.976585
0.977591
0.979489
0.985033
1.001
1.01627
1.02397
1.02839
1.03231
1.03489
1.03225
1.01963
1.00937
1.00661
1.0079
1.01029
1.01866
1.03776
1.05238
1.05917
1.06271
1.06549
1.06768
1.06311
1.04572
1.03179
1.02908
1.03006
1.05696
1.68725
4.41634
0.801996
0.789215
0.788965
0.792557
0.801219
0.818143
0.841339
0.856597
0.862004
0.864633
0.864844
0.858428
0.839755
0.824817
0.82213
0.823672
0.827215
0.833836
0.849692
0.873611
0.886326
0.891214
0.89399
0.894359
0.888068
0.87394
0.863767
0.86192
0.863791
0.867927
0.875795
0.885381
0.897796
0.910905
0.917882
0.921197
0.921934
0.920097
0.91795
0.913535
0.907657
0.906373
0.908141
0.91123
0.916085
0.922025
0.931742
0.943772
0.951567
0.955966
0.958702
0.959745
0.961172
0.958448
0.950485
0.945719
0.945589
0.94825
0.951552
0.956893
0.969523
0.983722
0.992417
0.996782
0.999588
1.00201
1.00205
0.993608
0.983006
0.978245
0.978922
0.981599
0.986214
1.00005
1.01746
1.02765
1.03223
1.03523
1.03723
1.03639
1.02615
1.01367
1.00884
1.0095
1.01208
1.01975
1.03867
1.05478
1.06218
1.0658
1.06837
1.07039
1.06799
1.05288
1.03721
1.02998
1.04012
1.6662
4.38851
0.803988
0.788952
0.788852
0.791721
0.798278
0.815116
0.840988
0.856795
0.862965
0.865616
0.864894
0.855253
0.840465
0.8296
0.825714
0.826653
0.830806
0.840934
0.854424
0.868232
0.880957
0.887664
0.88973
0.886796
0.881854
0.878911
0.874633
0.87155
0.872636
0.877095
0.882794
0.887327
0.891236
0.897825
0.906152
0.911779
0.914566
0.91679
0.919577
0.922646
0.923514
0.920669
0.918036
0.918282
0.920062
0.921307
0.922539
0.926952
0.937233
0.947796
0.954283
0.959214
0.964413
0.967832
0.967963
0.960932
0.953966
0.952105
0.952109
0.952974
0.955963
0.966046
0.982136
0.992522
0.997903
1.00237
1.00607
1.00772
1.00092
0.988738
0.983192
0.982785
0.983701
0.986269
0.997581
1.01657
1.02801
1.0333
1.0368
1.0399
1.04091
1.03289
1.01949
1.01314
1.01301
1.0149
1.02033
1.0386
1.05588
1.06376
1.06735
1.06995
1.07244
1.07194
1.06003
1.04066
1.03599
1.6257
4.36286
0.809802
0.79623
0.795479
0.799221
0.808578
0.821279
0.834073
0.847802
0.855871
0.858093
0.854528
0.84844
0.844559
0.840564
0.837447
0.837956
0.843128
0.851434
0.857985
0.862642
0.868302
0.873971
0.876504
0.876676
0.877785
0.880387
0.88391
0.887188
0.889116
0.88974
0.890076
0.890691
0.890927
0.889341
0.88984
0.894737
0.903499
0.912644
0.920337
0.92748
0.933795
0.936757
0.935209
0.929044
0.923499
0.920375
0.91902
0.919545
0.922588
0.931909
0.9474
0.959474
0.966251
0.970733
0.974326
0.976174
0.969684
0.95791
0.952302
0.952568
0.954836
0.957694
0.965369
0.982031
0.996059
1.00277
1.00641
1.0093
1.01094
1.00657
0.993998
0.984903
0.983173
0.984961
0.987937
0.997796
1.01691
1.03093
1.03726
1.04036
1.04263
1.04445
1.03943
1.025
1.01581
1.01462
1.01691
1.02197
1.03851
1.05641
1.06534
1.06949
1.07242
1.0749
1.07559
1.06365
1.04446
1.58687
4.34101
0.819536
0.813338
0.811835
0.814852
0.820719
0.826055
0.829857
0.834382
0.839464
0.842123
0.842648
0.843839
0.846074
0.848789
0.852782
0.857455
0.860548
0.861717
0.862695
0.863207
0.860016
0.856542
0.857951
0.863648
0.871614
0.88033
0.889998
0.900362
0.905631
0.906808
0.903639
0.897339
0.890126
0.883903
0.881518
0.883095
0.888085
0.899904
0.916244
0.929765
0.9382
0.942895
0.945759
0.945199
0.936342
0.924655
0.918915
0.918911
0.921365
0.924726
0.932933
0.949872
0.963922
0.97119
0.974955
0.977701
0.978431
0.973443
0.963019
0.95695
0.95665
0.958655
0.961128
0.967373
0.981896
0.996157
1.00371
1.00765
1.01054
1.012
1.0105
1.00093
0.990772
0.987856
0.989129
0.991594
0.998692
1.01557
1.03078
1.03822
1.04205
1.04453
1.04662
1.04475
1.03125
1.02031
1.01799
1.01969
1.02375
1.03848
1.05682
1.06676
1.07166
1.07488
1.07805
1.07754
1.06726
1.56623
4.3216
0.824353
0.83104
0.834551
0.834397
0.832809
0.831432
0.829486
0.825842
0.821695
0.822069
0.827087
0.83552
0.844231
0.853547
0.866848
0.875961
0.878767
0.877077
0.871624
0.863543
0.853365
0.846823
0.846918
0.850349
0.858319
0.873644
0.892757
0.906226
0.912033
0.91516
0.916369
0.911643
0.895811
0.88319
0.880862
0.882454
0.885721
0.891569
0.905862
0.927344
0.939327
0.944235
0.947108
0.94844
0.946166
0.93541
0.924044
0.920837
0.922357
0.925737
0.929836
0.936118
0.951659
0.96605
0.972693
0.975764
0.978049
0.980351
0.979079
0.970144
0.962345
0.960637
0.96209
0.96423
0.967386
0.978412
0.994698
1.00445
1.00911
1.01248
1.01553
1.01651
1.00861
0.996358
0.991337
0.991597
0.993445
0.997465
1.01197
1.02987
1.03912
1.04352
1.04776
1.051
1.05052
1.03739
1.02452
1.02101
1.02231
1.02542
1.03806
1.05693
1.06829
1.07397
1.07821
1.08014
1.08525
1.56624
4.30211
0.827372
0.844232
0.850765
0.852742
0.849971
0.842372
0.83221
0.821015
0.814055
0.813398
0.815754
0.821614
0.833308
0.853964
0.873481
0.882284
0.886018
0.888081
0.886186
0.872634
0.852626
0.846001
0.846616
0.849225
0.854929
0.867505
0.890038
0.906289
0.913034
0.916094
0.916525
0.910754
0.900037
0.889215
0.884477
0.885168
0.888857
0.896088
0.905302
0.917533
0.932555
0.940709
0.943898
0.94382
0.942207
0.941567
0.937739
0.930992
0.928489
0.929854
0.932824
0.936648
0.941644
0.951987
0.964595
0.972541
0.977012
0.979681
0.981145
0.982126
0.97787
0.969393
0.96454
0.964291
0.966733
0.970215
0.978117
0.993506
1.00618
1.01244
1.01542
1.0175
1.01937
1.01474
1.00154
0.993667
0.993169
0.995659
0.999583
1.01209
1.03114
1.04288
1.04802
1.05134
1.05437
1.05463
1.04311
1.02869
1.02341
1.0242
1.02719
1.03864
1.05802
1.07066
1.07791
1.08093
1.09277
1.57896
4.28282
0.82326
0.847171
0.853141
0.855935
0.857613
0.855248
0.841537
0.822408
0.814599
0.814231
0.816288
0.82141
0.83288
0.852696
0.87199
0.882466
0.886532
0.887649
0.88244
0.870976
0.859413
0.851866
0.851263
0.854476
0.862416
0.872924
0.883304
0.896369
0.905754
0.909266
0.908191
0.905334
0.904057
0.901444
0.896798
0.895394
0.898273
0.903828
0.909013
0.912879
0.918521
0.926799
0.932897
0.936187
0.938972
0.942113
0.945588
0.94718
0.944664
0.941251
0.93969
0.939692
0.939805
0.940711
0.946042
0.958068
0.96907
0.975703
0.980894
0.985957
0.988987
0.987957
0.979115
0.971697
0.969642
0.969159
0.970438
0.97536
0.98985
1.0046
1.01212
1.01671
1.02053
1.02343
1.02094
1.0083
0.999368
0.997697
0.99866
1.00085
1.01055
1.03095
1.04426
1.05022
1.05414
1.05757
1.0584
1.04857
1.03328
1.02619
1.02634
1.02922
1.04077
1.06042
1.07415
1.08064
1.09455
1.60081
4.26326
0.818331
0.840199
0.849761
0.852978
0.853071
0.849894
0.844162
0.833725
0.823894
0.821827
0.82413
0.830116
0.838686
0.848126
0.860703
0.871965
0.877143
0.87698
0.873958
0.872175
0.870438
0.866658
0.864738
0.866897
0.872316
0.877741
0.881185
0.88492
0.890077
0.894359
0.897239
0.900312
0.903719
0.907096
0.911338
0.914059
0.914306
0.913895
0.914001
0.913568
0.910881
0.910072
0.914099
0.923
0.933059
0.941681
0.949938
0.957149
0.960395
0.959385
0.952426
0.944069
0.93839
0.93591
0.936564
0.940497
0.952736
0.969634
0.981458
0.988192
0.992967
0.99614
0.996515
0.986734
0.974067
0.968626
0.968708
0.97074
0.974251
0.987525
1.00643
1.01695
1.0215
1.02488
1.028
1.02617
1.0139
1.00185
0.998194
0.99955
1.00228
1.01127
1.03196
1.04724
1.05394
1.0577
1.0602
1.06132
1.05471
1.03884
1.02952
1.02898
1.03196
1.04395
1.06377
1.0758
1.09178
1.62431
4.24272
0.814303
0.823761
0.835174
0.842278
0.844918
0.845262
0.84547
0.845396
0.84189
0.838142
0.837965
0.840619
0.844459
0.847749
0.85117
0.855197
0.859472
0.863644
0.867798
0.87162
0.875185
0.880563
0.884865
0.885913
0.88461
0.883588
0.882539
0.879604
0.87547
0.875747
0.880679
0.889845
0.900195
0.910578
0.922172
0.92983
0.932337
0.929825
0.923047
0.914411
0.906254
0.902056
0.902827
0.907042
0.91883
0.936782
0.952047
0.960974
0.965561
0.968301
0.968108
0.957715
0.942497
0.935535
0.935669
0.938252
0.942289
0.953649
0.973582
0.98741
0.993618
0.996689
0.999141
0.999513
0.989148
0.975012
0.969649
0.97042
0.972928
0.97713
0.990183
1.00889
1.01946
1.02419
1.02726
1.02858
1.02751
1.019
1.00711
1.00227
1.00303
1.00552
1.01377
1.03354
1.04902
1.05618
1.05987
1.06183
1.06358
1.06058
1.0455
1.03384
1.03196
1.03462
1.04686
1.06514
1.08389
1.64391
4.22143
0.815365
0.816466
0.817596
0.823533
0.831677
0.839038
0.844605
0.849304
0.854834
0.858067
0.857761
0.854718
0.851723
0.849289
0.846186
0.842025
0.841592
0.845652
0.854891
0.866602
0.87827
0.890514
0.899534
0.903129
0.902152
0.895761
0.886708
0.876546
0.869092
0.867754
0.869693
0.874961
0.888162
0.909176
0.926268
0.934501
0.938377
0.940511
0.938131
0.924382
0.90685
0.901376
0.902227
0.904951
0.910693
0.925295
0.948149
0.961378
0.966471
0.969002
0.969792
0.966782
0.953409
0.940362
0.937105
0.938886
0.942686
0.947679
0.958216
0.978311
0.990691
0.995389
0.997682
0.99909
0.998805
0.990393
0.978483
0.974205
0.97548
0.978098
0.98081
0.990178
1.008
1.0191
1.02386
1.02702
1.02999
1.03162
1.02663
1.0145
1.00738
1.00705
1.00937
1.0148
1.03195
1.0484
1.05661
1.06074
1.06403
1.06697
1.06688
1.05295
1.03827
1.0341
1.03643
1.04704
1.07306
1.65685
4.20003
0.819788
0.812782
0.810452
0.811518
0.815703
0.825755
0.839325
0.851565
0.86083
0.867113
0.870313
0.870847
0.865712
0.855699
0.844162
0.838178
0.838078
0.840231
0.843697
0.852566
0.873776
0.893185
0.901839
0.905747
0.908525
0.908116
0.897997
0.87914
0.869177
0.868149
0.869997
0.874072
0.882908
0.902259
0.923984
0.93473
0.938891
0.940351
0.937021
0.928009
0.915294
0.906491
0.905645
0.908763
0.915487
0.924021
0.936047
0.95226
0.961295
0.964386
0.964508
0.963262
0.961702
0.95414
0.94612
0.944556
0.947378
0.951935
0.956879
0.964294
0.978136
0.988395
0.993109
0.995611
0.997729
0.998909
0.995379
0.986908
0.980823
0.97949
0.981124
0.983974
0.990901
1.00638
1.01936
1.02663
1.03091
1.03409
1.03668
1.03476
1.02154
1.01094
1.00861
1.01082
1.01515
1.02971
1.04847
1.05927
1.06458
1.06808
1.07112
1.07228
1.05932
1.04194
1.03603
1.03607
1.0564
1.65374
4.17983
0.829359
0.813918
0.810904
0.811994
0.814369
0.818673
0.828259
0.845933
0.86072
0.868281
0.871701
0.873502
0.872652
0.864025
0.849742
0.841107
0.83993
0.842128
0.847211
0.855931
0.868284
0.885992
0.899007
0.904327
0.90579
0.903444
0.898598
0.889872
0.878618
0.874792
0.876454
0.881012
0.887942
0.896321
0.91016
0.924208
0.930823
0.932034
0.930593
0.929369
0.927388
0.921574
0.91762
0.918455
0.922313
0.926833
0.930441
0.936296
0.945982
0.953634
0.957648
0.960095
0.962248
0.96469
0.963626
0.95969
0.957736
0.957938
0.9585
0.958487
0.960667
0.96988
0.981755
0.989897
0.995659
1.00105
1.00537
1.00544
0.997906
0.988778
0.984346
0.98274
0.983225
0.987576
1.00194
1.01839
1.02842
1.03451
1.03867
1.04133
1.04067
1.02696
1.01375
1.01067
1.01291
1.01689
1.02985
1.05005
1.06229
1.06802
1.07158
1.07496
1.07634
1.06426
1.04612
1.03662
1.04291
1.63054
4.16159
0.8397
0.826747
0.818457
0.8176
0.819688
0.823677
0.828349
0.834894
0.848249
0.860297
0.86568
0.867346
0.867003
0.866367
0.863466
0.856218
0.851902
0.852585
0.855732
0.859363
0.863529
0.871377
0.88416
0.893233
0.896766
0.897607
0.898233
0.898917
0.896116
0.890479
0.8883
0.889807
0.893022
0.896358
0.900051
0.906179
0.914124
0.920545
0.925057
0.92841
0.931336
0.935632
0.937595
0.935153
0.932012
0.930917
0.930466
0.928615
0.928697
0.934057
0.944498
0.954193
0.961563
0.969091
0.976274
0.978744
0.974739
0.967274
0.960191
0.955251
0.953047
0.954376
0.9616
0.977221
0.992314
1.00263
1.00939
1.0134
1.01481
1.00731
0.991877
0.982478
0.98093
0.982384
0.98606
1.00005
1.02099
1.03356
1.03901
1.04229
1.04465
1.04403
1.0293
1.01582
1.01348
1.01615
1.01993
1.03186
1.05204
1.0645
1.07038
1.07433
1.07823
1.07952
1.0698
1.04938
1.04106
1.59256
4.14472
0.840464
0.84173
0.837561
0.831464
0.828679
0.828986
0.830792
0.832922
0.83574
0.842601
0.852042
0.859067
0.863528
0.866689
0.869744
0.872773
0.871749
0.867319
0.863891
0.863048
0.864313
0.866411
0.868235
0.873125
0.881945
0.890346
0.896373
0.900992
0.906178
0.909369
0.908319
0.904081
0.900611
0.898534
0.896569
0.8944
0.895411
0.901772
0.913195
0.924568
0.934761
0.944834
0.951353
0.953541
0.949293
0.940274
0.93164
0.924604
0.920723
0.921377
0.92597
0.939171
0.956601
0.971735
0.981587
0.986869
0.989034
0.984513
0.970801
0.956827
0.950662
0.950541
0.952459
0.959134
0.979061
0.999861
1.01004
1.01465
1.01728
1.01785
1.00962
0.991138
0.981938
0.981869
0.9845
0.989221
1.00439
1.02606
1.03783
1.0424
1.04499
1.04704
1.04526
1.03064
1.01912
1.01727
1.02004
1.02369
1.03416
1.05304
1.06577
1.07228
1.07677
1.08055
1.08276
1.07425
1.05369
1.5571
4.12903
0.840044
0.849239
0.852994
0.852436
0.845771
0.838731
0.834974
0.833063
0.831147
0.830524
0.833151
0.841734
0.854156
0.865111
0.873833
0.881129
0.885612
0.886262
0.88056
0.872708
0.867152
0.863017
0.860208
0.860461
0.8643
0.874783
0.889094
0.901494
0.911199
0.91847
0.922168
0.92241
0.915853
0.9053
0.895478
0.889762
0.888966
0.891156
0.896907
0.911709
0.932499
0.947372
0.954525
0.958097
0.960462
0.957134
0.941385
0.925422
0.919787
0.920408
0.922505
0.926499
0.942667
0.968317
0.982135
0.987271
0.990361
0.990519
0.984348
0.965888
0.952468
0.950628
0.952531
0.956486
0.96616
0.988876
1.00706
1.014
1.01697
1.01779
1.01675
1.00713
0.990666
0.984524
0.985804
0.989508
0.994515
1.009
1.02928
1.03955
1.04364
1.04602
1.04801
1.04592
1.03407
1.02461
1.02232
1.02444
1.02774
1.03624
1.05301
1.06616
1.07371
1.07857
1.08279
1.08476
1.08071
1.5416
4.11309
0.835866
0.852129
0.856937
0.85981
0.861219
0.856702
0.846155
0.836015
0.829785
0.828513
0.829829
0.832491
0.838864
0.854247
0.872386
0.882997
0.888211
0.891158
0.892909
0.889665
0.877295
0.864634
0.859795
0.860312
0.862495
0.866037
0.874891
0.893687
0.911041
0.920045
0.92398
0.926435
0.927236
0.919197
0.90076
0.890561
0.889552
0.891787
0.896112
0.90431
0.92248
0.943477
0.954305
0.958511
0.960435
0.958627
0.951447
0.935247
0.923811
0.922241
0.924514
0.929213
0.937281
0.954744
0.974712
0.98358
0.986612
0.985923
0.983292
0.978013
0.965754
0.957995
0.958221
0.961805
0.967347
0.975861
0.992771
1.00618
1.01164
1.01325
1.01383
1.01391
1.00769
0.99588
0.9912
0.992345
0.995905
1.00065
1.01271
1.02954
1.0389
1.04318
1.04585
1.04839
1.04845
1.04166
1.03326
1.02886
1.02878
1.031
1.03637
1.05151
1.06672
1.07595
1.082
1.08571
1.09526
1.54741
4.09552
0.826085
0.848514
0.857388
0.861017
0.863032
0.863715
0.860242
0.846994
0.834213
0.830334
0.831212
0.834096
0.84033
0.848347
0.860802
0.876693
0.886518
0.89065
0.892454
0.892528
0.888757
0.87648
0.866088
0.863773
0.865667
0.869495
0.874682
0.88213
0.898919
0.914441
0.921003
0.923159
0.922813
0.920346
0.9142
0.902947
0.897719
0.898758
0.902582
0.907293
0.913053
0.926828
0.942914
0.95075
0.953207
0.953392
0.952873
0.950001
0.940114
0.932678
0.932186
0.934999
0.939043
0.944506
0.956271
0.969905
0.977132
0.980027
0.981565
0.983331
0.98272
0.975438
0.969267
0.968288
0.970256
0.973271
0.977369
0.987731
0.999748
1.00699
1.01096
1.01367
1.01657
1.01592
1.00762
1.00157
1.00022
1.0014
1.00329
1.01002
1.0247
1.03621
1.04293
1.04737
1.0513
1.05443
1.05178
1.04215
1.03306
1.02992
1.03125
1.03553
1.05049
1.06905
1.08073
1.08673
1.09891
1.5629
4.07861
0.820233
0.832895
0.847915
0.856171
0.859126
0.859526
0.85884
0.857656
0.850932
0.842737
0.840095
0.841397
0.844055
0.846938
0.850674
0.859838
0.874668
0.883998
0.887632
0.888897
0.889821
0.890278
0.88454
0.876618
0.873908
0.875159
0.878049
0.881337
0.885839
0.896241
0.908124
0.914782
0.917993
0.920174
0.922631
0.921879
0.915391
0.91036
0.909511
0.910885
0.913153
0.915982
0.922748
0.934311
0.943685
0.949205
0.952398
0.955479
0.957582
0.952858
0.945417
0.942302
0.942405
0.94363
0.943958
0.948275
0.959976
0.971578
0.979101
0.984624
0.989869
0.992825
0.98908
0.980379
0.974933
0.972839
0.972127
0.97329
0.979824
0.993472
1.00539
1.01348
1.0204
1.02598
1.02748
1.01991
1.00884
1.00201
1.00003
1.00075
1.00545
1.02028
1.03646
1.04673
1.05282
1.0571
1.06038
1.05986
1.04873
1.03498
1.02987
1.03092
1.0353
1.05298
1.07418
1.0853
1.09998
1.58382
4.06369
0.822313
0.825146
0.83085
0.840793
0.849603
0.854827
0.858097
0.86087
0.863435
0.86278
0.856526
0.850433
0.847846
0.848498
0.850673
0.853014
0.8566
0.866051
0.877058
0.884594
0.889826
0.894931
0.89854
0.897639
0.890706
0.88486
0.88298
0.88311
0.882389
0.881958
0.886139
0.89778
0.910344
0.919231
0.925501
0.930855
0.933756
0.930899
0.92347
0.91774
0.914448
0.911722
0.910752
0.914007
0.925258
0.940326
0.951231
0.958103
0.96385
0.967459
0.966025
0.95708
0.948172
0.941706
0.938013
0.937745
0.941349
0.953355
0.970379
0.984214
0.993822
1.00011
1.0032
1.00029
0.988005
0.976327
0.970039
0.968097
0.96935
0.974446
0.989867
1.0085
1.02189
1.02956
1.03387
1.03525
1.02717
1.0106
0.999852
0.998012
0.999518
1.0037
1.02073
1.04173
1.05261
1.05772
1.06133
1.06345
1.06305
1.05078
1.03499
1.03011
1.03211
1.03884
1.06033
1.07798
1.09592
1.60571
4.05066
0.827499
0.824177
0.82236
0.82379
0.83045
0.84284
0.854304
0.862285
0.867588
0.871737
0.873521
0.86961
0.860996
0.855086
0.852049
0.849093
0.8484
0.850653
0.858597
0.873857
0.887978
0.897142
0.903025
0.907321
0.908902
0.90343
0.893343
0.88498
0.879286
0.876877
0.877671
0.88114
0.892922
0.911024
0.925575
0.934747
0.940658
0.943621
0.942506
0.932252
0.919075
0.91037
0.907672
0.908507
0.911444
0.921188
0.939943
0.956518
0.966788
0.972578
0.975436
0.974773
0.96244
0.945616
0.93697
0.935904
0.937976
0.941372
0.95298
0.976406
0.993863
1.00107
1.00463
1.00716
1.00402
0.987627
0.972243
0.96755
0.968628
0.970837
0.975663
0.994711
1.0185
1.02957
1.03404
1.03646
1.03585
1.02654
1.00804
0.998588
0.99867
1.00149
1.00857
1.02926
1.04853
1.05677
1.06047
1.06266
1.06425
1.0635
1.05126
1.03675
1.03313
1.0362
1.04612
1.0656
1.08669
1.6209
4.03925
0.836115
0.823526
0.821306
0.822363
0.824449
0.828865
0.840768
0.856872
0.868348
0.874262
0.87745
0.879776
0.878819
0.868812
0.85518
0.848967
0.848734
0.850249
0.852969
0.859176
0.874764
0.892578
0.903848
0.909084
0.912009
0.913895
0.910592
0.896005
0.882008
0.877263
0.877994
0.880302
0.88439
0.895366
0.916389
0.933891
0.941623
0.944712
0.946418
0.945628
0.933148
0.915845
0.908498
0.908582
0.911063
0.914956
0.924535
0.947266
0.96592
0.972937
0.975671
0.976777
0.973522
0.957245
0.94145
0.937083
0.93848
0.941655
0.947423
0.962515
0.986249
0.999028
1.00366
1.00582
1.00456
0.999537
0.984569
0.972668
0.970759
0.972835
0.977134
0.985161
1.00368
1.02187
1.02976
1.0326
1.03296
1.03259
1.02552
1.01042
1.00399
1.00537
1.00936
1.0162
1.03448
1.04999
1.05659
1.0596
1.06173
1.06431
1.06542
1.05585
1.04225
1.03833
1.04205
1.05247
1.07486
1.62387
4.02832
0.848294
0.831468
0.824205
0.823859
0.825454
0.828775
0.833394
0.8436
0.86065
0.872869
0.878003
0.880288
0.880167
0.876918
0.868772
0.858079
0.853301
0.853486
0.855557
0.858483
0.86297
0.876666
0.896164
0.906619
0.910493
0.91152
0.910284
0.907473
0.897296
0.886201
0.882941
0.884281
0.887165
0.890784
0.899472
0.919865
0.935352
0.94093
0.942755
0.943495
0.943267
0.933453
0.918897
0.913747
0.915044
0.918511
0.92292
0.931517
0.951102
0.964969
0.969652
0.971023
0.970897
0.968575
0.957568
0.947217
0.945091
0.94765
0.951588
0.956657
0.96896
0.986346
0.995661
0.999314
1.00073
1.00044
0.998056
0.988835
0.980634
0.979521
0.982024
0.985628
0.990468
1.0029
1.01764
1.0257
1.0292
1.03096
1.03267
1.03013
1.01914
1.01249
1.01224
1.01537
1.02059
1.03428
1.04771
1.05491
1.05932
1.06306
1.06647
1.06984
1.06439
1.05096
1.045
1.04569
1.06015
1.61526
4.01728
0.851958
0.849175
0.83843
0.832409
0.831595
0.833467
0.83615
0.83929
0.845503
0.85794
0.868661
0.87366
0.875914
0.877922
0.879801
0.87687
0.86732
0.861035
0.86034
0.862156
0.865517
0.869688
0.877264
0.891002
0.901517
0.906694
0.909488
0.91178
0.913084
0.906146
0.894926
0.890492
0.891062
0.893808
0.897149
0.901997
0.915748
0.930604
0.938219
0.941712
0.943707
0.945177
0.938808
0.927184
0.92255
0.923136
0.925868
0.928562
0.932744
0.945409
0.958397
0.965223
0.968576
0.970979
0.971985
0.966163
0.958369
0.955257
0.955709
0.957608
0.959713
0.965557
0.979038
0.990337
0.996351
0.999628
1.00234
1.00394
1.0003
0.992966
0.988761
0.987598
0.98744
0.988672
0.995973
1.01086
1.02241
1.0293
1.03513
1.0396
1.04001
1.02987
1.02015
1.01687
1.01731
1.0199
1.02919
1.04352
1.05395
1.0609
1.06695
1.0725
1.07693
1.07389
1.05995
1.04771
1.04862
1.59165
4.00484
0.851878
0.855661
0.856164
0.850595
0.843219
0.839874
0.839577
0.840657
0.841253
0.842206
0.848385
0.860708
0.871709
0.878388
0.881986
0.884376
0.885119
0.880207
0.872982
0.869711
0.86932
0.868214
0.867451
0.870469
0.881894
0.897475
0.9079
0.913061
0.916025
0.918481
0.916778
0.907161
0.90017
0.898036
0.896523
0.895478
0.897798
0.908394
0.925734
0.937243
0.942863
0.94626
0.949824
0.949202
0.940105
0.932516
0.929366
0.927067
0.925389
0.927348
0.936916
0.952553
0.963983
0.97097
0.976137
0.980389
0.979427
0.97122
0.963092
0.958026
0.955324
0.955539
0.959616
0.972971
0.988367
0.998087
1.00425
1.00988
1.01345
1.01231
1.00263
0.991934
0.985335
0.983021
0.984179
0.990411
1.00756
1.02523
1.0366
1.0436
1.04789
1.04908
1.03837
1.02333
1.01605
1.01508
1.01713
1.02503
1.04233
1.05775
1.0674
1.07389
1.07919
1.08375
1.08086
1.06207
1.04549
1.55953
3.99011
0.84697
0.858188
0.862678
0.865423
0.863392
0.855151
0.847082
0.841937
0.839005
0.837716
0.838494
0.842279
0.85449
0.869958
0.880275
0.887846
0.894281
0.89681
0.893668
0.882862
0.872666
0.867173
0.865468
0.865944
0.868194
0.876715
0.894611
0.909261
0.917974
0.924454
0.92794
0.927563
0.916781
0.903179
0.895855
0.894264
0.895176
0.897163
0.904316
0.921995
0.938249
0.94862
0.955043
0.958653
0.958677
0.948847
0.935027
0.926263
0.923451
0.923782
0.925706
0.932595
0.949527
0.96664
0.978604
0.985691
0.989307
0.989206
0.97859
0.96348
0.955
0.953423
0.95473
0.957904
0.969504
0.988531
1.00367
1.01281
1.0176
1.02024
1.0191
1.00561
0.98912
0.982499
0.982627
0.9851
0.990558
1.01023
1.03301
1.04433
1.04912
1.05211
1.05225
1.03935
1.02129
1.01429
1.01496
1.0178
1.0258
1.04766
1.06583
1.07435
1.07968
1.08442
1.0867
1.0782
1.05557
1.53402
3.97672
0.835236
0.856216
0.864608
0.868261
0.870372
0.870721
0.86337
0.850331
0.840799
0.837617
0.838249
0.840113
0.842976
0.852736
0.873069
0.888939
0.895802
0.899111
0.901172
0.900013
0.887804
0.873165
0.866396
0.865721
0.867529
0.870161
0.876878
0.897354
0.917179
0.925481
0.92887
0.930986
0.930629
0.919444
0.903648
0.895935
0.894853
0.896417
0.898841
0.90472
0.924335
0.945813
0.955213
0.958847
0.960992
0.960319
0.950247
0.934197
0.925029
0.923466
0.925123
0.927846
0.934143
0.953697
0.97566
0.985758
0.989572
0.991485
0.99065
0.979119
0.962213
0.954375
0.954296
0.956749
0.960373
0.973264
0.997986
1.01224
1.01717
1.01965
1.02069
1.01745
1.00184
0.986942
0.983063
0.984725
0.987934
0.996587
1.02146
1.04089
1.04768
1.05085
1.05211
1.04925
1.03556
1.02008
1.01534
1.0171
1.0213
1.0345
1.05806
1.07196
1.07817
1.08237
1.08573
1.08418
1.07115
1.52287
3.96732
0.826635
0.84251
0.85844
0.866645
0.869854
0.871018
0.871331
0.866399
0.853152
0.842873
0.840399
0.841868
0.844716
0.849405
0.858454
0.876784
0.891104
0.89706
0.899495
0.900736
0.900767
0.890726
0.875468
0.869208
0.869717
0.872412
0.876901
0.884259
0.901812
0.918507
0.925521
0.928226
0.929601
0.930102
0.921877
0.906112
0.898423
0.898341
0.900887
0.905738
0.913449
0.929894
0.946903
0.954434
0.957197
0.958332
0.958604
0.951552
0.936302
0.928126
0.928031
0.930874
0.935472
0.94246
0.959051
0.97705
0.985136
0.988176
0.990092
0.99104
0.980354
0.963229
0.957636
0.959282
0.963492
0.970101
0.982751
1.00139
1.01146
1.01516
1.01714
1.01833
1.01551
1.00142
0.990579
0.989245
0.992485
0.997761
1.0069
1.02576
1.03969
1.04525
1.04781
1.04846
1.04668
1.03639
1.0249
1.02239
1.02555
1.03026
1.04233
1.06085
1.07173
1.07711
1.08107
1.08342
1.08366
1.52579
3.96212
0.828255
0.831302
0.840347
0.854672
0.86392
0.867954
0.869846
0.87139
0.870609
0.860882
0.850883
0.848039
0.849186
0.851287
0.853616
0.858843
0.873861
0.888532
0.895596
0.898677
0.90037
0.901617
0.895856
0.883672
0.877765
0.877729
0.879803
0.882099
0.886037
0.898827
0.914592
0.923179
0.927026
0.929029
0.930116
0.925513
0.913672
0.907091
0.90675
0.908864
0.911245
0.914885
0.926836
0.942508
0.951344
0.955316
0.957431
0.958834
0.955384
0.943911
0.936588
0.93573
0.937766
0.940376
0.944025
0.956876
0.974463
0.983958
0.98789
0.989921
0.990368
0.982936
0.971076
0.966776
0.967863
0.970375
0.973069
0.982053
0.99839
1.00852
1.01299
1.01544
1.01651
1.01584
1.00931
1.00152
0.99857
0.999423
1.0014
1.00691
1.02345
1.03638
1.04217
1.04502
1.04691
1.04829
1.04487
1.03568
1.03027
1.03043
1.03325
1.04216
1.05841
1.06932
1.07612
1.08023
1.08987
1.54171
3.95756
0.83053
0.831219
0.831756
0.834934
0.846505
0.859766
0.867781
0.871933
0.87453
0.876662
0.872649
0.862131
0.854993
0.852958
0.853858
0.855569
0.857848
0.867777
0.883624
0.894165
0.899459
0.90267
0.906061
0.905782
0.896021
0.886318
0.882463
0.882423
0.883801
0.885285
0.892577
0.908305
0.920516
0.926697
0.93013
0.933769
0.934845
0.926393
0.915967
0.911345
0.911086
0.912506
0.913981
0.921123
0.936977
0.94926
0.955522
0.959309
0.963257
0.964318
0.955362
0.944608
0.940257
0.940227
0.941754
0.943575
0.952466
0.970063
0.981775
0.987399
0.992059
0.9964
0.994109
0.981888
0.972931
0.970703
0.971957
0.973491
0.978716
0.992805
1.00457
1.01098
1.01597
1.02218
1.02553
1.02087
1.00852
1.00079
1.00035
1.00231
1.00618
1.01936
1.03263
1.04036
1.04652
1.05339
1.05736
1.0555
1.04291
1.03274
1.03053
1.03272
1.0391
1.05495
1.06979
1.07873
1.09124
1.56542
3.95102
0.838192
0.83075
0.82874
0.829293
0.831679
0.840894
0.857048
0.869257
0.876943
0.881793
0.884269
0.882782
0.871889
0.861125
0.855885
0.853522
0.853932
0.856192
0.863519
0.880163
0.894944
0.904379
0.910172
0.913268
0.914029
0.905804
0.893168
0.885794
0.882173
0.881569
0.88345
0.888672
0.903739
0.919972
0.930871
0.937814
0.941581
0.942956
0.935963
0.92265
0.914483
0.91057
0.909732
0.911679
0.917521
0.933692
0.950029
0.960729
0.966988
0.970237
0.971431
0.963584
0.950483
0.942898
0.939586
0.939402
0.941619
0.948962
0.967637
0.984585
0.99506
1.00049
1.00331
1.00127
0.988542
0.976982
0.971466
0.969422
0.970507
0.974849
0.988784
1.00508
1.01755
1.02556
1.02965
1.0317
1.02719
1.01308
1.00321
0.999094
0.99912
1.00285
1.01639
1.03416
1.0478
1.05571
1.05951
1.06199
1.06088
1.04762
1.03384
1.0276
1.02807
1.03613
1.0578
1.07519
1.09177
1.59376
3.94418
0.855031
0.840671
0.833111
0.831323
0.832057
0.833924
0.839298
0.853332
0.869667
0.879616
0.884019
0.886306
0.887146
0.881048
0.868773
0.859385
0.856526
0.857281
0.859406
0.863951
0.876888
0.894704
0.906779
0.91221
0.914853
0.916527
0.912959
0.900925
0.889341
0.884533
0.884613
0.88655
0.889806
0.90028
0.918594
0.933263
0.940129
0.943208
0.945189
0.942296
0.929528
0.91702
0.912279
0.912636
0.914783
0.918687
0.931702
0.950852
0.963232
0.96873
0.971814
0.973795
0.969495
0.956537
0.945325
0.941613
0.942381
0.944572
0.949692
0.966771
0.986904
0.99722
1.00184
1.00469
1.00406
0.99432
0.980237
0.972295
0.971163
0.972853
0.976082
0.987539
1.00728
1.02149
1.02795
1.0313
1.0334
1.03089
1.01611
1.00296
0.999833
1.00156
1.00525
1.01804
1.0384
1.05127
1.05724
1.06083
1.0637
1.06384
1.04899
1.03167
1.02797
1.03144
1.04416
1.06362
1.08236
1.61483
3.93431
)
;

boundaryField
{
    back
    {
        type            empty;
    }
    outlet
    {
        type            zeroGradient;
    }
    top
    {
        type            zeroGradient;
    }
    inlet
    {
        type            fixedValue;
        value           uniform 1;
    }
    bottom
    {
        type            zeroGradient;
    }
    front
    {
        type            empty;
    }
}


// ************************************************************************* //
