/*--------------------------------*- C++ -*----------------------------------*\
  =========                 |
  \\      /  F ield         | OpenFOAM: The Open Source CFD Toolbox
   \\    /   O peration     | Website:  https://openfoam.org
    \\  /    A nd           | Version:  12
     \\/     M anipulation  |
\*---------------------------------------------------------------------------*/
FoamFile
{
    format      ascii;
    class       volScalarField;
    location    "21";
    object      T;
}
// * * * * * * * * * * * * * * * * * * * * * * * * * * * * * * * * * * * * * //

dimensions      [0 0 0 1 0 0 0];

internalField   nonuniform List<scalar> 
9801
(
0.80534
0.805136
0.808077
0.816269
0.825465
0.830178
0.832267
0.8326
0.828094
0.821659
0.820458
0.821156
0.824752
0.832322
0.839642
0.84351
0.845442
0.845986
0.842629
0.836583
0.833441
0.833758
0.836248
0.844148
0.853045
0.858186
0.860793
0.862542
0.861968
0.8554
0.848927
0.847728
0.848384
0.850397
0.858303
0.868922
0.874859
0.877503
0.87923
0.879841
0.875155
0.867636
0.865072
0.865641
0.866669
0.869695
0.878618
0.888492
0.893348
0.895577
0.896978
0.897057
0.891726
0.885028
0.883851
0.884775
0.886508
0.890708
0.90018
0.908455
0.912455
0.914587
0.916229
0.91632
0.910322
0.904475
0.904293
0.905735
0.908399
0.915769
0.926128
0.932381
0.935465
0.937559
0.939318
0.937034
0.928951
0.925609
0.927043
0.929937
0.937274
0.94962
0.958538
0.963439
0.966418
0.968699
0.968224
0.95869
0.951301
0.952527
0.957324
0.968456
0.989121
1.00776
1.0224
1.03284
1.02504
1.11331
1.55419
0.813759
0.815297
0.818712
0.822434
0.826166
0.829079
0.829536
0.828164
0.82757
0.827972
0.828574
0.831261
0.8352
0.839149
0.842613
0.844838
0.845031
0.842203
0.839537
0.838969
0.839517
0.841167
0.846612
0.852513
0.857479
0.860767
0.862693
0.862269
0.858139
0.854969
0.854169
0.854136
0.855084
0.859279
0.866449
0.873053
0.876998
0.879177
0.880063
0.877572
0.873767
0.871923
0.871423
0.872156
0.873652
0.877537
0.885147
0.891808
0.895264
0.89699
0.897519
0.895821
0.892249
0.889889
0.889822
0.891168
0.893174
0.897326
0.905556
0.9119
0.915033
0.916686
0.917676
0.91669
0.912104
0.908809
0.909206
0.910974
0.913605
0.920337
0.930063
0.935896
0.938827
0.940774
0.942132
0.939868
0.933304
0.930649
0.932087
0.934907
0.940601
0.952385
0.962026
0.967454
0.970995
0.973876
0.974767
0.967067
0.959826
0.960118
0.965219
0.973485
0.989439
1.00512
1.01924
1.02962
1.02238
1.11559
1.57899
0.826943
0.82824
0.827944
0.828176
0.82639
0.824465
0.825229
0.828235
0.832688
0.838801
0.843404
0.845176
0.845765
0.846713
0.84721
0.843697
0.840666
0.840879
0.84248
0.844205
0.848519
0.855505
0.860209
0.862311
0.863891
0.86566
0.863891
0.859256
0.858619
0.85966
0.860821
0.862652
0.866698
0.87262
0.87731
0.87953
0.880658
0.880896
0.879244
0.878188
0.878476
0.879347
0.880916
0.882465
0.884253
0.888284
0.893834
0.896502
0.897804
0.898359
0.898913
0.899291
0.898421
0.898894
0.899868
0.901119
0.902887
0.90652
0.913042
0.916979
0.918915
0.920186
0.921584
0.922397
0.920057
0.91882
0.919744
0.921761
0.924279
0.929651
0.937664
0.942582
0.945251
0.947297
0.949256
0.949412
0.945041
0.942561
0.943783
0.946852
0.951043
0.961574
0.973457
0.980198
0.984348
0.987756
0.989758
0.984992
0.978526
0.9776
0.982442
0.989827
1.00266
1.01977
1.03551
1.04909
1.04787
1.14441
1.61091
0.842468
0.843951
0.841966
0.835305
0.826483
0.824005
0.825121
0.829091
0.839109
0.850898
0.857901
0.86067
0.861759
0.860759
0.852703
0.843849
0.842331
0.8433
0.846304
0.852041
0.860315
0.869089
0.874
0.87581
0.876053
0.87185
0.865094
0.863048
0.863735
0.866182
0.870026
0.874001
0.878994
0.884685
0.887276
0.887708
0.886688
0.8853
0.885201
0.885773
0.887809
0.890128
0.892176
0.894081
0.895941
0.898682
0.901339
0.902658
0.903891
0.906022
0.908395
0.910272
0.911537
0.911694
0.912635
0.913686
0.914892
0.916407
0.920033
0.924568
0.927896
0.930813
0.933455
0.935786
0.935911
0.934047
0.934206
0.935502
0.93744
0.940351
0.947446
0.954593
0.958852
0.962126
0.965103
0.967643
0.965221
0.960611
0.960218
0.962979
0.96687
0.973715
0.986533
0.996415
1.00228
1.00671
1.01047
1.00926
1.00326
1.00011
1.00249
1.0095
1.01826
1.03263
1.04798
1.0614
1.06556
1.18202
1.64493
0.854614
0.857461
0.854886
0.841257
0.831347
0.829834
0.830199
0.832222
0.842051
0.859638
0.868177
0.871549
0.872964
0.868335
0.856844
0.85094
0.850439
0.851245
0.853133
0.85862
0.870325
0.880042
0.884091
0.884562
0.881776
0.876904
0.873922
0.873314
0.87408
0.875918
0.879749
0.885038
0.890071
0.893339
0.894686
0.894681
0.894754
0.896004
0.897784
0.899042
0.899847
0.90213
0.904496
0.905576
0.905452
0.905953
0.908583
0.912623
0.916053
0.9195
0.922629
0.9251
0.926679
0.926076
0.925341
0.924617
0.924657
0.925996
0.929783
0.937179
0.942769
0.946658
0.94986
0.952511
0.953659
0.950653
0.948076
0.947717
0.949257
0.951919
0.958308
0.968541
0.975456
0.979849
0.983264
0.98626
0.986012
0.979504
0.97541
0.976626
0.980387
0.985608
0.997177
1.01116
1.01995
1.0253
1.02987
1.03177
1.02701
1.0217
1.01981
1.02315
1.0304
1.04073
1.05469
1.06631
1.07088
1.20588
1.66846
0.86383
0.864962
0.856329
0.845302
0.840583
0.839931
0.84083
0.843754
0.853251
0.867474
0.875945
0.878168
0.876503
0.870245
0.864896
0.86244
0.862553
0.864462
0.868425
0.872936
0.87863
0.885333
0.88836
0.888647
0.88744
0.887153
0.887823
0.888448
0.889665
0.89137
0.893054
0.894742
0.895475
0.896843
0.900549
0.904448
0.907596
0.910724
0.913315
0.915374
0.915861
0.915239
0.91436
0.912796
0.912423
0.9137
0.917481
0.925266
0.931621
0.935766
0.938645
0.941178
0.942809
0.93991
0.934846
0.933228
0.934268
0.936438
0.940538
0.949864
0.958219
0.962976
0.96607
0.968574
0.969858
0.965519
0.959074
0.957625
0.959606
0.962701
0.968378
0.979942
0.989992
0.995204
0.998458
1.00129
1.00208
0.995692
0.988816
0.986844
0.989641
0.994271
1.00246
1.01678
1.02867
1.03604
1.04154
1.04576
1.04448
1.03826
1.03353
1.03272
1.03577
1.04231
1.05354
1.06555
1.0713
1.22053
1.682
0.866274
0.863954
0.858069
0.854521
0.853195
0.853948
0.857031
0.861754
0.866732
0.873133
0.877927
0.879492
0.878821
0.878043
0.877589
0.87749
0.878778
0.881015
0.883128
0.885141
0.885422
0.885595
0.889288
0.894251
0.897205
0.900071
0.902895
0.904951
0.905567
0.905273
0.904187
0.900429
0.898547
0.899656
0.904427
0.913191
0.920537
0.925285
0.92804
0.930046
0.930675
0.927035
0.920529
0.917849
0.918686
0.920784
0.924923
0.935237
0.945507
0.950468
0.953148
0.955332
0.955351
0.949077
0.941685
0.939834
0.941288
0.943858
0.948684
0.959087
0.970157
0.975586
0.978238
0.98019
0.980489
0.975769
0.968534
0.965475
0.966505
0.969618
0.97491
0.986083
0.998317
1.00492
1.00838
1.01081
1.01174
1.00735
0.999495
0.995886
0.996464
0.999898
1.00526
1.01588
1.03003
1.0403
1.0465
1.05107
1.05346
1.05045
1.04536
1.04166
1.04113
1.04325
1.04974
1.06192
1.07024
1.22946
1.68997
0.864929
0.865313
0.865852
0.866575
0.867945
0.870958
0.873587
0.875341
0.877429
0.876896
0.876124
0.87816
0.882188
0.886502
0.890215
0.8934
0.895
0.895066
0.894289
0.891252
0.887001
0.886265
0.888052
0.895152
0.90563
0.912396
0.915872
0.917924
0.919038
0.917346
0.909806
0.903689
0.902964
0.904001
0.906708
0.91733
0.930398
0.936198
0.938966
0.941177
0.941416
0.934269
0.925469
0.923548
0.924588
0.926335
0.929708
0.940659
0.953888
0.959541
0.961915
0.962689
0.960532
0.954961
0.949384
0.947243
0.948041
0.950066
0.95406
0.964433
0.975906
0.981477
0.984003
0.98523
0.985235
0.982946
0.977101
0.973107
0.973317
0.975649
0.979245
0.986742
0.999309
1.00837
1.01242
1.01491
1.01672
1.01628
1.01039
1.00498
1.0039
1.00559
1.00911
1.01411
1.02478
1.03677
1.04517
1.0509
1.05536
1.05765
1.05637
1.05236
1.04774
1.04536
1.04643
1.05444
1.06577
1.23718
1.69551
0.861271
0.863717
0.867858
0.874801
0.881462
0.884745
0.88677
0.886575
0.882132
0.876714
0.875506
0.876486
0.881327
0.891354
0.900412
0.903825
0.905797
0.90649
0.90229
0.893442
0.889754
0.889862
0.890884
0.896397
0.909907
0.920133
0.9237
0.926089
0.927162
0.922549
0.912385
0.908289
0.908702
0.909903
0.912207
0.921233
0.936015
0.943008
0.945612
0.946838
0.944231
0.937071
0.931455
0.929918
0.930925
0.932839
0.937082
0.94641
0.956694
0.96188
0.963689
0.963471
0.962438
0.960577
0.95639
0.95412
0.955031
0.957617
0.960861
0.965926
0.975637
0.982257
0.984957
0.986401
0.987657
0.988715
0.986321
0.982142
0.981159
0.982502
0.984274
0.986663
0.993756
1.00569
1.01326
1.01724
1.0202
1.02293
1.02239
1.01643
1.012
1.01087
1.01169
1.01441
1.01904
1.02891
1.04044
1.04924
1.0556
1.06045
1.06241
1.06155
1.05699
1.0498
1.04564
1.04756
1.05665
1.24283
1.69912
0.863233
0.866249
0.872321
0.882759
0.88826
0.891017
0.89207
0.888901
0.8815
0.878271
0.878236
0.879797
0.886536
0.898625
0.906042
0.909357
0.911554
0.910584
0.901446
0.894375
0.893743
0.894829
0.896948
0.904506
0.91752
0.924997
0.928642
0.93076
0.929718
0.921651
0.91547
0.91385
0.9144
0.915845
0.919776
0.929709
0.939442
0.944654
0.946596
0.945932
0.943184
0.940231
0.937457
0.936776
0.938213
0.941256
0.945074
0.949909
0.956046
0.960156
0.962088
0.963037
0.964332
0.965765
0.964645
0.962548
0.962681
0.964084
0.965245
0.966855
0.971215
0.980098
0.985727
0.988714
0.99112
0.99348
0.99509
0.991705
0.987308
0.985824
0.985783
0.986898
0.989608
0.998014
1.01096
1.01895
1.02372
1.02778
1.03072
1.02969
1.02241
1.01649
1.01432
1.01489
1.01752
1.02279
1.03323
1.04469
1.05344
1.05961
1.06412
1.06509
1.06341
1.05755
1.04851
1.04383
1.04418
1.24468
1.70152
0.86919
0.874617
0.882981
0.888932
0.892017
0.893684
0.891184
0.884777
0.882016
0.882079
0.88316
0.888209
0.898605
0.905797
0.90967
0.912397
0.913141
0.906988
0.900433
0.898674
0.899079
0.90016
0.90395
0.915391
0.923809
0.928175
0.930479
0.930558
0.925315
0.920606
0.918837
0.919069
0.920315
0.923704
0.929733
0.936103
0.9409
0.943383
0.944117
0.943783
0.944156
0.944061
0.943586
0.944271
0.946088
0.948418
0.949601
0.95038
0.952764
0.957884
0.961538
0.964221
0.967191
0.970118
0.972368
0.971499
0.968524
0.967008
0.966114
0.965872
0.967666
0.97452
0.985098
0.991634
0.995853
0.99902
1.0013
1.00119
0.995097
0.989297
0.986639
0.986311
0.988394
0.992132
1.00294
1.01752
1.02652
1.03091
1.03412
1.03626
1.03381
1.02545
1.01868
1.0167
1.01812
1.02154
1.02798
1.03944
1.05022
1.05708
1.0618
1.06524
1.0652
1.06302
1.05565
1.04563
1.03711
1.24196
1.70311
0.880673
0.888058
0.890937
0.892828
0.893835
0.890152
0.884647
0.88317
0.884119
0.885769
0.890957
0.902352
0.909666
0.912293
0.914134
0.914817
0.908361
0.901583
0.900494
0.901578
0.90281
0.905571
0.915114
0.924545
0.929013
0.930461
0.930041
0.925747
0.922294
0.921224
0.921888
0.923833
0.928019
0.932535
0.935288
0.937736
0.939773
0.940776
0.941066
0.942612
0.945566
0.948158
0.950527
0.951502
0.951581
0.951121
0.949596
0.948357
0.949352
0.95433
0.961957
0.967655
0.972273
0.975747
0.978067
0.97901
0.97489
0.968774
0.96515
0.964937
0.966794
0.970756
0.981744
0.993721
1.00024
1.00371
1.00602
1.00761
1.0039
0.994524
0.98857
0.987472
0.988654
0.990969
0.995858
1.00981
1.02456
1.03182
1.03541
1.03819
1.03918
1.03509
1.02715
1.02184
1.02091
1.02258
1.02651
1.03417
1.04536
1.05364
1.05873
1.06284
1.06536
1.06517
1.06179
1.05135
1.03797
1.23484
1.70414
0.894369
0.898626
0.898663
0.89683
0.891049
0.883021
0.880375
0.881309
0.883707
0.888441
0.900314
0.91326
0.917798
0.919228
0.919354
0.9126
0.902582
0.899627
0.900245
0.901736
0.905675
0.914472
0.92271
0.927812
0.93004
0.929579
0.925585
0.923407
0.923951
0.924593
0.926612
0.931029
0.934863
0.936957
0.936574
0.935378
0.935505
0.937983
0.941737
0.945465
0.949736
0.95426
0.95712
0.95848
0.956355
0.951266
0.946978
0.946364
0.947973
0.951941
0.962103
0.972406
0.978359
0.981192
0.983085
0.984206
0.980343
0.970384
0.965124
0.964935
0.966608
0.969291
0.977729
0.993081
1.00272
1.00633
1.00846
1.01011
1.00978
1.00234
0.99348
0.99054
0.991237
0.993536
0.996896
1.00267
1.01573
1.02808
1.03419
1.03728
1.03952
1.04039
1.03777
1.03189
1.02734
1.02616
1.02743
1.03104
1.03842
1.04852
1.05549
1.0601
1.06408
1.06581
1.06562
1.05823
1.04373
1.22712
1.70498
0.90344
0.907305
0.907729
0.902823
0.88829
0.880134
0.879654
0.88082
0.882878
0.89048
0.906627
0.916275
0.92013
0.921347
0.917154
0.908313
0.902988
0.901449
0.902452
0.90722
0.914953
0.920512
0.923878
0.926541
0.926814
0.92525
0.924705
0.92562
0.927526
0.931628
0.935285
0.937424
0.938541
0.93726
0.93334
0.930908
0.931655
0.935744
0.943926
0.951802
0.957511
0.960692
0.962545
0.963652
0.96002
0.949982
0.945043
0.945208
0.946926
0.950563
0.961872
0.975784
0.982393
0.985277
0.987024
0.987202
0.982446
0.973435
0.967672
0.96711
0.968656
0.971532
0.976224
0.987049
1.00014
1.00612
1.00839
1.00917
1.0096
1.0093
1.00392
0.998268
0.996992
0.998201
0.999967
1.00193
1.00572
1.01672
1.02853
1.0353
1.03925
1.04244
1.04462
1.04354
1.03768
1.03159
1.02893
1.02968
1.03288
1.04045
1.05028
1.05717
1.06218
1.06568
1.06697
1.06349
1.05199
1.2218
1.70596
0.905805
0.909373
0.909372
0.899763
0.887154
0.88197
0.881581
0.883301
0.890066
0.899885
0.908701
0.915575
0.917892
0.915966
0.911151
0.908341
0.907673
0.908287
0.911845
0.916801
0.920025
0.921812
0.92147
0.91906
0.919006
0.921789
0.926314
0.931695
0.937274
0.941241
0.943373
0.944105
0.941499
0.933774
0.928198
0.927761
0.929487
0.933789
0.945862
0.958719
0.964766
0.966951
0.968002
0.96688
0.959424
0.950032
0.946424
0.946754
0.948199
0.951243
0.960546
0.975908
0.984161
0.986943
0.987085
0.985131
0.983297
0.979321
0.974241
0.972994
0.974662
0.977372
0.979437
0.981743
0.989965
1.00095
1.00677
1.00951
1.012
1.01457
1.01562
1.01058
1.00484
1.00239
1.00157
1.00133
1.00307
1.00711
1.01824
1.03088
1.03887
1.04375
1.04721
1.04883
1.04737
1.04018
1.03256
1.02951
1.03057
1.03382
1.04174
1.05215
1.05937
1.06433
1.06669
1.06588
1.05963
1.22061
1.70739
0.905172
0.907285
0.902628
0.894831
0.89019
0.888203
0.889458
0.894849
0.901367
0.904494
0.906478
0.907961
0.908683
0.910119
0.911502
0.912872
0.915774
0.920421
0.923089
0.924079
0.923923
0.92022
0.914019
0.912212
0.913857
0.918755
0.929074
0.940415
0.946963
0.94954
0.950632
0.949931
0.942641
0.930619
0.926355
0.92683
0.928373
0.932034
0.946196
0.962237
0.967775
0.969953
0.970911
0.96744
0.959755
0.952671
0.949706
0.95051
0.953787
0.958684
0.963447
0.970819
0.979308
0.982914
0.98396
0.984616
0.986089
0.987154
0.98512
0.981522
0.980276
0.980306
0.980091
0.979764
0.981523
0.989555
1.00239
1.01082
1.01553
1.01931
1.0222
1.02292
1.01679
1.00837
1.00329
1.00183
1.00263
1.00479
1.00986
1.02262
1.03568
1.04312
1.04701
1.04978
1.05042
1.04781
1.04014
1.03274
1.03016
1.03113
1.03458
1.04348
1.05412
1.06094
1.06512
1.06606
1.06459
1.22401
1.70954
0.898147
0.898673
0.895999
0.896014
0.896524
0.89834
0.902359
0.905735
0.907611
0.907814
0.902283
0.898119
0.898804
0.903771
0.911949
0.920318
0.927596
0.931246
0.932367
0.93143
0.925889
0.915022
0.909069
0.908803
0.91018
0.914705
0.93006
0.946395
0.952841
0.955242
0.956247
0.952887
0.940544
0.931351
0.928441
0.928854
0.930896
0.937309
0.949281
0.961658
0.96796
0.969576
0.966912
0.96373
0.962328
0.959874
0.958214
0.958947
0.961173
0.963248
0.964131
0.964462
0.967868
0.976416
0.982942
0.987089
0.991086
0.99458
0.996165
0.992778
0.986831
0.982375
0.978874
0.97746
0.978499
0.981336
0.991486
1.00749
1.01786
1.02258
1.02537
1.02735
1.02653
1.01838
1.00855
1.00396
1.00378
1.00571
1.00874
1.0154
1.02863
1.03941
1.04491
1.04813
1.05025
1.05051
1.04738
1.04019
1.0339
1.03179
1.03258
1.03565
1.04466
1.05447
1.06086
1.0636
1.06768
1.23232
1.7125
0.889738
0.889564
0.892158
0.896315
0.90456
0.911274
0.913841
0.914043
0.912395
0.90555
0.896881
0.894731
0.895709
0.898925
0.910123
0.927042
0.935445
0.938151
0.939613
0.938072
0.926802
0.913205
0.909625
0.910032
0.91127
0.915535
0.931515
0.948525
0.954769
0.956951
0.955805
0.94836
0.94078
0.935299
0.933733
0.935371
0.940361
0.945788
0.949383
0.954691
0.960339
0.962872
0.963592
0.964725
0.966374
0.969154
0.970548
0.968697
0.966542
0.964615
0.961214
0.95953
0.960922
0.967483
0.980097
0.990806
0.997685
1.00151
1.00362
1.00334
0.995861
0.985171
0.979046
0.977789
0.97894
0.98089
0.984774
0.99802
1.01526
1.02316
1.02618
1.02744
1.02712
1.02514
1.01809
1.01093
1.00866
1.00992
1.01263
1.01536
1.02047
1.03144
1.04006
1.04472
1.04772
1.05
1.05134
1.04978
1.04329
1.03653
1.03328
1.03321
1.03503
1.04341
1.05337
1.05923
1.06792
1.24336
1.71614
0.883937
0.886174
0.891089
0.901807
0.913609
0.918478
0.920484
0.920963
0.914235
0.900429
0.894759
0.894843
0.896083
0.899444
0.914065
0.93202
0.938276
0.940576
0.941451
0.936182
0.923502
0.915382
0.912613
0.913223
0.916488
0.925073
0.936425
0.946631
0.951749
0.952062
0.947977
0.944683
0.943819
0.943182
0.943844
0.946056
0.948516
0.949975
0.948875
0.946789
0.948437
0.955494
0.962716
0.968327
0.974177
0.977995
0.979664
0.978125
0.971721
0.9634
0.95783
0.956776
0.958077
0.960901
0.972767
0.991196
1.00078
1.00409
1.00609
1.00715
1.00388
0.992764
0.982987
0.980381
0.981437
0.984748
0.989436
0.99412
1.00343
1.01518
1.02124
1.02388
1.02575
1.02736
1.02787
1.02453
1.01927
1.016
1.01474
1.01476
1.0164
1.02129
1.03193
1.04038
1.04569
1.05004
1.05361
1.05546
1.05374
1.04575
1.03702
1.03205
1.03105
1.03227
1.04188
1.05274
1.06639
1.25505
1.72007
0.882664
0.886428
0.896158
0.911747
0.919203
0.921599
0.923162
0.921614
0.909581
0.899117
0.896742
0.897004
0.898271
0.90491
0.921461
0.93361
0.9388
0.940575
0.937476
0.929271
0.923462
0.919918
0.91954
0.922307
0.928769
0.933463
0.936024
0.93947
0.942335
0.943853
0.944658
0.946104
0.948686
0.953197
0.956126
0.956447
0.954512
0.949865
0.943566
0.941428
0.942697
0.948025
0.960626
0.973895
0.981672
0.984786
0.986262
0.984929
0.975908
0.964127
0.95867
0.958201
0.959429
0.96199
0.968721
0.984627
0.999022
1.00418
1.00561
1.00381
1.00209
1.00029
0.994738
0.990131
0.989482
0.990876
0.99249
0.993276
0.99427
1.00017
1.01206
1.02073
1.02566
1.02995
1.0337
1.03547
1.03229
1.02397
1.01678
1.01375
1.01369
1.01562
1.02197
1.03415
1.04457
1.05089
1.05449
1.05651
1.05711
1.0542
1.04576
1.03568
1.02931
1.02765
1.02998
1.0423
1.0614
1.26538
1.72314
0.884899
0.890291
0.90566
0.917402
0.921285
0.92331
0.923303
0.914478
0.904845
0.900994
0.900165
0.901247
0.906146
0.916011
0.925844
0.932599
0.935127
0.933502
0.928293
0.925859
0.925971
0.926912
0.929753
0.934002
0.936823
0.937574
0.933962
0.930385
0.931367
0.937133
0.944352
0.951376
0.958376
0.962383
0.964031
0.963743
0.958427
0.94654
0.940025
0.939436
0.940714
0.943762
0.956933
0.976319
0.984578
0.987263
0.988887
0.987924
0.980473
0.968535
0.962125
0.961721
0.964364
0.97005
0.974497
0.978249
0.986971
0.995976
0.999955
1.00169
1.00373
1.00612
1.00788
1.00491
0.99943
0.99577
0.993147
0.990516
0.990071
0.992117
0.999011
1.01327
1.02552
1.03242
1.03582
1.03796
1.03845
1.03378
1.02308
1.01513
1.01326
1.01423
1.01647
1.02467
1.03916
1.04944
1.05406
1.05588
1.05674
1.05656
1.05323
1.0448
1.03426
1.02684
1.025
1.02957
1.0516
1.27115
1.72454
0.887916
0.900783
0.915366
0.921799
0.923696
0.923814
0.91644
0.907264
0.903693
0.903658
0.905198
0.91102
0.91791
0.921692
0.924961
0.927462
0.9275
0.926289
0.926277
0.927888
0.931339
0.936864
0.940471
0.941943
0.941473
0.935607
0.927641
0.925306
0.926449
0.93133
0.944693
0.959234
0.966753
0.969213
0.969878
0.96736
0.95659
0.944794
0.940594
0.94078
0.942068
0.945903
0.956666
0.973824
0.984291
0.987327
0.986345
0.98225
0.979848
0.976752
0.972443
0.971404
0.973181
0.975355
0.976328
0.975011
0.974809
0.980706
0.992527
1.00182
1.0077
1.01265
1.01582
1.01693
1.01228
1.00258
0.994005
0.989995
0.989805
0.99138
0.993766
1.00263
1.02055
1.03159
1.03565
1.03776
1.03856
1.03746
1.03151
1.02208
1.01685
1.01643
1.01823
1.02131
1.02871
1.04157
1.05
1.05312
1.05418
1.0549
1.05522
1.05355
1.04634
1.0345
1.02591
1.02241
1.0362
1.27103
1.72396
0.892752
0.910075
0.918934
0.922655
0.923245
0.918224
0.910697
0.907335
0.906597
0.908299
0.914634
0.921037
0.923826
0.924219
0.920641
0.917961
0.919156
0.923208
0.928346
0.935043
0.941814
0.945461
0.946987
0.946748
0.940581
0.929621
0.924887
0.924957
0.926438
0.929311
0.943559
0.963263
0.970075
0.972337
0.973221
0.968398
0.956504
0.946968
0.943362
0.944058
0.948592
0.955941
0.960877
0.965943
0.974111
0.979113
0.980477
0.981494
0.983054
0.985276
0.986913
0.984887
0.981406
0.978214
0.973864
0.969985
0.96964
0.97173
0.979649
0.996309
1.00995
1.01622
1.01899
1.02072
1.02032
1.01285
0.999627
0.992426
0.991372
0.992955
0.996607
1.00219
1.01151
1.02439
1.03152
1.03413
1.03502
1.03565
1.03635
1.03407
1.02803
1.02326
1.02101
1.02037
1.02134
1.02711
1.0393
1.04792
1.05161
1.05366
1.05591
1.05773
1.05648
1.04797
1.0336
1.02209
1.01975
1.26457
1.72167
0.900278
0.910686
0.916862
0.918855
0.916933
0.913294
0.911787
0.911707
0.913673
0.918366
0.922536
0.924615
0.925025
0.920248
0.913874
0.912537
0.914176
0.920521
0.933304
0.945337
0.950636
0.952236
0.952074
0.947641
0.935714
0.926563
0.924632
0.925424
0.9271
0.93345
0.948104
0.96268
0.969974
0.971844
0.968461
0.963089
0.959207
0.954295
0.952422
0.954207
0.958216
0.960876
0.961339
0.959109
0.959104
0.965725
0.975745
0.983317
0.98964
0.994814
0.99733
0.996908
0.99062
0.98028
0.971596
0.968344
0.968789
0.970417
0.973398
0.985077
1.00577
1.01625
1.01945
1.02014
1.018
1.01463
1.00926
1.00205
0.998957
0.999692
1.00191
1.00382
1.0055
1.01091
1.02167
1.02899
1.03264
1.03562
1.03933
1.04217
1.04111
1.03352
1.02488
1.01958
1.0181
1.01881
1.02476
1.0382
1.04866
1.05376
1.05653
1.0589
1.05948
1.05734
1.04706
1.02787
1.01235
1.25364
1.71914
0.904364
0.907035
0.908304
0.908671
0.910618
0.913241
0.916773
0.921479
0.925111
0.926894
0.927619
0.926682
0.920318
0.913046
0.910673
0.911444
0.913143
0.918314
0.936305
0.951016
0.955615
0.957254
0.957086
0.948604
0.935096
0.928041
0.926596
0.928173
0.934333
0.94179
0.947628
0.955159
0.961194
0.963193
0.963219
0.963864
0.96426
0.965396
0.96602
0.965316
0.964439
0.962349
0.956424
0.952542
0.952765
0.955807
0.966334
0.983038
0.995132
1.00066
1.0031
1.00391
1.00029
0.986777
0.974094
0.97011
0.970473
0.973124
0.978678
0.984999
0.994119
1.00638
1.01273
1.01458
1.01542
1.01657
1.01758
1.01647
1.01198
1.00787
1.00545
1.0034
1.00172
1.00289
1.00876
1.02115
1.03133
1.03796
1.04267
1.04559
1.04715
1.04467
1.03412
1.0225
1.01702
1.01649
1.01792
1.02475
1.04011
1.0515
1.05553
1.05732
1.05878
1.05893
1.05548
1.03955
1.01829
1.24072
1.71748
0.904715
0.90258
0.899419
0.900569
0.905242
0.914055
0.92414
0.93152
0.934335
0.934781
0.932758
0.925903
0.915282
0.909605
0.9093
0.91054
0.912623
0.920552
0.93786
0.951418
0.95628
0.957078
0.952963
0.946163
0.939349
0.934499
0.934453
0.93782
0.942419
0.944501
0.945236
0.944473
0.946643
0.954056
0.961273
0.966861
0.973014
0.976904
0.977793
0.975305
0.969151
0.959344
0.95145
0.949404
0.950338
0.952253
0.957602
0.976895
0.995623
1.00196
1.00394
1.00278
0.997969
0.991889
0.983917
0.978647
0.978316
0.980781
0.983493
0.985238
0.986361
0.989867
0.99982
1.00911
1.01474
1.01913
1.02345
1.02594
1.0252
1.01871
1.00984
1.0029
1
1
1.0019
1.00965
1.02561
1.03817
1.04361
1.04586
1.04749
1.04762
1.04349
1.03198
1.02154
1.01755
1.01738
1.01946
1.02706
1.04149
1.05068
1.0538
1.05585
1.05704
1.05697
1.04906
1.03356
1.23201
1.71733
0.902466
0.895951
0.894505
0.895371
0.898496
0.910108
0.927202
0.936553
0.939969
0.941338
0.940055
0.928615
0.915547
0.911034
0.911036
0.91315
0.919104
0.92594
0.934039
0.944037
0.949247
0.950062
0.949442
0.948913
0.947886
0.946711
0.945768
0.945739
0.946134
0.94441
0.939258
0.937412
0.938824
0.944229
0.956738
0.971168
0.98041
0.984434
0.986008
0.984449
0.974573
0.959985
0.952468
0.950918
0.951969
0.955486
0.962437
0.971553
0.985354
0.995123
0.997956
0.997874
0.997619
0.997603
0.996733
0.993335
0.98953
0.987467
0.986145
0.983686
0.981248
0.981705
0.985886
0.998136
1.01208
1.02145
1.02622
1.02876
1.03024
1.02864
1.01883
1.00671
1.0009
1.00034
1.00188
1.00478
1.01496
1.03173
1.04086
1.04375
1.04465
1.04447
1.04457
1.0428
1.03481
1.02594
1.0214
1.02042
1.0209
1.02605
1.03835
1.04691
1.05106
1.05435
1.05675
1.05493
1.04746
1.22988
1.71887
0.902643
0.894298
0.894376
0.895517
0.897134
0.905058
0.925947
0.937913
0.941149
0.941925
0.938182
0.929967
0.921111
0.917164
0.917895
0.921453
0.925607
0.927422
0.928798
0.93103
0.937933
0.945298
0.949911
0.954087
0.957367
0.958456
0.956397
0.952267
0.946923
0.939679
0.934927
0.934375
0.935674
0.938458
0.949462
0.97044
0.982228
0.986025
0.987629
0.986418
0.9786
0.966444
0.958562
0.957
0.958962
0.963337
0.966783
0.968525
0.971081
0.978661
0.988288
0.994483
0.998464
1.00277
1.00614
1.00703
1.00325
0.996055
0.988578
0.982438
0.97954
0.979719
0.98132
0.986216
1.00291
1.01955
1.02641
1.02892
1.03027
1.02964
1.026
1.01651
1.00788
1.00498
1.00576
1.00792
1.0104
1.01737
1.02981
1.03765
1.04084
1.04278
1.04532
1.04763
1.0476
1.04031
1.02889
1.02119
1.01885
1.01886
1.02229
1.03393
1.04429
1.05081
1.05584
1.05719
1.05815
1.23523
1.72186
0.905102
0.896811
0.896317
0.8977
0.900845
0.908133
0.920711
0.932907
0.937034
0.93714
0.935846
0.934556
0.931632
0.928044
0.926431
0.926891
0.927982
0.927274
0.924293
0.924201
0.927499
0.937798
0.950536
0.959177
0.964163
0.966024
0.965665
0.959981
0.949292
0.940224
0.936253
0.935934
0.937092
0.939997
0.946716
0.961323
0.976741
0.982746
0.983828
0.982316
0.980391
0.977416
0.972179
0.968479
0.967519
0.968114
0.968692
0.9665
0.964382
0.965777
0.973288
0.987077
0.999276
1.00673
1.01093
1.01323
1.01382
1.00836
0.995941
0.985017
0.980754
0.980809
0.982555
0.986268
0.994107
1.00981
1.02174
1.02593
1.02696
1.02671
1.02691
1.02656
1.02151
1.01476
1.01091
1.00922
1.00838
1.00904
1.01409
1.02644
1.03675
1.04265
1.04669
1.05018
1.05216
1.05174
1.04323
1.02896
1.01929
1.01637
1.0162
1.01908
1.03168
1.04478
1.05347
1.05651
1.06391
1.24442
1.72554
0.908435
0.902061
0.901556
0.903744
0.907123
0.910087
0.913676
0.921583
0.930768
0.935276
0.937315
0.939264
0.940358
0.938989
0.935043
0.931272
0.9278
0.923971
0.921788
0.922092
0.923535
0.928712
0.944814
0.960038
0.966006
0.96842
0.969752
0.968183
0.957064
0.944631
0.940036
0.940217
0.942665
0.946626
0.949231
0.952205
0.960926
0.972334
0.978662
0.981215
0.983224
0.985876
0.986501
0.982622
0.97676
0.972184
0.968093
0.963837
0.961495
0.96198
0.963965
0.97274
0.992252
1.00681
1.01205
1.01419
1.01513
1.01365
1.00601
0.994056
0.987091
0.985944
0.98779
0.99057
0.99272
0.997192
1.00872
1.01876
1.02335
1.02557
1.02816
1.03116
1.03261
1.02895
1.02019
1.01213
1.00739
1.00623
1.00692
1.01149
1.02463
1.03824
1.04648
1.05061
1.05247
1.05311
1.05195
1.04221
1.02709
1.01797
1.01488
1.01433
1.01782
1.0319
1.04588
1.05253
1.06581
1.25561
1.72923
0.912606
0.908844
0.908678
0.910102
0.911448
0.911698
0.911355
0.912887
0.920573
0.932644
0.939579
0.942753
0.944726
0.945576
0.943582
0.937354
0.929562
0.924273
0.922758
0.923273
0.924467
0.926431
0.934753
0.953558
0.964522
0.967496
0.968202
0.966982
0.964154
0.95654
0.949537
0.947403
0.948054
0.949446
0.950541
0.950112
0.950473
0.955991
0.969136
0.980436
0.986925
0.991247
0.99402
0.994767
0.990535
0.981165
0.971073
0.964368
0.962328
0.962915
0.964487
0.967843
0.979012
0.998076
1.00867
1.0118
1.01222
1.01123
1.01033
1.00718
1.00053
0.995548
0.993708
0.993281
0.992692
0.992502
0.994999
1.00516
1.01751
1.02509
1.02964
1.0335
1.0365
1.03791
1.03386
1.02161
1.01034
1.00569
1.00519
1.00629
1.01067
1.02657
1.0422
1.04906
1.05141
1.05207
1.05137
1.04893
1.04074
1.02813
1.0194
1.01543
1.01391
1.01689
1.0312
1.04279
1.06264
1.26756
1.73227
0.917652
0.914969
0.914781
0.915271
0.914968
0.913
0.911571
0.912152
0.913907
0.923124
0.937168
0.944267
0.947318
0.948801
0.949625
0.946096
0.935333
0.927316
0.925242
0.925905
0.927324
0.929094
0.931514
0.940142
0.955977
0.96459
0.967162
0.968416
0.969719
0.968695
0.962358
0.955488
0.951976
0.950525
0.949665
0.948182
0.947373
0.948523
0.953798
0.969936
0.985686
0.993068
0.995978
0.99776
0.99869
0.994131
0.980099
0.969346
0.96602
0.966466
0.968799
0.971957
0.974956
0.981926
0.995727
1.00526
1.00909
1.01079
1.01248
1.01447
1.01448
1.00954
1.00249
0.996782
0.992423
0.990129
0.99025
0.992863
1.00373
1.01917
1.02946
1.0349
1.03765
1.03927
1.03945
1.03347
1.01967
1.00957
1.00655
1.00698
1.00918
1.01431
1.02809
1.04147
1.0475
1.04935
1.04975
1.04977
1.04915
1.04322
1.03124
1.02068
1.01408
1.01129
1.01433
1.02761
1.05431
1.27903
1.73443
0.92324
0.92198
0.920239
0.919058
0.917344
0.914719
0.912724
0.912336
0.913263
0.915976
0.92888
0.943191
0.948404
0.95065
0.952215
0.952061
0.945025
0.934235
0.929213
0.928747
0.929587
0.930863
0.932439
0.934652
0.941478
0.955683
0.965812
0.970269
0.972131
0.973413
0.973347
0.968141
0.960419
0.954708
0.950637
0.947979
0.947472
0.948453
0.949949
0.955509
0.974703
0.990994
0.996442
0.998266
0.998043
0.995479
0.99103
0.982017
0.974949
0.972758
0.973238
0.974517
0.975194
0.975587
0.978963
0.99091
1.00357
1.0108
1.01487
1.01807
1.0204
1.02099
1.01583
1.00488
0.994935
0.990375
0.989967
0.991165
0.993768
1.00659
1.02527
1.03433
1.0371
1.03794
1.03738
1.03668
1.03263
1.02195
1.01353
1.01069
1.01043
1.01091
1.01338
1.02554
1.03915
1.04604
1.04872
1.04983
1.05047
1.05056
1.04607
1.0343
1.02072
1.0105
1.00747
1.0099
1.04129
1.28738
1.73542
0.928645
0.929599
0.926987
0.92316
0.919498
0.915662
0.912775
0.912406
0.913309
0.914681
0.920181
0.937482
0.948817
0.95202
0.953316
0.953967
0.952781
0.944551
0.93523
0.931916
0.932021
0.933535
0.935271
0.9357
0.936346
0.940256
0.954141
0.966859
0.972558
0.97598
0.978181
0.978754
0.974156
0.963741
0.954093
0.949456
0.948903
0.950026
0.952195
0.955334
0.961517
0.977234
0.990357
0.994913
0.996043
0.996773
0.997606
0.995975
0.989495
0.982864
0.979116
0.977092
0.975129
0.973548
0.973795
0.976601
0.988648
1.00498
1.01495
1.01946
1.0217
1.02327
1.02334
1.0168
1.00358
0.994606
0.992084
0.992819
0.994934
0.999027
1.0109
1.02566
1.03265
1.03498
1.03638
1.03755
1.03819
1.03575
1.02729
1.01835
1.01282
1.01045
1.01048
1.01194
1.02183
1.0364
1.04531
1.04898
1.05023
1.0512
1.05164
1.04819
1.03609
1.0189
1.00691
1.00099
1.02202
1.28868
1.73455
0.933972
0.935863
0.934579
0.928786
0.92115
0.915033
0.912717
0.913069
0.91419
0.916272
0.919537
0.927762
0.942882
0.950465
0.952509
0.952636
0.953109
0.953519
0.948324
0.941139
0.938204
0.937791
0.937263
0.935482
0.93453
0.935447
0.939468
0.95492
0.970672
0.977351
0.979847
0.981592
0.982452
0.977239
0.963943
0.955096
0.952798
0.953406
0.955118
0.957078
0.958814
0.96224
0.973271
0.986534
0.994096
0.997494
0.999265
1.00101
1.00216
0.998553
0.990514
0.982745
0.976671
0.973454
0.973345
0.974726
0.977534
0.991004
1.01
1.01888
1.02156
1.02261
1.02198
1.02066
1.01596
1.00591
0.998787
0.996855
0.997387
0.998578
1.00045
1.00902
1.023
1.03167
1.03532
1.03687
1.03852
1.04127
1.04153
1.03393
1.02196
1.01354
1.00922
1.00724
1.00815
1.01852
1.03616
1.04671
1.05001
1.05119
1.05179
1.0515
1.04768
1.03431
1.01476
1.00134
1.00499
1.28117
1.73161
0.936653
0.939262
0.940097
0.936997
0.925546
0.916946
0.914653
0.915249
0.917508
0.919907
0.921261
0.922432
0.928398
0.94164
0.949282
0.952541
0.955997
0.958332
0.958955
0.95439
0.946212
0.940177
0.936176
0.9341
0.934032
0.935124
0.936556
0.941148
0.958533
0.974597
0.980304
0.982319
0.982691
0.981929
0.978107
0.968326
0.961193
0.958774
0.95881
0.959695
0.959966
0.958823
0.959871
0.967728
0.983334
0.994603
1.00036
1.00478
1.0072
1.00818
1.00471
0.993574
0.981597
0.97558
0.974663
0.975825
0.978236
0.982727
0.995474
1.01098
1.01795
1.02003
1.02112
1.02203
1.02242
1.01975
1.01222
1.00508
1.00109
0.999204
0.998746
0.999453
1.00454
1.01782
1.02886
1.03547
1.04121
1.04454
1.04594
1.0452
1.03602
1.0205
1.00956
1.00585
1.00558
1.00713
1.01938
1.03908
1.04856
1.05
1.05016
1.0499
1.04958
1.04557
1.03079
1.00873
0.999644
1.26685
1.72804
0.935613
0.939031
0.939466
0.938136
0.933948
0.925278
0.920195
0.919487
0.920312
0.921264
0.92139
0.921265
0.922362
0.927928
0.94267
0.95401
0.959019
0.961716
0.963506
0.964184
0.958681
0.947118
0.938689
0.935612
0.935571
0.936745
0.93869
0.941019
0.945377
0.959283
0.9736
0.979481
0.981529
0.982921
0.984479
0.983759
0.976984
0.969378
0.965145
0.962842
0.959501
0.956697
0.956937
0.958563
0.966101
0.985187
1.00047
1.0059
1.00793
1.00917
1.00913
1.0049
0.993538
0.983414
0.979583
0.979632
0.98115
0.982749
0.985093
0.994591
1.00894
1.01716
1.02046
1.02201
1.02363
1.02608
1.02612
1.01925
1.00921
1.00184
0.997457
0.995557
0.99609
1.00086
1.01737
1.0345
1.04204
1.04441
1.04559
1.04619
1.04439
1.03418
1.01911
1.01003
1.00724
1.00755
1.00982
1.02162
1.03824
1.04501
1.046
1.04676
1.04848
1.04887
1.04429
1.02459
1.0061
1.2502
1.72546
0.928319
0.937312
0.938785
0.939882
0.940522
0.936984
0.928464
0.922884
0.921166
0.921194
0.921463
0.921389
0.921919
0.923136
0.928711
0.945205
0.957649
0.962573
0.96479
0.966064
0.966358
0.960864
0.949155
0.941625
0.939638
0.939952
0.940976
0.942194
0.943285
0.945565
0.956481
0.972106
0.980911
0.985053
0.987881
0.989935
0.99008
0.984312
0.973999
0.965148
0.960031
0.95803
0.958167
0.959514
0.961754
0.96956
0.988725
1.00185
1.00597
1.00728
1.00757
1.00744
1.00544
0.997937
0.989725
0.985457
0.984048
0.983673
0.983858
0.985089
0.991685
1.00576
1.01592
1.02144
1.02612
1.02902
1.03051
1.03013
1.02219
1.00858
0.998844
0.995724
0.995884
0.997279
1.00288
1.02105
1.03677
1.04216
1.04341
1.04356
1.04272
1.04139
1.03509
1.0234
1.01425
1.01013
1.0095
1.01008
1.01868
1.03332
1.04056
1.0432
1.04612
1.0488
1.04959
1.03948
1.02296
1.23808
1.72465
0.914839
0.931003
0.938288
0.941102
0.942149
0.942758
0.940525
0.933007
0.926986
0.924352
0.923469
0.922988
0.922576
0.922901
0.924008
0.929085
0.946314
0.959708
0.964352
0.966581
0.96855
0.969541
0.964677
0.952685
0.944473
0.941811
0.94159
0.942117
0.94285
0.944118
0.946338
0.955033
0.971833
0.983634
0.988559
0.990498
0.991388
0.991962
0.988451
0.977377
0.966773
0.962415
0.961835
0.962809
0.964317
0.966159
0.971791
0.987143
0.999718
1.00478
1.00674
1.00808
1.00959
1.00994
1.00498
0.996242
0.989541
0.985515
0.983238
0.982764
0.983874
0.989704
1.006
1.02034
1.02646
1.0289
1.03029
1.03123
1.03085
1.02237
1.00843
1.00069
0.999107
1
1.00164
1.00583
1.02027
1.03378
1.03911
1.0406
1.0416
1.04337
1.04459
1.04081
1.02859
1.01561
1.00852
1.00726
1.0075
1.01416
1.02859
1.03799
1.04331
1.04809
1.05086
1.04758
1.03799
1.23472
1.72576
0.906884
0.914343
0.929045
0.938521
0.94265
0.946326
0.948333
0.947723
0.940277
0.931516
0.926482
0.923791
0.922305
0.92254
0.923561
0.925136
0.930762
0.948378
0.962591
0.967736
0.96959
0.970486
0.970678
0.967195
0.95709
0.949152
0.94583
0.944921
0.94536
0.946491
0.946742
0.9477
0.953012
0.969535
0.983133
0.988253
0.990568
0.992418
0.993691
0.991621
0.981702
0.971336
0.966439
0.965302
0.965705
0.966457
0.967574
0.970816
0.983525
0.997727
1.00535
1.00923
1.0118
1.01369
1.01446
1.01044
1.00048
0.990645
0.984819
0.983379
0.98419
0.985743
0.991217
1.00726
1.02119
1.02685
1.02906
1.03045
1.03136
1.03075
1.02384
1.0129
1.00596
1.00319
1.00239
1.00258
1.00432
1.01493
1.02929
1.03737
1.04165
1.04508
1.04765
1.04859
1.04494
1.03054
1.01402
1.00604
1.00472
1.00488
1.01091
1.02715
1.03902
1.04543
1.04939
1.04938
1.04873
1.23862
1.72847
0.903955
0.906773
0.913255
0.93115
0.944202
0.950027
0.953454
0.955233
0.95424
0.944386
0.93105
0.924166
0.922967
0.92358
0.924804
0.926904
0.92971
0.934384
0.948157
0.961456
0.96682
0.968669
0.96994
0.971624
0.972054
0.965945
0.957093
0.95192
0.94965
0.947534
0.945906
0.946131
0.947363
0.952278
0.969304
0.985576
0.991895
0.993788
0.994753
0.99536
0.99427
0.986723
0.976503
0.970629
0.968403
0.967729
0.967858
0.968895
0.971002
0.980902
0.997171
1.00763
1.01191
1.01381
1.01531
1.01665
1.01458
1.00411
0.992338
0.986837
0.985903
0.986427
0.987527
0.991824
1.0073
1.02176
1.02772
1.02962
1.03015
1.03134
1.0329
1.02981
1.0195
1.00978
1.0037
1.00058
0.999831
1.0012
1.01076
1.02787
1.03955
1.04494
1.04749
1.04866
1.04865
1.04389
1.02787
1.01163
1.00498
1.00401
1.00451
1.01138
1.02679
1.03794
1.04475
1.04633
1.05521
1.24891
1.73195
0.903671
0.906269
0.907754
0.916673
0.938359
0.951227
0.954924
0.956457
0.956973
0.955143
0.944286
0.931422
0.926891
0.927031
0.928832
0.930995
0.931951
0.931736
0.933228
0.942995
0.958008
0.967005
0.971837
0.976105
0.978643
0.979362
0.974069
0.962203
0.951729
0.946805
0.946111
0.946842
0.948105
0.950407
0.955646
0.970631
0.98565
0.991794
0.993949
0.994714
0.995056
0.995785
0.992603
0.983942
0.976318
0.972026
0.969885
0.968901
0.969168
0.970759
0.979232
0.996889
1.00868
1.01325
1.01576
1.01752
1.01827
1.01597
1.00599
0.994577
0.988796
0.987656
0.988562
0.990498
0.993587
1.00485
1.01834
1.02537
1.0291
1.03294
1.03561
1.03686
1.03402
1.02286
1.01001
1.00193
0.999438
0.999503
1.00091
1.01019
1.02936
1.04167
1.04573
1.04697
1.04654
1.04543
1.04127
1.0279
1.01366
1.00761
1.00584
1.00488
1.00941
1.023
1.0351
1.04012
1.05726
1.26232
1.7356
0.905014
0.908872
0.911794
0.915374
0.923859
0.941181
0.950894
0.95366
0.954407
0.95439
0.953767
0.947933
0.938599
0.933861
0.932919
0.932819
0.930959
0.929385
0.929731
0.931342
0.93964
0.958283
0.972362
0.977696
0.979767
0.981115
0.981679
0.977132
0.963328
0.952296
0.9491
0.949533
0.951583
0.954443
0.956159
0.957764
0.966261
0.980686
0.989209
0.992835
0.996248
0.999357
1.00092
0.999453
0.990587
0.979143
0.971436
0.968576
0.968773
0.969992
0.971811
0.980286
0.999563
1.01203
1.01585
1.01679
1.01632
1.01688
1.01704
1.01067
0.999906
0.993717
0.991703
0.990598
0.989967
0.991483
1.00048
1.01648
1.02787
1.03291
1.0352
1.03685
1.03835
1.03712
1.02586
1.01084
1.00265
1.00065
1.00099
1.00222
1.01108
1.02898
1.03989
1.04355
1.04482
1.04529
1.04505
1.04126
1.02964
1.01645
1.00869
1.00422
1.00181
1.00489
1.01972
1.03105
1.05695
1.27639
1.7393
0.910312
0.914115
0.915916
0.917186
0.918397
0.923047
0.937259
0.948372
0.953248
0.956009
0.95861
0.95971
0.955915
0.945703
0.937192
0.932772
0.930957
0.93011
0.930521
0.931707
0.933759
0.941587
0.960881
0.974293
0.978536
0.979841
0.979259
0.977581
0.975419
0.968004
0.959792
0.956263
0.955972
0.956477
0.955228
0.954002
0.95506
0.961459
0.977726
0.991757
0.998322
1.00122
1.00298
1.00437
1.00317
0.993031
0.979362
0.972045
0.97056
0.971492
0.973916
0.976775
0.983012
0.998345
1.00956
1.01348
1.01546
1.01804
1.0199
1.02073
1.0164
1.00577
0.996511
0.99139
0.98974
0.989884
0.991058
0.997718
1.01463
1.02797
1.03382
1.0371
1.03914
1.0399
1.03788
1.02619
1.01144
1.0039
1.00208
1.00257
1.00344
1.00995
1.02671
1.03888
1.04361
1.04451
1.04409
1.04371
1.04227
1.03375
1.02011
1.00872
1.00083
0.997014
1.00106
1.01696
1.05134
1.28913
1.7419
0.916106
0.916636
0.917529
0.917678
0.917475
0.918196
0.921088
0.933289
0.948165
0.956765
0.960369
0.961998
0.962843
0.960863
0.951156
0.939785
0.933806
0.932373
0.933114
0.934727
0.936769
0.938693
0.943593
0.958534
0.971447
0.976241
0.97757
0.978834
0.98084
0.981504
0.976962
0.968131
0.961211
0.956919
0.954661
0.953643
0.954041
0.955307
0.9604
0.978572
0.995183
1.00124
1.00328
1.00384
1.00317
1.00207
0.995513
0.984176
0.977466
0.976014
0.976368
0.976428
0.977155
0.98094
0.994695
1.00869
1.0156
1.01847
1.02055
1.0232
1.02474
1.02214
1.01042
0.997976
0.991573
0.989375
0.989113
0.990256
0.996627
1.01611
1.03163
1.03696
1.03852
1.03887
1.03846
1.03661
1.02777
1.01539
1.00737
1.00387
1.003
1.00329
1.00784
1.02277
1.03557
1.04126
1.04368
1.04462
1.04468
1.04391
1.03695
1.02212
1.00655
0.995802
0.992472
0.997128
1.0394
1.29803
1.74318
0.926302
0.919801
0.919022
0.91936
0.919001
0.917905
0.918033
0.91962
0.929515
0.947296
0.95744
0.961239
0.963507
0.965082
0.965065
0.956879
0.944217
0.937792
0.936524
0.937243
0.938303
0.939096
0.94037
0.943028
0.953471
0.967766
0.976429
0.980637
0.983361
0.985599
0.986832
0.984804
0.975496
0.964091
0.956976
0.95462
0.95492
0.956213
0.958504
0.963876
0.97973
0.994734
1.00041
1.00199
1.0031
1.00443
1.00493
1.00066
0.990486
0.982254
0.978206
0.976895
0.976868
0.977472
0.979651
0.990825
1.00665
1.01594
1.02128
1.02497
1.02669
1.02743
1.02384
1.01031
0.99664
0.990732
0.990065
0.991543
0.994462
0.999945
1.01547
1.02926
1.03456
1.03629
1.03733
1.03821
1.03833
1.03249
1.02006
1.00963
1.00418
1.00163
1.00059
1.00353
1.01947
1.03669
1.04417
1.04511
1.04475
1.04447
1.04365
1.03662
1.0212
1.00289
0.990729
0.985598
1.02156
1.29884
1.74217
0.943051
0.929919
0.924081
0.921892
0.919792
0.917472
0.916585
0.916935
0.91853
0.928071
0.948575
0.961089
0.965043
0.966863
0.968441
0.968244
0.961585
0.949585
0.942077
0.939547
0.939632
0.940776
0.941403
0.940669
0.941626
0.948472
0.964432
0.977318
0.983554
0.987256
0.989605
0.991013
0.989791
0.979677
0.965584
0.958484
0.957318
0.958282
0.959652
0.961225
0.96471
0.977204
0.992563
1.00054
1.00348
1.00467
1.00594
1.0076
1.00666
0.997847
0.986967
0.980554
0.977507
0.976024
0.976449
0.978477
0.989677
1.00976
1.02125
1.02471
1.02581
1.02525
1.02499
1.023
1.01288
1.00127
0.996231
0.995212
0.994993
0.995286
0.99796
1.01114
1.02612
1.0338
1.0373
1.03929
1.04055
1.04091
1.03655
1.02338
1.00971
1.00183
0.999091
0.998758
1.00214
1.0197
1.03832
1.04432
1.04436
1.04333
1.04247
1.04135
1.03529
1.01919
0.999624
0.985871
1.00236
1.29035
1.73837
0.954309
0.948133
0.93381
0.923307
0.917508
0.915219
0.915185
0.916324
0.918439
0.921733
0.931795
0.952208
0.964107
0.967736
0.968846
0.968686
0.968587
0.966013
0.957311
0.948859
0.944971
0.943527
0.941196
0.939018
0.939178
0.940475
0.946102
0.964487
0.981787
0.98865
0.990804
0.991978
0.992362
0.990594
0.981726
0.969092
0.962412
0.960674
0.961133
0.962559
0.96383
0.965157
0.97276
0.988393
0.998852
1.0037
1.00792
1.01073
1.01208
1.01125
1.0019
0.98781
0.979191
0.976919
0.977458
0.979417
0.982403
0.991566
1.00883
1.01909
1.02239
1.02383
1.02538
1.02656
1.02599
1.0187
1.00724
0.999274
0.99562
0.994624
0.994779
0.995935
1.00577
1.02302
1.03451
1.03929
1.04095
1.04196
1.04253
1.03909
1.02446
1.00855
1.00071
0.998384
0.998156
1.00199
1.02101
1.03813
1.04186
1.04102
1.04023
1.04105
1.04081
1.03437
1.0167
0.994673
0.992222
1.2755
1.73394
0.956267
0.956302
0.949361
0.931818
0.919344
0.916299
0.916656
0.918461
0.922443
0.926976
0.930372
0.935595
0.949674
0.961291
0.965837
0.968206
0.971392
0.97329
0.972796
0.96544
0.953762
0.944402
0.939891
0.938849
0.939477
0.940675
0.943274
0.950118
0.968191
0.983754
0.989101
0.99047
0.989805
0.989098
0.989317
0.986213
0.977112
0.969769
0.966565
0.965047
0.962951
0.96205
0.963131
0.969427
0.987213
1.00272
1.00896
1.01117
1.01229
1.01284
1.01246
1.00498
0.991176
0.983103
0.981212
0.981385
0.981945
0.983207
0.989632
1.00599
1.01866
1.02382
1.02558
1.02681
1.02911
1.03021
1.02521
1.0124
1.00145
0.995609
0.992469
0.991774
0.993231
1.00411
1.02482
1.03751
1.04141
1.04231
1.04268
1.0418
1.03674
1.02225
1.00781
1.00061
0.998731
0.999398
1.00352
1.02022
1.03464
1.03794
1.03782
1.03805
1.04069
1.04131
1.0347
1.01057
0.994926
1.25882
1.73092
0.952987
0.951134
0.946928
0.941464
0.931632
0.925056
0.924178
0.926094
0.929066
0.931067
0.931539
0.931002
0.933023
0.943965
0.959734
0.969081
0.972729
0.974441
0.975566
0.975728
0.969858
0.95549
0.944761
0.94168
0.942186
0.944852
0.949096
0.951751
0.954291
0.963931
0.977156
0.984236
0.98713
0.989812
0.993283
0.995197
0.994109
0.985675
0.974423
0.966283
0.962856
0.962476
0.96335
0.964802
0.970131
0.987703
1.00365
1.00961
1.0116
1.0129
1.01396
1.01364
1.00766
0.995443
0.986624
0.983107
0.982759
0.983766
0.98498
0.988109
1.00117
1.01548
1.02294
1.02772
1.03133
1.03284
1.03329
1.02786
1.01259
0.999002
0.993242
0.992439
0.993584
0.996321
1.00695
1.02726
1.03835
1.04044
1.03967
1.03838
1.03848
1.03655
1.02619
1.01283
1.00419
1.00069
1.00029
1.00205
1.01581
1.02913
1.03336
1.03535
1.03954
1.04287
1.04325
1.02685
1.00981
1.24592
1.72988
0.943725
0.946538
0.94726
0.948594
0.948292
0.944205
0.938056
0.934716
0.93348
0.932406
0.930264
0.928927
0.929314
0.930918
0.939937
0.957947
0.968814
0.972275
0.973473
0.973653
0.973346
0.970876
0.961805
0.953376
0.95035
0.950561
0.951722
0.951947
0.95009
0.950267
0.956158
0.970967
0.984383
0.991975
0.996143
0.99881
1.00028
0.999681
0.990515
0.975733
0.966648
0.964274
0.964645
0.965869
0.967391
0.971994
0.987998
1.0042
1.01082
1.01263
1.0124
1.01295
1.01427
1.01267
1.0029
0.992673
0.987564
0.985136
0.983113
0.982969
0.985195
0.997914
1.01718
1.02766
1.03093
1.03217
1.03261
1.03277
1.02876
1.0149
1.00238
0.997462
0.996614
0.997087
0.997876
1.00649
1.0241
1.03345
1.03573
1.03721
1.03943
1.04097
1.04008
1.03069
1.01453
1.0024
0.997726
0.997587
0.998828
1.0112
1.02648
1.03352
1.03776
1.04196
1.04453
1.03734
1.02543
1.24067
1.73082
0.925098
0.941461
0.948491
0.95412
0.958943
0.961041
0.958065
0.948974
0.939805
0.93342
0.930189
0.92914
0.928986
0.929186
0.930196
0.936498
0.953971
0.967032
0.9717
0.973538
0.976075
0.97801
0.977865
0.971782
0.962382
0.955809
0.952062
0.949625
0.947153
0.946287
0.947323
0.952222
0.9695
0.98809
0.996489
0.999287
1.00066
1.00105
0.999709
0.991572
0.978302
0.970021
0.967669
0.968194
0.970267
0.971855
0.973604
0.983721
0.999053
1.00692
1.01036
1.01423
1.01729
1.01881
1.01801
1.00907
0.99572
0.986425
0.983053
0.982888
0.983743
0.985817
0.997655
1.01702
1.02713
1.0304
1.03225
1.03369
1.03374
1.02982
1.01787
1.00566
0.99916
0.996626
0.996422
0.997196
1.00409
1.02143
1.03352
1.03786
1.03968
1.04164
1.04299
1.04204
1.03228
1.01398
1.00017
0.995793
0.995966
0.997511
1.00947
1.02521
1.03341
1.03863
1.04239
1.04106
1.03766
1.24329
1.73334
0.906964
0.92462
0.944492
0.958169
0.965827
0.969387
0.970607
0.967334
0.954788
0.940524
0.932374
0.92892
0.927246
0.927291
0.928253
0.930185
0.935447
0.951061
0.967083
0.97491
0.978065
0.980427
0.982631
0.983553
0.979709
0.969091
0.958372
0.951113
0.947671
0.947
0.947865
0.9495
0.954037
0.970122
0.988455
0.996038
0.998166
0.998966
0.999379
0.999952
0.996748
0.986325
0.97727
0.973751
0.972596
0.970644
0.969698
0.97092
0.978592
0.996128
1.00962
1.01542
1.01799
1.01962
1.02097
1.02097
1.0126
0.996767
0.986905
0.984164
0.984184
0.985081
0.987249
0.998736
1.01829
1.02902
1.03211
1.03253
1.03238
1.03255
1.03139
1.02307
1.0107
1.00165
0.997604
0.996712
0.997503
1.00207
1.01781
1.03186
1.03786
1.04082
1.04242
1.04293
1.04204
1.03232
1.0126
0.999296
0.996071
0.995935
0.996946
1.00849
1.02301
1.03188
1.03726
1.03798
1.04705
1.25223
1.73646
0.902853
0.909753
0.929981
0.95706
0.967825
0.970902
0.972335
0.972143
0.96837
0.954563
0.9383
0.930033
0.928066
0.928418
0.929712
0.931553
0.93383
0.937406
0.948903
0.965783
0.976013
0.980868
0.983405
0.984913
0.986014
0.984297
0.974329
0.960545
0.952201
0.949771
0.950038
0.951285
0.952787
0.955514
0.967764
0.985661
0.995001
0.99849
1.00102
1.00345
1.00461
1.003
0.993427
0.981358
0.973713
0.970588
0.9698
0.970298
0.971482
0.976954
0.995087
1.01113
1.01763
1.02021
1.02166
1.02216
1.02014
1.01145
0.997318
0.989002
0.98686
0.987903
0.990999
0.992634
0.997925
1.01292
1.02385
1.02772
1.02974
1.0323
1.03507
1.03587
1.02941
1.01464
1.00291
0.997577
0.995327
0.995026
0.998741
1.01584
1.03241
1.03888
1.04131
1.04266
1.04267
1.04076
1.03011
1.01163
1.00026
0.997204
0.996338
0.996322
1.00543
1.019
1.02959
1.03355
1.05155
1.26443
1.73972
0.905638
0.916149
0.9259
0.942432
0.960602
0.967907
0.969705
0.968968
0.96635
0.96294
0.953552
0.940594
0.934154
0.93302
0.934006
0.935637
0.93725
0.938567
0.939954
0.946341
0.963298
0.977442
0.983158
0.985207
0.986549
0.987785
0.987153
0.977662
0.963034
0.954943
0.95242
0.952345
0.953311
0.954737
0.95699
0.96582
0.983097
0.995458
1.00099
1.00336
1.00485
1.00615
1.00638
0.999266
0.984985
0.974766
0.970971
0.97049
0.971456
0.973072
0.979009
0.997608
1.01333
1.01878
1.0199
1.01797
1.01755
1.01834
1.01552
1.00573
0.997877
0.994734
0.992757
0.989568
0.988717
0.992184
1.00629
1.02096
1.02915
1.0345
1.03782
1.03912
1.03889
1.0313
1.0135
0.999079
0.994289
0.993948
0.994714
0.99922
1.01739
1.03382
1.03994
1.04156
1.04156
1.04041
1.03762
1.0289
1.01347
1.00297
0.998245
0.994692
0.993019
1.00055
1.01653
1.02597
1.05377
1.27771
1.74321
0.915473
0.923814
0.927102
0.930168
0.939585
0.953627
0.961126
0.963218
0.96301
0.961948
0.960904
0.957664
0.949867
0.94313
0.939966
0.938971
0.938618
0.938308
0.938963
0.940501
0.945685
0.961963
0.977945
0.984554
0.986613
0.986693
0.985506
0.984786
0.980273
0.969812
0.961746
0.957955
0.956929
0.957415
0.958264
0.958951
0.963182
0.978833
0.994075
1.00098
1.00423
1.00651
1.00806
1.00822
1.00117
0.98602
0.976029
0.973252
0.973936
0.976481
0.979075
0.982189
0.994107
1.00768
1.0134
1.01532
1.01817
1.02167
1.02368
1.02253
1.01332
1.00126
0.992242
0.987475
0.985444
0.985276
0.988008
1.00353
1.02419
1.03426
1.03722
1.03857
1.03892
1.03729
1.02839
1.01121
0.999798
0.996586
0.996646
0.997834
1.00147
1.01631
1.03054
1.03659
1.03846
1.03889
1.03849
1.03687
1.03077
1.0175
1.00555
0.9971
0.99067
0.98774
0.997753
1.01402
1.05126
1.29004
1.74599
0.923942
0.928089
0.929412
0.929603
0.928605
0.929615
0.938084
0.949371
0.956431
0.960325
0.964417
0.967551
0.967647
0.961889
0.952453
0.944939
0.94083
0.940127
0.941511
0.943366
0.944252
0.945782
0.955124
0.970685
0.979337
0.982346
0.98417
0.986468
0.988616
0.988104
0.980012
0.969574
0.963092
0.960089
0.958052
0.957059
0.957895
0.961262
0.976612
0.995469
1.00413
1.00662
1.00721
1.00657
1.00649
1.00307
0.991863
0.982787
0.979658
0.979344
0.978805
0.97773
0.979064
0.987556
1.00329
1.0142
1.01944
1.02331
1.02685
1.02863
1.02798
1.01787
1.00089
0.989134
0.984821
0.984643
0.985629
0.989669
1.00764
1.02702
1.03425
1.03606
1.03601
1.0348
1.03343
1.02815
1.01561
1.00504
1.00048
0.999029
0.998426
0.999117
1.01051
1.02617
1.03481
1.03814
1.03898
1.03894
1.03776
1.0332
1.02061
1.00579
0.993053
0.985139
0.983556
0.995517
1.04259
1.2995
1.7476
0.934093
0.932192
0.93068
0.927009
0.921049
0.917566
0.918636
0.926961
0.943495
0.958066
0.966439
0.971189
0.974226
0.975529
0.972518
0.962133
0.951441
0.946597
0.945492
0.944194
0.94174
0.939894
0.940707
0.947692
0.964933
0.978941
0.985933
0.990096
0.993599
0.995208
0.994707
0.987239
0.973776
0.962837
0.95811
0.957577
0.95828
0.959677
0.962979
0.976109
0.993607
1.00189
1.00437
1.00585
1.00795
1.00932
1.00813
0.999855
0.989702
0.983203
0.979655
0.977623
0.976241
0.976637
0.982376
0.999491
1.0153
1.02395
1.02818
1.02988
1.0307
1.02874
1.01595
0.997894
0.988815
0.987067
0.98842
0.99084
0.994477
1.00828
1.02413
1.03111
1.0331
1.03397
1.03539
1.03631
1.03325
1.02106
1.00799
1.00019
0.996051
0.994106
0.994424
1.00607
1.02514
1.03662
1.04004
1.03996
1.03854
1.03709
1.03256
1.02014
1.0039
0.988098
0.980448
0.979401
1.02796
1.30265
1.74725
0.950599
0.937666
0.929603
0.921713
0.914595
0.911772
0.91189
0.913433
0.921508
0.943077
0.963144
0.972718
0.977247
0.979842
0.981241
0.979659
0.970216
0.956686
0.94675
0.941186
0.938235
0.937336
0.937979
0.939518
0.945206
0.963506
0.982145
0.990919
0.994034
0.995585
0.996481
0.996433
0.990713
0.976303
0.964936
0.961075
0.960781
0.961591
0.962714
0.964324
0.972368
0.989152
1.00106
1.00601
1.00815
1.01038
1.01325
1.01409
1.00832
0.995825
0.985163
0.978465
0.974522
0.974083
0.975216
0.981101
1.00314
1.0222
1.02819
1.02964
1.02885
1.02649
1.02332
1.01454
1.00217
0.995259
0.99319
0.992955
0.993313
0.994239
1.00326
1.01908
1.02928
1.03452
1.03748
1.03906
1.03942
1.03655
1.0236
1.00736
0.997428
0.993706
0.992696
0.993424
1.00637
1.02856
1.03898
1.03975
1.03769
1.03535
1.03398
1.03026
1.01979
1.00252
0.985783
0.975056
1.00733
1.29782
1.74418
0.969866
0.951239
0.93188
0.919058
0.91202
0.91051
0.911128
0.913189
0.917178
0.926386
0.949921
0.970761
0.978548
0.980992
0.982314
0.982595
0.981339
0.97405
0.957542
0.944162
0.939086
0.938247
0.939087
0.94128
0.944613
0.949332
0.963946
0.982635
0.99146
0.994263
0.995426
0.995866
0.995834
0.992677
0.981073
0.969522
0.964397
0.963084
0.96295
0.963269
0.964197
0.968951
0.984192
0.998931
1.00685
1.01251
1.01616
1.0176
1.01784
1.01146
0.994177
0.98009
0.975342
0.975024
0.976723
0.981018
0.988762
1.0059
1.01966
1.02414
1.02492
1.02528
1.02578
1.02554
1.02111
1.01129
1.00228
0.996409
0.992698
0.990945
0.991128
0.997975
1.0162
1.03088
1.03711
1.03894
1.03937
1.03953
1.03701
1.02353
1.00654
0.997428
0.994174
0.993482
0.994647
1.00876
1.02865
1.03553
1.03493
1.03249
1.03189
1.03263
1.03113
1.02067
1.00046
0.980638
0.990509
1.28687
1.73991
0.974047
0.963034
0.941083
0.922363
0.914278
0.912828
0.91399
0.91794
0.923843
0.92975
0.936857
0.954475
0.971788
0.978678
0.980838
0.980741
0.97746
0.972977
0.967962
0.958163
0.948705
0.944899
0.94472
0.945904
0.947244
0.948425
0.950661
0.96171
0.980644
0.991254
0.994688
0.996013
0.997176
0.998176
0.996255
0.985669
0.973398
0.966633
0.963829
0.962807
0.962805
0.963832
0.967594
0.983285
1.00323
1.0129
1.01589
1.01683
1.0162
1.01426
1.00769
0.993431
0.983714
0.98122
0.981947
0.983398
0.984443
0.987179
0.99886
1.01303
1.02062
1.02401
1.0266
1.03002
1.03178
1.02888
1.01753
1.00362
0.993769
0.989146
0.987929
0.988342
0.995307
1.01657
1.03303
1.03834
1.03939
1.03965
1.03888
1.03473
1.02201
1.00721
0.998284
0.994594
0.994008
0.994825
1.00748
1.02595
1.03195
1.03134
1.03079
1.0326
1.0348
1.03321
1.01922
0.991969
0.984815
1.27239
1.73661
0.964626
0.954164
0.946291
0.936309
0.926919
0.923201
0.923746
0.926508
0.930375
0.934392
0.938133
0.942277
0.952777
0.965681
0.972173
0.973518
0.973103
0.973247
0.973457
0.972516
0.967149
0.958587
0.952482
0.949588
0.948604
0.948969
0.950126
0.952274
0.960675
0.978591
0.990655
0.995175
0.996613
0.996068
0.996342
0.996666
0.991022
0.978964
0.96968
0.965451
0.965002
0.966648
0.968819
0.971378
0.983196
1.001
1.00953
1.0121
1.01305
1.0137
1.01394
1.01091
1.00103
0.991771
0.986988
0.984507
0.982449
0.980898
0.981856
0.990844
1.00765
1.02066
1.02899
1.03387
1.03568
1.03597
1.03194
1.01683
0.998952
0.989742
0.987678
0.987888
0.989357
0.998403
1.02104
1.03533
1.03855
1.03847
1.03682
1.03529
1.03316
1.02418
1.01039
0.99987
0.994514
0.993487
0.994622
1.00549
1.02208
1.02871
1.02958
1.03051
1.03398
1.03621
1.03283
1.00661
0.992979
1.25841
1.73497
0.953484
0.952527
0.952456
0.951223
0.946213
0.939768
0.936154
0.935513
0.936635
0.93885
0.940944
0.942238
0.94202
0.942884
0.949937
0.960714
0.968393
0.972609
0.975823
0.978987
0.980768
0.977938
0.967863
0.958147
0.953264
0.95218
0.952989
0.954187
0.954708
0.95734
0.970513
0.98464
0.990989
0.994127
0.997279
0.999705
1.00124
0.998298
0.986305
0.975199
0.970831
0.969831
0.969186
0.969241
0.970513
0.979153
0.996168
1.00728
1.01179
1.01416
1.017
1.01895
1.01777
1.00884
0.996919
0.987703
0.981284
0.978265
0.978046
0.97924
0.988019
1.01084
1.02802
1.03362
1.03518
1.03548
1.0336
1.02748
1.01284
0.998776
0.992987
0.992347
0.994152
0.996697
1.00249
1.01859
1.02996
1.03269
1.03271
1.03303
1.03497
1.03588
1.03034
1.01512
1.00108
0.994087
0.991806
0.991883
1.00129
1.01858
1.02591
1.0281
1.0315
1.03569
1.0369
1.02009
1.00689
1.2489
1.73483
0.936489
0.949561
0.953999
0.956955
0.959553
0.959999
0.956522
0.951073
0.947031
0.94515
0.943993
0.941059
0.934137
0.929612
0.930463
0.938644
0.954979
0.968851
0.977526
0.983962
0.987524
0.988919
0.986649
0.976421
0.96517
0.959117
0.956616
0.953564
0.949978
0.949132
0.95141
0.963976
0.98311
0.994838
0.999722
1.00272
1.00488
1.00601
1.00335
0.991668
0.978363
0.971174
0.968997
0.968759
0.96889
0.969603
0.974801
0.991296
1.00635
1.01434
1.01843
1.02085
1.02218
1.0217
1.01291
0.997322
0.985149
0.979953
0.97933
0.980851
0.98425
0.993248
1.014
1.02717
1.03041
1.02998
1.02805
1.02785
1.02652
1.01861
1.00788
1.00145
0.998516
0.995909
0.994054
0.99656
1.01063
1.0241
1.03002
1.03411
1.03798
1.04029
1.04026
1.03327
1.01396
0.995723
0.989069
0.989158
0.990368
1.00032
1.01807
1.02588
1.02918
1.03315
1.03574
1.02867
1.02049
1.24597
1.73579
0.912867
0.935165
0.950314
0.959762
0.968202
0.97441
0.976312
0.972687
0.963327
0.953886
0.945148
0.934347
0.925633
0.922779
0.923132
0.92516
0.933983
0.956286
0.976689
0.985662
0.989269
0.991664
0.99349
0.993196
0.984975
0.970325
0.957728
0.950156
0.947236
0.947103
0.948005
0.950521
0.962653
0.984976
0.998461
1.00314
1.00494
1.00592
1.00654
1.00554
0.9967
0.982992
0.974352
0.970699
0.968981
0.968587
0.96933
0.973096
0.988547
1.00737
1.01716
1.02051
1.02177
1.02245
1.02258
1.0158
1.00058
0.989472
0.985544
0.985227
0.985834
0.986328
0.991477
1.00831
1.02088
1.02498
1.02661
1.02974
1.03249
1.03299
1.02632
1.01295
1.00077
0.992663
0.988903
0.987952
0.990647
1.00707
1.02691
1.03619
1.03944
1.04109
1.04132
1.03994
1.02965
1.00754
0.992256
0.988996
0.989727
0.992393
1.0031
1.01716
1.02404
1.02816
1.03121
1.02849
1.03315
1.25073
1.7378
0.900041
0.910136
0.932951
0.957206
0.973202
0.98241
0.986381
0.987676
0.983553
0.968289
0.947196
0.931488
0.924105
0.922482
0.923022
0.925053
0.92934
0.93858
0.961216
0.980945
0.989812
0.993746
0.995863
0.997054
0.995923
0.986937
0.966909
0.952725
0.948214
0.947898
0.949352
0.952513
0.956127
0.96458
0.983426
0.997444
1.00273
1.00483
1.00649
1.00762
1.00739
1.00056
0.986433
0.975128
0.969783
0.968686
0.96938
0.970483
0.973171
0.986955
1.00711
1.01731
1.02059
1.02283
1.02429
1.02454
1.01904
1.00507
0.993382
0.987661
0.984703
0.982883
0.982671
0.986593
1.00256
1.01934
1.02824
1.03258
1.0358
1.03741
1.03719
1.02931
1.01127
0.995133
0.988128
0.987035
0.987572
0.991959
1.01273
1.03241
1.03835
1.03963
1.03919
1.03678
1.03283
1.02377
1.00728
0.996251
0.993985
0.994339
0.994051
1.00036
1.01066
1.01872
1.02439
1.02539
1.04214
1.26184
1.74097
0.899774
0.905163
0.913818
0.94039
0.972179
0.98453
0.987971
0.989291
0.987539
0.977943
0.957082
0.936594
0.927536
0.925604
0.926755
0.930589
0.935066
0.93909
0.94436
0.963303
0.985024
0.993793
0.99597
0.995632
0.991551
0.985918
0.978945
0.966657
0.957182
0.953966
0.954043
0.955122
0.956282
0.957661
0.962912
0.980848
0.998051
1.00517
1.00712
1.00774
1.00792
1.0074
1.00259
0.989028
0.97672
0.971289
0.970221
0.970963
0.972239
0.974396
0.986391
1.00758
1.01953
1.02308
1.02425
1.02483
1.02505
1.02133
1.0089
0.995662
0.98705
0.982921
0.982059
0.982603
0.985344
1.00087
1.02195
1.03264
1.03599
1.03719
1.03761
1.03576
1.02584
1.00683
0.993762
0.990158
0.990648
0.993899
1.0003
1.01596
1.0292
1.03314
1.03337
1.03322
1.03309
1.03186
1.02658
1.0126
1.00051
0.995462
0.992689
0.989571
0.992233
1.00394
1.01735
1.0242
1.04893
1.27373
1.74461
0.902823
0.908843
0.9174
0.931004
0.9555
0.976905
0.984191
0.984843
0.978361
0.967927
0.959961
0.951387
0.94194
0.936778
0.935685
0.936664
0.938635
0.941549
0.945835
0.951727
0.965501
0.981243
0.987178
0.987058
0.98577
0.985769
0.985813
0.983316
0.974309
0.96401
0.958057
0.956169
0.956677
0.95843
0.961417
0.965767
0.978913
0.994885
1.00216
1.00416
1.00456
1.00446
1.00515
1.00392
0.99437
0.98226
0.975862
0.974303
0.974905
0.976334
0.977575
0.984858
1.00392
1.01685
1.02125
1.02286
1.02386
1.02457
1.02317
1.01279
0.997426
0.987397
0.983752
0.983451
0.984536
0.987987
1.00391
1.02476
1.0329
1.0342
1.03338
1.03199
1.0307
1.02377
1.00974
0.999643
0.996143
0.995818
0.995863
0.997586
1.00971
1.0225
1.02826
1.03133
1.03446
1.03578
1.03478
1.02892
1.01479
1.00078
0.992581
0.986993
0.982611
0.987259
1.00644
1.01983
1.05284
1.28376
1.74789
0.909464
0.917513
0.929294
0.938387
0.944124
0.953191
0.963635
0.9676
0.966564
0.965472
0.964933
0.964281
0.960556
0.952868
0.946485
0.944081
0.944728
0.947859
0.951361
0.952764
0.952391
0.954282
0.964016
0.974987
0.98177
0.985751
0.988679
0.990729
0.990282
0.982758
0.971571
0.964879
0.963023
0.96379
0.964871
0.964723
0.964239
0.970078
0.985718
0.996848
1.0013
1.00417
1.00705
1.00918
1.00946
1.0018
0.988699
0.980806
0.977952
0.976328
0.975245
0.975798
0.981334
0.99975
1.01538
1.02126
1.02324
1.02487
1.02583
1.02481
1.01502
0.99947
0.989965
0.986994
0.986999
0.987943
0.989904
1.00279
1.02069
1.02819
1.02992
1.03091
1.03215
1.03259
1.02836
1.01566
1.00328
0.996042
0.993169
0.992029
0.992594
1.00275
1.01866
1.02977
1.03575
1.03733
1.03667
1.0344
1.02867
1.01424
0.999152
0.989661
0.982825
0.979722
0.990149
1.00806
1.04839
1.29254
1.75003
0.924151
0.932306
0.93914
0.941809
0.9417
0.936526
0.933235
0.938161
0.95076
0.961432
0.965943
0.96797
0.969534
0.970032
0.967668
0.962919
0.959227
0.957489
0.955866
0.950537
0.942263
0.938667
0.940982
0.953081
0.971638
0.984121
0.989856
0.992918
0.99538
0.996736
0.993465
0.983659
0.974626
0.96938
0.965306
0.959798
0.957092
0.957569
0.963013
0.980922
0.997935
1.00591
1.00947
1.01219
1.01406
1.01442
1.00765
0.993246
0.981771
0.976417
0.975017
0.975149
0.975932
0.979617
0.996515
1.01465
1.0223
1.02442
1.02535
1.02599
1.02574
1.01824
1.00346
0.993207
0.989001
0.987627
0.987258
0.988158
0.998488
1.01693
1.02749
1.03167
1.03402
1.03593
1.03644
1.0323
1.01806
1.00222
0.993202
0.990019
0.988836
0.989204
1.00116
1.02222
1.03422
1.03695
1.03669
1.0346
1.03113
1.02486
1.01262
1.00013
0.989295
0.980927
0.979773
0.989736
1.0356
1.29778
1.75031
0.947191
0.946666
0.946679
0.943867
0.93486
0.92221
0.916289
0.917093
0.9255
0.944675
0.959895
0.967396
0.974794
0.982636
0.986594
0.985387
0.977894
0.967498
0.955775
0.943192
0.934545
0.932059
0.932595
0.935321
0.94847
0.97182
0.987307
0.994164
0.999179
1.0035
1.00567
1.00381
0.992754
0.976687
0.963939
0.957712
0.956005
0.956353
0.957659
0.962579
0.980824
1.0003
1.0091
1.01248
1.01435
1.01585
1.01681
1.01222
0.997372
0.983736
0.977689
0.975913
0.975758
0.976219
0.97868
0.993686
1.01261
1.02092
1.02375
1.0258
1.02768
1.0284
1.02233
1.00739
0.994954
0.988464
0.986162
0.985996
0.986772
0.99581
1.0156
1.029
1.03461
1.03666
1.03708
1.03689
1.03211
1.01615
0.99939
0.99148
0.989191
0.989102
0.991029
1.00501
1.02517
1.03383
1.03468
1.03217
1.0285
1.02649
1.0235
1.01595
1.00339
0.988109
0.977744
0.972579
1.01838
1.30031
1.74886
0.971568
0.964325
0.955407
0.942882
0.925406
0.912246
0.908253
0.908307
0.910225
0.918414
0.939456
0.962564
0.979959
0.992318
0.998009
0.999923
0.99777
0.984427
0.961218
0.942572
0.933969
0.932079
0.932529
0.934326
0.937897
0.94931
0.972909
0.992427
1.00246
1.00707
1.00922
1.0095
1.00558
0.991487
0.971391
0.960415
0.957318
0.957456
0.959226
0.962229
0.966457
0.980691
0.999946
1.01008
1.0143
1.01712
1.0184
1.01832
1.014
0.998936
0.984118
0.977047
0.974972
0.974789
0.975473
0.978162
0.992196
1.0124
1.02308
1.02728
1.02969
1.03073
1.03085
1.02525
1.00929
0.994413
0.987515
0.985959
0.986384
0.987517
0.996153
1.01709
1.03132
1.03537
1.03581
1.03473
1.0336
1.0297
1.01616
1.00185
0.995065
0.992558
0.991293
0.991819
1.00437
1.0226
1.03003
1.03031
1.02812
1.02743
1.02739
1.02662
1.0189
1.00201
0.982257
0.967392
0.99629
1.29916
1.74606
0.989678
0.987198
0.970417
0.94567
0.921722
0.910098
0.907421
0.907726
0.909495
0.91249
0.918821
0.942966
0.978006
0.995101
0.999992
1.00165
1.001
0.99331
0.97365
0.951011
0.939158
0.935592
0.935464
0.936929
0.939265
0.942416
0.952398
0.98034
1.00138
1.00732
1.00882
1.00666
1.00027
0.99368
0.985377
0.973199
0.964978
0.962285
0.962388
0.963271
0.964393
0.967079
0.980803
1.00324
1.01445
1.01729
1.01768
1.01711
1.01612
1.01327
1.00095
0.986018
0.977948
0.975758
0.976334
0.977853
0.980273
0.992969
1.0149
1.02655
1.02973
1.03068
1.03107
1.03054
1.02474
1.00896
0.994796
0.988869
0.98781
0.988277
0.988904
0.996135
1.01608
1.02911
1.03253
1.03319
1.03337
1.03339
1.03098
1.01915
1.00477
0.995843
0.991369
0.989627
0.989683
1.00116
1.02009
1.02841
1.02915
1.0287
1.02838
1.0295
1.02836
1.01748
0.995315
0.97217
0.983656
1.29115
1.74311
0.992118
0.992079
0.97932
0.95241
0.928246
0.915685
0.911525
0.911164
0.912773
0.915632
0.920491
0.931832
0.96065
0.988576
0.997671
0.999466
0.994598
0.983944
0.974768
0.965552
0.953622
0.944906
0.94126
0.940843
0.942222
0.946735
0.956024
0.968583
0.985785
0.997366
0.999904
0.997832
0.99593
0.995495
0.994719
0.989663
0.978875
0.9693
0.964939
0.964546
0.966596
0.971075
0.975192
0.983339
0.999905
1.00971
1.0124
1.01295
1.01329
1.01442
1.01444
1.00565
0.990812
0.982413
0.980441
0.980843
0.982032
0.984248
0.99474
1.0146
1.02522
1.02784
1.02836
1.0282
1.02825
1.02487
1.0114
0.997477
0.990926
0.988812
0.988425
0.988575
0.995057
1.01502
1.02933
1.03374
1.03435
1.03448
1.03466
1.03241
1.02146
1.00565
0.99449
0.989455
0.988282
0.988919
1.00084
1.02115
1.02838
1.02782
1.02671
1.02769
1.02865
1.02612
1.01075
0.982925
0.984323
1.27753
1.74056
0.986995
0.983603
0.970409
0.957641
0.943551
0.930195
0.921852
0.918755
0.918766
0.921135
0.929787
0.942011
0.952615
0.966272
0.979543
0.983973
0.98225
0.97996
0.978496
0.976486
0.970968
0.960075
0.951595
0.949091
0.951172
0.956995
0.961592
0.963576
0.966066
0.972223
0.981029
0.988478
0.993197
0.995286
0.996157
0.996735
0.994774
0.986714
0.977934
0.974134
0.974008
0.974624
0.973571
0.972298
0.975481
0.990431
1.00438
1.0104
1.01352
1.01627
1.01777
1.01784
1.01006
0.995413
0.98618
0.983207
0.982823
0.983076
0.983818
0.991438
1.01033
1.02199
1.02558
1.02725
1.02868
1.0293
1.02658
1.01392
0.99949
0.991722
0.988963
0.988662
0.989189
0.995588
1.01507
1.02966
1.03392
1.03439
1.03446
1.03416
1.03215
1.02141
1.00477
0.99328
0.988758
0.987962
0.989957
1.00442
1.02167
1.02521
1.02366
1.02293
1.02508
1.0267
1.02374
0.998918
0.99093
1.2624
1.73893
0.967955
0.9691
0.965979
0.963905
0.959344
0.949288
0.937078
0.93018
0.929121
0.933762
0.943261
0.948696
0.950457
0.950494
0.950016
0.95515
0.965917
0.974692
0.977671
0.978435
0.978299
0.976085
0.971551
0.967881
0.966809
0.966828
0.966281
0.962461
0.955547
0.952916
0.956727
0.96999
0.984997
0.992906
0.996279
0.999406
1.0023
1.00379
0.999992
0.990407
0.981847
0.975459
0.969518
0.965274
0.964754
0.968071
0.984564
1.00421
1.0135
1.01655
1.01821
1.01976
1.02079
1.01582
1.00164
0.99025
0.984648
0.982029
0.980871
0.981118
0.987365
1.00696
1.02181
1.02702
1.02844
1.02927
1.02999
1.02842
1.01685
1.00139
0.992876
0.990098
0.989578
0.989794
0.99596
1.01579
1.02956
1.03277
1.03284
1.03265
1.03208
1.03038
1.02154
1.00612
0.994423
0.99009
0.989968
0.991528
1.00404
1.0173
1.02026
1.02023
1.02248
1.02677
1.02852
1.01555
1.00391
1.25253
1.73863
0.93449
0.947236
0.958275
0.96264
0.963726
0.963262
0.958218
0.951939
0.949656
0.951294
0.953318
0.953332
0.94918
0.938721
0.931645
0.931842
0.940325
0.958983
0.97186
0.976457
0.979913
0.985912
0.990571
0.990571
0.985245
0.977825
0.969621
0.958306
0.947937
0.943822
0.943841
0.947625
0.96337
0.983287
0.994962
1.00184
1.00871
1.01336
1.01476
1.01032
0.996096
0.979499
0.968091
0.963626
0.963065
0.963843
0.966808
0.982641
1.00389
1.01367
1.01768
1.02121
1.02409
1.02548
1.02067
1.00468
0.989715
0.982053
0.979537
0.979334
0.979866
0.98588
1.00599
1.0217
1.02713
1.02941
1.03083
1.03134
1.02931
1.01784
1.00217
0.993158
0.990233
0.990013
0.990965
0.997026
1.01482
1.02725
1.03019
1.03042
1.03059
1.03157
1.03161
1.02477
1.00812
0.994272
0.989255
0.989318
0.990335
0.999754
1.01314
1.0185
1.0214
1.02586
1.02901
1.02415
1.0194
1.25021
1.73952
0.911471
0.919463
0.93867
0.95642
0.963634
0.967375
0.972738
0.976057
0.97445
0.968901
0.962994
0.956504
0.945308
0.931213
0.923396
0.921792
0.922893
0.931414
0.952418
0.970756
0.983138
0.994781
1.00301
1.00582
1.00424
0.994193
0.975995
0.957581
0.946236
0.942048
0.94177
0.942744
0.945965
0.959895
0.984141
1.00299
1.01343
1.01796
1.01989
1.0194
1.01217
0.991656
0.972931
0.965194
0.963636
0.964078
0.965244
0.968243
0.982709
1.00525
1.01836
1.02367
1.02609
1.02714
1.02632
1.01964
1.00181
0.986719
0.980638
0.979475
0.979796
0.980943
0.987298
1.00706
1.02343
1.02878
1.03004
1.03055
1.03069
1.02951
1.01994
1.00481
0.995457
0.992005
0.991063
0.99088
0.995281
1.01158
1.02395
1.02803
1.03035
1.03286
1.03379
1.03343
1.02595
1.00723
0.992108
0.987912
0.988617
0.989319
0.997978
1.01112
1.01798
1.02284
1.02707
1.02482
1.03144
1.25354
1.74137
0.903298
0.904677
0.910682
0.931169
0.953805
0.969393
0.981637
0.99071
0.993462
0.990706
0.980139
0.96378
0.944994
0.930087
0.922701
0.921135
0.92169
0.923213
0.928728
0.949294
0.978739
0.998624
1.00721
1.01037
1.01151
1.00788
0.990991
0.964788
0.949111
0.943547
0.942628
0.943145
0.944627
0.947936
0.964528
0.997749
1.01403
1.01816
1.01956
1.01773
1.01151
1.00194
0.986572
0.973106
0.967119
0.965786
0.966094
0.967132
0.970398
0.987182
1.01229
1.02269
1.02523
1.02524
1.02308
1.02033
1.01456
1.00079
0.988301
0.982897
0.981698
0.982091
0.983044
0.988618
1.00782
1.023
1.0277
1.0292
1.03076
1.03142
1.03032
1.02161
1.00632
0.995142
0.990399
0.989663
0.989842
0.993361
1.0093
1.02375
1.02925
1.0315
1.03291
1.03327
1.03235
1.02375
1.00486
0.9917
0.988879
0.988966
0.988881
0.996715
1.00826
1.01669
1.02202
1.02271
1.03864
1.26188
1.74381
0.903008
0.903901
0.906169
0.909865
0.927437
0.959231
0.982952
0.992438
0.995615
0.997057
0.994415
0.977961
0.951849
0.934312
0.925841
0.923019
0.923074
0.92437
0.926718
0.932893
0.960777
0.995366
1.00725
1.01028
1.00937
1.00205
0.990712
0.977087
0.961119
0.950766
0.946864
0.94638
0.947467
0.951698
0.962373
0.982301
1.00382
1.0125
1.01384
1.01103
1.00775
1.00589
1.00102
0.987642
0.974153
0.968351
0.967671
0.969771
0.975238
0.982421
0.99471
1.01053
1.01754
1.01904
1.01909
1.01916
1.01921
1.0159
1.00401
0.99135
0.985152
0.983642
0.984101
0.985772
0.991176
1.00823
1.02279
1.02806
1.02952
1.02991
1.03029
1.02994
1.02299
1.00702
0.994532
0.98976
0.989059
0.989431
0.993027
1.00918
1.02353
1.02873
1.03085
1.03162
1.03146
1.02974
1.02192
1.00513
0.993492
0.990424
0.988842
0.986563
0.991686
1.00376
1.01422
1.01881
1.04293
1.27234
1.74663
0.906678
0.907359
0.909666
0.911887
0.915806
0.932564
0.969055
0.988898
0.993877
0.993705
0.988592
0.979598
0.965512
0.947936
0.935283
0.929192
0.927729
0.928613
0.932164
0.940689
0.95375
0.974647
0.993581
0.999758
0.998787
0.995369
0.992309
0.987994
0.977901
0.963573
0.954416
0.95198
0.953826
0.960475
0.966823
0.970982
0.980408
0.994074
1.00178
1.00427
1.00492
1.00494
1.00427
1.00053
0.989752
0.980107
0.977159
0.978516
0.980384
0.981302
0.981972
0.987768
1.00171
1.01221
1.01677
1.01854
1.01957
1.02027
1.01835
1.0081
0.99623
0.990033
0.988247
0.988404
0.98882
0.990785
1.00389
1.01904
1.02538
1.02788
1.02961
1.03045
1.03013
1.02355
1.00707
0.994088
0.989966
0.989659
0.990096
0.993538
1.00918
1.02294
1.02827
1.03014
1.03082
1.03087
1.02882
1.02163
1.00622
0.994624
0.989346
0.984741
0.981134
0.986521
1.00231
1.01237
1.04604
1.28285
1.7494
0.914951
0.912574
0.913476
0.915884
0.921689
0.92963
0.942825
0.966225
0.979908
0.98299
0.9822
0.980265
0.976858
0.967226
0.952622
0.941143
0.936715
0.937335
0.942311
0.948617
0.952061
0.955717
0.96515
0.978237
0.986591
0.990242
0.991537
0.991504
0.989111
0.980732
0.970599
0.965864
0.96654
0.969274
0.970698
0.970165
0.967306
0.968539
0.9794
0.992837
1.00013
1.00265
1.00354
1.0043
1.00442
1.001
0.994183
0.988327
0.984022
0.979913
0.976258
0.975216
0.979756
0.995753
1.01036
1.01655
1.01869
1.01985
1.02144
1.02233
1.01646
1.00407
0.994868
0.989635
0.986091
0.984997
0.987068
1.00035
1.01823
1.0266
1.02912
1.03
1.03032
1.03023
1.02427
1.00827
0.99599
0.99165
0.990766
0.99049
0.992947
1.00774
1.02198
1.02844
1.03063
1.03086
1.02967
1.02697
1.0207
1.0069
0.994756
0.986836
0.9798
0.976934
0.986816
1.00185
1.04393
1.29212
1.75121
0.929511
0.92161
0.922247
0.925626
0.930048
0.931991
0.933183
0.935538
0.947851
0.964366
0.974372
0.977838
0.978567
0.979199
0.974247
0.962138
0.953734
0.951286
0.952099
0.953381
0.95329
0.94993
0.946834
0.949736
0.963245
0.979178
0.987517
0.989967
0.990808
0.991752
0.991462
0.988291
0.983079
0.978265
0.973711
0.966912
0.959079
0.956021
0.957931
0.970521
0.988486
0.998442
1.00296
1.00775
1.01362
1.01631
1.01341
1.00309
0.990797
0.980339
0.973376
0.970441
0.970464
0.974809
0.991774
1.00832
1.01589
1.0206
1.02557
1.02835
1.02882
1.02201
1.00567
0.991635
0.985343
0.983796
0.983674
0.985228
0.998445
1.01759
1.02608
1.02858
1.02977
1.03064
1.03107
1.02634
1.01049
0.99721
0.992007
0.990421
0.989827
0.992043
1.0067
1.02205
1.02879
1.03026
1.02954
1.02694
1.02475
1.01996
1.00762
0.995256
0.984678
0.97672
0.975188
0.985655
1.03422
1.29881
1.75193
0.954768
0.940428
0.936402
0.934921
0.934872
0.932825
0.92663
0.923288
0.924245
0.93416
0.956617
0.97382
0.979652
0.980812
0.981456
0.98189
0.977513
0.968888
0.961977
0.95757
0.953021
0.945274
0.938615
0.936955
0.939637
0.953996
0.974361
0.986349
0.993084
1.00061
1.00625
1.00716
1.00185
0.990586
0.977869
0.965769
0.956564
0.951733
0.950843
0.952629
0.964095
0.984515
1.00065
1.01267
1.02134
1.02466
1.02549
1.02063
1.00435
0.985612
0.974075
0.969626
0.968713
0.969288
0.972534
0.988467
1.0099
1.02275
1.02872
1.03144
1.03251
1.03169
1.022
1.00239
0.988614
0.983627
0.982559
0.98275
0.984708
0.998962
1.01836
1.02714
1.03083
1.03279
1.0332
1.0325
1.02647
1.01044
0.997038
0.991631
0.989703
0.988928
0.991137
1.00654
1.02262
1.02856
1.02904
1.02737
1.02498
1.02342
1.01945
1.00939
0.996422
0.982267
0.97317
0.970563
1.01887
1.30167
1.7512
0.976805
0.967783
0.954046
0.943076
0.935784
0.929916
0.924524
0.920547
0.919479
0.920461
0.92701
0.948944
0.969433
0.979538
0.987548
0.994153
0.99583
0.991077
0.978264
0.965209
0.953829
0.944108
0.937228
0.934822
0.935158
0.937061
0.947728
0.970374
0.991511
1.00549
1.01314
1.01559
1.0155
1.00801
0.989872
0.970266
0.957532
0.951494
0.950139
0.950928
0.952688
0.962164
0.989811
1.01436
1.02381
1.02641
1.02728
1.02612
1.01814
0.998653
0.980812
0.971869
0.969033
0.968852
0.969762
0.973359
0.993133
1.01924
1.02964
1.03217
1.03296
1.03221
1.02849
1.01657
0.99814
0.986756
0.983387
0.983137
0.983806
0.986806
1.00268
1.02254
1.03109
1.03304
1.0333
1.03298
1.03121
1.02447
1.00949
0.996981
0.991423
0.989262
0.988665
0.991613
1.00763
1.02356
1.02868
1.02841
1.0253
1.02347
1.02307
1.02049
1.01166
0.995982
0.978183
0.965652
0.997597
1.29953
1.74893
0.98347
0.984344
0.977868
0.960563
0.943532
0.932191
0.925446
0.921271
0.919835
0.920331
0.921517
0.924921
0.943083
0.972042
0.990367
0.996911
0.99904
1.00009
0.997136
0.981474
0.961012
0.947098
0.939298
0.936082
0.935902
0.936946
0.938802
0.947191
0.977116
1.00468
1.01389
1.01601
1.01637
1.01329
1.0018
0.982129
0.964378
0.954428
0.951312
0.951529
0.952965
0.956898
0.973073
1.00559
1.02185
1.02539
1.02563
1.02261
1.01806
1.01053
0.994521
0.978193
0.970665
0.969394
0.970123
0.973189
0.983375
1.0067
1.0247
1.02966
1.03017
1.0283
1.02613
1.02301
1.01341
0.997721
0.988023
0.985436
0.985528
0.986854
0.991004
1.00808
1.02525
1.03119
1.03224
1.03181
1.03017
1.02797
1.02307
1.01064
0.998674
0.992469
0.989767
0.988736
0.991198
1.00746
1.02323
1.02709
1.02587
1.02414
1.02344
1.02411
1.02248
1.01233
0.991106
0.968461
0.983485
1.29174
1.74597
0.984773
0.985446
0.983806
0.976173
0.958896
0.942196
0.931204
0.924748
0.921595
0.921096
0.921998
0.924066
0.928446
0.946728
0.97928
0.995251
0.999016
0.999499
0.996323
0.989849
0.976697
0.95935
0.946825
0.940705
0.93904
0.93957
0.941439
0.945808
0.95737
0.987081
1.00674
1.01145
1.01133
1.00882
1.00563
0.996953
0.978999
0.963544
0.95714
0.9565
0.95886
0.964384
0.972398
0.986607
1.00699
1.01716
1.01925
1.01915
1.01814
1.01556
1.00663
0.989538
0.977685
0.974518
0.976333
0.982356
0.987911
0.993469
1.00685
1.01938
1.02406
1.02513
1.0253
1.02466
1.02199
1.0117
0.997458
0.990333
0.989154
0.990853
0.993439
0.997088
1.00953
1.02324
1.02849
1.0292
1.02806
1.0269
1.02626
1.02391
1.01335
1.00032
0.992406
0.989008
0.98826
0.991503
1.00815
1.0237
1.02688
1.02502
1.02315
1.02345
1.02527
1.02347
1.00869
0.978917
0.97988
1.27816
1.74323
0.97299
0.9793
0.97848
0.977844
0.974778
0.961715
0.944384
0.932011
0.926146
0.924903
0.92627
0.930335
0.935157
0.939566
0.950708
0.974768
0.98897
0.992555
0.993099
0.993275
0.990813
0.978467
0.960013
0.947576
0.9433
0.943438
0.946636
0.951747
0.956369
0.963561
0.983077
0.998551
1.00374
1.00469
1.00413
1.00178
0.994746
0.980588
0.969021
0.965231
0.966051
0.969486
0.972374
0.97507
0.983701
1.00012
1.01071
1.01422
1.01452
1.01143
1.00772
1.0026
0.993932
0.988326
0.987471
0.988522
0.98887
0.988132
0.989619
1.00058
1.01443
1.02079
1.0225
1.02187
1.01989
1.0185
1.0138
1.00571
1.00022
0.997714
0.996134
0.994666
0.994769
1.00365
1.01759
1.02445
1.02618
1.02653
1.02663
1.02665
1.02562
1.01664
1.00275
0.99326
0.989337
0.988531
0.991529
1.00802
1.02197
1.02363
1.02212
1.02172
1.02459
1.02604
1.02223
0.993832
0.984824
1.26442
1.74155
0.94231
0.965376
0.972456
0.97503
0.975333
0.973518
0.964584
0.950504
0.940164
0.935903
0.935654
0.937054
0.938316
0.939041
0.939258
0.944147
0.963906
0.982153
0.989689
0.991693
0.991831
0.990141
0.980482
0.965613
0.956784
0.954324
0.955072
0.956526
0.957173
0.95627
0.957823
0.972416
0.99044
0.998758
1.00109
1.00184
1.00174
0.997616
0.98784
0.979941
0.976334
0.975005
0.974121
0.973521
0.973309
0.976635
0.989804
1.00175
1.00637
1.00763
1.00863
1.00976
1.01032
1.00777
1.00134
0.994012
0.988769
0.98636
0.985355
0.98583
0.993626
1.00721
1.01459
1.01686
1.01811
1.02101
1.02428
1.02379
1.016
1.0055
0.997376
0.992042
0.989141
0.989249
0.99819
1.01452
1.02329
1.02514
1.0252
1.02683
1.02941
1.02953
1.0209
1.00424
0.992073
0.987549
0.987207
0.989961
1.00598
1.01905
1.02068
1.02014
1.02216
1.02587
1.02666
1.00903
0.996999
1.25522
1.74103
0.918095
0.933303
0.95506
0.968282
0.972457
0.974539
0.976966
0.974539
0.963726
0.952072
0.945026
0.941421
0.939004
0.936462
0.934305
0.933692
0.936348
0.95309
0.975523
0.986414
0.989454
0.990863
0.992615
0.989642
0.978353
0.967829
0.961998
0.958376
0.954129
0.950616
0.949739
0.951621
0.964636
0.985487
0.996982
1.0006
1.00175
1.00318
1.00464
1.00051
0.990924
0.982499
0.976837
0.971864
0.967381
0.966065
0.968741
0.981686
0.997286
1.0058
1.00995
1.01471
1.01952
1.02064
1.01625
1.0048
0.993483
0.986677
0.981868
0.978712
0.978962
0.98612
1.00132
1.0125
1.01964
1.02606
1.03038
1.03187
1.02978
1.019
1.00384
0.992673
0.987299
0.985372
0.98556
0.993362
1.01018
1.01998
1.02442
1.02869
1.03202
1.03361
1.03254
1.02146
1.00142
0.988097
0.985054
0.985932
0.98928
1.00342
1.0144
1.01717
1.01908
1.02333
1.02578
1.01791
1.01129
1.25197
1.74168
0.910834
0.91283
0.922426
0.947673
0.967572
0.976513
0.980745
0.984015
0.984447
0.976674
0.961825
0.949604
0.94192
0.93688
0.933071
0.929658
0.928434
0.93013
0.944458
0.970218
0.986611
0.994439
0.999794
1.00212
1.00022
0.988137
0.973076
0.962183
0.955281
0.951075
0.948398
0.946985
0.947854
0.958025
0.979608
0.994144
1.00232
1.00993
1.01333
1.01385
1.00787
0.99403
0.98049
0.971212
0.96573
0.962349
0.961474
0.963488
0.975486
0.994363
1.00905
1.01935
1.02492
1.02659
1.02625
1.01916
1.00353
0.988769
0.980055
0.975444
0.973308
0.973654
0.980341
0.999655
1.01852
1.02836
1.03222
1.03379
1.0339
1.03063
1.01769
1.00028
0.988759
0.983116
0.980733
0.980827
0.989291
1.01074
1.0253
1.03039
1.03314
1.03482
1.03495
1.03246
1.01839
0.996929
0.985803
0.984378
0.984774
0.986214
0.998963
1.00972
1.01472
1.01972
1.02369
1.01991
1.02408
1.25404
1.7431
0.910309
0.911003
0.912088
0.917667
0.940876
0.96745
0.981477
0.987878
0.991166
0.991928
0.985102
0.967099
0.950334
0.939837
0.932722
0.928008
0.926897
0.927748
0.929671
0.941318
0.970866
0.993464
1.00132
1.00355
1.0045
1.00343
0.992951
0.975282
0.961694
0.953571
0.94792
0.945073
0.945278
0.946783
0.955632
0.981403
1.00356
1.01194
1.01437
1.01527
1.01541
1.00973
0.993369
0.977321
0.967385
0.962053
0.960493
0.961021
0.962607
0.97509
1.00277
1.02027
1.02532
1.02682
1.02749
1.02656
1.01791
0.999582
0.983232
0.974633
0.971915
0.97202
0.973039
0.982578
1.00991
1.02724
1.03178
1.03312
1.03308
1.03212
1.02829
1.01435
0.994633
0.982394
0.979181
0.979159
0.980621
0.993498
1.0187
1.03018
1.03301
1.03409
1.03417
1.0331
1.02881
1.01343
0.992881
0.983179
0.982386
0.982583
0.98496
0.997294
1.00872
1.0166
1.02099
1.0192
1.03191
1.25928
1.74469
0.911598
0.911292
0.912247
0.913927
0.918693
0.941889
0.974343
0.988937
0.992257
0.993298
0.992483
0.985103
0.966447
0.947645
0.935635
0.930091
0.928689
0.929205
0.931016
0.934232
0.945583
0.976197
0.997402
1.00324
1.00463
1.00486
1.00231
0.991393
0.97359
0.958295
0.949515
0.946518
0.946459
0.947855
0.951122
0.961978
0.990029
1.0087
1.01345
1.01435
1.01326
1.01083
1.00565
0.991563
0.974477
0.964372
0.961488
0.961825
0.963671
0.96856
0.985991
1.0118
1.02296
1.02543
1.0258
1.02503
1.02329
1.01398
0.993043
0.977999
0.973418
0.973206
0.97552
0.981963
0.996133
1.017
1.02765
1.03032
1.03091
1.03082
1.03
1.02524
1.00746
0.988522
0.981338
0.980532
0.982786
0.988658
1.00399
1.02321
1.03031
1.03143
1.03108
1.03016
1.02871
1.02449
1.009
0.990232
0.983513
0.98279
0.982196
0.985921
0.99867
1.01028
1.0163
1.01595
1.03543
1.26655
1.74644
0.916927
0.914596
0.915981
0.918409
0.921813
0.926395
0.94511
0.973983
0.986658
0.989287
0.989434
0.988572
0.983752
0.966624
0.947952
0.937948
0.934711
0.934611
0.936127
0.938565
0.941726
0.950922
0.977048
0.996039
1.00123
1.00182
1.00092
0.998968
0.99007
0.972577
0.95879
0.953119
0.952456
0.954241
0.957347
0.960974
0.969475
0.990861
1.00606
1.01014
1.01087
1.0113
1.01095
1.0055
0.988836
0.973346
0.967309
0.967046
0.969454
0.972544
0.97648
0.990961
1.01149
1.02062
1.02278
1.02297
1.02186
1.0183
1.00699
0.990511
0.981884
0.980459
0.982416
0.984952
0.987691
0.998395
1.01667
1.02664
1.02928
1.02961
1.0279
1.02358
1.01668
1.00366
0.992256
0.988414
0.988791
0.990288
0.992665
1.00519
1.02078
1.02704
1.02854
1.02881
1.02822
1.02535
1.02007
1.00647
0.992685
0.98783
0.986319
0.985316
0.988577
0.999153
1.00837
1.00952
1.03609
1.2757
1.7485
0.930274
0.922646
0.923047
0.924398
0.926863
0.928906
0.931125
0.94181
0.966494
0.981699
0.986148
0.986886
0.985831
0.982354
0.970262
0.954451
0.944921
0.941759
0.941813
0.943341
0.945115
0.946622
0.952191
0.973089
0.991247
0.997241
0.998245
0.997062
0.995288
0.990707
0.978302
0.966519
0.961307
0.96033
0.961052
0.962104
0.963333
0.969053
0.988172
1.00372
1.00895
1.00997
1.00864
1.00683
1.00312
0.991503
0.980683
0.976359
0.975826
0.976423
0.976956
0.978205
0.98929
1.00816
1.01732
1.01967
1.01942
1.0181
1.01621
1.00902
0.998431
0.991948
0.989231
0.988006
0.987879
0.988801
0.998242
1.01564
1.02383
1.0251
1.02306
1.02109
1.02073
1.01927
1.01235
1.00267
0.99582
0.992558
0.992108
0.992853
1.00342
1.01907
1.02581
1.02704
1.026
1.02386
1.022
1.01977
1.01169
1.00084
0.994474
0.990056
0.984684
0.985116
0.995172
1.00018
1.03511
1.28663
1.75042
0.954337
0.937627
0.933118
0.931514
0.931609
0.931675
0.930339
0.930169
0.9351
0.95612
0.975756
0.983162
0.984825
0.986435
0.986952
0.980082
0.966599
0.956517
0.951603
0.949573
0.948617
0.947869
0.947647
0.949605
0.964586
0.984066
0.992611
0.995071
0.997396
0.999031
0.997781
0.988898
0.977059
0.969183
0.96521
0.963973
0.964333
0.965135
0.967354
0.981324
0.997686
1.00442
1.00632
1.00828
1.01015
1.00986
1.0022
0.991441
0.98431
0.980166
0.977354
0.976141
0.976929
0.985509
1.00292
1.01327
1.01663
1.01796
1.01991
1.02137
1.01892
1.00968
0.999371
0.992208
0.98913
0.989012
0.989972
0.996597
1.01028
1.01795
1.01992
1.02067
1.02351
1.02689
1.0279
1.02251
1.0088
0.997692
0.993558
0.993109
0.993633
1.00079
1.01342
1.01992
1.02214
1.02361
1.02504
1.026
1.0253
1.01873
1.0069
0.996297
0.987191
0.979909
0.978724
0.985566
1.03066
1.2986
1.75246
0.977316
0.963152
0.948853
0.940055
0.935748
0.932823
0.93009
0.927665
0.927078
0.930344
0.949774
0.974604
0.985695
0.988307
0.989917
0.992338
0.990588
0.978822
0.964872
0.956121
0.951332
0.948012
0.945093
0.94358
0.945255
0.959377
0.982741
0.995231
0.99885
1.0008
1.00403
1.00509
0.998278
0.984045
0.973252
0.968222
0.965649
0.962087
0.960286
0.962417
0.976717
0.996398
1.00673
1.01098
1.01497
1.01861
1.01867
1.00993
0.995432
0.984866
0.979248
0.976332
0.974455
0.974394
0.981467
0.999719
1.01324
1.01943
1.02322
1.02744
1.02922
1.02622
1.01432
1.00092
0.993293
0.989885
0.987142
0.985903
0.990843
1.00548
1.01659
1.02211
1.02657
1.0319
1.03373
1.033
1.02498
1.00958
0.999217
0.994741
0.991078
0.988752
0.993483
1.00761
1.0193
1.02691
1.03131
1.03189
1.03003
1.02695
1.02089
1.00936
0.995769
0.981896
0.970853
0.964475
1.01767
1.30875
1.7538
0.98698
0.985287
0.97345
0.956291
0.944369
0.936433
0.930481
0.926847
0.926009
0.926748
0.929066
0.944895
0.970825
0.985814
0.994181
0.99832
0.999411
0.997735
0.98633
0.970502
0.95858
0.949737
0.943906
0.942279
0.942934
0.944737
0.956447
0.979752
0.994908
1.00376
1.00877
1.01037
1.01042
1.00353
0.988204
0.974667
0.96494
0.95952
0.95778
0.958122
0.960199
0.973151
0.994797
1.00997
1.01893
1.02265
1.02367
1.02285
1.01367
0.998506
0.986369
0.977515
0.972177
0.970967
0.971909
0.978466
0.997372
1.01493
1.02583
1.03096
1.03242
1.03264
1.02915
1.017
1.00268
0.991526
0.984358
0.981848
0.98194
0.986559
1.00233
1.01808
1.0294
1.03543
1.03658
1.03625
1.0344
1.02601
1.01072
0.997407
0.988645
0.984121
0.982792
0.987957
1.00754
1.02708
1.03506
1.03477
1.03111
1.02878
1.02796
1.02384
1.0116
0.992316
0.970942
0.954425
0.994982
1.3106
1.75298
0.986258
0.986693
0.986677
0.979655
0.965284
0.951314
0.940657
0.933292
0.929415
0.928537
0.929038
0.930447
0.940863
0.968479
0.989525
0.99649
0.998511
0.99945
0.998969
0.991724
0.976659
0.961537
0.951131
0.946215
0.944974
0.945381
0.946659
0.954474
0.978314
0.999239
1.00707
1.00944
1.01061
1.01097
1.00658
0.992574
0.976296
0.965455
0.960662
0.959486
0.95997
0.961431
0.971162
0.995788
1.01433
1.02072
1.02265
1.02345
1.02299
1.01622
1.00105
0.985516
0.976139
0.972969
0.972762
0.973731
0.978229
0.997371
1.01905
1.02834
1.03105
1.03196
1.03204
1.02973
1.0194
1.00288
0.989965
0.984273
0.982767
0.982878
0.985813
1.00276
1.02413
1.03377
1.03574
1.03561
1.0352
1.03423
1.027
1.01029
0.995092
0.986884
0.983395
0.982744
0.99012
1.01563
1.03116
1.03258
1.02999
1.02828
1.02847
1.02924
1.02584
1.0106
0.983405
0.959012
0.983584
1.3057
1.7506
)
;

boundaryField
{
    back
    {
        type            empty;
    }
    outlet
    {
        type            inletOutlet;
        inletValue      uniform 1;
        value           nonuniform List<scalar> 
99
(
0.80625
0.814242
0.826979
0.84232
0.854169
0.863539
0.866644
0.865447
0.861856
0.863652
0.869363
0.879701
0.893224
0.902164
0.904773
0.904311
0.898103
0.890689
0.88478
0.883022
0.884914
0.887355
0.890021
0.898083
0.903873
0.905104
0.904469
0.906086
0.908497
0.910919
0.914214
0.918713
0.923541
0.928654
0.933636
0.936129
0.934246
0.925116
0.912167
0.906918
0.904286
0.903649
0.90483
0.910363
0.917287
0.929275
0.946204
0.954641
0.956574
0.953402
0.942306
0.921272
0.905512
0.902652
0.904556
0.913982
0.923467
0.935544
0.954201
0.972344
0.975134
0.966487
0.953368
0.932793
0.909717
0.899693
0.899626
0.902724
0.90936
0.924047
0.948035
0.972877
0.990147
0.992388
0.987099
0.965972
0.93231
0.911273
0.904062
0.903713
0.90776
0.917212
0.933232
0.958462
0.977215
0.983287
0.9837
0.968898
0.93648
0.917499
0.911515
0.911204
0.913046
0.919056
0.933917
0.959079
0.978699
0.986943
0.985669
)
;
    }
    top
    {
        type            zeroGradient;
    }
    inlet
    {
        type            fixedValue;
        value           uniform 1;
    }
    bottom
    {
        type            zeroGradient;
    }
    front
    {
        type            empty;
    }
}


// ************************************************************************* //
